Parameters
	Library type	Paired-end
	Input files	KU328820-15_A_L003_R1_028.fastq	KU328820-15_A_L003_R2_028.fastq
	Primer/Adaptor library	Paired End DNA Library
	Cut-off read length for HQ	70%
	Cut-off quality score	20
	Only statistics	On
	Number of CPUs	2


QC statistics
	File name	KU328820-15_A_L003_R1_028.fastq	KU328820-15_A_L003_R2_028.fastq
	Total number of reads	4000000	4000000
	Total number of HQ reads	3739258	3739258
	Percentage of HQ reads	93.48%	93.48%
	Total number of bases	400000000	400000000
	Total number of bases in HQ reads	373925800	373925800
	Total number of HQ bases in HQ reads	368103294	367409019
	Percentage of HQ bases in HQ reads	98.44%	98.26%
	Number of Primer/Adaptor contaminated HQ reads	3	14
	Total number of HQ filtered reads	3739242	3739242
	Percentage of HQ filtered reads	93.48%	93.48%


Detailed QC statistics
	File name	KU328820-15_A_L003_R1_028.fastq	KU328820-15_A_L003_R2_028.fastq
	Minimum read length	100	100
	Maximum read length	100	100
	Average read length	100.00	100.00
	Total number of reads	4000000	4000000
	Total number of reads with non-ATGC bases	6373	4025
	Percentage of reads with non-ATGC bases	0.16%	0.10%
	Total number of bases	400000000	400000000
	Total number of HQ bases	386413720	382652298
	Percentage of HQ bases	96.60%	95.66%
	Total number of non-ATGC bases	96246	197448
	Percentage of non-ATGC bases	0.02%	0.05%


Average quality score at each base position of input reads

KU328820-15_A_L003_R1_028.fastq
32.18	32.43	32.55	36.07	35.96	35.96	35.81	35.64	37.48	37.54	37.56	37.55	37.58	39.00	38.99	38.96	38.72	38.78	38.89	38.83	38.89	38.83	38.81	38.80	38.74	38.64	38.62	38.55	38.41	38.38	38.32	38.24	38.18	38.13	38.05	37.99	37.92	37.82	37.75	37.68	37.36	37.37	37.58	37.57	37.63	37.60	37.58	37.50	37.40	37.29	37.34	37.36	37.34	37.28	37.19	37.12	37.02	36.88	36.81	36.70	36.59	36.43	36.30	36.18	35.94	35.80	35.65	35.52	35.33	35.19	34.99	34.81	34.61	34.37	34.13	33.23	33.56	33.70	33.60	33.48	33.30	33.12	32.91	32.73	32.56	32.41	32.30	32.15	31.96	31.82	31.69	31.56	31.43	31.27	31.08	30.90	30.75	30.55	30.34	28.99	

KU328820-15_A_L003_R2_028.fastq
36.64	36.64	36.62	36.64	31.52	31.04	31.64	35.33	35.42	35.49	35.48	35.49	37.13	37.09	36.83	36.94	37.00	38.39	38.30	38.31	38.32	38.28	38.32	38.13	38.17	38.23	38.18	38.19	38.08	38.07	38.02	37.99	37.90	37.86	37.81	37.78	37.72	37.64	37.57	37.53	37.49	37.42	37.36	37.34	37.23	37.30	37.26	37.24	37.20	37.16	37.08	37.03	36.94	36.34	35.55	36.11	36.46	36.55	36.60	36.52	36.46	36.33	36.23	36.10	35.93	35.82	35.87	35.82	35.47	35.47	35.38	35.26	35.13	35.01	34.83	34.66	34.46	34.30	34.09	33.92	33.71	33.49	33.29	33.10	32.64	32.57	32.44	32.33	32.23	32.05	31.90	31.71	31.51	31.36	31.24	31.07	30.91	30.77	30.61	30.46	





Read count (%) per base for different quality score ranges

	KU328820-15_A_L003_R1_028.fastq
Ranges	0-10	11-20	21-30	31-40
Base
1	0.16	0.62	10.34	88.89
2	0.13	0.58	9.28	90.02
3	0.10	0.49	8.86	90.54
4	0.10	0.41	2.68	96.81
5	0.17	0.46	3.32	96.05
6	0.14	0.48	3.30	96.08
7	0.41	0.77	3.40	95.42
8	0.53	1.23	3.69	94.54
9	0.17	0.99	3.63	95.22
10	0.17	0.76	3.49	95.58
11	0.17	0.72	3.48	95.63
12	0.18	0.68	3.56	95.58
13	0.18	0.63	3.50	95.70
14	0.37	1.15	5.57	92.91
15	0.38	1.08	5.61	92.92
16	0.43	1.08	5.67	92.83
17	0.70	1.60	5.97	91.73
18	0.44	1.43	6.05	92.08
19	0.46	1.22	5.88	92.44
20	0.54	1.28	6.09	92.09
21	0.48	1.15	5.76	92.61
22	0.56	1.19	5.94	92.32
23	0.57	1.17	5.96	92.30
24	0.63	1.18	6.19	92.00
25	0.69	1.18	6.31	91.82
26	0.99	1.29	6.28	91.44
27	1.02	1.27	6.28	91.43
28	1.14	1.29	6.44	91.13
29	1.30	1.36	6.83	90.51
30	1.29	1.33	6.89	90.48
31	1.38	1.32	7.01	90.28
32	1.45	1.33	7.23	89.99
33	1.50	1.35	7.34	89.81
34	1.54	1.32	7.46	89.68
35	1.63	1.38	7.63	89.36
36	1.66	1.36	7.73	89.25
37	1.71	1.39	7.81	89.09
38	1.79	1.41	7.96	88.84
39	1.84	1.44	7.98	88.74
40	1.91	1.44	8.00	88.65
41	2.57	1.85	8.24	87.34
42	2.03	1.95	8.52	87.50
43	2.07	1.61	8.56	87.76
44	2.22	1.63	8.45	87.71
45	2.20	1.58	8.24	87.99
46	2.29	1.57	8.24	87.90
47	2.33	1.54	8.23	87.90
48	2.43	1.57	8.31	87.69
49	2.55	1.62	8.44	87.40
50	2.63	1.66	8.56	87.15
51	2.58	1.62	8.53	87.27
52	2.65	1.58	8.33	87.44
53	2.73	1.57	8.28	87.42
54	2.79	1.56	8.26	87.39
55	2.89	1.59	8.37	87.15
56	2.93	1.57	8.32	87.18
57	3.00	1.60	8.38	87.03
58	3.08	1.63	8.54	86.75
59	3.11	1.57	8.52	86.80
60	3.17	1.57	8.53	86.73
61	3.21	1.57	8.53	86.69
62	3.29	1.62	8.72	86.37
63	3.33	1.63	8.77	86.27
64	3.34	1.58	8.78	86.30
65	3.50	1.68	9.08	85.74
66	3.51	1.67	9.11	85.70
67	3.54	1.67	9.19	85.61
68	3.56	1.63	9.15	85.66
69	3.61	1.65	9.25	85.49
70	3.64	1.62	9.18	85.56
71	3.73	1.65	9.30	85.32
72	3.77	1.65	9.39	85.20
73	3.83	1.65	9.48	85.03
74	3.95	1.70	9.72	84.63
75	4.08	1.75	9.87	84.29
76	3.84	1.86	12.75	81.55
77	3.92	1.65	10.54	83.89
78	3.97	1.55	9.67	84.81
79	4.10	1.57	9.38	84.95
80	4.17	1.55	9.21	85.07
81	4.28	1.58	9.27	84.87
82	4.38	1.62	9.28	84.72
83	4.53	1.70	9.50	84.27
84	4.67	1.74	9.65	83.94
85	4.80	1.79	9.76	83.66
86	4.95	1.81	9.80	83.44
87	5.08	1.77	9.68	83.46
88	5.27	1.81	9.79	83.13
89	5.53	1.90	10.04	82.54
90	5.73	1.90	10.09	82.28
91	5.97	1.91	10.17	81.95
92	6.24	1.89	10.16	81.71
93	6.54	1.86	10.10	81.51
94	6.92	1.86	10.15	81.08
95	7.36	1.86	10.31	80.47
96	7.83	1.82	10.37	79.98
97	8.33	1.65	10.22	79.80
98	8.91	1.54	10.14	79.40
99	9.60	1.46	9.99	78.96
100	10.62	3.09	16.36	69.94


	KU328820-15_A_L003_R2_028.fastq
Ranges	0-10	11-20	21-30	31-40
Base
1	0.84	0.31	0.18	98.67
2	0.89	0.29	0.17	98.65
3	0.58	0.63	0.25	98.54
4	0.58	0.59	0.22	98.61
5	1.16	1.38	14.06	83.40
6	3.82	2.24	11.57	82.37
7	1.09	2.38	12.85	83.68
8	1.06	1.20	4.41	93.33
9	1.05	1.04	4.27	93.64
10	0.93	1.09	4.13	93.85
11	0.97	1.06	4.19	93.79
12	0.99	1.00	4.12	93.89
13	1.03	0.97	4.12	93.88
14	1.08	0.98	4.23	93.71
15	1.44	1.43	4.34	92.79
16	1.11	1.30	4.44	93.15
17	1.12	1.14	4.22	93.52
18	2.21	2.14	6.59	89.06
19	2.36	2.23	6.89	88.51
20	2.34	2.14	6.82	88.70
21	2.33	2.10	6.75	88.83
22	2.38	2.07	6.88	88.67
23	2.48	2.05	7.04	88.44
24	3.04	2.48	7.13	87.36
25	2.54	2.40	7.28	87.78
26	2.55	1.99	7.03	88.43
27	2.63	1.96	7.12	88.28
28	2.76	1.97	7.37	87.90
29	2.88	2.02	7.65	87.45
30	2.89	1.93	7.58	87.60
31	2.95	1.89	7.67	87.48
32	3.00	1.82	7.76	87.41
33	3.10	1.82	7.95	87.12
34	3.15	1.78	8.09	86.98
35	3.18	1.76	8.20	86.86
36	3.19	1.75	8.36	86.69
37	3.25	1.73	8.53	86.49
38	3.34	1.76	8.72	86.18
39	3.40	1.76	8.82	86.03
40	3.44	1.74	8.85	85.97
41	3.47	1.75	8.90	85.88
42	3.54	1.76	8.95	85.76
43	3.57	1.77	8.95	85.71
44	3.57	1.75	8.86	85.82
45	3.65	1.81	8.98	85.56
46	3.73	1.84	9.27	85.16
47	3.81	1.85	9.24	85.09
48	3.87	1.84	9.20	85.10
49	3.98	1.85	9.22	84.95
50	4.01	1.86	9.18	84.95
51	4.13	1.89	9.24	84.74
52	4.14	1.89	9.24	84.73
53	4.22	1.93	9.29	84.56
54	5.99	2.56	9.64	81.82
55	3.18	2.27	10.01	84.54
56	3.39	1.70	8.63	86.29
57	3.90	1.79	8.71	85.60
58	4.27	1.91	9.04	84.77
59	4.40	1.91	9.17	84.53
60	4.54	1.95	9.27	84.24
61	4.57	1.94	9.29	84.20
62	4.66	1.97	9.44	83.93
63	4.70	1.94	9.48	83.87
64	4.76	1.99	9.54	83.71
65	4.82	2.02	9.72	83.43
66	4.80	2.00	9.73	83.47
67	4.72	1.92	9.59	83.78
68	4.75	1.85	9.33	84.07
69	5.50	2.10	9.45	82.95
70	4.84	2.23	9.61	83.32
71	4.87	1.90	9.64	83.58
72	4.88	1.83	9.38	83.91
73	4.87	1.78	9.26	84.09
74	4.84	1.72	9.16	84.28
75	4.87	1.71	9.18	84.24
76	4.87	1.68	9.17	84.28
77	4.89	1.69	9.20	84.22
78	4.89	1.66	9.12	84.33
79	4.92	1.68	9.19	84.21
80	4.94	1.66	9.15	84.25
81	5.02	1.66	9.20	84.12
82	5.10	1.70	9.29	83.91
83	5.18	1.72	9.36	83.74
84	5.28	1.73	9.38	83.61
85	6.05	2.07	9.56	82.33
86	5.58	2.25	9.81	82.37
87	5.68	1.97	10.00	82.34
88	5.81	1.87	9.77	82.56
89	5.92	1.79	9.53	82.75
90	6.17	1.82	9.57	82.44
91	6.39	1.82	9.54	82.25
92	6.68	1.87	9.67	81.78
93	6.99	1.92	9.84	81.26
94	7.29	1.89	9.87	80.95
95	7.61	1.80	9.68	80.92
96	8.02	1.75	9.67	80.57
97	8.44	1.65	9.58	80.33
98	8.86	1.54	9.47	80.14
99	9.26	1.46	9.50	79.79
100	9.61	1.60	9.36	79.43




