Parameters
	Library type	Paired-end
	Input files	KU328820-15_A_L003_R1_029.fastq	KU328820-15_A_L003_R2_029.fastq
	Primer/Adaptor library	Paired End DNA Library
	Cut-off read length for HQ	70%
	Cut-off quality score	20
	Only statistics	On
	Number of CPUs	2


QC statistics
	File name	KU328820-15_A_L003_R1_029.fastq	KU328820-15_A_L003_R2_029.fastq
	Total number of reads	4000000	4000000
	Total number of HQ reads	3703978	3703978
	Percentage of HQ reads	92.60%	92.60%
	Total number of bases	400000000	400000000
	Total number of bases in HQ reads	370397800	370397800
	Total number of HQ bases in HQ reads	363954338	362448575
	Percentage of HQ bases in HQ reads	98.26%	97.85%
	Number of Primer/Adaptor contaminated HQ reads	4	10
	Total number of HQ filtered reads	3703964	3703964
	Percentage of HQ filtered reads	92.60%	92.60%


Detailed QC statistics
	File name	KU328820-15_A_L003_R1_029.fastq	KU328820-15_A_L003_R2_029.fastq
	Minimum read length	100	100
	Maximum read length	100	100
	Average read length	100.00	100.00
	Total number of reads	4000000	4000000
	Total number of reads with non-ATGC bases	5928	3512
	Percentage of reads with non-ATGC bases	0.15%	0.09%
	Total number of bases	400000000	400000000
	Total number of HQ bases	384720110	379417687
	Percentage of HQ bases	96.18%	94.85%
	Total number of non-ATGC bases	81212	164750
	Percentage of non-ATGC bases	0.02%	0.04%


Average quality score at each base position of input reads

KU328820-15_A_L003_R1_029.fastq
32.04	32.32	32.39	35.94	35.79	35.83	35.82	35.75	37.44	37.44	37.42	37.38	37.37	38.74	38.73	38.71	38.66	38.63	38.70	38.66	38.62	38.53	38.48	38.51	38.44	38.36	38.00	38.07	38.07	38.04	38.01	37.93	37.87	37.77	37.73	37.65	37.57	37.50	37.37	37.33	37.22	37.14	37.31	37.32	37.31	37.26	37.23	37.15	37.02	36.98	37.01	37.06	37.01	36.93	36.80	36.76	36.70	36.57	36.48	36.37	36.22	36.08	35.92	35.79	35.60	35.47	35.35	35.18	34.94	34.79	34.58	34.40	34.19	34.01	33.73	32.80	33.16	33.28	33.20	33.01	32.88	32.38	32.33	32.24	32.13	31.98	31.78	31.67	31.48	31.36	31.20	31.08	30.93	30.78	30.57	30.36	30.17	29.94	29.70	28.27	

KU328820-15_A_L003_R2_029.fastq
36.64	36.63	36.62	36.64	31.08	29.54	30.98	34.90	35.05	34.73	34.92	35.06	36.71	36.59	36.59	36.61	36.37	37.84	37.90	37.92	37.57	37.66	37.83	37.83	37.75	37.79	37.71	37.76	37.63	37.65	37.62	37.57	37.48	37.41	37.37	37.35	37.25	37.24	37.09	37.03	36.97	36.95	36.88	36.77	36.70	36.79	36.67	36.66	36.72	36.67	36.58	36.48	36.41	36.36	35.38	35.75	36.04	36.09	36.14	36.06	35.60	35.62	35.64	35.52	35.44	35.27	35.04	35.08	35.13	34.98	34.51	34.55	34.52	34.40	34.22	34.10	33.94	33.69	33.54	33.31	33.14	32.96	32.79	32.59	32.39	32.23	32.01	31.86	31.69	31.54	31.34	30.96	30.87	30.72	30.64	30.53	30.37	30.15	30.04	29.87	





Read count (%) per base for different quality score ranges

	KU328820-15_A_L003_R1_029.fastq
Ranges	0-10	11-20	21-30	31-40
Base
1	0.19	0.42	11.79	87.60
2	0.13	0.40	10.47	89.00
3	0.13	0.37	10.36	89.15
4	0.13	0.35	3.23	96.28
5	0.22	0.51	4.04	95.22
6	0.16	0.51	3.77	95.55
7	0.17	0.55	3.85	95.43
8	0.20	0.61	4.09	95.10
9	0.18	0.58	3.98	95.26
10	0.19	0.57	3.97	95.27
11	0.20	0.59	4.07	95.15
12	0.21	0.62	4.19	94.97
13	0.22	0.63	4.23	94.92
14	0.41	1.13	6.05	92.41
15	0.41	1.14	6.09	92.36
16	0.44	1.15	6.07	92.34
17	0.46	1.21	6.25	92.09
18	0.48	1.21	6.24	92.08
19	0.49	1.21	6.30	91.99
20	0.51	1.22	6.34	91.93
21	0.55	1.24	6.45	91.76
22	0.62	1.31	6.67	91.40
23	0.65	1.32	6.73	91.30
24	0.67	1.27	6.72	91.34
25	0.75	1.31	6.89	91.05
26	1.05	1.38	6.82	90.75
27	2.02	2.00	7.15	88.83
28	1.23	2.09	7.47	89.20
29	1.34	1.61	7.47	89.59
30	1.37	1.54	7.47	89.62
31	1.42	1.50	7.52	89.55
32	1.54	1.50	7.82	89.14
33	1.59	1.49	8.01	88.91
34	1.67	1.51	8.25	88.57
35	1.69	1.50	8.35	88.46
36	1.76	1.51	8.46	88.27
37	1.82	1.52	8.60	88.05
38	1.90	1.56	8.67	87.88
39	2.02	1.62	8.84	87.52
40	2.02	1.61	8.82	87.55
41	2.15	1.66	8.96	87.23
42	2.19	1.65	9.01	87.14
43	2.20	1.66	9.10	87.04
44	2.30	1.68	9.07	86.95
45	2.35	1.68	9.02	86.94
46	2.42	1.70	9.03	86.84
47	2.47	1.68	9.01	86.84
48	2.57	1.71	9.11	86.61
49	2.73	1.80	9.34	86.13
50	2.72	1.78	9.28	86.22
51	2.72	1.77	9.29	86.21
52	2.76	1.70	9.04	86.50
53	2.88	1.72	9.01	86.39
54	2.95	1.73	9.08	86.23
55	3.11	1.79	9.27	85.83
56	3.07	1.76	9.18	85.98
57	3.12	1.74	9.13	86.01
58	3.22	1.77	9.25	85.76
59	3.28	1.71	9.29	85.72
60	3.34	1.72	9.31	85.62
61	3.42	1.77	9.48	85.34
62	3.51	1.80	9.55	85.15
63	3.58	1.83	9.69	84.90
64	3.59	1.81	9.78	84.82
65	3.72	1.85	9.94	84.49
66	3.74	1.83	9.99	84.44
67	3.75	1.79	9.97	84.49
68	3.84	1.80	10.08	84.27
69	3.95	1.88	10.38	83.79
70	3.97	1.85	10.40	83.78
71	4.06	1.87	10.57	83.50
72	4.14	1.88	10.64	83.35
73	4.21	1.90	10.80	83.09
74	4.26	1.90	10.86	82.98
75	4.46	1.98	11.13	82.43
76	4.26	2.15	14.38	79.22
77	4.30	1.89	11.97	81.84
78	4.41	1.80	11.05	82.74
79	4.54	1.81	10.75	82.90
80	4.72	1.89	10.74	82.64
81	4.78	1.86	10.68	82.68
82	5.41	2.30	11.48	80.80
83	5.13	2.44	11.40	81.03
84	5.22	2.18	11.43	81.16
85	5.36	2.07	11.23	81.35
86	5.57	2.08	11.19	81.16
87	5.83	2.17	11.33	80.67
88	5.99	2.15	11.30	80.57
89	6.28	2.23	11.52	79.98
90	6.50	2.21	11.45	79.84
91	6.79	2.21	11.58	79.42
92	7.09	2.17	11.47	79.27
93	7.45	2.17	11.44	78.95
94	7.85	2.09	11.37	78.69
95	8.38	2.10	11.50	78.03
96	8.95	2.02	11.52	77.50
97	9.57	1.87	11.35	77.21
98	10.27	1.76	11.29	76.68
99	11.07	1.65	11.05	76.24
100	12.25	3.47	17.58	66.70


	KU328820-15_A_L003_R2_029.fastq
Ranges	0-10	11-20	21-30	31-40
Base
1	0.83	0.30	0.18	98.69
2	0.94	0.26	0.16	98.64
3	0.58	0.63	0.24	98.55
4	0.56	0.60	0.21	98.62
5	1.43	1.84	17.59	79.13
6	7.43	3.79	15.77	73.01
7	1.34	3.00	18.77	76.90
8	1.29	1.55	5.46	91.70
9	1.28	1.35	5.21	92.15
10	1.85	2.33	5.46	90.36
11	1.19	2.23	5.58	91.00
12	1.21	1.54	5.32	91.92
13	1.21	1.37	5.12	92.30
14	1.49	1.61	5.14	91.76
15	1.31	1.55	5.41	91.73
16	1.36	1.40	5.35	91.89
17	1.80	1.81	5.45	90.94
18	2.30	2.82	7.64	87.24
19	2.36	2.35	7.43	87.86
20	2.39	2.29	7.38	87.95
21	3.20	3.38	7.64	85.78
22	2.52	3.09	8.01	86.38
23	2.56	2.54	7.75	87.15
24	2.63	2.44	7.70	87.23
25	2.73	2.42	7.89	86.96
26	2.69	2.29	7.78	87.24
27	2.81	2.28	8.00	86.92
28	2.88	2.22	8.15	86.75
29	3.04	2.27	8.44	86.25
30	2.98	2.14	8.32	86.57
31	3.06	2.08	8.36	86.50
32	3.12	2.03	8.50	86.35
33	3.24	2.05	8.74	85.97
34	3.31	2.03	8.94	85.72
35	3.32	1.97	9.09	85.62
36	3.34	1.94	9.16	85.57
37	3.43	1.96	9.46	85.15
38	3.41	1.93	9.46	85.20
39	3.63	2.00	9.80	84.57
40	3.67	2.05	9.90	84.38
41	3.70	2.04	10.04	84.22
42	3.72	1.99	9.94	84.34
43	3.81	2.02	9.99	84.18
44	3.93	2.09	10.08	83.90
45	3.93	2.11	10.19	83.77
46	3.97	2.11	10.33	83.58
47	4.33	2.30	10.42	82.95
48	4.15	2.31	10.50	83.04
49	4.14	2.13	10.24	83.49
50	4.24	2.11	10.17	83.48
51	4.40	2.15	10.23	83.21
52	4.46	2.20	10.37	82.97
53	4.55	2.22	10.41	82.82
54	4.56	2.20	10.38	82.86
55	3.50	1.89	10.29	84.32
56	3.78	1.84	9.32	85.05
57	4.22	1.98	9.65	84.15
58	4.60	2.11	10.08	83.21
59	4.70	2.08	10.15	83.07
60	4.85	2.11	10.22	82.82
61	5.95	2.63	10.57	80.86
62	5.07	2.78	11.09	81.06
63	5.09	2.33	10.89	81.69
64	5.20	2.33	10.79	81.68
65	5.18	2.28	10.75	81.78
66	5.30	2.31	10.91	81.47
67	5.84	2.55	10.95	80.67
68	5.30	2.75	10.90	81.06
69	5.29	2.18	10.83	81.69
70	5.40	2.14	10.67	81.80
71	6.44	2.61	10.62	80.33
72	5.45	2.83	10.90	80.82
73	5.44	2.28	10.90	81.39
74	5.46	2.16	10.65	81.73
75	5.52	2.12	10.67	81.70
76	5.49	2.03	10.58	81.89
77	5.53	1.96	10.55	81.96
78	5.66	2.04	10.74	81.56
79	5.64	2.01	10.67	81.68
80	5.73	2.03	10.79	81.44
81	5.76	2.01	10.76	81.46
82	5.84	1.99	10.79	81.38
83	5.89	1.99	10.68	81.44
84	6.03	2.02	10.78	81.17
85	6.15	2.05	10.87	80.93
86	6.26	2.02	10.79	80.93
87	6.49	2.08	10.95	80.48
88	6.63	2.08	10.90	80.39
89	6.86	2.10	10.91	80.12
90	7.07	2.10	10.85	79.97
91	7.37	2.14	10.95	79.54
92	8.32	2.32	10.91	78.44
93	8.09	2.55	11.22	78.14
94	8.43	2.32	11.53	77.72
95	8.73	2.11	11.09	78.07
96	9.13	1.95	10.79	78.13
97	9.63	1.81	10.54	78.02
98	10.16	1.81	10.72	77.32
99	10.56	1.61	10.52	77.30
100	10.94	1.79	10.38	76.89




