Parameters
	Library type	Paired-end
	Input files	KU328820-15_A_L003_R1_015.fastq	KU328820-15_A_L003_R2_015.fastq
	Primer/Adaptor library	Paired End DNA Library
	Cut-off read length for HQ	70%
	Cut-off quality score	20
	Only statistics	On
	Number of CPUs	2


QC statistics
	File name	KU328820-15_A_L003_R1_015.fastq	KU328820-15_A_L003_R2_015.fastq
	Total number of reads	4000000	4000000
	Total number of HQ reads	3705290	3705290
	Percentage of HQ reads	92.63%	92.63%
	Total number of bases	400000000	400000000
	Total number of bases in HQ reads	370529000	370529000
	Total number of HQ bases in HQ reads	364136326	363281412
	Percentage of HQ bases in HQ reads	98.27%	98.04%
	Number of Primer/Adaptor contaminated HQ reads	6	11
	Total number of HQ filtered reads	3705273	3705273
	Percentage of HQ filtered reads	92.63%	92.63%


Detailed QC statistics
	File name	KU328820-15_A_L003_R1_015.fastq	KU328820-15_A_L003_R2_015.fastq
	Minimum read length	100	100
	Maximum read length	100	100
	Average read length	100.00	100.00
	Total number of reads	4000000	4000000
	Total number of reads with non-ATGC bases	31841	33908
	Percentage of reads with non-ATGC bases	0.80%	0.85%
	Total number of bases	400000000	400000000
	Total number of HQ bases	385126691	380530310
	Percentage of HQ bases	96.28%	95.13%
	Total number of non-ATGC bases	779893	209024
	Percentage of non-ATGC bases	0.19%	0.05%


Average quality score at each base position of input reads

KU328820-15_A_L003_R1_015.fastq
32.16	32.42	32.47	36.03	35.92	35.89	35.88	35.86	37.50	37.53	37.50	37.42	37.45	38.76	38.85	38.74	38.69	38.65	38.73	38.70	38.67	38.68	38.65	38.61	38.54	38.47	38.37	38.28	38.22	38.18	38.13	38.02	37.86	37.88	37.74	37.67	37.60	37.55	37.35	37.36	37.21	37.15	37.51	37.47	37.51	37.50	37.40	37.29	37.18	37.15	37.15	37.17	37.08	37.10	36.99	36.87	36.78	36.75	36.59	36.43	36.22	36.15	35.94	35.86	35.68	35.54	35.28	35.11	34.81	34.46	34.35	34.22	33.92	33.40	33.47	32.33	32.84	33.03	33.01	32.86	32.69	32.53	32.42	32.21	31.98	31.86	31.68	31.52	31.43	31.28	31.13	31.02	30.87	30.57	30.40	30.13	29.96	29.71	29.46	27.90	

KU328820-15_A_L003_R2_015.fastq
36.35	36.35	36.31	36.35	31.58	31.75	31.79	35.22	35.09	35.14	35.13	35.20	36.78	36.80	36.72	36.75	36.73	38.04	38.01	37.92	37.89	37.84	37.93	37.92	37.77	37.75	37.67	37.70	37.61	37.59	37.51	37.49	37.44	37.42	37.32	37.16	37.22	37.16	37.09	36.96	37.02	36.84	36.88	36.76	36.64	36.80	36.61	36.62	36.53	36.62	36.56	36.56	36.47	36.34	35.28	35.71	36.07	36.17	36.14	36.08	36.02	35.95	35.72	35.73	35.57	35.46	35.29	35.03	34.99	34.92	34.80	34.64	34.46	34.39	34.20	34.11	33.79	33.64	33.47	33.34	33.10	32.95	32.76	32.61	32.39	32.18	32.03	31.81	31.63	31.54	31.35	31.24	30.85	30.71	30.55	30.35	30.17	30.07	29.83	29.66	





Read count (%) per base for different quality score ranges

	KU328820-15_A_L003_R1_015.fastq
Ranges	0-10	11-20	21-30	31-40
Base
1	0.19	0.37	10.61	88.84
2	0.11	0.38	9.71	89.80
3	0.12	0.35	9.72	89.81
4	0.10	0.30	2.89	96.72
5	0.16	0.39	3.55	95.89
6	0.14	0.49	3.67	95.70
7	0.15	0.49	3.68	95.68
8	0.15	0.51	3.74	95.60
9	0.17	0.54	3.89	95.40
10	0.16	0.51	3.73	95.60
11	0.17	0.53	3.87	95.43
12	0.20	0.58	4.11	95.11
13	0.19	0.56	3.98	95.27
14	0.40	1.13	6.10	92.37
15	0.35	1.01	5.69	92.95
16	0.41	1.12	6.14	92.32
17	0.45	1.17	6.22	92.16
18	0.52	1.17	6.21	92.10
19	0.47	1.20	6.14	92.19
20	0.48	1.17	6.24	92.11
21	0.50	1.16	6.28	92.06
22	0.50	1.11	6.15	92.24
23	0.53	1.11	6.20	92.16
24	0.58	1.15	6.37	91.90
25	0.64	1.18	6.56	91.62
26	0.86	1.24	6.48	91.42
27	0.99	1.32	6.72	90.97
28	1.08	1.37	6.91	90.65
29	1.15	1.36	7.03	90.47
30	1.16	1.34	7.13	90.37
31	1.22	1.30	7.25	90.24
32	1.29	1.37	7.57	89.78
33	1.42	1.44	8.01	89.13
34	1.37	1.36	7.88	89.39
35	1.48	1.45	8.23	88.83
36	1.52	1.47	8.38	88.62
37	1.55	1.49	8.43	88.53
38	1.58	1.47	8.44	88.52
39	1.78	1.62	8.80	87.80
40	1.68	1.54	8.67	88.11
41	1.83	1.61	8.85	87.71
42	1.82	1.62	8.89	87.67
43	1.67	1.47	8.56	88.30
44	1.84	1.54	8.76	87.86
45	1.85	1.54	8.61	88.00
46	1.89	1.54	8.55	88.02
47	1.99	1.58	8.76	87.67
48	2.08	1.64	8.89	87.39
49	2.18	1.70	9.05	87.07
50	2.17	1.67	8.99	87.17
51	2.17	1.68	9.01	87.15
52	2.21	1.63	8.80	87.35
53	2.33	1.66	8.94	87.07
54	2.31	1.59	8.68	87.41
55	2.43	1.65	8.84	87.08
56	2.49	1.68	8.99	86.84
57	2.55	1.67	8.97	86.82
58	2.56	1.62	8.84	86.98
59	2.69	1.66	9.04	86.61
60	2.77	1.70	9.27	86.26
61	2.90	1.78	9.53	85.79
62	2.89	1.72	9.46	85.92
63	3.04	1.81	9.75	85.40
64	3.04	1.76	9.71	85.49
65	3.14	1.80	9.87	85.19
66	3.19	1.78	9.94	85.09
67	3.35	1.86	10.29	84.50
68	3.44	1.84	10.36	84.36
69	3.70	1.95	10.74	83.62
70	4.20	2.00	11.00	82.80
71	4.22	1.91	10.90	82.97
72	4.28	1.87	10.81	83.04
73	4.43	2.00	11.26	82.31
74	4.63	2.30	12.63	80.44
75	4.59	2.00	11.74	81.68
76	4.43	2.34	16.15	77.08
77	4.43	1.97	12.87	80.73
78	4.59	1.90	11.61	81.90
79	4.70	1.88	11.22	82.20
80	4.85	1.93	11.15	82.07
81	4.96	1.97	11.19	81.88
82	5.07	1.98	11.21	81.73
83	5.15	1.92	11.04	81.88
84	5.38	2.01	11.20	81.41
85	5.58	2.17	11.61	80.65
86	5.69	2.13	11.56	80.62
87	5.91	2.21	11.78	80.10
88	6.13	2.24	11.86	79.77
89	6.29	2.18	11.71	79.83
90	6.57	2.20	11.68	79.55
91	6.85	2.23	11.77	79.15
92	7.16	2.16	11.63	79.05
93	7.54	2.11	11.54	78.81
94	8.11	2.27	12.05	77.56
95	8.61	2.19	12.02	77.19
96	9.29	2.20	12.20	76.31
97	9.88	1.98	12.04	76.10
98	10.64	1.85	11.97	75.54
99	11.49	1.71	11.64	75.16
100	12.76	3.79	19.05	64.40


	KU328820-15_A_L003_R2_015.fastq
Ranges	0-10	11-20	21-30	31-40
Base
1	1.60	0.29	0.19	97.93
2	1.61	0.32	0.22	97.85
3	1.36	0.61	0.39	97.64
4	1.36	0.60	0.19	97.85
5	1.25	1.04	13.80	83.91
6	1.21	1.10	12.61	85.08
7	1.22	1.11	12.53	85.14
8	1.26	1.11	5.26	92.37
9	1.43	1.22	5.68	91.67
10	1.17	1.44	5.35	92.04
11	1.16	1.42	5.41	92.01
12	1.10	1.33	5.14	92.44
13	1.10	1.29	5.16	92.45
14	1.09	1.25	5.10	92.55
15	1.17	1.30	5.30	92.23
16	1.14	1.27	5.19	92.40
17	1.17	1.27	5.25	92.30
18	2.08	2.18	7.32	88.42
19	2.11	2.19	7.39	88.30
20	2.21	2.26	7.57	87.96
21	2.23	2.27	7.53	87.98
22	2.35	2.25	7.59	87.81
23	2.40	2.25	7.59	87.76
24	2.38	2.23	7.65	87.74
25	2.55	2.34	7.98	87.13
26	2.54	2.30	7.91	87.25
27	2.65	2.28	8.00	87.06
28	2.73	2.26	8.17	86.84
29	2.85	2.28	8.41	86.46
30	2.85	2.25	8.41	86.50
31	2.92	2.21	8.53	86.34
32	2.95	2.10	8.61	86.34
33	3.03	2.06	8.68	86.23
34	3.04	2.03	8.77	86.16
35	3.12	2.04	9.07	85.77
36	3.28	2.10	9.55	85.06
37	3.17	2.00	9.41	85.42
38	3.23	2.03	9.59	85.14
39	3.28	2.02	9.73	84.97
40	3.41	2.11	10.04	84.44
41	3.31	2.00	9.87	84.82
42	3.52	2.09	10.15	84.24
43	3.41	2.01	9.96	84.62
44	3.54	2.07	10.08	84.31
45	3.67	2.11	10.22	84.01
46	3.62	2.09	10.29	84.00
47	3.89	2.23	10.64	83.23
48	3.88	2.20	10.57	83.35
49	4.05	2.28	10.63	83.05
50	3.92	2.16	10.31	83.61
51	4.08	2.13	10.25	83.54
52	4.07	2.13	10.14	83.66
53	4.17	2.19	10.28	83.36
54	4.28	2.23	10.41	83.07
55	3.38	1.97	10.62	84.03
56	3.46	1.88	9.39	85.27
57	3.84	1.95	9.52	84.69
58	4.23	2.08	9.98	83.71
59	4.45	2.15	10.28	83.13
60	4.55	2.17	10.33	82.95
61	4.61	2.16	10.33	82.90
62	4.65	2.14	10.31	82.90
63	4.85	2.25	10.69	82.21
64	4.74	2.13	10.47	82.67
65	4.86	2.16	10.63	82.34
66	4.88	2.16	10.65	82.31
67	4.95	2.25	10.92	81.89
68	5.16	2.34	11.25	81.25
69	5.16	2.28	11.05	81.51
70	5.17	2.21	10.93	81.69
71	5.25	2.16	10.84	81.75
72	5.34	2.15	10.80	81.70
73	5.41	2.20	10.94	81.45
74	5.26	2.12	10.81	81.80
75	5.32	2.11	10.87	81.70
76	5.29	2.01	10.67	82.04
77	5.47	2.15	11.09	81.28
78	5.46	2.09	11.08	81.36
79	5.50	2.07	11.08	81.36
80	5.51	2.01	10.90	81.58
81	5.64	2.08	11.07	81.20
82	5.68	2.02	10.95	81.35
83	5.77	2.03	11.00	81.21
84	5.85	2.00	10.89	81.26
85	6.03	2.06	10.98	80.93
86	6.20	2.12	11.17	80.52
87	6.32	2.10	11.09	80.48
88	6.57	2.17	11.28	79.98
89	6.78	2.20	11.34	79.67
90	6.92	2.09	11.09	79.90
91	7.23	2.12	11.13	79.53
92	7.50	2.02	10.90	79.58
93	8.12	2.31	11.57	78.01
94	8.41	2.23	11.58	77.79
95	8.83	2.15	11.44	77.59
96	9.35	2.12	11.39	77.15
97	9.88	2.01	11.29	76.82
98	10.33	1.72	10.82	77.12
99	10.88	1.77	11.12	76.23
100	11.31	1.90	10.86	75.93




