Parameters
	Library type	Paired-end
	Input files	KU328820-15_A_L003_R1_014.fastq	KU328820-15_A_L003_R2_014.fastq
	Primer/Adaptor library	Paired End DNA Library
	Cut-off read length for HQ	70%
	Cut-off quality score	20
	Only statistics	On
	Number of CPUs	2


QC statistics
	File name	KU328820-15_A_L003_R1_014.fastq	KU328820-15_A_L003_R2_014.fastq
	Total number of reads	4000000	4000000
	Total number of HQ reads	3729695	3729695
	Percentage of HQ reads	93.24%	93.24%
	Total number of bases	400000000	400000000
	Total number of bases in HQ reads	372969500	372969500
	Total number of HQ bases in HQ reads	366856902	366676326
	Percentage of HQ bases in HQ reads	98.36%	98.31%
	Number of Primer/Adaptor contaminated HQ reads	9	10
	Total number of HQ filtered reads	3729676	3729676
	Percentage of HQ filtered reads	93.24%	93.24%


Detailed QC statistics
	File name	KU328820-15_A_L003_R1_014.fastq	KU328820-15_A_L003_R2_014.fastq
	Minimum read length	100	100
	Maximum read length	100	100
	Average read length	100.00	100.00
	Total number of reads	4000000	4000000
	Total number of reads with non-ATGC bases	32033	33282
	Percentage of reads with non-ATGC bases	0.80%	0.83%
	Total number of bases	400000000	400000000
	Total number of HQ bases	385941918	382988038
	Percentage of HQ bases	96.49%	95.75%
	Total number of non-ATGC bases	772980	184417
	Percentage of non-ATGC bases	0.19%	0.05%


Average quality score at each base position of input reads

KU328820-15_A_L003_R1_014.fastq
32.29	32.52	32.61	36.12	36.02	35.99	35.99	35.96	37.66	37.65	37.59	37.57	37.60	39.01	38.99	38.95	38.96	38.90	38.91	38.88	38.85	38.82	38.73	38.74	38.71	38.64	38.56	38.50	38.44	38.37	38.29	38.22	38.17	38.11	38.05	37.99	37.86	37.80	37.71	37.63	37.53	37.43	37.65	37.66	37.67	37.62	37.57	37.49	37.48	37.39	37.41	37.39	37.28	37.25	37.19	37.08	36.97	36.88	36.79	36.67	36.54	36.42	36.26	36.12	35.94	35.77	35.60	35.39	35.21	34.84	34.57	34.33	34.15	33.64	33.57	32.43	32.95	33.18	33.17	33.02	32.91	32.74	32.61	32.43	32.14	31.99	31.86	31.72	31.56	31.44	31.24	31.07	30.90	30.79	30.66	30.46	30.23	29.91	29.69	28.17	

KU328820-15_A_L003_R2_014.fastq
36.37	36.38	36.34	36.37	31.73	31.98	32.04	35.46	35.41	35.44	35.37	35.42	37.01	37.04	37.01	36.92	36.99	38.25	38.30	38.23	38.22	38.19	38.23	38.17	38.12	38.11	38.04	38.05	37.99	37.92	37.88	37.88	37.80	37.76	37.71	37.65	37.62	37.52	37.43	37.38	37.33	37.27	37.24	37.13	37.03	37.21	37.13	37.13	37.04	37.02	36.96	36.88	36.83	36.73	35.54	36.04	36.43	36.52	36.52	36.48	36.40	36.29	36.18	36.08	35.93	35.78	35.76	35.69	35.65	35.53	35.33	35.23	35.05	34.82	34.64	34.53	34.30	34.12	33.89	33.73	33.56	33.38	33.22	32.99	32.75	32.58	32.45	32.30	32.10	31.98	31.75	31.63	31.46	31.28	31.11	30.91	30.74	30.56	30.36	30.16	





Read count (%) per base for different quality score ranges

	KU328820-15_A_L003_R1_014.fastq
Ranges	0-10	11-20	21-30	31-40
Base
1	0.19	0.35	9.60	89.86
2	0.11	0.38	8.98	90.53
3	0.09	0.30	8.70	90.91
4	0.08	0.27	2.59	97.06
5	0.14	0.35	3.16	96.36
6	0.12	0.42	3.27	96.18
7	0.12	0.42	3.24	96.22
8	0.14	0.45	3.37	96.05
9	0.14	0.46	3.39	96.01
10	0.14	0.46	3.44	95.96
11	0.16	0.50	3.59	95.75
12	0.17	0.51	3.67	95.65
13	0.16	0.48	3.51	95.85
14	0.34	0.97	5.55	93.15
15	0.36	0.99	5.58	93.08
16	0.39	1.01	5.69	92.91
17	0.38	1.01	5.59	93.03
18	0.46	1.03	5.72	92.79
19	0.44	1.13	5.86	92.57
20	0.46	1.09	5.93	92.51
21	0.47	1.08	5.95	92.50
22	0.49	1.09	5.99	92.43
23	0.56	1.16	6.20	92.08
24	0.57	1.12	6.28	92.02
25	0.61	1.11	6.31	91.98
26	0.85	1.17	6.22	91.76
27	0.93	1.23	6.38	91.46
28	1.00	1.25	6.51	91.24
29	1.05	1.24	6.60	91.11
30	1.12	1.25	6.78	90.86
31	1.19	1.26	6.99	90.56
32	1.23	1.26	7.16	90.34
33	1.27	1.26	7.26	90.21
34	1.30	1.27	7.44	89.99
35	1.34	1.28	7.53	89.85
36	1.37	1.30	7.63	89.70
37	1.47	1.35	7.84	89.34
38	1.49	1.35	7.85	89.30
39	1.57	1.38	7.97	89.08
40	1.61	1.42	8.06	88.90
41	1.66	1.45	8.17	88.72
42	1.71	1.48	8.26	88.54
43	1.69	1.47	8.29	88.55
44	1.76	1.46	8.32	88.45
45	1.82	1.47	8.24	88.46
46	1.90	1.51	8.33	88.26
47	1.94	1.52	8.35	88.19
48	2.02	1.55	8.42	88.00
49	2.04	1.52	8.32	88.12
50	2.10	1.55	8.41	87.94
51	2.09	1.54	8.40	87.96
52	2.17	1.53	8.31	87.99
53	2.29	1.58	8.51	87.62
54	2.32	1.57	8.43	87.69
55	2.38	1.57	8.46	87.60
56	2.43	1.58	8.54	87.45
57	2.53	1.62	8.57	87.28
58	2.56	1.61	8.63	87.21
59	2.61	1.58	8.65	87.15
60	2.68	1.58	8.71	87.03
61	2.74	1.59	8.79	86.88
62	2.79	1.59	8.82	86.80
63	2.88	1.61	8.98	86.52
64	2.92	1.62	9.06	86.40
65	3.03	1.65	9.22	86.10
66	3.09	1.65	9.33	85.93
67	3.17	1.66	9.41	85.76
68	3.30	1.69	9.59	85.42
69	3.42	1.66	9.62	85.31
70	3.98	1.73	9.84	84.45
71	4.16	1.82	10.18	83.84
72	4.26	1.87	10.49	83.38
73	4.30	1.85	10.57	83.28
74	4.53	2.14	11.75	81.57
75	4.61	2.01	11.32	82.06
76	4.31	2.29	15.76	77.64
77	4.39	1.93	12.36	81.31
78	4.49	1.82	11.06	82.63
79	4.59	1.79	10.61	83.01
80	4.71	1.84	10.58	82.88
81	4.78	1.79	10.41	83.02
82	4.89	1.83	10.40	82.89
83	4.99	1.80	10.31	82.90
84	5.18	1.82	10.35	82.65
85	5.42	2.05	10.93	81.60
86	5.57	2.05	11.00	81.38
87	5.74	2.05	10.98	81.24
88	5.94	2.06	11.02	80.98
89	6.18	2.11	11.16	80.55
90	6.40	2.09	11.11	80.40
91	6.73	2.16	11.34	79.76
92	7.06	2.20	11.49	79.24
93	7.43	2.22	11.57	78.78
94	7.78	2.10	11.40	78.72
95	8.21	1.97	11.15	78.67
96	8.79	1.91	11.11	78.19
97	9.45	1.81	11.15	77.59
98	10.24	1.83	11.44	76.49
99	11.03	1.66	11.13	76.18
100	12.26	3.62	18.31	65.81


	KU328820-15_A_L003_R2_014.fastq
Ranges	0-10	11-20	21-30	31-40
Base
1	1.63	0.27	0.17	97.93
2	1.57	0.33	0.19	97.91
3	1.35	0.59	0.33	97.73
4	1.36	0.58	0.19	97.88
5	1.16	0.95	12.62	85.27
6	1.01	0.94	11.24	86.80
7	1.01	0.94	11.02	87.03
8	1.04	0.92	4.54	93.49
9	1.10	0.97	4.66	93.27
10	0.91	1.11	4.51	93.47
11	0.98	1.19	4.77	93.07
12	0.93	1.11	4.53	93.43
13	0.97	1.11	4.58	93.34
14	0.95	1.08	4.48	93.49
15	1.00	1.08	4.55	93.37
16	1.06	1.16	4.77	93.01
17	1.01	1.08	4.51	93.40
18	2.01	2.13	7.16	88.69
19	1.94	2.03	6.93	89.11
20	2.04	2.08	7.11	88.77
21	2.04	2.05	7.07	88.84
22	2.13	2.04	7.03	88.80
23	2.23	2.06	7.21	88.51
24	2.27	2.14	7.31	88.29
25	2.30	2.13	7.41	88.16
26	2.32	2.04	7.32	88.32
27	2.41	2.07	7.43	88.09
28	2.53	2.06	7.66	87.75
29	2.59	2.05	7.76	87.60
30	2.65	2.05	7.87	87.43
31	2.68	2.01	7.93	87.38
32	2.70	1.89	7.96	87.45
33	2.80	1.87	8.13	87.20
34	2.79	1.84	8.21	87.16
35	2.85	1.83	8.43	86.89
36	2.88	1.82	8.64	86.66
37	2.90	1.79	8.71	86.61
38	3.02	1.85	8.93	86.21
39	3.05	1.86	9.13	85.96
40	3.08	1.86	9.28	85.78
41	3.12	1.86	9.26	85.75
42	3.15	1.85	9.35	85.65
43	3.17	1.85	9.26	85.72
44	3.28	1.89	9.38	85.45
45	3.34	1.94	9.48	85.24
46	3.32	1.89	9.50	85.29
47	3.48	1.93	9.63	84.96
48	3.50	1.92	9.54	85.04
49	3.62	1.98	9.64	84.76
50	3.66	1.96	9.58	84.80
51	3.75	1.97	9.55	84.72
52	3.85	2.00	9.62	84.53
53	3.87	2.04	9.66	84.43
54	3.95	2.04	9.75	84.27
55	3.02	1.82	9.87	85.29
56	3.12	1.73	8.59	86.56
57	3.49	1.78	8.83	85.91
58	3.89	1.91	9.31	84.88
59	4.08	1.98	9.56	84.38
60	4.17	2.00	9.60	84.23
61	4.23	2.00	9.70	84.08
62	4.28	2.01	9.72	83.98
63	4.35	2.01	9.82	83.82
64	4.38	2.01	9.82	83.79
65	4.44	2.02	9.99	83.55
66	4.50	2.03	10.09	83.39
67	4.46	2.03	10.04	83.46
68	4.53	1.97	9.90	83.60
69	4.56	1.87	9.65	83.92
70	4.59	1.83	9.61	83.96
71	4.70	1.87	9.69	83.73
72	4.70	1.81	9.51	83.98
73	4.73	1.83	9.59	83.85
74	4.77	1.93	9.82	83.49
75	4.76	1.92	9.88	83.44
76	4.74	1.81	9.76	83.69
77	4.80	1.84	9.90	83.46
78	4.82	1.84	9.95	83.39
79	4.93	1.87	10.02	83.19
80	4.91	1.84	9.99	83.26
81	4.94	1.82	9.94	83.30
82	5.01	1.80	9.91	83.28
83	5.07	1.78	9.82	83.32
84	5.21	1.85	10.00	82.94
85	5.39	1.92	10.23	82.47
86	5.49	1.93	10.23	82.36
87	5.59	1.89	10.11	82.41
88	5.74	1.87	10.05	82.34
89	5.97	1.93	10.17	81.92
90	6.12	1.88	10.06	81.94
91	6.45	1.98	10.30	81.28
92	6.67	1.91	10.18	81.24
93	6.97	1.91	10.18	80.94
94	7.35	1.91	10.21	80.53
95	7.74	1.87	10.22	80.18
96	8.21	1.85	10.24	79.70
97	8.68	1.75	10.12	79.45
98	9.17	1.64	10.13	79.05
99	9.65	1.61	10.26	78.47
100	10.08	1.80	10.27	77.85




