Parameters
	Library type	Paired-end
	Input files	KU328820-15_A_L003_R1_008.fastq	KU328820-15_A_L003_R2_008.fastq
	Primer/Adaptor library	Paired End DNA Library
	Cut-off read length for HQ	70%
	Cut-off quality score	20
	Only statistics	On
	Number of CPUs	2


QC statistics
	File name	KU328820-15_A_L003_R1_008.fastq	KU328820-15_A_L003_R2_008.fastq
	Total number of reads	4000000	4000000
	Total number of HQ reads	3636086	3636086
	Percentage of HQ reads	90.90%	90.90%
	Total number of bases	400000000	400000000
	Total number of bases in HQ reads	363608600	363608600
	Total number of HQ bases in HQ reads	356770935	353473083
	Percentage of HQ bases in HQ reads	98.12%	97.21%
	Number of Primer/Adaptor contaminated HQ reads	5	14
	Total number of HQ filtered reads	3636067	3636067
	Percentage of HQ filtered reads	90.90%	90.90%


Detailed QC statistics
	File name	KU328820-15_A_L003_R1_008.fastq	KU328820-15_A_L003_R2_008.fastq
	Minimum read length	100	100
	Maximum read length	100	100
	Average read length	100.00	100.00
	Total number of reads	4000000	4000000
	Total number of reads with non-ATGC bases	20186	12145
	Percentage of reads with non-ATGC bases	0.50%	0.30%
	Total number of bases	400000000	400000000
	Total number of HQ bases	383660670	373209859
	Percentage of HQ bases	95.92%	93.30%
	Total number of non-ATGC bases	151620	43544
	Percentage of non-ATGC bases	0.04%	0.01%


Average quality score at each base position of input reads

KU328820-15_A_L003_R1_008.fastq
31.80	32.11	32.16	35.76	35.70	35.63	35.57	35.59	37.21	37.11	37.18	37.11	37.11	38.38	38.31	38.26	38.16	38.24	38.27	38.22	38.12	38.22	38.20	38.27	38.16	38.08	37.98	37.89	37.77	37.74	37.66	37.50	37.47	37.46	37.30	37.13	37.07	37.06	36.96	36.92	36.94	36.67	36.85	36.90	36.93	37.04	36.96	36.96	36.79	36.51	36.56	36.60	36.55	36.58	36.60	36.40	36.35	36.25	36.02	35.94	35.73	35.65	35.39	35.27	35.17	35.04	34.86	34.62	34.45	34.24	34.02	33.97	33.77	33.23	33.26	32.06	32.56	32.85	32.89	32.79	32.67	32.55	32.25	32.08	31.89	31.52	31.51	31.32	31.23	31.03	30.84	30.71	30.54	30.37	30.07	29.79	29.48	29.32	29.09	27.62	

KU328820-15_A_L003_R2_008.fastq
36.36	36.36	36.35	36.49	30.92	31.11	31.10	34.66	34.67	34.41	34.45	34.56	36.14	36.02	35.98	36.04	36.20	37.16	37.18	37.22	37.24	36.86	37.13	37.16	36.89	36.84	36.87	36.90	36.63	36.74	36.63	36.57	36.58	36.40	36.43	36.36	36.24	36.18	35.85	35.74	35.91	35.88	35.80	35.44	35.59	35.89	35.74	35.87	35.68	35.53	35.36	35.18	35.30	35.26	34.07	34.53	34.84	35.10	35.27	35.25	35.01	34.75	34.71	34.61	34.53	34.32	34.36	34.38	34.19	34.03	33.86	33.49	33.25	33.40	33.37	33.01	32.81	32.67	32.42	32.35	32.11	31.94	31.56	31.38	31.08	30.55	30.55	30.41	29.92	30.00	29.86	29.69	29.50	29.45	29.24	28.81	28.33	28.37	28.10	27.91	





Read count (%) per base for different quality score ranges

	KU328820-15_A_L003_R1_008.fastq
Ranges	0-10	11-20	21-30	31-40
Base
1	0.29	0.52	13.96	85.24
2	0.16	0.44	12.39	87.01
3	0.17	0.44	12.36	87.03
4	0.17	0.41	3.89	95.53
5	0.22	0.48	4.32	94.98
6	0.20	0.65	4.67	94.49
7	0.22	0.71	4.90	94.17
8	0.22	0.68	4.74	94.36
9	0.22	0.69	4.71	94.38
10	0.26	0.76	5.08	93.90
11	0.22	0.69	4.81	94.27
12	0.26	0.75	5.06	93.93
13	0.25	0.73	5.03	93.99
14	0.45	1.30	6.74	91.51
15	0.50	1.34	6.89	91.27
16	0.53	1.40	7.02	91.05
17	0.58	1.49	7.32	90.60
18	0.52	1.35	6.88	91.24
19	0.57	1.42	7.16	90.85
20	0.60	1.44	7.23	90.73
21	0.67	1.53	7.47	90.32
22	0.58	1.33	6.98	91.11
23	0.61	1.35	7.10	90.94
24	0.59	1.24	6.98	91.18
25	0.69	1.33	7.34	90.64
26	0.96	1.40	7.21	90.43
27	1.08	1.50	7.48	89.94
28	1.18	1.52	7.69	89.61
29	1.32	1.59	8.03	89.07
30	1.33	1.53	8.06	89.07
31	1.41	1.56	8.33	88.71
32	1.56	1.65	8.82	87.97
33	1.55	1.63	8.92	87.90
34	1.53	1.57	8.91	87.99
35	1.69	1.69	9.37	87.24
36	1.87	1.80	9.77	86.56
37	1.84	1.78	9.81	86.57
38	1.82	1.74	9.74	86.70
39	1.90	1.78	9.84	86.49
40	1.93	1.78	9.84	86.45
41	1.88	1.70	9.60	86.82
42	2.17	1.92	10.16	85.75
43	2.07	1.91	10.28	85.74
44	2.12	1.88	10.12	85.88
45	2.15	1.88	10.07	85.91
46	2.05	1.73	9.61	86.61
47	2.21	1.80	9.75	86.24
48	2.18	1.77	9.61	86.44
49	2.39	1.88	10.01	85.72
50	2.64	2.09	10.56	84.71
51	2.52	2.02	10.50	84.95
52	2.52	1.96	10.29	85.23
53	2.64	1.97	10.24	85.15
54	2.60	1.88	9.98	85.53
55	2.57	1.80	9.82	85.81
56	2.80	1.94	10.11	85.15
57	2.78	1.89	10.11	85.21
58	2.87	1.91	10.11	85.11
59	3.04	2.00	10.58	84.39
60	3.01	1.97	10.52	84.49
61	3.19	2.06	10.86	83.88
62	3.18	2.03	10.87	83.91
63	3.46	2.17	11.20	83.17
64	3.45	2.19	11.36	83.00
65	3.44	2.14	11.42	83.00
66	3.55	2.13	11.42	82.90
67	3.65	2.15	11.60	82.60
68	3.78	2.24	11.94	82.04
69	3.86	2.24	12.11	81.79
70	4.14	2.13	11.99	81.73
71	4.32	2.18	12.20	81.30
72	4.27	2.05	11.96	81.71
73	4.16	2.35	12.16	81.33
74	4.65	2.52	13.42	79.41
75	4.39	2.49	12.93	80.20
76	4.50	2.95	17.63	74.91
77	4.34	2.42	14.89	78.35
78	4.34	2.15	13.21	80.30
79	4.43	2.06	12.46	81.06
80	4.55	2.06	12.15	81.24
81	4.63	2.03	12.07	81.26
82	4.72	1.98	11.86	81.44
83	4.99	2.19	12.41	80.41
84	5.22	2.17	12.38	80.22
85	5.37	2.30	12.58	79.74
86	5.79	2.62	13.48	78.11
87	5.82	2.42	13.12	78.64
88	6.15	2.50	13.19	78.16
89	6.32	2.43	12.98	78.28
90	6.68	2.48	13.15	77.68
91	7.06	2.56	13.27	77.10
92	7.39	2.50	13.25	76.86
93	7.83	2.46	13.21	76.50
94	8.34	2.38	13.05	76.24
95	9.06	2.48	13.32	75.14
96	9.80	2.46	13.44	74.30
97	10.61	2.42	13.68	73.29
98	11.31	2.09	13.24	73.37
99	12.17	1.90	12.72	73.20
100	13.45	3.87	19.51	63.18


	KU328820-15_A_L003_R2_008.fastq
Ranges	0-10	11-20	21-30	31-40
Base
1	1.03	0.34	0.23	98.39
2	1.11	0.37	0.38	98.15
3	0.85	0.69	0.66	97.80
4	0.81	0.63	0.26	98.30
5	2.00	1.54	18.43	78.03
6	1.80	1.67	16.95	79.58
7	1.96	1.73	16.86	79.45
8	1.77	1.62	6.98	89.63
9	1.77	1.59	6.92	89.73
10	1.79	2.25	7.73	88.23
11	1.70	2.20	7.47	88.63
12	1.60	2.03	7.10	89.27
13	1.50	1.86	6.78	89.86
14	1.64	1.95	7.15	89.26
15	1.70	1.99	7.17	89.14
16	1.62	1.91	6.95	89.52
17	1.49	1.73	6.51	90.26
18	2.62	2.92	8.87	85.59
19	2.57	2.86	8.68	85.89
20	2.53	2.75	8.57	86.15
21	2.53	2.68	8.57	86.23
22	3.01	3.12	9.39	84.48
23	2.76	2.87	8.95	85.41
24	2.78	2.78	8.85	85.59
25	3.13	3.05	9.53	84.29
26	3.17	3.03	9.43	84.37
27	3.09	2.90	9.36	84.64
28	3.19	2.87	9.60	84.35
29	3.57	3.07	10.15	83.21
30	3.38	2.82	9.86	83.94
31	3.61	2.82	10.12	83.45
32	3.67	2.78	10.26	83.29
33	3.68	2.61	10.29	83.41
34	3.97	2.69	10.73	82.61
35	3.82	2.57	10.81	82.80
36	3.92	2.54	11.02	82.51
37	4.04	2.60	11.43	81.93
38	4.09	2.61	11.60	81.71
39	4.59	2.83	12.28	80.30
40	4.59	2.87	12.52	80.02
41	4.25	2.66	12.20	80.88
42	4.35	2.61	12.08	80.96
43	4.47	2.66	12.19	80.68
44	5.04	2.95	12.73	79.27
45	4.59	2.76	12.49	80.16
46	4.43	2.59	12.15	80.84
47	4.84	2.70	12.29	80.18
48	4.61	2.54	11.97	80.88
49	4.96	2.70	12.23	80.11
50	5.22	2.79	12.39	79.60
51	5.43	2.92	12.67	78.98
52	5.59	3.02	12.93	78.47
53	5.31	2.86	12.66	79.17
54	5.42	2.79	12.52	79.27
55	5.01	2.87	13.53	78.59
56	4.49	2.52	12.19	80.80
57	5.14	2.58	11.95	80.33
58	5.35	2.60	11.98	80.07
59	5.39	2.44	11.70	80.46
60	5.59	2.45	11.67	80.29
61	5.89	2.67	12.13	79.30
62	6.12	2.84	12.56	78.49
63	6.06	2.74	12.58	78.62
64	6.19	2.71	12.52	78.58
65	6.23	2.69	12.50	78.58
66	6.43	2.78	12.72	78.07
67	6.23	2.62	12.62	78.53
68	6.25	2.48	12.21	79.06
69	6.46	2.51	12.36	78.67
70	6.57	2.57	12.45	78.42
71	6.68	2.55	12.52	78.24
72	7.02	2.78	13.12	77.07
73	7.17	2.87	13.43	76.53
74	6.73	2.48	12.87	77.91
75	6.73	2.33	12.37	78.57
76	7.07	2.51	12.82	77.60
77	7.16	2.54	13.00	77.30
78	7.16	2.47	12.97	77.40
79	7.33	2.52	13.16	76.99
80	7.28	2.36	12.87	77.49
81	7.51	2.41	12.93	77.15
82	7.61	2.37	12.89	77.13
83	8.04	2.60	13.40	75.97
84	8.17	2.56	13.39	75.88
85	8.53	2.70	13.71	75.06
86	9.28	3.15	14.56	73.01
87	9.12	2.91	14.34	73.63
88	9.38	2.85	14.09	73.68
89	10.12	3.29	14.91	71.68
90	10.00	2.94	14.33	72.74
91	10.34	2.85	14.06	72.75
92	10.74	2.80	13.84	72.61
93	11.21	2.77	13.72	72.30
94	11.53	2.49	13.15	72.83
95	12.19	2.37	12.83	72.61
96	13.18	2.53	13.21	71.07
97	14.20	2.79	13.98	69.03
98	14.56	2.14	12.98	70.33
99	15.27	2.17	13.03	69.52
100	15.81	2.31	12.70	69.18




