Parameters
	Library type	Paired-end
	Input files	KU328820-15_A_L003_R1_021.fastq	KU328820-15_A_L003_R2_021.fastq
	Primer/Adaptor library	Paired End DNA Library
	Cut-off read length for HQ	70%
	Cut-off quality score	20
	Only statistics	On
	Number of CPUs	2


QC statistics
	File name	KU328820-15_A_L003_R1_021.fastq	KU328820-15_A_L003_R2_021.fastq
	Total number of reads	4000000	4000000
	Total number of HQ reads	3742586	3742586
	Percentage of HQ reads	93.56%	93.56%
	Total number of bases	400000000	400000000
	Total number of bases in HQ reads	374258600	374258600
	Total number of HQ bases in HQ reads	368300143	368386020
	Percentage of HQ bases in HQ reads	98.41%	98.43%
	Number of Primer/Adaptor contaminated HQ reads	8	12
	Total number of HQ filtered reads	3742566	3742566
	Percentage of HQ filtered reads	93.56%	93.56%


Detailed QC statistics
	File name	KU328820-15_A_L003_R1_021.fastq	KU328820-15_A_L003_R2_021.fastq
	Minimum read length	100	100
	Maximum read length	100	100
	Average read length	100.00	100.00
	Total number of reads	4000000	4000000
	Total number of reads with non-ATGC bases	15201	15869
	Percentage of reads with non-ATGC bases	0.38%	0.40%
	Total number of bases	400000000	400000000
	Total number of HQ bases	386421584	383725069
	Percentage of HQ bases	96.61%	95.93%
	Total number of non-ATGC bases	340420	67495
	Percentage of non-ATGC bases	0.09%	0.02%


Average quality score at each base position of input reads

KU328820-15_A_L003_R1_021.fastq
32.35	32.60	32.66	36.15	36.03	36.01	35.99	36.00	37.73	37.69	37.67	37.68	37.65	39.08	39.08	39.06	39.06	38.95	38.99	38.98	38.95	38.91	38.87	38.80	38.78	38.68	38.61	38.57	38.51	38.46	38.41	38.29	38.18	38.20	38.14	38.07	37.99	37.84	37.79	37.75	37.65	37.47	37.73	37.78	37.77	37.74	37.66	37.60	37.52	37.39	37.47	37.50	37.44	37.30	37.24	37.17	37.13	36.96	36.83	36.74	36.64	36.51	36.34	36.21	36.09	35.90	35.69	35.53	35.35	34.95	34.73	34.53	34.32	33.75	33.80	32.65	33.15	33.40	33.38	33.22	32.98	32.82	32.72	32.51	32.38	32.21	32.05	31.91	31.74	31.60	31.44	31.27	31.11	30.96	30.79	30.67	30.46	30.26	29.99	28.50	

KU328820-15_A_L003_R2_021.fastq
36.52	36.52	36.47	36.52	31.71	32.03	32.09	35.58	35.50	35.56	35.52	35.51	37.14	37.16	37.09	37.10	37.06	38.43	38.39	38.38	38.33	38.35	38.39	38.34	38.26	38.27	38.23	38.23	38.20	38.11	38.09	38.02	37.95	37.88	37.84	37.77	37.69	37.65	37.60	37.48	37.50	37.42	37.37	37.25	37.18	37.30	37.34	37.33	37.24	37.13	37.11	37.05	36.97	36.87	35.76	36.21	36.56	36.64	36.61	36.54	36.51	36.40	36.27	36.15	36.01	35.86	35.88	35.81	35.77	35.65	35.54	35.40	35.22	35.01	34.79	34.63	34.44	34.27	34.07	33.86	33.64	33.44	33.25	33.07	32.92	32.73	32.56	32.43	32.25	32.08	31.92	31.79	31.67	31.48	31.31	31.16	31.02	30.89	30.71	30.59	





Read count (%) per base for different quality score ranges

	KU328820-15_A_L003_R1_021.fastq
Ranges	0-10	11-20	21-30	31-40
Base
1	0.17	0.36	9.25	90.22
2	0.10	0.32	8.43	91.15
3	0.10	0.29	8.20	91.41
4	0.09	0.27	2.49	97.15
5	0.16	0.37	3.15	96.32
6	0.13	0.44	3.19	96.25
7	0.14	0.45	3.22	96.18
8	0.14	0.44	3.20	96.21
9	0.13	0.42	3.17	96.28
10	0.15	0.45	3.32	96.08
11	0.16	0.47	3.36	96.01
12	0.15	0.45	3.30	96.10
13	0.17	0.47	3.38	95.98
14	0.35	0.97	5.49	93.19
15	0.35	0.96	5.44	93.25
16	0.37	0.97	5.45	93.21
17	0.39	0.96	5.39	93.26
18	0.46	1.10	5.76	92.68
19	0.46	1.08	5.74	92.73
20	0.46	1.05	5.73	92.76
21	0.48	1.06	5.74	92.72
22	0.52	1.07	5.82	92.59
23	0.54	1.07	5.90	92.49
24	0.63	1.16	6.22	92.00
25	0.64	1.12	6.21	92.02
26	0.91	1.23	6.25	91.62
27	1.01	1.28	6.39	91.33
28	1.04	1.26	6.42	91.28
29	1.12	1.26	6.54	91.09
30	1.15	1.24	6.66	90.96
31	1.21	1.21	6.81	90.77
32	1.30	1.28	7.10	90.32
33	1.39	1.33	7.43	89.85
34	1.31	1.27	7.29	90.13
35	1.37	1.26	7.39	89.97
36	1.43	1.28	7.52	89.77
37	1.48	1.31	7.60	89.61
38	1.60	1.40	7.89	89.11
39	1.60	1.39	7.87	89.14
40	1.60	1.36	7.84	89.19
41	1.69	1.40	7.90	89.00
42	1.84	1.53	8.22	88.41
43	1.75	1.44	8.20	88.61
44	1.79	1.44	8.13	88.64
45	1.88	1.46	8.12	88.54
46	1.96	1.47	8.12	88.44
47	2.04	1.52	8.20	88.25
48	2.07	1.54	8.23	88.16
49	2.15	1.56	8.33	87.97
50	2.26	1.63	8.49	87.62
51	2.20	1.56	8.38	87.86
52	2.21	1.50	8.19	88.09
53	2.30	1.52	8.15	88.04
54	2.47	1.59	8.35	87.58
55	2.49	1.60	8.37	87.54
56	2.53	1.58	8.40	87.50
57	2.53	1.52	8.26	87.68
58	2.68	1.60	8.42	87.30
59	2.73	1.61	8.62	87.04
60	2.75	1.58	8.58	87.10
61	2.80	1.54	8.51	87.14
62	2.85	1.57	8.63	86.96
63	2.94	1.59	8.81	86.66
64	2.99	1.59	8.83	86.59
65	3.04	1.55	8.78	86.62
66	3.14	1.60	8.94	86.33
67	3.24	1.63	9.14	85.98
68	3.31	1.61	9.18	85.90
69	3.40	1.60	9.20	85.81
70	3.79	1.79	9.83	84.60
71	3.87	1.82	10.05	84.26
72	3.97	1.83	10.14	84.05
73	4.04	1.83	10.27	83.86
74	4.30	2.17	11.65	81.88
75	4.24	1.93	10.88	82.96
76	4.05	2.18	15.09	78.68
77	4.11	1.87	11.85	82.17
78	4.18	1.74	10.53	83.55
79	4.30	1.70	10.06	83.94
80	4.45	1.74	10.02	83.79
81	4.62	1.88	10.29	83.21
82	4.73	1.86	10.30	83.11
83	4.79	1.80	10.10	83.31
84	5.00	1.88	10.21	82.91
85	5.08	1.88	10.21	82.83
86	5.29	1.91	10.34	82.46
87	5.46	1.96	10.37	82.21
88	5.67	1.96	10.40	81.97
89	5.89	2.02	10.61	81.48
90	6.13	2.01	10.65	81.21
91	6.41	2.06	10.75	80.78
92	6.76	2.10	10.83	80.31
93	7.11	2.10	10.86	79.92
94	7.50	2.04	10.86	79.60
95	7.95	1.99	10.86	79.20
96	8.41	1.81	10.59	79.18
97	9.02	1.76	10.57	78.65
98	9.64	1.60	10.49	78.27
99	10.43	1.55	10.37	77.64
100	11.59	3.40	17.47	67.53


	KU328820-15_A_L003_R2_021.fastq
Ranges	0-10	11-20	21-30	31-40
Base
1	1.14	0.30	0.17	98.38
2	1.23	0.27	0.19	98.31
3	0.97	0.60	0.37	98.06
4	0.91	0.58	0.22	98.29
5	1.19	0.99	12.60	85.23
6	0.96	0.91	10.79	87.34
7	1.01	0.91	10.62	87.47
8	0.92	0.83	4.08	94.16
9	1.04	0.88	4.39	93.69
10	0.83	0.99	4.09	94.09
11	0.88	1.03	4.26	93.83
12	0.88	1.04	4.25	93.83
13	0.89	1.02	4.24	93.85
14	0.89	0.98	4.18	93.94
15	0.96	1.03	4.33	93.68
16	0.95	1.02	4.29	93.74
17	0.99	1.04	4.40	93.57
18	1.93	2.01	6.79	89.27
19	1.96	2.00	6.83	89.21
20	2.00	2.00	6.80	89.20
21	2.06	2.01	6.88	89.05
22	2.04	1.98	6.80	89.19
23	2.13	1.98	6.96	88.93
24	2.21	2.02	7.06	88.70
25	2.27	2.06	7.20	88.47
26	2.23	1.96	7.09	88.72
27	2.29	1.94	7.13	88.64
28	2.42	1.94	7.39	88.25
29	2.44	1.91	7.41	88.23
30	2.57	1.94	7.59	87.91
31	2.57	1.87	7.62	87.94
32	2.66	1.85	7.70	87.79
33	2.74	1.84	7.92	87.51
34	2.81	1.82	8.05	87.32
35	2.82	1.79	8.20	87.19
36	2.91	1.78	8.45	86.86
37	2.95	1.81	8.62	86.61
38	2.96	1.80	8.75	86.49
39	3.02	1.79	8.85	86.34
40	3.14	1.85	9.06	85.95
41	3.04	1.78	8.95	86.23
42	3.14	1.79	8.97	86.10
43	3.19	1.80	9.08	85.93
44	3.30	1.85	9.22	85.63
45	3.34	1.88	9.21	85.57
46	3.37	1.90	9.37	85.36
47	3.39	1.84	9.26	85.51
48	3.46	1.81	9.14	85.59
49	3.63	1.90	9.25	85.22
50	3.75	1.96	9.41	84.87
51	3.73	1.93	9.34	85.00
52	3.82	1.92	9.35	84.91
53	3.89	1.95	9.44	84.72
54	3.95	1.99	9.49	84.56
55	2.87	1.66	9.32	86.15
56	3.10	1.58	8.18	87.14
57	3.56	1.72	8.58	86.13
58	3.95	1.88	9.12	85.04
59	4.14	1.95	9.37	84.54
60	4.26	1.99	9.51	84.24
61	4.26	1.96	9.45	84.33
62	4.33	1.97	9.48	84.23
63	4.42	1.99	9.64	83.95
64	4.45	2.01	9.70	83.84
65	4.50	2.01	9.83	83.66
66	4.55	2.05	9.88	83.53
67	4.47	1.97	9.77	83.79
68	4.55	1.92	9.59	83.94
69	4.53	1.83	9.39	84.25
70	4.58	1.80	9.31	84.31
71	4.57	1.75	9.19	84.49
72	4.60	1.69	9.10	84.60
73	4.65	1.72	9.14	84.49
74	4.70	1.77	9.27	84.26
75	4.76	1.82	9.42	84.00
76	4.74	1.77	9.44	84.05
77	4.76	1.76	9.45	84.03
78	4.78	1.75	9.42	84.06
79	4.82	1.74	9.42	84.02
80	4.88	1.76	9.46	83.89
81	4.96	1.81	9.58	83.65
82	5.01	1.80	9.63	83.56
83	5.08	1.81	9.71	83.40
84	5.16	1.82	9.66	83.35
85	5.23	1.79	9.60	83.38
86	5.36	1.82	9.62	83.20
87	5.51	1.84	9.63	83.02
88	5.61	1.80	9.58	83.01
89	5.79	1.85	9.67	82.69
90	6.00	1.86	9.71	82.42
91	6.21	1.88	9.76	82.15
92	6.41	1.84	9.69	82.06
93	6.66	1.78	9.59	81.97
94	7.02	1.81	9.64	81.53
95	7.38	1.80	9.68	81.14
96	7.74	1.73	9.65	80.88
97	8.14	1.62	9.53	80.72
98	8.53	1.50	9.37	80.60
99	8.94	1.47	9.52	80.06
100	9.28	1.54	9.22	79.97




