Parameters
	Library type	Paired-end
	Input files	KU328820-15_A_L003_R1_003.fastq	KU328820-15_A_L003_R2_003.fastq
	Primer/Adaptor library	Paired End DNA Library
	Cut-off read length for HQ	70%
	Cut-off quality score	20
	Only statistics	On
	Number of CPUs	2


QC statistics
	File name	KU328820-15_A_L003_R1_003.fastq	KU328820-15_A_L003_R2_003.fastq
	Total number of reads	4000000	4000000
	Total number of HQ reads	3760802	3760802
	Percentage of HQ reads	94.02%	94.02%
	Total number of bases	400000000	400000000
	Total number of bases in HQ reads	376080200	376080200
	Total number of HQ bases in HQ reads	370532769	370159076
	Percentage of HQ bases in HQ reads	98.52%	98.43%
	Number of Primer/Adaptor contaminated HQ reads	6	19
	Total number of HQ filtered reads	3760777	3760777
	Percentage of HQ filtered reads	94.02%	94.02%


Detailed QC statistics
	File name	KU328820-15_A_L003_R1_003.fastq	KU328820-15_A_L003_R2_003.fastq
	Minimum read length	100	100
	Maximum read length	100	100
	Average read length	100.00	100.00
	Total number of reads	4000000	4000000
	Total number of reads with non-ATGC bases	20505	11341
	Percentage of reads with non-ATGC bases	0.51%	0.28%
	Total number of bases	400000000	400000000
	Total number of HQ bases	387522058	384497932
	Percentage of HQ bases	96.88%	96.12%
	Total number of non-ATGC bases	120322	41940
	Percentage of non-ATGC bases	0.03%	0.01%


Average quality score at each base position of input reads

KU328820-15_A_L003_R1_003.fastq
32.37	32.62	32.65	36.16	36.04	36.05	36.05	36.03	37.75	37.73	37.71	37.70	37.70	39.13	39.11	39.04	39.06	39.00	39.05	39.01	38.95	38.96	38.92	38.87	38.81	38.72	38.69	38.66	38.57	38.45	38.42	38.35	38.26	38.21	38.16	38.05	38.00	37.95	37.89	37.77	37.66	37.58	37.76	37.76	37.71	37.62	37.63	37.56	37.49	37.39	37.49	37.43	37.36	37.26	37.20	37.15	37.07	37.02	36.91	36.77	36.64	36.53	36.32	36.20	36.09	35.91	35.73	35.57	35.38	35.15	34.96	34.80	34.58	34.08	34.09	32.94	33.54	33.78	33.76	33.68	33.52	33.35	33.17	32.96	32.79	32.57	32.45	32.31	32.19	31.99	31.83	31.67	31.50	31.39	31.25	31.12	30.90	30.75	30.54	29.25	

KU328820-15_A_L003_R2_003.fastq
36.57	36.57	36.51	36.55	31.96	32.20	32.24	35.63	35.64	35.63	35.64	35.63	37.27	37.24	37.23	37.19	37.18	38.55	38.52	38.52	38.48	38.41	38.47	38.45	38.43	38.37	38.31	38.30	38.23	38.17	38.13	38.11	38.03	38.00	37.94	37.82	37.71	37.72	37.68	37.67	37.57	37.53	37.49	37.42	37.32	37.36	37.36	37.33	37.27	37.24	37.21	37.07	37.01	36.90	35.79	36.27	36.62	36.74	36.74	36.72	36.60	36.51	36.40	36.26	36.12	36.01	36.03	35.97	35.87	35.77	35.63	35.43	35.30	35.16	34.93	34.77	34.58	34.35	34.16	34.02	33.78	33.65	33.46	33.27	33.07	32.87	32.68	32.50	32.32	32.16	32.03	31.89	31.69	31.53	31.38	31.26	31.12	30.96	30.83	30.64	





Read count (%) per base for different quality score ranges

	KU328820-15_A_L003_R1_003.fastq
Ranges	0-10	11-20	21-30	31-40
Base
1	0.14	0.31	8.92	90.63
2	0.09	0.28	8.03	91.61
3	0.10	0.28	8.28	91.35
4	0.08	0.24	2.36	97.32
5	0.17	0.35	3.02	96.46
6	0.11	0.41	2.95	96.52
7	0.12	0.39	2.96	96.53
8	0.13	0.41	3.07	96.39
9	0.14	0.42	3.08	96.37
10	0.14	0.43	3.16	96.27
11	0.15	0.43	3.19	96.23
12	0.15	0.44	3.22	96.20
13	0.15	0.43	3.22	96.20
14	0.33	0.92	5.23	93.53
15	0.36	0.93	5.24	93.48
16	0.39	1.01	5.43	93.16
17	0.37	0.96	5.35	93.33
18	0.42	1.01	5.55	93.01
19	0.42	1.00	5.52	93.06
20	0.46	1.03	5.58	92.93
21	0.50	1.06	5.69	92.76
22	0.48	1.00	5.60	92.92
23	0.52	1.03	5.72	92.74
24	0.59	1.09	5.99	92.33
25	0.65	1.10	6.04	92.22
26	0.90	1.17	6.03	91.91
27	0.95	1.19	6.04	91.82
28	1.00	1.15	6.07	91.78
29	1.09	1.19	6.34	91.38
30	1.23	1.25	6.62	90.90
31	1.23	1.20	6.63	90.94
32	1.28	1.23	6.84	90.64
33	1.36	1.26	7.08	90.30
34	1.38	1.27	7.19	90.16
35	1.43	1.27	7.30	90.00
36	1.52	1.32	7.54	89.62
37	1.56	1.30	7.51	89.63
38	1.59	1.30	7.53	89.58
39	1.61	1.30	7.57	89.52
40	1.70	1.34	7.74	89.22
41	1.79	1.40	7.86	88.96
42	1.82	1.42	7.93	88.82
43	1.80	1.37	7.96	88.86
44	1.91	1.41	7.91	88.77
45	2.02	1.46	7.96	88.55
46	2.12	1.52	8.15	88.22
47	2.09	1.47	8.03	88.41
48	2.19	1.50	8.08	88.23
49	2.26	1.53	8.13	88.08
50	2.32	1.57	8.25	87.87
51	2.28	1.50	8.12	88.10
52	2.42	1.51	8.12	87.95
53	2.53	1.56	8.19	87.72
54	2.57	1.58	8.24	87.62
55	2.62	1.57	8.33	87.48
56	2.65	1.54	8.28	87.53
57	2.72	1.55	8.27	87.46
58	2.74	1.52	8.16	87.59
59	2.82	1.52	8.26	87.40
60	2.89	1.55	8.43	87.13
61	2.95	1.57	8.45	87.03
62	2.99	1.56	8.53	86.92
63	3.12	1.66	8.77	86.45
64	3.12	1.65	8.82	86.41
65	3.14	1.62	8.84	86.40
66	3.23	1.65	8.95	86.16
67	3.28	1.69	9.07	85.96
68	3.31	1.66	9.16	85.87
69	3.37	1.68	9.24	85.71
70	3.72	1.59	9.16	85.52
71	3.84	1.60	9.18	85.38
72	3.87	1.59	9.23	85.31
73	3.64	1.98	9.48	84.91
74	3.99	1.98	10.67	83.36
75	3.75	2.00	10.13	84.12
76	3.48	2.21	14.36	79.95
77	3.46	1.68	11.04	83.82
78	3.56	1.54	9.74	85.16
79	3.66	1.51	9.26	85.57
80	3.71	1.47	8.97	85.85
81	3.79	1.50	8.94	85.76
82	3.89	1.52	8.97	85.62
83	4.00	1.56	9.06	85.38
84	4.22	1.60	9.16	85.03
85	4.31	1.71	9.29	84.70
86	4.50	1.80	9.66	84.03
87	4.65	1.78	9.69	83.89
88	4.81	1.79	9.72	83.68
89	4.99	1.77	9.73	83.51
90	5.27	1.87	10.01	82.86
91	5.55	1.92	10.15	82.38
92	5.83	1.96	10.24	81.97
93	6.16	1.99	10.43	81.42
94	6.46	1.93	10.34	81.27
95	6.84	1.85	10.28	81.04
96	7.28	1.74	10.12	80.87
97	7.82	1.71	10.22	80.24
98	8.34	1.54	10.14	79.98
99	8.99	1.45	9.92	79.64
100	10.01	2.96	15.91	71.12


	KU328820-15_A_L003_R2_003.fastq
Ranges	0-10	11-20	21-30	31-40
Base
1	1.05	0.32	0.19	98.44
2	1.11	0.28	0.17	98.44
3	0.93	0.58	0.29	98.20
4	0.85	0.60	0.23	98.33
5	0.95	0.76	11.00	87.28
6	0.85	0.77	9.83	88.55
7	0.85	0.77	9.72	88.66
8	0.89	0.77	3.96	94.38
9	0.87	0.76	3.90	94.47
10	0.78	0.90	3.94	94.37
11	0.76	0.88	3.86	94.49
12	0.79	0.88	3.86	94.47
13	0.81	0.86	3.94	94.38
14	0.85	0.90	3.99	94.26
15	0.86	0.91	3.98	94.25
16	0.90	0.93	4.09	94.08
17	0.92	0.93	4.05	94.10
18	1.80	1.79	6.33	90.08
19	1.86	1.80	6.48	89.86
20	1.86	1.80	6.42	89.91
21	1.95	1.83	6.52	89.70
22	2.01	1.85	6.65	89.50
23	2.06	1.85	6.69	89.39
24	2.11	1.84	6.69	89.35
25	2.13	1.80	6.73	89.33
26	2.20	1.82	6.82	89.16
27	2.26	1.83	6.90	89.01
28	2.38	1.88	7.17	88.58
29	2.45	1.87	7.30	88.38
30	2.51	1.85	7.36	88.28
31	2.55	1.80	7.43	88.22
32	2.57	1.73	7.48	88.23
33	2.70	1.73	7.67	87.91
34	2.68	1.67	7.74	87.91
35	2.76	1.65	7.94	87.65
36	2.89	1.71	8.23	87.17
37	3.00	1.77	8.48	86.76
38	2.88	1.71	8.48	86.93
39	2.93	1.69	8.58	86.80
40	2.92	1.65	8.47	86.95
41	3.06	1.70	8.65	86.59
42	3.07	1.70	8.70	86.52
43	3.06	1.68	8.66	86.60
44	3.13	1.70	8.69	86.48
45	3.20	1.73	8.76	86.30
46	3.33	1.80	9.06	85.81
47	3.35	1.79	8.99	85.87
48	3.41	1.80	9.03	85.76
49	3.54	1.82	9.00	85.64
50	3.55	1.83	9.02	85.61
51	3.58	1.78	8.95	85.69
52	3.77	1.89	9.13	85.21
53	3.78	1.90	9.16	85.16
54	3.88	1.93	9.25	84.95
55	2.79	1.63	9.10	86.48
56	2.97	1.53	7.96	87.53
57	3.40	1.66	8.30	86.64
58	3.79	1.80	8.75	85.66
59	3.95	1.83	8.99	85.23
60	4.01	1.82	8.99	85.18
61	4.10	1.86	9.07	84.97
62	4.14	1.88	9.15	84.83
63	4.20	1.88	9.26	84.66
64	4.25	1.89	9.36	84.50
65	4.29	1.92	9.48	84.31
66	4.30	1.92	9.51	84.27
67	4.25	1.84	9.39	84.52
68	4.31	1.78	9.19	84.72
69	4.38	1.76	9.12	84.75
70	4.37	1.72	9.07	84.84
71	4.39	1.71	9.05	84.86
72	4.49	1.75	9.12	84.64
73	4.45	1.71	9.09	84.74
74	4.45	1.68	9.02	84.85
75	4.54	1.72	9.16	84.58
76	4.51	1.69	9.14	84.66
77	4.53	1.71	9.18	84.58
78	4.60	1.73	9.29	84.38
79	4.62	1.73	9.31	84.35
80	4.58	1.67	9.18	84.57
81	4.70	1.71	9.34	84.25
82	4.68	1.64	9.15	84.53
83	4.78	1.65	9.13	84.44
84	4.85	1.67	9.18	84.30
85	4.96	1.69	9.30	84.05
86	5.11	1.74	9.35	83.80
87	5.25	1.77	9.46	83.52
88	5.40	1.80	9.51	83.29
89	5.60	1.84	9.61	82.96
90	5.78	1.83	9.65	82.74
91	5.96	1.82	9.61	82.61
92	6.18	1.80	9.59	82.42
93	6.50	1.86	9.70	81.95
94	6.81	1.84	9.72	81.63
95	7.14	1.81	9.69	81.36
96	7.48	1.70	9.55	81.27
97	7.88	1.58	9.41	81.13
98	8.29	1.50	9.37	80.84
99	8.67	1.41	9.31	80.61
100	9.04	1.61	9.37	79.97




