Parameters
	Library type	Paired-end
	Input files	KU328820-15_A_L003_R1_001.fastq	KU328820-15_A_L003_R2_001.fastq
	Primer/Adaptor library	Paired End DNA Library
	Cut-off read length for HQ	70%
	Cut-off quality score	20
	Only statistics	On
	Number of CPUs	2


QC statistics
	File name	KU328820-15_A_L003_R1_001.fastq	KU328820-15_A_L003_R2_001.fastq
	Total number of reads	4000000	4000000
	Total number of HQ reads	3729670	3729670
	Percentage of HQ reads	93.24%	93.24%
	Total number of bases	400000000	400000000
	Total number of bases in HQ reads	372967000	372967000
	Total number of HQ bases in HQ reads	367126836	367090185
	Percentage of HQ bases in HQ reads	98.43%	98.42%
	Number of Primer/Adaptor contaminated HQ reads	7	6
	Total number of HQ filtered reads	3729657	3729657
	Percentage of HQ filtered reads	93.24%	93.24%


Detailed QC statistics
	File name	KU328820-15_A_L003_R1_001.fastq	KU328820-15_A_L003_R2_001.fastq
	Minimum read length	100	100
	Maximum read length	100	100
	Average read length	100.00	100.00
	Total number of reads	4000000	4000000
	Total number of reads with non-ATGC bases	21283	11253
	Percentage of reads with non-ATGC bases	0.53%	0.28%
	Total number of bases	400000000	400000000
	Total number of HQ bases	386127226	383598042
	Percentage of HQ bases	96.53%	95.90%
	Total number of non-ATGC bases	112319	34601
	Percentage of non-ATGC bases	0.03%	0.01%


Average quality score at each base position of input reads

KU328820-15_A_L003_R1_001.fastq
32.50	32.73	32.81	36.23	36.16	36.15	36.14	36.13	37.87	37.85	37.83	37.83	37.84	39.29	39.26	39.25	39.22	39.19	39.21	39.18	39.15	39.08	39.03	38.99	38.94	38.86	38.77	38.71	38.63	38.56	38.51	38.45	38.34	38.30	38.14	38.08	37.98	37.92	37.82	37.77	37.70	37.60	37.64	37.61	37.63	37.58	37.50	37.46	37.35	37.29	37.44	37.48	37.39	37.33	37.21	37.15	37.03	36.87	36.72	36.66	36.59	36.45	36.29	36.11	35.97	35.85	35.65	35.41	35.24	34.95	34.73	34.47	34.27	33.70	33.79	32.70	33.30	33.53	33.50	33.36	33.24	33.10	32.90	32.67	32.46	32.30	32.17	32.01	31.87	31.69	31.55	31.41	31.22	31.07	30.89	30.73	30.47	30.21	30.01	28.74	

KU328820-15_A_L003_R2_001.fastq
36.54	36.54	36.47	36.52	32.07	32.27	32.33	35.73	35.69	35.74	35.70	35.69	37.31	37.36	37.34	37.30	37.30	38.68	38.70	38.58	38.60	38.55	38.56	38.54	38.48	38.46	38.44	38.42	38.35	38.32	38.26	38.20	38.15	38.09	38.01	37.99	37.91	37.86	37.71	37.64	37.64	37.55	37.52	37.42	37.31	37.36	37.35	37.35	37.34	37.23	37.20	37.10	37.06	36.92	35.79	36.25	36.56	36.72	36.67	36.62	36.53	36.45	36.26	36.16	35.93	35.86	35.92	35.93	35.88	35.74	35.56	35.43	35.28	35.13	34.87	34.74	34.51	34.32	34.10	33.94	33.76	33.57	33.31	33.08	32.92	32.75	32.51	32.37	32.17	31.99	31.83	31.67	31.51	31.38	31.19	31.02	30.85	30.64	30.42	30.29	





Read count (%) per base for different quality score ranges

	KU328820-15_A_L003_R1_001.fastq
Ranges	0-10	11-20	21-30	31-40
Base
1	0.15	0.28	7.92	91.65
2	0.09	0.29	7.33	92.29
3	0.07	0.22	7.10	92.60
4	0.09	0.24	2.23	97.45
5	0.13	0.28	2.57	97.02
6	0.10	0.34	2.61	96.95
7	0.10	0.35	2.65	96.89
8	0.11	0.35	2.65	96.89
9	0.11	0.36	2.73	96.80
10	0.13	0.38	2.80	96.70
11	0.13	0.38	2.83	96.65
12	0.13	0.38	2.83	96.66
13	0.12	0.37	2.78	96.73
14	0.32	0.85	4.98	93.85
15	0.35	0.89	5.01	93.75
16	0.34	0.88	4.93	93.86
17	0.36	0.91	5.07	93.66
18	0.38	0.91	5.10	93.61
19	0.41	0.92	5.23	93.43
20	0.44	0.95	5.23	93.38
21	0.45	0.93	5.24	93.38
22	0.52	1.00	5.44	93.04
23	0.55	0.99	5.48	92.97
24	0.65	1.04	5.71	92.61
25	0.70	1.04	5.77	92.49
26	0.95	1.10	5.70	92.24
27	1.05	1.18	5.94	91.83
28	1.13	1.18	6.00	91.68
29	1.24	1.19	6.18	91.39
30	1.30	1.20	6.34	91.16
31	1.34	1.17	6.43	91.06
32	1.41	1.17	6.55	90.87
33	1.50	1.22	6.85	90.43
34	1.52	1.20	6.83	90.46
35	1.69	1.31	7.26	89.74
36	1.64	1.23	7.01	90.12
37	1.70	1.29	7.39	89.62
38	1.79	1.30	7.37	89.55
39	1.88	1.33	7.54	89.25
40	1.92	1.34	7.49	89.25
41	1.95	1.32	7.34	89.40
42	2.02	1.35	7.49	89.14
43	2.08	1.41	7.87	88.64
44	2.20	1.44	7.84	88.52
45	2.26	1.43	7.79	88.52
46	2.37	1.47	7.83	88.34
47	2.49	1.51	7.95	88.06
48	2.53	1.50	7.93	88.03
49	2.65	1.56	8.13	87.67
50	2.69	1.57	8.11	87.63
51	2.68	1.49	7.91	87.92
52	2.78	1.45	7.70	88.06
53	2.90	1.50	7.87	87.73
54	2.97	1.50	7.84	87.70
55	3.07	1.51	7.97	87.45
56	3.10	1.50	7.90	87.50
57	3.15	1.51	8.01	87.32
58	3.25	1.57	8.20	86.97
59	3.36	1.59	8.40	86.65
60	3.36	1.56	8.34	86.74
61	3.42	1.52	8.24	86.82
62	3.51	1.55	8.37	86.57
63	3.57	1.59	8.50	86.33
64	3.66	1.62	8.68	86.04
65	3.71	1.62	8.79	85.88
66	3.74	1.59	8.76	85.91
67	3.81	1.64	8.89	85.66
68	3.93	1.69	9.22	85.16
69	3.96	1.69	9.24	85.11
70	4.36	1.66	9.28	84.70
71	4.48	1.69	9.43	84.40
72	4.60	1.77	9.71	83.92
73	4.36	2.12	9.93	83.59
74	4.76	2.21	11.25	81.78
75	4.43	2.14	10.56	82.88
76	4.07	2.26	14.66	79.01
77	4.11	1.74	11.19	82.96
78	4.25	1.60	9.87	84.29
79	4.35	1.59	9.45	84.61
80	4.45	1.63	9.38	84.54
81	4.50	1.59	9.19	84.72
82	4.59	1.58	9.06	84.77
83	4.74	1.63	9.20	84.42
84	4.97	1.68	9.41	83.94
85	5.09	1.84	9.71	83.36
86	5.26	1.87	9.84	83.04
87	5.41	1.84	9.86	82.89
88	5.62	1.87	9.91	82.59
89	5.82	1.87	10.00	82.32
90	6.09	1.93	10.16	81.82
91	6.36	1.95	10.22	81.47
92	6.63	1.94	10.24	81.19
93	7.00	1.98	10.43	80.60
94	7.37	1.96	10.44	80.24
95	7.83	1.91	10.49	79.77
96	8.31	1.81	10.38	79.49
97	8.95	1.80	10.62	78.63
98	9.61	1.75	10.80	77.84
99	10.33	1.58	10.51	77.58
100	11.41	3.07	16.25	69.27


	KU328820-15_A_L003_R2_001.fastq
Ranges	0-10	11-20	21-30	31-40
Base
1	1.03	0.45	0.25	98.27
2	1.04	0.40	0.25	98.31
3	0.93	0.69	0.38	98.00
4	0.86	0.68	0.34	98.13
5	0.93	0.73	10.17	88.18
6	0.86	0.76	9.22	89.16
7	0.84	0.72	8.97	89.47
8	0.84	0.71	3.58	94.86
9	0.90	0.73	3.67	94.70
10	0.74	0.82	3.51	94.93
11	0.78	0.85	3.58	94.79
12	0.79	0.84	3.58	94.78
13	0.86	0.88	3.74	94.51
14	0.84	0.84	3.57	94.75
15	0.88	0.83	3.62	94.67
16	0.90	0.86	3.71	94.53
17	0.92	0.85	3.68	94.56
18	1.99	1.82	6.29	89.89
19	1.99	1.73	6.13	90.15
20	2.13	1.86	6.41	89.60
21	2.09	1.79	6.23	89.88
22	2.18	1.79	6.35	89.68
23	2.24	1.80	6.39	89.56
24	2.29	1.79	6.39	89.53
25	2.38	1.83	6.54	89.26
26	2.43	1.80	6.55	89.22
27	2.47	1.76	6.52	89.25
28	2.61	1.80	6.88	88.71
29	2.64	1.76	6.80	88.79
30	2.67	1.69	6.83	88.82
31	2.74	1.68	6.96	88.63
32	2.80	1.65	7.10	88.45
33	2.90	1.62	7.24	88.24
34	2.93	1.59	7.30	88.19
35	3.03	1.61	7.55	87.81
36	3.03	1.59	7.67	87.71
37	3.11	1.59	7.89	87.41
38	3.14	1.59	7.97	87.29
39	3.28	1.67	8.23	86.82
40	3.31	1.69	8.36	86.64
41	3.26	1.61	8.20	86.93
42	3.37	1.66	8.35	86.62
43	3.38	1.64	8.32	86.66
44	3.49	1.69	8.40	86.42
45	3.58	1.72	8.54	86.16
46	3.68	1.76	8.77	85.79
47	3.68	1.73	8.67	85.92
48	3.74	1.71	8.56	85.98
49	3.83	1.71	8.46	86.00
50	3.97	1.76	8.62	85.64
51	3.98	1.75	8.60	85.67
52	4.10	1.79	8.69	85.42
53	4.10	1.77	8.62	85.51
54	4.23	1.83	8.76	85.18
55	3.11	1.55	8.64	86.70
56	3.26	1.45	7.51	87.78
57	3.76	1.59	7.91	86.75
58	4.12	1.68	8.29	85.91
59	4.42	1.80	8.64	85.14
60	4.46	1.78	8.67	85.09
61	4.51	1.83	8.82	84.84
62	4.49	1.77	8.64	85.11
63	4.64	1.87	9.12	84.37
64	4.66	1.85	9.15	84.33
65	4.85	1.99	9.38	83.78
66	4.74	1.92	9.39	83.95
67	4.74	1.84	9.23	84.18
68	4.78	1.74	8.90	84.58
69	4.82	1.66	8.70	84.82
70	4.90	1.67	8.68	84.75
71	4.94	1.68	8.77	84.60
72	4.92	1.65	8.72	84.71
73	4.92	1.63	8.67	84.78
74	4.92	1.60	8.63	84.85
75	5.01	1.67	8.84	84.48
76	4.95	1.62	8.76	84.67
77	5.01	1.64	8.85	84.49
78	5.03	1.63	8.88	84.46
79	5.08	1.65	8.99	84.29
80	5.06	1.63	8.83	84.49
81	5.09	1.59	8.84	84.48
82	5.15	1.58	8.77	84.49
83	5.32	1.67	9.01	84.01
84	5.42	1.72	9.21	83.66
85	5.47	1.70	9.20	83.63
86	5.60	1.68	9.12	83.60
87	5.82	1.78	9.36	83.04
88	5.93	1.77	9.28	83.02
89	6.15	1.81	9.42	82.62
90	6.34	1.84	9.52	82.29
91	6.57	1.85	9.57	82.01
92	6.82	1.84	9.58	81.76
93	7.10	1.84	9.58	81.49
94	7.39	1.78	9.50	81.33
95	7.78	1.76	9.58	80.88
96	8.21	1.70	9.50	80.59
97	8.67	1.61	9.43	80.29
98	9.19	1.59	9.51	79.71
99	9.66	1.57	9.80	78.97
100	10.05	1.62	9.48	78.84




