Parameters
	Library type	Paired-end
	Input files	KU328820-15_A_L003_R1_039.fastq	KU328820-15_A_L003_R2_039.fastq
	Primer/Adaptor library	Paired End DNA Library
	Cut-off read length for HQ	70%
	Cut-off quality score	20
	Only statistics	On
	Number of CPUs	2


QC statistics
	File name	KU328820-15_A_L003_R1_039.fastq	KU328820-15_A_L003_R2_039.fastq
	Total number of reads	4000000	4000000
	Total number of HQ reads	3697106	3697106
	Percentage of HQ reads	92.43%	92.43%
	Total number of bases	400000000	400000000
	Total number of bases in HQ reads	369710600	369710600
	Total number of HQ bases in HQ reads	363400408	361966515
	Percentage of HQ bases in HQ reads	98.29%	97.91%
	Number of Primer/Adaptor contaminated HQ reads	5	14
	Total number of HQ filtered reads	3697087	3697087
	Percentage of HQ filtered reads	92.43%	92.43%


Detailed QC statistics
	File name	KU328820-15_A_L003_R1_039.fastq	KU328820-15_A_L003_R2_039.fastq
	Minimum read length	100	100
	Maximum read length	100	100
	Average read length	100.00	100.00
	Total number of reads	4000000	4000000
	Total number of reads with non-ATGC bases	5313	7252
	Percentage of reads with non-ATGC bases	0.13%	0.18%
	Total number of bases	400000000	400000000
	Total number of HQ bases	385150982	378781539
	Percentage of HQ bases	96.29%	94.70%
	Total number of non-ATGC bases	18684	216062
	Percentage of non-ATGC bases	0.00%	0.05%


Average quality score at each base position of input reads

KU328820-15_A_L003_R1_039.fastq
31.93	32.27	32.18	35.80	35.72	35.74	35.76	35.79	37.41	37.46	37.44	37.41	37.38	38.69	38.68	38.64	38.66	38.55	38.66	38.60	38.59	38.56	38.51	38.48	38.46	38.37	38.23	38.17	38.13	38.06	38.00	37.86	37.76	37.74	37.67	37.61	37.28	37.32	37.33	37.19	37.19	37.13	37.36	37.35	37.33	37.22	37.20	37.15	37.09	36.93	37.07	37.05	37.03	36.96	36.85	36.78	36.69	36.49	36.41	36.32	36.23	36.01	35.93	35.84	35.63	35.41	35.28	35.11	34.92	34.80	34.68	34.47	34.29	34.05	33.83	32.88	33.19	33.28	33.21	33.09	32.95	32.77	32.47	32.29	32.11	31.96	31.83	31.68	31.53	31.35	31.14	31.03	30.92	30.73	30.55	30.34	30.18	30.01	29.82	28.32	

KU328820-15_A_L003_R2_039.fastq
36.61	36.59	36.57	36.58	31.08	31.37	31.53	34.97	34.95	34.91	34.93	34.99	36.63	36.63	36.54	36.63	36.49	37.77	37.70	37.71	37.64	37.63	37.65	37.57	37.64	37.50	37.32	37.43	37.38	37.37	37.35	37.37	37.31	37.26	37.15	37.02	37.04	37.02	37.01	36.75	36.82	36.75	36.71	36.54	36.49	36.55	36.64	36.45	36.42	36.31	36.25	36.17	36.19	36.11	35.15	35.51	35.83	35.89	35.86	35.80	35.73	35.60	35.46	35.32	35.03	35.07	35.06	35.01	34.90	34.87	34.65	34.39	34.29	34.21	33.99	33.92	33.69	33.48	33.30	33.12	32.90	32.75	32.58	32.40	32.23	31.98	31.83	31.62	31.48	31.28	31.14	30.96	30.72	30.50	30.42	30.23	29.96	29.77	29.54	29.37	





Read count (%) per base for different quality score ranges

	KU328820-15_A_L003_R1_039.fastq
Ranges	0-10	11-20	21-30	31-40
Base
1	0.34	0.61	12.21	86.84
2	0.12	0.58	10.65	88.65
3	0.55	0.73	10.86	87.85
4	0.13	0.90	3.55	95.42
5	0.22	0.58	4.23	94.97
6	0.18	0.61	4.15	95.07
7	0.18	0.59	4.10	95.13
8	0.17	0.56	3.98	95.29
9	0.19	0.58	4.16	95.07
10	0.17	0.54	3.96	95.33
11	0.18	0.55	4.01	95.27
12	0.19	0.57	4.11	95.13
13	0.21	0.59	4.19	95.01
14	0.41	1.15	6.23	92.21
15	0.42	1.16	6.24	92.18
16	0.46	1.18	6.30	92.06
17	0.43	1.15	6.14	92.28
18	0.50	1.28	6.54	91.68
19	0.48	1.19	6.28	92.05
20	0.53	1.25	6.48	91.74
21	0.52	1.23	6.42	91.83
22	0.56	1.23	6.43	91.78
23	0.59	1.22	6.52	91.67
24	0.65	1.25	6.71	91.39
25	0.69	1.23	6.71	91.36
26	0.95	1.31	6.68	91.06
27	1.11	1.42	7.06	90.41
28	1.18	1.43	7.16	90.23
29	1.24	1.40	7.21	90.15
30	1.32	1.42	7.43	89.83
31	1.36	1.39	7.59	89.67
32	1.51	1.49	8.00	89.00
33	1.58	1.52	8.23	88.66
34	1.57	1.48	8.29	88.66
35	1.64	1.51	8.42	88.44
36	1.66	1.50	8.51	88.34
37	2.31	1.85	8.91	86.93
38	1.84	1.79	9.19	87.18
39	1.83	1.67	8.82	87.68
40	1.99	1.72	9.00	87.29
41	1.95	1.67	8.88	87.50
42	2.00	1.61	8.90	87.49
43	1.95	1.56	8.88	87.60
44	2.07	1.60	8.97	87.35
45	2.17	1.63	8.93	87.27
46	2.29	1.71	9.18	86.83
47	2.31	1.67	9.07	86.95
48	2.37	1.69	9.12	86.82
49	2.43	1.71	9.14	86.72
50	2.61	1.80	9.35	86.24
51	2.46	1.73	9.15	86.66
52	2.57	1.71	9.10	86.62
53	2.63	1.69	9.09	86.59
54	2.73	1.71	9.09	86.47
55	2.82	1.75	9.20	86.24
56	2.86	1.76	9.22	86.16
57	2.92	1.76	9.25	86.06
58	3.06	1.86	9.55	85.54
59	3.11	1.79	9.58	85.52
60	3.14	1.78	9.54	85.55
61	3.16	1.76	9.51	85.57
62	3.31	1.87	9.87	84.96
63	3.32	1.83	9.81	85.05
64	3.33	1.77	9.76	85.13
65	3.45	1.85	10.02	84.68
66	3.57	1.92	10.32	84.19
67	3.57	1.90	10.40	84.13
68	3.64	1.91	10.48	83.98
69	3.71	1.92	10.67	83.70
70	3.70	1.88	10.55	83.87
71	3.72	1.81	10.49	83.98
72	3.83	1.85	10.63	83.69
73	3.90	1.85	10.71	83.54
74	4.02	1.90	10.97	83.11
75	4.10	1.94	11.17	82.79
76	3.94	2.14	14.51	79.40
77	4.03	1.92	12.25	81.80
78	4.15	1.86	11.41	82.58
79	4.27	1.89	11.13	82.71
80	4.35	1.88	10.93	82.85
81	4.45	1.87	10.87	82.81
82	4.58	1.90	10.90	82.62
83	4.89	2.05	11.35	81.71
84	5.04	2.09	11.53	81.34
85	5.20	2.20	11.61	81.00
86	5.36	2.21	11.63	80.80
87	5.52	2.19	11.67	80.61
88	5.75	2.20	11.73	80.33
89	6.00	2.25	11.75	80.00
90	6.29	2.29	11.89	79.52
91	6.66	2.40	12.22	78.71
92	6.93	2.33	12.12	78.61
93	7.24	2.24	11.94	78.59
94	7.70	2.25	12.02	78.03
95	8.20	2.20	12.01	77.60
96	8.76	2.17	12.04	77.04
97	9.31	2.00	11.85	76.84
98	9.95	1.76	11.59	76.70
99	10.71	1.57	11.07	76.66
100	11.92	3.53	17.99	66.56


	KU328820-15_A_L003_R2_039.fastq
Ranges	0-10	11-20	21-30	31-40
Base
1	1.00	0.27	0.15	98.58
2	1.08	0.25	0.16	98.50
3	0.71	0.63	0.24	98.41
4	0.73	0.60	0.20	98.47
5	1.68	1.48	16.97	79.87
6	1.56	1.38	14.67	82.38
7	1.52	1.28	13.83	83.36
8	1.62	1.29	5.80	91.29
9	1.66	1.32	5.85	91.16
10	1.49	1.62	5.89	90.99
11	1.44	1.62	5.85	91.09
12	1.36	1.58	5.59	91.47
13	1.27	1.46	5.37	91.90
14	1.30	1.38	5.46	91.87
15	1.40	1.44	5.66	91.50
16	1.31	1.33	5.37	91.98
17	1.45	1.44	5.78	91.32
18	2.46	2.43	7.85	87.26
19	2.56	2.50	8.02	86.93
20	2.55	2.47	7.91	87.07
21	2.65	2.49	8.01	86.86
22	2.69	2.43	7.94	86.94
23	2.84	2.51	8.19	86.46
24	2.93	2.55	8.34	86.18
25	2.82	2.43	8.06	86.69
26	3.05	2.50	8.41	86.05
27	3.21	2.63	8.73	85.43
28	3.15	2.51	8.71	85.63
29	3.22	2.48	8.83	85.46
30	3.28	2.39	8.79	85.54
31	3.31	2.33	8.85	85.51
32	3.31	2.17	8.81	85.70
33	3.39	2.16	9.00	85.46
34	3.44	2.12	9.18	85.26
35	3.54	2.13	9.48	84.85
36	3.65	2.20	9.83	84.32
37	3.57	2.13	9.84	84.46
38	3.63	2.09	9.92	84.37
39	3.59	2.06	9.98	84.37
40	3.96	2.24	10.53	83.27
41	3.71	2.13	10.33	83.83
42	3.84	2.14	10.32	83.70
43	3.87	2.14	10.34	83.65
44	4.07	2.22	10.65	83.06
45	4.10	2.22	10.63	83.06
46	4.19	2.29	10.88	82.64
47	4.10	2.17	10.61	83.12
48	4.44	2.33	10.88	82.35
49	4.49	2.34	10.83	82.35
50	4.58	2.40	10.99	82.03
51	4.65	2.38	10.96	82.01
52	4.73	2.43	11.04	81.80
53	4.67	2.36	10.90	82.07
54	4.76	2.35	10.93	81.96
55	3.74	2.04	10.91	83.31
56	4.02	2.04	9.91	84.02
57	4.41	2.12	10.12	83.36
58	4.78	2.22	10.49	82.50
59	4.99	2.31	10.72	81.99
60	5.09	2.33	10.83	81.75
61	5.16	2.32	10.85	81.67
62	5.26	2.36	10.93	81.45
63	5.31	2.36	11.13	81.20
64	5.38	2.40	11.22	81.00
65	5.84	2.57	11.37	80.22
66	5.39	2.53	11.35	80.73
67	5.44	2.38	11.38	80.80
68	5.50	2.30	11.12	81.08
69	5.62	2.27	11.07	81.04
70	5.58	2.15	10.86	81.41
71	5.77	2.20	10.98	81.06
72	5.94	2.27	11.27	80.52
73	5.83	2.31	11.20	80.66
74	5.75	2.21	11.07	80.97
75	5.84	2.22	11.23	80.71
76	5.77	2.08	10.96	81.19
77	5.88	2.12	11.13	80.87
78	5.93	2.11	11.26	80.70
79	5.97	2.12	11.25	80.65
80	6.03	2.11	11.26	80.60
81	6.13	2.15	11.38	80.34
82	6.17	2.11	11.27	80.46
83	6.25	2.08	11.23	80.44
84	6.36	2.08	11.20	80.36
85	6.48	2.08	11.18	80.26
86	6.71	2.18	11.41	79.70
87	6.84	2.16	11.37	79.63
88	7.08	2.22	11.50	79.21
89	7.26	2.19	11.37	79.18
90	7.53	2.23	11.51	78.74
91	7.79	2.19	11.34	78.68
92	8.12	2.19	11.36	78.33
93	8.56	2.28	11.61	77.56
94	9.01	2.30	11.67	77.02
95	9.35	2.10	11.26	77.29
96	9.88	1.99	11.12	77.01
97	10.55	2.00	11.26	76.19
98	11.10	1.87	11.18	75.85
99	11.64	1.84	11.42	75.10
100	12.10	1.99	11.18	74.73




