Parameters
	Library type	Paired-end
	Input files	KU328820-15_A_L003_R1_020.fastq	KU328820-15_A_L003_R2_020.fastq
	Primer/Adaptor library	Paired End DNA Library
	Cut-off read length for HQ	70%
	Cut-off quality score	20
	Only statistics	On
	Number of CPUs	2


QC statistics
	File name	KU328820-15_A_L003_R1_020.fastq	KU328820-15_A_L003_R2_020.fastq
	Total number of reads	4000000	4000000
	Total number of HQ reads	3764504	3764504
	Percentage of HQ reads	94.11%	94.11%
	Total number of bases	400000000	400000000
	Total number of bases in HQ reads	376450400	376450400
	Total number of HQ bases in HQ reads	370820008	371143455
	Percentage of HQ bases in HQ reads	98.50%	98.59%
	Number of Primer/Adaptor contaminated HQ reads	5	14
	Total number of HQ filtered reads	3764485	3764485
	Percentage of HQ filtered reads	94.11%	94.11%


Detailed QC statistics
	File name	KU328820-15_A_L003_R1_020.fastq	KU328820-15_A_L003_R2_020.fastq
	Minimum read length	100	100
	Maximum read length	100	100
	Average read length	100.00	100.00
	Total number of reads	4000000	4000000
	Total number of reads with non-ATGC bases	18664	19229
	Percentage of reads with non-ATGC bases	0.47%	0.48%
	Total number of bases	400000000	400000000
	Total number of HQ bases	387271850	385669504
	Percentage of HQ bases	96.82%	96.42%
	Total number of non-ATGC bases	414288	81137
	Percentage of non-ATGC bases	0.10%	0.02%


Average quality score at each base position of input reads

KU328820-15_A_L003_R1_020.fastq
32.50	32.72	32.77	36.22	36.11	36.12	36.11	36.10	37.83	37.81	37.78	37.77	37.77	39.23	39.21	39.18	39.17	39.13	39.13	39.10	39.05	39.04	39.03	38.99	38.94	38.86	38.79	38.71	38.68	38.58	38.50	38.48	38.42	38.33	38.30	38.22	38.14	38.05	37.99	37.91	37.81	37.71	37.90	37.94	37.97	37.91	37.83	37.77	37.68	37.58	37.66	37.65	37.65	37.56	37.50	37.40	37.28	37.18	37.06	36.96	36.86	36.73	36.56	36.44	36.30	36.12	35.95	35.77	35.55	35.18	34.94	34.75	34.55	34.01	33.99	32.87	33.35	33.56	33.55	33.39	33.21	33.05	32.90	32.71	32.57	32.46	32.26	32.10	31.94	31.82	31.70	31.53	31.38	31.19	31.06	30.92	30.75	30.48	30.27	28.83	

KU328820-15_A_L003_R2_020.fastq
36.49	36.50	36.46	36.48	31.95	32.27	32.26	35.70	35.73	35.71	35.72	35.71	37.40	37.37	37.34	37.33	37.31	38.72	38.71	38.63	38.63	38.61	38.63	38.58	38.55	38.54	38.52	38.51	38.44	38.38	38.35	38.29	38.22	38.19	38.16	38.06	38.02	37.94	37.90	37.82	37.78	37.67	37.68	37.61	37.53	37.63	37.60	37.63	37.58	37.53	37.41	37.39	37.30	37.22	36.16	36.52	36.87	37.02	37.02	36.93	36.82	36.69	36.61	36.50	36.34	36.21	36.24	36.20	36.06	35.98	35.80	35.68	35.53	35.36	35.19	35.02	34.76	34.56	34.44	34.22	34.02	33.77	33.61	33.47	33.26	33.11	32.94	32.75	32.59	32.47	32.29	32.10	31.91	31.76	31.65	31.50	31.38	31.19	31.06	30.93	





Read count (%) per base for different quality score ranges

	KU328820-15_A_L003_R1_020.fastq
Ranges	0-10	11-20	21-30	31-40
Base
1	0.14	0.30	8.13	91.43
2	0.08	0.31	7.50	92.11
3	0.08	0.26	7.43	92.22
4	0.08	0.25	2.25	97.42
5	0.13	0.33	2.82	96.71
6	0.10	0.36	2.77	96.77
7	0.11	0.36	2.78	96.74
8	0.12	0.38	2.83	96.68
9	0.12	0.39	2.90	96.58
10	0.13	0.40	2.93	96.54
11	0.14	0.42	3.04	96.40
12	0.15	0.41	3.05	96.39
13	0.14	0.41	3.02	96.43
14	0.32	0.91	5.21	93.56
15	0.34	0.91	5.22	93.52
16	0.36	0.95	5.27	93.43
17	0.38	0.94	5.24	93.44
18	0.40	0.97	5.31	93.32
19	0.44	1.03	5.53	93.01
20	0.46	1.04	5.55	92.95
21	0.50	1.06	5.66	92.78
22	0.51	1.03	5.59	92.88
23	0.52	1.00	5.55	92.93
24	0.58	1.04	5.80	92.58
25	0.63	1.06	5.87	92.43
26	0.86	1.15	5.84	92.15
27	0.95	1.18	5.99	91.88
28	1.04	1.21	6.17	91.58
29	1.06	1.17	6.17	91.60
30	1.18	1.21	6.45	91.16
31	1.23	1.21	6.60	90.96
32	1.22	1.17	6.67	90.94
33	1.26	1.18	6.80	90.76
34	1.35	1.22	7.03	90.40
35	1.35	1.19	7.01	90.46
36	1.40	1.22	7.13	90.25
37	1.46	1.23	7.25	90.06
38	1.49	1.26	7.35	89.90
39	1.53	1.27	7.35	89.85
40	1.61	1.31	7.41	89.68
41	1.68	1.33	7.49	89.50
42	1.72	1.37	7.63	89.28
43	1.74	1.37	7.74	89.15
44	1.77	1.37	7.67	89.18
45	1.84	1.35	7.58	89.23
46	1.93	1.38	7.66	89.03
47	2.00	1.43	7.73	88.83
48	2.04	1.45	7.83	88.69
49	2.12	1.48	7.92	88.47
50	2.20	1.53	7.98	88.29
51	2.15	1.48	7.92	88.45
52	2.24	1.45	7.77	88.54
53	2.26	1.41	7.68	88.66
54	2.36	1.44	7.74	88.47
55	2.39	1.43	7.73	88.44
56	2.47	1.46	7.80	88.27
57	2.54	1.48	7.91	88.07
58	2.58	1.49	7.93	88.00
59	2.65	1.48	8.04	87.82
60	2.67	1.46	8.02	87.85
61	2.72	1.44	8.00	87.83
62	2.76	1.45	8.05	87.73
63	2.84	1.47	8.17	87.52
64	2.87	1.46	8.20	87.48
65	2.93	1.44	8.24	87.38
66	3.01	1.47	8.35	87.17
67	3.08	1.46	8.43	87.03
68	3.16	1.47	8.48	86.89
69	3.30	1.49	8.59	86.62
70	3.66	1.62	9.04	85.68
71	3.77	1.68	9.29	85.25
72	3.84	1.68	9.44	85.05
73	3.88	1.67	9.52	84.93
74	4.12	1.99	10.74	83.15
75	4.13	1.81	10.19	83.87
76	3.89	2.02	14.16	79.93
77	3.95	1.72	11.08	83.25
78	4.06	1.63	9.87	84.44
79	4.15	1.58	9.43	84.84
80	4.29	1.63	9.37	84.71
81	4.39	1.69	9.46	84.45
82	4.49	1.70	9.43	84.38
83	4.59	1.69	9.39	84.33
84	4.76	1.74	9.51	83.99
85	4.86	1.75	9.50	83.89
86	4.97	1.73	9.41	83.89
87	5.21	1.81	9.63	83.35
88	5.42	1.84	9.75	82.99
89	5.62	1.90	9.88	82.60
90	5.82	1.88	9.91	82.39
91	6.04	1.85	9.90	82.21
92	6.38	1.89	9.98	81.76
93	6.69	1.90	10.01	81.40
94	7.08	1.92	10.22	80.78
95	7.48	1.85	10.15	80.53
96	7.91	1.73	9.97	80.38
97	8.45	1.62	9.84	80.10
98	9.12	1.58	10.10	79.20
99	9.83	1.45	9.86	78.85
100	10.91	3.18	16.79	69.12


	KU328820-15_A_L003_R2_020.fastq
Ranges	0-10	11-20	21-30	31-40
Base
1	1.22	0.33	0.16	98.29
2	1.28	0.28	0.17	98.26
3	1.08	0.55	0.31	98.06
4	0.97	0.62	0.23	98.18
5	0.96	0.80	11.01	87.24
6	0.78	0.73	9.30	89.20
7	0.89	0.78	9.41	88.92
8	0.85	0.74	3.70	94.71
9	0.81	0.70	3.57	94.92
10	0.75	0.84	3.66	94.76
11	0.74	0.83	3.62	94.80
12	0.75	0.81	3.62	94.82
13	0.75	0.81	3.59	94.86
14	0.78	0.81	3.67	94.75
15	0.81	0.82	3.69	94.68
16	0.82	0.83	3.71	94.64
17	0.84	0.84	3.75	94.57
18	1.79	1.75	6.21	90.25
19	1.80	1.73	6.22	90.25
20	1.89	1.78	6.43	89.89
21	1.90	1.75	6.30	90.05
22	1.92	1.73	6.32	90.03
23	2.03	1.78	6.52	89.67
24	2.07	1.83	6.60	89.51
25	2.07	1.80	6.60	89.53
26	2.09	1.74	6.54	89.63
27	2.14	1.71	6.53	89.62
28	2.28	1.73	6.80	89.19
29	2.33	1.76	6.94	88.98
30	2.38	1.71	7.05	88.87
31	2.39	1.66	7.02	88.92
32	2.45	1.65	7.20	88.70
33	2.54	1.64	7.32	88.49
34	2.55	1.60	7.39	88.45
35	2.58	1.57	7.50	88.35
36	2.68	1.59	7.80	87.93
37	2.68	1.58	7.87	87.87
38	2.74	1.60	8.10	87.56
39	2.75	1.60	8.15	87.49
40	2.82	1.63	8.26	87.28
41	2.83	1.61	8.31	87.24
42	2.93	1.66	8.45	86.96
43	2.87	1.62	8.31	87.20
44	2.94	1.62	8.33	87.12
45	2.99	1.64	8.40	86.96
46	3.05	1.66	8.59	86.69
47	3.15	1.68	8.65	86.52
48	3.16	1.66	8.50	86.68
49	3.26	1.69	8.48	86.56
50	3.30	1.69	8.49	86.52
51	3.43	1.75	8.66	86.15
52	3.40	1.73	8.60	86.27
53	3.50	1.76	8.69	86.05
54	3.54	1.78	8.72	85.96
55	2.60	1.49	8.35	87.56
56	2.73	1.43	7.48	88.36
57	3.19	1.57	7.93	87.31
58	3.47	1.65	8.31	86.57
59	3.66	1.69	8.51	86.13
60	3.81	1.76	8.70	85.74
61	3.91	1.82	8.76	85.51
62	3.95	1.86	8.92	85.28
63	3.97	1.82	8.98	85.23
64	3.99	1.82	8.97	85.21
65	4.04	1.86	9.12	84.98
66	4.04	1.86	9.18	84.92
67	3.95	1.78	9.00	85.27
68	4.01	1.68	8.73	85.57
69	4.09	1.71	8.77	85.42
70	4.10	1.64	8.63	85.63
71	4.14	1.65	8.72	85.49
72	4.15	1.59	8.56	85.70
73	4.15	1.58	8.51	85.75
74	4.15	1.60	8.54	85.71
75	4.15	1.59	8.53	85.73
76	4.15	1.56	8.51	85.78
77	4.24	1.63	8.77	85.36
78	4.26	1.64	8.80	85.31
79	4.20	1.56	8.62	85.62
80	4.28	1.57	8.66	85.49
81	4.33	1.60	8.73	85.34
82	4.42	1.65	8.91	85.02
83	4.45	1.62	8.85	85.07
84	4.49	1.57	8.75	85.19
85	4.62	1.62	8.81	84.95
86	4.68	1.61	8.81	84.90
87	4.82	1.60	8.78	84.80
88	4.98	1.66	8.86	84.50
89	5.13	1.68	8.89	84.30
90	5.27	1.63	8.78	84.32
91	5.51	1.68	8.90	83.92
92	5.77	1.72	9.09	83.43
93	6.05	1.77	9.24	82.95
94	6.33	1.74	9.27	82.66
95	6.62	1.66	9.11	82.61
96	6.96	1.61	9.10	82.33
97	7.32	1.48	8.89	82.31
98	7.76	1.47	9.02	81.74
99	8.11	1.36	8.96	81.56
100	8.44	1.46	8.75	81.36




