Parameters
	Library type	Paired-end
	Input files	KU328820-15_A_L003_R1_025.fastq	KU328820-15_A_L003_R2_025.fastq
	Primer/Adaptor library	Paired End DNA Library
	Cut-off read length for HQ	70%
	Cut-off quality score	20
	Only statistics	On
	Number of CPUs	2


QC statistics
	File name	KU328820-15_A_L003_R1_025.fastq	KU328820-15_A_L003_R2_025.fastq
	Total number of reads	4000000	4000000
	Total number of HQ reads	3705751	3705751
	Percentage of HQ reads	92.64%	92.64%
	Total number of bases	400000000	400000000
	Total number of bases in HQ reads	370575100	370575100
	Total number of HQ bases in HQ reads	364375587	364125216
	Percentage of HQ bases in HQ reads	98.33%	98.26%
	Number of Primer/Adaptor contaminated HQ reads	2	14
	Total number of HQ filtered reads	3705735	3705735
	Percentage of HQ filtered reads	92.64%	92.64%


Detailed QC statistics
	File name	KU328820-15_A_L003_R1_025.fastq	KU328820-15_A_L003_R2_025.fastq
	Minimum read length	100	100
	Maximum read length	100	100
	Average read length	100.00	100.00
	Total number of reads	4000000	4000000
	Total number of reads with non-ATGC bases	7798	5311
	Percentage of reads with non-ATGC bases	0.19%	0.13%
	Total number of bases	400000000	400000000
	Total number of HQ bases	384530440	382093149
	Percentage of HQ bases	96.13%	95.52%
	Total number of non-ATGC bases	106989	216464
	Percentage of non-ATGC bases	0.03%	0.05%


Average quality score at each base position of input reads

KU328820-15_A_L003_R1_025.fastq
32.39	32.66	32.71	36.19	36.10	36.09	36.08	36.07	37.81	37.79	37.78	37.76	37.75	39.21	39.20	39.17	39.13	39.10	39.14	39.09	39.07	39.02	38.96	38.91	38.85	38.76	38.68	38.62	38.53	38.49	38.41	38.34	38.25	38.18	38.07	38.00	37.95	37.84	37.77	37.67	37.60	37.50	37.62	37.59	37.55	37.47	37.41	37.32	37.28	37.14	36.95	37.08	37.17	37.17	37.10	37.02	36.96	36.84	36.71	36.56	36.21	36.18	36.09	35.99	35.85	35.70	35.51	35.34	35.15	34.98	34.79	34.61	34.40	34.15	33.93	33.01	33.32	33.36	33.22	33.08	32.92	32.76	32.55	32.38	32.21	32.04	31.87	31.69	31.51	31.29	31.17	31.03	30.87	30.66	30.44	30.30	30.11	29.91	29.66	28.33	

KU328820-15_A_L003_R2_025.fastq
36.61	36.59	36.56	36.58	31.73	32.09	32.22	35.68	35.63	35.69	35.67	35.64	37.27	37.26	37.23	37.18	37.17	38.55	38.52	38.52	38.47	38.46	38.52	38.49	38.39	38.40	38.36	36.81	37.66	37.96	38.05	37.99	37.99	36.51	37.31	37.55	37.61	37.66	37.63	37.60	37.56	37.51	37.23	37.24	37.22	37.31	37.31	37.26	37.22	37.19	37.13	37.07	36.98	36.86	35.85	36.24	36.52	36.57	36.57	36.51	36.36	36.27	36.12	35.96	35.87	35.73	35.83	35.75	35.75	35.63	35.50	35.29	35.15	34.93	34.78	34.63	34.46	34.18	32.85	33.15	33.29	33.23	33.14	32.97	32.85	32.63	32.44	32.28	32.15	32.02	31.82	31.65	31.48	31.31	31.18	31.01	30.86	30.72	30.55	30.35	





Read count (%) per base for different quality score ranges

	KU328820-15_A_L003_R1_025.fastq
Ranges	0-10	11-20	21-30	31-40
Base
1	0.15	0.32	8.88	90.65
2	0.09	0.30	7.92	91.69
3	0.12	0.27	7.86	91.75
4	0.09	0.27	2.31	97.33
5	0.14	0.33	2.81	96.72
6	0.12	0.39	2.85	96.63
7	0.12	0.40	2.89	96.59
8	0.13	0.41	2.89	96.57
9	0.13	0.41	2.92	96.54
10	0.14	0.41	2.99	96.46
11	0.14	0.42	2.98	96.46
12	0.15	0.44	3.04	96.38
13	0.15	0.43	3.07	96.34
14	0.34	0.95	5.17	93.54
15	0.35	0.94	5.22	93.48
16	0.40	0.97	5.29	93.35
17	0.41	1.03	5.41	93.15
18	0.43	1.00	5.42	93.16
19	0.44	1.03	5.47	93.06
20	0.49	1.06	5.57	92.88
21	0.52	1.06	5.57	92.85
22	0.55	1.08	5.66	92.71
23	0.63	1.10	5.75	92.51
24	0.72	1.16	5.99	92.13
25	0.80	1.16	6.05	91.99
26	1.08	1.24	6.02	91.66
27	1.23	1.30	6.20	91.27
28	1.32	1.28	6.30	91.10
29	1.43	1.29	6.47	90.81
30	1.46	1.27	6.53	90.73
31	1.58	1.27	6.72	90.44
32	1.63	1.27	6.87	90.22
33	1.73	1.29	7.07	89.90
34	1.78	1.30	7.20	89.72
35	1.90	1.36	7.43	89.31
36	1.95	1.35	7.52	89.17
37	1.98	1.34	7.50	89.18
38	2.09	1.38	7.61	88.91
39	2.13	1.40	7.64	88.83
40	2.24	1.41	7.76	88.58
41	2.28	1.41	7.78	88.54
42	2.37	1.45	7.86	88.32
43	2.47	1.47	8.04	88.02
44	2.56	1.49	8.06	87.88
45	2.67	1.54	8.04	87.75
46	2.79	1.58	8.18	87.45
47	2.86	1.58	8.23	87.33
48	2.94	1.62	8.28	87.15
49	2.99	1.59	8.25	87.17
50	3.13	1.66	8.40	86.81
51	3.85	2.14	8.53	85.48
52	3.23	2.28	8.74	85.75
53	3.31	1.81	8.52	86.36
54	3.42	1.70	8.15	86.73
55	3.54	1.68	8.21	86.56
56	3.64	1.64	8.27	86.45
57	3.68	1.61	8.18	86.53
58	3.78	1.62	8.23	86.37
59	3.87	1.61	8.39	86.14
60	3.96	1.62	8.46	85.96
61	4.66	1.97	8.67	84.70
62	4.05	2.07	8.98	84.91
63	4.10	1.77	9.01	85.13
64	4.14	1.70	8.79	85.37
65	4.21	1.68	8.84	85.26
66	4.25	1.66	8.89	85.20
67	4.34	1.68	9.03	84.95
68	4.38	1.68	9.11	84.83
69	4.44	1.69	9.23	84.65
70	4.49	1.68	9.23	84.61
71	4.52	1.68	9.34	84.46
72	4.58	1.66	9.39	84.37
73	4.65	1.67	9.50	84.18
74	4.76	1.73	9.70	83.81
75	4.87	1.72	9.75	83.66
76	4.63	1.84	12.57	80.96
77	4.75	1.65	10.43	83.17
78	4.94	1.67	9.78	83.60
79	5.14	1.74	9.71	83.40
80	5.19	1.73	9.62	83.45
81	5.30	1.72	9.55	83.43
82	5.39	1.72	9.51	83.38
83	5.56	1.79	9.69	82.96
84	5.71	1.80	9.71	82.77
85	5.86	1.82	9.79	82.53
86	6.04	1.86	9.84	82.26
87	6.28	1.88	9.93	81.91
88	6.51	1.94	10.10	81.45
89	6.77	2.00	10.29	80.95
90	7.10	2.11	10.60	80.19
91	7.34	2.07	10.60	79.99
92	7.64	2.03	10.58	79.75
93	8.00	2.03	10.57	79.40
94	8.47	2.07	10.78	78.68
95	8.98	2.08	10.95	77.99
96	9.46	1.94	10.79	77.81
97	10.06	1.81	10.67	77.47
98	10.70	1.65	10.49	77.17
99	11.48	1.57	10.41	76.54
100	12.60	3.16	16.33	67.91


	KU328820-15_A_L003_R2_025.fastq
Ranges	0-10	11-20	21-30	31-40
Base
1	0.85	0.43	0.26	98.46
2	1.03	0.31	0.24	98.42
3	0.69	0.72	0.33	98.26
4	0.69	0.67	0.33	98.31
5	1.06	0.95	12.14	85.85
6	0.94	0.80	9.96	88.31
7	0.92	0.79	9.49	88.80
8	0.90	0.74	3.65	94.70
9	0.98	0.78	3.83	94.41
10	0.82	0.84	3.60	94.73
11	0.86	0.83	3.62	94.68
12	0.93	0.86	3.68	94.54
13	0.99	0.87	3.75	94.40
14	1.02	0.86	3.74	94.38
15	1.07	0.87	3.78	94.28
16	1.12	0.91	3.85	94.12
17	1.13	0.92	3.87	94.08
18	2.35	1.94	6.47	89.23
19	2.39	1.92	6.51	89.18
20	2.41	1.86	6.43	89.29
21	2.44	1.93	6.51	89.12
22	2.45	1.90	6.48	89.17
23	2.53	1.86	6.58	89.04
24	2.59	1.83	6.60	88.98
25	2.70	1.90	6.82	88.58
26	2.68	1.82	6.68	88.82
27	2.75	1.80	6.73	88.72
28	7.59	5.33	8.42	78.67
29	2.85	3.53	9.03	84.59
30	2.86	2.15	7.37	87.62
31	2.93	1.94	7.06	88.06
32	3.13	1.90	7.37	87.59
33	3.20	1.82	7.50	87.47
34	8.07	3.97	8.91	79.04
35	3.23	3.11	10.18	83.49
36	3.27	2.26	8.48	85.99
37	3.34	2.06	8.18	86.42
38	3.35	1.93	8.11	86.61
39	3.48	1.83	8.32	86.37
40	3.55	1.73	8.42	86.29
41	3.63	1.69	8.43	86.26
42	3.70	1.66	8.39	86.25
43	4.49	2.05	8.51	84.96
44	3.78	2.15	8.98	85.09
45	3.85	1.83	8.85	85.47
46	3.93	1.82	8.83	85.42
47	3.99	1.83	8.75	85.43
48	4.10	1.82	8.77	85.30
49	4.16	1.81	8.82	85.21
50	4.23	1.79	8.76	85.23
51	4.29	1.76	8.76	85.19
52	4.33	1.78	8.74	85.15
53	4.44	1.82	8.81	84.94
54	4.53	1.87	8.96	84.65
55	3.39	1.57	8.56	86.48
56	3.62	1.51	7.77	87.09
57	4.11	1.64	8.14	86.11
58	4.51	1.80	8.61	85.09
59	4.68	1.83	8.81	84.69
60	4.77	1.84	8.85	84.54
61	4.90	1.92	9.09	84.09
62	4.88	1.91	9.09	84.12
63	5.00	1.92	9.28	83.81
64	5.06	1.96	9.42	83.56
65	5.04	1.93	9.40	83.63
66	5.05	1.96	9.48	83.50
67	5.01	1.88	9.29	83.83
68	5.14	1.83	9.14	83.88
69	5.12	1.73	8.89	84.27
70	5.15	1.70	8.81	84.34
71	5.16	1.65	8.79	84.39
72	5.23	1.70	8.90	84.18
73	5.22	1.68	8.85	84.26
74	5.26	1.71	8.97	84.05
75	5.22	1.67	8.93	84.18
76	5.22	1.62	8.83	84.33
77	5.22	1.58	8.76	84.44
78	5.33	1.65	8.99	84.02
79	8.21	2.82	9.91	79.06
80	5.63	3.10	11.27	80.00
81	5.45	2.13	10.54	81.88
82	5.52	1.91	9.72	82.86
83	5.54	1.80	9.34	83.32
84	5.64	1.78	9.27	83.31
85	5.68	1.70	9.16	83.45
86	5.83	1.76	9.29	83.12
87	6.00	1.78	9.40	82.82
88	6.12	1.79	9.39	82.70
89	6.25	1.74	9.27	82.74
90	6.41	1.72	9.21	82.66
91	6.68	1.79	9.33	82.20
92	6.94	1.82	9.45	81.79
93	7.22	1.83	9.51	81.44
94	7.54	1.85	9.61	81.00
95	7.84	1.77	9.53	80.85
96	8.23	1.71	9.51	80.55
97	8.64	1.61	9.41	80.33
98	9.06	1.50	9.28	80.17
99	9.49	1.44	9.31	79.76
100	9.89	1.65	9.40	79.06




