Parameters
	Library type	Paired-end
	Input files	KU328820-15_A_L003_R1_045.fastq	KU328820-15_A_L003_R2_045.fastq
	Primer/Adaptor library	Paired End DNA Library
	Cut-off read length for HQ	70%
	Cut-off quality score	20
	Only statistics	On
	Number of CPUs	2


QC statistics
	File name	KU328820-15_A_L003_R1_045.fastq	KU328820-15_A_L003_R2_045.fastq
	Total number of reads	4000000	4000000
	Total number of HQ reads	3721832	3721832
	Percentage of HQ reads	93.05%	93.05%
	Total number of bases	400000000	400000000
	Total number of bases in HQ reads	372183200	372183200
	Total number of HQ bases in HQ reads	366171624	364997039
	Percentage of HQ bases in HQ reads	98.38%	98.07%
	Number of Primer/Adaptor contaminated HQ reads	5	11
	Total number of HQ filtered reads	3721816	3721816
	Percentage of HQ filtered reads	93.05%	93.05%


Detailed QC statistics
	File name	KU328820-15_A_L003_R1_045.fastq	KU328820-15_A_L003_R2_045.fastq
	Minimum read length	100	100
	Maximum read length	100	100
	Average read length	100.00	100.00
	Total number of reads	4000000	4000000
	Total number of reads with non-ATGC bases	2932	3297
	Percentage of reads with non-ATGC bases	0.07%	0.08%
	Total number of bases	400000000	400000000
	Total number of HQ bases	385951966	380897653
	Percentage of HQ bases	96.49%	95.22%
	Total number of non-ATGC bases	5927	51440
	Percentage of non-ATGC bases	0.00%	0.01%


Average quality score at each base position of input reads

KU328820-15_A_L003_R1_045.fastq
32.23	32.49	32.56	36.08	35.97	35.97	35.93	35.91	37.58	37.37	37.48	37.54	37.55	38.93	38.92	38.61	38.76	38.79	38.85	38.81	38.80	38.79	38.75	38.71	38.68	38.60	38.52	38.46	38.39	38.35	38.27	38.18	38.14	37.78	37.74	37.78	37.76	37.67	37.63	37.55	37.16	37.21	37.52	37.51	37.56	37.24	37.28	37.27	37.26	37.14	37.29	37.26	37.18	37.16	37.06	37.03	36.93	36.79	36.69	36.55	36.43	36.30	36.21	36.07	35.90	35.71	35.57	35.41	35.16	35.02	34.83	34.68	34.46	34.25	34.04	33.15	33.45	33.57	33.45	33.34	33.20	32.99	32.80	32.56	32.41	32.25	32.12	31.96	31.78	31.62	31.47	31.35	31.22	31.03	30.86	30.67	30.46	30.27	30.03	28.57	

KU328820-15_A_L003_R2_045.fastq
36.65	36.63	36.60	36.62	31.17	31.66	31.82	35.34	35.32	35.36	35.38	35.36	36.98	36.89	36.96	36.95	36.92	37.53	37.81	37.93	37.97	38.02	38.11	37.82	37.88	37.91	37.94	37.73	37.75	37.79	37.75	37.72	37.71	37.64	37.60	37.53	37.08	37.25	37.27	37.24	37.24	36.93	36.94	36.95	36.91	37.02	37.02	37.01	36.72	36.76	36.74	36.73	36.67	36.60	35.61	35.98	36.20	36.36	36.31	36.28	36.16	36.06	35.95	35.85	35.74	35.55	35.56	35.51	35.43	35.32	35.19	35.03	34.91	34.73	34.51	34.33	33.82	33.72	33.63	33.45	33.30	32.86	32.76	32.67	32.52	32.37	32.17	31.97	31.79	31.35	31.29	31.27	31.19	31.04	30.90	30.70	30.59	30.43	30.24	30.05	





Read count (%) per base for different quality score ranges

	KU328820-15_A_L003_R1_045.fastq
Ranges	0-10	11-20	21-30	31-40
Base
1	0.13	0.37	10.14	89.36
2	0.11	0.34	9.06	90.49
3	0.10	0.32	8.96	90.63
4	0.10	0.29	2.72	96.89
5	0.15	0.39	3.32	96.13
6	0.13	0.44	3.29	96.13
7	0.15	0.48	3.45	95.92
8	0.16	0.50	3.54	95.79
9	0.19	0.53	3.60	95.68
10	0.52	0.87	3.74	94.87
11	0.17	0.79	3.74	95.30
12	0.17	0.53	3.64	95.66
13	0.17	0.51	3.63	95.69
14	0.38	1.05	5.70	92.88
15	0.38	1.07	5.71	92.84
16	1.13	1.96	6.04	90.87
17	0.41	1.60	6.11	91.87
18	0.43	1.19	5.84	92.54
19	0.46	1.20	5.93	92.42
20	0.49	1.21	6.03	92.27
21	0.49	1.18	6.06	92.28
22	0.52	1.13	6.01	92.35
23	0.56	1.13	6.08	92.23
24	0.63	1.17	6.35	91.85
25	0.66	1.15	6.33	91.86
26	0.92	1.23	6.30	91.55
27	1.04	1.30	6.47	91.19
28	1.08	1.29	6.57	91.06
29	1.16	1.31	6.70	90.83
30	1.22	1.28	6.82	90.67
31	1.29	1.30	7.03	90.38
32	1.36	1.31	7.26	90.07
33	1.40	1.29	7.35	89.95
34	2.30	1.85	7.70	88.15
35	1.63	1.97	8.51	87.89
36	1.61	1.54	8.27	88.59
37	1.67	1.50	7.96	88.87
38	1.76	1.51	8.12	88.61
39	1.79	1.46	8.09	88.66
40	1.86	1.48	8.20	88.46
41	2.66	1.96	8.50	86.87
42	2.02	1.98	8.84	87.15
43	1.95	1.64	8.58	87.83
44	2.11	1.65	8.50	87.74
45	2.13	1.59	8.32	87.96
46	3.15	2.01	8.56	86.29
47	2.33	2.16	9.01	86.49
48	2.41	1.79	8.97	86.83
49	2.48	1.74	8.69	87.08
50	2.60	1.78	8.80	86.83
51	2.49	1.68	8.61	87.23
52	2.62	1.64	8.59	87.14
53	2.74	1.66	8.66	86.94
54	2.80	1.61	8.54	87.05
55	2.87	1.69	8.63	86.80
56	2.88	1.62	8.58	86.92
57	2.96	1.63	8.61	86.80
58	3.07	1.68	8.74	86.52
59	3.10	1.65	8.81	86.44
60	3.19	1.68	8.89	86.25
61	3.24	1.68	8.96	86.12
62	3.27	1.70	9.02	86.01
63	3.30	1.64	8.98	86.08
64	3.37	1.65	9.02	85.96
65	3.44	1.69	9.19	85.68
66	3.50	1.72	9.39	85.38
67	3.54	1.70	9.34	85.41
68	3.58	1.70	9.45	85.27
69	3.70	1.78	9.77	84.75
70	3.69	1.73	9.77	84.81
71	3.74	1.75	9.90	84.61
72	3.77	1.71	9.84	84.68
73	3.88	1.73	9.95	84.44
74	3.96	1.78	10.14	84.13
75	4.04	1.81	10.26	83.89
76	3.79	1.92	13.23	81.06
77	3.89	1.72	11.10	83.29
78	3.97	1.63	10.17	84.23
79	4.12	1.70	10.01	84.17
80	4.18	1.68	9.88	84.26
81	4.27	1.67	9.77	84.29
82	4.43	1.72	9.88	83.97
83	4.58	1.78	10.03	83.61
84	4.78	1.89	10.33	83.00
85	4.90	1.94	10.37	82.79
86	5.08	1.95	10.48	82.48
87	5.23	1.95	10.49	82.34
88	5.44	1.97	10.59	81.99
89	5.69	2.05	10.77	81.49
90	5.95	2.07	10.89	81.08
91	6.22	2.10	10.95	80.73
92	6.49	2.05	10.94	80.52
93	6.82	2.02	10.84	80.31
94	7.24	2.05	10.98	79.73
95	7.69	1.99	11.01	79.32
96	8.23	1.94	10.95	78.88
97	8.81	1.83	11.05	78.30
98	9.44	1.67	10.87	78.02
99	10.21	1.56	10.66	77.57
100	11.33	3.39	17.63	67.64


	KU328820-15_A_L003_R2_045.fastq
Ranges	0-10	11-20	21-30	31-40
Base
1	0.83	0.28	0.15	98.74
2	0.93	0.26	0.17	98.64
3	0.62	0.62	0.31	98.45
4	0.61	0.58	0.22	98.59
5	1.45	1.35	16.05	81.16
6	1.12	1.05	12.66	85.16
7	1.21	1.00	11.91	85.88
8	1.22	0.98	4.66	93.14
9	1.26	0.99	4.71	93.04
10	1.07	1.15	4.60	93.18
11	1.06	1.11	4.51	93.32
12	1.06	1.15	4.61	93.17
13	1.07	1.13	4.54	93.26
14	1.16	1.17	4.77	92.90
15	1.10	1.10	4.55	93.25
16	1.13	1.09	4.57	93.20
17	1.15	1.11	4.63	93.10
18	3.92	4.18	7.46	84.45
19	2.24	3.69	8.08	85.98
20	2.32	2.69	7.34	87.64
21	2.36	2.51	7.23	87.90
22	2.37	2.33	7.13	88.17
23	2.46	2.28	7.33	87.93
24	3.20	2.95	7.56	86.29
25	2.60	2.76	7.85	86.79
26	2.67	2.30	7.65	87.38
27	2.68	2.18	7.48	87.66
28	3.49	2.73	7.89	85.89
29	2.93	2.69	8.28	86.09
30	2.93	2.21	8.08	86.79
31	3.01	2.12	8.11	86.76
32	3.08	2.03	8.19	86.70
33	3.09	1.94	8.28	86.68
34	3.19	1.92	8.49	86.39
35	3.22	1.89	8.61	86.28
36	3.30	1.89	8.83	85.98
37	4.61	2.52	9.23	83.64
38	3.32	2.53	9.82	84.32
39	3.40	2.05	9.62	84.93
40	3.45	1.99	9.40	85.16
41	3.47	1.92	9.34	85.27
42	4.27	2.28	9.64	83.81
43	3.79	2.40	9.98	83.83
44	3.68	2.12	9.92	84.28
45	3.77	2.03	9.74	84.47
46	3.83	2.02	9.83	84.32
47	3.89	2.00	9.82	84.28
48	3.99	1.98	9.72	84.30
49	4.85	2.42	9.91	82.82
50	4.21	2.42	10.30	83.06
51	4.27	2.15	10.04	83.54
52	4.29	2.11	9.86	83.74
53	4.39	2.12	9.85	83.64
54	4.46	2.11	9.89	83.54
55	3.45	1.82	9.68	85.05
56	3.68	1.79	8.91	85.63
57	4.21	1.96	9.33	84.50
58	4.39	1.97	9.53	84.10
59	4.65	2.06	9.80	83.49
60	4.72	2.04	9.81	83.43
61	4.84	2.10	9.87	83.19
62	4.88	2.11	9.93	83.07
63	4.92	2.10	10.08	82.91
64	4.95	2.08	10.07	82.89
65	5.01	2.08	10.10	82.82
66	5.10	2.15	10.28	82.47
67	5.05	2.10	10.25	82.60
68	5.10	2.01	10.02	82.87
69	5.15	1.97	9.93	82.95
70	5.17	1.93	9.81	83.08
71	5.22	1.90	9.76	83.12
72	5.29	1.87	9.76	83.08
73	5.24	1.85	9.61	83.29
74	5.29	1.86	9.68	83.17
75	5.33	1.89	9.85	82.93
76	5.37	1.85	9.88	82.91
77	6.26	2.20	10.03	81.51
78	5.54	2.44	10.48	81.54
79	5.53	2.02	10.45	82.00
80	5.60	1.98	10.29	82.13
81	5.61	1.90	10.18	82.32
82	6.35	2.16	10.29	81.20
83	5.88	2.30	10.64	81.19
84	5.90	2.01	10.57	81.52
85	6.01	1.96	10.34	81.69
86	6.15	1.95	10.21	81.69
87	6.31	1.99	10.33	81.36
88	6.54	2.02	10.38	81.05
89	6.76	2.05	10.45	80.74
90	7.77	2.32	10.51	79.40
91	7.34	2.55	10.92	79.19
92	7.41	2.18	10.85	79.56
93	7.68	2.02	10.44	79.87
94	8.02	1.97	10.29	79.72
95	8.39	1.90	10.16	79.55
96	8.86	1.88	10.23	79.03
97	9.26	1.69	9.93	79.12
98	9.71	1.58	9.88	78.82
99	10.16	1.55	9.94	78.34
100	10.56	1.76	9.97	77.71




