Parameters
	Library type	Paired-end
	Input files	KU328820-15_A_L003_R1_002.fastq	KU328820-15_A_L003_R2_002.fastq
	Primer/Adaptor library	Paired End DNA Library
	Cut-off read length for HQ	70%
	Cut-off quality score	20
	Only statistics	On
	Number of CPUs	2


QC statistics
	File name	KU328820-15_A_L003_R1_002.fastq	KU328820-15_A_L003_R2_002.fastq
	Total number of reads	4000000	4000000
	Total number of HQ reads	3751223	3751223
	Percentage of HQ reads	93.78%	93.78%
	Total number of bases	400000000	400000000
	Total number of bases in HQ reads	375122300	375122300
	Total number of HQ bases in HQ reads	369531673	369368280
	Percentage of HQ bases in HQ reads	98.51%	98.47%
	Number of Primer/Adaptor contaminated HQ reads	3	12
	Total number of HQ filtered reads	3751208	3751208
	Percentage of HQ filtered reads	93.78%	93.78%


Detailed QC statistics
	File name	KU328820-15_A_L003_R1_002.fastq	KU328820-15_A_L003_R2_002.fastq
	Minimum read length	100	100
	Maximum read length	100	100
	Average read length	100.00	100.00
	Total number of reads	4000000	4000000
	Total number of reads with non-ATGC bases	20738	11617
	Percentage of reads with non-ATGC bases	0.52%	0.29%
	Total number of bases	400000000	400000000
	Total number of HQ bases	387118244	384342956
	Percentage of HQ bases	96.78%	96.09%
	Total number of non-ATGC bases	119835	41697
	Percentage of non-ATGC bases	0.03%	0.01%


Average quality score at each base position of input reads

KU328820-15_A_L003_R1_002.fastq
32.42	32.66	32.74	36.19	36.07	36.09	36.08	36.07	37.84	37.79	37.79	37.75	37.75	39.19	39.15	39.11	39.11	39.09	39.15	39.11	39.07	39.02	38.95	38.95	38.90	38.81	38.76	38.67	38.60	38.56	38.51	38.39	38.29	38.21	38.17	38.11	38.03	37.95	37.85	37.80	37.74	37.65	37.77	37.80	37.77	37.66	37.58	37.50	37.47	37.29	37.49	37.44	37.43	37.32	37.28	37.23	37.14	37.01	36.87	36.67	36.58	36.47	36.30	36.12	35.99	35.90	35.73	35.53	35.32	35.08	34.88	34.71	34.46	33.93	33.98	32.85	33.45	33.71	33.68	33.52	33.33	33.23	33.07	32.86	32.70	32.53	32.40	32.25	32.06	31.91	31.76	31.65	31.49	31.28	31.13	30.99	30.83	30.64	30.41	29.10	

KU328820-15_A_L003_R2_002.fastq
36.56	36.56	36.50	36.54	32.10	32.30	32.32	35.72	35.67	35.71	35.68	35.68	37.34	37.29	37.30	37.26	37.24	38.64	38.61	38.55	38.55	38.48	38.52	38.47	38.44	38.41	38.36	38.33	38.31	38.27	38.16	38.09	38.06	38.05	37.97	37.91	37.83	37.82	37.76	37.73	37.65	37.54	37.53	37.46	37.35	37.43	37.40	37.33	37.30	37.26	37.23	37.13	37.09	36.96	35.63	36.24	36.57	36.64	36.73	36.64	36.53	36.47	36.32	36.24	36.12	35.95	35.96	35.91	35.82	35.79	35.66	35.50	35.35	35.18	34.97	34.84	34.65	34.44	34.21	34.06	33.84	33.67	33.51	33.31	33.11	32.91	32.74	32.58	32.40	32.22	32.07	31.93	31.67	31.53	31.38	31.25	31.13	30.98	30.83	30.65	





Read count (%) per base for different quality score ranges

	KU328820-15_A_L003_R1_002.fastq
Ranges	0-10	11-20	21-30	31-40
Base
1	0.13	0.29	8.52	91.06
2	0.09	0.29	7.77	91.86
3	0.08	0.25	7.55	92.12
4	0.10	0.25	2.34	97.31
5	0.17	0.34	2.89	96.60
6	0.11	0.40	2.82	96.67
7	0.12	0.39	2.89	96.59
8	0.12	0.40	2.89	96.59
9	0.12	0.38	2.82	96.69
10	0.13	0.40	2.98	96.48
11	0.14	0.41	2.98	96.48
12	0.15	0.42	3.05	96.38
13	0.14	0.41	3.03	96.41
14	0.31	0.89	5.05	93.74
15	0.37	0.94	5.17	93.52
16	0.38	0.98	5.27	93.38
17	0.38	0.95	5.22	93.45
18	0.39	0.96	5.31	93.35
19	0.40	0.95	5.31	93.34
20	0.42	0.96	5.38	93.25
21	0.47	0.99	5.41	93.12
22	0.50	0.99	5.45	93.06
23	0.54	1.03	5.60	92.83
24	0.58	1.02	5.69	92.71
25	0.64	1.04	5.81	92.51
26	0.89	1.12	5.80	92.19
27	0.96	1.14	5.92	91.98
28	1.06	1.19	6.12	91.63
29	1.14	1.20	6.24	91.42
30	1.15	1.16	6.31	91.37
31	1.22	1.15	6.40	91.23
32	1.30	1.15	6.48	91.07
33	1.37	1.22	6.91	90.50
34	1.44	1.25	7.03	90.28
35	1.48	1.25	7.18	90.10
36	1.54	1.27	7.28	89.91
37	1.60	1.28	7.36	89.75
38	1.65	1.29	7.44	89.62
39	1.73	1.32	7.53	89.41
40	1.76	1.33	7.56	89.34
41	1.79	1.34	7.54	89.33
42	1.87	1.36	7.61	89.15
43	1.90	1.37	7.77	88.95
44	1.98	1.36	7.69	88.97
45	2.07	1.40	7.66	88.87
46	2.19	1.49	7.93	88.39
47	2.27	1.49	8.00	88.23
48	2.35	1.52	8.08	88.05
49	2.37	1.52	8.01	88.09
50	2.53	1.63	8.33	87.51
51	2.39	1.48	8.01	88.11
52	2.55	1.52	7.98	87.95
53	2.61	1.49	7.93	87.97
54	2.69	1.51	7.98	87.83
55	2.70	1.49	8.02	87.79
56	2.76	1.48	7.91	87.85
57	2.84	1.48	7.96	87.72
58	2.93	1.53	8.08	87.47
59	3.01	1.51	8.24	87.24
60	3.05	1.57	8.46	86.93
61	3.08	1.56	8.48	86.88
62	3.15	1.57	8.48	86.80
63	3.27	1.62	8.67	86.44
64	3.35	1.67	8.85	86.12
65	3.36	1.66	8.93	86.05
66	3.37	1.61	8.82	86.19
67	3.45	1.62	8.94	85.99
68	3.53	1.66	9.10	85.72
69	3.60	1.71	9.26	85.43
70	3.94	1.62	9.19	85.25
71	4.08	1.63	9.23	85.06
72	4.12	1.62	9.29	84.97
73	3.91	2.02	9.67	84.40
74	4.29	2.09	10.90	82.72
75	4.01	2.07	10.29	83.64
76	3.68	2.22	14.46	79.64
77	3.70	1.69	11.06	83.55
78	3.81	1.55	9.69	84.95
79	3.90	1.52	9.30	85.29
80	4.03	1.58	9.22	85.17
81	4.14	1.65	9.33	84.88
82	4.17	1.58	9.13	85.12
83	4.26	1.59	9.12	85.03
84	4.50	1.64	9.25	84.61
85	4.56	1.73	9.35	84.36
86	4.71	1.76	9.52	84.01
87	4.87	1.75	9.54	83.84
88	5.06	1.76	9.61	83.57
89	5.29	1.84	9.85	83.02
90	5.50	1.88	10.04	82.58
91	5.76	1.90	10.12	82.22
92	6.00	1.87	10.07	82.06
93	6.33	1.90	10.14	81.62
94	6.74	1.97	10.39	80.90
95	7.13	1.92	10.44	80.51
96	7.56	1.81	10.27	80.36
97	8.06	1.68	10.21	80.05
98	8.64	1.54	10.17	79.65
99	9.33	1.48	10.04	79.15
100	10.38	3.01	16.02	70.58


	KU328820-15_A_L003_R2_002.fastq
Ranges	0-10	11-20	21-30	31-40
Base
1	1.06	0.36	0.21	98.37
2	1.10	0.31	0.19	98.40
3	0.94	0.60	0.33	98.13
4	0.86	0.61	0.27	98.26
5	0.86	0.70	10.17	88.27
6	0.81	0.71	9.17	89.30
7	0.84	0.74	9.14	89.28
8	0.83	0.72	3.63	94.82
9	0.91	0.75	3.81	94.53
10	0.75	0.83	3.63	94.79
11	0.78	0.86	3.73	94.63
12	0.79	0.85	3.68	94.68
13	0.81	0.84	3.68	94.68
14	0.85	0.88	3.82	94.44
15	0.86	0.86	3.74	94.54
16	0.91	0.89	3.82	94.38
17	0.92	0.89	3.86	94.33
18	1.92	1.82	6.34	89.92
19	1.96	1.82	6.36	89.87
20	2.03	1.88	6.43	89.66
21	2.03	1.82	6.37	89.78
22	2.15	1.86	6.55	89.45
23	2.19	1.86	6.62	89.32
24	2.21	1.85	6.54	89.41
25	2.25	1.83	6.61	89.31
26	2.30	1.82	6.65	89.23
27	2.37	1.82	6.72	89.10
28	2.55	1.91	7.12	88.42
29	2.57	1.84	7.12	88.47
30	2.60	1.77	7.14	88.49
31	2.75	1.81	7.43	88.02
32	2.83	1.81	7.51	87.85
33	2.84	1.75	7.55	87.87
34	2.82	1.66	7.58	87.94
35	2.93	1.67	7.82	87.57
36	2.98	1.67	8.00	87.35
37	3.04	1.70	8.16	87.10
38	3.01	1.64	8.21	87.14
39	3.08	1.65	8.28	86.99
40	3.09	1.62	8.31	86.97
41	3.14	1.65	8.42	86.78
42	3.28	1.70	8.62	86.40
43	3.21	1.65	8.51	86.62
44	3.28	1.67	8.49	86.56
45	3.41	1.72	8.63	86.24
46	3.45	1.74	8.80	86.00
47	3.54	1.77	8.77	85.92
48	3.67	1.81	8.87	85.65
49	3.72	1.82	8.81	85.65
50	3.76	1.79	8.80	85.65
51	3.78	1.77	8.77	85.68
52	3.88	1.80	8.86	85.46
53	3.91	1.80	8.82	85.47
54	4.02	1.85	8.92	85.20
55	2.90	1.63	9.24	86.23
56	3.03	1.48	7.65	87.84
57	3.51	1.59	8.01	86.89
58	4.00	1.81	8.69	85.50
59	4.09	1.79	8.80	85.31
60	4.27	1.85	8.93	84.95
61	4.37	1.89	9.10	84.64
62	4.30	1.85	8.92	84.94
63	4.42	1.90	9.22	84.46
64	4.43	1.85	9.20	84.52
65	4.46	1.88	9.24	84.42
66	4.54	1.93	9.43	84.09
67	4.52	1.89	9.40	84.19
68	4.57	1.84	9.20	84.39
69	4.64	1.79	9.09	84.48
70	4.57	1.70	8.86	84.87
71	4.60	1.68	8.79	84.93
72	4.64	1.68	8.79	84.89
73	4.60	1.64	8.72	85.04
74	4.61	1.64	8.77	84.97
75	4.66	1.66	8.87	84.81
76	4.60	1.61	8.77	85.03
77	4.63	1.60	8.77	85.00
78	4.66	1.60	8.85	84.90
79	4.69	1.65	8.98	84.68
80	4.70	1.61	8.86	84.83
81	4.76	1.63	8.94	84.68
82	4.79	1.61	8.89	84.71
83	4.84	1.58	8.77	84.80
84	4.94	1.61	8.83	84.62
85	5.04	1.64	8.93	84.39
86	5.17	1.68	9.04	84.10
87	5.29	1.69	9.06	83.96
88	5.43	1.69	9.06	83.82
89	5.61	1.73	9.14	83.52
90	5.83	1.75	9.20	83.22
91	6.03	1.74	9.23	83.00
92	6.25	1.70	9.18	82.87
93	6.63	1.84	9.55	81.97
94	6.89	1.81	9.57	81.74
95	7.21	1.77	9.54	81.47
96	7.56	1.67	9.43	81.34
97	7.93	1.57	9.21	81.29
98	8.34	1.48	9.18	81.00
99	8.73	1.40	9.15	80.72
100	9.10	1.58	9.16	80.17




