Parameters
	Library type	Paired-end
	Input files	KU328820-15_A_L003_R1_032.fastq	KU328820-15_A_L003_R2_032.fastq
	Primer/Adaptor library	Paired End DNA Library
	Cut-off read length for HQ	70%
	Cut-off quality score	20
	Only statistics	On
	Number of CPUs	2


QC statistics
	File name	KU328820-15_A_L003_R1_032.fastq	KU328820-15_A_L003_R2_032.fastq
	Total number of reads	4000000	4000000
	Total number of HQ reads	3645777	3645777
	Percentage of HQ reads	91.14%	91.14%
	Total number of bases	400000000	400000000
	Total number of bases in HQ reads	364577700	364577700
	Total number of HQ bases in HQ reads	357402340	355752703
	Percentage of HQ bases in HQ reads	98.03%	97.58%
	Number of Primer/Adaptor contaminated HQ reads	4	17
	Total number of HQ filtered reads	3645756	3645756
	Percentage of HQ filtered reads	91.14%	91.14%


Detailed QC statistics
	File name	KU328820-15_A_L003_R1_032.fastq	KU328820-15_A_L003_R2_032.fastq
	Minimum read length	100	100
	Maximum read length	100	100
	Average read length	100.00	100.00
	Total number of reads	4000000	4000000
	Total number of reads with non-ATGC bases	6164	5192
	Percentage of reads with non-ATGC bases	0.15%	0.13%
	Total number of bases	400000000	400000000
	Total number of HQ bases	382590264	375687507
	Percentage of HQ bases	95.65%	93.92%
	Total number of non-ATGC bases	75684	149275
	Percentage of non-ATGC bases	0.02%	0.04%


Average quality score at each base position of input reads

KU328820-15_A_L003_R1_032.fastq
31.90	32.14	32.22	35.85	35.66	35.74	35.71	35.65	37.35	37.28	37.29	37.25	37.29	38.59	38.19	38.32	38.32	38.44	38.48	38.43	38.45	38.36	38.42	38.25	38.26	38.01	38.02	37.98	37.91	37.61	37.69	37.71	37.57	37.51	37.46	37.32	37.33	37.32	36.86	36.60	36.78	36.74	37.05	37.11	37.05	37.02	36.92	36.96	36.86	36.79	36.80	36.82	36.74	36.67	36.61	36.46	36.43	36.30	36.19	35.77	35.78	35.73	35.59	35.46	35.30	35.09	34.97	34.73	34.63	34.47	34.28	34.06	33.85	33.55	33.39	32.45	32.75	32.88	32.76	32.74	32.58	32.31	32.15	31.95	31.54	31.40	31.27	31.17	31.09	30.93	30.79	30.48	30.31	30.18	30.05	29.85	29.64	29.41	29.22	27.74	

KU328820-15_A_L003_R2_032.fastq
35.48	35.74	36.46	36.56	30.84	31.21	31.29	34.94	34.87	34.85	34.78	34.89	36.37	36.13	36.23	36.32	36.18	37.49	37.57	37.56	37.54	37.45	37.50	37.48	37.15	37.34	37.28	37.19	36.72	37.09	37.04	36.97	36.70	36.87	36.77	36.70	36.55	36.62	36.64	36.61	36.51	36.38	36.33	36.27	36.20	36.25	36.05	36.25	36.27	36.13	36.09	36.03	36.04	35.77	34.79	35.18	35.47	35.54	35.45	35.42	35.49	35.26	35.09	34.98	34.88	34.62	34.62	34.65	34.48	34.15	34.01	33.83	33.72	33.51	33.48	33.41	33.20	33.04	32.84	32.60	32.22	32.19	32.10	31.62	31.37	31.39	31.27	31.00	30.81	30.72	30.57	30.35	30.22	29.99	29.92	29.60	29.38	29.25	29.05	28.83	





Read count (%) per base for different quality score ranges

	KU328820-15_A_L003_R1_032.fastq
Ranges	0-10	11-20	21-30	31-40
Base
1	0.27	0.52	13.20	86.01
2	0.32	0.75	11.38	87.54
3	0.16	0.66	11.71	87.47
4	0.14	0.42	3.53	95.91
5	0.26	0.60	4.52	94.61
6	0.17	0.58	4.15	95.10
7	0.19	0.62	4.28	94.91
8	0.23	0.70	4.56	94.52
9	0.20	0.62	4.30	94.88
10	0.26	0.73	4.47	94.54
11	0.21	0.72	4.48	94.58
12	0.23	0.69	4.62	94.45
13	0.22	0.65	4.49	94.64
14	0.43	1.20	6.52	91.84
15	1.40	2.41	6.80	89.39
16	0.51	2.04	7.29	90.16
17	0.56	1.69	7.08	90.67
18	0.48	1.42	6.58	91.51
19	0.53	1.43	6.76	91.27
20	0.59	1.45	6.94	91.01
21	0.56	1.35	6.78	91.31
22	0.63	1.40	7.10	90.87
23	0.62	1.29	6.72	91.37
24	0.78	1.49	7.53	90.20
25	0.78	1.41	7.32	90.49
26	1.65	1.91	7.26	89.17
27	1.22	1.86	7.62	89.30
28	1.31	1.63	7.66	89.40
29	1.42	1.62	7.75	89.21
30	2.10	2.10	8.25	87.55
31	1.61	1.91	8.37	88.11
32	1.60	1.69	8.27	88.43
33	1.76	1.73	8.65	87.86
34	1.82	1.70	8.84	87.64
35	1.88	1.70	9.01	87.42
36	2.00	1.73	9.31	86.95
37	1.94	1.66	9.19	87.22
38	1.97	1.61	9.02	87.40
39	2.81	2.18	9.66	85.35
40	3.14	2.49	10.13	84.24
41	2.27	2.35	10.11	85.26
42	2.40	1.98	10.02	85.60
43	2.26	1.83	9.59	86.32
44	2.36	1.77	9.40	86.48
45	2.50	1.84	9.50	86.16
46	2.56	1.82	9.54	86.09
47	2.68	1.85	9.66	85.81
48	2.66	1.75	9.38	86.21
49	2.78	1.80	9.54	85.88
50	2.88	1.80	9.52	85.80
51	2.93	1.88	9.66	85.53
52	2.99	1.84	9.51	85.66
53	3.13	1.86	9.62	85.39
54	3.22	1.88	9.65	85.25
55	3.26	1.85	9.66	85.23
56	3.41	1.93	9.84	84.82
57	3.37	1.87	9.74	85.01
58	3.50	1.91	9.84	84.76
59	3.57	1.87	9.88	84.68
60	4.40	2.27	10.22	83.12
61	3.73	2.40	10.44	83.43
62	3.80	2.08	10.45	83.67
63	3.89	2.05	10.43	83.62
64	3.97	2.02	10.47	83.53
65	4.08	2.03	10.67	83.22
66	4.21	2.09	10.92	82.78
67	4.20	2.02	10.92	82.86
68	4.35	2.11	11.22	82.31
69	4.32	2.04	11.12	82.52
70	4.42	2.01	11.12	82.45
71	4.47	2.03	11.24	82.27
72	4.58	2.06	11.50	81.86
73	4.67	2.10	11.64	81.59
74	4.85	2.23	12.08	80.84
75	4.89	2.16	12.14	80.81
76	4.75	2.36	15.52	77.38
77	4.84	2.13	13.26	79.77
78	4.95	2.05	12.21	80.79
79	5.15	2.11	12.01	80.73
80	5.12	1.97	11.56	81.36
81	5.27	1.98	11.44	81.31
82	5.51	2.12	11.82	80.55
83	5.63	2.13	11.81	80.44
84	5.85	2.18	11.93	80.04
85	6.71	2.46	11.98	78.85
86	6.44	2.86	12.40	78.31
87	6.62	2.63	12.83	77.92
88	6.80	2.53	12.69	77.98
89	7.00	2.41	12.49	78.11
90	7.32	2.44	12.48	77.77
91	7.62	2.40	12.47	77.51
92	8.43	2.55	12.42	76.60
93	8.56	2.81	12.71	75.92
94	8.93	2.56	12.90	75.61
95	9.42	2.34	12.66	75.58
96	10.03	2.24	12.56	75.17
97	10.70	2.08	12.44	74.78
98	11.45	1.94	12.28	74.33
99	12.26	1.69	11.68	74.37
100	13.54	3.71	18.28	64.47


	KU328820-15_A_L003_R2_032.fastq
Ranges	0-10	11-20	21-30	31-40
Base
1	0.88	0.44	0.33	98.35
2	0.93	0.38	0.28	98.41
3	0.91	0.45	0.38	98.26
4	0.67	0.64	0.29	98.40
5	1.94	1.82	18.63	77.61
6	1.69	1.60	15.83	80.88
7	1.79	1.58	15.41	81.22
8	1.53	1.39	5.90	91.19
9	1.78	1.47	5.96	90.79
10	1.44	1.84	6.15	90.57
11	1.55	1.84	6.39	90.22
12	1.43	1.67	5.93	90.97
13	1.52	1.67	6.06	90.75
14	1.95	2.16	6.08	89.81
15	1.56	2.03	6.28	90.13
16	1.56	1.71	6.04	90.69
17	1.83	1.89	6.20	90.09
18	2.68	3.05	8.31	85.96
19	2.63	2.67	8.18	86.52
20	2.72	2.61	8.19	86.48
21	2.78	2.62	8.21	86.39
22	2.86	2.66	8.39	86.08
23	2.93	2.67	8.53	85.87
24	2.94	2.58	8.49	85.98
25	3.38	3.00	9.29	84.32
26	3.08	2.65	8.63	85.65
27	3.21	2.61	8.73	85.45
28	3.47	2.77	9.27	84.49
29	4.24	3.35	10.23	82.18
30	3.43	2.68	9.37	84.51
31	3.59	2.56	9.49	84.36
32	3.76	2.52	9.60	84.12
33	4.14	2.74	10.30	82.82
34	3.79	2.45	10.00	83.76
35	3.96	2.43	10.30	83.31
36	4.07	2.42	10.55	82.96
37	4.29	2.54	10.93	82.25
38	4.06	2.41	10.88	82.65
39	4.05	2.32	10.74	82.89
40	4.13	2.28	10.80	82.79
41	4.22	2.32	10.95	82.51
42	4.36	2.49	11.04	82.11
43	4.32	2.50	11.09	82.10
44	4.43	2.48	11.06	82.03
45	4.44	2.50	11.16	81.90
46	4.58	2.53	11.40	81.49
47	4.85	2.67	11.76	80.72
48	4.58	2.41	11.32	81.69
49	4.71	2.34	11.03	81.92
50	4.91	2.44	11.23	81.42
51	4.92	2.39	11.20	81.48
52	4.99	2.39	11.16	81.46
53	4.99	2.32	11.01	81.68
54	5.35	2.51	11.41	80.73
55	4.27	2.26	11.65	81.81
56	4.46	2.16	10.51	82.87
57	4.91	2.26	10.69	82.14
58	5.33	2.36	10.98	81.33
59	5.62	2.50	11.35	80.54
60	5.64	2.47	11.37	80.51
61	5.55	2.32	11.06	81.07
62	5.87	2.45	11.33	80.35
63	5.97	2.50	11.59	79.93
64	6.03	2.49	11.65	79.83
65	6.04	2.48	11.63	79.85
66	6.25	2.60	11.97	79.18
67	6.22	2.58	12.02	79.18
68	6.25	2.39	11.65	79.71
69	6.44	2.43	11.72	79.41
70	6.74	2.63	12.21	78.42
71	6.75	2.61	12.27	78.37
72	6.92	2.63	12.27	78.18
73	6.82	2.60	12.32	78.25
74	6.89	2.64	12.44	78.02
75	6.73	2.46	12.26	78.56
76	6.69	2.30	11.96	79.06
77	6.82	2.32	11.97	78.89
78	6.85	2.30	11.94	78.92
79	6.91	2.31	12.05	78.73
80	7.04	2.37	12.19	78.40
81	7.61	2.52	12.24	77.62
82	7.14	2.64	12.09	78.13
83	7.21	2.28	12.12	78.40
84	8.04	2.59	12.34	77.02
85	7.91	2.93	12.95	76.22
86	7.81	2.52	12.70	76.97
87	7.98	2.41	12.39	77.21
88	8.38	2.56	12.55	76.51
89	8.58	2.61	12.70	76.11
90	8.74	2.49	12.48	76.29
91	9.04	2.45	12.33	76.18
92	9.44	2.51	12.44	75.61
93	9.76	2.39	12.23	75.62
94	10.26	2.43	12.33	74.98
95	10.60	2.19	11.83	75.37
96	11.31	2.30	12.11	74.28
97	11.92	2.20	12.08	73.80
98	12.43	1.96	11.79	73.82
99	12.98	1.86	11.80	73.36
100	13.47	2.13	11.69	72.71




