Parameters
	Library type	Paired-end
	Input files	KU328820-15_A_L003_R1_030.fastq	KU328820-15_A_L003_R2_030.fastq
	Primer/Adaptor library	Paired End DNA Library
	Cut-off read length for HQ	70%
	Cut-off quality score	20
	Only statistics	On
	Number of CPUs	2


QC statistics
	File name	KU328820-15_A_L003_R1_030.fastq	KU328820-15_A_L003_R2_030.fastq
	Total number of reads	4000000	4000000
	Total number of HQ reads	3694955	3694955
	Percentage of HQ reads	92.37%	92.37%
	Total number of bases	400000000	400000000
	Total number of bases in HQ reads	369495500	369495500
	Total number of HQ bases in HQ reads	362215325	361316694
	Percentage of HQ bases in HQ reads	98.03%	97.79%
	Number of Primer/Adaptor contaminated HQ reads	5	13
	Total number of HQ filtered reads	3694937	3694937
	Percentage of HQ filtered reads	92.37%	92.37%


Detailed QC statistics
	File name	KU328820-15_A_L003_R1_030.fastq	KU328820-15_A_L003_R2_030.fastq
	Minimum read length	100	100
	Maximum read length	100	100
	Average read length	100.00	100.00
	Total number of reads	4000000	4000000
	Total number of reads with non-ATGC bases	5153	3096
	Percentage of reads with non-ATGC bases	0.13%	0.08%
	Total number of bases	400000000	400000000
	Total number of HQ bases	383495858	378765451
	Percentage of HQ bases	95.87%	94.69%
	Total number of non-ATGC bases	76745	160759
	Percentage of non-ATGC bases	0.02%	0.04%


Average quality score at each base position of input reads

KU328820-15_A_L003_R1_030.fastq
31.82	32.15	32.27	35.86	35.69	35.70	35.74	35.74	37.19	37.27	37.32	37.32	37.28	38.59	38.58	38.58	38.53	38.55	38.59	38.53	38.53	38.12	38.24	38.29	38.23	38.21	37.84	37.89	37.88	37.92	37.88	37.80	37.74	37.63	37.60	37.54	37.43	37.35	37.26	37.13	37.14	37.03	37.25	37.23	37.17	37.16	37.05	36.96	36.29	36.44	36.35	36.60	36.67	36.72	36.64	36.30	36.31	36.29	36.24	36.20	36.05	35.95	35.81	35.63	35.45	34.91	34.92	34.86	34.76	34.52	34.35	34.20	33.94	33.76	33.59	32.65	32.97	33.12	33.00	32.75	32.63	32.46	32.32	32.15	31.91	31.73	31.61	31.43	31.25	31.15	31.01	30.85	30.71	30.55	30.34	30.10	29.88	29.69	29.45	28.02	

KU328820-15_A_L003_R2_030.fastq
36.63	36.63	36.62	36.63	31.16	31.26	31.49	35.10	35.11	35.12	35.08	34.95	36.58	36.61	36.37	36.20	36.31	37.68	37.75	37.72	37.71	37.65	37.78	37.56	37.61	37.59	37.24	37.17	37.31	37.29	37.30	37.33	37.28	37.20	36.82	36.91	37.01	36.96	36.96	36.89	36.75	36.69	36.68	36.67	36.59	36.71	36.67	36.65	36.56	36.55	36.46	36.29	36.23	35.82	34.95	35.42	35.82	35.96	35.91	35.78	35.64	35.56	35.17	35.25	35.25	35.11	35.15	35.08	35.00	34.90	34.80	34.68	34.55	34.39	34.23	34.03	33.86	33.69	33.47	33.28	33.03	32.83	32.64	32.44	32.28	32.09	31.75	31.61	31.44	31.29	31.12	30.64	30.63	30.54	30.40	30.26	30.01	29.43	29.30	29.20	





Read count (%) per base for different quality score ranges

	KU328820-15_A_L003_R1_030.fastq
Ranges	0-10	11-20	21-30	31-40
Base
1	0.56	0.74	12.76	85.94
2	0.14	0.83	11.42	87.61
3	0.14	0.47	11.42	87.97
4	0.15	0.42	3.46	95.97
5	0.24	0.59	4.36	94.81
6	0.20	0.65	4.32	94.83
7	0.18	0.62	4.13	95.07
8	0.19	0.61	4.14	95.06
9	0.54	0.99	4.26	94.20
10	0.20	0.94	4.40	94.46
11	0.20	0.68	4.28	94.83
12	0.21	0.68	4.34	94.77
13	0.23	0.69	4.46	94.62
14	0.43	1.25	6.34	91.98
15	0.46	1.25	6.33	91.96
16	0.46	1.21	6.36	91.96
17	0.48	1.27	6.49	91.76
18	0.48	1.23	6.35	91.95
19	0.50	1.24	6.48	91.78
20	0.56	1.30	6.66	91.49
21	0.54	1.24	6.58	91.64
22	1.40	2.37	6.99	89.23
23	0.67	1.95	7.33	90.05
24	0.72	1.62	7.12	90.54
25	0.79	1.59	7.27	90.35
26	1.04	1.50	7.01	90.44
27	2.02	2.11	7.42	88.45
28	1.30	2.09	7.79	88.82
29	1.40	1.61	7.90	89.09
30	1.39	1.49	7.68	89.44
31	1.45	1.46	7.80	89.29
32	1.55	1.49	8.06	88.90
33	1.61	1.51	8.22	88.66
34	1.70	1.57	8.55	88.18
35	1.73	1.54	8.59	88.14
36	1.80	1.54	8.67	87.99
37	1.85	1.59	8.91	87.64
38	1.93	1.62	8.97	87.48
39	2.03	1.65	9.04	87.29
40	2.14	1.72	9.24	86.90
41	2.08	1.65	9.08	87.19
42	2.19	1.69	9.16	86.96
43	2.13	1.65	9.17	87.04
44	2.27	1.68	9.23	86.82
45	2.37	1.75	9.30	86.58
46	2.41	1.73	9.26	86.60
47	2.53	1.78	9.43	86.25
48	2.62	1.80	9.51	86.06
49	4.66	2.73	9.70	82.92
50	2.80	2.97	10.96	83.27
51	3.83	2.68	10.36	83.12
52	2.81	2.75	10.03	84.40
53	2.89	2.19	9.95	84.97
54	2.94	1.98	9.48	85.60
55	3.08	1.94	9.55	85.43
56	3.85	2.25	9.74	84.16
57	3.22	2.47	10.02	84.30
58	3.25	1.98	10.12	84.64
59	3.33	1.85	9.86	84.96
60	3.37	1.79	9.66	85.18
61	3.47	1.83	9.80	84.90
62	3.51	1.81	9.86	84.82
63	3.58	1.82	9.92	84.69
64	3.69	1.86	10.11	84.35
65	3.78	1.90	10.30	84.01
66	4.94	2.39	10.45	82.22
67	3.93	2.80	10.80	82.47
68	3.93	2.11	11.22	82.73
69	3.99	1.99	10.86	83.16
70	4.17	2.04	11.06	82.73
71	4.19	2.02	11.22	82.57
72	4.26	1.98	11.21	82.55
73	4.43	2.08	11.47	82.03
74	4.47	2.04	11.60	81.88
75	4.54	2.03	11.62	81.82
76	4.35	2.17	15.04	78.44
77	4.48	1.99	12.62	80.92
78	4.54	1.88	11.58	82.00
79	4.75	1.93	11.35	81.97
80	4.95	2.07	11.70	81.28
81	5.01	2.05	11.53	81.41
82	5.14	2.07	11.59	81.21
83	5.24	2.06	11.56	81.13
84	5.42	2.10	11.52	80.96
85	5.69	2.23	11.90	80.19
86	5.89	2.29	12.03	79.79
87	6.05	2.26	11.97	79.72
88	6.33	2.33	12.09	79.25
89	6.58	2.40	12.28	78.74
90	6.80	2.33	12.15	78.72
91	7.08	2.32	12.13	78.47
92	7.42	2.34	12.23	78.01
93	7.80	2.29	12.09	77.82
94	8.23	2.22	12.05	77.50
95	8.77	2.21	12.06	76.96
96	9.42	2.18	12.19	76.21
97	10.08	2.08	12.18	75.67
98	10.75	1.86	11.94	75.44
99	11.57	1.71	11.62	75.10
100	12.76	3.58	18.21	65.45


	KU328820-15_A_L003_R2_030.fastq
Ranges	0-10	11-20	21-30	31-40
Base
1	0.79	0.32	0.19	98.70
2	0.92	0.27	0.18	98.63
3	0.55	0.66	0.24	98.55
4	0.57	0.62	0.22	98.59
5	1.55	1.55	16.72	80.19
6	2.04	1.79	14.07	82.10
7	1.37	1.80	13.86	82.97
8	1.31	1.29	5.38	92.01
9	1.36	1.23	5.39	92.03
10	1.19	1.41	5.34	92.06
11	1.25	1.43	5.50	91.83
12	1.54	1.66	5.47	91.34
13	1.31	1.50	5.47	91.72
14	1.32	1.37	5.41	91.89
15	1.74	1.80	5.56	90.90
16	1.88	2.10	5.89	90.13
17	1.50	1.87	6.01	90.62
18	2.45	2.57	7.78	87.20
19	2.44	2.39	7.62	87.55
20	2.54	2.39	7.75	87.32
21	2.55	2.37	7.76	87.32
22	2.62	2.40	7.89	87.09
23	2.61	2.32	7.87	87.20
24	3.18	2.88	8.03	85.91
25	2.73	2.68	8.20	86.40
26	2.81	2.48	8.11	86.60
27	3.87	3.15	8.21	84.76
28	3.43	3.72	9.13	83.71
29	3.04	2.89	8.98	85.09
30	3.16	2.57	8.90	85.38
31	3.18	2.42	8.84	85.56
32	3.21	2.25	8.81	85.72
33	3.30	2.18	9.00	85.52
34	3.42	2.13	9.29	85.16
35	4.40	2.57	9.66	83.37
36	3.51	2.62	10.11	83.76
37	3.47	2.11	9.97	84.45
38	3.61	2.08	9.95	84.36
39	3.58	2.01	9.93	84.47
40	3.72	2.06	10.09	84.12
41	3.85	2.17	10.38	83.60
42	3.88	2.15	10.45	83.52
43	3.87	2.11	10.35	83.66
44	3.87	2.07	10.26	83.80
45	3.95	2.11	10.33	83.61
46	3.95	2.11	10.48	83.46
47	4.08	2.14	10.47	83.31
48	4.13	2.11	10.40	83.36
49	4.28	2.18	10.54	83.00
50	4.31	2.16	10.41	83.13
51	4.42	2.18	10.51	82.89
52	4.57	2.28	10.77	82.38
53	4.61	2.29	10.78	82.32
54	5.35	2.80	11.12	80.73
55	3.75	2.61	11.36	82.28
56	3.94	2.11	10.31	83.64
57	4.27	2.10	10.11	83.51
58	4.58	2.18	10.23	83.01
59	4.89	2.23	10.53	82.35
60	5.05	2.33	10.82	81.80
61	5.11	2.39	11.07	81.42
62	5.17	2.39	11.00	81.44
63	6.12	2.78	11.17	79.93
64	5.17	2.95	11.51	80.38
65	5.22	2.47	11.32	80.99
66	5.30	2.44	11.27	80.99
67	5.23	2.35	11.15	81.28
68	5.33	2.29	11.04	81.34
69	5.39	2.22	10.96	81.42
70	5.43	2.17	10.89	81.52
71	5.42	2.12	10.82	81.64
72	5.44	2.04	10.75	81.77
73	5.45	2.03	10.68	81.84
74	5.49	2.02	10.69	81.80
75	5.50	2.00	10.71	81.78
76	5.55	2.01	10.83	81.61
77	5.57	2.00	10.80	81.63
78	5.61	1.97	10.75	81.68
79	5.71	2.00	10.87	81.42
80	5.76	2.01	10.89	81.33
81	5.88	2.07	11.09	80.95
82	5.97	2.08	11.14	80.81
83	6.07	2.08	11.19	80.66
84	6.21	2.11	11.26	80.42
85	6.32	2.08	11.19	80.41
86	6.48	2.10	11.21	80.21
87	6.85	2.31	11.74	79.11
88	6.97	2.29	11.72	79.03
89	7.20	2.29	11.70	78.81
90	7.43	2.29	11.66	78.63
91	7.72	2.24	11.63	78.41
92	8.87	2.61	11.69	76.84
93	8.51	2.77	11.68	77.04
94	8.81	2.35	11.87	76.97
95	9.24	2.21	11.56	76.99
96	9.73	2.01	11.22	77.04
97	10.45	1.93	11.10	76.52
98	11.92	2.09	11.59	74.40
99	12.24	1.93	11.68	74.15
100	12.64	1.92	11.09	74.35




