Parameters
	Library type	Paired-end
	Input files	KU328820-15_A_L003_R1_006.fastq	KU328820-15_A_L003_R2_006.fastq
	Primer/Adaptor library	Paired End DNA Library
	Cut-off read length for HQ	70%
	Cut-off quality score	20
	Only statistics	On
	Number of CPUs	2


QC statistics
	File name	KU328820-15_A_L003_R1_006.fastq	KU328820-15_A_L003_R2_006.fastq
	Total number of reads	4000000	4000000
	Total number of HQ reads	3714834	3714834
	Percentage of HQ reads	92.87%	92.87%
	Total number of bases	400000000	400000000
	Total number of bases in HQ reads	371483400	371483400
	Total number of HQ bases in HQ reads	365234596	363959942
	Percentage of HQ bases in HQ reads	98.32%	97.97%
	Number of Primer/Adaptor contaminated HQ reads	6	10
	Total number of HQ filtered reads	3714818	3714818
	Percentage of HQ filtered reads	92.87%	92.87%


Detailed QC statistics
	File name	KU328820-15_A_L003_R1_006.fastq	KU328820-15_A_L003_R2_006.fastq
	Minimum read length	100	100
	Maximum read length	100	100
	Average read length	100.00	100.00
	Total number of reads	4000000	4000000
	Total number of reads with non-ATGC bases	19371	10309
	Percentage of reads with non-ATGC bases	0.48%	0.26%
	Total number of bases	400000000	400000000
	Total number of HQ bases	385799208	380133838
	Percentage of HQ bases	96.45%	95.03%
	Total number of non-ATGC bases	105786	32364
	Percentage of non-ATGC bases	0.03%	0.01%


Average quality score at each base position of input reads

KU328820-15_A_L003_R1_006.fastq
32.13	32.37	32.42	35.97	35.83	35.83	35.79	35.82	37.45	37.42	37.41	37.40	37.37	38.77	38.77	38.66	38.70	38.68	38.66	38.63	38.62	38.57	38.56	38.52	38.52	38.37	38.31	38.25	38.21	38.15	38.09	38.01	37.93	37.84	37.77	37.72	37.63	37.57	37.44	37.34	37.32	37.26	37.44	37.42	37.41	37.36	37.32	37.24	37.18	37.07	37.18	37.07	37.05	36.89	36.92	36.82	36.75	36.62	36.49	36.33	36.20	36.13	35.98	35.89	35.72	35.48	35.35	35.17	34.99	34.63	34.51	34.37	34.14	33.60	33.64	32.46	33.08	33.38	33.31	33.21	33.07	32.89	32.65	32.45	32.31	32.16	31.99	31.84	31.72	31.54	31.31	31.19	31.08	30.87	30.66	30.45	30.31	29.99	29.83	28.44	

KU328820-15_A_L003_R2_006.fastq
36.52	36.56	36.52	36.56	31.47	31.67	31.76	35.19	35.11	35.18	35.18	35.15	36.64	36.62	36.62	36.63	36.63	37.88	37.87	37.84	37.67	37.66	37.79	37.71	37.72	37.65	37.60	37.51	37.54	37.49	37.51	37.37	37.34	37.23	37.21	37.18	37.11	37.04	37.00	36.98	36.88	36.76	36.68	36.63	36.54	36.68	36.64	36.64	36.54	36.53	36.42	36.42	36.31	36.21	35.04	35.48	35.87	36.02	35.97	35.98	35.86	35.71	35.69	35.58	35.43	35.31	35.25	35.24	35.14	35.03	34.84	34.64	34.47	34.37	34.24	34.09	33.86	33.70	33.49	33.32	33.03	32.86	32.69	32.52	32.35	32.22	32.03	31.85	31.58	31.43	31.25	31.10	30.93	30.69	30.47	30.42	30.26	30.07	29.83	29.69	





Read count (%) per base for different quality score ranges

	KU328820-15_A_L003_R1_006.fastq
Ranges	0-10	11-20	21-30	31-40
Base
1	0.16	0.38	11.22	88.25
2	0.12	0.36	10.29	89.23
3	0.13	0.36	10.20	89.32
4	0.11	0.31	3.14	96.43
5	0.21	0.44	3.87	95.48
6	0.16	0.54	3.84	95.46
7	0.18	0.58	4.05	95.19
8	0.16	0.53	3.84	95.46
9	0.18	0.57	4.03	95.22
10	0.19	0.59	4.11	95.10
11	0.19	0.58	4.13	95.10
12	0.19	0.59	4.13	95.08
13	0.21	0.62	4.25	94.92
14	0.38	1.09	6.00	92.54
15	0.40	1.07	5.92	92.61
16	0.46	1.20	6.30	92.04
17	0.42	1.13	6.12	92.33
18	0.44	1.12	6.11	92.33
19	0.50	1.22	6.42	91.86
20	0.51	1.22	6.49	91.78
21	0.52	1.19	6.40	91.89
22	0.57	1.24	6.54	91.66
23	0.57	1.20	6.48	91.75
24	0.63	1.22	6.72	91.43
25	0.64	1.16	6.65	91.55
26	0.97	1.35	6.83	90.86
27	1.04	1.38	6.90	90.67
28	1.12	1.37	7.04	90.46
29	1.14	1.36	7.11	90.39
30	1.22	1.35	7.29	90.14
31	1.26	1.34	7.41	89.99
32	1.34	1.38	7.70	89.58
33	1.41	1.40	7.92	89.28
34	1.47	1.45	8.15	88.94
35	1.52	1.45	8.35	88.68
36	1.54	1.45	8.40	88.61
37	1.60	1.49	8.55	88.36
38	1.64	1.48	8.56	88.32
39	1.77	1.57	8.77	87.89
40	1.83	1.62	8.93	87.62
41	1.80	1.55	8.83	87.81
42	1.83	1.57	8.82	87.78
43	1.82	1.57	8.89	87.72
44	1.91	1.58	8.97	87.53
45	1.97	1.62	8.93	87.47
46	2.05	1.63	8.98	87.34
47	2.09	1.64	8.99	87.28
48	2.17	1.68	9.13	87.02
49	2.24	1.68	9.06	87.02
50	2.29	1.74	9.27	86.70
51	2.22	1.65	9.06	87.07
52	2.37	1.73	9.18	86.72
53	2.42	1.70	9.12	86.75
54	2.59	1.79	9.36	86.26
55	2.54	1.70	9.18	86.58
56	2.63	1.74	9.23	86.40
57	2.69	1.73	9.22	86.37
58	2.76	1.77	9.34	86.13
59	2.85	1.76	9.48	85.91
60	2.95	1.82	9.69	85.54
61	3.01	1.84	9.77	85.39
62	3.01	1.79	9.73	85.47
63	3.09	1.82	9.83	85.26
64	3.10	1.77	9.81	85.32
65	3.19	1.81	9.96	85.04
66	3.36	1.90	10.25	84.49
67	3.36	1.87	10.28	84.49
68	3.44	1.88	10.46	84.22
69	3.52	1.90	10.54	84.05
70	4.00	1.98	10.84	83.18
71	4.02	1.90	10.74	83.35
72	4.06	1.86	10.66	83.42
73	3.87	2.24	11.03	82.86
74	4.31	2.32	12.32	81.05
75	4.05	2.28	11.76	81.90
76	3.80	2.56	16.54	77.10
77	3.79	1.98	12.93	81.30
78	3.86	1.76	11.29	83.09
79	4.04	1.81	10.94	83.21
80	4.13	1.80	10.75	83.32
81	4.19	1.79	10.68	83.34
82	4.32	1.82	10.74	83.13
83	4.52	1.96	11.00	82.52
84	4.75	2.01	11.10	82.14
85	4.83	2.06	11.21	81.90
86	4.99	2.07	11.20	81.74
87	5.21	2.10	11.34	81.35
88	5.44	2.13	11.37	81.06
89	5.62	2.11	11.38	80.88
90	5.93	2.16	11.48	80.42
91	6.34	2.29	11.79	79.59
92	6.60	2.24	11.77	79.39
93	6.93	2.16	11.59	79.32
94	7.42	2.19	11.71	78.68
95	7.94	2.18	11.78	78.10
96	8.53	2.11	11.78	77.58
97	9.08	1.91	11.44	77.57
98	9.85	1.90	11.82	76.42
99	10.57	1.65	11.31	76.46
100	11.73	3.44	17.60	67.23


	KU328820-15_A_L003_R2_006.fastq
Ranges	0-10	11-20	21-30	31-40
Base
1	0.96	0.32	0.20	98.52
2	1.03	0.29	0.21	98.48
3	0.81	0.59	0.31	98.29
4	0.78	0.59	0.20	98.43
5	1.37	1.13	14.65	82.85
6	1.26	1.17	13.26	84.31
7	1.22	1.15	12.97	84.66
8	1.27	1.13	5.38	92.22
9	1.37	1.19	5.65	91.79
10	1.08	1.35	5.33	92.25
11	1.08	1.35	5.34	92.24
12	1.12	1.37	5.40	92.11
13	1.21	1.41	5.60	91.79
14	1.22	1.42	5.60	91.75
15	1.23	1.43	5.58	91.77
16	1.23	1.40	5.50	91.86
17	1.24	1.37	5.49	91.90
18	2.18	2.39	7.71	87.72
19	2.19	2.36	7.70	87.75
20	2.24	2.37	7.78	87.61
21	2.46	2.56	8.14	86.84
22	2.42	2.52	8.04	87.02
23	2.41	2.42	7.98	87.20
24	2.54	2.49	8.16	86.80
25	2.51	2.43	8.08	86.98
26	2.62	2.43	8.24	86.71
27	2.65	2.41	8.24	86.71
28	2.89	2.54	8.74	85.84
29	2.80	2.39	8.67	86.13
30	2.89	2.32	8.68	86.12
31	2.88	2.20	8.66	86.26
32	3.06	2.25	9.01	85.68
33	3.10	2.16	9.03	85.71
34	3.21	2.17	9.27	85.36
35	3.22	2.13	9.39	85.26
36	3.22	2.08	9.62	85.08
37	3.30	2.08	9.76	84.85
38	3.37	2.10	10.01	84.52
39	3.38	2.10	10.07	84.46
40	3.41	2.08	10.11	84.41
41	3.52	2.11	10.30	84.06
42	3.66	2.18	10.48	83.69
43	3.72	2.21	10.57	83.50
44	3.73	2.18	10.51	83.59
45	3.82	2.24	10.62	83.33
46	3.77	2.22	10.67	83.34
47	3.91	2.21	10.67	83.21
48	3.96	2.20	10.57	83.28
49	4.14	2.26	10.67	82.94
50	4.13	2.23	10.60	83.05
51	4.26	2.29	10.71	82.74
52	4.26	2.23	10.61	82.91
53	4.40	2.29	10.76	82.55
54	4.50	2.32	10.80	82.39
55	3.50	2.11	11.26	83.13
56	3.77	2.04	9.98	84.21
57	4.07	2.09	10.04	83.80
58	4.42	2.17	10.38	83.04
59	4.71	2.29	10.68	82.33
60	4.72	2.23	10.61	82.44
61	4.85	2.28	10.71	82.15
62	4.99	2.34	10.92	81.75
63	4.90	2.26	10.86	81.98
64	4.99	2.22	10.86	81.93
65	5.07	2.30	11.03	81.60
66	5.11	2.27	11.02	81.60
67	5.09	2.26	11.13	81.52
68	5.09	2.15	10.82	81.93
69	5.18	2.13	10.73	81.96
70	5.24	2.09	10.68	81.99
71	5.33	2.15	10.82	81.70
72	5.41	2.19	10.98	81.43
73	5.45	2.18	11.07	81.30
74	5.41	2.12	10.94	81.54
75	5.41	2.08	10.81	81.70
76	5.41	2.02	10.77	81.80
77	5.52	2.07	10.92	81.48
78	5.52	2.03	10.90	81.54
79	5.59	2.06	10.99	81.37
80	5.63	2.03	10.96	81.39
81	5.82	2.15	11.23	80.81
82	5.84	2.14	11.28	80.75
83	5.92	2.11	11.20	80.77
84	5.99	2.10	11.19	80.72
85	6.12	2.09	11.19	80.60
86	6.22	2.03	11.04	80.71
87	6.43	2.07	10.98	80.52
88	6.62	2.08	11.03	80.27
89	6.95	2.24	11.34	79.48
90	7.16	2.21	11.32	79.31
91	7.45	2.22	11.34	78.99
92	7.73	2.17	11.29	78.80
93	8.08	2.15	11.26	78.51
94	8.56	2.23	11.45	77.76
95	9.03	2.26	11.59	77.12
96	9.34	1.98	11.08	77.60
97	9.85	1.85	10.86	77.44
98	10.40	1.75	10.76	77.09
99	10.92	1.78	11.07	76.23
100	11.31	1.86	10.75	76.07




