Parameters
	Library type	Paired-end
	Input files	KU328820-15_A_L003_R1_009.fastq	KU328820-15_A_L003_R2_009.fastq
	Primer/Adaptor library	Paired End DNA Library
	Cut-off read length for HQ	70%
	Cut-off quality score	20
	Only statistics	On
	Number of CPUs	2


QC statistics
	File name	KU328820-15_A_L003_R1_009.fastq	KU328820-15_A_L003_R2_009.fastq
	Total number of reads	4000000	4000000
	Total number of HQ reads	3723257	3723257
	Percentage of HQ reads	93.08%	93.08%
	Total number of bases	400000000	400000000
	Total number of bases in HQ reads	372325700	372325700
	Total number of HQ bases in HQ reads	366772241	367321097
	Percentage of HQ bases in HQ reads	98.51%	98.66%
	Number of Primer/Adaptor contaminated HQ reads	4	9
	Total number of HQ filtered reads	3723244	3723244
	Percentage of HQ filtered reads	93.08%	93.08%


Detailed QC statistics
	File name	KU328820-15_A_L003_R1_009.fastq	KU328820-15_A_L003_R2_009.fastq
	Minimum read length	100	100
	Maximum read length	100	100
	Average read length	100.00	100.00
	Total number of reads	4000000	4000000
	Total number of reads with non-ATGC bases	35433	35177
	Percentage of reads with non-ATGC bases	0.89%	0.88%
	Total number of bases	400000000	400000000
	Total number of HQ bases	386005042	384981515
	Percentage of HQ bases	96.50%	96.25%
	Total number of non-ATGC bases	782660	154766
	Percentage of non-ATGC bases	0.20%	0.04%


Average quality score at each base position of input reads

KU328820-15_A_L003_R1_009.fastq
32.67	32.92	32.99	36.38	36.28	36.30	36.27	36.28	38.07	38.06	38.05	38.02	38.01	39.51	39.51	39.48	39.46	39.42	39.46	39.42	39.40	39.32	39.28	39.23	39.20	39.10	39.03	38.98	38.93	38.86	38.80	38.71	38.63	38.53	38.48	38.36	38.23	38.15	38.07	38.02	37.91	37.82	37.95	37.97	37.91	37.85	37.76	37.68	37.65	37.51	37.68	37.67	37.66	37.61	37.56	37.46	37.33	37.14	37.04	36.92	36.81	36.64	36.50	36.35	36.19	36.04	35.86	35.63	35.41	35.07	34.82	34.65	34.37	33.81	33.80	32.69	33.25	33.43	33.43	33.28	33.10	32.93	32.68	32.47	32.31	32.16	32.00	31.82	31.67	31.52	31.36	31.21	31.05	30.88	30.69	30.51	30.30	30.09	29.85	28.45	

KU328820-15_A_L003_R2_009.fastq
36.34	36.35	36.29	36.33	32.32	32.57	32.64	35.97	35.96	35.95	35.94	35.92	37.65	37.65	37.59	37.54	37.51	38.98	38.97	38.97	38.92	38.87	38.94	38.81	38.82	38.81	38.79	38.72	38.65	38.62	38.57	38.54	38.50	38.39	38.35	38.28	38.22	38.15	38.11	38.02	37.94	37.89	37.85	37.77	37.66	37.66	37.68	37.66	37.63	37.51	37.42	37.32	37.34	37.25	36.15	36.57	36.86	36.96	36.96	36.92	36.81	36.71	36.55	36.46	36.31	36.13	36.21	36.22	36.17	36.02	35.88	35.67	35.53	35.36	35.19	34.99	34.79	34.60	34.39	34.20	34.02	33.79	33.63	33.42	33.13	32.95	32.79	32.68	32.53	32.37	32.11	31.96	31.83	31.67	31.50	31.34	31.16	31.01	30.86	30.72	





Read count (%) per base for different quality score ranges

	KU328820-15_A_L003_R1_009.fastq
Ranges	0-10	11-20	21-30	31-40
Base
1	0.21	0.25	6.57	92.97
2	0.06	0.31	5.90	93.73
3	0.06	0.19	5.85	93.90
4	0.05	0.18	1.67	98.10
5	0.10	0.25	2.18	97.47
6	0.07	0.27	2.07	97.58
7	0.09	0.29	2.23	97.39
8	0.08	0.28	2.16	97.48
9	0.08	0.28	2.16	97.48
10	0.09	0.28	2.19	97.44
11	0.09	0.29	2.22	97.40
12	0.10	0.30	2.30	97.29
13	0.10	0.30	2.31	97.28
14	0.29	0.78	4.56	94.37
15	0.29	0.76	4.49	94.46
16	0.31	0.78	4.52	94.38
17	0.32	0.77	4.56	94.34
18	0.42	0.79	4.57	94.23
19	0.37	0.88	4.64	94.10
20	0.40	0.83	4.77	94.00
21	0.42	0.81	4.69	94.07
22	0.48	0.86	4.90	93.75
23	0.52	0.87	4.92	93.68
24	0.60	0.93	5.21	93.26
25	0.65	0.90	5.12	93.34
26	0.89	0.99	5.23	92.89
27	0.98	1.02	5.34	92.66
28	1.04	1.00	5.34	92.62
29	1.10	1.01	5.41	92.48
30	1.18	1.00	5.56	92.25
31	1.24	1.00	5.68	92.08
32	1.31	1.03	5.88	91.78
33	1.38	1.06	6.05	91.51
34	1.47	1.07	6.20	91.26
35	1.48	1.08	6.32	91.13
36	1.60	1.12	6.41	90.87
37	1.68	1.16	6.71	90.45
38	1.74	1.19	6.74	90.34
39	1.78	1.18	6.78	90.26
40	1.81	1.18	6.75	90.26
41	1.90	1.21	6.75	90.15
42	1.94	1.24	6.89	89.92
43	2.00	1.24	7.05	89.70
44	2.12	1.23	6.95	89.70
45	2.25	1.32	7.04	89.39
46	2.32	1.32	7.14	89.22
47	2.43	1.37	7.26	88.94
48	2.49	1.38	7.35	88.78
49	2.52	1.38	7.23	88.87
50	2.63	1.44	7.42	88.51
51	2.63	1.36	7.24	88.77
52	2.80	1.38	7.20	88.63
53	2.84	1.33	7.10	88.73
54	2.90	1.33	7.05	88.72
55	2.97	1.30	7.06	88.67
56	3.05	1.32	7.09	88.54
57	3.15	1.36	7.24	88.26
58	3.25	1.44	7.47	87.84
59	3.28	1.38	7.53	87.81
60	3.33	1.38	7.52	87.77
61	3.37	1.40	7.56	87.67
62	3.49	1.44	7.74	87.34
63	3.53	1.42	7.82	87.23
64	3.59	1.43	7.88	87.10
65	3.66	1.45	7.98	86.91
66	3.70	1.44	7.99	86.87
67	3.79	1.44	8.10	86.68
68	3.91	1.48	8.25	86.35
69	4.06	1.50	8.36	86.08
70	4.55	1.50	8.51	85.43
71	4.68	1.57	8.77	84.98
72	4.72	1.55	8.74	84.99
73	4.82	1.63	9.09	84.46
74	4.99	1.92	10.40	82.69
75	5.03	1.74	9.78	83.46
76	4.63	1.90	13.72	79.75
77	4.72	1.58	10.25	83.45
78	4.88	1.54	9.22	84.36
79	4.93	1.47	8.74	84.86
80	5.05	1.49	8.65	84.81
81	5.16	1.53	8.70	84.61
82	5.27	1.54	8.70	84.49
83	5.49	1.64	8.99	83.88
84	5.67	1.71	9.16	83.46
85	5.74	1.76	9.25	83.25
86	5.89	1.77	9.32	83.02
87	6.08	1.78	9.43	82.71
88	6.31	1.85	9.63	82.22
89	6.49	1.87	9.75	81.89
90	6.74	1.88	9.85	81.52
91	7.01	1.93	9.98	81.08
92	7.30	1.92	10.02	80.75
93	7.64	1.93	10.12	80.31
94	8.02	1.92	10.22	79.85
95	8.46	1.91	10.36	79.27
96	8.97	1.83	10.32	78.87
97	9.54	1.75	10.42	78.29
98	10.18	1.61	10.36	77.85
99	10.93	1.52	10.20	77.36
100	12.09	3.21	16.66	68.04


	KU328820-15_A_L003_R2_009.fastq
Ranges	0-10	11-20	21-30	31-40
Base
1	1.65	0.40	0.23	97.72
2	1.70	0.33	0.21	97.77
3	1.54	0.63	0.34	97.50
4	1.47	0.63	0.30	97.60
5	0.78	0.60	8.40	90.22
6	0.68	0.58	7.37	91.37
7	0.67	0.55	7.03	91.75
8	0.70	0.55	2.80	95.95
9	0.70	0.54	2.78	95.98
10	0.65	0.64	2.85	95.85
11	0.66	0.65	2.87	95.82
12	0.68	0.66	2.88	95.77
13	0.70	0.65	2.85	95.80
14	0.72	0.63	2.81	95.83
15	0.78	0.67	2.95	95.60
16	0.82	0.70	3.06	95.41
17	0.84	0.72	3.09	95.35
18	1.97	1.65	5.73	90.65
19	2.02	1.62	5.69	90.67
20	2.07	1.58	5.63	90.72
21	2.13	1.59	5.69	90.59
22	2.20	1.65	5.76	90.39
23	2.24	1.59	5.77	90.40
24	2.36	1.68	6.00	89.95
25	2.35	1.60	5.88	90.17
26	2.38	1.57	5.84	90.21
27	2.44	1.53	5.81	90.22
28	2.67	1.64	6.31	89.39
29	2.70	1.63	6.32	89.36
30	2.70	1.57	6.33	89.39
31	2.77	1.53	6.41	89.30
32	2.80	1.48	6.43	89.30
33	2.85	1.43	6.49	89.23
34	2.94	1.46	6.75	88.84
35	2.98	1.44	6.84	88.75
36	3.04	1.44	6.98	88.53
37	3.08	1.44	7.12	88.36
38	3.13	1.45	7.25	88.18
39	3.13	1.43	7.31	88.13
40	3.20	1.46	7.42	87.92
41	3.27	1.46	7.46	87.81
42	3.29	1.48	7.50	87.73
43	3.31	1.46	7.51	87.73
44	3.35	1.46	7.54	87.64
45	3.47	1.51	7.64	87.38
46	3.65	1.61	8.02	86.72
47	3.64	1.55	7.86	86.96
48	3.72	1.55	7.78	86.95
49	3.79	1.55	7.74	86.92
50	3.92	1.63	7.91	86.54
51	3.99	1.64	8.02	86.35
52	4.06	1.69	8.12	86.13
53	3.99	1.62	7.93	86.46
54	4.08	1.63	7.93	86.36
55	2.92	1.31	7.50	88.27
56	3.11	1.29	6.65	88.95
57	3.61	1.42	7.10	87.87
58	4.07	1.57	7.67	86.69
59	4.26	1.63	7.94	86.18
60	4.35	1.63	7.93	86.10
61	4.42	1.69	8.09	85.81
62	4.42	1.65	8.01	85.92
63	4.51	1.69	8.36	85.44
64	4.49	1.68	8.33	85.50
65	4.55	1.71	8.45	85.30
66	4.61	1.76	8.63	85.00
67	4.59	1.67	8.43	85.31
68	4.62	1.57	8.10	85.71
69	4.68	1.49	7.88	85.95
70	4.75	1.50	7.87	85.88
71	4.76	1.48	7.83	85.93
72	4.85	1.48	7.90	85.77
73	4.79	1.48	7.84	85.89
74	4.73	1.53	7.85	85.89
75	4.70	1.51	7.85	85.93
76	4.71	1.50	7.95	85.84
77	4.71	1.47	7.99	85.82
78	4.74	1.46	7.97	85.83
79	4.76	1.47	8.04	85.73
80	4.76	1.44	8.04	85.76
81	4.80	1.44	7.99	85.77
82	4.86	1.47	8.09	85.58
83	4.89	1.44	8.00	85.67
84	4.99	1.45	8.10	85.46
85	5.21	1.58	8.46	84.75
86	5.27	1.61	8.55	84.57
87	5.37	1.61	8.53	84.48
88	5.45	1.56	8.37	84.62
89	5.60	1.54	8.33	84.53
90	5.78	1.54	8.33	84.35
91	6.08	1.68	8.75	83.49
92	6.29	1.67	8.80	83.24
93	6.51	1.65	8.73	83.11
94	6.84	1.62	8.76	82.78
95	7.16	1.63	8.82	82.39
96	7.53	1.57	8.80	82.10
97	7.95	1.55	8.89	81.61
98	8.35	1.45	8.89	81.31
99	8.72	1.36	8.88	81.04
100	9.09	1.45	8.70	80.76




