Parameters
	Library type	Paired-end
	Input files	KU328820-15_A_L003_R1_016.fastq	KU328820-15_A_L003_R2_016.fastq
	Primer/Adaptor library	Paired End DNA Library
	Cut-off read length for HQ	70%
	Cut-off quality score	20
	Only statistics	On
	Number of CPUs	2


QC statistics
	File name	KU328820-15_A_L003_R1_016.fastq	KU328820-15_A_L003_R2_016.fastq
	Total number of reads	4000000	4000000
	Total number of HQ reads	3654916	3654916
	Percentage of HQ reads	91.37%	91.37%
	Total number of bases	400000000	400000000
	Total number of bases in HQ reads	365491600	365491600
	Total number of HQ bases in HQ reads	358805697	356911229
	Percentage of HQ bases in HQ reads	98.17%	97.65%
	Number of Primer/Adaptor contaminated HQ reads	2	5
	Total number of HQ filtered reads	3654909	3654909
	Percentage of HQ filtered reads	91.37%	91.37%


Detailed QC statistics
	File name	KU328820-15_A_L003_R1_016.fastq	KU328820-15_A_L003_R2_016.fastq
	Minimum read length	100	100
	Maximum read length	100	100
	Average read length	100.00	100.00
	Total number of reads	4000000	4000000
	Total number of reads with non-ATGC bases	32078	33401
	Percentage of reads with non-ATGC bases	0.80%	0.84%
	Total number of bases	400000000	400000000
	Total number of HQ bases	383719340	376506353
	Percentage of HQ bases	95.93%	94.13%
	Total number of non-ATGC bases	759213	211356
	Percentage of non-ATGC bases	0.19%	0.05%


Average quality score at each base position of input reads

KU328820-15_A_L003_R1_016.fastq
32.04	32.33	32.45	35.98	35.85	35.84	35.83	35.79	37.45	37.41	37.39	37.40	37.35	38.71	38.73	38.75	38.72	38.64	38.68	38.60	38.59	38.48	38.45	38.38	38.38	38.30	38.17	38.20	38.09	38.03	37.96	37.91	37.83	37.74	37.61	37.58	37.45	37.38	37.29	37.17	37.13	37.02	37.33	37.36	37.39	37.37	37.18	37.12	37.07	36.94	37.06	36.93	36.93	36.89	36.86	36.73	36.52	36.46	36.42	36.20	36.15	35.99	35.80	35.69	35.44	35.34	35.02	34.93	34.62	34.35	34.25	33.96	33.71	32.98	33.14	31.98	32.51	32.71	32.68	32.62	32.48	32.36	32.17	32.01	31.76	31.62	31.43	31.30	31.07	30.91	30.84	30.65	30.49	30.27	30.04	29.68	29.41	28.87	28.61	27.03	

KU328820-15_A_L003_R2_016.fastq
36.33	36.29	36.27	36.33	31.15	31.50	31.55	34.96	34.95	35.02	35.01	34.95	36.45	36.45	36.45	36.53	36.45	37.56	37.60	37.58	37.42	37.44	37.51	37.41	37.42	37.47	37.25	37.31	37.20	37.20	37.15	36.92	36.95	37.00	36.78	36.80	36.78	36.61	36.56	36.60	36.47	36.51	36.42	36.29	36.38	36.48	36.32	36.26	36.23	36.05	36.07	36.07	36.04	35.94	34.88	35.21	35.53	35.59	35.57	35.52	35.40	35.17	35.31	35.25	35.17	34.95	34.94	34.86	34.38	34.46	34.14	34.04	33.98	33.85	33.68	33.54	33.26	33.07	32.76	32.64	32.52	32.36	32.11	31.78	31.52	31.35	31.27	31.12	30.97	30.79	30.47	30.29	30.13	29.90	29.32	29.37	29.20	29.04	28.77	28.52	





Read count (%) per base for different quality score ranges

	KU328820-15_A_L003_R1_016.fastq
Ranges	0-10	11-20	21-30	31-40
Base
1	0.25	0.42	11.65	87.68
2	0.12	0.42	10.44	89.02
3	0.10	0.32	10.02	89.55
4	0.10	0.30	3.12	96.47
5	0.18	0.43	3.87	95.53
6	0.15	0.49	3.82	95.54
7	0.16	0.52	3.87	95.45
8	0.17	0.56	4.05	95.22
9	0.17	0.56	4.01	95.26
10	0.19	0.58	4.16	95.08
11	0.19	0.59	4.20	95.02
12	0.19	0.58	4.11	95.12
13	0.21	0.62	4.31	94.86
14	0.39	1.11	6.11	92.39
15	0.40	1.10	6.04	92.47
16	0.39	1.07	5.95	92.59
17	0.40	1.09	6.05	92.45
18	0.48	1.13	6.18	92.21
19	0.45	1.18	6.26	92.10
20	0.51	1.23	6.50	91.76
21	0.52	1.19	6.39	91.90
22	0.60	1.30	6.66	91.44
23	0.60	1.26	6.67	91.47
24	0.68	1.34	6.99	90.98
25	0.69	1.29	6.88	91.15
26	0.96	1.35	6.85	90.84
27	1.12	1.48	7.16	90.24
28	1.10	1.38	6.98	90.53
29	1.23	1.44	7.33	90.01
30	1.29	1.42	7.42	89.87
31	1.33	1.41	7.64	89.62
32	1.35	1.39	7.74	89.51
33	1.43	1.43	7.93	89.21
34	1.50	1.45	8.14	88.91
35	1.59	1.53	8.50	88.38
36	1.61	1.50	8.51	88.39
37	1.69	1.57	8.77	87.97
38	1.72	1.57	8.83	87.88
39	1.78	1.60	8.90	87.72
40	1.88	1.65	9.07	87.40
41	1.87	1.63	9.02	87.48
42	1.95	1.66	9.14	87.25
43	1.82	1.56	8.92	87.70
44	1.93	1.57	8.94	87.56
45	1.98	1.57	8.74	87.72
46	2.03	1.57	8.77	87.63
47	2.20	1.71	9.18	86.91
48	2.25	1.71	9.19	86.85
49	2.29	1.72	9.20	86.79
50	2.41	1.80	9.38	86.41
51	2.29	1.69	9.15	86.87
52	2.50	1.78	9.33	86.40
53	2.49	1.72	9.22	86.57
54	2.54	1.70	9.09	86.68
55	2.57	1.66	9.05	86.72
56	2.69	1.73	9.18	86.41
57	2.84	1.83	9.53	85.80
58	2.84	1.79	9.50	85.86
59	2.86	1.71	9.38	86.06
60	3.02	1.81	9.71	85.46
61	3.01	1.75	9.60	85.64
62	3.12	1.78	9.77	85.33
63	3.22	1.85	10.01	84.92
64	3.27	1.81	10.00	84.91
65	3.45	1.93	10.39	84.23
66	3.45	1.87	10.31	84.37
67	3.67	2.02	10.90	83.42
68	3.69	1.91	10.75	83.65
69	3.99	2.03	11.13	82.86
70	4.40	2.01	11.18	82.42
71	4.41	1.91	11.05	82.63
72	4.64	2.04	11.43	81.89
73	4.74	2.10	11.79	81.38
74	5.18	2.65	13.71	78.47
75	4.97	2.25	12.74	80.04
76	4.77	2.55	17.57	75.11
77	4.86	2.17	13.88	79.09
78	5.02	2.10	12.55	80.34
79	5.14	2.10	12.17	80.58
80	5.20	2.07	11.84	80.89
81	5.31	2.06	11.75	80.89
82	5.40	2.02	11.60	80.99
83	5.58	2.06	11.70	80.67
84	5.74	2.08	11.69	80.49
85	6.00	2.24	12.04	79.71
86	6.18	2.25	12.05	79.52
87	6.41	2.30	12.27	79.01
88	6.63	2.29	12.19	78.89
89	6.97	2.41	12.54	78.08
90	7.27	2.44	12.65	77.64
91	7.48	2.30	12.36	77.86
92	7.91	2.33	12.37	77.39
93	8.34	2.28	12.29	77.08
94	8.88	2.30	12.46	76.37
95	9.53	2.21	12.41	75.85
96	10.41	2.28	12.75	74.56
97	11.28	2.09	12.56	74.07
98	12.52	2.29	13.41	71.79
99	13.52	2.03	12.98	71.48
100	14.96	4.21	20.09	60.74


	KU328820-15_A_L003_R2_016.fastq
Ranges	0-10	11-20	21-30	31-40
Base
1	1.47	0.32	0.22	97.98
2	1.57	0.38	0.34	97.70
3	1.32	0.66	0.52	97.50
4	1.33	0.61	0.26	97.80
5	1.82	1.38	16.36	80.43
6	1.41	1.32	14.31	82.96
7	1.47	1.31	13.98	83.25
8	1.56	1.35	6.02	91.07
9	1.55	1.35	6.03	91.07
10	1.25	1.54	5.72	91.48
11	1.27	1.53	5.78	91.42
12	1.35	1.61	5.96	91.08
13	1.37	1.61	5.94	91.08
14	1.39	1.58	5.94	91.10
15	1.39	1.56	5.93	91.12
16	1.33	1.45	5.66	91.55
17	1.40	1.51	5.92	91.17
18	2.57	2.70	8.28	86.45
19	2.44	2.61	8.04	86.91
20	2.49	2.59	8.04	86.88
21	2.72	2.74	8.38	86.16
22	2.67	2.65	8.26	86.43
23	2.80	2.69	8.34	86.18
24	2.86	2.75	8.55	85.85
25	2.82	2.65	8.48	86.05
26	2.80	2.51	8.32	86.37
27	3.05	2.66	8.76	85.53
28	3.09	2.60	8.85	85.46
29	3.25	2.65	9.10	84.99
30	3.27	2.56	9.02	85.15
31	3.31	2.49	9.16	85.04
32	3.61	2.60	9.67	84.12
33	3.52	2.44	9.61	84.43
34	3.43	2.26	9.49	84.83
35	3.72	2.41	10.04	83.84
36	3.66	2.31	10.11	83.91
37	3.67	2.27	10.19	83.87
38	3.86	2.37	10.65	83.11
39	3.85	2.38	10.81	82.96
40	3.74	2.27	10.67	83.31
41	3.94	2.35	10.87	82.84
42	3.84	2.26	10.72	83.18
43	3.96	2.27	10.80	82.97
44	4.08	2.35	10.96	82.61
45	3.91	2.20	10.63	83.25
46	4.06	2.23	10.76	82.95
47	4.31	2.37	11.06	82.26
48	4.39	2.39	11.10	82.11
49	4.45	2.38	11.05	82.12
50	4.70	2.50	11.31	81.48
51	4.68	2.41	11.15	81.75
52	4.66	2.39	11.02	81.93
53	4.70	2.38	10.98	81.94
54	4.84	2.39	11.01	81.76
55	4.04	2.22	11.43	82.32
56	4.11	2.12	10.33	83.43
57	4.57	2.24	10.47	82.71
58	5.03	2.38	10.95	81.64
59	5.21	2.45	11.19	81.15
60	5.37	2.44	11.25	80.94
61	5.51	2.51	11.38	80.61
62	5.83	2.66	11.66	79.85
63	5.43	2.37	11.37	80.83
64	5.52	2.31	11.18	80.99
65	5.59	2.26	11.09	81.06
66	5.75	2.37	11.32	80.56
67	5.67	2.28	11.26	80.79
68	5.78	2.21	11.11	80.90
69	6.22	2.55	11.96	79.27
70	6.01	2.32	11.51	80.16
71	6.35	2.49	11.89	79.27
72	6.35	2.43	11.82	79.40
73	6.30	2.32	11.60	79.78
74	6.30	2.29	11.56	79.86
75	6.37	2.28	11.60	79.75
76	6.38	2.19	11.54	79.89
77	6.57	2.31	11.87	79.26
78	6.62	2.29	11.93	79.15
79	6.85	2.42	12.26	78.48
80	6.85	2.34	12.10	78.71
81	6.83	2.25	11.95	78.97
82	6.91	2.20	11.87	79.02
83	7.12	2.26	12.05	78.56
84	7.43	2.44	12.47	77.66
85	7.68	2.55	12.74	77.04
86	7.83	2.55	12.79	76.84
87	7.89	2.42	12.46	77.22
88	8.10	2.38	12.31	77.21
89	8.35	2.36	12.17	77.13
90	8.65	2.34	12.18	76.83
91	9.17	2.53	12.58	75.73
92	9.51	2.51	12.61	75.38
93	9.89	2.41	12.47	75.23
94	10.47	2.40	12.38	74.74
95	11.48	2.89	13.59	72.04
96	11.68	2.39	12.81	73.12
97	12.33	2.21	12.36	73.09
98	12.94	1.97	11.98	73.11
99	13.60	1.97	12.16	72.28
100	14.14	2.24	12.19	71.42




