Parameters
	Library type	Paired-end
	Input files	KU328820-15_A_L003_R1_037.fastq	KU328820-15_A_L003_R2_037.fastq
	Primer/Adaptor library	Paired End DNA Library
	Cut-off read length for HQ	70%
	Cut-off quality score	20
	Only statistics	On
	Number of CPUs	2


QC statistics
	File name	KU328820-15_A_L003_R1_037.fastq	KU328820-15_A_L003_R2_037.fastq
	Total number of reads	4000000	4000000
	Total number of HQ reads	3735943	3735943
	Percentage of HQ reads	93.40%	93.40%
	Total number of bases	400000000	400000000
	Total number of bases in HQ reads	373594300	373594300
	Total number of HQ bases in HQ reads	367693397	367125894
	Percentage of HQ bases in HQ reads	98.42%	98.27%
	Number of Primer/Adaptor contaminated HQ reads	3	6
	Total number of HQ filtered reads	3735934	3735934
	Percentage of HQ filtered reads	93.40%	93.40%


Detailed QC statistics
	File name	KU328820-15_A_L003_R1_037.fastq	KU328820-15_A_L003_R2_037.fastq
	Minimum read length	100	100
	Maximum read length	100	100
	Average read length	100.00	100.00
	Total number of reads	4000000	4000000
	Total number of reads with non-ATGC bases	6165	6857
	Percentage of reads with non-ATGC bases	0.15%	0.17%
	Total number of bases	400000000	400000000
	Total number of HQ bases	386380000	382456907
	Percentage of HQ bases	96.59%	95.61%
	Total number of non-ATGC bases	28336	164856
	Percentage of non-ATGC bases	0.01%	0.04%


Average quality score at each base position of input reads

KU328820-15_A_L003_R1_037.fastq
32.17	32.48	32.55	36.10	36.00	36.00	36.00	35.98	37.71	37.67	37.67	37.65	37.62	38.99	38.99	38.97	38.93	38.93	38.98	38.93	38.88	38.81	38.81	38.78	38.75	38.64	38.57	38.51	38.46	38.39	38.30	38.21	38.15	38.09	38.04	37.96	37.83	37.77	37.71	37.61	37.55	37.38	37.63	37.65	37.64	37.59	37.52	37.39	37.34	37.23	37.29	37.31	37.28	37.21	37.13	37.08	36.98	36.87	36.75	36.62	36.50	36.39	36.23	36.08	35.97	35.81	35.63	35.45	35.22	35.06	34.92	34.75	34.48	34.30	34.12	33.16	33.42	33.54	33.48	33.38	33.19	32.94	32.74	32.59	32.42	32.28	32.09	31.96	31.77	31.62	31.42	31.27	31.12	30.96	30.78	30.62	30.43	30.19	29.95	28.47	

KU328820-15_A_L003_R2_037.fastq
36.64	36.63	36.61	36.62	31.40	30.89	31.60	35.27	35.30	35.35	35.43	35.47	37.04	37.08	37.02	37.08	37.02	38.38	38.36	38.35	38.29	38.24	38.25	38.19	38.21	38.15	38.11	38.12	38.03	38.01	37.96	37.87	37.84	37.81	37.75	37.70	37.62	37.59	37.54	37.46	37.43	37.32	37.21	37.23	37.13	37.27	37.13	37.13	37.12	37.09	37.00	36.88	36.77	36.72	35.72	36.13	36.42	36.56	36.55	36.45	36.35	36.23	36.14	36.04	35.86	35.74	35.75	35.67	35.59	35.48	35.34	35.19	35.02	34.85	34.67	34.51	34.34	34.11	33.89	33.73	33.52	33.32	33.06	32.91	32.70	32.48	32.33	32.19	32.03	31.84	31.70	31.56	31.42	31.24	31.07	30.92	30.79	30.63	30.44	30.31	





Read count (%) per base for different quality score ranges

	KU328820-15_A_L003_R1_037.fastq
Ranges	0-10	11-20	21-30	31-40
Base
1	0.40	0.56	9.57	89.47
2	0.09	0.64	8.70	90.57
3	0.10	0.38	8.99	90.52
4	0.09	0.31	2.58	97.02
5	0.15	0.39	3.19	96.28
6	0.13	0.44	3.21	96.23
7	0.13	0.43	3.18	96.27
8	0.14	0.44	3.24	96.19
9	0.13	0.43	3.18	96.26
10	0.14	0.45	3.33	96.07
11	0.15	0.45	3.31	96.10
12	0.15	0.45	3.36	96.04
13	0.16	0.46	3.44	95.93
14	0.37	1.02	5.65	92.96
15	0.37	1.00	5.55	93.08
16	0.40	0.99	5.55	93.06
17	0.41	1.05	5.64	92.90
18	0.40	1.00	5.57	93.03
19	0.43	1.01	5.59	92.96
20	0.45	1.05	5.71	92.79
21	0.49	1.08	5.83	92.60
22	0.53	1.13	6.01	92.33
23	0.53	1.07	5.84	92.56
24	0.61	1.13	6.09	92.18
25	0.64	1.10	6.14	92.11
26	0.90	1.21	6.19	91.70
27	0.99	1.25	6.28	91.47
28	1.06	1.27	6.41	91.26
29	1.13	1.26	6.52	91.10
30	1.19	1.25	6.69	90.87
31	1.28	1.28	6.88	90.56
32	1.34	1.28	7.12	90.25
33	1.39	1.28	7.21	90.11
34	1.43	1.30	7.33	89.93
35	1.46	1.30	7.43	89.81
36	1.55	1.31	7.55	89.59
37	1.65	1.38	7.77	89.20
38	1.67	1.38	7.80	89.15
39	1.71	1.37	7.81	89.11
40	1.78	1.41	7.92	88.90
41	1.81	1.41	7.91	88.87
42	1.96	1.50	8.16	88.38
43	1.90	1.43	8.13	88.54
44	2.00	1.46	8.10	88.43
45	2.07	1.48	8.11	88.34
46	2.13	1.50	8.15	88.21
47	2.22	1.51	8.22	88.05
48	2.34	1.60	8.44	87.63
49	2.40	1.59	8.43	87.58
50	2.54	1.62	8.46	87.37
51	2.49	1.63	8.45	87.43
52	2.54	1.59	8.36	87.51
53	2.62	1.58	8.33	87.46
54	2.73	1.57	8.31	87.39
55	2.82	1.58	8.37	87.22
56	2.76	1.62	8.31	87.31
57	2.85	1.62	8.39	87.14
58	2.93	1.62	8.46	87.00
59	3.06	1.59	8.54	86.81
60	3.10	1.59	8.59	86.73
61	3.12	1.63	8.67	86.58
62	3.13	1.65	8.72	86.50
63	3.20	1.66	8.88	86.25
64	3.27	1.64	8.99	86.10
65	3.29	1.62	9.02	86.08
66	3.36	1.63	9.06	85.96
67	3.43	1.66	9.21	85.70
68	3.48	1.67	9.37	85.48
69	3.56	1.74	9.65	85.05
70	3.62	1.69	9.64	85.06
71	3.61	1.70	9.58	85.11
72	3.68	1.66	9.65	85.00
73	3.81	1.74	9.96	84.49
74	3.84	1.72	10.03	84.41
75	3.91	1.73	10.09	84.28
76	3.79	1.91	13.15	81.15
77	3.89	1.78	11.20	83.14
78	3.95	1.69	10.35	84.00
79	4.05	1.67	10.00	84.28
80	4.11	1.64	9.77	84.49
81	4.25	1.68	9.81	84.26
82	4.45	1.80	10.12	83.62
83	4.61	1.82	10.29	83.28
84	4.73	1.84	10.28	83.14
85	4.87	1.90	10.36	82.87
86	5.01	1.92	10.36	82.71
87	5.24	1.99	10.60	82.18
88	5.42	1.96	10.63	81.99
89	5.70	2.05	10.83	81.42
90	5.95	2.05	10.90	81.11
91	6.27	2.14	11.20	80.39
92	6.58	2.13	11.20	80.09
93	6.92	2.13	11.28	79.67
94	7.32	2.11	11.27	79.30
95	7.78	2.08	11.36	78.79
96	8.28	1.95	11.15	78.62
97	8.88	1.84	11.07	78.22
98	9.57	1.71	11.08	77.64
99	10.35	1.60	10.86	77.19
100	11.52	3.45	17.90	67.14


	KU328820-15_A_L003_R2_037.fastq
Ranges	0-10	11-20	21-30	31-40
Base
1	0.89	0.29	0.14	98.68
2	0.99	0.25	0.15	98.60
3	0.66	0.59	0.21	98.53
4	0.67	0.57	0.19	98.58
5	1.23	1.34	14.64	82.79
6	3.90	2.31	12.42	81.38
7	1.18	1.97	13.66	83.19
8	1.17	1.18	4.49	93.16
9	1.22	1.14	4.52	93.12
10	1.07	1.26	4.45	93.22
11	0.99	1.16	4.25	93.59
12	0.95	1.10	4.21	93.73
13	1.00	1.13	4.38	93.49
14	0.98	1.03	4.28	93.71
15	1.06	1.05	4.46	93.43
16	1.01	1.00	4.24	93.75
17	1.07	1.03	4.41	93.49
18	2.07	1.98	6.76	89.19
19	2.10	1.97	6.79	89.15
20	2.15	1.95	6.76	89.15
21	2.25	1.97	6.89	88.89
22	2.34	2.00	6.93	88.73
23	2.45	2.04	7.14	88.36
24	2.50	2.06	7.22	88.22
25	2.48	1.99	7.07	88.46
26	2.58	2.01	7.19	88.23
27	2.58	1.96	7.21	88.24
28	2.73	1.96	7.41	87.91
29	2.78	2.03	7.61	87.59
30	2.83	1.92	7.60	87.65
31	2.87	1.92	7.70	87.52
32	3.01	1.91	7.88	87.20
33	3.00	1.86	7.95	87.19
34	2.99	1.82	8.08	87.11
35	3.06	1.78	8.26	86.90
36	3.11	1.79	8.41	86.69
37	3.14	1.80	8.66	86.40
38	3.17	1.77	8.73	86.33
39	3.20	1.78	8.83	86.19
40	3.29	1.81	8.97	85.93
41	3.26	1.77	8.96	86.01
42	3.39	1.81	9.11	85.69
43	3.51	1.87	9.24	85.38
44	3.42	1.80	9.08	85.69
45	3.52	1.85	9.16	85.47
46	3.53	1.81	9.24	85.43
47	4.00	2.01	9.35	84.64
48	3.78	2.04	9.47	84.72
49	3.82	1.95	9.36	84.87
50	3.89	1.92	9.24	84.95
51	4.03	1.93	9.33	84.71
52	4.12	2.03	9.49	84.36
53	4.20	2.08	9.67	84.04
54	4.23	2.05	9.64	84.09
55	3.16	1.69	9.28	85.87
56	3.38	1.69	8.37	86.56
57	3.84	1.82	8.77	85.56
58	4.10	1.84	9.05	85.01
59	4.30	1.90	9.24	84.56
60	4.46	1.97	9.39	84.18
61	4.52	2.00	9.50	83.98
62	4.55	2.00	9.58	83.87
63	4.61	1.98	9.63	83.78
64	4.62	1.98	9.66	83.73
65	4.73	2.03	9.89	83.35
66	4.73	2.03	9.91	83.32
67	4.71	1.97	9.83	83.50
68	4.82	1.94	9.69	83.55
69	4.85	1.89	9.55	83.71
70	4.90	1.85	9.48	83.76
71	4.95	1.81	9.48	83.76
72	5.03	1.77	9.38	83.82
73	4.98	1.85	9.44	83.72
74	4.99	1.86	9.47	83.69
75	5.00	1.81	9.56	83.63
76	5.00	1.77	9.55	83.68
77	5.03	1.74	9.52	83.71
78	5.09	1.77	9.64	83.50
79	5.16	1.81	9.71	83.32
80	5.16	1.77	9.63	83.44
81	5.25	1.78	9.74	83.24
82	5.32	1.79	9.76	83.14
83	5.49	1.88	9.98	82.64
84	5.51	1.85	9.94	82.70
85	5.66	1.89	10.04	82.42
86	5.82	1.95	10.19	82.04
87	5.94	1.94	10.16	81.96
88	6.07	1.91	10.07	81.94
89	6.26	1.92	9.99	81.83
90	6.48	1.97	10.16	81.39
91	6.67	1.95	10.14	81.23
92	6.92	1.93	10.10	81.06
93	7.19	1.89	10.06	80.85
94	7.53	1.90	10.08	80.48
95	7.89	1.87	10.09	80.14
96	8.29	1.80	10.00	79.92
97	8.70	1.67	9.83	79.81
98	9.13	1.59	9.80	79.48
99	9.56	1.55	9.94	78.95
100	9.93	1.63	9.66	78.78




