Parameters
	Library type	Paired-end
	Input files	KU328820-15_A_L003_R1_044.fastq	KU328820-15_A_L003_R2_044.fastq
	Primer/Adaptor library	Paired End DNA Library
	Cut-off read length for HQ	70%
	Cut-off quality score	20
	Only statistics	On
	Number of CPUs	2


QC statistics
	File name	KU328820-15_A_L003_R1_044.fastq	KU328820-15_A_L003_R2_044.fastq
	Total number of reads	4000000	4000000
	Total number of HQ reads	3750389	3750389
	Percentage of HQ reads	93.76%	93.76%
	Total number of bases	400000000	400000000
	Total number of bases in HQ reads	375038900	375038900
	Total number of HQ bases in HQ reads	369618521	369043937
	Percentage of HQ bases in HQ reads	98.55%	98.40%
	Number of Primer/Adaptor contaminated HQ reads	10	9
	Total number of HQ filtered reads	3750370	3750370
	Percentage of HQ filtered reads	93.76%	93.76%


Detailed QC statistics
	File name	KU328820-15_A_L003_R1_044.fastq	KU328820-15_A_L003_R2_044.fastq
	Minimum read length	100	100
	Maximum read length	100	100
	Average read length	100.00	100.00
	Total number of reads	4000000	4000000
	Total number of reads with non-ATGC bases	3298	3412
	Percentage of reads with non-ATGC bases	0.08%	0.09%
	Total number of bases	400000000	400000000
	Total number of HQ bases	387198768	383799362
	Percentage of HQ bases	96.80%	95.95%
	Total number of non-ATGC bases	6997	45782
	Percentage of non-ATGC bases	0.00%	0.01%


Average quality score at each base position of input reads

KU328820-15_A_L003_R1_044.fastq
32.34	32.61	32.65	36.15	36.06	36.05	36.04	36.04	37.76	37.74	37.72	37.69	37.67	39.13	39.07	39.06	39.02	39.01	39.07	39.05	39.00	38.95	38.91	38.89	38.82	38.75	38.69	38.63	38.58	38.49	38.44	38.38	38.33	38.25	38.16	38.09	38.03	37.92	37.83	37.77	37.68	37.59	37.76	37.81	37.80	37.72	37.69	37.59	37.52	37.43	37.49	37.50	37.47	37.37	37.32	37.18	37.13	37.03	36.95	36.81	36.69	36.57	36.46	36.28	36.11	35.97	35.81	35.61	35.42	35.27	35.10	34.87	34.69	34.50	34.31	33.41	33.69	33.76	33.68	33.56	33.39	33.19	32.97	32.82	32.65	32.46	32.34	32.23	32.03	31.86	31.75	31.57	31.46	31.33	31.21	31.02	30.83	30.61	30.37	28.93	

KU328820-15_A_L003_R2_044.fastq
36.64	36.64	36.59	36.63	31.41	31.88	32.07	35.56	35.55	35.56	35.57	35.58	37.24	37.22	37.18	37.16	37.07	38.52	38.50	38.48	38.43	38.41	38.45	38.39	38.34	38.30	38.28	38.27	37.96	38.06	38.06	38.03	38.00	37.94	37.91	37.83	37.78	37.77	37.68	37.65	37.59	37.53	37.50	37.43	37.33	37.44	37.41	37.39	37.37	37.30	37.22	37.16	37.09	37.04	36.04	36.41	36.67	36.75	36.69	36.60	36.50	36.44	36.34	36.25	36.09	35.92	35.94	35.92	35.83	35.67	35.51	35.36	35.25	35.07	34.90	34.72	34.50	34.30	34.15	33.95	33.74	33.53	33.29	33.11	32.97	32.81	32.60	32.43	32.26	32.11	31.94	31.76	31.64	31.50	31.35	31.18	30.99	30.84	30.70	30.54	





Read count (%) per base for different quality score ranges

	KU328820-15_A_L003_R1_044.fastq
Ranges	0-10	11-20	21-30	31-40
Base
1	0.14	0.36	9.15	90.35
2	0.09	0.31	8.24	91.37
3	0.10	0.31	8.28	91.31
4	0.09	0.27	2.48	97.16
5	0.14	0.35	2.95	96.57
6	0.12	0.41	2.98	96.50
7	0.13	0.42	3.05	96.40
8	0.13	0.42	3.01	96.44
9	0.13	0.41	3.08	96.38
10	0.16	0.42	3.12	96.30
11	0.14	0.45	3.16	96.24
12	0.16	0.45	3.25	96.15
13	0.17	0.46	3.30	96.08
14	0.34	0.96	5.35	93.35
15	0.38	1.03	5.53	93.05
16	0.42	1.01	5.49	93.08
17	0.43	1.07	5.60	92.89
18	0.42	1.05	5.56	92.98
19	0.44	1.03	5.54	92.99
20	0.44	1.02	5.52	93.02
21	0.48	1.05	5.64	92.83
22	0.52	1.07	5.74	92.67
23	0.57	1.08	5.83	92.52
24	0.61	1.10	6.00	92.29
25	0.69	1.12	6.13	92.06
26	0.94	1.19	6.05	91.82
27	1.01	1.23	6.17	91.59
28	1.08	1.23	6.23	91.46
29	1.15	1.22	6.36	91.27
30	1.25	1.23	6.60	90.92
31	1.30	1.22	6.69	90.79
32	1.34	1.22	6.83	90.60
33	1.38	1.23	6.97	90.42
34	1.45	1.25	7.12	90.17
35	1.53	1.28	7.37	89.82
36	1.59	1.31	7.42	89.68
37	1.61	1.30	7.48	89.61
38	1.72	1.34	7.60	89.34
39	1.78	1.39	7.70	89.14
40	1.80	1.38	7.70	89.12
41	1.87	1.40	7.77	88.96
42	1.94	1.42	7.85	88.79
43	1.99	1.42	7.93	88.66
44	2.02	1.42	7.87	88.70
45	2.12	1.44	7.86	88.58
46	2.22	1.49	7.99	88.30
47	2.24	1.47	7.96	88.33
48	2.35	1.51	8.09	88.04
49	2.42	1.55	8.16	87.87
50	2.50	1.56	8.20	87.74
51	2.48	1.57	8.16	87.80
52	2.55	1.52	8.06	87.87
53	2.61	1.50	7.98	87.90
54	2.76	1.53	8.06	87.65
55	2.77	1.55	8.07	87.61
56	2.89	1.60	8.24	87.27
57	2.91	1.56	8.17	87.36
58	2.97	1.57	8.19	87.27
59	2.98	1.52	8.18	87.32
60	3.07	1.54	8.28	87.11
61	3.11	1.55	8.32	87.01
62	3.16	1.55	8.36	86.92
63	3.18	1.52	8.39	86.91
64	3.29	1.57	8.54	86.61
65	3.35	1.60	8.67	86.38
66	3.36	1.57	8.71	86.36
67	3.40	1.57	8.73	86.30
68	3.48	1.62	8.89	86.01
69	3.54	1.64	9.04	85.78
70	3.55	1.59	9.02	85.83
71	3.56	1.60	9.07	85.77
72	3.66	1.64	9.25	85.44
73	3.71	1.64	9.31	85.35
74	3.75	1.63	9.41	85.22
75	3.81	1.62	9.42	85.15
76	3.61	1.76	12.18	82.45
77	3.68	1.58	10.22	84.51
78	3.83	1.56	9.52	85.09
79	3.90	1.55	9.28	85.26
80	3.96	1.54	9.11	85.39
81	4.08	1.58	9.08	85.26
82	4.21	1.63	9.20	84.96
83	4.37	1.70	9.43	84.50
84	4.47	1.72	9.47	84.35
85	4.60	1.75	9.57	84.08
86	4.80	1.83	9.77	83.61
87	4.90	1.81	9.78	83.52
88	5.06	1.77	9.73	83.45
89	5.33	1.89	9.94	82.84
90	5.60	1.94	10.12	82.35
91	5.79	1.92	10.08	82.21
92	6.10	1.98	10.36	81.57
93	6.36	1.92	10.27	81.45
94	6.70	1.86	10.21	81.22
95	7.06	1.76	10.09	81.08
96	7.58	1.74	10.07	80.61
97	8.13	1.64	10.05	80.18
98	8.74	1.54	10.09	79.63
99	9.48	1.46	9.95	79.11
100	10.56	3.21	16.84	69.39


	KU328820-15_A_L003_R2_044.fastq
Ranges	0-10	11-20	21-30	31-40
Base
1	0.86	0.28	0.15	98.71
2	0.91	0.28	0.17	98.64
3	0.64	0.60	0.33	98.43
4	0.62	0.56	0.21	98.61
5	1.15	1.13	14.20	83.53
6	0.96	0.90	11.10	87.05
7	0.97	0.83	10.27	87.93
8	1.01	0.81	4.00	94.18
9	1.05	0.82	4.02	94.11
10	0.93	0.97	4.00	94.10
11	0.91	0.94	3.96	94.19
12	0.89	0.95	3.94	94.22
13	0.90	0.93	3.90	94.27
14	0.92	0.92	3.94	94.22
15	0.97	0.95	4.04	94.04
16	0.99	0.95	4.05	94.01
17	1.06	1.03	4.27	93.64
18	2.03	1.89	6.58	89.50
19	2.07	1.91	6.59	89.42
20	2.13	1.89	6.59	89.39
21	2.19	1.92	6.69	89.19
22	2.22	1.90	6.69	89.19
23	2.28	1.93	6.82	88.98
24	2.36	1.96	6.91	88.77
25	2.39	1.94	7.03	88.64
26	2.46	1.92	7.01	88.61
27	2.48	1.87	7.02	88.63
28	2.64	1.90	7.27	88.19
29	3.52	2.63	7.44	86.41
30	2.64	2.50	7.84	87.02
31	2.74	2.02	7.58	87.66
32	2.81	1.92	7.63	87.64
33	2.85	1.84	7.70	87.61
34	2.92	1.81	7.91	87.35
35	2.94	1.76	8.06	87.24
36	3.05	1.75	8.28	86.92
37	3.06	1.73	8.45	86.76
38	3.05	1.71	8.45	86.79
39	3.14	1.74	8.59	86.53
40	3.15	1.72	8.64	86.49
41	3.22	1.72	8.73	86.33
42	3.24	1.73	8.76	86.27
43	3.25	1.71	8.69	86.35
44	3.32	1.72	8.74	86.23
45	3.39	1.76	8.85	86.00
46	3.46	1.79	9.02	85.73
47	3.52	1.80	9.06	85.62
48	3.61	1.79	9.01	85.59
49	3.64	1.80	8.89	85.67
50	3.75	1.82	8.98	85.44
51	3.86	1.85	9.01	85.28
52	3.89	1.85	9.08	85.18
53	3.94	1.87	9.09	85.10
54	3.97	1.87	9.05	85.12
55	3.02	1.61	8.67	86.70
56	3.18	1.56	7.99	87.26
57	3.66	1.70	8.43	86.22
58	3.98	1.80	8.81	85.41
59	4.20	1.90	9.09	84.81
60	4.33	1.94	9.26	84.47
61	4.39	2.01	9.33	84.27
62	4.38	1.95	9.28	84.38
63	4.42	1.92	9.37	84.30
64	4.44	1.90	9.35	84.32
65	4.52	1.93	9.49	84.05
66	4.55	1.98	9.60	83.86
67	4.49	1.94	9.51	84.06
68	4.54	1.84	9.26	84.36
69	4.60	1.77	9.13	84.50
70	4.68	1.80	9.16	84.36
71	4.71	1.81	9.21	84.27
72	4.76	1.76	9.16	84.32
73	4.71	1.74	9.01	84.54
74	4.73	1.76	9.04	84.48
75	4.71	1.71	9.06	84.52
76	4.74	1.70	9.06	84.50
77	4.81	1.73	9.18	84.28
78	4.81	1.71	9.25	84.22
79	4.80	1.66	9.10	84.44
80	4.86	1.67	9.09	84.37
81	4.92	1.68	9.18	84.22
82	5.02	1.70	9.24	84.04
83	5.14	1.77	9.35	83.74
84	5.23	1.77	9.39	83.61
85	5.26	1.73	9.27	83.74
86	5.37	1.72	9.25	83.66
87	5.55	1.77	9.32	83.37
88	5.69	1.79	9.40	83.12
89	5.88	1.80	9.39	82.92
90	6.06	1.80	9.37	82.77
91	6.31	1.83	9.41	82.45
92	6.54	1.87	9.60	82.00
93	6.76	1.80	9.51	81.92
94	7.07	1.77	9.44	81.73
95	7.42	1.69	9.38	81.51
96	7.84	1.66	9.33	81.17
97	8.29	1.64	9.36	80.70
98	8.69	1.51	9.31	80.49
99	9.08	1.43	9.26	80.23
100	9.44	1.58	9.23	79.76




