Parameters
	Library type	Paired-end
	Input files	KU328820-15_A_L003_R1_022.fastq	KU328820-15_A_L003_R2_022.fastq
	Primer/Adaptor library	Paired End DNA Library
	Cut-off read length for HQ	70%
	Cut-off quality score	20
	Only statistics	On
	Number of CPUs	2


QC statistics
	File name	KU328820-15_A_L003_R1_022.fastq	KU328820-15_A_L003_R2_022.fastq
	Total number of reads	4000000	4000000
	Total number of HQ reads	3736204	3736204
	Percentage of HQ reads	93.41%	93.41%
	Total number of bases	400000000	400000000
	Total number of bases in HQ reads	373620400	373620400
	Total number of HQ bases in HQ reads	367146140	367572001
	Percentage of HQ bases in HQ reads	98.27%	98.38%
	Number of Primer/Adaptor contaminated HQ reads	4	10
	Total number of HQ filtered reads	3736190	3736190
	Percentage of HQ filtered reads	93.40%	93.40%


Detailed QC statistics
	File name	KU328820-15_A_L003_R1_022.fastq	KU328820-15_A_L003_R2_022.fastq
	Minimum read length	100	100
	Maximum read length	100	100
	Average read length	100.00	100.00
	Total number of reads	4000000	4000000
	Total number of reads with non-ATGC bases	10156	10979
	Percentage of reads with non-ATGC bases	0.25%	0.27%
	Total number of bases	400000000	400000000
	Total number of HQ bases	385476832	383413061
	Percentage of HQ bases	96.37%	95.85%
	Total number of non-ATGC bases	228895	45729
	Percentage of non-ATGC bases	0.06%	0.01%


Average quality score at each base position of input reads

KU328820-15_A_L003_R1_022.fastq
32.28	32.52	32.60	36.09	35.97	35.93	35.96	35.92	37.66	37.60	37.61	37.61	37.55	38.98	38.94	38.92	38.91	38.91	38.96	38.87	38.87	38.80	38.77	38.75	38.70	38.60	38.55	38.42	38.39	38.37	38.30	38.18	38.09	38.05	37.92	37.94	37.87	37.76	37.70	37.60	37.52	37.31	37.60	37.58	37.54	37.57	37.58	37.48	37.35	37.30	37.37	37.39	37.31	37.27	37.17	37.09	36.96	36.87	36.69	36.60	36.47	36.28	36.19	36.05	35.92	35.73	35.62	35.40	35.21	34.80	34.55	34.31	34.09	33.50	33.61	32.44	32.98	33.19	33.14	32.99	32.82	32.63	32.50	32.34	32.19	31.98	31.81	31.65	31.47	31.34	31.20	31.03	30.85	30.66	30.51	30.33	30.03	29.71	29.51	27.97	

KU328820-15_A_L003_R2_022.fastq
36.55	36.54	36.50	36.55	31.60	31.94	32.02	35.46	35.49	35.47	35.46	35.46	37.07	37.09	36.96	36.97	36.95	38.26	38.19	38.17	38.22	38.23	38.27	38.24	38.19	38.09	38.03	38.08	38.00	37.91	37.83	37.91	37.84	37.80	37.76	37.69	37.63	37.53	37.51	37.40	37.37	37.29	37.25	37.18	37.09	37.23	37.21	37.19	37.14	37.06	37.04	36.95	36.91	36.81	35.68	36.17	36.45	36.62	36.61	36.51	36.44	36.40	36.24	36.11	36.03	35.89	35.87	35.71	35.69	35.56	35.45	35.32	35.13	34.95	34.76	34.59	34.42	34.26	34.00	33.87	33.61	33.43	33.26	33.11	32.93	32.73	32.56	32.40	32.22	32.06	31.88	31.67	31.52	31.37	31.13	31.03	30.85	30.74	30.62	30.43	





Read count (%) per base for different quality score ranges

	KU328820-15_A_L003_R1_022.fastq
Ranges	0-10	11-20	21-30	31-40
Base
1	0.15	0.38	9.86	89.61
2	0.12	0.33	9.04	90.50
3	0.10	0.33	8.73	90.84
4	0.10	0.30	2.70	96.90
5	0.17	0.40	3.37	96.07
6	0.16	0.49	3.50	95.85
7	0.14	0.46	3.37	96.03
8	0.17	0.50	3.50	95.83
9	0.14	0.47	3.37	96.02
10	0.17	0.51	3.56	95.76
11	0.16	0.49	3.52	95.83
12	0.16	0.48	3.47	95.89
13	0.19	0.53	3.68	95.60
14	0.36	1.03	5.68	92.93
15	0.40	1.06	5.75	92.79
16	0.40	1.07	5.75	92.77
17	0.43	1.08	5.74	92.74
18	0.43	1.06	5.74	92.77
19	0.43	1.05	5.72	92.80
20	0.49	1.13	6.04	92.34
21	0.48	1.09	5.94	92.49
22	0.53	1.13	6.06	92.28
23	0.55	1.11	6.07	92.27
24	0.59	1.13	6.28	92.00
25	0.64	1.15	6.31	91.91
26	0.91	1.23	6.33	91.52
27	0.97	1.27	6.40	91.36
28	1.11	1.34	6.71	90.84
29	1.13	1.29	6.76	90.82
30	1.15	1.25	6.76	90.84
31	1.22	1.25	6.96	90.57
32	1.33	1.33	7.34	89.99
33	1.40	1.36	7.56	89.68
34	1.37	1.33	7.55	89.74
35	1.49	1.41	7.91	89.20
36	1.43	1.33	7.77	89.47
37	1.50	1.33	7.83	89.33
38	1.58	1.41	7.99	89.03
39	1.61	1.40	8.02	88.97
40	1.68	1.45	8.15	88.72
41	1.73	1.44	8.09	88.75
42	1.89	1.59	8.53	88.00
43	1.76	1.50	8.43	88.31
44	1.91	1.55	8.52	88.02
45	2.02	1.62	8.59	87.77
46	2.02	1.57	8.48	87.92
47	1.98	1.52	8.36	88.13
48	2.12	1.59	8.49	87.80
49	2.26	1.67	8.70	87.38
50	2.26	1.66	8.69	87.39
51	2.23	1.60	8.57	87.59
52	2.27	1.54	8.38	87.81
53	2.35	1.58	8.44	87.63
54	2.38	1.55	8.33	87.74
55	2.50	1.59	8.46	87.45
56	2.54	1.59	8.48	87.39
57	2.66	1.61	8.58	87.15
58	2.69	1.62	8.60	87.09
59	2.82	1.65	8.84	86.69
60	2.84	1.63	8.85	86.68
61	2.93	1.62	8.89	86.56
62	3.05	1.69	9.13	86.13
63	3.06	1.64	9.09	86.21
64	3.13	1.65	9.15	86.07
65	3.18	1.63	9.17	86.02
66	3.29	1.66	9.30	85.75
67	3.31	1.60	9.25	85.84
68	3.44	1.63	9.40	85.53
69	3.56	1.63	9.47	85.34
70	3.92	1.83	10.12	84.12
71	4.08	1.88	10.42	83.61
72	4.21	1.96	10.65	83.17
73	4.28	1.97	10.84	82.91
74	4.57	2.35	12.30	80.78
75	4.43	2.02	11.42	82.13
76	4.28	2.30	15.77	77.65
77	4.31	1.92	12.37	81.40
78	4.46	1.82	11.06	82.66
79	4.61	1.84	10.71	82.84
80	4.77	1.88	10.61	82.74
81	4.88	1.92	10.66	82.54
82	5.03	1.95	10.71	82.31
83	5.11	1.94	10.63	82.31
84	5.26	1.93	10.67	82.13
85	5.44	1.96	10.65	81.96
86	5.68	2.02	10.85	81.45
87	5.87	2.09	10.99	81.05
88	6.12	2.10	11.05	80.73
89	6.40	2.15	11.25	80.21
90	6.62	2.14	11.23	80.01
91	6.92	2.12	11.21	79.75
92	7.30	2.15	11.24	79.31
93	7.71	2.14	11.32	78.84
94	8.16	2.15	11.39	78.31
95	8.63	2.01	11.22	78.14
96	9.23	1.91	11.03	77.83
97	9.99	1.90	11.21	76.91
98	10.79	1.88	11.56	75.76
99	11.58	1.65	11.08	75.69
100	12.81	3.61	18.46	65.11


	KU328820-15_A_L003_R2_022.fastq
Ranges	0-10	11-20	21-30	31-40
Base
1	1.09	0.30	0.18	98.43
2	1.14	0.29	0.20	98.37
3	0.83	0.65	0.39	98.13
4	0.80	0.62	0.21	98.37
5	1.32	1.04	13.31	84.33
6	1.04	0.98	11.43	86.55
7	1.04	0.95	11.03	86.97
8	1.05	0.92	4.48	93.55
9	1.01	0.89	4.38	93.72
10	0.91	1.06	4.45	93.58
11	0.92	1.07	4.43	93.58
12	0.93	1.06	4.42	93.59
13	0.95	1.06	4.42	93.58
14	0.93	1.02	4.35	93.69
15	1.05	1.12	4.71	93.12
16	1.05	1.12	4.60	93.23
17	1.07	1.13	4.63	93.17
18	2.04	2.15	7.11	88.70
19	2.10	2.20	7.21	88.49
20	2.11	2.17	7.18	88.53
21	2.08	2.07	7.04	88.81
22	2.08	2.02	6.94	88.96
23	2.21	2.03	7.18	88.59
24	2.24	2.04	7.15	88.57
25	2.26	2.04	7.25	88.45
26	2.38	2.10	7.40	88.12
27	2.44	2.12	7.49	87.95
28	2.50	2.06	7.63	87.80
29	2.59	2.07	7.77	87.58
30	2.68	2.07	7.94	87.31
31	2.75	2.05	8.12	87.07
32	2.64	1.87	7.85	87.63
33	2.79	1.87	8.07	87.27
34	2.81	1.82	8.21	87.16
35	2.84	1.80	8.31	87.05
36	2.91	1.79	8.51	86.78
37	2.94	1.79	8.63	86.64
38	3.01	1.85	8.95	86.20
39	2.98	1.80	8.94	86.27
40	3.12	1.88	9.16	85.84
41	3.11	1.84	9.20	85.84
42	3.20	1.87	9.21	85.72
43	3.19	1.86	9.23	85.72
44	3.24	1.87	9.30	85.59
45	3.34	1.90	9.36	85.40
46	3.35	1.90	9.46	85.28
47	3.44	1.91	9.44	85.21
48	3.51	1.90	9.50	85.09
49	3.60	1.95	9.43	85.03
50	3.68	1.98	9.51	84.83
51	3.70	1.93	9.44	84.93
52	3.80	1.97	9.54	84.69
53	3.83	1.97	9.52	84.69
54	3.90	1.98	9.60	84.52
55	2.85	1.71	9.57	85.87
56	3.05	1.60	8.32	87.03
57	3.61	1.81	8.88	85.70
58	3.83	1.88	9.22	85.06
59	4.05	1.91	9.38	84.65
60	4.21	2.00	9.58	84.21
61	4.25	2.00	9.62	84.13
62	4.22	1.95	9.51	84.32
63	4.37	1.98	9.69	83.96
64	4.40	2.03	9.86	83.71
65	4.39	1.98	9.74	83.88
66	4.44	2.00	9.87	83.69
67	4.38	1.95	9.79	83.88
68	4.51	1.97	9.84	83.68
69	4.49	1.87	9.56	84.08
70	4.57	1.87	9.55	84.01
71	4.55	1.83	9.45	84.17
72	4.57	1.77	9.37	84.29
73	4.63	1.80	9.44	84.13
74	4.62	1.82	9.53	84.03
75	4.66	1.81	9.59	83.94
76	4.69	1.79	9.56	83.96
77	4.67	1.76	9.52	84.04
78	4.68	1.73	9.50	84.09
79	4.80	1.81	9.71	83.68
80	4.77	1.75	9.53	83.96
81	4.89	1.83	9.77	83.50
82	4.94	1.80	9.80	83.47
83	4.99	1.79	9.75	83.47
84	5.05	1.76	9.65	83.55
85	5.17	1.76	9.66	83.40
86	5.31	1.80	9.75	83.13
87	5.45	1.82	9.75	82.98
88	5.60	1.81	9.70	82.89
89	5.79	1.84	9.78	82.58
90	6.01	1.84	9.80	82.34
91	6.26	1.88	9.90	81.96
92	6.56	1.95	10.12	81.37
93	6.83	1.92	10.11	81.13
94	7.17	1.86	10.00	80.96
95	7.63	1.94	10.29	80.14
96	7.95	1.80	10.01	80.24
97	8.41	1.74	10.03	79.82
98	8.78	1.56	9.79	79.87
99	9.17	1.45	9.65	79.73
100	9.54	1.66	9.68	79.12




