Parameters
	Library type	Paired-end
	Input files	KU328820-15_A_L003_R1_005.fastq	KU328820-15_A_L003_R2_005.fastq
	Primer/Adaptor library	Paired End DNA Library
	Cut-off read length for HQ	70%
	Cut-off quality score	20
	Only statistics	On
	Number of CPUs	2


QC statistics
	File name	KU328820-15_A_L003_R1_005.fastq	KU328820-15_A_L003_R2_005.fastq
	Total number of reads	4000000	4000000
	Total number of HQ reads	3738075	3738075
	Percentage of HQ reads	93.45%	93.45%
	Total number of bases	400000000	400000000
	Total number of bases in HQ reads	373807500	373807500
	Total number of HQ bases in HQ reads	367993694	366964032
	Percentage of HQ bases in HQ reads	98.44%	98.17%
	Number of Primer/Adaptor contaminated HQ reads	4	14
	Total number of HQ filtered reads	3738057	3738057
	Percentage of HQ filtered reads	93.45%	93.45%


Detailed QC statistics
	File name	KU328820-15_A_L003_R1_005.fastq	KU328820-15_A_L003_R2_005.fastq
	Minimum read length	100	100
	Maximum read length	100	100
	Average read length	100.00	100.00
	Total number of reads	4000000	4000000
	Total number of reads with non-ATGC bases	19171	10970
	Percentage of reads with non-ATGC bases	0.48%	0.27%
	Total number of bases	400000000	400000000
	Total number of HQ bases	386925250	381907563
	Percentage of HQ bases	96.73%	95.48%
	Total number of non-ATGC bases	104901	42757
	Percentage of non-ATGC bases	0.03%	0.01%


Average quality score at each base position of input reads

KU328820-15_A_L003_R1_005.fastq
32.21	32.43	32.50	36.04	35.91	35.89	35.90	35.90	37.55	37.54	37.53	37.49	37.52	38.88	38.84	38.81	38.80	38.76	38.81	38.77	38.74	38.70	38.65	38.61	38.55	38.46	38.40	38.34	38.30	38.23	38.13	38.05	38.03	37.97	37.90	37.82	37.73	37.63	37.60	37.55	37.45	37.38	37.48	37.51	37.51	37.43	37.45	37.30	37.26	37.20	37.29	37.24	37.21	37.10	37.09	36.95	36.88	36.76	36.62	36.49	36.36	36.27	36.17	36.03	35.87	35.73	35.59	35.33	35.12	34.87	34.72	34.55	34.32	33.83	33.91	32.74	33.34	33.62	33.60	33.48	33.34	33.15	32.94	32.71	32.53	32.43	32.33	32.16	32.02	31.79	31.66	31.56	31.30	31.19	31.05	30.89	30.73	30.56	30.35	28.99	

KU328820-15_A_L003_R2_005.fastq
36.56	36.57	36.52	36.56	31.66	31.88	31.91	35.36	35.36	35.34	35.34	35.31	36.89	36.84	36.85	36.77	36.81	38.09	38.04	38.02	38.00	38.01	38.04	38.00	37.94	37.94	37.90	37.85	37.80	37.76	37.69	37.68	37.61	37.50	37.46	37.44	37.38	37.29	37.15	37.17	37.15	37.11	37.04	36.93	36.88	37.01	36.96	36.89	36.83	36.78	36.71	36.61	36.52	36.46	35.33	35.84	36.22	36.35	36.30	36.21	36.12	36.04	35.80	35.75	35.60	35.54	35.54	35.51	35.44	35.34	35.11	35.00	34.87	34.72	34.57	34.38	34.17	33.96	33.74	33.56	33.38	33.16	32.97	32.75	32.58	32.44	32.27	32.10	31.94	31.76	31.59	31.43	31.23	31.11	30.96	30.80	30.68	30.51	30.34	30.14	





Read count (%) per base for different quality score ranges

	KU328820-15_A_L003_R1_005.fastq
Ranges	0-10	11-20	21-30	31-40
Base
1	0.15	0.35	10.36	89.14
2	0.13	0.35	9.64	89.88
3	0.12	0.32	9.48	90.08
4	0.10	0.29	2.87	96.74
5	0.19	0.40	3.56	95.84
6	0.15	0.51	3.59	95.75
7	0.15	0.48	3.59	95.78
8	0.15	0.48	3.51	95.86
9	0.16	0.51	3.70	95.63
10	0.17	0.50	3.71	95.62
11	0.17	0.52	3.77	95.54
12	0.19	0.54	3.86	95.41
13	0.18	0.51	3.75	95.56
14	0.36	1.03	5.74	92.86
15	0.40	1.06	5.81	92.73
16	0.41	1.08	5.87	92.64
17	0.42	1.08	5.87	92.63
18	0.44	1.11	5.98	92.46
19	0.45	1.11	6.04	92.40
20	0.47	1.13	6.05	92.35
21	0.51	1.14	6.10	92.25
22	0.53	1.14	6.18	92.15
23	0.57	1.16	6.27	92.00
24	0.63	1.21	6.53	91.62
25	0.68	1.21	6.60	91.50
26	0.95	1.30	6.57	91.18
27	1.03	1.34	6.65	90.98
28	1.10	1.34	6.82	90.74
29	1.14	1.32	6.87	90.67
30	1.22	1.32	7.09	90.38
31	1.30	1.36	7.37	89.97
32	1.38	1.38	7.62	89.62
33	1.37	1.37	7.67	89.60
34	1.42	1.37	7.79	89.43
35	1.47	1.38	7.96	89.18
36	1.54	1.40	8.11	88.95
37	1.61	1.44	8.28	88.68
38	1.68	1.48	8.41	88.43
39	1.65	1.46	8.33	88.56
40	1.69	1.46	8.33	88.52
41	1.78	1.51	8.44	88.27
42	1.81	1.52	8.47	88.20
43	1.87	1.56	8.75	87.81
44	1.90	1.56	8.67	87.87
45	1.96	1.56	8.63	87.85
46	2.04	1.61	8.72	87.63
47	2.03	1.57	8.61	87.79
48	2.21	1.66	8.89	87.25
49	2.18	1.63	8.83	87.36
50	2.21	1.65	8.85	87.28
51	2.18	1.60	8.70	87.52
52	2.28	1.61	8.71	87.40
53	2.36	1.60	8.70	87.34
54	2.45	1.66	8.82	87.07
55	2.44	1.61	8.72	87.23
56	2.58	1.67	8.85	86.90
57	2.58	1.66	8.81	86.95
58	2.68	1.69	8.95	86.68
59	2.77	1.69	9.12	86.42
60	2.81	1.72	9.23	86.24
61	2.87	1.76	9.32	86.06
62	2.89	1.72	9.32	86.07
63	2.92	1.72	9.31	86.05
64	2.97	1.71	9.42	85.89
65	3.06	1.72	9.53	85.69
66	3.10	1.75	9.59	85.56
67	3.12	1.73	9.71	85.44
68	3.25	1.79	9.97	84.99
69	3.34	1.85	10.25	84.56
70	3.70	1.80	10.20	84.30
71	3.76	1.76	10.17	84.31
72	3.84	1.77	10.21	84.18
73	3.65	2.14	10.55	83.67
74	4.01	2.19	11.69	82.11
75	3.72	2.11	10.98	83.19
76	3.48	2.37	15.48	78.67
77	3.46	1.82	12.06	82.66
78	3.54	1.63	10.59	84.24
79	3.66	1.63	10.08	84.64
80	3.75	1.64	9.91	84.70
81	3.82	1.63	9.86	84.69
82	3.97	1.69	9.93	84.41
83	4.11	1.77	10.16	83.96
84	4.35	1.85	10.34	83.46
85	4.45	1.98	10.57	83.00
86	4.52	1.91	10.55	83.02
87	4.66	1.86	10.45	83.03
88	4.88	1.91	10.54	82.67
89	5.08	1.94	10.60	82.38
90	5.38	2.05	11.04	81.52
91	5.61	2.08	11.10	81.21
92	5.87	2.01	10.92	81.21
93	6.32	2.18	11.42	80.09
94	6.61	2.08	11.33	79.99
95	7.02	2.02	11.18	79.78
96	7.52	1.94	11.09	79.45
97	8.04	1.80	10.94	79.22
98	8.61	1.63	10.82	78.94
99	9.31	1.52	10.55	78.61
100	10.39	3.22	16.85	69.55


	KU328820-15_A_L003_R2_005.fastq
Ranges	0-10	11-20	21-30	31-40
Base
1	1.05	0.28	0.18	98.49
2	1.07	0.28	0.18	98.46
3	0.89	0.58	0.28	98.26
4	0.79	0.61	0.20	98.39
5	1.19	0.99	13.21	84.61
6	1.06	1.00	11.91	86.03
7	1.11	1.02	11.89	85.97
8	1.11	0.99	4.80	93.10
9	1.11	0.98	4.82	93.09
10	0.99	1.19	4.82	93.01
11	0.97	1.18	4.80	93.05
12	1.02	1.20	4.89	92.88
13	1.04	1.20	4.92	92.85
14	1.09	1.24	5.01	92.66
15	1.08	1.21	4.95	92.76
16	1.17	1.28	5.15	92.40
17	1.12	1.24	5.00	92.64
18	2.08	2.23	7.31	88.39
19	2.18	2.26	7.47	88.09
20	2.19	2.24	7.43	88.14
21	2.20	2.24	7.41	88.15
22	2.22	2.16	7.34	88.28
23	2.30	2.20	7.53	87.97
24	2.34	2.21	7.58	87.86
25	2.41	2.21	7.67	87.71
26	2.43	2.15	7.63	87.79
27	2.45	2.12	7.70	87.73
28	2.67	2.24	8.09	87.00
29	2.72	2.20	8.16	86.93
30	2.74	2.13	8.22	86.90
31	2.84	2.11	8.35	86.70
32	2.85	2.03	8.39	86.73
33	2.89	1.96	8.44	86.71
34	3.06	2.00	8.78	86.16
35	3.06	1.97	8.94	86.03
36	3.08	1.93	9.05	85.94
37	3.14	1.93	9.26	85.67
38	3.22	1.96	9.47	85.36
39	3.33	2.03	9.70	84.94
40	3.26	1.98	9.69	85.08
41	3.29	1.94	9.66	85.11
42	3.34	1.94	9.68	85.04
43	3.40	1.95	9.73	84.92
44	3.50	2.01	9.83	84.66
45	3.53	2.00	9.89	84.58
46	3.51	1.97	9.93	84.59
47	3.65	2.01	10.01	84.33
48	3.78	2.06	10.04	84.12
49	3.88	2.10	10.05	83.96
50	3.95	2.11	10.07	83.88
51	4.01	2.10	10.07	83.82
52	4.09	2.11	10.18	83.62
53	4.21	2.17	10.29	83.33
54	4.25	2.19	10.27	83.29
55	3.19	1.93	10.47	84.42
56	3.34	1.77	9.05	85.84
57	3.77	1.85	9.24	85.14
58	4.16	1.97	9.58	84.29
59	4.42	2.07	9.93	83.59
60	4.56	2.13	10.13	83.18
61	4.64	2.16	10.19	83.00
62	4.64	2.17	10.19	83.00
63	4.87	2.26	10.61	82.26
64	4.79	2.21	10.54	82.46
65	4.87	2.25	10.66	82.23
66	4.82	2.18	10.58	82.42
67	4.78	2.12	10.49	82.60
68	4.82	2.02	10.26	82.90
69	4.86	1.98	10.09	83.07
70	4.88	1.93	10.00	83.19
71	5.03	2.01	10.22	82.75
72	4.99	1.96	10.14	82.92
73	4.98	1.91	10.06	83.05
74	5.01	1.89	10.05	83.05
75	5.00	1.87	10.03	83.10
76	5.04	1.87	10.05	83.04
77	5.11	1.89	10.14	82.86
78	5.15	1.91	10.24	82.70
79	5.22	1.94	10.37	82.47
80	5.25	1.92	10.38	82.44
81	5.29	1.90	10.37	82.43
82	5.40	1.94	10.46	82.20
83	5.48	1.94	10.49	82.09
84	5.64	1.99	10.63	81.74
85	5.72	2.00	10.61	81.67
86	5.80	1.97	10.50	81.73
87	5.97	1.98	10.50	81.55
88	6.13	1.99	10.50	81.38
89	6.31	2.00	10.51	81.18
90	6.55	2.04	10.54	80.87
91	6.80	2.05	10.59	80.56
92	7.05	2.06	10.61	80.28
93	7.41	2.08	10.79	79.72
94	7.68	2.01	10.65	79.66
95	8.06	1.95	10.54	79.45
96	8.48	1.88	10.41	79.24
97	8.88	1.71	10.14	79.27
98	9.36	1.62	10.07	78.95
99	9.80	1.58	10.13	78.50
100	10.19	1.78	10.19	77.83




