Parameters
	Library type	Paired-end
	Input files	KU328820-15_A_L003_R1_038.fastq	KU328820-15_A_L003_R2_038.fastq
	Primer/Adaptor library	Paired End DNA Library
	Cut-off read length for HQ	70%
	Cut-off quality score	20
	Only statistics	On
	Number of CPUs	2


QC statistics
	File name	KU328820-15_A_L003_R1_038.fastq	KU328820-15_A_L003_R2_038.fastq
	Total number of reads	4000000	4000000
	Total number of HQ reads	3730689	3730689
	Percentage of HQ reads	93.27%	93.27%
	Total number of bases	400000000	400000000
	Total number of bases in HQ reads	373068900	373068900
	Total number of HQ bases in HQ reads	366943375	366450498
	Percentage of HQ bases in HQ reads	98.36%	98.23%
	Number of Primer/Adaptor contaminated HQ reads	9	14
	Total number of HQ filtered reads	3730666	3730666
	Percentage of HQ filtered reads	93.27%	93.27%


Detailed QC statistics
	File name	KU328820-15_A_L003_R1_038.fastq	KU328820-15_A_L003_R2_038.fastq
	Minimum read length	100	100
	Maximum read length	100	100
	Average read length	100.00	100.00
	Total number of reads	4000000	4000000
	Total number of reads with non-ATGC bases	5449	6631
	Percentage of reads with non-ATGC bases	0.14%	0.17%
	Total number of bases	400000000	400000000
	Total number of HQ bases	385950185	381954971
	Percentage of HQ bases	96.49%	95.49%
	Total number of non-ATGC bases	20448	184297
	Percentage of non-ATGC bases	0.01%	0.05%


Average quality score at each base position of input reads

KU328820-15_A_L003_R1_038.fastq
32.16	32.44	32.52	36.07	35.82	35.86	35.90	35.89	37.61	37.59	37.58	37.55	37.54	38.93	38.91	38.87	38.85	38.77	38.85	38.80	38.76	38.72	38.70	38.65	38.64	38.50	38.44	38.39	38.31	38.24	38.16	38.10	38.07	37.98	37.90	37.79	37.73	37.65	37.57	37.45	37.43	37.33	37.48	37.49	37.48	37.47	37.43	37.32	37.30	37.18	37.18	37.24	37.20	37.14	37.06	36.92	36.86	36.79	36.68	36.56	36.46	36.24	36.16	36.00	35.86	35.67	35.46	35.33	35.10	34.92	34.77	34.56	34.35	34.18	34.02	33.07	33.37	33.48	33.39	33.30	33.12	32.85	32.61	32.44	32.34	32.17	31.99	31.86	31.66	31.50	31.29	31.19	31.06	30.89	30.69	30.52	30.32	30.09	29.82	28.33	

KU328820-15_A_L003_R2_038.fastq
36.63	36.62	36.60	36.61	31.40	31.75	31.86	35.32	35.36	35.36	35.37	35.39	36.96	36.96	36.90	36.91	36.90	38.22	38.13	38.20	38.10	38.07	38.12	38.09	38.04	37.99	37.94	37.97	37.91	37.85	37.82	37.75	37.70	37.58	37.54	37.45	37.38	37.34	37.33	37.28	37.26	37.14	37.10	37.09	37.01	37.13	37.04	36.96	36.89	36.92	36.82	36.77	36.71	36.62	35.60	36.00	36.30	36.39	36.36	36.26	36.18	36.08	35.98	35.87	35.72	35.60	35.59	35.55	35.42	35.36	35.08	34.90	34.76	34.68	34.55	34.39	34.22	34.02	33.84	33.62	33.38	33.20	32.97	32.83	32.65	32.49	32.25	32.09	31.91	31.69	31.54	31.38	31.21	31.06	30.92	30.78	30.59	30.44	30.26	30.08	





Read count (%) per base for different quality score ranges

	KU328820-15_A_L003_R1_038.fastq
Ranges	0-10	11-20	21-30	31-40
Base
1	0.18	0.42	10.31	89.10
2	0.10	0.43	9.23	90.23
3	0.11	0.37	9.20	90.33
4	0.10	0.31	2.75	96.84
5	0.42	0.60	3.55	95.43
6	0.15	0.68	3.61	95.57
7	0.14	0.54	3.49	95.83
8	0.15	0.55	3.54	95.75
9	0.15	0.52	3.45	95.88
10	0.16	0.52	3.55	95.78
11	0.16	0.51	3.58	95.75
12	0.17	0.51	3.67	95.65
13	0.18	0.52	3.70	95.60
14	0.37	1.03	5.63	92.97
15	0.38	1.04	5.66	92.93
16	0.42	1.07	5.75	92.76
17	0.42	1.08	5.76	92.74
18	0.46	1.14	5.97	92.42
19	0.45	1.10	5.87	92.58
20	0.50	1.12	6.00	92.38
21	0.51	1.14	6.11	92.24
22	0.54	1.16	6.11	92.20
23	0.56	1.12	6.12	92.20
24	0.63	1.19	6.38	91.80
25	0.67	1.15	6.34	91.85
26	0.97	1.30	6.45	91.29
27	1.05	1.33	6.56	91.06
28	1.11	1.31	6.59	90.98
29	1.21	1.35	6.78	90.67
30	1.28	1.35	6.94	90.44
31	1.36	1.33	7.16	90.15
32	1.40	1.35	7.30	89.95
33	1.40	1.32	7.38	89.90
34	1.49	1.33	7.62	89.56
35	1.54	1.37	7.77	89.32
36	1.65	1.40	7.99	88.97
37	1.67	1.41	8.00	88.93
38	1.73	1.44	8.08	88.75
39	1.78	1.45	8.17	88.61
40	1.90	1.50	8.33	88.28
41	1.86	1.46	8.21	88.47
42	1.95	1.48	8.27	88.30
43	1.97	1.53	8.47	88.03
44	2.06	1.54	8.49	87.91
45	2.14	1.56	8.51	87.80
46	2.17	1.57	8.48	87.78
47	2.22	1.54	8.45	87.78
48	2.34	1.61	8.59	87.46
49	2.35	1.59	8.55	87.51
50	2.49	1.64	8.62	87.25
51	2.49	1.69	8.75	87.07
52	2.52	1.60	8.54	87.35
53	2.60	1.61	8.54	87.26
54	2.69	1.60	8.50	87.21
55	2.78	1.58	8.57	87.07
56	2.87	1.70	8.70	86.73
57	2.86	1.68	8.74	86.72
58	2.89	1.64	8.70	86.77
59	3.00	1.60	8.78	86.62
60	3.06	1.60	8.81	86.53
61	3.07	1.64	8.82	86.47
62	3.20	1.73	9.19	85.88
63	3.19	1.66	9.12	86.03
64	3.26	1.68	9.27	85.78
65	3.31	1.69	9.33	85.67
66	3.40	1.74	9.51	85.35
67	3.50	1.78	9.76	84.96
68	3.50	1.75	9.77	84.98
69	3.61	1.80	10.02	84.57
70	3.66	1.82	10.12	84.41
71	3.69	1.78	10.15	84.39
72	3.77	1.81	10.30	84.12
73	3.85	1.84	10.45	83.86
74	3.89	1.83	10.49	83.78
75	3.94	1.80	10.47	83.80
76	3.80	1.98	13.60	80.62
77	3.87	1.79	11.52	82.82
78	3.97	1.72	10.66	83.65
79	4.11	1.75	10.39	83.76
80	4.15	1.68	10.12	84.04
81	4.29	1.72	10.08	83.91
82	4.56	1.87	10.39	83.18
83	4.74	1.99	10.74	82.54
84	4.87	2.01	10.91	82.22
85	4.95	1.96	10.72	82.37
86	5.14	2.01	10.82	82.03
87	5.34	2.05	11.00	81.61
88	5.54	2.04	11.00	81.42
89	5.83	2.14	11.27	80.76
90	6.08	2.17	11.35	80.39
91	6.44	2.27	11.62	79.67
92	6.69	2.19	11.54	79.58
93	7.02	2.14	11.46	79.38
94	7.44	2.12	11.46	78.98
95	7.96	2.12	11.55	78.38
96	8.47	2.00	11.43	78.10
97	9.09	1.89	11.35	77.67
98	9.79	1.74	11.32	77.15
99	10.61	1.65	11.17	76.57
100	11.81	3.57	18.16	66.46


	KU328820-15_A_L003_R2_038.fastq
Ranges	0-10	11-20	21-30	31-40
Base
1	0.88	0.29	0.15	98.68
2	0.98	0.27	0.17	98.57
3	0.63	0.63	0.22	98.51
4	0.66	0.59	0.19	98.55
5	1.35	1.17	14.54	82.94
6	1.17	1.03	12.15	85.64
7	1.22	1.00	11.69	86.10
8	1.26	0.99	4.76	92.99
9	1.22	0.96	4.59	93.22
10	1.10	1.11	4.59	93.20
11	1.07	1.12	4.55	93.25
12	1.02	1.12	4.47	93.39
13	1.06	1.15	4.59	93.21
14	1.07	1.11	4.62	93.20
15	1.13	1.15	4.76	92.96
16	1.12	1.12	4.67	93.08
17	1.15	1.11	4.69	93.05
18	2.15	2.08	7.08	88.70
19	2.26	2.17	7.25	88.32
20	2.17	2.02	7.00	88.80
21	2.34	2.12	7.21	88.33
22	2.40	2.08	7.17	88.35
23	2.46	2.13	7.35	88.07
24	2.50	2.11	7.36	88.02
25	2.54	2.12	7.42	87.93
26	2.62	2.08	7.48	87.82
27	2.66	2.08	7.55	87.70
28	2.78	2.06	7.72	87.43
29	2.82	2.09	7.82	87.27
30	2.93	2.04	7.91	87.12
31	2.93	2.01	7.95	87.10
32	3.04	1.94	8.15	86.87
33	3.05	1.92	8.21	86.81
34	3.17	1.97	8.58	86.28
35	3.20	1.94	8.67	86.19
36	3.41	2.08	8.80	85.70
37	3.25	2.12	9.28	85.35
38	3.32	1.95	9.37	85.36
39	3.29	1.89	9.33	85.49
40	3.36	1.89	9.33	85.41
41	3.34	1.86	9.34	85.46
42	3.49	1.92	9.48	85.11
43	3.50	1.92	9.51	85.08
44	3.46	1.87	9.38	85.29
45	3.55	1.88	9.40	85.17
46	3.59	1.88	9.57	84.97
47	3.76	1.97	9.70	84.57
48	3.90	2.01	9.81	84.27
49	3.98	2.08	9.89	84.05
50	3.94	2.00	9.72	84.35
51	4.11	2.02	9.74	84.13
52	4.11	2.04	9.79	84.06
53	4.17	2.05	9.80	83.98
54	4.25	2.07	9.86	83.82
55	3.32	1.81	9.74	85.12
56	3.49	1.78	8.79	85.94
57	3.91	1.90	9.12	85.08
58	4.24	1.97	9.48	84.32
59	4.41	2.01	9.71	83.87
60	4.56	2.07	9.90	83.47
61	4.60	2.09	9.93	83.37
62	4.62	2.09	9.94	83.35
63	4.69	2.07	10.05	83.18
64	4.73	2.08	10.12	83.07
65	4.78	2.11	10.20	82.91
66	4.82	2.11	10.25	82.82
67	4.80	2.08	10.22	82.89
68	4.86	1.99	10.00	83.15
69	4.95	1.98	10.03	83.05
70	4.96	1.90	9.81	83.33
71	5.14	2.00	10.16	82.70
72	5.22	2.01	10.17	82.60
73	5.24	2.06	10.06	82.64
74	5.06	2.07	9.98	82.89
75	5.05	1.91	10.02	83.01
76	5.08	1.85	9.95	83.12
77	5.10	1.83	9.90	83.17
78	5.14	1.83	9.97	83.06
79	5.18	1.81	9.93	83.08
80	5.25	1.83	10.06	82.87
81	5.33	1.89	10.26	82.51
82	5.40	1.89	10.25	82.46
83	5.52	1.93	10.37	82.18
84	5.57	1.89	10.25	82.29
85	5.69	1.90	10.26	82.14
86	5.80	1.88	10.23	82.09
87	6.03	1.97	10.44	81.56
88	6.19	1.97	10.42	81.42
89	6.40	1.99	10.47	81.13
90	6.68	2.07	10.69	80.57
91	6.91	2.06	10.66	80.37
92	7.18	2.06	10.66	80.11
93	7.48	2.08	10.72	79.71
94	7.81	2.04	10.63	79.53
95	8.16	1.95	10.49	79.39
96	8.57	1.83	10.33	79.27
97	9.07	1.78	10.28	78.87
98	9.52	1.66	10.19	78.63
99	9.97	1.61	10.27	78.15
100	10.38	1.77	10.16	77.69




