Parameters
	Library type	Paired-end
	Input files	KU328820-15_A_L003_R1_004.fastq	KU328820-15_A_L003_R2_004.fastq
	Primer/Adaptor library	Paired End DNA Library
	Cut-off read length for HQ	70%
	Cut-off quality score	20
	Only statistics	On
	Number of CPUs	2


QC statistics
	File name	KU328820-15_A_L003_R1_004.fastq	KU328820-15_A_L003_R2_004.fastq
	Total number of reads	4000000	4000000
	Total number of HQ reads	3771774	3771774
	Percentage of HQ reads	94.29%	94.29%
	Total number of bases	400000000	400000000
	Total number of bases in HQ reads	377177400	377177400
	Total number of HQ bases in HQ reads	372014496	371420712
	Percentage of HQ bases in HQ reads	98.63%	98.47%
	Number of Primer/Adaptor contaminated HQ reads	10	12
	Total number of HQ filtered reads	3771752	3771752
	Percentage of HQ filtered reads	94.29%	94.29%


Detailed QC statistics
	File name	KU328820-15_A_L003_R1_004.fastq	KU328820-15_A_L003_R2_004.fastq
	Minimum read length	100	100
	Maximum read length	100	100
	Average read length	100.00	100.00
	Total number of reads	4000000	4000000
	Total number of reads with non-ATGC bases	19635	11696
	Percentage of reads with non-ATGC bases	0.49%	0.29%
	Total number of bases	400000000	400000000
	Total number of HQ bases	388333241	384893015
	Percentage of HQ bases	97.08%	96.22%
	Total number of non-ATGC bases	115730	64264
	Percentage of non-ATGC bases	0.03%	0.02%


Average quality score at each base position of input reads

KU328820-15_A_L003_R1_004.fastq
32.37	32.63	32.69	36.16	36.05	36.05	36.03	36.03	37.78	37.74	37.75	37.72	37.72	39.17	39.15	39.10	39.09	39.06	39.10	39.05	39.02	38.99	38.94	38.91	38.85	38.77	38.74	38.65	38.58	38.54	38.47	38.37	38.33	38.28	38.20	38.15	38.09	37.99	37.92	37.82	37.74	37.67	37.80	37.86	37.84	37.79	37.72	37.63	37.62	37.52	37.60	37.51	37.48	37.44	37.35	37.29	37.22	37.13	37.03	36.89	36.77	36.61	36.46	36.28	36.16	36.03	35.91	35.72	35.50	35.27	35.12	34.91	34.69	34.22	34.27	33.13	33.67	33.91	33.88	33.79	33.64	33.45	33.26	33.09	32.97	32.78	32.68	32.53	32.41	32.27	32.14	32.01	31.87	31.70	31.57	31.38	31.26	31.08	30.89	29.52	

KU328820-15_A_L003_R2_004.fastq
36.58	36.58	36.52	36.56	32.01	32.21	32.24	35.63	35.63	35.61	35.62	35.60	37.25	37.26	37.26	37.19	37.20	38.57	38.53	38.51	38.49	38.46	38.49	38.50	38.45	38.43	38.34	38.27	38.28	38.22	38.18	38.15	38.09	38.03	37.93	37.91	37.85	37.83	37.73	37.68	37.67	37.59	37.52	37.39	37.38	37.48	37.46	37.46	37.38	37.36	37.28	37.23	37.13	37.09	35.98	36.40	36.75	36.84	36.85	36.84	36.73	36.62	36.49	36.34	36.23	36.12	36.04	36.04	35.93	35.77	35.64	35.48	35.39	35.29	35.13	34.94	34.72	34.50	34.29	34.09	33.88	33.72	33.53	33.32	33.18	33.02	32.82	32.59	32.46	32.31	32.21	32.02	31.86	31.74	31.58	31.43	31.29	31.18	31.04	30.88	





Read count (%) per base for different quality score ranges

	KU328820-15_A_L003_R1_004.fastq
Ranges	0-10	11-20	21-30	31-40
Base
1	0.15	0.34	8.99	90.51
2	0.10	0.30	8.11	91.50
3	0.09	0.27	7.97	91.66
4	0.09	0.27	2.46	97.17
5	0.18	0.36	2.96	96.50
6	0.12	0.43	2.97	96.47
7	0.13	0.43	3.07	96.36
8	0.13	0.42	3.03	96.42
9	0.13	0.41	2.99	96.47
10	0.14	0.43	3.14	96.29
11	0.14	0.42	3.10	96.34
12	0.15	0.44	3.18	96.23
13	0.15	0.43	3.15	96.27
14	0.32	0.91	5.19	93.59
15	0.36	0.94	5.23	93.48
16	0.37	0.98	5.37	93.28
17	0.38	0.97	5.36	93.29
18	0.40	0.98	5.38	93.24
19	0.41	0.99	5.45	93.16
20	0.45	1.02	5.58	92.95
21	0.47	1.02	5.62	92.88
22	0.51	1.02	5.66	92.81
23	0.54	1.04	5.68	92.74
24	0.59	1.07	5.91	92.44
25	0.65	1.10	6.03	92.22
26	0.90	1.18	6.06	91.87
27	0.95	1.18	6.06	91.81
28	1.06	1.19	6.22	91.52
29	1.12	1.22	6.36	91.30
30	1.15	1.19	6.48	91.17
31	1.23	1.20	6.61	90.97
32	1.33	1.25	6.91	90.50
33	1.34	1.23	7.00	90.42
34	1.37	1.24	7.13	90.25
35	1.43	1.27	7.27	90.02
36	1.44	1.25	7.33	89.98
37	1.51	1.27	7.40	89.83
38	1.57	1.30	7.55	89.58
39	1.61	1.31	7.54	89.54
40	1.69	1.35	7.75	89.21
41	1.73	1.38	7.77	89.12
42	1.76	1.37	7.77	89.09
43	1.80	1.40	7.94	88.86
44	1.81	1.37	7.83	89.00
45	1.92	1.40	7.80	88.88
46	1.98	1.43	7.87	88.73
47	2.05	1.46	7.94	88.55
48	2.13	1.52	8.06	88.28
49	2.13	1.48	7.99	88.40
50	2.21	1.52	8.11	88.16
51	2.17	1.48	7.99	88.36
52	2.32	1.51	8.08	88.10
53	2.36	1.51	8.04	88.08
54	2.39	1.50	7.99	88.11
55	2.50	1.52	8.11	87.87
56	2.51	1.51	8.08	87.89
57	2.54	1.48	8.03	87.95
58	2.59	1.48	8.03	87.91
59	2.63	1.47	8.09	87.81
60	2.70	1.49	8.19	87.61
61	2.75	1.50	8.27	87.48
62	2.83	1.55	8.45	87.17
63	2.89	1.59	8.52	87.00
64	2.97	1.60	8.72	86.70
65	2.97	1.60	8.74	86.69
66	3.00	1.59	8.75	86.67
67	3.01	1.56	8.74	86.70
68	3.07	1.57	8.82	86.54
69	3.17	1.62	9.07	86.14
70	3.50	1.55	8.94	86.01
71	3.57	1.51	8.84	86.08
72	3.65	1.56	9.03	85.76
73	3.42	1.95	9.30	85.34
74	3.75	1.92	10.32	84.00
75	3.46	1.91	9.70	84.93
76	3.23	2.10	13.70	80.97
77	3.26	1.64	10.72	84.39
78	3.33	1.49	9.47	85.71
79	3.42	1.48	9.02	86.08
80	3.48	1.45	8.78	86.30
81	3.53	1.46	8.70	86.31
82	3.66	1.51	8.74	86.08
83	3.76	1.57	8.92	85.75
84	3.93	1.57	8.94	85.56
85	3.96	1.61	8.90	85.53
86	4.13	1.69	9.19	84.99
87	4.22	1.64	9.10	85.05
88	4.39	1.66	9.24	84.71
89	4.54	1.67	9.26	84.53
90	4.75	1.70	9.33	84.22
91	4.96	1.71	9.39	83.94
92	5.21	1.71	9.43	83.65
93	5.49	1.74	9.51	83.27
94	5.82	1.75	9.66	82.76
95	6.18	1.70	9.68	82.45
96	6.64	1.70	9.78	81.88
97	7.06	1.54	9.57	81.84
98	7.59	1.43	9.56	81.43
99	8.21	1.32	9.32	81.15
100	9.25	2.95	15.67	72.12


	KU328820-15_A_L003_R2_004.fastq
Ranges	0-10	11-20	21-30	31-40
Base
1	1.02	0.32	0.18	98.48
2	1.06	0.30	0.18	98.46
3	0.89	0.60	0.27	98.24
4	0.81	0.62	0.21	98.36
5	0.95	0.76	10.84	87.45
6	0.87	0.78	9.73	88.62
7	0.92	0.80	9.75	88.53
8	0.93	0.79	3.97	94.31
9	0.92	0.78	3.92	94.38
10	0.83	0.94	3.98	94.25
11	0.82	0.93	3.91	94.35
12	0.85	0.93	3.92	94.30
13	0.87	0.93	3.94	94.26
14	0.86	0.90	3.90	94.34
15	0.87	0.88	3.87	94.38
16	0.93	0.94	4.07	94.06
17	0.93	0.93	4.00	94.15
18	1.91	1.88	6.57	89.63
19	1.98	1.90	6.62	89.50
20	1.99	1.91	6.59	89.51
21	2.01	1.88	6.60	89.51
22	2.06	1.91	6.68	89.34
23	2.15	1.95	6.85	89.05
24	2.15	1.87	6.78	89.19
25	2.20	1.87	6.87	89.05
26	2.20	1.85	6.77	89.18
27	2.31	1.88	6.93	88.87
28	2.51	2.02	7.42	88.05
29	2.47	1.91	7.34	88.28
30	2.53	1.87	7.42	88.17
31	2.60	1.82	7.46	88.12
32	2.64	1.78	7.53	88.05
33	2.69	1.74	7.66	87.91
34	2.75	1.71	7.87	87.68
35	2.87	1.75	8.11	87.27
36	2.82	1.71	8.19	87.29
37	2.89	1.71	8.34	87.05
38	2.87	1.66	8.37	87.09
39	2.99	1.72	8.60	86.70
40	3.01	1.72	8.67	86.60
41	2.98	1.68	8.61	86.72
42	3.07	1.72	8.72	86.48
43	3.11	1.72	8.73	86.44
44	3.24	1.80	8.94	86.02
45	3.17	1.76	8.81	86.25
46	3.24	1.79	9.00	85.97
47	3.34	1.78	9.03	85.84
48	3.39	1.77	8.89	85.95
49	3.53	1.85	9.01	85.61
50	3.52	1.79	8.90	85.79
51	3.57	1.82	8.97	85.64
52	3.63	1.81	8.97	85.58
53	3.74	1.87	9.11	85.28
54	3.75	1.84	9.04	85.36
55	2.74	1.56	8.76	86.94
56	2.91	1.50	7.76	87.83
57	3.36	1.62	8.18	86.84
58	3.76	1.78	8.72	85.73
59	3.90	1.81	8.93	85.35
60	3.96	1.80	8.91	85.33
61	4.05	1.84	8.97	85.14
62	4.11	1.87	9.07	84.95
63	4.16	1.88	9.23	84.72
64	4.22	1.89	9.35	84.54
65	4.24	1.91	9.36	84.49
66	4.25	1.90	9.38	84.47
67	4.28	1.94	9.48	84.30
68	4.24	1.79	9.17	84.80
69	4.32	1.79	9.06	84.83
70	4.40	1.79	9.13	84.68
71	4.40	1.77	9.13	84.71
72	4.43	1.78	9.11	84.68
73	4.33	1.65	8.95	85.06
74	4.30	1.60	8.75	85.35
75	4.31	1.58	8.67	85.44
76	4.33	1.59	8.69	85.39
77	4.39	1.59	8.83	85.19
78	4.44	1.64	8.89	85.04
79	4.46	1.65	8.93	84.95
80	4.51	1.65	9.01	84.83
81	4.55	1.69	9.11	84.66
82	4.57	1.65	9.02	84.76
83	4.66	1.65	9.01	84.68
84	4.77	1.70	9.11	84.43
85	4.79	1.66	9.01	84.54
86	4.88	1.63	8.95	84.54
87	5.05	1.68	9.04	84.22
88	5.27	1.77	9.27	83.69
89	5.36	1.76	9.26	83.63
90	5.55	1.76	9.24	83.46
91	5.68	1.70	9.09	83.53
92	5.95	1.74	9.24	83.07
93	6.21	1.75	9.26	82.78
94	6.47	1.70	9.20	82.63
95	6.79	1.69	9.21	82.31
96	7.16	1.63	9.16	82.05
97	7.52	1.54	9.05	81.88
98	7.88	1.40	8.85	81.87
99	8.24	1.34	8.86	81.56
100	8.58	1.51	8.88	81.04




