Parameters
	Library type	Paired-end
	Input files	KU328820-15_A_L003_R1_043.fastq	KU328820-15_A_L003_R2_043.fastq
	Primer/Adaptor library	Paired End DNA Library
	Cut-off read length for HQ	70%
	Cut-off quality score	20
	Only statistics	On
	Number of CPUs	2


QC statistics
	File name	KU328820-15_A_L003_R1_043.fastq	KU328820-15_A_L003_R2_043.fastq
	Total number of reads	4000000	4000000
	Total number of HQ reads	3743544	3743544
	Percentage of HQ reads	93.59%	93.59%
	Total number of bases	400000000	400000000
	Total number of bases in HQ reads	374354400	374354400
	Total number of HQ bases in HQ reads	368785825	368505349
	Percentage of HQ bases in HQ reads	98.51%	98.44%
	Number of Primer/Adaptor contaminated HQ reads	9	13
	Total number of HQ filtered reads	3743523	3743523
	Percentage of HQ filtered reads	93.59%	93.59%


Detailed QC statistics
	File name	KU328820-15_A_L003_R1_043.fastq	KU328820-15_A_L003_R2_043.fastq
	Minimum read length	100	100
	Maximum read length	100	100
	Average read length	100.00	100.00
	Total number of reads	4000000	4000000
	Total number of reads with non-ATGC bases	2848	3331
	Percentage of reads with non-ATGC bases	0.07%	0.08%
	Total number of bases	400000000	400000000
	Total number of HQ bases	386771629	383805385
	Percentage of HQ bases	96.69%	95.95%
	Total number of non-ATGC bases	6187	39907
	Percentage of non-ATGC bases	0.00%	0.01%


Average quality score at each base position of input reads

KU328820-15_A_L003_R1_043.fastq
32.40	32.64	32.71	36.17	36.06	36.09	36.07	36.05	37.78	37.77	37.76	37.73	37.73	39.15	39.13	39.10	39.10	39.07	39.09	39.06	39.05	38.99	38.95	38.92	38.84	38.79	38.72	38.66	38.63	38.52	38.45	38.40	38.30	38.25	38.17	38.08	38.02	37.95	37.89	37.79	37.65	37.59	37.77	37.76	37.78	37.68	37.61	37.53	37.50	37.36	37.45	37.46	37.46	37.37	37.30	37.18	37.08	36.96	36.86	36.72	36.65	36.56	36.41	36.25	36.07	35.93	35.77	35.56	35.38	35.23	35.03	34.89	34.68	34.40	34.22	33.35	33.63	33.73	33.63	33.45	33.32	33.11	32.92	32.73	32.53	32.37	32.24	32.10	31.91	31.75	31.61	31.46	31.35	31.21	31.05	30.84	30.66	30.48	30.27	28.86	

KU328820-15_A_L003_R2_043.fastq
36.64	36.64	36.60	36.62	31.45	31.92	32.10	35.61	35.58	35.62	35.63	35.61	37.28	37.22	37.20	37.20	37.16	38.57	38.53	38.52	38.50	38.45	38.46	38.44	38.41	38.37	38.31	38.30	38.24	38.25	38.20	38.12	38.03	38.02	37.95	37.94	37.81	37.80	37.68	37.67	37.58	37.52	37.51	37.44	37.30	37.38	37.42	37.41	37.35	37.26	37.19	37.12	37.05	36.98	36.00	36.39	36.66	36.75	36.72	36.68	36.59	36.42	36.34	36.23	36.09	35.91	35.95	35.91	35.80	35.74	35.59	35.41	35.27	35.12	34.94	34.75	34.51	34.31	34.13	33.93	33.73	33.55	33.39	33.19	32.99	32.81	32.62	32.39	32.17	32.07	31.92	31.78	31.65	31.50	31.30	31.12	30.98	30.82	30.68	30.51	





Read count (%) per base for different quality score ranges

	KU328820-15_A_L003_R1_043.fastq
Ranges	0-10	11-20	21-30	31-40
Base
1	0.12	0.32	8.64	90.92
2	0.09	0.30	7.93	91.68
3	0.09	0.28	7.79	91.84
4	0.09	0.27	2.39	97.26
5	0.14	0.36	2.96	96.54
6	0.11	0.38	2.83	96.68
7	0.12	0.40	2.89	96.60
8	0.13	0.41	2.98	96.49
9	0.13	0.41	3.00	96.47
10	0.15	0.41	3.02	96.42
11	0.14	0.43	3.04	96.39
12	0.15	0.44	3.12	96.30
13	0.15	0.44	3.12	96.30
14	0.35	0.96	5.28	93.41
15	0.37	0.98	5.26	93.40
16	0.40	0.99	5.39	93.22
17	0.38	0.98	5.27	93.38
18	0.41	0.99	5.37	93.22
19	0.44	1.03	5.51	93.02
20	0.48	1.06	5.53	92.93
21	0.47	1.01	5.46	93.07
22	0.52	1.04	5.64	92.80
23	0.55	1.04	5.69	92.71
24	0.63	1.09	5.88	92.41
25	0.68	1.12	6.06	92.14
26	0.93	1.17	5.92	91.99
27	1.01	1.20	6.06	91.73
28	1.10	1.21	6.15	91.54
29	1.13	1.16	6.17	91.53
30	1.27	1.22	6.49	91.02
31	1.31	1.25	6.64	90.80
32	1.36	1.23	6.75	90.66
33	1.44	1.27	6.96	90.33
34	1.49	1.26	7.05	90.19
35	1.56	1.28	7.22	89.93
36	1.64	1.33	7.36	89.67
37	1.67	1.31	7.43	89.59
38	1.72	1.31	7.49	89.48
39	1.77	1.31	7.47	89.45
40	1.83	1.35	7.57	89.25
41	1.95	1.42	7.76	88.87
42	1.97	1.42	7.74	88.87
43	2.01	1.42	7.85	88.72
44	2.13	1.47	7.90	88.49
45	2.18	1.45	7.81	88.57
46	2.32	1.50	7.96	88.22
47	2.38	1.53	8.03	88.06
48	2.46	1.55	8.12	87.87
49	2.49	1.54	8.06	87.92
50	2.63	1.60	8.22	87.55
51	2.62	1.59	8.16	87.63
52	2.68	1.53	8.04	87.75
53	2.75	1.49	7.92	87.84
54	2.89	1.52	7.95	87.64
55	2.92	1.54	8.02	87.52
56	3.04	1.58	8.10	87.28
57	3.10	1.59	8.19	87.12
58	3.16	1.61	8.26	86.97
59	3.19	1.57	8.31	86.92
60	3.28	1.59	8.40	86.73
61	3.28	1.57	8.33	86.82
62	3.29	1.52	8.28	86.91
63	3.37	1.55	8.35	86.73
64	3.43	1.56	8.46	86.55
65	3.50	1.61	8.64	86.25
66	3.52	1.58	8.67	86.23
67	3.57	1.58	8.72	86.13
68	3.67	1.63	8.92	85.79
69	3.68	1.64	9.05	85.63
70	3.71	1.59	8.96	85.74
71	3.75	1.63	9.10	85.52
72	3.76	1.59	9.06	85.59
73	3.85	1.59	9.16	85.40
74	3.97	1.67	9.53	84.83
75	4.02	1.68	9.52	84.78
76	3.75	1.75	12.22	82.28
77	3.86	1.58	10.19	84.37
78	3.97	1.53	9.43	85.07
79	4.09	1.56	9.20	85.15
80	4.21	1.62	9.27	84.90
81	4.27	1.58	9.15	85.00
82	4.41	1.64	9.28	84.67
83	4.53	1.69	9.42	84.36
84	4.71	1.72	9.55	84.03
85	4.88	1.81	9.75	83.57
86	5.04	1.83	9.83	83.30
87	5.18	1.84	9.83	83.16
88	5.36	1.85	9.86	82.93
89	5.61	1.93	10.12	82.34
90	5.87	1.97	10.21	81.96
91	6.12	1.99	10.30	81.59
92	6.39	2.00	10.42	81.19
93	6.68	1.93	10.32	81.08
94	7.02	1.89	10.28	80.81
95	7.45	1.85	10.25	80.46
96	7.98	1.84	10.34	79.84
97	8.51	1.73	10.36	79.40
98	9.08	1.56	10.27	79.08
99	9.76	1.45	10.00	78.79
100	10.83	3.14	16.72	69.31


	KU328820-15_A_L003_R2_043.fastq
Ranges	0-10	11-20	21-30	31-40
Base
1	0.86	0.29	0.16	98.70
2	0.90	0.28	0.18	98.64
3	0.66	0.57	0.30	98.47
4	0.65	0.54	0.22	98.59
5	1.10	1.07	13.84	83.98
6	0.94	0.84	10.68	87.54
7	0.99	0.80	9.97	88.25
8	0.99	0.77	3.79	94.46
9	1.05	0.79	3.90	94.26
10	0.88	0.90	3.75	94.47
11	0.88	0.87	3.74	94.51
12	0.89	0.91	3.82	94.38
13	0.89	0.88	3.76	94.47
14	0.96	0.92	3.94	94.18
15	0.98	0.92	3.95	94.15
16	0.98	0.90	3.91	94.20
17	1.02	0.94	3.99	94.05
18	2.08	1.86	6.39	89.67
19	2.14	1.87	6.50	89.49
20	2.16	1.84	6.45	89.54
21	2.21	1.87	6.45	89.47
22	2.28	1.86	6.54	89.32
23	2.39	1.94	6.76	88.91
24	2.38	1.90	6.73	89.00
25	2.43	1.86	6.72	88.99
26	2.47	1.83	6.76	88.94
27	2.57	1.84	6.87	88.72
28	2.69	1.88	7.13	88.29
29	2.79	1.88	7.21	88.11
30	2.73	1.79	7.12	88.36
31	2.81	1.74	7.22	88.24
32	2.90	1.74	7.41	87.95
33	2.99	1.74	7.59	87.67
34	2.96	1.67	7.63	87.73
35	3.01	1.68	7.83	87.48
36	3.00	1.61	7.91	87.47
37	3.17	1.68	8.20	86.95
38	3.12	1.66	8.23	86.99
39	3.26	1.72	8.48	86.53
40	3.20	1.69	8.45	86.66
41	3.32	1.71	8.60	86.37
42	3.31	1.71	8.63	86.35
43	3.33	1.68	8.50	86.50
44	3.37	1.68	8.57	86.38
45	3.51	1.75	8.77	85.98
46	3.61	1.80	8.97	85.62
47	3.60	1.77	8.86	85.77
48	3.68	1.74	8.73	85.84
49	3.80	1.78	8.80	85.62
50	3.89	1.81	8.88	85.42
51	3.95	1.82	8.90	85.33
52	4.01	1.86	8.97	85.16
53	4.08	1.88	9.01	85.03
54	4.11	1.88	9.01	85.00
55	3.05	1.56	8.56	86.83
56	3.27	1.52	7.79	87.42
57	3.76	1.66	8.27	86.31
58	4.08	1.75	8.63	85.53
59	4.27	1.84	8.83	85.06
60	4.32	1.83	8.89	84.95
61	4.40	1.84	8.96	84.80
62	4.53	1.93	9.16	84.38
63	4.51	1.89	9.23	84.36
64	4.57	1.90	9.24	84.29
65	4.57	1.91	9.32	84.19
66	4.66	1.95	9.49	83.91
67	4.60	1.89	9.38	84.13
68	4.67	1.81	9.10	84.43
69	4.74	1.80	9.08	84.38
70	4.71	1.71	8.91	84.66
71	4.75	1.70	8.86	84.68
72	4.84	1.70	8.87	84.60
73	4.79	1.71	8.84	84.66
74	4.76	1.69	8.80	84.76
75	4.78	1.66	8.87	84.69
76	4.79	1.66	8.92	84.63
77	4.87	1.71	9.03	84.39
78	4.89	1.70	9.11	84.30
79	4.92	1.68	9.06	84.34
80	4.96	1.69	9.08	84.28
81	4.99	1.71	9.13	84.17
82	5.02	1.67	9.13	84.18
83	5.05	1.64	9.06	84.25
84	5.17	1.65	9.03	84.14
85	5.28	1.69	9.12	83.91
86	5.42	1.71	9.12	83.75
87	5.56	1.74	9.24	83.46
88	5.81	1.82	9.43	82.94
89	6.01	1.90	9.62	82.47
90	6.13	1.83	9.52	82.52
91	6.34	1.83	9.49	82.34
92	6.54	1.81	9.45	82.19
93	6.80	1.76	9.42	82.03
94	7.11	1.73	9.33	81.83
95	7.52	1.76	9.46	81.26
96	7.93	1.71	9.45	80.91
97	8.33	1.61	9.34	80.73
98	8.74	1.51	9.31	80.44
99	9.14	1.42	9.28	80.17
100	9.51	1.59	9.25	79.66




