Parameters
	Library type	Paired-end
	Input files	KU328820-15_A_L003_R1_019.fastq	KU328820-15_A_L003_R2_019.fastq
	Primer/Adaptor library	Paired End DNA Library
	Cut-off read length for HQ	70%
	Cut-off quality score	20
	Only statistics	On
	Number of CPUs	2


QC statistics
	File name	KU328820-15_A_L003_R1_019.fastq	KU328820-15_A_L003_R2_019.fastq
	Total number of reads	4000000	4000000
	Total number of HQ reads	3754439	3754439
	Percentage of HQ reads	93.86%	93.86%
	Total number of bases	400000000	400000000
	Total number of bases in HQ reads	375443900	375443900
	Total number of HQ bases in HQ reads	369793103	370187946
	Percentage of HQ bases in HQ reads	98.49%	98.60%
	Number of Primer/Adaptor contaminated HQ reads	6	12
	Total number of HQ filtered reads	3754421	3754421
	Percentage of HQ filtered reads	93.86%	93.86%


Detailed QC statistics
	File name	KU328820-15_A_L003_R1_019.fastq	KU328820-15_A_L003_R2_019.fastq
	Minimum read length	100	100
	Maximum read length	100	100
	Average read length	100.00	100.00
	Total number of reads	4000000	4000000
	Total number of reads with non-ATGC bases	22079	22845
	Percentage of reads with non-ATGC bases	0.55%	0.57%
	Total number of bases	400000000	400000000
	Total number of HQ bases	386916602	385427109
	Percentage of HQ bases	96.73%	96.36%
	Total number of non-ATGC bases	506170	97084
	Percentage of non-ATGC bases	0.13%	0.02%


Average quality score at each base position of input reads

KU328820-15_A_L003_R1_019.fastq
32.50	32.75	32.81	36.24	36.15	36.14	36.13	36.13	37.85	37.86	37.85	37.84	37.83	39.31	39.25	39.24	39.22	39.17	39.17	39.17	39.16	39.07	39.06	39.03	38.98	38.89	38.85	38.76	38.73	38.66	38.58	38.46	38.40	38.37	38.33	38.24	38.12	38.08	38.00	37.89	37.79	37.73	37.88	37.88	37.91	37.85	37.82	37.73	37.63	37.56	37.66	37.65	37.63	37.56	37.47	37.38	37.27	37.15	37.01	36.87	36.77	36.66	36.54	36.40	36.24	36.07	35.92	35.71	35.51	35.13	34.96	34.67	34.54	33.91	33.94	32.78	33.30	33.49	33.47	33.36	33.19	33.05	32.84	32.68	32.51	32.37	32.20	32.06	31.86	31.73	31.56	31.42	31.26	31.13	30.95	30.83	30.66	30.42	30.20	28.75	

KU328820-15_A_L003_R2_019.fastq
36.46	36.46	36.42	36.45	31.99	32.29	32.34	35.75	35.77	35.74	35.75	35.76	37.42	37.37	37.40	37.36	37.37	38.76	38.71	38.70	38.66	38.64	38.69	38.66	38.64	38.52	38.53	38.51	38.46	38.41	38.38	38.37	38.31	38.25	38.18	38.12	38.07	37.97	37.92	37.84	37.82	37.73	37.69	37.60	37.56	37.65	37.65	37.60	37.55	37.50	37.46	37.38	37.32	37.22	36.11	36.53	36.85	37.00	36.99	36.92	36.84	36.72	36.55	36.48	36.31	36.22	36.23	36.20	36.15	36.04	35.82	35.62	35.49	35.34	35.19	34.99	34.77	34.59	34.39	34.21	33.97	33.78	33.58	33.42	33.22	33.05	32.88	32.70	32.54	32.38	32.26	32.09	31.91	31.78	31.61	31.48	31.36	31.19	31.01	30.85	





Read count (%) per base for different quality score ranges

	KU328820-15_A_L003_R1_019.fastq
Ranges	0-10	11-20	21-30	31-40
Base
1	0.15	0.31	8.03	91.51
2	0.08	0.28	7.26	92.37
3	0.08	0.24	7.14	92.54
4	0.08	0.23	2.17	97.52
5	0.13	0.30	2.66	96.91
6	0.10	0.35	2.65	96.89
7	0.11	0.37	2.72	96.80
8	0.11	0.37	2.71	96.82
9	0.12	0.37	2.83	96.67
10	0.12	0.37	2.76	96.76
11	0.13	0.37	2.81	96.69
12	0.13	0.37	2.82	96.68
13	0.13	0.38	2.85	96.64
14	0.30	0.84	4.95	93.91
15	0.34	0.92	5.13	93.61
16	0.34	0.91	5.05	93.70
17	0.36	0.90	5.12	93.62
18	0.40	0.95	5.21	93.45
19	0.44	1.00	5.40	93.17
20	0.42	0.95	5.27	93.36
21	0.44	0.95	5.27	93.34
22	0.51	1.02	5.51	92.97
23	0.51	0.98	5.44	93.06
24	0.57	1.02	5.68	92.73
25	0.62	1.02	5.72	92.64
26	0.87	1.12	5.78	92.24
27	0.91	1.11	5.78	92.20
28	1.04	1.16	5.99	91.81
29	1.06	1.13	6.01	91.80
30	1.13	1.11	6.18	91.58
31	1.18	1.14	6.33	91.35
32	1.32	1.19	6.65	90.84
33	1.32	1.21	6.83	90.64
34	1.32	1.17	6.79	90.71
35	1.36	1.17	6.87	90.59
36	1.42	1.21	6.97	90.40
37	1.54	1.26	7.18	90.02
38	1.53	1.24	7.19	90.04
39	1.58	1.25	7.26	89.90
40	1.66	1.30	7.35	89.69
41	1.73	1.34	7.46	89.47
42	1.73	1.34	7.46	89.47
43	1.79	1.35	7.62	89.24
44	1.88	1.39	7.65	89.07
45	1.92	1.37	7.58	89.13
46	2.03	1.42	7.65	88.89
47	2.05	1.40	7.65	88.90
48	2.15	1.43	7.74	88.69
49	2.23	1.48	7.86	88.43
50	2.26	1.50	7.87	88.37
51	2.24	1.45	7.75	88.56
52	2.34	1.42	7.62	88.62
53	2.39	1.41	7.58	88.62
54	2.48	1.42	7.59	88.51
55	2.55	1.44	7.72	88.29
56	2.60	1.44	7.73	88.23
57	2.67	1.45	7.83	88.05
58	2.74	1.49	7.86	87.91
59	2.84	1.50	8.00	87.66
60	2.87	1.53	8.15	87.45
61	2.91	1.50	8.11	87.48
62	2.95	1.49	8.11	87.45
63	2.98	1.46	8.14	87.41
64	3.06	1.48	8.17	87.29
65	3.13	1.48	8.28	87.10
66	3.20	1.47	8.39	86.94
67	3.24	1.46	8.36	86.94
68	3.36	1.49	8.53	86.63
69	3.45	1.49	8.53	86.52
70	3.88	1.61	9.03	85.48
71	3.94	1.61	9.07	85.37
72	4.11	1.71	9.39	84.79
73	4.05	1.64	9.36	84.95
74	4.37	2.03	10.82	82.78
75	4.32	1.80	10.17	83.71
76	4.16	2.08	14.15	79.61
77	4.17	1.75	11.00	83.08
78	4.28	1.67	9.90	84.15
79	4.36	1.64	9.49	84.51
80	4.46	1.62	9.29	84.63
81	4.55	1.64	9.31	84.51
82	4.63	1.63	9.21	84.53
83	4.80	1.70	9.38	84.12
84	4.93	1.70	9.40	83.96
85	5.07	1.74	9.44	83.75
86	5.21	1.77	9.44	83.58
87	5.41	1.80	9.58	83.21
88	5.60	1.81	9.65	82.94
89	5.86	1.91	9.90	82.33
90	6.06	1.88	9.94	82.11
91	6.35	1.95	10.08	81.62
92	6.64	1.96	10.09	81.31
93	6.97	1.96	10.22	80.85
94	7.30	1.90	10.18	80.61
95	7.75	1.86	10.26	80.13
96	8.18	1.75	10.06	80.02
97	8.70	1.63	9.92	79.74
98	9.33	1.56	10.04	79.07
99	10.05	1.44	9.87	78.64
100	11.18	3.19	16.64	68.99


	KU328820-15_A_L003_R2_019.fastq
Ranges	0-10	11-20	21-30	31-40
Base
1	1.28	0.35	0.18	98.19
2	1.39	0.29	0.19	98.13
3	1.20	0.56	0.31	97.94
4	1.08	0.63	0.25	98.05
5	0.94	0.77	10.61	87.67
6	0.80	0.73	9.08	89.39
7	0.83	0.72	8.94	89.52
8	0.82	0.70	3.54	94.94
9	0.80	0.67	3.43	95.10
10	0.74	0.82	3.54	94.90
11	0.73	0.80	3.51	94.97
12	0.73	0.77	3.43	95.07
13	0.76	0.78	3.51	94.95
14	0.81	0.82	3.66	94.71
15	0.80	0.79	3.50	94.91
16	0.83	0.81	3.62	94.73
17	0.82	0.80	3.57	94.81
18	1.83	1.72	6.16	90.30
19	1.91	1.76	6.24	90.09
20	1.90	1.73	6.21	90.17
21	1.95	1.74	6.23	90.07
22	1.98	1.71	6.25	90.06
23	2.05	1.73	6.32	89.89
24	2.09	1.74	6.39	89.78
25	2.13	1.71	6.37	89.79
26	2.23	1.78	6.66	89.33
27	2.21	1.72	6.52	89.56
28	2.36	1.76	6.81	89.07
29	2.39	1.74	6.87	89.00
30	2.46	1.70	6.91	88.94
31	2.48	1.66	6.94	88.92
32	2.49	1.59	6.95	88.97
33	2.58	1.55	7.12	88.75
34	2.62	1.56	7.22	88.61
35	2.71	1.54	7.43	88.32
36	2.73	1.55	7.61	88.11
37	2.75	1.55	7.74	87.96
38	2.83	1.59	7.93	87.65
39	2.85	1.57	8.05	87.52
40	2.92	1.62	8.14	87.32
41	2.88	1.59	8.12	87.41
42	3.02	1.60	8.22	87.15
43	3.01	1.60	8.24	87.15
44	3.07	1.63	8.30	87.00
45	3.07	1.61	8.20	87.11
46	3.17	1.65	8.46	86.72
47	3.25	1.63	8.42	86.70
48	3.35	1.67	8.40	86.58
49	3.43	1.69	8.43	86.44
50	3.45	1.69	8.44	86.42
51	3.52	1.68	8.42	86.38
52	3.57	1.72	8.49	86.22
53	3.63	1.72	8.50	86.15
54	3.70	1.76	8.54	86.00
55	2.69	1.48	8.24	87.60
56	2.88	1.43	7.38	88.31
57	3.32	1.57	7.78	87.33
58	3.65	1.66	8.20	86.49
59	3.84	1.71	8.38	86.07
60	3.94	1.75	8.55	85.77
61	4.02	1.77	8.55	85.67
62	4.05	1.79	8.66	85.50
63	4.17	1.82	8.92	85.08
64	4.13	1.82	8.87	85.18
65	4.20	1.85	9.06	84.89
66	4.16	1.81	9.00	85.04
67	4.12	1.73	8.92	85.23
68	4.19	1.66	8.61	85.53
69	4.20	1.59	8.42	85.80
70	4.24	1.58	8.29	85.89
71	4.32	1.61	8.46	85.61
72	4.40	1.65	8.56	85.39
73	4.35	1.63	8.50	85.52
74	4.31	1.63	8.47	85.59
75	4.29	1.58	8.41	85.72
76	4.34	1.57	8.45	85.64
77	4.39	1.59	8.58	85.44
78	4.38	1.58	8.54	85.50
79	4.43	1.58	8.56	85.43
80	4.43	1.57	8.53	85.47
81	4.53	1.61	8.70	85.16
82	4.55	1.61	8.72	85.12
83	4.63	1.62	8.75	85.00
84	4.68	1.60	8.70	85.01
85	4.78	1.62	8.75	84.85
86	4.88	1.63	8.76	84.72
87	5.00	1.64	8.77	84.59
88	5.15	1.67	8.84	84.34
89	5.29	1.70	8.88	84.13
90	5.48	1.71	8.97	83.85
91	5.64	1.67	8.84	83.85
92	5.88	1.69	8.91	83.52
93	6.17	1.72	9.04	83.07
94	6.42	1.67	9.00	82.90
95	6.76	1.66	9.03	82.55
96	7.08	1.58	8.92	82.42
97	7.45	1.46	8.76	82.32
98	7.87	1.41	8.80	81.92
99	8.27	1.37	8.94	81.41
100	8.63	1.53	8.88	80.96




