Parameters
	Library type	Paired-end
	Input files	KU328820-15_A_L003_R1_010.fastq	KU328820-15_A_L003_R2_010.fastq
	Primer/Adaptor library	Paired End DNA Library
	Cut-off read length for HQ	70%
	Cut-off quality score	20
	Only statistics	On
	Number of CPUs	2


QC statistics
	File name	KU328820-15_A_L003_R1_010.fastq	KU328820-15_A_L003_R2_010.fastq
	Total number of reads	4000000	4000000
	Total number of HQ reads	3738483	3738483
	Percentage of HQ reads	93.46%	93.46%
	Total number of bases	400000000	400000000
	Total number of bases in HQ reads	373848300	373848300
	Total number of HQ bases in HQ reads	368038927	368960911
	Percentage of HQ bases in HQ reads	98.45%	98.69%
	Number of Primer/Adaptor contaminated HQ reads	6	14
	Total number of HQ filtered reads	3738463	3738463
	Percentage of HQ filtered reads	93.46%	93.46%


Detailed QC statistics
	File name	KU328820-15_A_L003_R1_010.fastq	KU328820-15_A_L003_R2_010.fastq
	Minimum read length	100	100
	Maximum read length	100	100
	Average read length	100.00	100.00
	Total number of reads	4000000	4000000
	Total number of reads with non-ATGC bases	34460	34796
	Percentage of reads with non-ATGC bases	0.86%	0.87%
	Total number of bases	400000000	400000000
	Total number of HQ bases	386115766	385786692
	Percentage of HQ bases	96.53%	96.45%
	Total number of non-ATGC bases	779049	162463
	Percentage of non-ATGC bases	0.19%	0.04%


Average quality score at each base position of input reads

KU328820-15_A_L003_R1_010.fastq
32.55	32.79	32.88	36.31	36.22	36.21	36.21	36.21	37.99	37.95	37.94	37.89	37.94	39.39	39.34	39.34	39.31	39.29	39.33	39.27	39.20	39.20	39.14	39.13	38.96	38.99	38.91	38.82	38.79	38.72	38.55	38.53	38.46	38.43	38.34	38.30	38.19	38.13	37.99	37.92	37.75	37.61	37.90	37.86	37.84	37.82	37.75	37.66	37.58	37.50	37.64	37.62	37.61	37.53	37.44	37.25	37.25	37.11	36.99	36.83	36.73	36.59	36.45	36.30	36.09	35.95	35.76	35.54	35.28	34.96	34.79	34.66	34.40	33.80	33.87	32.68	33.22	33.45	33.42	33.24	33.03	32.92	32.72	32.59	32.35	32.19	32.07	31.94	31.70	31.59	31.42	31.25	31.02	30.85	30.69	30.48	30.28	30.06	29.82	28.44	

KU328820-15_A_L003_R2_010.fastq
36.35	36.37	36.30	36.34	32.31	32.54	32.56	35.93	35.93	35.93	35.93	35.91	37.63	37.59	37.57	37.52	37.53	38.98	38.96	38.89	38.87	38.84	38.89	38.85	38.79	38.81	38.72	38.68	38.63	38.56	38.54	38.51	38.46	38.42	38.37	38.31	38.23	38.18	38.08	38.04	37.98	37.93	37.87	37.78	37.72	37.81	37.76	37.72	37.68	37.64	37.58	37.48	37.41	37.28	36.07	36.61	36.94	37.09	37.08	37.02	36.91	36.81	36.67	36.55	36.44	36.30	36.30	36.31	36.21	36.12	35.96	35.80	35.66	35.47	35.32	35.13	34.95	34.76	34.51	34.32	34.05	33.90	33.75	33.54	33.32	33.12	32.98	32.83	32.65	32.49	32.30	32.15	32.02	31.85	31.70	31.48	31.27	31.17	31.03	30.88	





Read count (%) per base for different quality score ranges

	KU328820-15_A_L003_R1_010.fastq
Ranges	0-10	11-20	21-30	31-40
Base
1	0.19	0.26	7.21	92.34
2	0.08	0.34	6.69	92.89
3	0.06	0.21	6.47	93.26
4	0.07	0.20	1.86	97.87
5	0.11	0.27	2.37	97.25
6	0.09	0.31	2.36	97.23
7	0.09	0.31	2.35	97.26
8	0.09	0.31	2.36	97.24
9	0.10	0.30	2.35	97.25
10	0.11	0.33	2.52	97.04
11	0.11	0.33	2.50	97.06
12	0.12	0.36	2.67	96.85
13	0.11	0.33	2.47	97.10
14	0.29	0.79	4.62	94.30
15	0.33	0.84	4.76	94.07
16	0.32	0.81	4.63	94.24
17	0.36	0.83	4.77	94.04
18	0.43	0.83	4.72	94.02
19	0.37	0.90	4.77	93.96
20	0.42	0.89	4.93	93.77
21	0.48	0.93	5.11	93.48
22	0.46	0.88	4.95	93.70
23	0.52	0.92	5.12	93.43
24	0.56	0.92	5.20	93.31
25	0.74	1.10	5.74	92.43
26	0.84	1.01	5.27	92.88
27	0.96	1.07	5.44	92.53
28	1.07	1.10	5.69	92.14
29	1.08	1.06	5.68	92.18
30	1.14	1.05	5.81	91.99
31	1.39	1.18	6.27	91.16
32	1.31	1.13	6.24	91.33
33	1.35	1.10	6.37	91.18
34	1.38	1.08	6.36	91.18
35	1.44	1.14	6.59	90.83
36	1.46	1.11	6.57	90.85
37	1.55	1.15	6.72	90.58
38	1.58	1.15	6.71	90.57
39	1.72	1.23	6.98	90.07
40	1.74	1.23	6.98	90.05
41	1.93	1.33	7.27	89.47
42	2.03	1.40	7.47	89.09
43	1.85	1.28	7.32	89.55
44	2.05	1.34	7.39	89.22
45	2.11	1.37	7.37	89.15
46	2.12	1.34	7.33	89.20
47	2.22	1.36	7.34	89.08
48	2.31	1.39	7.45	88.84
49	2.37	1.41	7.54	88.67
50	2.40	1.45	7.55	88.60
51	2.39	1.36	7.34	88.91
52	2.51	1.35	7.30	88.84
53	2.58	1.32	7.17	88.93
54	2.67	1.35	7.21	88.76
55	2.75	1.38	7.37	88.50
56	2.93	1.49	7.67	87.91
57	2.86	1.41	7.48	88.25
58	2.98	1.43	7.58	88.02
59	3.04	1.39	7.70	87.86
60	3.10	1.46	7.87	87.57
61	3.15	1.42	7.86	87.57
62	3.22	1.46	7.96	87.37
63	3.27	1.46	8.01	87.26
64	3.34	1.47	8.09	87.10
65	3.45	1.53	8.34	86.68
66	3.47	1.50	8.38	86.65
67	3.60	1.52	8.49	86.40
68	3.70	1.56	8.65	86.09
69	3.89	1.61	8.86	85.64
70	4.36	1.61	9.00	85.02
71	4.45	1.60	9.01	84.94
72	4.46	1.55	8.94	85.05
73	4.60	1.62	9.20	84.59
74	4.78	1.99	10.71	82.52
75	4.72	1.68	9.83	83.77
76	4.51	1.97	13.95	79.57
77	4.58	1.67	10.61	83.13
78	4.66	1.55	9.48	84.31
79	4.79	1.53	9.05	84.63
80	4.93	1.60	9.04	84.42
81	5.10	1.68	9.21	84.01
82	5.09	1.62	9.07	84.21
83	5.25	1.66	9.15	83.94
84	5.36	1.61	9.08	83.95
85	5.57	1.77	9.39	83.27
86	5.70	1.81	9.53	82.96
87	5.82	1.75	9.52	82.90
88	6.02	1.75	9.50	82.73
89	6.34	1.90	9.91	81.85
90	6.52	1.85	9.89	81.74
91	6.83	1.89	9.97	81.32
92	7.16	1.91	10.11	80.83
93	7.58	2.01	10.44	79.98
94	7.97	2.00	10.59	79.44
95	8.39	1.93	10.54	79.14
96	8.95	1.89	10.59	78.57
97	9.55	1.80	10.55	78.10
98	10.19	1.65	10.56	77.61
99	10.94	1.55	10.40	77.11
100	12.07	3.21	16.81	67.91


	KU328820-15_A_L003_R2_010.fastq
Ranges	0-10	11-20	21-30	31-40
Base
1	1.67	0.34	0.19	97.79
2	1.64	0.35	0.18	97.83
3	1.53	0.58	0.31	97.58
4	1.45	0.60	0.25	97.70
5	0.75	0.59	8.53	90.13
6	0.68	0.58	7.49	91.25
7	0.71	0.58	7.49	91.22
8	0.70	0.57	2.91	95.82
9	0.71	0.55	2.90	95.84
10	0.64	0.65	2.88	95.83
11	0.64	0.64	2.89	95.83
12	0.66	0.65	2.92	95.76
13	0.68	0.65	2.91	95.76
14	0.73	0.67	3.01	95.59
15	0.76	0.68	3.00	95.56
16	0.79	0.70	3.11	95.39
17	0.78	0.71	3.10	95.41
18	1.85	1.59	5.64	90.92
19	1.88	1.60	5.64	90.89
20	1.97	1.64	5.82	90.56
21	1.98	1.60	5.75	90.66
22	2.04	1.60	5.81	90.55
23	2.11	1.61	5.86	90.42
24	2.15	1.59	5.87	90.39
25	2.20	1.62	5.97	90.21
26	2.20	1.54	5.83	90.43
27	2.32	1.56	6.03	90.09
28	2.49	1.63	6.33	89.55
29	2.54	1.63	6.39	89.44
30	2.60	1.63	6.49	89.29
31	2.57	1.57	6.51	89.34
32	2.62	1.48	6.53	89.37
33	2.70	1.47	6.62	89.22
34	2.73	1.46	6.69	89.12
35	2.76	1.43	6.85	88.96
36	2.82	1.43	7.00	88.76
37	2.85	1.46	7.16	88.53
38	2.87	1.44	7.25	88.45
39	2.94	1.45	7.45	88.15
40	2.95	1.43	7.45	88.17
41	3.02	1.44	7.53	88.01
42	3.05	1.45	7.54	87.96
43	3.08	1.47	7.54	87.91
44	3.13	1.48	7.63	87.76
45	3.17	1.49	7.61	87.73
46	3.28	1.52	7.81	87.39
47	3.40	1.55	7.84	87.21
48	3.46	1.55	7.86	87.14
49	3.53	1.56	7.86	87.05
50	3.58	1.58	7.80	87.05
51	3.66	1.53	7.80	87.00
52	3.72	1.63	7.91	86.75
53	3.77	1.63	8.00	86.60
54	3.85	1.68	8.12	86.36
55	2.72	1.38	7.88	88.02
56	2.89	1.34	6.79	88.98
57	3.32	1.42	7.14	88.12
58	3.72	1.53	7.63	87.12
59	3.93	1.60	7.90	86.57
60	4.02	1.62	8.01	86.35
61	4.11	1.67	8.07	86.15
62	4.13	1.65	8.11	86.10
63	4.18	1.68	8.34	85.79
64	4.18	1.68	8.35	85.78
65	4.21	1.69	8.40	85.69
66	4.24	1.68	8.46	85.61
67	4.24	1.67	8.45	85.64
68	4.27	1.55	8.09	86.09
69	4.35	1.52	7.97	86.16
70	4.35	1.49	7.81	86.35
71	4.39	1.47	7.86	86.29
72	4.43	1.44	7.82	86.31
73	4.40	1.44	7.74	86.43
74	4.36	1.52	7.82	86.31
75	4.31	1.47	7.77	86.45
76	4.34	1.43	7.82	86.41
77	4.32	1.40	7.80	86.47
78	4.34	1.39	7.82	86.45
79	4.40	1.45	8.02	86.13
80	4.41	1.44	8.00	86.16
81	4.52	1.52	8.25	85.70
82	4.50	1.47	8.15	85.89
83	4.53	1.42	8.01	86.04
84	4.63	1.45	8.07	85.84
85	4.76	1.51	8.24	85.49
86	4.87	1.55	8.37	85.21
87	4.94	1.52	8.31	85.23
88	5.07	1.51	8.24	85.18
89	5.23	1.54	8.30	84.93
90	5.41	1.56	8.34	84.68
91	5.64	1.61	8.56	84.19
92	5.85	1.61	8.59	83.95
93	6.07	1.55	8.55	83.83
94	6.39	1.56	8.57	83.48
95	6.72	1.54	8.55	83.19
96	7.15	1.58	8.75	82.52
97	7.58	1.59	8.95	81.88
98	7.92	1.42	8.80	81.86
99	8.29	1.34	8.76	81.60
100	8.64	1.45	8.63	81.28




