Parameters
	Library type	Paired-end
	Input files	KU328820-15_A_L003_R1_012.fastq	KU328820-15_A_L003_R2_012.fastq
	Primer/Adaptor library	Paired End DNA Library
	Cut-off read length for HQ	70%
	Cut-off quality score	20
	Only statistics	On
	Number of CPUs	2


QC statistics
	File name	KU328820-15_A_L003_R1_012.fastq	KU328820-15_A_L003_R2_012.fastq
	Total number of reads	4000000	4000000
	Total number of HQ reads	3766636	3766636
	Percentage of HQ reads	94.17%	94.17%
	Total number of bases	400000000	400000000
	Total number of bases in HQ reads	376663600	376663600
	Total number of HQ bases in HQ reads	371452496	371660487
	Percentage of HQ bases in HQ reads	98.62%	98.67%
	Number of Primer/Adaptor contaminated HQ reads	7	15
	Total number of HQ filtered reads	3766614	3766614
	Percentage of HQ filtered reads	94.17%	94.17%


Detailed QC statistics
	File name	KU328820-15_A_L003_R1_012.fastq	KU328820-15_A_L003_R2_012.fastq
	Minimum read length	100	100
	Maximum read length	100	100
	Average read length	100.00	100.00
	Total number of reads	4000000	4000000
	Total number of reads with non-ATGC bases	34250	35056
	Percentage of reads with non-ATGC bases	0.86%	0.88%
	Total number of bases	400000000	400000000
	Total number of HQ bases	387801130	386375093
	Percentage of HQ bases	96.95%	96.59%
	Total number of non-ATGC bases	794818	175476
	Percentage of non-ATGC bases	0.20%	0.04%


Average quality score at each base position of input reads

KU328820-15_A_L003_R1_012.fastq
32.52	32.76	32.84	36.27	36.18	36.16	36.16	36.15	37.90	37.90	37.88	37.86	37.85	39.33	39.31	39.28	39.26	39.20	39.25	39.24	39.22	39.12	39.09	39.10	39.03	38.94	38.91	38.86	38.79	38.76	38.69	38.61	38.54	38.47	38.40	38.31	38.25	38.16	38.07	38.01	37.90	37.82	38.02	38.03	38.05	38.00	37.92	37.85	37.79	37.70	37.72	37.73	37.70	37.66	37.57	37.50	37.38	37.27	37.19	37.05	36.95	36.81	36.66	36.55	36.34	36.18	35.97	35.81	35.59	35.24	35.11	34.90	34.69	34.20	34.17	33.02	33.55	33.77	33.75	33.63	33.44	33.29	33.10	32.92	32.71	32.58	32.44	32.34	32.17	32.03	31.83	31.69	31.59	31.45	31.32	31.11	30.94	30.71	30.52	29.08	

KU328820-15_A_L003_R2_012.fastq
36.36	36.37	36.32	36.36	32.19	32.40	32.44	35.84	35.82	35.82	35.83	35.83	37.50	37.51	37.49	37.44	37.43	38.89	38.87	38.82	38.81	38.79	38.81	38.78	38.73	38.71	38.67	38.65	38.55	38.52	38.50	38.45	38.42	38.38	38.33	38.26	38.19	38.12	38.06	38.01	37.97	37.90	37.85	37.80	37.70	37.80	37.78	37.76	37.72	37.69	37.62	37.53	37.49	37.39	36.26	36.71	37.05	37.19	37.15	37.04	37.00	36.88	36.77	36.67	36.59	36.39	36.36	36.32	36.26	36.19	36.04	35.87	35.66	35.51	35.37	35.17	34.94	34.80	34.57	34.39	34.17	34.01	33.83	33.62	33.46	33.23	33.08	32.90	32.75	32.59	32.39	32.24	32.11	31.92	31.80	31.66	31.52	31.39	31.26	31.11	





Read count (%) per base for different quality score ranges

	KU328820-15_A_L003_R1_012.fastq
Ranges	0-10	11-20	21-30	31-40
Base
1	0.19	0.35	7.78	91.68
2	0.08	0.38	7.11	92.44
3	0.08	0.27	6.92	92.73
4	0.07	0.25	2.05	97.63
5	0.12	0.31	2.49	97.08
6	0.10	0.38	2.59	96.92
7	0.10	0.37	2.54	96.98
8	0.11	0.39	2.60	96.91
9	0.11	0.39	2.63	96.87
10	0.12	0.40	2.64	96.85
11	0.13	0.40	2.70	96.78
12	0.13	0.41	2.75	96.71
13	0.13	0.41	2.75	96.70
14	0.32	0.94	4.85	93.90
15	0.33	0.98	4.91	93.79
16	0.34	0.99	4.96	93.71
17	0.37	0.99	5.00	93.65
18	0.47	1.03	5.11	93.39
19	0.41	1.06	5.13	93.40
20	0.42	0.97	5.14	93.46
21	0.45	0.98	5.15	93.43
22	0.52	1.06	5.48	92.93
23	0.52	1.03	5.35	93.10
24	0.56	1.01	5.46	92.97
25	0.63	1.04	5.61	92.72
26	0.87	1.13	5.62	92.39
27	0.93	1.13	5.58	92.36
28	0.99	1.12	5.75	92.14
29	1.04	1.13	5.87	91.96
30	1.08	1.10	5.91	91.91
31	1.15	1.09	6.08	91.69
32	1.22	1.10	6.28	91.40
33	1.27	1.14	6.44	91.15
34	1.31	1.15	6.54	91.00
35	1.36	1.16	6.69	90.78
36	1.42	1.19	6.83	90.56
37	1.45	1.20	6.87	90.48
38	1.51	1.23	6.95	90.32
39	1.57	1.25	7.04	90.14
40	1.59	1.24	7.05	90.12
41	1.67	1.28	7.13	89.93
42	1.69	1.31	7.22	89.78
43	1.69	1.29	7.29	89.73
44	1.81	1.31	7.31	89.57
45	1.86	1.32	7.23	89.59
46	1.92	1.34	7.26	89.48
47	2.00	1.37	7.34	89.29
48	2.06	1.39	7.43	89.12
49	2.12	1.39	7.45	89.03
50	2.16	1.44	7.57	88.84
51	2.18	1.43	7.55	88.84
52	2.22	1.42	7.41	88.95
53	2.30	1.40	7.39	88.91
54	2.36	1.37	7.32	88.95
55	2.43	1.41	7.41	88.74
56	2.46	1.39	7.41	88.74
57	2.55	1.43	7.48	88.54
58	2.58	1.43	7.54	88.44
59	2.62	1.39	7.52	88.48
60	2.68	1.41	7.63	88.29
61	2.72	1.40	7.62	88.27
62	2.77	1.40	7.70	88.13
63	2.83	1.44	7.82	87.91
64	2.84	1.39	7.81	87.95
65	2.94	1.46	8.07	87.53
66	2.98	1.47	8.11	87.43
67	3.09	1.49	8.31	87.11
68	3.11	1.48	8.33	87.08
69	3.27	1.49	8.42	86.81
70	3.77	1.55	8.60	86.08
71	3.81	1.46	8.52	86.21
72	3.90	1.49	8.65	85.96
73	3.94	1.51	8.79	85.77
74	4.08	1.76	9.90	84.27
75	4.12	1.59	9.34	84.95
76	3.85	1.82	13.25	81.08
77	3.87	1.51	10.05	84.57
78	3.98	1.42	8.94	85.66
79	4.06	1.38	8.52	86.04
80	4.14	1.38	8.32	86.16
81	4.25	1.43	8.44	85.89
82	4.32	1.44	8.37	85.88
83	4.47	1.48	8.47	85.59
84	4.60	1.51	8.60	85.29
85	4.74	1.64	8.86	84.77
86	4.83	1.62	8.93	84.62
87	4.98	1.63	8.97	84.42
88	5.11	1.61	8.89	84.39
89	5.32	1.66	9.07	83.95
90	5.52	1.69	9.17	83.61
91	5.82	1.79	9.47	82.92
92	6.07	1.82	9.59	82.52
93	6.31	1.74	9.52	82.43
94	6.62	1.73	9.55	82.11
95	6.98	1.64	9.44	81.93
96	7.49	1.65	9.60	81.27
97	8.00	1.55	9.52	80.94
98	8.59	1.49	9.73	80.18
99	9.24	1.35	9.45	79.95
100	10.31	3.09	16.34	70.26


	KU328820-15_A_L003_R2_012.fastq
Ranges	0-10	11-20	21-30	31-40
Base
1	1.68	0.29	0.17	97.86
2	1.65	0.31	0.16	97.88
3	1.48	0.59	0.25	97.69
4	1.42	0.60	0.19	97.79
5	0.81	0.67	9.45	89.07
6	0.76	0.67	8.43	90.14
7	0.78	0.66	8.38	90.17
8	0.76	0.64	3.24	95.35
9	0.78	0.65	3.30	95.27
10	0.69	0.75	3.29	95.27
11	0.68	0.74	3.28	95.30
12	0.69	0.73	3.24	95.34
13	0.73	0.74	3.31	95.22
14	0.73	0.72	3.26	95.30
15	0.75	0.72	3.30	95.23
16	0.78	0.76	3.42	95.04
17	0.80	0.76	3.40	95.04
18	1.75	1.65	5.93	90.67
19	1.80	1.63	5.96	90.61
20	1.86	1.67	6.02	90.44
21	1.87	1.65	6.01	90.47
22	1.93	1.63	6.04	90.40
23	2.02	1.67	6.18	90.13
24	2.03	1.69	6.22	90.06
25	2.09	1.68	6.30	89.92
26	2.09	1.65	6.24	90.02
27	2.19	1.63	6.29	89.89
28	2.33	1.66	6.55	89.46
29	2.43	1.74	6.78	89.05
30	2.42	1.69	6.77	89.12
31	2.41	1.63	6.79	89.16
32	2.47	1.57	6.89	89.07
33	2.49	1.50	6.93	89.08
34	2.53	1.51	6.99	88.97
35	2.56	1.49	7.16	88.79
36	2.61	1.49	7.33	88.58
37	2.67	1.50	7.51	88.32
38	2.73	1.53	7.67	88.07
39	2.72	1.53	7.80	87.95
40	2.76	1.51	7.85	87.88
41	2.80	1.51	7.87	87.82
42	2.83	1.51	7.90	87.76
43	2.86	1.52	7.88	87.74
44	2.89	1.52	7.92	87.68
45	2.96	1.56	8.01	87.48
46	3.02	1.58	8.19	87.21
47	3.10	1.59	8.20	87.11
48	3.17	1.59	8.18	87.07
49	3.24	1.61	8.15	87.01
50	3.29	1.61	8.09	87.01
51	3.38	1.61	8.12	86.89
52	3.43	1.69	8.19	86.70
53	3.44	1.67	8.22	86.68
54	3.52	1.69	8.30	86.50
55	2.48	1.36	7.84	88.32
56	2.68	1.36	7.00	88.96
57	3.10	1.47	7.43	87.99
58	3.44	1.58	7.86	87.12
59	3.66	1.66	8.23	86.45
60	3.79	1.73	8.39	86.08
61	3.75	1.70	8.38	86.17
62	3.82	1.73	8.40	86.05
63	3.87	1.73	8.54	85.85
64	3.88	1.71	8.54	85.87
65	3.87	1.68	8.47	85.98
66	3.96	1.74	8.68	85.63
67	3.92	1.72	8.66	85.70
68	3.93	1.62	8.41	86.04
69	3.99	1.56	8.20	86.25
70	3.98	1.49	8.01	86.52
71	4.00	1.48	7.94	86.58
72	4.08	1.47	7.91	86.55
73	4.10	1.53	8.04	86.33
74	4.01	1.55	8.07	86.37
75	3.97	1.50	7.95	86.58
76	4.03	1.49	8.00	86.49
77	4.05	1.53	8.16	86.25
78	4.01	1.45	8.08	86.45
79	4.08	1.48	8.12	86.32
80	4.10	1.45	8.15	86.30
81	4.14	1.49	8.22	86.15
82	4.17	1.45	8.13	86.24
83	4.21	1.45	8.11	86.24
84	4.31	1.48	8.19	86.01
85	4.38	1.45	8.15	86.02
86	4.54	1.54	8.36	85.57
87	4.61	1.53	8.35	85.50
88	4.77	1.54	8.38	85.31
89	4.91	1.55	8.39	85.15
90	5.07	1.58	8.48	84.87
91	5.32	1.64	8.66	84.38
92	5.52	1.65	8.69	84.14
93	5.74	1.61	8.66	83.99
94	6.07	1.66	8.82	83.45
95	6.32	1.59	8.77	83.32
96	6.65	1.53	8.68	83.14
97	7.01	1.47	8.61	82.90
98	7.37	1.35	8.53	82.75
99	7.72	1.29	8.52	82.47
100	8.05	1.40	8.41	82.14




