Parameters
	Library type	Paired-end
	Input files	KU328820-15_A_L003_R1_013.fastq	KU328820-15_A_L003_R2_013.fastq
	Primer/Adaptor library	Paired End DNA Library
	Cut-off read length for HQ	70%
	Cut-off quality score	20
	Only statistics	On
	Number of CPUs	2


QC statistics
	File name	KU328820-15_A_L003_R1_013.fastq	KU328820-15_A_L003_R2_013.fastq
	Total number of reads	4000000	4000000
	Total number of HQ reads	3736648	3736648
	Percentage of HQ reads	93.42%	93.42%
	Total number of bases	400000000	400000000
	Total number of bases in HQ reads	373664800	373664800
	Total number of HQ bases in HQ reads	368023310	367742409
	Percentage of HQ bases in HQ reads	98.49%	98.42%
	Number of Primer/Adaptor contaminated HQ reads	7	16
	Total number of HQ filtered reads	3736625	3736625
	Percentage of HQ filtered reads	93.42%	93.42%


Detailed QC statistics
	File name	KU328820-15_A_L003_R1_013.fastq	KU328820-15_A_L003_R2_013.fastq
	Minimum read length	100	100
	Maximum read length	100	100
	Average read length	100.00	100.00
	Total number of reads	4000000	4000000
	Total number of reads with non-ATGC bases	33032	33920
	Percentage of reads with non-ATGC bases	0.83%	0.85%
	Total number of bases	400000000	400000000
	Total number of HQ bases	386740187	383607536
	Percentage of HQ bases	96.69%	95.90%
	Total number of non-ATGC bases	767504	178765
	Percentage of non-ATGC bases	0.19%	0.04%


Average quality score at each base position of input reads

KU328820-15_A_L003_R1_013.fastq
32.40	32.63	32.70	36.18	36.08	36.06	36.06	36.06	37.70	37.72	37.71	37.71	37.70	39.15	39.12	39.09	39.07	39.02	39.03	39.01	38.97	38.94	38.90	38.84	38.81	38.73	38.66	38.61	38.56	38.45	38.42	38.38	38.28	38.18	38.15	38.09	38.01	37.93	37.85	37.75	37.68	37.60	37.79	37.82	37.80	37.69	37.65	37.59	37.56	37.46	37.51	37.54	37.47	37.40	37.35	37.25	37.17	37.08	36.88	36.77	36.62	36.52	36.37	36.28	36.11	35.96	35.77	35.58	35.36	34.91	34.76	34.58	34.36	33.78	33.78	32.63	33.18	33.37	33.38	33.26	33.12	32.95	32.78	32.57	32.40	32.25	32.10	31.97	31.82	31.66	31.48	31.36	31.20	31.04	30.85	30.66	30.51	30.30	30.07	28.54	

KU328820-15_A_L003_R2_013.fastq
36.36	36.38	36.33	36.37	31.81	32.09	32.12	35.54	35.54	35.57	35.57	35.56	37.17	37.18	37.15	37.05	37.08	38.47	38.43	38.36	38.39	38.35	38.30	38.33	38.24	38.27	38.17	38.21	38.14	38.12	38.09	37.98	37.94	37.86	37.87	37.79	37.73	37.68	37.63	37.49	37.45	37.44	37.37	37.27	37.21	37.35	37.30	37.29	37.22	37.17	37.12	37.03	37.00	36.87	35.73	36.17	36.53	36.67	36.69	36.59	36.53	36.41	36.25	36.20	36.09	35.91	35.85	35.86	35.78	35.66	35.51	35.36	35.17	35.04	34.85	34.66	34.49	34.28	34.06	33.89	33.68	33.46	33.24	33.03	32.85	32.71	32.55	32.39	32.22	32.04	31.88	31.70	31.59	31.44	31.24	31.11	30.93	30.78	30.65	30.50	





Read count (%) per base for different quality score ranges

	KU328820-15_A_L003_R1_013.fastq
Ranges	0-10	11-20	21-30	31-40
Base
1	0.19	0.32	8.73	90.77
2	0.09	0.37	8.04	91.51
3	0.09	0.28	7.94	91.69
4	0.08	0.25	2.39	97.27
5	0.13	0.33	2.96	96.58
6	0.11	0.39	3.00	96.50
7	0.11	0.39	2.98	96.52
8	0.11	0.39	2.96	96.53
9	0.14	0.45	3.30	96.11
10	0.14	0.43	3.19	96.24
11	0.15	0.44	3.23	96.19
12	0.14	0.43	3.21	96.22
13	0.14	0.43	3.22	96.20
14	0.32	0.92	5.24	93.52
15	0.34	0.93	5.34	93.39
16	0.35	0.95	5.39	93.30
17	0.37	0.97	5.40	93.26
18	0.45	0.99	5.47	93.09
19	0.43	1.09	5.63	92.86
20	0.44	1.03	5.63	92.91
21	0.47	1.05	5.74	92.74
22	0.50	1.04	5.74	92.73
23	0.52	1.04	5.78	92.66
24	0.59	1.11	6.10	92.20
25	0.63	1.09	6.04	92.25
26	0.86	1.15	6.08	91.90
27	0.94	1.20	6.19	91.66
28	0.99	1.20	6.25	91.56
29	1.06	1.19	6.35	91.41
30	1.15	1.22	6.63	91.00
31	1.17	1.20	6.67	90.95
32	1.18	1.19	6.77	90.86
33	1.28	1.22	7.07	90.42
34	1.33	1.27	7.32	90.08
35	1.33	1.24	7.28	90.15
36	1.38	1.25	7.34	90.03
37	1.44	1.28	7.47	89.81
38	1.49	1.29	7.53	89.69
39	1.54	1.31	7.58	89.56
40	1.60	1.36	7.71	89.33
41	1.64	1.35	7.78	89.23
42	1.67	1.36	7.78	89.19
43	1.67	1.37	7.89	89.07
44	1.74	1.36	7.90	89.00
45	1.83	1.40	7.89	88.88
46	1.93	1.48	8.11	88.47
47	1.95	1.49	8.14	88.43
48	2.02	1.48	8.16	88.33
49	2.05	1.50	8.10	88.35
50	2.12	1.54	8.21	88.12
51	2.11	1.50	8.13	88.26
52	2.14	1.45	7.92	88.48
53	2.23	1.47	7.99	88.31
54	2.31	1.49	8.00	88.20
55	2.34	1.47	8.01	88.18
56	2.42	1.49	8.07	88.03
57	2.46	1.47	8.02	88.05
58	2.50	1.46	8.06	87.98
59	2.64	1.54	8.38	87.45
60	2.67	1.54	8.45	87.35
61	2.76	1.57	8.55	87.12
62	2.77	1.54	8.56	87.13
63	2.84	1.56	8.67	86.92
64	2.85	1.53	8.63	86.99
65	2.93	1.56	8.77	86.74
66	2.98	1.53	8.78	86.71
67	3.09	1.56	8.93	86.42
68	3.18	1.57	9.05	86.21
69	3.35	1.60	9.18	85.87
70	3.96	1.73	9.65	84.66
71	3.97	1.69	9.72	84.62
72	4.05	1.68	9.72	84.55
73	4.10	1.73	9.93	84.25
74	4.35	2.07	11.35	82.23
75	4.38	1.88	10.68	83.07
76	4.11	2.15	15.00	78.75
77	4.16	1.79	11.54	82.51
78	4.29	1.72	10.40	83.59
79	4.35	1.66	9.95	84.04
80	4.44	1.65	9.73	84.17
81	4.52	1.66	9.70	84.12
82	4.64	1.70	9.69	83.97
83	4.76	1.69	9.73	83.82
84	4.97	1.78	9.93	83.32
85	5.07	1.84	10.07	83.02
86	5.21	1.87	10.14	82.78
87	5.39	1.88	10.22	82.51
88	5.56	1.89	10.28	82.27
89	5.76	1.93	10.32	81.99
90	6.03	1.95	10.46	81.56
91	6.32	2.04	10.68	80.96
92	6.58	1.99	10.66	80.77
93	6.94	2.00	10.68	80.38
94	7.30	1.98	10.74	79.97
95	7.77	1.97	10.83	79.43
96	8.28	1.92	10.91	78.90
97	8.79	1.75	10.73	78.73
98	9.43	1.61	10.62	78.34
99	10.19	1.50	10.40	77.92
100	11.40	3.48	17.65	67.48


	KU328820-15_A_L003_R2_013.fastq
Ranges	0-10	11-20	21-30	31-40
Base
1	1.63	0.28	0.17	97.91
2	1.63	0.30	0.17	97.91
3	1.42	0.60	0.28	97.70
4	1.35	0.62	0.19	97.84
5	1.12	0.92	11.92	86.05
6	0.94	0.88	10.48	87.71
7	0.99	0.89	10.41	87.72
8	0.99	0.87	4.23	93.91
9	0.99	0.87	4.19	93.95
10	0.83	0.98	4.08	94.11
11	0.84	0.98	4.10	94.09
12	0.85	0.97	4.10	94.08
13	0.89	0.99	4.17	93.95
14	0.88	0.97	4.14	94.00
15	0.92	0.98	4.17	93.93
16	1.00	1.05	4.43	93.52
17	0.97	1.03	4.30	93.70
18	1.91	1.97	6.65	89.47
19	1.95	1.98	6.78	89.29
20	2.06	2.05	6.91	88.99
21	1.99	1.94	6.71	89.35
22	2.10	1.92	6.78	89.20
23	2.28	2.11	7.15	88.46
24	2.20	2.03	6.96	88.80
25	2.32	2.09	7.21	88.38
26	2.28	2.00	7.03	88.69
27	2.42	2.00	7.18	88.39
28	2.51	1.97	7.33	88.19
29	2.59	1.96	7.49	87.96
30	2.60	1.92	7.47	88.01
31	2.62	1.87	7.52	87.98
32	2.75	1.84	7.78	87.62
33	2.80	1.81	7.80	87.58
34	2.85	1.82	8.03	87.29
35	2.82	1.76	8.05	87.37
36	2.91	1.76	8.31	87.03
37	2.95	1.76	8.48	86.81
38	2.94	1.76	8.59	86.71
39	3.00	1.73	8.62	86.65
40	3.15	1.81	8.99	86.05
41	3.14	1.82	8.98	86.06
42	3.11	1.76	8.89	86.23
43	3.19	1.76	8.96	86.09
44	3.28	1.82	9.05	85.85
45	3.30	1.82	9.05	85.83
46	3.35	1.82	9.17	85.66
47	3.45	1.84	9.26	85.45
48	3.49	1.83	9.14	85.54
49	3.61	1.88	9.23	85.29
50	3.67	1.90	9.22	85.20
51	3.75	1.86	9.14	85.25
52	3.84	1.93	9.23	85.01
53	3.82	1.92	9.21	85.05
54	3.93	1.97	9.38	84.72
55	2.93	1.66	9.23	86.18
56	3.17	1.67	8.26	86.91
57	3.54	1.76	8.59	86.12
58	3.86	1.82	8.93	85.39
59	4.06	1.87	9.11	84.96
60	4.22	1.92	9.30	84.56
61	4.25	1.94	9.29	84.53
62	4.32	1.96	9.38	84.34
63	4.43	2.00	9.61	83.97
64	4.37	1.92	9.50	84.22
65	4.40	1.92	9.55	84.13
66	4.50	1.98	9.71	83.82
67	4.47	1.97	9.77	83.79
68	4.47	1.84	9.37	84.31
69	4.56	1.78	9.25	84.41
70	4.59	1.77	9.20	84.45
71	4.63	1.74	9.17	84.46
72	4.70	1.71	9.11	84.47
73	4.72	1.76	9.23	84.30
74	4.63	1.76	9.15	84.46
75	4.67	1.75	9.18	84.39
76	4.73	1.74	9.25	84.29
77	4.72	1.69	9.29	84.30
78	4.77	1.72	9.32	84.19
79	4.81	1.73	9.41	84.04
80	4.84	1.70	9.41	84.05
81	4.91	1.73	9.43	83.93
82	5.00	1.75	9.52	83.73
83	5.12	1.80	9.66	83.42
84	5.22	1.84	9.80	83.14
85	5.31	1.84	9.82	83.02
86	5.40	1.81	9.71	83.07
87	5.52	1.80	9.67	83.01
88	5.69	1.81	9.65	82.85
89	5.85	1.83	9.70	82.62
90	6.08	1.87	9.77	82.29
91	6.29	1.89	9.78	82.05
92	6.57	1.92	9.93	81.58
93	6.77	1.84	9.77	81.62
94	7.10	1.81	9.71	81.39
95	7.49	1.83	9.86	80.82
96	7.85	1.73	9.68	80.73
97	8.31	1.69	9.68	80.32
98	8.72	1.56	9.68	80.05
99	9.10	1.46	9.60	79.84
100	9.46	1.58	9.38	79.59




