Parameters
	Library type	Paired-end
	Input files	KU328820-15_A_L003_R1_007.fastq	KU328820-15_A_L003_R2_007.fastq
	Primer/Adaptor library	Paired End DNA Library
	Cut-off read length for HQ	70%
	Cut-off quality score	20
	Only statistics	On
	Number of CPUs	2


QC statistics
	File name	KU328820-15_A_L003_R1_007.fastq	KU328820-15_A_L003_R2_007.fastq
	Total number of reads	4000000	4000000
	Total number of HQ reads	3692487	3692487
	Percentage of HQ reads	92.31%	92.31%
	Total number of bases	400000000	400000000
	Total number of bases in HQ reads	369248700	369248700
	Total number of HQ bases in HQ reads	362646453	360806674
	Percentage of HQ bases in HQ reads	98.21%	97.71%
	Number of Primer/Adaptor contaminated HQ reads	6	11
	Total number of HQ filtered reads	3692470	3692470
	Percentage of HQ filtered reads	92.31%	92.31%


Detailed QC statistics
	File name	KU328820-15_A_L003_R1_007.fastq	KU328820-15_A_L003_R2_007.fastq
	Minimum read length	100	100
	Maximum read length	100	100
	Average read length	100.00	100.00
	Total number of reads	4000000	4000000
	Total number of reads with non-ATGC bases	19551	10983
	Percentage of reads with non-ATGC bases	0.49%	0.27%
	Total number of bases	400000000	400000000
	Total number of HQ bases	384932490	378024317
	Percentage of HQ bases	96.23%	94.51%
	Total number of non-ATGC bases	122425	39531
	Percentage of non-ATGC bases	0.03%	0.01%


Average quality score at each base position of input reads

KU328820-15_A_L003_R1_007.fastq
31.95	32.24	32.27	35.86	35.74	35.75	35.74	35.72	37.28	37.31	37.28	37.25	37.24	38.58	38.59	38.44	38.44	38.44	38.44	38.46	38.47	38.41	38.39	38.36	38.36	38.22	38.06	38.03	37.93	37.94	37.88	37.74	37.75	37.66	37.52	37.47	37.51	37.40	37.33	37.27	37.09	37.03	37.23	37.19	37.14	37.11	37.05	37.02	36.96	36.89	36.93	36.86	36.69	36.70	36.71	36.62	36.54	36.35	36.20	36.07	36.04	35.87	35.74	35.61	35.37	35.26	35.04	34.95	34.73	34.40	34.26	34.15	33.93	33.30	33.35	32.21	32.79	33.07	32.95	32.90	32.80	32.64	32.48	32.30	32.13	31.90	31.74	31.69	31.52	31.11	31.04	31.04	31.03	30.78	30.58	30.28	30.11	29.92	29.69	28.23	

KU328820-15_A_L003_R2_007.fastq
36.56	36.54	36.50	36.55	31.24	31.41	31.53	34.92	34.91	34.99	34.99	35.00	36.49	36.48	36.41	36.39	36.46	37.58	37.57	37.63	37.52	37.49	37.53	37.42	37.43	37.48	37.36	37.37	37.20	37.08	37.17	37.02	37.08	36.89	36.93	36.75	36.68	36.72	36.79	36.68	36.57	36.38	36.36	36.30	36.19	36.29	36.35	36.33	36.05	36.19	36.16	36.03	36.02	35.91	34.83	35.26	35.59	35.79	35.75	35.64	35.57	35.45	35.39	35.37	35.04	34.94	34.83	34.76	34.54	34.52	34.44	34.35	34.09	34.01	33.88	33.69	33.40	33.31	33.16	32.93	32.67	32.44	32.29	32.20	31.95	31.75	31.56	31.37	31.09	30.92	30.75	30.66	30.47	30.33	30.07	29.88	29.65	29.52	29.32	29.08	





Read count (%) per base for different quality score ranges

	KU328820-15_A_L003_R1_007.fastq
Ranges	0-10	11-20	21-30	31-40
Base
1	0.21	0.45	12.67	86.67
2	0.14	0.38	11.28	88.20
3	0.16	0.41	11.34	88.08
4	0.14	0.38	3.57	95.91
5	0.24	0.49	4.22	95.05
6	0.17	0.56	4.12	95.14
7	0.17	0.57	4.19	95.07
8	0.18	0.60	4.28	94.94
9	0.22	0.66	4.54	94.58
10	0.20	0.62	4.42	94.75
11	0.22	0.65	4.52	94.61
12	0.23	0.66	4.62	94.49
13	0.24	0.67	4.59	94.50
14	0.41	1.16	6.31	92.12
15	0.41	1.14	6.18	92.27
16	0.50	1.32	6.71	91.47
17	0.49	1.28	6.68	91.54
18	0.49	1.27	6.61	91.63
19	0.56	1.35	6.83	91.25
20	0.53	1.28	6.67	91.53
21	0.53	1.22	6.57	91.68
22	0.57	1.27	6.78	91.38
23	0.59	1.26	6.76	91.38
24	0.63	1.29	6.93	91.14
25	0.64	1.23	6.84	91.30
26	0.96	1.37	6.97	90.70
27	1.12	1.53	7.43	89.92
28	1.16	1.48	7.43	89.93
29	1.28	1.53	7.70	89.48
30	1.23	1.43	7.64	89.70
31	1.32	1.44	7.86	89.39
32	1.46	1.54	8.27	88.74
33	1.39	1.44	8.18	88.99
34	1.47	1.49	8.47	88.57
35	1.60	1.58	8.83	87.99
36	1.61	1.59	8.94	87.85
37	1.53	1.49	8.71	88.28
38	1.65	1.54	8.93	87.88
39	1.71	1.55	8.98	87.75
40	1.72	1.58	9.02	87.68
41	1.90	1.67	9.26	87.16
42	1.89	1.68	9.35	87.08
43	1.85	1.64	9.32	87.18
44	1.97	1.69	9.44	86.91
45	2.09	1.74	9.51	86.66
46	2.13	1.76	9.55	86.57
47	2.20	1.79	9.59	86.41
48	2.25	1.79	9.57	86.39
49	2.31	1.81	9.60	86.28
50	2.37	1.83	9.65	86.15
51	2.32	1.80	9.62	86.26
52	2.44	1.83	9.65	86.08
53	2.63	1.93	9.98	85.46
54	2.58	1.87	9.77	85.78
55	2.59	1.81	9.59	86.01
56	2.68	1.80	9.68	85.84
57	2.71	1.81	9.66	85.81
58	2.87	1.89	9.94	85.30
59	2.98	1.93	10.14	84.96
60	3.02	1.94	10.29	84.74
61	2.99	1.87	10.11	85.04
62	3.13	1.93	10.33	84.61
63	3.17	1.92	10.41	84.50
64	3.24	1.93	10.46	84.37
65	3.38	2.04	10.83	83.75
66	3.41	1.99	10.79	83.81
67	3.51	2.08	11.17	83.24
68	3.50	1.99	11.05	83.46
69	3.66	2.04	11.30	83.00
70	4.09	2.09	11.49	82.34
71	4.19	2.04	11.50	82.28
72	4.20	1.97	11.34	82.50
73	4.03	2.33	11.64	82.00
74	4.60	2.55	13.20	79.65
75	4.31	2.50	12.68	80.51
76	4.05	2.78	17.52	75.65
77	4.07	2.21	14.03	79.69
78	4.12	2.00	12.40	81.47
79	4.39	2.12	12.17	81.32
80	4.41	2.07	11.85	81.68
81	4.44	2.02	11.69	81.85
82	4.58	2.03	11.65	81.74
83	4.69	2.06	11.71	81.55
84	4.91	2.07	11.72	81.31
85	5.01	2.17	11.89	80.92
86	5.28	2.29	12.21	80.22
87	5.50	2.32	12.34	79.84
88	5.58	2.20	12.04	80.18
89	5.85	2.25	12.13	79.78
90	6.43	2.67	13.11	77.79
91	6.58	2.60	12.99	77.83
92	6.72	2.34	12.51	78.42
93	6.96	2.10	11.89	79.04
94	7.51	2.21	12.09	78.19
95	8.04	2.20	12.14	77.61
96	8.74	2.27	12.49	76.50
97	9.31	2.09	12.34	76.26
98	9.98	1.86	12.13	76.03
99	10.78	1.69	11.75	75.78
100	12.05	3.63	18.38	65.94


	KU328820-15_A_L003_R2_007.fastq
Ranges	0-10	11-20	21-30	31-40
Base
1	1.05	0.27	0.18	98.50
2	1.09	0.30	0.22	98.39
3	0.85	0.60	0.34	98.21
4	0.81	0.60	0.20	98.39
5	1.59	1.28	16.24	80.89
6	1.53	1.38	14.93	82.16
7	1.41	1.32	14.41	82.86
8	1.56	1.35	6.21	90.89
9	1.54	1.36	6.24	90.86
10	1.22	1.55	5.90	91.33
11	1.22	1.53	5.92	91.33
12	1.22	1.49	5.88	91.41
13	1.28	1.51	5.97	91.23
14	1.29	1.50	5.97	91.23
15	1.36	1.56	6.13	90.95
16	1.37	1.57	6.14	90.93
17	1.32	1.48	5.94	91.27
18	2.32	2.56	8.19	86.92
19	2.32	2.54	8.13	87.01
20	2.26	2.39	7.91	87.43
21	2.41	2.52	8.21	86.85
22	2.43	2.53	8.26	86.78
23	2.53	2.57	8.35	86.55
24	2.66	2.64	8.64	86.06
25	2.62	2.56	8.52	86.29
26	2.58	2.41	8.30	86.71
27	2.76	2.52	8.61	86.11
28	2.83	2.49	8.75	85.93
29	3.04	2.62	9.19	85.16
30	3.16	2.64	9.39	84.81
31	3.05	2.42	9.16	85.37
32	3.31	2.45	9.58	84.65
33	3.19	2.29	9.50	85.02
34	3.45	2.38	9.92	84.24
35	3.35	2.24	9.88	84.53
36	3.57	2.35	10.41	83.66
37	3.63	2.36	10.61	83.41
38	3.55	2.28	10.63	83.55
39	3.41	2.15	10.47	83.98
40	3.59	2.20	10.65	83.57
41	3.72	2.25	10.84	83.19
42	3.97	2.38	11.16	82.49
43	3.86	2.36	11.17	82.61
44	3.92	2.35	11.15	82.58
45	4.04	2.41	11.27	82.28
46	4.05	2.42	11.38	82.15
47	4.02	2.34	11.27	82.36
48	4.17	2.33	11.15	82.36
49	4.59	2.58	11.63	81.20
50	4.31	2.39	11.26	82.04
51	4.36	2.35	11.19	82.10
52	4.56	2.42	11.34	81.68
53	4.54	2.41	11.29	81.76
54	4.69	2.46	11.35	81.50
55	3.86	2.29	11.92	81.94
56	3.83	2.09	10.54	83.54
57	4.29	2.18	10.57	82.96
58	4.55	2.22	10.74	82.49
59	4.84	2.32	11.03	81.80
60	5.02	2.42	11.28	81.28
61	5.07	2.42	11.28	81.22
62	5.17	2.43	11.39	81.01
63	5.19	2.36	11.36	81.09
64	5.15	2.26	11.18	81.41
65	5.49	2.50	11.72	80.30
66	5.44	2.47	11.73	80.37
67	5.46	2.51	11.94	80.09
68	5.56	2.45	11.79	80.20
69	5.77	2.57	12.06	79.60
70	5.70	2.43	11.87	80.00
71	5.69	2.34	11.74	80.23
72	5.69	2.28	11.58	80.44
73	5.93	2.38	11.80	79.89
74	5.81	2.28	11.70	80.21
75	5.81	2.23	11.67	80.29
76	5.91	2.23	11.70	80.16
77	6.07	2.35	12.04	79.54
78	5.99	2.24	11.87	79.91
79	6.01	2.17	11.75	80.07
80	6.15	2.21	11.89	79.75
81	6.33	2.31	12.08	79.27
82	6.47	2.38	12.31	78.84
83	6.52	2.34	12.22	78.92
84	6.55	2.21	11.95	79.29
85	6.78	2.30	12.14	78.78
86	6.98	2.33	12.21	78.48
87	7.19	2.35	12.23	78.23
88	7.42	2.40	12.24	77.93
89	7.78	2.54	12.64	77.05
90	8.06	2.56	12.57	76.81
91	8.33	2.55	12.64	76.48
92	8.56	2.40	12.35	76.69
93	9.00	2.39	12.28	76.33
94	9.37	2.30	12.06	76.27
95	9.96	2.35	12.18	75.51
96	10.47	2.24	12.12	75.16
97	11.10	2.18	12.04	74.68
98	11.62	1.93	11.75	74.70
99	12.18	1.86	11.71	74.25
100	12.66	2.13	11.76	73.44




