Parameters
	Library type	Paired-end
	Input files	KU328820-15_A_L003_R1_047.fastq	KU328820-15_A_L003_R2_047.fastq
	Primer/Adaptor library	Paired End DNA Library
	Cut-off read length for HQ	70%
	Cut-off quality score	20
	Only statistics	On
	Number of CPUs	2


QC statistics
	File name	KU328820-15_A_L003_R1_047.fastq	KU328820-15_A_L003_R2_047.fastq
	Total number of reads	4000000	4000000
	Total number of HQ reads	3681913	3681913
	Percentage of HQ reads	92.05%	92.05%
	Total number of bases	400000000	400000000
	Total number of bases in HQ reads	368191300	368191300
	Total number of HQ bases in HQ reads	361223938	359152537
	Percentage of HQ bases in HQ reads	98.11%	97.55%
	Number of Primer/Adaptor contaminated HQ reads	3	9
	Total number of HQ filtered reads	3681901	3681901
	Percentage of HQ filtered reads	92.05%	92.05%


Detailed QC statistics
	File name	KU328820-15_A_L003_R1_047.fastq	KU328820-15_A_L003_R2_047.fastq
	Minimum read length	100	100
	Maximum read length	100	100
	Average read length	100.00	100.00
	Total number of reads	4000000	4000000
	Total number of reads with non-ATGC bases	2986	3484
	Percentage of reads with non-ATGC bases	0.07%	0.09%
	Total number of bases	400000000	400000000
	Total number of HQ bases	384007460	376907057
	Percentage of HQ bases	96.00%	94.23%
	Total number of non-ATGC bases	6596	65998
	Percentage of non-ATGC bases	0.00%	0.02%


Average quality score at each base position of input reads

KU328820-15_A_L003_R1_047.fastq
31.72	32.04	32.18	35.85	35.72	35.73	35.69	35.63	37.37	36.98	37.15	36.98	37.05	38.42	38.44	38.42	38.40	38.39	38.46	38.46	38.47	38.12	38.20	38.30	38.20	38.12	38.11	38.00	37.96	37.89	37.87	37.70	37.68	37.46	37.46	37.47	37.34	37.18	36.92	37.01	36.69	36.61	36.97	37.10	37.18	37.08	37.01	37.04	36.68	36.70	36.82	36.84	36.85	36.83	36.73	36.66	36.51	36.38	36.33	36.18	36.06	35.83	35.69	35.55	35.44	35.27	35.09	34.89	34.76	34.67	34.45	34.31	34.04	33.74	33.65	32.72	33.02	33.01	33.03	32.98	32.75	32.56	32.33	32.16	32.02	31.80	31.62	31.49	31.37	31.20	31.02	30.89	30.73	30.53	30.29	30.15	29.97	29.73	29.48	28.00	

KU328820-15_A_L003_R2_047.fastq
35.35	35.55	36.45	36.42	30.50	31.09	31.23	34.84	34.83	34.70	34.73	34.78	36.43	36.17	36.23	36.18	36.26	37.54	37.38	37.44	37.38	37.43	37.47	37.46	37.20	37.27	37.34	37.38	36.96	37.10	37.01	37.00	36.98	36.96	36.71	36.73	36.75	36.71	36.73	36.35	36.38	36.48	36.44	36.30	36.30	36.34	36.37	36.00	36.21	36.13	36.09	36.18	36.14	36.02	35.01	35.39	35.56	35.35	35.66	35.55	35.51	35.38	35.04	34.75	34.77	34.74	34.68	34.68	34.64	34.55	34.33	34.23	34.17	33.94	33.81	33.72	33.48	33.35	33.20	32.91	32.70	32.57	32.38	32.10	31.80	31.63	31.52	31.34	30.81	30.75	30.71	30.56	30.46	30.24	30.05	29.86	29.68	29.49	29.39	29.21	





Read count (%) per base for different quality score ranges

	KU328820-15_A_L003_R1_047.fastq
Ranges	0-10	11-20	21-30	31-40
Base
1	0.61	0.89	13.38	85.12
2	0.17	0.98	12.21	86.64
3	0.16	0.56	12.16	87.12
4	0.12	0.42	3.46	95.99
5	0.20	0.53	4.24	95.03
6	0.17	0.58	4.17	95.08
7	0.19	0.63	4.41	94.77
8	0.23	0.70	4.64	94.44
9	0.18	0.57	4.18	95.07
10	0.75	1.33	4.52	93.40
11	0.21	1.08	4.72	94.00
12	0.60	1.23	4.66	93.51
13	0.26	1.16	4.98	93.61
14	0.43	1.48	6.55	91.54
15	0.45	1.41	6.52	91.62
16	0.50	1.38	6.61	91.51
17	0.51	1.38	6.69	91.41
18	0.51	1.33	6.66	91.51
19	0.52	1.31	6.73	91.44
20	0.53	1.29	6.65	91.53
21	0.53	1.23	6.57	91.67
22	1.22	1.95	7.12	89.71
23	0.65	1.78	7.21	90.36
24	0.67	1.41	6.94	90.98
25	0.75	1.45	7.26	90.54
26	1.07	1.50	7.16	90.28
27	1.11	1.48	7.16	90.25
28	1.24	1.53	7.43	89.80
29	1.29	1.47	7.57	89.67
30	1.37	1.48	7.77	89.38
31	1.38	1.43	7.79	89.39
32	1.56	1.53	8.27	88.64
33	1.57	1.50	8.32	88.62
34	1.77	1.68	8.93	87.62
35	1.68	1.62	8.90	87.80
36	1.66	1.54	8.81	88.00
37	1.87	1.63	8.91	87.59
38	1.93	1.78	9.34	86.96
39	2.53	2.13	9.40	85.94
40	1.96	2.03	9.60	86.41
41	2.62	2.14	9.79	85.44
42	2.66	2.41	9.75	85.18
43	2.02	2.15	10.02	85.80
44	2.10	1.88	9.51	86.52
45	2.14	1.77	9.20	86.89
46	2.29	1.82	9.42	86.46
47	2.36	1.81	9.54	86.29
48	2.34	1.74	9.34	86.57
49	3.17	2.12	9.66	85.06
50	2.58	2.33	9.96	85.13
51	2.52	1.93	9.92	85.63
52	2.62	1.86	9.59	85.93
53	2.68	1.81	9.42	86.10
54	2.75	1.74	9.29	86.22
55	2.83	1.82	9.45	85.90
56	2.90	1.79	9.43	85.87
57	3.01	1.84	9.65	85.50
58	3.09	1.90	9.74	85.26
59	3.10	1.80	9.71	85.40
60	3.19	1.84	9.86	85.12
61	3.24	1.84	9.91	85.01
62	3.38	1.93	10.29	84.40
63	3.43	1.97	10.40	84.20
64	3.52	1.98	10.46	84.05
65	3.55	1.95	10.48	84.02
66	3.63	1.97	10.64	83.75
67	3.73	1.99	10.78	83.50
68	3.82	2.05	11.01	83.13
69	3.83	2.01	11.03	83.12
70	3.80	1.90	10.89	83.41
71	3.95	1.96	11.07	83.03
72	3.95	1.93	11.05	83.07
73	4.12	1.99	11.41	82.48
74	4.30	2.14	11.86	81.70
75	4.26	2.05	11.69	82.00
76	4.09	2.21	15.07	78.63
77	4.22	2.02	12.78	80.99
78	4.47	2.09	12.22	81.22
79	4.44	1.96	11.70	81.89
80	4.50	1.88	11.22	82.40
81	4.70	2.00	11.41	81.89
82	4.86	2.05	11.51	81.58
83	5.05	2.15	11.82	80.98
84	5.21	2.15	11.85	80.79
85	5.34	2.19	11.88	80.59
86	5.60	2.29	12.16	79.96
87	5.80	2.34	12.39	79.48
88	6.01	2.34	12.33	79.31
89	6.23	2.32	12.29	79.16
90	6.53	2.36	12.37	78.75
91	6.88	2.42	12.53	78.17
92	7.18	2.37	12.44	78.01
93	7.59	2.34	12.41	77.66
94	8.07	2.36	12.56	77.01
95	8.63	2.39	12.72	76.26
96	9.15	2.21	12.45	76.20
97	9.78	2.01	12.23	75.97
98	10.52	1.86	12.16	75.46
99	11.36	1.75	11.87	75.02
100	12.55	3.70	18.92	64.83


	KU328820-15_A_L003_R2_047.fastq
Ranges	0-10	11-20	21-30	31-40
Base
1	0.76	0.44	0.35	98.45
2	1.00	0.31	0.28	98.42
3	0.87	0.44	0.38	98.32
4	0.70	1.09	0.33	97.88
5	2.24	2.17	21.09	74.51
6	1.58	1.65	16.91	79.86
7	1.69	1.53	15.85	80.92
8	1.64	1.43	6.18	90.75
9	1.71	1.43	6.24	90.62
10	1.71	2.12	6.11	90.07
11	1.47	2.11	6.45	89.97
12	1.47	1.82	6.32	90.39
13	1.35	1.62	5.89	91.13
14	1.85	2.00	6.08	90.06
15	1.44	2.09	6.35	90.12
16	1.72	1.98	6.09	90.21
17	1.48	1.89	6.29	90.35
18	2.40	2.70	8.06	86.85
19	2.97	3.13	8.07	85.83
20	2.50	2.98	8.26	86.26
21	2.64	2.83	8.37	86.16
22	2.59	2.68	8.15	86.57
23	2.73	2.72	8.38	86.16
24	2.72	2.65	8.42	86.21
25	3.33	3.14	8.64	84.90
26	2.83	2.96	8.88	85.32
27	2.86	2.53	8.52	86.09
28	2.98	2.50	8.79	85.74
29	4.01	3.21	9.10	83.68
30	3.12	3.04	9.52	84.31
31	3.41	2.69	9.47	84.42
32	3.44	2.57	9.52	84.47
33	3.45	2.44	9.62	84.50
34	3.45	2.33	9.74	84.48
35	4.05	2.69	10.09	83.18
36	3.63	2.62	10.50	83.25
37	3.65	2.41	10.47	83.46
38	3.66	2.39	10.60	83.35
39	3.64	2.31	10.56	83.49
40	4.47	2.77	10.98	81.77
41	3.87	2.85	11.42	81.86
42	3.79	2.37	11.15	82.69
43	3.92	2.33	10.94	82.81
44	4.11	2.39	11.13	82.37
45	4.07	2.34	11.05	82.55
46	4.14	2.39	11.31	82.16
47	4.18	2.35	11.16	82.31
48	5.23	2.78	11.35	80.64
49	4.27	2.88	11.54	81.31
50	4.55	2.56	11.57	81.32
51	4.62	2.52	11.35	81.51
52	4.49	2.37	11.09	82.05
53	4.61	2.36	11.02	82.01
54	4.76	2.39	11.11	81.75
55	3.95	2.23	11.45	82.38
56	4.08	2.14	10.43	83.35
57	4.65	2.30	10.78	82.27
58	5.72	2.74	11.28	80.27
59	4.83	2.69	11.37	81.10
60	5.14	2.53	11.45	80.88
61	5.19	2.49	11.28	81.04
62	5.35	2.49	11.37	80.79
63	5.95	2.82	11.69	79.54
64	6.25	3.11	12.01	78.63
65	5.76	3.20	12.08	78.96
66	5.59	2.88	12.23	79.30
67	5.64	2.76	12.17	79.43
68	5.65	2.58	11.91	79.86
69	5.71	2.46	11.74	80.09
70	5.75	2.42	11.60	80.23
71	5.93	2.46	11.85	79.75
72	5.94	2.38	11.73	79.95
73	5.87	2.30	11.52	80.31
74	5.99	2.32	11.75	79.93
75	5.99	2.28	11.69	80.04
76	5.98	2.17	11.50	80.35
77	6.10	2.23	11.67	80.00
78	6.06	2.18	11.58	80.19
79	6.10	2.11	11.48	80.31
80	6.31	2.23	11.77	79.69
81	6.38	2.25	11.85	79.52
82	6.42	2.19	11.76	79.63
83	6.57	2.17	11.68	79.59
84	6.79	2.30	11.97	78.95
85	7.03	2.44	12.43	78.09
86	7.19	2.44	12.42	77.95
87	7.31	2.36	12.16	78.17
88	7.55	2.35	12.16	77.93
89	8.66	2.75	12.48	76.10
90	8.25	2.97	12.79	75.98
91	8.44	2.61	12.59	76.36
92	8.75	2.53	12.46	76.26
93	9.05	2.38	12.15	76.42
94	9.52	2.39	12.23	75.85
95	10.02	2.35	12.18	75.44
96	10.57	2.25	12.07	75.12
97	11.13	2.12	11.82	74.94
98	11.66	2.01	11.84	74.50
99	12.10	1.75	11.49	74.66
100	12.54	1.99	11.23	74.24




