Parameters
	Library type	Paired-end
	Input files	KU328820-15_A_L003_R1_036.fastq	KU328820-15_A_L003_R2_036.fastq
	Primer/Adaptor library	Paired End DNA Library
	Cut-off read length for HQ	70%
	Cut-off quality score	20
	Only statistics	On
	Number of CPUs	2


QC statistics
	File name	KU328820-15_A_L003_R1_036.fastq	KU328820-15_A_L003_R2_036.fastq
	Total number of reads	4000000	4000000
	Total number of HQ reads	3767255	3767255
	Percentage of HQ reads	94.18%	94.18%
	Total number of bases	400000000	400000000
	Total number of bases in HQ reads	376725500	376725500
	Total number of HQ bases in HQ reads	371457408	371410453
	Percentage of HQ bases in HQ reads	98.60%	98.59%
	Number of Primer/Adaptor contaminated HQ reads	2	18
	Total number of HQ filtered reads	3767235	3767235
	Percentage of HQ filtered reads	94.18%	94.18%


Detailed QC statistics
	File name	KU328820-15_A_L003_R1_036.fastq	KU328820-15_A_L003_R2_036.fastq
	Minimum read length	100	100
	Maximum read length	100	100
	Average read length	100.00	100.00
	Total number of reads	4000000	4000000
	Total number of reads with non-ATGC bases	6237	7122
	Percentage of reads with non-ATGC bases	0.16%	0.18%
	Total number of bases	400000000	400000000
	Total number of HQ bases	387787741	385318885
	Percentage of HQ bases	96.95%	96.33%
	Total number of non-ATGC bases	26125	145336
	Percentage of non-ATGC bases	0.01%	0.04%


Average quality score at each base position of input reads

KU328820-15_A_L003_R1_036.fastq
32.44	32.71	32.77	36.23	36.14	36.12	36.11	36.12	37.86	37.84	37.83	37.81	37.80	39.25	39.23	39.16	39.19	39.16	39.20	39.14	39.14	39.11	39.05	39.01	38.97	38.91	38.84	38.77	38.69	38.64	38.59	38.49	38.42	38.38	38.32	38.22	38.16	38.07	38.01	37.91	37.82	37.73	37.90	37.92	37.90	37.86	37.77	37.72	37.64	37.53	37.58	37.65	37.60	37.53	37.43	37.35	37.22	37.13	37.07	36.94	36.78	36.66	36.51	36.34	36.19	36.02	35.87	35.73	35.55	35.40	35.25	35.08	34.87	34.65	34.44	33.53	33.84	33.94	33.83	33.68	33.50	33.34	33.14	32.97	32.81	32.68	32.52	32.37	32.19	32.02	31.88	31.73	31.61	31.46	31.28	31.12	30.96	30.74	30.54	29.10	

KU328820-15_A_L003_R2_036.fastq
36.63	36.63	36.60	36.61	31.81	32.16	32.28	35.72	35.69	35.68	35.72	35.72	37.42	37.41	37.38	37.35	37.33	38.74	38.74	38.71	38.70	38.67	38.69	38.65	38.59	38.59	38.53	38.51	38.46	38.42	38.35	38.29	38.23	38.21	38.13	38.08	38.04	37.97	37.94	37.91	37.85	37.78	37.71	37.64	37.59	37.70	37.66	37.65	37.61	37.56	37.51	37.41	37.35	37.30	36.29	36.66	36.94	37.00	36.95	36.92	36.81	36.70	36.61	36.46	36.35	36.23	36.22	36.21	36.08	35.95	35.83	35.64	35.50	35.37	35.17	34.99	34.85	34.65	34.45	34.25	33.96	33.81	33.61	33.39	33.24	33.08	32.91	32.73	32.53	32.39	32.23	32.09	31.94	31.77	31.65	31.47	31.32	31.18	31.00	30.86	





Read count (%) per base for different quality score ranges

	KU328820-15_A_L003_R1_036.fastq
Ranges	0-10	11-20	21-30	31-40
Base
1	0.18	0.35	8.24	91.24
2	0.08	0.35	7.32	92.25
3	0.08	0.28	7.33	92.31
4	0.08	0.26	2.16	97.50
5	0.12	0.33	2.66	96.89
6	0.11	0.40	2.72	96.77
7	0.12	0.40	2.75	96.73
8	0.12	0.39	2.70	96.79
9	0.12	0.41	2.75	96.72
10	0.13	0.42	2.80	96.66
11	0.13	0.41	2.84	96.62
12	0.14	0.42	2.87	96.58
13	0.14	0.42	2.89	96.55
14	0.34	0.97	5.08	93.61
15	0.36	0.98	5.12	93.54
16	0.43	1.08	5.29	93.19
17	0.37	1.00	5.06	93.57
18	0.39	1.00	5.14	93.47
19	0.43	1.01	5.22	93.34
20	0.45	1.05	5.39	93.10
21	0.46	1.00	5.28	93.26
22	0.49	1.01	5.32	93.18
23	0.54	1.02	5.38	93.06
24	0.62	1.08	5.66	92.64
25	0.66	1.08	5.73	92.53
26	0.89	1.12	5.62	92.37
27	0.97	1.16	5.72	92.15
28	1.07	1.17	5.91	91.85
29	1.15	1.19	6.05	91.61
30	1.19	1.16	6.11	91.54
31	1.26	1.15	6.24	91.35
32	1.35	1.18	6.50	90.97
33	1.39	1.20	6.66	90.75
34	1.41	1.18	6.72	90.69
35	1.46	1.20	6.79	90.56
36	1.56	1.22	6.99	90.23
37	1.59	1.24	6.97	90.20
38	1.66	1.25	7.10	89.99
39	1.69	1.26	7.11	89.94
40	1.77	1.29	7.16	89.79
41	1.82	1.32	7.29	89.57
42	1.87	1.33	7.32	89.48
43	1.93	1.35	7.50	89.21
44	2.02	1.36	7.51	89.12
45	2.10	1.39	7.48	89.03
46	2.16	1.40	7.48	88.97
47	2.27	1.44	7.66	88.63
48	2.29	1.44	7.63	88.63
49	2.37	1.47	7.71	88.44
50	2.52	1.52	7.75	88.21
51	2.49	1.52	7.74	88.25
52	2.50	1.44	7.52	88.54
53	2.60	1.44	7.52	88.45
54	2.71	1.42	7.51	88.36
55	2.83	1.46	7.60	88.12
56	2.79	1.53	7.62	88.06
57	2.86	1.56	7.75	87.83
58	2.89	1.51	7.79	87.81
59	2.97	1.43	7.68	87.92
60	3.03	1.44	7.72	87.80
61	3.07	1.52	7.93	87.48
62	3.07	1.54	7.94	87.44
63	3.14	1.52	8.09	87.25
64	3.21	1.56	8.23	87.00
65	3.23	1.55	8.35	86.86
66	3.29	1.57	8.43	86.71
67	3.32	1.58	8.50	86.60
68	3.34	1.54	8.49	86.63
69	3.39	1.54	8.57	86.50
70	3.41	1.52	8.51	86.57
71	3.40	1.52	8.55	86.53
72	3.45	1.48	8.55	86.53
73	3.50	1.49	8.70	86.31
74	3.57	1.52	8.89	86.02
75	3.64	1.55	8.97	85.85
76	3.42	1.65	11.73	83.21
77	3.49	1.48	9.63	85.40
78	3.60	1.43	8.90	86.08
79	3.71	1.46	8.71	86.11
80	3.81	1.48	8.69	86.01
81	3.90	1.54	8.72	85.85
82	3.97	1.51	8.75	85.78
83	4.12	1.54	8.88	85.46
84	4.25	1.58	8.96	85.22
85	4.35	1.64	9.04	84.96
86	4.47	1.65	9.04	84.84
87	4.63	1.67	9.18	84.52
88	4.82	1.69	9.31	84.18
89	5.05	1.77	9.51	83.67
90	5.29	1.82	9.70	83.19
91	5.53	1.83	9.78	82.86
92	5.80	1.86	9.89	82.45
93	6.07	1.82	9.91	82.20
94	6.42	1.80	9.95	81.83
95	6.84	1.79	10.06	81.31
96	7.30	1.73	10.02	80.95
97	7.79	1.61	9.91	80.69
98	8.38	1.53	9.99	80.10
99	9.06	1.40	9.74	79.80
100	10.11	3.11	16.70	70.08


	KU328820-15_A_L003_R2_036.fastq
Ranges	0-10	11-20	21-30	31-40
Base
1	0.94	0.28	0.15	98.63
2	0.97	0.29	0.15	98.59
3	0.66	0.61	0.23	98.50
4	0.67	0.59	0.20	98.54
5	0.96	0.84	11.42	86.77
6	0.87	0.73	9.31	89.09
7	0.93	0.71	8.90	89.46
8	0.95	0.67	3.42	94.96
9	1.00	0.70	3.55	94.74
10	0.91	0.84	3.55	94.70
11	0.85	0.82	3.42	94.91
12	0.82	0.84	3.42	94.92
13	0.82	0.84	3.39	94.95
14	0.84	0.78	3.42	94.95
15	0.87	0.78	3.50	94.84
16	0.90	0.80	3.56	94.74
17	0.93	0.81	3.61	94.65
18	1.99	1.75	6.14	90.11
19	2.01	1.72	6.10	90.17
20	2.07	1.73	6.15	90.05
21	2.12	1.69	6.10	90.10
22	2.20	1.68	6.13	89.99
23	2.28	1.72	6.35	89.65
24	2.34	1.72	6.35	89.59
25	2.38	1.76	6.47	89.39
26	2.40	1.70	6.35	89.55
27	2.45	1.71	6.50	89.34
28	2.61	1.73	6.74	88.93
29	2.62	1.75	6.83	88.79
30	2.71	1.68	6.85	88.77
31	2.71	1.72	6.96	88.60
32	2.81	1.63	7.05	88.51
33	2.85	1.65	7.23	88.27
34	2.83	1.58	7.30	88.28
35	2.93	1.60	7.50	87.97
36	2.93	1.60	7.66	87.80
37	2.92	1.59	7.80	87.69
38	2.99	1.62	7.92	87.47
39	2.99	1.58	8.02	87.41
40	3.01	1.56	7.98	87.46
41	3.07	1.56	8.04	87.33
42	3.15	1.59	8.14	87.13
43	3.18	1.61	8.19	87.02
44	3.20	1.60	8.23	86.98
45	3.21	1.61	8.14	87.04
46	3.29	1.62	8.36	86.73
47	3.38	1.65	8.39	86.58
48	3.46	1.62	8.30	86.62
49	3.54	1.66	8.32	86.48
50	3.60	1.66	8.30	86.45
51	3.68	1.65	8.29	86.39
52	3.74	1.73	8.43	86.10
53	3.76	1.74	8.43	86.07
54	3.80	1.72	8.38	86.09
55	2.82	1.40	7.84	87.95
56	3.00	1.44	7.22	88.34
57	3.47	1.59	7.78	87.15
58	3.81	1.68	8.24	86.27
59	3.99	1.74	8.52	85.74
60	4.03	1.75	8.47	85.74
61	4.11	1.77	8.59	85.53
62	4.14	1.79	8.63	85.44
63	4.17	1.76	8.70	85.38
64	4.23	1.78	8.87	85.12
65	4.22	1.80	8.86	85.12
66	4.25	1.79	8.87	85.10
67	4.22	1.76	8.80	85.22
68	4.28	1.62	8.49	85.61
69	4.35	1.63	8.49	85.53
70	4.39	1.63	8.41	85.57
71	4.39	1.57	8.37	85.67
72	4.52	1.56	8.34	85.58
73	4.41	1.65	8.31	85.63
74	4.36	1.60	8.27	85.77
75	4.39	1.58	8.37	85.66
76	4.38	1.56	8.37	85.69
77	4.35	1.49	8.27	85.89
78	4.37	1.47	8.24	85.91
79	4.39	1.48	8.29	85.83
80	4.44	1.49	8.28	85.79
81	4.55	1.59	8.63	85.23
82	4.55	1.55	8.51	85.40
83	4.64	1.56	8.53	85.27
84	4.75	1.62	8.64	84.99
85	4.80	1.58	8.60	85.02
86	4.89	1.58	8.61	84.92
87	5.01	1.58	8.58	84.82
88	5.16	1.59	8.62	84.62
89	5.36	1.67	8.81	84.17
90	5.50	1.66	8.82	84.02
91	5.72	1.67	8.87	83.74
92	5.93	1.66	8.85	83.57
93	6.18	1.65	8.85	83.33
94	6.49	1.66	8.92	82.93
95	6.77	1.59	8.81	82.83
96	7.15	1.56	8.85	82.44
97	7.55	1.49	8.77	82.20
98	7.92	1.39	8.74	81.94
99	8.31	1.38	8.92	81.39
100	8.66	1.48	8.77	81.10




