Parameters
	Library type	Paired-end
	Input files	KU328820-15_A_L003_R1_048.fastq	KU328820-15_A_L003_R2_048.fastq
	Primer/Adaptor library	Paired End DNA Library
	Cut-off read length for HQ	70%
	Cut-off quality score	20
	Only statistics	On
	Number of CPUs	2


QC statistics
	File name	KU328820-15_A_L003_R1_048.fastq	KU328820-15_A_L003_R2_048.fastq
	Total number of reads	1990234	1990234
	Total number of HQ reads	1803438	1803438
	Percentage of HQ reads	90.61%	90.61%
	Total number of bases	199023400	199023400
	Total number of bases in HQ reads	180343800	180343800
	Total number of HQ bases in HQ reads	176654973	174971530
	Percentage of HQ bases in HQ reads	97.95%	97.02%
	Number of Primer/Adaptor contaminated HQ reads	2	2
	Total number of HQ filtered reads	1803434	1803434
	Percentage of HQ filtered reads	90.61%	90.61%


Detailed QC statistics
	File name	KU328820-15_A_L003_R1_048.fastq	KU328820-15_A_L003_R2_048.fastq
	Minimum read length	100	100
	Maximum read length	100	100
	Average read length	100.00	100.00
	Total number of reads	1990234	1990234
	Total number of reads with non-ATGC bases	1392	1728
	Percentage of reads with non-ATGC bases	0.07%	0.09%
	Total number of bases	199023400	199023400
	Total number of HQ bases	190122812	185124427
	Percentage of HQ bases	95.53%	93.02%
	Total number of non-ATGC bases	3900	37621
	Percentage of non-ATGC bases	0.00%	0.02%


Average quality score at each base position of input reads

KU328820-15_A_L003_R1_048.fastq
31.04	31.59	31.81	35.64	35.46	35.42	35.49	35.54	37.13	37.03	37.09	37.12	37.10	38.32	38.18	38.09	38.19	38.23	38.19	38.19	38.18	38.13	38.12	38.15	38.06	37.76	37.56	37.62	37.08	37.28	37.43	37.39	37.40	37.38	37.25	37.02	36.63	36.70	36.80	36.73	36.72	36.62	36.85	36.76	36.82	36.78	36.69	36.64	36.46	36.43	36.55	36.30	36.37	36.20	36.17	36.10	36.13	36.03	35.90	35.76	35.66	35.57	35.41	35.19	34.88	34.84	34.68	34.48	34.33	34.22	34.14	33.94	33.74	33.39	33.27	32.34	32.62	32.72	32.63	32.55	32.39	32.22	31.96	31.78	31.66	31.56	31.22	31.12	30.92	30.83	30.63	30.56	30.37	30.18	29.97	29.78	29.53	29.03	28.88	27.28	

KU328820-15_A_L003_R2_048.fastq
34.58	34.86	36.27	36.52	30.31	30.76	30.65	34.56	34.32	34.16	34.32	34.03	35.82	35.92	35.89	35.62	35.06	36.59	36.49	36.55	36.69	36.76	36.79	36.89	36.66	36.75	36.48	36.63	36.59	36.17	36.12	36.30	36.37	36.32	36.14	36.30	36.00	35.51	35.58	35.80	35.90	35.77	35.76	35.71	35.67	35.16	35.47	35.74	35.62	35.55	35.52	35.50	35.13	35.25	34.26	34.51	34.96	35.10	35.18	35.14	34.96	34.89	34.47	34.60	34.45	34.27	34.23	33.91	33.94	34.02	33.66	33.35	33.15	32.99	33.10	32.86	32.72	32.61	32.32	32.15	32.01	31.81	31.70	31.48	31.17	31.06	30.81	30.69	30.27	30.20	29.99	29.56	29.60	29.36	29.12	28.90	28.56	28.38	28.09	27.95	





Read count (%) per base for different quality score ranges

	KU328820-15_A_L003_R1_048.fastq
Ranges	0-10	11-20	21-30	31-40
Base
1	2.01	1.89	15.40	80.70
2	0.19	2.47	14.42	82.91
3	0.25	0.91	15.52	83.32
4	0.15	0.60	4.05	95.21
5	0.29	0.76	5.22	93.74
6	0.28	0.90	5.39	93.43
7	0.23	0.82	5.02	93.92
8	0.21	0.72	4.89	94.18
9	0.22	0.72	4.98	94.08
10	0.27	0.79	5.35	93.59
11	0.24	0.75	5.05	93.96
12	0.23	0.70	4.94	94.12
13	0.24	0.72	5.02	94.01
14	0.45	1.29	6.82	91.44
15	0.53	1.41	7.22	90.85
16	0.58	1.50	7.35	90.58
17	0.51	1.37	6.90	91.21
18	0.49	1.29	6.83	91.39
19	0.57	1.42	7.30	90.71
20	0.60	1.40	7.14	90.87
21	0.58	1.38	7.15	90.89
22	0.64	1.40	7.20	90.76
23	0.63	1.35	7.20	90.82
24	0.68	1.34	7.14	90.84
25	0.74	1.38	7.48	90.40
26	1.20	1.68	7.98	89.14
27	1.45	1.86	8.38	88.31
28	1.37	1.73	8.16	88.74
29	2.86	2.57	8.66	85.91
30	1.53	2.42	9.11	86.94
31	1.52	1.72	8.74	88.02
32	1.62	1.67	8.78	87.93
33	1.60	1.63	8.76	88.01
34	1.66	1.59	8.88	87.87
35	1.81	1.67	9.28	87.24
36	2.02	1.84	9.87	86.26
37	3.07	2.39	9.92	84.61
38	2.08	2.45	10.56	84.90
39	2.06	2.00	10.10	85.84
40	2.14	1.98	10.03	85.85
41	2.15	1.89	9.90	86.06
42	2.25	1.92	10.01	85.82
43	2.17	1.85	10.01	85.97
44	2.37	1.93	10.33	85.36
45	2.39	1.87	10.10	85.64
46	2.48	1.90	10.14	85.49
47	2.63	1.96	10.25	85.16
48	2.67	1.97	10.25	85.11
49	2.88	2.10	10.59	84.42
50	2.89	2.07	10.53	84.51
51	2.76	2.01	10.28	84.95
52	3.07	2.15	10.74	84.05
53	2.96	2.04	10.52	84.49
54	3.25	2.13	10.72	83.91
55	3.19	2.15	10.71	83.96
56	3.30	2.14	10.70	83.86
57	3.20	2.00	10.48	84.32
58	3.29	2.02	10.46	84.23
59	3.39	2.01	10.65	83.95
60	3.51	2.06	10.73	83.69
61	3.56	2.05	10.78	83.61
62	3.58	2.02	10.79	83.62
63	3.68	2.06	10.94	83.32
64	3.84	2.13	11.24	82.79
65	4.09	2.31	11.81	81.79
66	3.97	2.22	11.70	82.12
67	4.10	2.20	11.78	81.92
68	4.23	2.28	11.93	81.56
69	4.26	2.24	12.08	81.41
70	4.24	2.20	12.03	81.52
71	4.22	2.08	11.88	81.81
72	4.37	2.12	12.02	81.50
73	4.48	2.15	12.12	81.25
74	4.73	2.32	12.73	80.22
75	4.71	2.27	12.75	80.26
76	4.64	2.52	16.19	76.65
77	4.68	2.29	14.16	78.88
78	4.81	2.21	13.13	79.84
79	4.97	2.24	12.90	79.88
80	5.00	2.19	12.68	80.13
81	5.15	2.21	12.60	80.04
82	5.32	2.22	12.62	79.84
83	5.58	2.38	12.91	79.12
84	5.73	2.40	13.12	78.75
85	5.88	2.41	13.00	78.71
86	6.02	2.35	12.79	78.83
87	6.45	2.63	13.50	77.42
88	6.64	2.56	13.41	77.39
89	6.94	2.65	13.60	76.81
90	7.17	2.58	13.37	76.87
91	7.56	2.64	13.58	76.22
92	7.84	2.47	13.24	76.45
93	8.31	2.50	13.25	75.94
94	8.81	2.49	13.21	75.49
95	9.39	2.40	13.25	74.95
96	10.05	2.25	12.93	74.77
97	10.87	2.07	12.83	74.23
98	11.96	2.30	13.62	72.12
99	12.81	1.87	12.78	72.54
100	14.22	4.17	19.98	61.63


	KU328820-15_A_L003_R2_048.fastq
Ranges	0-10	11-20	21-30	31-40
Base
1	0.83	0.49	0.44	98.23
2	0.94	0.47	0.48	98.11
3	0.99	0.36	0.64	98.02
4	0.67	0.62	0.35	98.36
5	2.35	2.37	22.95	72.33
6	1.96	1.95	18.96	77.13
7	2.55	2.13	18.90	76.43
8	1.80	1.73	6.86	89.60
9	2.30	1.85	7.88	87.97
10	2.30	2.72	7.49	87.48
11	1.78	2.57	7.66	88.00
12	2.39	2.91	7.83	86.87
13	1.69	2.46	7.22	88.64
14	1.69	2.12	7.11	89.08
15	1.76	2.07	7.25	88.92
16	2.07	2.35	7.95	87.64
17	3.05	3.37	8.10	85.48
18	2.79	4.47	9.59	83.15
19	3.17	3.68	9.77	83.39
20	3.56	3.89	8.77	83.77
21	2.84	3.94	9.18	84.03
22	2.94	3.19	9.17	84.70
23	3.16	3.26	9.47	84.10
24	3.05	3.07	9.20	84.69
25	3.36	3.23	9.77	83.65
26	3.26	3.01	9.51	84.22
27	3.55	3.17	10.08	83.21
28	3.51	3.03	10.00	83.46
29	3.62	2.98	10.08	83.32
30	4.59	3.73	10.31	81.38
31	3.96	3.78	11.01	81.26
32	3.82	3.15	10.61	82.42
33	3.87	2.90	10.46	82.77
34	4.01	2.82	10.81	82.36
35	4.25	2.84	11.33	81.58
36	3.95	2.56	11.18	82.32
37	4.33	2.74	11.86	81.06
38	5.80	3.67	11.70	78.83
39	4.35	3.90	13.23	78.51
40	4.22	2.99	12.69	80.10
41	4.24	2.77	12.01	80.98
42	4.68	2.88	11.97	80.48
43	4.40	2.89	12.35	80.35
44	4.51	2.76	12.32	80.41
45	4.57	2.69	12.25	80.49
46	6.04	3.51	12.61	77.85
47	4.64	3.57	13.20	78.59
48	4.56	2.77	12.47	80.21
49	4.91	2.83	12.25	80.02
50	5.00	2.81	12.38	79.80
51	5.13	2.77	12.34	79.76
52	5.18	2.73	12.28	79.81
53	5.70	3.00	12.92	78.39
54	5.39	2.83	12.64	79.13
55	4.55	2.60	13.20	79.64
56	5.05	2.68	12.22	80.05
57	5.09	2.57	11.92	80.41
58	5.44	2.58	12.01	79.97
59	5.53	2.54	11.97	79.96
60	5.69	2.55	12.01	79.74
61	5.90	2.66	12.22	79.22
62	5.97	2.61	12.15	79.27
63	6.46	2.94	12.96	77.65
64	6.13	2.70	12.57	78.60
65	6.31	2.71	12.66	78.33
66	6.41	2.75	12.86	77.98
67	6.37	2.70	12.87	78.06
68	6.71	2.88	13.21	77.20
69	6.64	2.69	13.00	77.67
70	6.53	2.50	12.46	78.51
71	6.89	2.71	12.96	77.44
72	7.19	2.84	13.38	76.59
73	7.19	2.92	13.64	76.25
74	7.30	2.91	13.65	76.14
75	6.97	2.57	13.19	77.27
76	7.23	2.64	13.24	76.89
77	7.23	2.61	13.24	76.93
78	7.21	2.50	13.13	77.16
79	7.44	2.63	13.41	76.53
80	7.50	2.60	13.43	76.47
81	7.57	2.54	13.29	76.60
82	7.74	2.55	13.37	76.35
83	7.76	2.46	13.13	76.65
84	7.98	2.51	13.18	76.34
85	8.29	2.66	13.60	75.45
86	8.40	2.57	13.40	75.63
87	8.76	2.66	13.50	75.07
88	8.94	2.57	13.23	75.26
89	9.54	2.89	13.99	73.58
90	9.69	2.72	13.69	73.90
91	10.14	2.74	13.62	73.50
92	10.88	3.09	14.31	71.72
93	10.98	2.67	13.61	72.73
94	11.61	2.65	13.48	72.26
95	12.25	2.62	13.42	71.71
96	12.94	2.46	13.23	71.37
97	13.83	2.48	13.35	70.34
98	14.46	2.26	13.10	70.18
99	15.13	2.29	13.36	69.21
100	15.65	2.34	12.81	69.20




