Parameters
	Library type	Paired-end
	Input files	KU328820-15_A_L003_R1_026.fastq	KU328820-15_A_L003_R2_026.fastq
	Primer/Adaptor library	Paired End DNA Library
	Cut-off read length for HQ	70%
	Cut-off quality score	20
	Only statistics	On
	Number of CPUs	2


QC statistics
	File name	KU328820-15_A_L003_R1_026.fastq	KU328820-15_A_L003_R2_026.fastq
	Total number of reads	4000000	4000000
	Total number of HQ reads	3721579	3721579
	Percentage of HQ reads	93.04%	93.04%
	Total number of bases	400000000	400000000
	Total number of bases in HQ reads	372157900	372157900
	Total number of HQ bases in HQ reads	365822309	365891100
	Percentage of HQ bases in HQ reads	98.30%	98.32%
	Number of Primer/Adaptor contaminated HQ reads	2	11
	Total number of HQ filtered reads	3721566	3721566
	Percentage of HQ filtered reads	93.04%	93.04%


Detailed QC statistics
	File name	KU328820-15_A_L003_R1_026.fastq	KU328820-15_A_L003_R2_026.fastq
	Minimum read length	100	100
	Maximum read length	100	100
	Average read length	100.00	100.00
	Total number of reads	4000000	4000000
	Total number of reads with non-ATGC bases	6647	4493
	Percentage of reads with non-ATGC bases	0.17%	0.11%
	Total number of bases	400000000	400000000
	Total number of HQ bases	385079126	382592259
	Percentage of HQ bases	96.27%	95.65%
	Total number of non-ATGC bases	92811	188146
	Percentage of non-ATGC bases	0.02%	0.05%


Average quality score at each base position of input reads

KU328820-15_A_L003_R1_026.fastq
32.31	32.55	32.63	36.14	36.04	36.03	36.04	36.01	37.71	37.69	37.67	37.68	37.66	39.10	39.09	39.07	39.06	38.99	39.00	38.98	38.94	38.91	38.86	38.84	38.80	38.68	38.61	38.54	38.49	38.42	38.32	38.22	37.94	37.90	37.95	37.95	37.89	37.82	37.73	37.65	37.55	37.45	37.59	37.60	37.57	37.54	37.48	37.40	37.31	37.18	37.25	37.33	37.25	37.18	37.13	37.07	36.94	36.82	36.70	36.59	36.49	36.38	36.20	36.02	35.86	35.72	35.57	35.39	35.09	33.37	33.88	34.16	34.27	34.15	33.96	33.07	33.40	33.53	33.46	33.31	33.11	32.93	32.74	32.59	32.45	32.28	32.10	31.88	31.70	31.57	31.42	31.29	31.14	30.94	30.63	30.51	30.33	30.13	29.91	28.62	

KU328820-15_A_L003_R2_026.fastq
36.53	36.58	36.58	36.61	31.73	32.08	32.17	35.61	35.60	35.63	35.60	35.59	37.06	37.16	37.14	37.16	37.10	38.48	38.41	38.39	38.42	38.37	38.40	38.41	38.37	38.31	38.23	38.23	38.16	38.15	38.11	38.04	37.95	37.91	37.86	37.80	37.47	37.58	37.55	37.58	37.56	37.49	37.40	37.31	37.23	37.30	37.30	37.21	37.19	37.12	36.99	36.97	36.93	36.86	35.79	34.59	35.67	36.20	36.37	36.38	36.36	36.29	36.13	35.71	35.71	35.64	35.78	35.69	35.66	35.61	35.47	35.24	35.14	35.01	34.87	34.66	34.42	34.26	34.04	33.84	33.67	33.45	33.23	33.05	32.90	32.71	32.53	32.30	32.17	32.01	31.86	31.70	31.53	31.36	31.21	31.05	30.89	30.73	30.59	30.39	





Read count (%) per base for different quality score ranges

	KU328820-15_A_L003_R1_026.fastq
Ranges	0-10	11-20	21-30	31-40
Base
1	0.14	0.31	9.42	90.12
2	0.11	0.34	8.53	91.02
3	0.11	0.30	8.36	91.23
4	0.10	0.29	2.47	97.15
5	0.15	0.36	3.00	96.50
6	0.13	0.41	3.03	96.43
7	0.13	0.42	3.03	96.43
8	0.14	0.44	3.14	96.28
9	0.15	0.46	3.21	96.18
10	0.16	0.47	3.27	96.10
11	0.17	0.49	3.30	96.04
12	0.16	0.48	3.25	96.11
13	0.17	0.48	3.31	96.05
14	0.35	1.00	5.35	93.31
15	0.37	1.01	5.39	93.23
16	0.40	1.02	5.39	93.19
17	0.39	1.01	5.38	93.22
18	0.44	1.06	5.58	92.91
19	0.48	1.11	5.76	92.65
20	0.50	1.10	5.73	92.67
21	0.55	1.13	5.84	92.48
22	0.57	1.13	5.82	92.48
23	0.63	1.13	5.94	92.30
24	0.68	1.17	6.08	92.07
25	0.72	1.14	6.12	92.01
26	1.05	1.26	6.19	91.50
27	1.14	1.31	6.35	91.20
28	1.24	1.32	6.48	90.95
29	1.30	1.29	6.56	90.85
30	1.39	1.30	6.74	90.57
31	1.50	1.32	6.96	90.22
32	1.60	1.36	7.24	89.79
33	2.47	1.73	7.39	88.41
34	1.77	1.97	8.18	88.08
35	1.75	1.50	7.96	88.78
36	1.76	1.43	7.71	89.10
37	1.82	1.39	7.67	89.12
38	1.91	1.40	7.75	88.95
39	2.02	1.43	7.89	88.66
40	2.06	1.44	7.97	88.53
41	2.16	1.48	8.05	88.31
42	2.24	1.50	8.11	88.16
43	2.28	1.51	8.25	87.96
44	2.37	1.51	8.24	87.88
45	2.45	1.56	8.17	87.82
46	2.50	1.53	8.17	87.80
47	2.59	1.55	8.22	87.64
48	2.68	1.57	8.32	87.42
49	2.78	1.62	8.42	87.18
50	2.90	1.69	8.55	86.86
51	2.90	1.65	8.55	86.89
52	2.91	1.57	8.28	87.24
53	3.10	1.61	8.34	86.95
54	3.17	1.63	8.39	86.81
55	3.26	1.62	8.38	86.74
56	3.30	1.60	8.31	86.79
57	3.41	1.66	8.43	86.50
58	3.46	1.65	8.51	86.37
59	3.55	1.64	8.65	86.17
60	3.61	1.63	8.66	86.10
61	3.63	1.64	8.64	86.09
62	3.67	1.62	8.65	86.06
63	3.77	1.66	8.79	85.78
64	3.86	1.69	8.95	85.51
65	3.92	1.71	9.06	85.31
66	3.92	1.70	9.08	85.30
67	3.99	1.68	9.10	85.24
68	4.02	1.67	9.22	85.09
69	4.15	1.77	9.59	84.49
70	8.84	3.26	10.15	77.76
71	4.51	4.19	12.27	79.02
72	4.27	2.54	11.73	81.45
73	4.25	1.97	10.38	83.40
74	4.37	1.85	10.02	83.77
75	4.52	1.83	10.04	83.61
76	4.32	1.92	12.84	80.92
77	4.38	1.69	10.67	83.26
78	4.45	1.62	9.74	84.20
79	4.57	1.59	9.37	84.47
80	4.67	1.60	9.33	84.40
81	4.81	1.67	9.37	84.15
82	4.90	1.69	9.45	83.96
83	5.04	1.75	9.54	83.67
84	5.15	1.75	9.57	83.52
85	5.27	1.72	9.57	83.43
86	5.46	1.75	9.59	83.20
87	5.68	1.82	9.73	82.77
88	5.96	1.93	10.05	82.06
89	6.21	2.01	10.25	81.54
90	6.40	1.98	10.30	81.33
91	6.67	1.99	10.37	80.97
92	6.97	1.97	10.37	80.69
93	7.32	1.95	10.35	80.37
94	7.78	1.96	10.47	79.80
95	8.60	2.04	10.52	78.84
96	8.84	2.03	10.61	78.52
97	9.39	1.80	10.65	78.16
98	10.03	1.66	10.56	77.75
99	10.75	1.53	10.29	77.44
100	11.78	3.08	16.21	68.93


	KU328820-15_A_L003_R2_026.fastq
Ranges	0-10	11-20	21-30	31-40
Base
1	0.85	0.39	0.22	98.54
2	0.94	0.33	0.19	98.54
3	0.65	0.66	0.31	98.38
4	0.63	0.61	0.26	98.49
5	1.06	1.03	12.26	85.65
6	0.92	0.87	10.12	88.09
7	0.94	0.84	9.81	88.41
8	0.95	0.80	3.89	94.36
9	0.97	0.79	3.90	94.34
10	0.85	0.90	3.81	94.45
11	0.89	0.90	3.87	94.35
12	0.93	0.89	3.84	94.34
13	1.23	1.22	4.01	93.54
14	1.00	1.04	3.93	94.03
15	1.06	1.01	3.95	93.98
16	1.06	0.97	3.87	94.10
17	1.11	1.01	4.08	93.79
18	2.25	2.01	6.58	89.16
19	2.36	2.00	6.75	88.88
20	2.37	1.97	6.68	88.98
21	2.30	1.89	6.54	89.27
22	2.38	1.92	6.68	89.02
23	2.50	1.97	6.84	88.69
24	2.50	1.88	6.74	88.88
25	2.54	1.88	6.79	88.80
26	2.60	1.88	6.89	88.63
27	2.71	1.93	7.04	88.31
28	2.83	1.94	7.27	87.96
29	2.92	1.93	7.39	87.76
30	2.88	1.85	7.36	87.91
31	2.96	1.79	7.43	87.82
32	3.04	1.77	7.53	87.65
33	3.13	1.79	7.74	87.34
34	3.17	1.75	7.89	87.19
35	3.20	1.72	8.00	87.07
36	3.26	1.71	8.17	86.86
37	4.18	2.16	8.52	85.14
38	3.31	2.19	8.77	85.73
39	3.45	1.84	8.81	85.90
40	3.42	1.75	8.54	86.29
41	3.45	1.73	8.49	86.33
42	3.55	1.72	8.57	86.17
43	3.63	1.77	8.69	85.91
44	3.70	1.77	8.82	85.71
45	3.74	1.79	8.86	85.61
46	3.85	1.81	9.10	85.24
47	3.89	1.83	9.02	85.26
48	4.03	1.86	9.06	85.05
49	4.10	1.87	9.08	84.95
50	4.17	1.89	9.08	84.87
51	4.39	1.95	9.26	84.39
52	4.31	1.92	9.21	84.57
53	4.39	1.89	9.16	84.56
54	4.42	1.90	9.12	84.57
55	3.36	1.63	8.87	86.14
56	7.88	3.15	9.21	79.77
57	4.01	3.59	11.57	80.83
58	4.29	2.27	10.05	83.40
59	4.48	2.07	9.20	84.25
60	4.62	2.03	9.15	84.20
61	4.68	1.95	9.16	84.20
62	4.75	1.93	9.23	84.09
63	4.91	1.95	9.43	83.71
64	5.79	2.42	9.64	82.15
65	4.95	2.66	10.04	82.35
66	5.00	2.24	10.08	82.67
67	4.87	2.02	9.59	83.52
68	5.01	1.96	9.49	83.54
69	5.03	1.84	9.30	83.82
70	4.99	1.74	9.08	84.18
71	5.03	1.73	9.08	84.16
72	5.14	1.79	9.24	83.82
73	5.06	1.72	9.08	84.13
74	5.04	1.66	8.97	84.33
75	5.01	1.61	8.91	84.46
76	5.06	1.65	8.94	84.36
77	5.14	1.70	9.11	84.04
78	5.09	1.67	9.08	84.15
79	5.16	1.69	9.13	84.02
80	5.19	1.70	9.21	83.89
81	5.20	1.67	9.17	83.96
82	5.28	1.70	9.25	83.77
83	5.39	1.75	9.32	83.55
84	5.46	1.75	9.35	83.44
85	5.51	1.70	9.25	83.54
86	5.64	1.73	9.28	83.34
87	5.77	1.74	9.35	83.15
88	6.00	1.85	9.57	82.58
89	6.10	1.82	9.52	82.57
90	6.30	1.83	9.51	82.36
91	6.51	1.83	9.54	82.12
92	6.75	1.82	9.57	81.86
93	7.04	1.82	9.62	81.52
94	7.36	1.84	9.64	81.16
95	7.72	1.79	9.63	80.86
96	8.11	1.73	9.61	80.56
97	8.54	1.64	9.48	80.33
98	8.96	1.56	9.46	80.02
99	9.37	1.43	9.40	79.81
100	9.76	1.66	9.43	79.15




