Parameters
	Library type	Paired-end
	Input files	KU328820-15_A_L003_R1_024.fastq	KU328820-15_A_L003_R2_024.fastq
	Primer/Adaptor library	Paired End DNA Library
	Cut-off read length for HQ	70%
	Cut-off quality score	20
	Only statistics	On
	Number of CPUs	2


QC statistics
	File name	KU328820-15_A_L003_R1_024.fastq	KU328820-15_A_L003_R2_024.fastq
	Total number of reads	4000000	4000000
	Total number of HQ reads	3676706	3676706
	Percentage of HQ reads	91.92%	91.92%
	Total number of bases	400000000	400000000
	Total number of bases in HQ reads	367670600	367670600
	Total number of HQ bases in HQ reads	361286103	359686341
	Percentage of HQ bases in HQ reads	98.26%	97.83%
	Number of Primer/Adaptor contaminated HQ reads	4	9
	Total number of HQ filtered reads	3676693	3676693
	Percentage of HQ filtered reads	91.92%	91.92%


Detailed QC statistics
	File name	KU328820-15_A_L003_R1_024.fastq	KU328820-15_A_L003_R2_024.fastq
	Minimum read length	100	100
	Maximum read length	100	100
	Average read length	100.00	100.00
	Total number of reads	4000000	4000000
	Total number of reads with non-ATGC bases	6706	6365
	Percentage of reads with non-ATGC bases	0.17%	0.16%
	Total number of bases	400000000	400000000
	Total number of HQ bases	384399285	377904598
	Percentage of HQ bases	96.10%	94.48%
	Total number of non-ATGC bases	122632	78052
	Percentage of non-ATGC bases	0.03%	0.02%


Average quality score at each base position of input reads

KU328820-15_A_L003_R1_024.fastq
32.12	32.35	32.50	36.01	35.89	35.87	35.89	35.83	37.51	37.55	37.51	37.53	37.49	38.87	38.76	38.73	38.59	38.69	38.75	38.69	38.61	38.64	38.39	38.45	38.47	38.42	38.38	38.31	38.22	38.15	38.09	37.92	37.94	37.87	37.81	37.75	37.64	37.60	37.48	37.42	37.23	37.14	37.38	37.40	37.37	37.30	37.29	37.18	37.21	37.07	37.02	37.15	37.06	37.00	36.94	36.77	36.69	36.57	36.44	36.02	36.00	35.98	35.82	35.71	35.45	35.43	35.24	34.97	34.77	34.52	34.32	34.16	33.97	33.40	33.38	32.25	32.75	32.90	33.02	32.91	32.81	32.63	32.35	32.21	31.99	31.74	31.62	31.49	31.32	31.14	31.07	30.91	30.67	30.53	30.35	30.15	29.93	29.73	29.38	27.81	

KU328820-15_A_L003_R2_024.fastq
36.50	36.53	36.52	36.57	31.26	31.55	31.65	35.16	35.19	35.24	35.11	35.14	36.70	36.64	36.63	36.60	36.57	37.92	37.81	37.72	37.74	37.61	37.75	37.68	37.63	37.54	37.47	37.49	37.22	37.35	37.27	37.33	37.02	37.02	36.96	36.99	36.94	36.94	36.88	36.88	36.78	36.78	36.65	36.36	36.29	36.56	36.49	36.56	36.40	36.25	36.23	36.22	36.17	36.19	35.13	35.33	35.74	35.86	35.91	35.66	35.70	35.52	35.45	35.33	35.16	35.11	35.03	34.95	34.85	34.45	34.42	34.42	34.22	34.07	33.99	33.80	33.63	33.42	33.18	33.03	32.67	32.44	32.39	32.05	31.92	31.73	31.66	31.41	31.20	31.02	30.79	30.58	30.44	30.06	30.03	29.73	29.75	29.60	29.25	29.01	





Read count (%) per base for different quality score ranges

	KU328820-15_A_L003_R1_024.fastq
Ranges	0-10	11-20	21-30	31-40
Base
1	0.18	0.40	11.10	88.32
2	0.16	0.40	10.33	89.11
3	0.11	0.31	9.57	90.01
4	0.11	0.32	2.97	96.60
5	0.18	0.42	3.64	95.77
6	0.15	0.50	3.70	95.64
7	0.15	0.50	3.61	95.74
8	0.18	0.56	3.86	95.40
9	0.18	0.56	3.83	95.43
10	0.16	0.52	3.69	95.63
11	0.18	0.54	3.81	95.48
12	0.17	0.52	3.73	95.59
13	0.19	0.55	3.87	95.39
14	0.38	1.06	5.82	92.74
15	0.46	1.19	6.19	92.16
16	0.46	1.20	6.17	92.17
17	0.56	1.34	6.61	91.49
18	0.46	1.18	6.08	92.28
19	0.48	1.17	6.16	92.18
20	0.52	1.23	6.36	91.89
21	0.59	1.28	6.52	91.61
22	0.57	1.20	6.26	91.97
23	0.95	1.71	6.72	90.62
24	0.67	1.62	6.90	90.81
25	0.72	1.28	6.78	91.22
26	0.97	1.32	6.61	91.10
27	1.06	1.32	6.68	90.94
28	1.16	1.36	6.85	90.63
29	1.26	1.39	7.07	90.28
30	1.30	1.39	7.24	90.06
31	1.35	1.36	7.36	89.93
32	1.51	1.45	7.84	89.19
33	1.45	1.37	7.76	89.42
34	1.52	1.39	7.90	89.19
35	1.57	1.42	8.05	88.96
36	1.61	1.41	8.10	88.88
37	1.69	1.45	8.22	88.64
38	1.70	1.44	8.25	88.61
39	1.80	1.51	8.43	88.26
40	1.83	1.48	8.45	88.25
41	1.99	1.61	8.78	87.61
42	2.04	1.63	8.87	87.46
43	1.98	1.59	8.78	87.64
44	2.09	1.60	8.78	87.52
45	2.19	1.64	8.84	87.33
46	2.31	1.68	8.96	87.06
47	2.32	1.66	8.85	87.17
48	2.45	1.73	9.02	86.80
49	2.38	1.65	8.79	87.18
50	2.57	1.72	8.99	86.72
51	2.56	1.77	9.19	86.48
52	2.54	1.62	8.70	87.14
53	2.67	1.67	8.84	86.82
54	2.76	1.66	8.78	86.80
55	2.80	1.65	8.82	86.73
56	2.96	1.75	9.04	86.25
57	3.00	1.72	9.03	86.26
58	3.10	1.75	9.09	86.06
59	3.17	1.75	9.26	85.82
60	4.02	2.14	9.52	84.31
61	3.35	2.21	9.96	84.48
62	3.34	1.91	9.77	84.98
63	3.48	1.90	9.76	84.86
64	3.53	1.83	9.77	84.87
65	3.72	1.96	10.21	84.10
66	3.64	1.81	9.94	84.61
67	3.78	1.83	10.07	84.32
68	3.94	1.94	10.47	83.65
69	4.05	1.94	10.66	83.35
70	4.22	2.00	10.94	82.84
71	4.30	2.04	11.11	82.55
72	4.37	2.01	11.08	82.55
73	4.43	1.99	11.21	82.37
74	4.78	2.38	12.57	80.26
75	4.73	2.20	12.10	80.97
76	4.52	2.49	16.56	76.42
77	4.59	2.11	13.22	80.09
78	4.78	2.09	12.11	81.02
79	4.70	1.88	11.23	82.20
80	4.82	1.89	10.98	82.31
81	4.88	1.82	10.73	82.56
82	5.03	1.85	10.76	82.35
83	5.29	2.03	11.21	81.47
84	5.41	2.02	11.13	81.45
85	5.65	2.11	11.43	80.81
86	5.95	2.25	11.76	80.04
87	6.10	2.25	11.73	79.93
88	6.31	2.21	11.66	79.83
89	6.58	2.28	11.80	79.34
90	6.87	2.34	12.02	78.77
91	7.07	2.20	11.73	79.00
92	7.43	2.21	11.74	78.61
93	7.91	2.32	12.00	77.77
94	8.30	2.24	11.93	77.53
95	8.80	2.18	11.91	77.10
96	9.38	2.11	11.87	76.65
97	10.05	1.96	11.85	76.14
98	10.78	1.75	11.57	75.91
99	11.74	1.78	11.59	74.89
100	13.04	3.81	19.02	64.13


	KU328820-15_A_L003_R2_024.fastq
Ranges	0-10	11-20	21-30	31-40
Base
1	0.85	0.41	0.29	98.44
2	1.01	0.30	0.26	98.43
3	0.70	0.69	0.42	98.20
4	0.68	0.66	0.30	98.37
5	1.62	1.30	15.53	81.55
6	1.42	1.28	13.63	83.67
7	1.44	1.26	13.15	84.15
8	1.33	1.19	5.32	92.15
9	1.33	1.14	5.23	92.30
10	1.09	1.29	5.02	92.59
11	1.24	1.44	5.47	91.85
12	1.21	1.41	5.28	92.09
13	1.23	1.37	5.27	92.13
14	1.31	1.41	5.42	91.85
15	1.33	1.41	5.41	91.86
16	1.35	1.43	5.45	91.77
17	1.39	1.45	5.54	91.62
18	2.34	2.41	7.52	87.72
19	2.49	2.50	7.83	87.17
20	2.58	2.57	7.97	86.88
21	2.51	2.48	7.80	87.21
22	2.70	2.61	8.08	86.61
23	2.66	2.48	7.97	86.88
24	2.75	2.52	8.15	86.58
25	2.82	2.51	8.17	86.50
26	2.90	2.54	8.31	86.25
27	2.99	2.54	8.40	86.07
28	3.09	2.54	8.59	85.78
29	3.66	3.05	8.89	84.41
30	3.10	2.73	8.78	85.40
31	3.29	2.55	8.91	85.25
32	3.22	2.33	8.75	85.70
33	3.74	2.50	9.49	84.27
34	3.57	2.38	9.53	84.52
35	3.69	2.33	9.68	84.30
36	3.63	2.23	9.75	84.39
37	3.68	2.19	9.91	84.21
38	3.63	2.12	9.90	84.34
39	3.74	2.15	10.05	84.05
40	3.72	2.11	10.03	84.14
41	3.86	2.15	10.20	83.79
42	3.80	2.08	10.06	84.06
43	3.96	2.17	10.30	83.57
44	4.29	2.37	10.78	82.56
45	4.30	2.37	10.84	82.48
46	4.12	2.26	10.68	82.94
47	4.32	2.30	10.71	82.67
48	4.26	2.20	10.47	83.07
49	4.57	2.32	10.66	82.45
50	4.76	2.44	10.91	81.89
51	4.70	2.38	10.84	82.08
52	4.68	2.31	10.73	82.28
53	4.77	2.32	10.69	82.22
54	4.74	2.22	10.48	82.56
55	3.81	2.02	10.70	83.47
56	4.33	2.14	10.09	83.43
57	4.53	2.14	10.11	83.22
58	4.91	2.21	10.36	82.53
59	5.04	2.20	10.39	82.37
60	5.47	2.43	10.84	81.26
61	5.28	2.30	10.69	81.73
62	5.48	2.38	10.86	81.28
63	5.52	2.31	10.91	81.27
64	5.56	2.32	10.94	81.18
65	5.69	2.37	11.12	80.82
66	5.63	2.29	11.02	81.06
67	5.70	2.29	11.08	80.93
68	5.83	2.26	10.87	81.05
69	5.88	2.22	10.90	81.00
70	6.34	2.49	11.47	79.70
71	6.13	2.39	11.37	80.11
72	5.98	2.19	11.00	80.83
73	6.15	2.21	11.07	80.57
74	6.14	2.18	11.06	80.62
75	6.07	2.06	10.85	81.02
76	6.16	2.06	10.83	80.95
77	6.18	2.04	10.85	80.94
78	6.28	2.05	10.89	80.78
79	6.37	2.10	11.11	80.41
80	6.39	2.05	11.03	80.53
81	6.72	2.23	11.45	79.60
82	6.80	2.29	11.63	79.27
83	6.71	2.11	11.33	79.84
84	7.06	2.30	11.73	78.90
85	7.11	2.23	11.64	79.01
86	7.28	2.25	11.63	78.84
87	7.34	2.11	11.29	79.26
88	7.67	2.21	11.45	78.67
89	7.95	2.27	11.58	78.20
90	8.24	2.28	11.59	77.90
91	8.60	2.34	11.76	77.30
92	8.97	2.37	11.92	76.73
93	9.30	2.30	11.72	76.67
94	9.98	2.56	12.35	75.11
95	10.21	2.26	11.83	75.70
96	10.88	2.34	12.12	74.67
97	11.19	1.90	11.26	75.66
98	11.76	1.70	10.80	75.74
99	12.44	1.88	11.49	74.19
100	12.96	2.09	11.57	73.38




