Parameters
	Library type	Paired-end
	Input files	KU328820-15_A_L003_R1_023.fastq	KU328820-15_A_L003_R2_023.fastq
	Primer/Adaptor library	Paired End DNA Library
	Cut-off read length for HQ	70%
	Cut-off quality score	20
	Only statistics	On
	Number of CPUs	2


QC statistics
	File name	KU328820-15_A_L003_R1_023.fastq	KU328820-15_A_L003_R2_023.fastq
	Total number of reads	4000000	4000000
	Total number of HQ reads	3719879	3719879
	Percentage of HQ reads	93.00%	93.00%
	Total number of bases	400000000	400000000
	Total number of bases in HQ reads	371987900	371987900
	Total number of HQ bases in HQ reads	365536119	365029241
	Percentage of HQ bases in HQ reads	98.27%	98.13%
	Number of Primer/Adaptor contaminated HQ reads	9	10
	Total number of HQ filtered reads	3719860	3719860
	Percentage of HQ filtered reads	93.00%	93.00%


Detailed QC statistics
	File name	KU328820-15_A_L003_R1_023.fastq	KU328820-15_A_L003_R2_023.fastq
	Minimum read length	100	100
	Maximum read length	100	100
	Average read length	100.00	100.00
	Total number of reads	4000000	4000000
	Total number of reads with non-ATGC bases	7268	8221
	Percentage of reads with non-ATGC bases	0.18%	0.21%
	Total number of bases	400000000	400000000
	Total number of HQ bases	385324817	381154198
	Percentage of HQ bases	96.33%	95.29%
	Total number of non-ATGC bases	156898	33557
	Percentage of non-ATGC bases	0.04%	0.01%


Average quality score at each base position of input reads

KU328820-15_A_L003_R1_023.fastq
32.14	32.44	32.52	36.04	35.85	35.89	35.83	35.87	37.54	37.52	37.50	37.49	37.48	38.82	38.85	38.79	38.76	38.70	38.68	38.69	38.73	38.74	38.71	38.61	38.59	38.53	38.43	38.33	38.20	38.24	38.19	38.03	37.98	37.99	37.94	37.79	37.76	37.64	37.56	37.45	37.26	37.22	37.49	37.58	37.53	37.43	37.39	37.40	37.35	37.26	37.15	37.13	37.11	37.03	36.96	36.88	36.79	36.75	36.63	36.49	36.32	36.22	36.08	35.90	35.66	35.60	35.40	35.24	34.98	34.59	34.38	34.27	34.09	33.51	33.56	32.38	32.85	33.01	33.03	32.92	32.72	32.63	32.43	32.18	32.02	31.91	31.79	31.58	31.42	31.21	31.15	31.05	30.89	30.71	30.57	30.29	30.07	29.77	29.45	27.82	

KU328820-15_A_L003_R2_023.fastq
36.57	36.56	36.52	36.55	31.44	31.69	31.81	35.25	35.22	35.25	35.28	35.20	36.87	36.76	36.78	36.75	36.73	38.03	38.02	38.04	37.95	37.93	37.94	37.92	37.95	37.90	37.84	37.84	37.75	37.66	37.70	37.63	37.48	37.44	37.42	37.41	37.27	37.23	37.13	37.04	37.06	37.04	36.97	36.85	36.73	36.87	36.88	36.86	36.77	36.67	36.57	36.55	36.51	36.46	35.34	35.85	36.17	36.21	36.13	36.14	36.03	36.03	35.98	35.90	35.67	35.51	35.39	35.43	35.28	35.10	34.86	34.90	34.72	34.55	34.26	34.11	33.94	33.79	33.53	33.37	33.24	33.05	32.86	32.65	32.43	32.30	32.12	31.85	31.79	31.61	31.41	31.27	31.11	30.92	30.71	30.53	30.42	30.27	30.05	29.80	





Read count (%) per base for different quality score ranges

	KU328820-15_A_L003_R1_023.fastq
Ranges	0-10	11-20	21-30	31-40
Base
1	0.18	0.43	10.96	88.42
2	0.12	0.33	9.66	89.89
3	0.10	0.34	9.31	90.24
4	0.10	0.30	2.88	96.72
5	0.21	0.47	3.85	95.46
6	0.14	0.49	3.60	95.76
7	0.18	0.56	3.89	95.37
8	0.16	0.51	3.66	95.67
9	0.17	0.52	3.75	95.57
10	0.17	0.53	3.79	95.51
11	0.18	0.55	3.85	95.42
12	0.19	0.54	3.85	95.42
13	0.19	0.55	3.91	95.35
14	0.41	1.12	6.01	92.46
15	0.38	1.06	5.82	92.73
16	0.42	1.10	6.03	92.44
17	0.44	1.15	6.08	92.33
18	0.49	1.20	6.19	92.11
19	0.57	1.30	6.50	91.64
20	0.51	1.23	6.34	91.92
21	0.49	1.12	6.13	92.26
22	0.50	1.08	6.04	92.38
23	0.53	1.11	6.09	92.27
24	0.62	1.21	6.56	91.62
25	0.64	1.17	6.50	91.69
26	0.87	1.23	6.36	91.54
27	0.98	1.32	6.63	91.08
28	1.08	1.35	6.86	90.72
29	1.21	1.42	7.15	90.21
30	1.14	1.30	7.02	90.54
31	1.21	1.29	7.15	90.35
32	1.36	1.39	7.62	89.63
33	1.35	1.38	7.73	89.54
34	1.30	1.31	7.67	89.71
35	1.35	1.31	7.74	89.61
36	1.47	1.40	8.12	89.01
37	1.45	1.37	8.03	89.15
38	1.54	1.43	8.27	88.77
39	1.61	1.45	8.33	88.60
40	1.69	1.51	8.48	88.33
41	1.84	1.61	8.77	87.78
42	1.81	1.59	8.72	87.88
43	1.74	1.52	8.64	88.10
44	1.77	1.49	8.48	88.26
45	1.91	1.55	8.58	87.96
46	2.04	1.66	8.80	87.50
47	2.06	1.65	8.85	87.44
48	2.05	1.59	8.67	87.69
49	2.09	1.59	8.68	87.65
50	2.18	1.63	8.77	87.42
51	2.26	1.71	9.02	87.01
52	2.34	1.68	8.96	87.01
53	2.37	1.68	8.89	87.06
54	2.47	1.69	8.94	86.90
55	2.50	1.70	9.01	86.79
56	2.56	1.70	9.01	86.74
57	2.63	1.69	8.99	86.69
58	2.60	1.63	8.84	86.93
59	2.72	1.62	8.94	86.72
60	2.78	1.65	9.08	86.49
61	2.90	1.72	9.28	86.10
62	2.92	1.68	9.26	86.14
63	3.00	1.68	9.36	85.97
64	3.12	1.72	9.52	85.65
65	3.28	1.81	9.84	85.07
66	3.23	1.72	9.68	85.37
67	3.35	1.75	9.84	85.06
68	3.43	1.74	9.88	84.96
69	3.60	1.81	10.18	84.41
70	3.91	2.01	10.85	83.23
71	4.04	2.04	11.04	82.89
72	4.01	1.96	10.96	83.07
73	4.09	1.94	11.03	82.95
74	4.42	2.32	12.40	80.86
75	4.34	2.06	11.72	81.87
76	4.22	2.37	16.30	77.11
77	4.30	2.03	13.07	80.60
78	4.50	2.02	11.91	81.57
79	4.56	1.94	11.30	82.20
80	4.67	1.95	11.12	82.26
81	4.83	2.04	11.23	81.91
82	4.86	1.95	11.04	82.15
83	5.06	2.01	11.13	81.81
84	5.29	2.14	11.48	81.10
85	5.44	2.18	11.64	80.75
86	5.57	2.12	11.48	80.83
87	5.75	2.11	11.39	80.76
88	6.05	2.20	11.60	80.14
89	6.27	2.26	11.75	79.72
90	6.60	2.37	12.07	78.97
91	6.77	2.24	11.82	79.17
92	7.07	2.15	11.64	79.14
93	7.45	2.14	11.59	78.82
94	7.90	2.14	11.61	78.35
95	8.36	2.00	11.40	78.24
96	9.06	2.03	11.64	77.27
97	9.75	1.89	11.56	76.81
98	10.57	1.81	11.65	75.97
99	11.51	1.76	11.61	75.12
100	12.85	3.91	19.39	63.85


	KU328820-15_A_L003_R2_023.fastq
Ranges	0-10	11-20	21-30	31-40
Base
1	1.00	0.32	0.21	98.48
2	1.03	0.31	0.24	98.43
3	0.71	0.70	0.49	98.10
4	0.69	0.67	0.29	98.34
5	1.47	1.17	14.41	82.95
6	1.29	1.19	12.89	84.64
7	1.22	1.13	12.41	85.24
8	1.24	1.10	5.13	92.53
9	1.30	1.12	5.21	92.37
10	1.07	1.31	5.10	92.52
11	1.04	1.26	4.97	92.73
12	1.15	1.35	5.22	92.28
13	1.04	1.22	4.88	92.86
14	1.17	1.31	5.23	92.29
15	1.14	1.29	5.12	92.45
16	1.17	1.29	5.18	92.37
17	1.20	1.30	5.21	92.29
18	2.15	2.28	7.40	88.17
19	2.15	2.26	7.39	88.20
20	2.13	2.21	7.37	88.29
21	2.26	2.27	7.56	87.91
22	2.27	2.25	7.51	87.98
23	2.38	2.34	7.73	87.55
24	2.41	2.31	7.73	87.56
25	2.38	2.20	7.57	87.86
26	2.42	2.19	7.66	87.73
27	2.49	2.17	7.77	87.57
28	2.62	2.20	8.03	87.15
29	2.73	2.24	8.20	86.84
30	2.78	2.23	8.35	86.64
31	2.73	2.07	8.21	86.99
32	2.85	2.05	8.36	86.74
33	3.02	2.10	8.75	86.13
34	3.02	2.05	8.86	86.07
35	3.05	1.99	8.88	86.08
36	3.03	1.94	9.05	85.98
37	3.21	2.01	9.39	85.40
38	3.19	2.00	9.51	85.30
39	3.30	2.04	9.72	84.94
40	3.36	2.06	9.88	84.70
41	3.28	2.00	9.78	84.95
42	3.32	1.97	9.68	85.03
43	3.40	1.99	9.79	84.81
44	3.47	2.05	9.95	84.53
45	3.60	2.10	10.08	84.22
46	3.60	2.11	10.18	84.11
47	3.68	2.08	10.15	84.08
48	3.76	2.08	10.10	84.06
49	3.88	2.13	10.23	83.76
50	4.01	2.18	10.29	83.52
51	4.13	2.23	10.40	83.24
52	4.09	2.20	10.32	83.38
53	4.14	2.20	10.33	83.33
54	4.19	2.17	10.28	83.36
55	3.34	1.97	10.47	84.21
56	3.42	1.84	9.22	85.52
57	3.83	1.92	9.42	84.83
58	4.27	2.11	9.94	83.69
59	4.53	2.25	10.32	82.90
60	4.53	2.19	10.32	82.97
61	4.65	2.24	10.45	82.66
62	4.58	2.15	10.21	83.05
63	4.60	2.04	10.12	83.24
64	4.64	2.03	10.06	83.26
65	4.81	2.15	10.46	82.58
66	4.86	2.19	10.62	82.33
67	4.84	2.21	10.74	82.21
68	4.83	2.03	10.28	82.86
69	5.00	2.06	10.32	82.62
70	5.10	2.08	10.45	82.36
71	5.22	2.18	10.78	81.83
72	5.02	1.95	10.24	82.79
73	5.16	1.98	10.23	82.63
74	5.21	1.98	10.30	82.51
75	5.36	2.10	10.66	81.88
76	5.33	2.06	10.66	81.95
77	5.35	2.03	10.65	81.97
78	5.36	1.98	10.57	82.09
79	5.51	2.07	10.75	81.68
80	5.52	2.03	10.76	81.70
81	5.51	1.95	10.59	81.94
82	5.59	1.96	10.56	81.88
83	5.69	1.97	10.60	81.75
84	5.81	2.00	10.70	81.49
85	5.99	2.04	10.83	81.14
86	6.06	2.01	10.72	81.22
87	6.23	2.02	10.74	81.02
88	6.54	2.18	11.05	80.23
89	6.59	2.04	10.78	80.59
90	6.84	2.07	10.83	80.26
91	7.14	2.13	10.93	79.79
92	7.38	2.08	10.92	79.62
93	7.69	2.07	10.90	79.33
94	8.10	2.07	10.90	78.93
95	8.57	2.06	10.99	78.38
96	9.02	1.99	10.95	78.04
97	9.43	1.80	10.62	78.15
98	9.94	1.66	10.38	78.02
99	10.45	1.65	10.59	77.31
100	10.90	1.94	10.83	76.32




