Parameters
	Library type	Paired-end
	Input files	KU328820-15_A_L003_R1_033.fastq	KU328820-15_A_L003_R2_033.fastq
	Primer/Adaptor library	Paired End DNA Library
	Cut-off read length for HQ	70%
	Cut-off quality score	20
	Only statistics	On
	Number of CPUs	2


QC statistics
	File name	KU328820-15_A_L003_R1_033.fastq	KU328820-15_A_L003_R2_033.fastq
	Total number of reads	4000000	4000000
	Total number of HQ reads	3731501	3731501
	Percentage of HQ reads	93.29%	93.29%
	Total number of bases	400000000	400000000
	Total number of bases in HQ reads	373150100	373150100
	Total number of HQ bases in HQ reads	367708308	367800672
	Percentage of HQ bases in HQ reads	98.54%	98.57%
	Number of Primer/Adaptor contaminated HQ reads	8	9
	Total number of HQ filtered reads	3731484	3731484
	Percentage of HQ filtered reads	93.29%	93.29%


Detailed QC statistics
	File name	KU328820-15_A_L003_R1_033.fastq	KU328820-15_A_L003_R2_033.fastq
	Minimum read length	100	100
	Maximum read length	100	100
	Average read length	100.00	100.00
	Total number of reads	4000000	4000000
	Total number of reads with non-ATGC bases	6454	8005
	Percentage of reads with non-ATGC bases	0.16%	0.20%
	Total number of bases	400000000	400000000
	Total number of HQ bases	386443184	384342115
	Percentage of HQ bases	96.61%	96.09%
	Total number of non-ATGC bases	40644	101697
	Percentage of non-ATGC bases	0.01%	0.03%


Average quality score at each base position of input reads

KU328820-15_A_L003_R1_033.fastq
32.63	32.89	32.95	36.36	36.27	36.27	36.26	36.25	38.04	38.02	38.01	37.99	37.98	39.50	39.47	39.42	39.40	39.38	39.41	39.36	39.32	39.30	39.24	39.22	39.18	39.09	39.03	38.92	38.88	38.82	38.76	38.66	38.57	38.50	38.40	38.30	38.20	38.15	38.08	37.95	37.86	37.75	37.90	37.92	37.89	37.83	37.76	37.64	37.57	37.45	37.59	37.62	37.59	37.55	37.47	37.40	37.30	37.20	37.03	36.91	36.79	36.65	36.51	36.31	36.19	36.02	35.82	35.63	35.44	35.23	35.05	34.85	34.67	34.46	34.24	33.34	33.64	33.74	33.67	33.53	33.34	33.09	32.86	32.65	32.49	32.32	32.15	32.04	31.89	31.74	31.55	31.38	31.21	31.03	30.84	30.65	30.46	30.24	29.98	28.58	

KU328820-15_A_L003_R2_033.fastq
36.61	36.60	36.56	36.58	31.90	32.32	32.46	35.89	35.88	35.88	35.89	35.89	37.60	37.58	37.53	37.54	37.46	38.93	38.91	38.91	38.89	38.83	38.86	38.80	38.76	38.70	38.66	38.45	38.52	38.52	38.48	38.44	38.39	38.05	38.15	38.15	38.12	38.08	37.99	37.95	37.93	37.89	37.82	37.72	37.66	37.69	37.60	37.61	37.61	37.56	37.49	37.41	37.30	37.26	36.27	36.62	36.87	36.94	36.90	36.83	36.76	36.62	36.48	36.38	36.19	36.05	36.14	36.15	36.07	35.94	35.71	35.55	35.42	35.29	35.11	34.93	34.74	34.54	34.30	34.07	33.82	33.65	33.42	33.25	33.09	32.88	32.68	32.55	32.35	32.14	31.94	31.79	31.72	31.53	31.39	31.22	31.00	30.90	30.72	30.52	





Read count (%) per base for different quality score ranges

	KU328820-15_A_L003_R1_033.fastq
Ranges	0-10	11-20	21-30	31-40
Base
1	0.16	0.25	6.63	92.96
2	0.06	0.29	6.00	93.65
3	0.06	0.20	6.03	93.70
4	0.06	0.19	1.74	98.01
5	0.10	0.26	2.20	97.44
6	0.08	0.29	2.17	97.46
7	0.09	0.29	2.22	97.40
8	0.09	0.29	2.23	97.38
9	0.09	0.29	2.23	97.38
10	0.10	0.30	2.29	97.31
11	0.10	0.30	2.30	97.29
12	0.11	0.31	2.39	97.19
13	0.11	0.31	2.42	97.16
14	0.28	0.76	4.51	94.45
15	0.30	0.78	4.51	94.40
16	0.37	0.82	4.63	94.18
17	0.35	0.87	4.69	94.10
18	0.36	0.85	4.71	94.09
19	0.39	0.85	4.77	93.99
20	0.42	0.87	4.86	93.85
21	0.46	0.88	4.94	93.72
22	0.48	0.88	4.91	93.73
23	0.53	0.90	5.00	93.57
24	0.61	0.93	5.16	93.30
25	0.66	0.92	5.17	93.25
26	0.89	1.00	5.20	92.91
27	0.99	1.02	5.26	92.73
28	1.08	1.07	5.50	92.34
29	1.15	1.04	5.53	92.28
30	1.22	1.03	5.64	92.12
31	1.29	1.02	5.73	91.96
32	1.40	1.07	5.95	91.57
33	1.49	1.09	6.16	91.27
34	1.54	1.10	6.29	91.08
35	1.62	1.14	6.43	90.80
36	1.69	1.19	6.60	90.52
37	1.76	1.19	6.68	90.36
38	1.81	1.17	6.61	90.41
39	1.87	1.18	6.69	90.26
40	1.98	1.23	6.84	89.94
41	2.05	1.26	6.92	89.77
42	2.15	1.27	6.95	89.63
43	2.24	1.30	7.10	89.37
44	2.32	1.29	7.04	89.34
45	2.40	1.36	7.06	89.18
46	2.48	1.38	7.14	89.00
47	2.57	1.37	7.18	88.88
48	2.70	1.42	7.31	88.57
49	2.76	1.43	7.35	88.45
50	2.93	1.44	7.41	88.22
51	2.92	1.42	7.27	88.39
52	3.04	1.40	7.15	88.41
53	3.16	1.38	7.19	88.27
54	3.25	1.35	7.11	88.30
55	3.35	1.36	7.14	88.15
56	3.36	1.40	7.17	88.07
57	3.41	1.44	7.18	87.97
58	3.48	1.38	7.23	87.91
59	3.64	1.39	7.43	87.54
60	3.67	1.38	7.45	87.50
61	3.68	1.42	7.48	87.42
62	3.70	1.47	7.58	87.25
63	3.75	1.45	7.64	87.16
64	3.83	1.49	7.88	86.80
65	3.84	1.44	7.94	86.78
66	3.92	1.45	7.98	86.65
67	3.98	1.50	8.13	86.39
68	4.02	1.51	8.26	86.22
69	4.08	1.52	8.39	86.01
70	4.17	1.52	8.46	85.85
71	4.17	1.55	8.57	85.70
72	4.23	1.56	8.64	85.57
73	4.23	1.55	8.70	85.52
74	4.28	1.57	8.80	85.35
75	4.35	1.60	8.98	85.07
76	4.11	1.66	11.66	82.57
77	4.20	1.49	9.56	84.74
78	4.31	1.45	8.76	85.47
79	4.41	1.43	8.44	85.71
80	4.50	1.42	8.37	85.72
81	4.62	1.47	8.37	85.55
82	4.78	1.57	8.69	84.97
83	4.96	1.62	8.97	84.46
84	5.14	1.71	9.14	84.02
85	5.24	1.73	9.23	83.80
86	5.40	1.78	9.31	83.51
87	5.60	1.82	9.50	83.08
88	5.74	1.78	9.43	83.05
89	5.97	1.79	9.51	82.73
90	6.19	1.82	9.60	82.40
91	6.50	1.87	9.83	81.81
92	6.81	1.93	10.03	81.23
93	7.14	1.92	10.20	80.74
94	7.55	1.93	10.27	80.25
95	8.00	1.89	10.40	79.70
96	8.52	1.85	10.43	79.21
97	9.08	1.75	10.37	78.81
98	9.73	1.61	10.36	78.30
99	10.50	1.54	10.30	77.65
100	11.65	3.22	16.83	68.30


	KU328820-15_A_L003_R2_033.fastq
Ranges	0-10	11-20	21-30	31-40
Base
1	0.94	0.38	0.21	98.47
2	1.03	0.31	0.21	98.44
3	0.74	0.68	0.31	98.27
4	0.73	0.65	0.31	98.32
5	0.84	0.77	10.38	88.01
6	0.73	0.63	8.08	90.57
7	0.79	0.60	7.63	90.98
8	0.80	0.58	2.91	95.71
9	0.84	0.57	2.91	95.68
10	0.77	0.68	2.93	95.62
11	0.74	0.68	2.88	95.70
12	0.72	0.70	2.88	95.69
13	0.76	0.70	2.94	95.60
14	0.79	0.66	2.95	95.60
15	0.85	0.69	3.03	95.43
16	0.85	0.69	2.98	95.48
17	0.93	0.73	3.19	95.16
18	2.10	1.66	5.74	90.50
19	2.13	1.63	5.72	90.51
20	2.18	1.58	5.67	90.56
21	2.23	1.57	5.68	90.51
22	2.35	1.60	5.81	90.25
23	2.43	1.63	5.86	90.08
24	2.50	1.66	5.95	89.89
25	2.54	1.64	5.99	89.83
26	2.62	1.64	6.05	89.69
27	2.66	1.62	6.06	89.66
28	3.59	2.22	6.44	87.75
29	2.82	2.07	6.72	88.39
30	2.90	1.72	6.41	88.97
31	2.95	1.67	6.47	88.91
32	3.01	1.57	6.55	88.88
33	3.06	1.56	6.67	88.70
34	4.18	2.07	7.00	86.74
35	3.12	1.97	7.47	87.44
36	3.15	1.70	7.25	87.91
37	3.17	1.65	7.21	87.96
38	3.21	1.58	7.31	87.90
39	3.31	1.57	7.49	87.63
40	3.34	1.55	7.50	87.61
41	3.36	1.47	7.50	87.68
42	3.39	1.45	7.46	87.69
43	3.46	1.47	7.45	87.61
44	3.50	1.52	7.60	87.38
45	3.54	1.50	7.56	87.39
46	3.69	1.56	7.86	86.89
47	3.82	1.60	8.01	86.57
48	3.86	1.57	7.89	86.68
49	3.91	1.57	7.74	86.78
50	3.99	1.55	7.72	86.74
51	4.08	1.56	7.75	86.62
52	4.12	1.60	7.82	86.45
53	4.19	1.64	7.96	86.21
54	4.19	1.61	7.88	86.33
55	3.15	1.33	7.33	88.18
56	3.29	1.34	6.72	88.65
57	3.84	1.47	7.27	87.42
58	4.21	1.59	7.68	86.52
59	4.40	1.64	7.96	86.00
60	4.49	1.66	8.02	85.83
61	4.53	1.66	8.02	85.80
62	4.59	1.69	8.14	85.58
63	4.64	1.70	8.32	85.35
64	4.63	1.69	8.31	85.37
65	4.72	1.77	8.57	84.93
66	4.72	1.77	8.67	84.84
67	4.72	1.69	8.44	85.14
68	4.81	1.58	8.13	85.49
69	4.88	1.52	7.99	85.62
70	4.92	1.50	7.93	85.65
71	5.02	1.56	8.12	85.31
72	5.09	1.53	8.07	85.31
73	4.97	1.60	7.96	85.47
74	4.90	1.57	7.92	85.61
75	4.91	1.49	7.94	85.65
76	4.90	1.48	7.94	85.68
77	4.93	1.46	7.96	85.66
78	4.92	1.44	8.01	85.63
79	5.06	1.48	7.98	85.48
80	5.04	1.58	8.15	85.23
81	5.12	1.58	8.45	84.85
82	5.14	1.54	8.38	84.94
83	5.23	1.58	8.51	84.67
84	5.29	1.57	8.48	84.66
85	5.36	1.55	8.40	84.70
86	5.49	1.58	8.51	84.42
87	5.64	1.64	8.61	84.11
88	5.75	1.59	8.55	84.11
89	5.96	1.65	8.68	83.70
90	6.19	1.69	8.88	83.24
91	6.44	1.78	9.08	82.71
92	6.65	1.77	9.15	82.43
93	6.81	1.65	8.87	82.67
94	7.15	1.68	8.98	82.20
95	7.46	1.62	8.91	82.01
96	7.85	1.60	8.92	81.63
97	8.33	1.63	9.13	80.91
98	8.67	1.43	8.91	80.99
99	9.10	1.38	9.01	80.51
100	9.50	1.56	9.06	79.88




