Parameters
	Library type	Paired-end
	Input files	KU328820-15_A_L003_R1_042.fastq	KU328820-15_A_L003_R2_042.fastq
	Primer/Adaptor library	Paired End DNA Library
	Cut-off read length for HQ	70%
	Cut-off quality score	20
	Only statistics	On
	Number of CPUs	2


QC statistics
	File name	KU328820-15_A_L003_R1_042.fastq	KU328820-15_A_L003_R2_042.fastq
	Total number of reads	4000000	4000000
	Total number of HQ reads	3734429	3734429
	Percentage of HQ reads	93.36%	93.36%
	Total number of bases	400000000	400000000
	Total number of bases in HQ reads	373442900	373442900
	Total number of HQ bases in HQ reads	367830222	367855312
	Percentage of HQ bases in HQ reads	98.50%	98.50%
	Number of Primer/Adaptor contaminated HQ reads	3	15
	Total number of HQ filtered reads	3734411	3734411
	Percentage of HQ filtered reads	93.36%	93.36%


Detailed QC statistics
	File name	KU328820-15_A_L003_R1_042.fastq	KU328820-15_A_L003_R2_042.fastq
	Minimum read length	100	100
	Maximum read length	100	100
	Average read length	100.00	100.00
	Total number of reads	4000000	4000000
	Total number of reads with non-ATGC bases	2462	3743
	Percentage of reads with non-ATGC bases	0.06%	0.09%
	Total number of bases	400000000	400000000
	Total number of HQ bases	386251859	383919702
	Percentage of HQ bases	96.56%	95.98%
	Total number of non-ATGC bases	4092	33954
	Percentage of non-ATGC bases	0.00%	0.01%


Average quality score at each base position of input reads

KU328820-15_A_L003_R1_042.fastq
32.44	32.70	32.77	36.23	36.13	36.13	36.13	36.10	37.88	37.85	37.84	37.80	37.81	39.27	39.22	39.19	39.19	39.15	39.20	39.16	39.09	39.05	39.03	38.99	38.93	38.84	38.76	38.69	38.61	38.57	38.47	38.39	38.29	38.26	38.19	38.14	38.05	37.96	37.84	37.79	37.66	37.56	37.72	37.65	37.73	37.64	37.55	37.48	37.40	37.34	37.44	37.43	37.41	37.30	37.26	37.19	37.11	37.00	36.89	36.75	36.65	36.46	36.30	36.18	36.01	35.88	35.70	35.53	35.30	35.17	35.01	34.81	34.61	34.37	34.20	33.31	33.57	33.66	33.55	33.43	33.29	33.06	32.85	32.65	32.47	32.30	32.12	32.03	31.91	31.76	31.61	31.40	31.19	31.10	30.97	30.75	30.55	30.39	30.16	28.74	

KU328820-15_A_L003_R2_042.fastq
36.63	36.62	36.58	36.61	31.58	32.01	32.23	35.70	35.69	35.71	35.71	35.71	37.38	37.37	37.33	37.34	37.26	38.69	38.66	38.66	38.63	38.56	38.63	38.56	38.52	38.47	38.47	38.45	38.38	38.37	38.31	38.26	38.23	38.16	38.09	38.03	37.97	37.88	37.86	37.82	37.77	37.69	37.62	37.53	37.48	37.55	37.53	37.49	37.45	37.37	37.28	37.23	37.15	37.12	36.11	36.46	36.77	36.85	36.82	36.74	36.59	36.48	36.34	36.18	36.10	35.94	36.03	36.00	35.86	35.74	35.55	35.41	35.33	35.16	34.95	34.78	34.57	34.44	34.26	34.04	33.82	33.63	33.41	33.22	33.02	32.81	32.62	32.45	32.23	32.10	31.98	31.82	31.68	31.47	31.30	31.13	31.02	30.92	30.75	30.54	





Read count (%) per base for different quality score ranges

	KU328820-15_A_L003_R1_042.fastq
Ranges	0-10	11-20	21-30	31-40
Base
1	0.12	0.30	8.22	91.36
2	0.08	0.28	7.39	92.25
3	0.08	0.25	7.28	92.38
4	0.08	0.24	2.15	97.53
5	0.13	0.32	2.68	96.87
6	0.11	0.36	2.66	96.87
7	0.11	0.36	2.66	96.87
8	0.13	0.39	2.80	96.69
9	0.12	0.36	2.66	96.86
10	0.14	0.37	2.78	96.71
11	0.13	0.39	2.79	96.70
12	0.14	0.41	2.91	96.53
13	0.14	0.40	2.85	96.61
14	0.32	0.87	4.87	93.94
15	0.37	0.93	5.08	93.63
16	0.39	0.95	5.10	93.56
17	0.38	0.94	5.04	93.65
18	0.39	0.95	5.12	93.54
19	0.42	0.94	5.16	93.48
20	0.45	0.98	5.22	93.35
21	0.50	1.02	5.39	93.10
22	0.53	1.01	5.42	93.04
23	0.55	1.00	5.38	93.07
24	0.64	1.05	5.63	92.68
25	0.69	1.06	5.72	92.53
26	0.97	1.13	5.72	92.19
27	1.07	1.18	5.86	91.89
28	1.15	1.19	5.97	91.69
29	1.26	1.20	6.15	91.39
30	1.31	1.19	6.19	91.32
31	1.42	1.22	6.44	90.93
32	1.49	1.23	6.60	90.68
33	1.59	1.26	6.87	90.27
34	1.57	1.24	6.87	90.31
35	1.65	1.26	6.98	90.11
36	1.70	1.25	7.04	90.01
37	1.76	1.28	7.12	89.84
38	1.83	1.28	7.21	89.68
39	1.93	1.34	7.38	89.35
40	1.95	1.31	7.36	89.38
41	2.06	1.38	7.52	89.05
42	2.12	1.40	7.60	88.88
43	2.18	1.40	7.69	88.73
44	2.37	1.49	7.90	88.23
45	2.34	1.43	7.63	88.59
46	2.50	1.47	7.78	88.26
47	2.60	1.51	7.89	87.99
48	2.65	1.55	7.96	87.84
49	2.75	1.56	8.02	87.66
50	2.77	1.54	7.95	87.75
51	2.80	1.52	7.90	87.78
52	2.93	1.52	7.86	87.70
53	3.00	1.50	7.79	87.71
54	3.14	1.54	7.88	87.43
55	3.16	1.55	7.85	87.44
56	3.23	1.52	7.84	87.41
57	3.26	1.51	7.89	87.33
58	3.33	1.51	7.88	87.27
59	3.41	1.49	7.96	87.14
60	3.50	1.52	8.08	86.90
61	3.52	1.52	8.05	86.91
62	3.64	1.56	8.27	86.53
63	3.70	1.60	8.39	86.31
64	3.71	1.58	8.38	86.33
65	3.80	1.60	8.52	86.08
66	3.80	1.58	8.52	86.10
67	3.89	1.59	8.62	85.90
68	3.91	1.59	8.71	85.79
69	3.99	1.64	8.94	85.43
70	3.99	1.56	8.84	85.61
71	4.01	1.58	8.87	85.53
72	4.10	1.61	9.01	85.27
73	4.17	1.62	9.11	85.11
74	4.24	1.66	9.28	84.82
75	4.26	1.64	9.32	84.78
76	4.05	1.73	11.95	82.27
77	4.16	1.61	10.07	84.16
78	4.27	1.57	9.33	84.83
79	4.42	1.58	9.14	84.86
80	4.46	1.57	8.98	85.00
81	4.53	1.54	8.86	85.07
82	4.70	1.63	9.04	84.63
83	4.83	1.70	9.26	84.21
84	5.00	1.74	9.45	83.81
85	5.15	1.80	9.58	83.47
86	5.32	1.84	9.67	83.17
87	5.50	1.91	9.88	82.71
88	5.62	1.84	9.76	82.77
89	5.81	1.84	9.73	82.63
90	6.06	1.85	9.80	82.29
91	6.32	1.87	9.86	81.94
92	6.68	1.96	10.20	81.16
93	7.08	2.05	10.43	80.43
94	7.35	1.92	10.31	80.42
95	7.74	1.82	10.15	80.29
96	8.29	1.82	10.25	79.64
97	8.85	1.75	10.31	79.09
98	9.41	1.55	10.14	78.90
99	10.13	1.46	9.91	78.50
100	11.22	3.14	16.63	69.00


	KU328820-15_A_L003_R2_042.fastq
Ranges	0-10	11-20	21-30	31-40
Base
1	0.86	0.33	0.17	98.63
2	0.88	0.34	0.21	98.56
3	0.70	0.58	0.34	98.38
4	0.66	0.57	0.26	98.50
5	1.05	0.98	12.76	85.20
6	0.94	0.81	10.02	88.23
7	0.89	0.73	9.15	89.22
8	0.92	0.70	3.49	94.88
9	0.98	0.70	3.56	94.76
10	0.84	0.83	3.45	94.88
11	0.85	0.82	3.47	94.86
12	0.86	0.83	3.44	94.87
13	0.88	0.82	3.47	94.83
14	0.90	0.81	3.51	94.78
15	0.93	0.83	3.59	94.65
16	0.95	0.80	3.54	94.71
17	1.02	0.87	3.73	94.38
18	2.16	1.81	6.24	89.80
19	2.19	1.80	6.26	89.75
20	2.21	1.77	6.23	89.78
21	2.29	1.76	6.29	89.66
22	2.35	1.80	6.39	89.45
23	2.40	1.81	6.40	89.40
24	2.50	1.84	6.54	89.12
25	2.52	1.82	6.55	89.10
26	2.62	1.85	6.67	88.86
27	2.58	1.75	6.50	89.17
28	2.79	1.79	6.84	88.58
29	2.86	1.81	6.92	88.40
30	2.81	1.76	6.93	88.51
31	2.92	1.71	7.05	88.32
32	2.98	1.67	7.11	88.24
33	2.97	1.62	7.20	88.20
34	3.05	1.60	7.37	87.98
35	3.12	1.61	7.55	87.72
36	3.15	1.60	7.69	87.55
37	3.20	1.60	7.82	87.38
38	3.28	1.63	8.04	87.05
39	3.24	1.59	8.05	87.11
40	3.29	1.59	8.03	87.09
41	3.33	1.58	8.10	87.00
42	3.40	1.60	8.15	86.85
43	3.48	1.63	8.23	86.66
44	3.50	1.67	8.32	86.51
45	3.53	1.65	8.28	86.54
46	3.67	1.69	8.49	86.14
47	3.75	1.68	8.50	86.06
48	3.85	1.69	8.48	85.98
49	3.93	1.74	8.51	85.82
50	4.02	1.75	8.57	85.66
51	4.11	1.78	8.65	85.47
52	4.12	1.77	8.63	85.48
53	4.20	1.80	8.67	85.33
54	4.20	1.77	8.57	85.46
55	3.18	1.50	8.14	87.19
56	3.38	1.51	7.52	87.59
57	3.81	1.59	7.86	86.75
58	4.18	1.68	8.24	85.90
59	4.36	1.74	8.50	85.40
60	4.47	1.77	8.58	85.18
61	4.60	1.84	8.76	84.81
62	4.62	1.86	8.80	84.71
63	4.68	1.87	9.02	84.42
64	4.77	1.93	9.16	84.13
65	4.72	1.88	9.11	84.29
66	4.78	1.90	9.25	84.07
67	4.71	1.80	9.03	84.46
68	4.81	1.71	8.77	84.71
69	4.93	1.73	8.79	84.56
70	4.97	1.73	8.74	84.56
71	5.02	1.76	8.85	84.37
72	5.05	1.72	8.77	84.45
73	4.91	1.67	8.52	84.90
74	4.94	1.64	8.56	84.86
75	4.97	1.65	8.62	84.76
76	4.96	1.63	8.62	84.79
77	4.98	1.64	8.69	84.69
78	4.91	1.55	8.56	84.97
79	4.93	1.52	8.45	85.09
80	4.99	1.55	8.50	84.96
81	5.06	1.58	8.59	84.76
82	5.10	1.57	8.60	84.73
83	5.20	1.62	8.69	84.49
84	5.28	1.61	8.71	84.40
85	5.39	1.64	8.76	84.21
86	5.54	1.69	8.88	83.89
87	5.68	1.70	8.98	83.63
88	5.83	1.70	8.99	83.48
89	6.07	1.80	9.18	82.95
90	6.21	1.77	9.14	82.89
91	6.39	1.73	9.02	82.87
92	6.61	1.74	9.11	82.53
93	6.87	1.70	9.06	82.38
94	7.23	1.76	9.23	81.78
95	7.58	1.75	9.28	81.39
96	7.98	1.70	9.27	81.04
97	8.33	1.56	9.08	81.03
98	8.69	1.39	8.83	81.10
99	9.11	1.36	8.88	80.65
100	9.50	1.57	9.02	79.90




