Parameters
	Library type	Paired-end
	Input files	KU328820-15_A_L003_R1_031.fastq	KU328820-15_A_L003_R2_031.fastq
	Primer/Adaptor library	Paired End DNA Library
	Cut-off read length for HQ	70%
	Cut-off quality score	20
	Only statistics	On
	Number of CPUs	2


QC statistics
	File name	KU328820-15_A_L003_R1_031.fastq	KU328820-15_A_L003_R2_031.fastq
	Total number of reads	4000000	4000000
	Total number of HQ reads	3670188	3670188
	Percentage of HQ reads	91.75%	91.75%
	Total number of bases	400000000	400000000
	Total number of bases in HQ reads	367018800	367018800
	Total number of HQ bases in HQ reads	359552101	357823894
	Percentage of HQ bases in HQ reads	97.97%	97.49%
	Number of Primer/Adaptor contaminated HQ reads	4	12
	Total number of HQ filtered reads	3670172	3670172
	Percentage of HQ filtered reads	91.75%	91.75%


Detailed QC statistics
	File name	KU328820-15_A_L003_R1_031.fastq	KU328820-15_A_L003_R2_031.fastq
	Minimum read length	100	100
	Maximum read length	100	100
	Average read length	100.00	100.00
	Total number of reads	4000000	4000000
	Total number of reads with non-ATGC bases	5933	3662
	Percentage of reads with non-ATGC bases	0.15%	0.09%
	Total number of bases	400000000	400000000
	Total number of HQ bases	383013113	376112936
	Percentage of HQ bases	95.75%	94.03%
	Total number of non-ATGC bases	82592	166098
	Percentage of non-ATGC bases	0.02%	0.04%


Average quality score at each base position of input reads

KU328820-15_A_L003_R1_031.fastq
31.79	32.07	32.19	35.73	35.49	35.56	35.59	35.54	36.91	37.07	37.12	37.08	36.73	38.21	38.22	38.32	38.36	38.29	38.35	38.39	38.33	38.34	38.25	37.86	37.99	37.98	37.86	37.90	37.85	37.81	37.71	37.62	37.40	37.43	37.39	37.33	37.27	37.17	36.84	36.85	36.55	36.63	36.56	36.57	36.79	36.80	36.81	36.79	36.70	36.68	36.76	36.77	36.74	36.66	36.63	36.50	36.46	36.36	36.22	36.09	36.00	35.88	35.66	35.53	35.36	35.01	34.89	34.62	34.52	34.33	34.20	34.11	33.94	33.67	33.49	32.52	32.90	32.97	32.89	32.74	32.57	32.42	31.93	31.83	31.73	31.58	31.46	31.35	31.14	30.96	30.90	30.78	30.70	30.53	30.34	30.08	29.85	29.65	29.42	27.97	

KU328820-15_A_L003_R2_031.fastq
36.62	36.61	36.60	36.62	30.89	31.16	31.28	34.83	34.80	34.53	34.64	34.53	36.16	36.31	36.08	35.81	35.71	37.16	37.26	36.89	37.09	37.14	37.24	37.38	37.28	37.02	37.14	37.13	37.11	37.07	36.91	36.86	36.73	36.74	36.52	36.21	36.39	36.46	36.40	36.43	36.37	36.12	36.20	36.13	36.16	36.23	36.18	36.09	36.12	35.93	35.97	35.63	35.72	35.70	34.76	34.94	35.25	35.45	35.59	35.36	35.38	35.29	35.20	34.87	34.81	34.73	34.80	34.67	34.68	34.42	34.30	34.16	34.05	33.61	33.47	33.35	33.33	33.17	33.03	32.78	32.60	32.38	32.24	32.05	31.85	31.63	31.49	31.28	31.16	31.01	30.81	30.62	30.45	30.22	29.97	29.77	29.44	29.41	29.23	29.13	





Read count (%) per base for different quality score ranges

	KU328820-15_A_L003_R1_031.fastq
Ranges	0-10	11-20	21-30	31-40
Base
1	0.21	0.62	14.17	85.01
2	0.16	0.58	12.35	86.91
3	0.14	0.50	12.00	87.36
4	0.18	0.50	4.07	95.25
5	0.61	0.80	4.62	93.97
6	0.20	1.00	4.59	94.21
7	0.21	0.74	4.67	94.38
8	0.25	0.80	4.91	94.04
9	0.75	1.27	4.88	93.10
10	0.24	1.09	4.99	93.68
11	0.24	0.86	4.87	94.03
12	0.27	0.87	5.04	93.83
13	0.88	1.57	5.12	92.42
14	0.44	2.48	7.03	90.05
15	0.53	1.67	7.06	90.74
16	0.49	1.47	6.70	91.34
17	0.47	1.40	6.64	91.49
18	0.54	1.43	6.97	91.06
19	0.55	1.40	6.98	91.07
20	0.53	1.31	6.86	91.30
21	0.58	1.34	7.01	91.07
22	0.58	1.31	6.85	91.26
23	0.66	1.38	7.18	90.78
24	1.59	2.41	7.64	88.36
25	0.79	2.02	7.92	89.27
26	1.07	1.76	7.48	89.69
27	1.25	1.81	7.77	89.17
28	1.25	1.67	7.65	89.43
29	1.34	1.62	7.89	89.15
30	1.40	1.56	8.04	89.00
31	1.52	1.57	8.30	88.61
32	1.60	1.60	8.58	88.21
33	2.16	1.94	8.80	87.10
34	1.71	1.84	9.21	87.25
35	1.78	1.74	9.15	87.33
36	1.82	1.76	9.20	87.23
37	1.89	1.74	9.25	87.12
38	1.96	1.76	9.46	86.83
39	2.73	2.11	9.75	85.41
40	2.16	2.21	10.12	85.51
41	3.04	2.40	10.07	84.49
42	2.24	2.53	10.31	84.92
43	3.19	2.46	10.51	83.83
44	2.93	2.83	10.58	83.65
45	2.32	2.51	10.45	84.73
46	2.48	2.10	10.31	85.12
47	2.53	2.02	10.03	85.41
48	2.57	1.97	10.03	85.43
49	2.67	1.98	10.17	85.17
50	2.71	1.92	10.02	85.36
51	2.69	1.87	9.97	85.48
52	2.71	1.85	9.77	85.66
53	2.81	1.82	9.75	85.62
54	2.95	1.87	9.80	85.38
55	2.96	1.83	9.74	85.47
56	3.06	1.88	9.86	85.19
57	3.08	1.85	9.78	85.28
58	3.15	1.85	9.79	85.22
59	3.27	1.87	10.01	84.85
60	3.32	1.88	10.14	84.66
61	3.37	1.86	10.10	84.67
62	3.41	1.88	10.18	84.53
63	3.56	1.96	10.42	84.06
64	3.59	1.95	10.56	83.91
65	3.69	1.97	10.73	83.61
66	4.27	2.26	10.94	82.53
67	3.89	2.33	11.41	82.37
68	4.27	2.40	11.54	81.79
69	4.05	2.36	11.71	81.89
70	4.14	2.29	11.87	81.70
71	4.18	2.20	11.88	81.73
72	4.19	2.09	11.66	82.05
73	4.28	2.05	11.70	81.98
74	4.44	2.16	12.05	81.36
75	4.52	2.15	12.12	81.22
76	4.39	2.34	15.73	77.54
77	4.41	2.04	13.14	80.41
78	4.61	2.04	12.29	81.06
79	4.74	2.05	12.00	81.21
80	4.87	2.08	11.96	81.10
81	5.00	2.09	11.95	80.97
82	5.12	2.09	11.93	80.86
83	6.08	2.47	12.11	79.33
84	5.62	2.85	12.45	79.08
85	5.71	2.52	12.91	78.85
86	5.92	2.48	12.85	78.75
87	6.11	2.45	12.72	78.71
88	6.31	2.41	12.62	78.66
89	6.62	2.53	12.91	77.94
90	6.95	2.60	13.03	77.42
91	7.13	2.47	12.81	77.59
92	7.43	2.42	12.67	77.48
93	7.72	2.30	12.36	77.61
94	8.21	2.26	12.30	77.23
95	8.74	2.20	12.27	76.78
96	9.40	2.21	12.41	75.99
97	10.08	2.09	12.45	75.38
98	10.78	1.87	12.18	75.17
99	11.60	1.73	11.81	74.86
100	12.83	3.67	18.33	65.17


	KU328820-15_A_L003_R2_031.fastq
Ranges	0-10	11-20	21-30	31-40
Base
1	0.88	0.30	0.19	98.63
2	0.96	0.28	0.20	98.57
3	0.59	0.65	0.25	98.51
4	0.59	0.62	0.22	98.57
5	1.84	1.71	18.97	77.48
6	1.72	1.60	16.36	80.32
7	1.70	1.54	15.61	81.14
8	1.63	1.46	6.35	90.57
9	1.70	1.46	6.46	90.38
10	1.96	2.22	6.70	89.13
11	1.53	2.13	6.74	89.60
12	1.83	2.16	6.59	89.41
13	1.52	2.00	6.51	89.97
14	1.46	1.65	6.15	90.75
15	1.91	1.98	6.36	89.75
16	2.21	2.56	6.71	88.52
17	2.12	2.78	6.96	88.15
18	2.52	3.53	8.57	85.38
19	2.63	3.02	8.32	86.02
20	3.50	3.72	8.71	84.07
21	2.74	3.58	8.85	84.83
22	2.81	3.04	8.68	85.47
23	2.86	2.89	8.87	85.38
24	2.78	2.60	8.47	86.15
25	2.93	2.66	8.76	85.64
26	3.58	3.20	8.90	84.32
27	2.98	3.08	9.02	84.92
28	3.19	2.79	9.29	84.73
29	3.28	2.65	9.26	84.80
30	3.32	2.58	9.37	84.72
31	3.77	2.81	9.46	83.96
32	3.55	2.81	9.82	83.82
33	3.78	2.66	10.13	83.42
34	3.70	2.52	10.18	83.59
35	4.32	2.81	10.39	82.48
36	4.84	3.22	11.00	80.94
37	3.86	3.09	11.33	81.71
38	3.91	2.61	11.17	82.31
39	4.04	2.53	11.16	82.27
40	3.99	2.44	11.11	82.45
41	4.11	2.42	11.23	82.25
42	4.68	2.69	11.39	81.24
43	4.15	2.65	11.52	81.69
44	4.34	2.44	11.57	81.64
45	4.28	2.38	11.32	82.02
46	4.34	2.41	11.50	81.75
47	4.48	2.45	11.45	81.61
48	4.64	2.50	11.59	81.27
49	4.62	2.44	11.44	81.49
50	4.87	2.58	11.78	80.77
51	4.82	2.52	11.52	81.15
52	5.70	2.85	11.61	79.84
53	4.93	3.09	11.94	80.04
54	5.01	2.61	11.93	80.45
55	3.96	2.27	11.99	81.78
56	4.80	2.48	10.82	81.90
57	4.81	2.77	11.39	81.03
58	5.03	2.57	11.46	80.94
59	5.10	2.44	11.19	81.27
60	5.47	2.60	11.64	80.29
61	5.36	2.49	11.54	80.62
62	5.47	2.48	11.49	80.55
63	5.56	2.44	11.63	80.36
64	6.22	2.73	11.81	79.25
65	5.75	2.80	12.19	79.27
66	5.77	2.62	12.13	79.47
67	5.66	2.49	11.84	80.01
68	5.84	2.49	11.83	79.84
69	5.79	2.37	11.57	80.27
70	6.00	2.45	11.92	79.62
71	6.00	2.40	11.90	79.70
72	6.02	2.37	11.92	79.68
73	6.06	2.30	11.80	79.84
74	6.80	2.59	11.98	78.63
75	6.26	2.94	12.42	78.38
76	6.28	2.54	12.71	78.46
77	6.19	2.33	12.14	79.34
78	6.26	2.31	12.05	79.37
79	6.30	2.27	11.92	79.51
80	6.45	2.34	12.22	79.00
81	6.52	2.32	12.18	78.98
82	6.64	2.34	12.33	78.70
83	6.70	2.29	12.20	78.81
84	6.86	2.32	12.21	78.62
85	7.01	2.35	12.23	78.41
86	7.20	2.42	12.42	77.96
87	7.34	2.39	12.34	77.93
88	7.60	2.43	12.43	77.54
89	7.76	2.39	12.29	77.56
90	8.03	2.36	12.19	77.43
91	8.36	2.40	12.19	77.04
92	8.71	2.41	12.29	76.60
93	9.09	2.37	12.18	76.36
94	9.61	2.38	12.27	75.74
95	10.17	2.41	12.40	75.02
96	10.72	2.30	12.32	74.66
97	11.46	2.40	12.69	73.46
98	11.83	1.98	12.05	74.14
99	12.34	1.92	12.04	73.70
100	12.73	1.96	11.36	73.95




