Parameters
	Library type	Paired-end
	Input files	KU328820-15_A_L003_R1_027.fastq	KU328820-15_A_L003_R2_027.fastq
	Primer/Adaptor library	Paired End DNA Library
	Cut-off read length for HQ	70%
	Cut-off quality score	20
	Only statistics	On
	Number of CPUs	2


QC statistics
	File name	KU328820-15_A_L003_R1_027.fastq	KU328820-15_A_L003_R2_027.fastq
	Total number of reads	4000000	4000000
	Total number of HQ reads	3732425	3732425
	Percentage of HQ reads	93.31%	93.31%
	Total number of bases	400000000	400000000
	Total number of bases in HQ reads	373242500	373242500
	Total number of HQ bases in HQ reads	367305429	366518505
	Percentage of HQ bases in HQ reads	98.41%	98.20%
	Number of Primer/Adaptor contaminated HQ reads	5	10
	Total number of HQ filtered reads	3732410	3732410
	Percentage of HQ filtered reads	93.31%	93.31%


Detailed QC statistics
	File name	KU328820-15_A_L003_R1_027.fastq	KU328820-15_A_L003_R2_027.fastq
	Minimum read length	100	100
	Maximum read length	100	100
	Average read length	100.00	100.00
	Total number of reads	4000000	4000000
	Total number of reads with non-ATGC bases	7672	4800
	Percentage of reads with non-ATGC bases	0.19%	0.12%
	Total number of bases	400000000	400000000
	Total number of HQ bases	385922060	382394515
	Percentage of HQ bases	96.48%	95.60%
	Total number of non-ATGC bases	102636	204547
	Percentage of non-ATGC bases	0.03%	0.05%


Average quality score at each base position of input reads

KU328820-15_A_L003_R1_027.fastq
32.24	32.52	32.59	36.11	35.99	35.98	35.96	35.97	37.66	37.62	37.64	37.62	37.61	39.01	38.99	38.96	38.95	38.94	38.94	38.89	38.90	38.83	38.83	38.77	38.44	38.52	38.48	38.42	38.38	38.38	38.29	38.19	38.16	38.10	37.98	37.94	37.86	37.79	37.70	37.64	37.51	37.44	37.66	37.62	37.61	37.49	37.45	37.38	37.36	37.24	37.35	37.24	37.29	37.17	37.10	37.03	36.96	36.83	36.51	36.47	36.43	36.35	36.21	36.08	35.95	35.76	35.59	35.38	35.22	35.10	34.92	34.74	34.55	34.30	34.09	33.12	33.47	33.60	33.53	33.36	33.21	33.07	32.87	32.66	32.41	32.27	32.06	31.95	31.83	31.67	31.50	31.36	31.22	31.05	30.88	30.66	30.51	30.32	30.10	28.75	

KU328820-15_A_L003_R2_027.fastq
36.64	36.63	36.61	36.63	31.65	31.98	32.09	35.55	35.53	35.54	35.47	35.54	37.09	37.10	37.08	37.05	36.74	38.26	38.18	38.17	38.18	38.21	38.25	38.25	38.01	38.13	38.15	38.17	38.10	38.01	38.00	37.91	37.91	37.83	37.80	37.76	37.71	37.60	37.48	37.48	37.42	37.35	37.23	37.27	37.19	37.24	37.29	37.25	37.18	37.08	37.07	36.68	36.76	36.76	35.82	36.21	36.53	36.28	36.39	36.41	36.35	36.25	36.15	35.72	35.75	35.71	35.76	35.72	35.67	35.57	35.45	35.32	35.19	34.98	34.77	34.58	34.42	34.22	34.00	33.83	33.62	33.41	33.26	33.06	32.86	32.66	32.35	30.62	31.22	31.47	31.57	31.52	31.43	31.27	31.16	30.97	30.87	30.72	30.56	30.42	





Read count (%) per base for different quality score ranges

	KU328820-15_A_L003_R1_027.fastq
Ranges	0-10	11-20	21-30	31-40
Base
1	0.18	0.35	9.93	89.55
2	0.10	0.35	8.78	90.77
3	0.10	0.30	8.69	90.90
4	0.10	0.28	2.59	97.03
5	0.17	0.39	3.23	96.22
6	0.14	0.45	3.21	96.20
7	0.15	0.47	3.31	96.07
8	0.15	0.47	3.25	96.14
9	0.16	0.48	3.34	96.02
10	0.17	0.50	3.46	95.86
11	0.16	0.49	3.38	95.97
12	0.17	0.50	3.44	95.89
13	0.17	0.49	3.47	95.87
14	0.38	1.05	5.54	93.03
15	0.38	1.03	5.53	93.06
16	0.43	1.05	5.59	92.93
17	0.41	1.08	5.58	92.93
18	0.42	1.06	5.59	92.93
19	0.47	1.12	5.80	92.61
20	0.50	1.15	5.93	92.42
21	0.51	1.10	5.80	92.59
22	0.58	1.14	5.97	92.31
23	0.57	1.10	5.86	92.46
24	0.67	1.17	6.22	91.94
25	1.55	1.85	6.58	90.02
26	1.01	1.67	6.59	90.73
27	1.13	1.51	6.50	90.86
28	1.27	1.51	6.61	90.61
29	1.29	1.45	6.70	90.56
30	1.32	1.34	6.69	90.65
31	1.44	1.33	6.95	90.27
32	1.54	1.36	7.30	89.80
33	1.56	1.32	7.28	89.84
34	1.61	1.33	7.47	89.59
35	1.74	1.40	7.72	89.14
36	1.75	1.37	7.74	89.14
37	1.81	1.39	7.81	88.99
38	1.84	1.39	7.90	88.88
39	1.93	1.43	7.97	88.67
40	1.97	1.42	7.98	88.63
41	2.08	1.49	8.17	88.27
42	2.12	1.50	8.13	88.25
43	2.10	1.44	8.14	88.32
44	2.24	1.49	8.24	88.04
45	2.31	1.51	8.11	88.07
46	2.47	1.60	8.40	87.53
47	2.50	1.60	8.43	87.46
48	2.57	1.60	8.46	87.37
49	2.60	1.59	8.38	87.43
50	2.72	1.64	8.51	87.13
51	2.67	1.57	8.38	87.38
52	2.85	1.64	8.49	87.01
53	2.86	1.56	8.28	87.31
54	2.98	1.62	8.42	86.99
55	3.04	1.60	8.41	86.94
56	3.09	1.60	8.43	86.87
57	3.13	1.58	8.35	86.93
58	3.20	1.60	8.50	86.70
59	3.96	1.88	8.67	85.48
60	3.40	2.01	9.04	85.56
61	3.38	1.74	8.91	85.98
62	3.43	1.67	8.74	86.16
63	3.51	1.67	8.83	85.98
64	3.53	1.63	8.91	85.93
65	3.59	1.64	8.96	85.82
66	3.66	1.65	9.07	85.61
67	3.72	1.68	9.22	85.38
68	3.80	1.73	9.37	85.09
69	3.82	1.72	9.47	84.99
70	3.82	1.65	9.38	85.15
71	3.88	1.65	9.45	85.02
72	3.94	1.65	9.47	84.94
73	4.01	1.66	9.54	84.79
74	4.12	1.73	9.75	84.40
75	4.23	1.72	9.89	84.17
76	4.03	1.90	12.97	81.10
77	4.08	1.67	10.70	83.55
78	4.18	1.59	9.77	84.46
79	4.29	1.57	9.47	84.66
80	4.42	1.62	9.40	84.57
81	4.51	1.62	9.36	84.52
82	4.57	1.60	9.29	84.53
83	4.70	1.66	9.41	84.23
84	4.89	1.73	9.62	83.75
85	5.14	1.86	9.97	83.04
86	5.28	1.86	10.02	82.84
87	5.54	1.98	10.25	82.24
88	5.65	1.94	10.24	82.17
89	5.83	1.92	10.21	82.04
90	6.10	1.96	10.31	81.64
91	6.40	2.02	10.46	81.12
92	6.66	2.00	10.53	80.81
93	6.99	1.97	10.52	80.53
94	7.39	1.96	10.60	80.05
95	7.84	1.93	10.58	79.66
96	8.38	1.91	10.70	79.01
97	8.90	1.73	10.52	78.85
98	9.51	1.60	10.39	78.50
99	10.23	1.51	10.19	78.08
100	11.29	3.14	16.45	69.12


	KU328820-15_A_L003_R2_027.fastq
Ranges	0-10	11-20	21-30	31-40
Base
1	0.82	0.32	0.20	98.66
2	0.91	0.28	0.18	98.64
3	0.61	0.61	0.26	98.52
4	0.59	0.58	0.24	98.59
5	1.11	0.96	12.98	84.95
6	0.99	0.85	10.78	87.37
7	0.99	0.85	10.39	87.76
8	1.00	0.82	4.10	94.09
9	1.03	0.83	4.16	93.98
10	0.90	0.96	4.10	94.03
11	0.98	1.02	4.30	93.70
12	0.94	0.92	3.98	94.16
13	1.05	0.99	4.26	93.70
14	1.05	0.96	4.16	93.84
15	1.09	0.96	4.19	93.75
16	1.13	0.98	4.27	93.62
17	1.57	1.63	4.46	92.35
18	2.18	2.65	6.96	88.20
19	2.55	2.80	6.75	87.89
20	2.36	2.71	7.01	87.92
21	2.37	2.39	6.90	88.34
22	2.35	2.23	6.81	88.61
23	2.46	2.17	7.04	88.33
24	2.51	2.04	6.97	88.48
25	3.15	2.56	7.22	87.07
26	2.54	2.22	7.17	88.07
27	2.59	1.94	7.04	88.43
28	2.70	1.92	7.26	88.12
29	2.82	1.92	7.44	87.81
30	2.93	1.94	7.59	87.54
31	2.94	1.87	7.58	87.62
32	3.05	1.86	7.81	87.28
33	3.02	1.78	7.80	87.41
34	3.13	1.77	8.07	87.04
35	3.11	1.72	8.12	87.04
36	3.14	1.70	8.26	86.90
37	3.21	1.70	8.39	86.70
38	3.33	1.75	8.64	86.28
39	3.46	1.81	8.90	85.83
40	3.44	1.76	8.82	85.98
41	3.47	1.79	8.93	85.81
42	3.57	1.80	8.99	85.64
43	3.66	1.86	9.15	85.33
44	3.52	1.77	8.97	85.74
45	3.61	1.78	8.93	85.68
46	3.72	1.85	9.21	85.22
47	3.73	1.82	9.07	85.38
48	3.82	1.82	9.07	85.29
49	3.96	1.87	9.14	85.04
50	4.04	1.91	9.24	84.81
51	4.03	1.88	9.15	84.95
52	5.14	2.32	9.32	83.22
53	4.12	2.47	9.95	83.46
54	4.19	2.08	9.62	84.10
55	3.15	1.67	9.05	86.13
56	3.38	1.59	8.20	86.83
57	3.80	1.67	8.44	86.09
58	4.95	2.24	9.05	83.76
59	4.35	2.40	9.64	83.60
60	4.44	2.03	9.57	83.95
61	4.49	2.04	9.40	84.06
62	4.58	2.03	9.44	83.94
63	4.66	2.01	9.59	83.75
64	5.64	2.47	9.70	82.19
65	4.68	2.64	10.23	82.45
66	4.70	2.19	10.08	83.03
67	4.66	2.10	9.74	83.50
68	4.74	1.98	9.56	83.72
69	4.76	1.87	9.38	83.99
70	4.80	1.82	9.32	84.07
71	4.81	1.78	9.27	84.14
72	4.82	1.73	9.19	84.26
73	4.82	1.69	9.06	84.43
74	4.89	1.71	9.19	84.22
75	4.94	1.76	9.32	83.98
76	4.92	1.75	9.43	83.91
77	4.92	1.70	9.33	84.05
78	4.98	1.71	9.37	83.94
79	5.05	1.75	9.42	83.79
80	5.04	1.71	9.44	83.80
81	5.12	1.72	9.46	83.71
82	5.20	1.74	9.51	83.55
83	5.22	1.68	9.41	83.68
84	5.36	1.72	9.41	83.52
85	5.48	1.75	9.47	83.29
86	5.64	1.76	9.55	83.05
87	5.93	1.88	9.98	82.21
88	9.69	3.60	11.86	74.85
89	6.66	3.86	12.96	76.52
90	6.57	2.57	12.22	78.64
91	6.66	2.16	10.79	80.39
92	6.87	2.03	10.32	80.79
93	7.10	1.93	10.06	80.91
94	7.44	1.93	10.10	80.53
95	7.72	1.82	9.90	80.56
96	8.16	1.81	9.97	80.06
97	8.52	1.63	9.66	80.19
98	8.94	1.53	9.56	79.97
99	9.34	1.49	9.63	79.54
100	9.69	1.60	9.43	79.29




