Parameters
	Library type	Paired-end
	Input files	KU328820-15_A_L003_R1_011.fastq	KU328820-15_A_L003_R2_011.fastq
	Primer/Adaptor library	Paired End DNA Library
	Cut-off read length for HQ	70%
	Cut-off quality score	20
	Only statistics	On
	Number of CPUs	2


QC statistics
	File name	KU328820-15_A_L003_R1_011.fastq	KU328820-15_A_L003_R2_011.fastq
	Total number of reads	4000000	4000000
	Total number of HQ reads	3750749	3750749
	Percentage of HQ reads	93.77%	93.77%
	Total number of bases	400000000	400000000
	Total number of bases in HQ reads	375074900	375074900
	Total number of HQ bases in HQ reads	369614341	369909853
	Percentage of HQ bases in HQ reads	98.54%	98.62%
	Number of Primer/Adaptor contaminated HQ reads	9	10
	Total number of HQ filtered reads	3750730	3750730
	Percentage of HQ filtered reads	93.77%	93.77%


Detailed QC statistics
	File name	KU328820-15_A_L003_R1_011.fastq	KU328820-15_A_L003_R2_011.fastq
	Minimum read length	100	100
	Maximum read length	100	100
	Average read length	100.00	100.00
	Total number of reads	4000000	4000000
	Total number of reads with non-ATGC bases	34309	34881
	Percentage of reads with non-ATGC bases	0.86%	0.87%
	Total number of bases	400000000	400000000
	Total number of HQ bases	387013969	385696902
	Percentage of HQ bases	96.75%	96.42%
	Total number of non-ATGC bases	792898	172378
	Percentage of non-ATGC bases	0.20%	0.04%


Average quality score at each base position of input reads

KU328820-15_A_L003_R1_011.fastq
32.51	32.76	32.83	36.27	36.17	36.18	36.18	36.16	37.93	37.89	37.88	37.85	37.84	39.33	39.31	39.28	39.22	39.20	39.24	39.21	39.20	39.11	39.08	39.05	39.01	38.93	38.88	38.79	38.74	38.68	38.63	38.56	38.43	38.39	38.34	38.29	38.18	38.10	38.03	37.92	37.86	37.75	37.95	37.95	37.92	37.87	37.81	37.72	37.66	37.56	37.61	37.60	37.60	37.55	37.47	37.39	37.29	37.17	37.07	36.94	36.80	36.68	36.50	36.36	36.19	36.00	35.84	35.66	35.45	35.10	34.92	34.75	34.49	33.96	33.97	32.83	33.40	33.62	33.61	33.46	33.23	33.08	32.89	32.75	32.56	32.37	32.19	32.04	31.91	31.76	31.62	31.47	31.31	31.17	31.01	30.84	30.63	30.42	30.21	28.81	

KU328820-15_A_L003_R2_011.fastq
36.35	36.37	36.31	36.35	32.16	32.41	32.43	35.84	35.81	35.80	35.81	35.80	37.50	37.48	37.45	37.42	37.38	38.84	38.81	38.81	38.78	38.76	38.74	38.71	38.67	38.63	38.58	38.57	38.53	38.46	38.43	38.35	38.30	38.31	38.24	38.20	38.13	38.05	37.96	37.93	37.91	37.82	37.79	37.72	37.66	37.71	37.65	37.59	37.60	37.57	37.48	37.42	37.35	37.28	36.13	36.57	36.92	37.04	37.00	36.95	36.88	36.76	36.66	36.53	36.40	36.24	36.28	36.25	36.17	36.04	35.82	35.68	35.53	35.38	35.23	35.05	34.87	34.67	34.44	34.28	34.07	33.86	33.67	33.46	33.27	33.07	32.90	32.74	32.57	32.41	32.21	32.04	31.90	31.76	31.60	31.47	31.33	31.19	31.02	30.88	





Read count (%) per base for different quality score ranges

	KU328820-15_A_L003_R1_011.fastq
Ranges	0-10	11-20	21-30	31-40
Base
1	0.19	0.28	7.67	91.86
2	0.07	0.32	6.94	92.67
3	0.07	0.24	6.91	92.78
4	0.07	0.22	2.02	97.70
5	0.12	0.29	2.58	97.00
6	0.09	0.32	2.50	97.08
7	0.10	0.33	2.49	97.08
8	0.10	0.33	2.55	97.01
9	0.10	0.33	2.54	97.03
10	0.11	0.35	2.69	96.85
11	0.12	0.36	2.70	96.83
12	0.12	0.37	2.76	96.74
13	0.13	0.37	2.80	96.70
14	0.28	0.82	4.77	94.12
15	0.31	0.83	4.84	94.02
16	0.33	0.85	4.87	93.96
17	0.36	0.91	5.07	93.66
18	0.43	0.88	4.96	93.73
19	0.39	0.95	5.04	93.62
20	0.41	0.91	5.10	93.58
21	0.41	0.90	5.06	93.63
22	0.48	0.94	5.28	93.30
23	0.51	0.95	5.26	93.29
24	0.57	0.99	5.47	92.97
25	0.60	0.97	5.53	92.90
26	0.83	1.04	5.50	92.64
27	0.89	1.07	5.58	92.46
28	0.99	1.11	5.78	92.12
29	1.05	1.10	5.86	92.00
30	1.10	1.10	5.98	91.82
31	1.15	1.08	6.04	91.73
32	1.23	1.10	6.27	91.40
33	1.33	1.17	6.61	90.90
34	1.33	1.14	6.64	90.89
35	1.36	1.14	6.69	90.81
36	1.39	1.14	6.69	90.77
37	1.48	1.17	6.89	90.45
38	1.52	1.21	6.99	90.29
39	1.56	1.20	6.99	90.26
40	1.65	1.23	7.12	90.00
41	1.66	1.24	7.10	90.00
42	1.74	1.29	7.21	89.77
43	1.74	1.26	7.26	89.74
44	1.84	1.28	7.28	89.60
45	1.93	1.32	7.26	89.48
46	1.98	1.34	7.38	89.30
47	2.07	1.35	7.42	89.16
48	2.15	1.38	7.50	88.96
49	2.20	1.39	7.57	88.84
50	2.28	1.45	7.64	88.63
51	2.30	1.42	7.67	88.61
52	2.37	1.42	7.54	88.67
53	2.42	1.38	7.43	88.78
54	2.48	1.37	7.40	88.75
55	2.55	1.38	7.49	88.57
56	2.61	1.39	7.49	88.51
57	2.68	1.40	7.50	88.42
58	2.75	1.41	7.63	88.21
59	2.81	1.39	7.71	88.10
60	2.86	1.41	7.76	87.97
61	2.93	1.41	7.83	87.84
62	2.96	1.42	7.88	87.73
63	3.06	1.47	8.03	87.44
64	3.11	1.47	8.13	87.30
65	3.18	1.51	8.32	87.00
66	3.27	1.52	8.48	86.73
67	3.31	1.51	8.49	86.69
68	3.38	1.52	8.59	86.51
69	3.53	1.52	8.64	86.30
70	4.04	1.54	8.79	85.62
71	4.15	1.54	8.86	85.45
72	4.20	1.55	8.93	85.32
73	4.28	1.60	9.24	84.88
74	4.44	1.90	10.49	83.18
75	4.46	1.70	9.79	84.06
76	4.16	1.90	13.82	80.12
77	4.19	1.58	10.35	83.89
78	4.29	1.48	9.18	85.05
79	4.38	1.42	8.75	85.45
80	4.49	1.46	8.67	85.38
81	4.64	1.56	8.89	84.91
82	4.71	1.57	8.88	84.85
83	4.85	1.59	9.01	84.56
84	4.96	1.57	8.92	84.55
85	5.10	1.67	9.09	84.15
86	5.28	1.73	9.32	83.67
87	5.47	1.78	9.55	83.20
88	5.66	1.80	9.60	82.95
89	5.82	1.81	9.65	82.72
90	6.06	1.84	9.78	82.32
91	6.30	1.86	9.82	82.02
92	6.59	1.87	9.90	81.65
93	6.91	1.90	10.04	81.14
94	7.23	1.85	10.09	80.83
95	7.65	1.82	10.09	80.45
96	8.12	1.76	10.06	80.06
97	8.69	1.67	10.09	79.55
98	9.29	1.57	10.14	79.00
99	9.97	1.45	9.99	78.59
100	11.06	3.14	16.53	69.27


	KU328820-15_A_L003_R2_011.fastq
Ranges	0-10	11-20	21-30	31-40
Base
1	1.66	0.32	0.18	97.84
2	1.68	0.30	0.17	97.85
3	1.52	0.57	0.27	97.63
4	1.41	0.61	0.22	97.76
5	0.82	0.66	9.61	88.91
6	0.73	0.65	8.42	90.20
7	0.76	0.66	8.39	90.19
8	0.74	0.63	3.24	95.40
9	0.78	0.64	3.34	95.25
10	0.70	0.75	3.36	95.19
11	0.69	0.73	3.30	95.28
12	0.70	0.73	3.30	95.26
13	0.72	0.72	3.29	95.26
14	0.74	0.72	3.35	95.19
15	0.77	0.74	3.35	95.14
16	0.80	0.76	3.42	95.02
17	0.84	0.78	3.53	94.85
18	1.79	1.64	5.88	90.69
19	1.84	1.64	5.98	90.53
20	1.85	1.61	5.90	90.64
21	1.88	1.60	5.99	90.52
22	1.93	1.60	5.92	90.55
23	2.09	1.67	6.23	90.02
24	2.11	1.70	6.23	89.97
25	2.12	1.68	6.25	89.95
26	2.16	1.66	6.30	89.88
27	2.25	1.64	6.35	89.75
28	2.36	1.67	6.56	89.40
29	2.41	1.64	6.62	89.32
30	2.46	1.65	6.75	89.13
31	2.48	1.62	6.76	89.14
32	2.55	1.57	6.93	88.96
33	2.63	1.55	7.00	88.83
34	2.56	1.50	7.00	88.94
35	2.64	1.49	7.17	88.69
36	2.68	1.48	7.31	88.53
37	2.72	1.50	7.47	88.32
38	2.77	1.51	7.69	88.03
39	2.83	1.54	7.86	87.77
40	2.84	1.50	7.86	87.80
41	2.84	1.50	7.78	87.88
42	2.92	1.50	7.88	87.70
43	2.92	1.50	7.84	87.73
44	2.97	1.52	7.87	87.64
45	3.00	1.51	7.89	87.60
46	3.14	1.58	8.19	87.10
47	3.24	1.61	8.25	86.90
48	3.33	1.64	8.33	86.70
49	3.31	1.63	8.19	86.87
50	3.38	1.61	8.14	86.86
51	3.50	1.63	8.16	86.71
52	3.53	1.70	8.22	86.56
53	3.58	1.69	8.31	86.43
54	3.61	1.68	8.29	86.42
55	2.65	1.41	8.04	87.90
56	2.84	1.41	7.23	88.51
57	3.22	1.51	7.53	87.74
58	3.57	1.59	7.96	86.87
59	3.82	1.70	8.33	86.16
60	3.86	1.70	8.37	86.07
61	3.93	1.70	8.39	85.99
62	3.98	1.74	8.48	85.81
63	3.99	1.71	8.58	85.71
64	4.05	1.73	8.64	85.57
65	4.06	1.74	8.72	85.48
66	4.12	1.78	8.88	85.21
67	4.07	1.71	8.71	85.51
68	4.12	1.62	8.40	85.86
69	4.18	1.56	8.28	85.97
70	4.21	1.55	8.26	85.98
71	4.31	1.61	8.38	85.70
72	4.32	1.57	8.34	85.78
73	4.31	1.57	8.32	85.81
74	4.26	1.60	8.27	85.87
75	4.20	1.56	8.24	86.00
76	4.25	1.52	8.22	86.01
77	4.23	1.49	8.26	86.02
78	4.26	1.49	8.31	85.94
79	4.32	1.53	8.43	85.71
80	4.30	1.49	8.36	85.85
81	4.36	1.50	8.38	85.76
82	4.43	1.52	8.45	85.60
83	4.50	1.53	8.43	85.54
84	4.61	1.56	8.58	85.25
85	4.69	1.57	8.65	85.09
86	4.81	1.60	8.73	84.85
87	4.93	1.62	8.77	84.68
88	5.06	1.63	8.77	84.53
89	5.22	1.64	8.80	84.34
90	5.40	1.66	8.85	84.09
91	5.66	1.73	9.01	83.60
92	5.91	1.76	9.16	83.18
93	6.12	1.71	9.18	82.98
94	6.40	1.70	9.11	82.79
95	6.72	1.69	9.15	82.44
96	7.05	1.60	9.07	82.28
97	7.44	1.52	8.95	82.09
98	7.81	1.42	8.85	81.92
99	8.20	1.39	9.05	81.36
100	8.54	1.48	8.84	81.14




