Parameters
	Library type	Paired-end
	Input files	KU328820-15_A_L003_R1_046.fastq	KU328820-15_A_L003_R2_046.fastq
	Primer/Adaptor library	Paired End DNA Library
	Cut-off read length for HQ	70%
	Cut-off quality score	20
	Only statistics	On
	Number of CPUs	2


QC statistics
	File name	KU328820-15_A_L003_R1_046.fastq	KU328820-15_A_L003_R2_046.fastq
	Total number of reads	4000000	4000000
	Total number of HQ reads	3718071	3718071
	Percentage of HQ reads	92.95%	92.95%
	Total number of bases	400000000	400000000
	Total number of bases in HQ reads	371807100	371807100
	Total number of HQ bases in HQ reads	364842580	364333636
	Percentage of HQ bases in HQ reads	98.13%	97.99%
	Number of Primer/Adaptor contaminated HQ reads	7	14
	Total number of HQ filtered reads	3718050	3718050
	Percentage of HQ filtered reads	92.95%	92.95%


Detailed QC statistics
	File name	KU328820-15_A_L003_R1_046.fastq	KU328820-15_A_L003_R2_046.fastq
	Minimum read length	100	100
	Maximum read length	100	100
	Average read length	100.00	100.00
	Total number of reads	4000000	4000000
	Total number of reads with non-ATGC bases	2886	3279
	Percentage of reads with non-ATGC bases	0.07%	0.08%
	Total number of bases	400000000	400000000
	Total number of HQ bases	384826718	380409521
	Percentage of HQ bases	96.21%	95.10%
	Total number of non-ATGC bases	6571	58073
	Percentage of non-ATGC bases	0.00%	0.01%


Average quality score at each base position of input reads

KU328820-15_A_L003_R1_046.fastq
31.78	32.19	32.34	35.92	35.84	35.88	35.84	35.85	37.04	37.37	37.43	37.44	37.43	38.78	38.80	38.71	38.65	38.67	38.77	38.72	38.67	38.28	38.44	38.43	38.15	38.24	38.25	38.06	38.11	38.08	38.02	37.99	37.74	37.70	37.66	37.63	37.34	37.35	37.38	37.37	37.07	37.09	37.39	37.38	37.39	37.38	37.31	37.27	37.18	37.12	37.18	36.81	36.88	36.89	36.87	36.81	36.73	36.61	36.52	36.37	36.26	36.07	35.94	35.80	35.64	35.48	35.33	35.22	34.98	34.83	34.66	34.47	34.23	34.00	33.81	32.95	33.22	33.35	33.28	33.11	32.99	32.35	32.25	32.15	32.06	31.93	31.83	31.74	31.60	31.45	31.23	31.09	30.93	30.75	30.47	30.22	30.08	29.90	29.67	28.16	

KU328820-15_A_L003_R2_046.fastq
36.64	36.62	36.61	36.62	31.17	31.57	31.73	35.28	35.28	35.28	35.27	35.28	36.82	36.73	36.76	36.72	36.49	37.93	38.04	37.97	37.96	37.86	37.96	37.90	37.89	37.85	37.82	37.81	37.77	37.71	37.64	37.58	37.57	37.51	37.43	37.28	37.14	37.22	36.91	36.99	36.98	36.71	36.44	36.61	36.34	36.66	36.72	36.82	36.80	36.76	36.67	36.39	36.39	36.40	35.43	35.49	35.86	36.09	36.13	36.06	36.03	35.91	35.84	35.72	35.59	35.47	35.44	35.34	34.87	34.86	34.82	34.73	34.49	34.39	34.25	34.14	33.97	33.79	33.63	33.43	33.27	33.03	32.80	32.60	32.46	32.29	32.09	31.87	31.69	31.52	31.37	31.24	31.08	30.92	30.70	30.54	30.36	30.20	30.03	29.80	





Read count (%) per base for different quality score ranges

	KU328820-15_A_L003_R1_046.fastq
Ranges	0-10	11-20	21-30	31-40
Base
1	0.72	0.91	12.56	85.82
2	0.18	0.82	11.15	87.85
3	0.14	0.47	10.84	88.55
4	0.13	0.40	3.21	96.26
5	0.18	0.47	3.72	95.63
6	0.14	0.49	3.55	95.81
7	0.16	0.52	3.76	95.56
8	0.16	0.51	3.69	95.64
9	0.83	1.29	4.47	93.41
10	0.18	0.83	4.05	94.93
11	0.17	0.60	3.91	95.32
12	0.18	0.59	3.91	95.32
13	0.19	0.59	4.00	95.22
14	0.37	1.12	5.91	92.61
15	0.38	1.06	5.76	92.80
16	0.45	1.13	6.08	92.35
17	0.47	1.21	6.22	92.11
18	0.44	1.14	6.03	92.39
19	0.45	1.10	5.94	92.50
20	0.47	1.13	6.09	92.31
21	0.50	1.16	6.19	92.15
22	1.52	2.12	6.44	89.92
23	0.56	1.87	6.84	90.73
24	0.63	1.46	6.76	91.14
25	1.53	2.21	6.76	89.50
26	0.94	1.99	7.12	89.95
27	1.02	1.58	6.85	90.55
28	1.60	1.88	6.98	89.54
29	1.16	1.72	7.25	89.87
30	1.24	1.49	7.28	89.99
31	1.32	1.45	7.40	89.82
32	1.36	1.39	7.47	89.79
33	2.04	1.72	7.69	88.55
34	1.51	1.87	8.26	88.36
35	1.57	1.58	8.44	88.41
36	1.60	1.53	8.32	88.55
37	2.27	1.87	8.60	87.27
38	1.76	1.90	8.91	87.43
39	1.76	1.64	8.69	87.91
40	1.77	1.56	8.48	88.18
41	2.46	1.87	8.74	86.92
42	1.94	1.87	9.03	87.16
43	1.88	1.58	8.77	87.76
44	2.03	1.62	8.76	87.59
45	2.11	1.63	8.68	87.57
46	2.15	1.62	8.68	87.56
47	2.24	1.64	8.76	87.36
48	2.26	1.64	8.72	87.37
49	2.36	1.67	8.89	87.08
50	2.42	1.65	8.84	87.09
51	2.37	1.65	8.80	87.18
52	3.54	2.06	8.97	85.43
53	2.64	2.24	9.45	85.68
54	2.67	1.85	9.23	86.24
55	2.73	1.81	8.98	86.48
56	2.79	1.76	8.96	86.49
57	2.86	1.74	9.00	86.40
58	2.94	1.76	9.10	86.20
59	2.98	1.72	9.18	86.13
60	3.10	1.75	9.31	85.84
61	3.14	1.74	9.35	85.77
62	3.24	1.81	9.61	85.34
63	3.30	1.82	9.67	85.21
64	3.35	1.82	9.75	85.08
65	3.44	1.84	9.89	84.82
66	3.51	1.85	10.03	84.61
67	3.55	1.85	10.08	84.52
68	3.54	1.80	10.02	84.63
69	3.68	1.85	10.31	84.17
70	3.70	1.83	10.32	84.14
71	3.76	1.83	10.40	84.01
72	3.83	1.83	10.53	83.81
73	3.95	1.89	10.73	83.43
74	4.06	1.94	10.99	83.01
75	4.14	1.95	11.05	82.86
76	3.91	2.06	14.10	79.93
77	4.00	1.85	12.01	82.14
78	4.10	1.79	11.02	83.09
79	4.23	1.77	10.71	83.29
80	4.36	1.81	10.71	83.11
81	4.44	1.79	10.54	83.23
82	5.27	2.60	11.49	80.63
83	5.00	2.85	11.37	80.77
84	5.11	2.55	11.70	80.65
85	5.21	2.37	11.71	80.71
86	5.38	2.26	11.75	80.60
87	5.54	2.19	11.61	80.65
88	5.71	2.12	11.39	80.78
89	5.94	2.13	11.40	80.54
90	6.21	2.14	11.45	80.21
91	6.58	2.24	11.73	79.44
92	6.89	2.21	11.72	79.18
93	7.28	2.19	11.74	78.79
94	7.73	2.16	11.72	78.39
95	8.36	2.27	12.09	77.28
96	8.98	2.26	12.26	76.50
97	9.52	2.02	12.03	76.43
98	10.16	1.79	11.75	76.30
99	10.96	1.66	11.41	75.96
100	12.17	3.61	18.63	65.59


	KU328820-15_A_L003_R2_046.fastq
Ranges	0-10	11-20	21-30	31-40
Base
1	0.80	0.30	0.16	98.73
2	0.94	0.26	0.19	98.61
3	0.57	0.64	0.29	98.50
4	0.61	0.58	0.22	98.59
5	1.42	1.31	16.28	80.99
6	1.23	1.11	13.24	84.42
7	1.26	1.06	12.49	85.19
8	1.24	1.01	4.87	92.88
9	1.28	0.99	4.85	92.88
10	1.12	1.19	4.84	92.85
11	1.14	1.19	4.89	92.78
12	1.12	1.20	4.83	92.85
13	1.17	1.24	4.95	92.65
14	1.25	1.29	5.20	92.26
15	1.23	1.25	5.05	92.48
16	1.28	1.28	5.13	92.31
17	1.68	1.70	5.23	91.38
18	2.24	2.58	7.57	87.60
19	2.24	2.22	7.10	88.44
20	2.35	2.24	7.32	88.09
21	2.38	2.23	7.31	88.09
22	2.51	2.28	7.55	87.65
23	2.52	2.26	7.57	87.65
24	2.59	2.25	7.66	87.50
25	2.62	2.20	7.63	87.55
26	2.68	2.17	7.70	87.45
27	2.73	2.12	7.68	87.47
28	2.88	2.16	8.01	86.95
29	2.95	2.13	8.02	86.91
30	2.98	2.11	8.15	86.75
31	3.06	2.08	8.28	86.57
32	3.11	2.05	8.45	86.40
33	3.11	1.96	8.49	86.44
34	3.19	1.95	8.68	86.18
35	3.28	1.97	8.92	85.83
36	3.58	2.16	9.11	85.15
37	3.45	2.28	9.71	84.56
38	3.34	2.00	9.54	85.12
39	4.14	2.51	9.70	83.65
40	3.42	2.49	10.21	83.88
41	3.51	2.11	10.06	84.32
42	4.37	2.39	9.92	83.32
43	4.18	3.08	10.69	82.04
44	3.59	2.69	10.75	82.96
45	4.69	2.66	10.44	82.21
46	3.70	2.73	10.71	82.86
47	3.89	2.24	10.50	83.37
48	3.86	2.07	10.05	84.01
49	4.01	2.08	9.97	83.95
50	4.09	2.07	9.98	83.86
51	4.21	2.09	10.04	83.66
52	4.83	2.40	10.21	82.56
53	4.36	2.49	10.55	82.60
54	4.38	2.27	10.32	83.03
55	3.46	1.95	10.16	84.43
56	4.47	2.35	9.38	83.80
57	4.18	2.67	10.23	82.92
58	4.38	2.30	10.30	83.03
59	4.60	2.24	10.15	83.01
60	4.70	2.25	10.27	82.78
61	4.74	2.18	10.18	82.90
62	4.88	2.18	10.28	82.66
63	4.84	2.13	10.37	82.65
64	4.93	2.14	10.42	82.51
65	4.97	2.15	10.48	82.40
66	5.02	2.16	10.47	82.35
67	5.03	2.12	10.49	82.36
68	5.10	2.11	10.41	82.38
69	5.72	2.61	11.17	80.50
70	5.25	2.83	10.94	80.97
71	5.26	2.38	10.97	81.38
72	5.35	2.17	10.65	81.83
73	5.67	2.27	10.55	81.52
74	5.40	2.33	10.62	81.65
75	5.40	2.15	10.69	81.75
76	5.39	2.04	10.51	82.06
77	5.43	1.99	10.49	82.09
78	5.42	1.97	10.52	82.09
79	5.47	1.92	10.42	82.20
80	5.55	1.93	10.46	82.05
81	5.58	1.91	10.39	82.12
82	5.70	1.96	10.57	81.77
83	5.84	2.02	10.73	81.41
84	5.94	2.04	10.79	81.23
85	6.00	1.99	10.70	81.30
86	6.16	1.99	10.64	81.21
87	6.35	2.04	10.76	80.85
88	6.59	2.10	10.90	80.41
89	6.81	2.14	10.96	80.09
90	7.05	2.16	11.00	79.79
91	7.28	2.14	10.95	79.64
92	7.51	2.09	10.83	79.57
93	7.82	2.07	10.83	79.27
94	8.19	2.03	10.77	79.00
95	8.65	2.05	10.85	78.45
96	9.13	1.94	10.68	78.25
97	9.63	1.86	10.62	77.89
98	10.09	1.71	10.51	77.68
99	10.55	1.63	10.51	77.31
100	10.99	1.92	10.68	76.41




