Parameters
	Library type	Paired-end
	Input files	KU328820-15_A_L003_R1_035.fastq	KU328820-15_A_L003_R2_035.fastq
	Primer/Adaptor library	Paired End DNA Library
	Cut-off read length for HQ	70%
	Cut-off quality score	20
	Only statistics	On
	Number of CPUs	2


QC statistics
	File name	KU328820-15_A_L003_R1_035.fastq	KU328820-15_A_L003_R2_035.fastq
	Total number of reads	4000000	4000000
	Total number of HQ reads	3752818	3752818
	Percentage of HQ reads	93.82%	93.82%
	Total number of bases	400000000	400000000
	Total number of bases in HQ reads	375281800	375281800
	Total number of HQ bases in HQ reads	369791107	369738987
	Percentage of HQ bases in HQ reads	98.54%	98.52%
	Number of Primer/Adaptor contaminated HQ reads	4	9
	Total number of HQ filtered reads	3752805	3752805
	Percentage of HQ filtered reads	93.82%	93.82%


Detailed QC statistics
	File name	KU328820-15_A_L003_R1_035.fastq	KU328820-15_A_L003_R2_035.fastq
	Minimum read length	100	100
	Maximum read length	100	100
	Average read length	100.00	100.00
	Total number of reads	4000000	4000000
	Total number of reads with non-ATGC bases	6016	7324
	Percentage of reads with non-ATGC bases	0.15%	0.18%
	Total number of bases	400000000	400000000
	Total number of HQ bases	387113757	384607041
	Percentage of HQ bases	96.78%	96.15%
	Total number of non-ATGC bases	22655	148594
	Percentage of non-ATGC bases	0.01%	0.04%


Average quality score at each base position of input reads

KU328820-15_A_L003_R1_035.fastq
32.44	32.68	32.73	36.24	36.14	36.14	36.12	36.11	37.87	37.84	37.85	37.82	37.81	39.27	39.23	39.22	39.15	39.13	39.17	39.10	39.09	39.06	38.99	38.96	38.94	38.87	38.78	38.72	38.67	38.62	38.58	38.49	38.36	38.31	38.21	38.17	38.06	38.00	37.90	37.82	37.75	37.65	37.83	37.84	37.82	37.77	37.67	37.58	37.51	37.42	37.52	37.55	37.45	37.40	37.32	37.23	37.13	37.05	36.97	36.79	36.68	36.56	36.41	36.25	36.13	35.95	35.76	35.59	35.40	35.27	35.09	34.90	34.72	34.53	34.32	33.38	33.70	33.80	33.72	33.58	33.41	33.18	32.92	32.78	32.62	32.47	32.28	32.13	31.96	31.81	31.67	31.50	31.33	31.20	31.02	30.87	30.73	30.51	30.30	28.85	

KU328820-15_A_L003_R2_035.fastq
36.63	36.63	36.60	36.61	31.69	32.12	32.25	35.70	35.71	35.71	35.72	35.73	37.42	37.40	37.36	37.36	37.32	38.75	38.70	38.67	38.64	38.63	38.64	38.59	38.53	38.52	38.48	38.47	38.46	38.36	38.30	38.25	38.20	38.12	38.09	38.04	38.01	37.90	37.84	37.79	37.77	37.68	37.66	37.58	37.49	37.59	37.56	37.55	37.49	37.45	37.37	37.31	37.16	37.12	36.10	36.50	36.78	36.91	36.85	36.79	36.67	36.56	36.43	36.36	36.22	36.06	36.13	36.06	35.94	35.85	35.65	35.51	35.31	35.18	35.02	34.84	34.67	34.41	34.23	34.05	33.79	33.63	33.47	33.25	33.04	32.88	32.68	32.41	32.29	32.15	31.98	31.88	31.74	31.56	31.40	31.27	31.15	30.98	30.82	30.65	





Read count (%) per base for different quality score ranges

	KU328820-15_A_L003_R1_035.fastq
Ranges	0-10	11-20	21-30	31-40
Base
1	0.16	0.30	7.99	91.55
2	0.08	0.33	7.38	92.21
3	0.09	0.28	7.46	92.17
4	0.07	0.23	2.07	97.62
5	0.12	0.31	2.65	96.92
6	0.10	0.35	2.59	96.96
7	0.11	0.37	2.73	96.79
8	0.12	0.37	2.74	96.77
9	0.11	0.36	2.70	96.82
10	0.12	0.37	2.79	96.72
11	0.12	0.37	2.74	96.76
12	0.13	0.38	2.84	96.65
13	0.13	0.38	2.85	96.64
14	0.30	0.82	4.82	94.06
15	0.33	0.88	4.93	93.86
16	0.36	0.87	4.90	93.87
17	0.38	0.95	5.16	93.50
18	0.38	0.93	5.12	93.57
19	0.42	0.94	5.17	93.48
20	0.44	0.99	5.32	93.25
21	0.46	0.97	5.25	93.32
22	0.49	0.97	5.28	93.26
23	0.55	1.02	5.46	92.97
24	0.61	1.06	5.63	92.70
25	0.64	1.02	5.65	92.69
26	0.88	1.07	5.54	92.51
27	0.98	1.14	5.76	92.12
28	1.06	1.14	5.85	91.94
29	1.12	1.14	5.95	91.80
30	1.17	1.13	6.05	91.64
31	1.23	1.10	6.11	91.56
32	1.31	1.14	6.38	91.17
33	1.40	1.20	6.65	90.75
34	1.41	1.18	6.76	90.65
35	1.50	1.23	6.92	90.35
36	1.53	1.21	6.94	90.33
37	1.63	1.26	7.08	90.03
38	1.66	1.24	7.10	90.01
39	1.76	1.28	7.22	89.73
40	1.79	1.28	7.27	89.66
41	1.85	1.29	7.30	89.56
42	1.93	1.33	7.37	89.38
43	1.95	1.33	7.47	89.25
44	2.06	1.32	7.43	89.20
45	2.15	1.37	7.46	89.02
46	2.20	1.39	7.49	88.92
47	2.33	1.43	7.61	88.63
48	2.40	1.45	7.73	88.42
49	2.46	1.48	7.77	88.29
50	2.59	1.48	7.77	88.16
51	2.56	1.48	7.67	88.29
52	2.62	1.45	7.60	88.33
53	2.77	1.48	7.69	88.05
54	2.83	1.45	7.66	88.05
55	2.92	1.44	7.65	87.99
56	2.91	1.51	7.68	87.90
57	2.95	1.50	7.78	87.77
58	3.01	1.47	7.77	87.75
59	3.11	1.41	7.71	87.77
60	3.21	1.47	7.95	87.36
61	3.21	1.51	7.98	87.29
62	3.23	1.53	8.05	87.19
63	3.29	1.50	8.18	87.03
64	3.35	1.52	8.30	86.82
65	3.38	1.51	8.29	86.82
66	3.47	1.54	8.44	86.56
67	3.51	1.57	8.59	86.33
68	3.54	1.57	8.69	86.19
69	3.60	1.58	8.86	85.96
70	3.62	1.50	8.76	86.12
71	3.66	1.58	8.82	85.94
72	3.71	1.59	8.94	85.76
73	3.74	1.55	9.02	85.69
74	3.80	1.56	9.07	85.57
75	3.88	1.58	9.16	85.37
76	3.69	1.72	12.10	82.49
77	3.75	1.51	9.98	84.77
78	3.85	1.47	9.14	85.53
79	3.97	1.47	8.91	85.64
80	4.06	1.48	8.80	85.66
81	4.16	1.49	8.77	85.58
82	4.31	1.58	9.03	85.07
83	4.53	1.69	9.36	84.42
84	4.63	1.69	9.35	84.33
85	4.73	1.74	9.43	84.10
86	4.89	1.75	9.48	83.88
87	5.07	1.82	9.76	83.35
88	5.27	1.82	9.82	83.09
89	5.50	1.88	9.98	82.64
90	5.73	1.91	10.12	82.23
91	5.98	1.92	10.18	81.93
92	6.28	1.96	10.37	81.38
93	6.61	1.99	10.54	80.86
94	6.95	1.94	10.47	80.64
95	7.38	1.94	10.59	80.10
96	7.82	1.83	10.51	79.85
97	8.32	1.68	10.23	79.77
98	8.94	1.56	10.28	79.22
99	9.66	1.44	10.06	78.84
100	10.77	3.21	16.97	69.06


	KU328820-15_A_L003_R2_035.fastq
Ranges	0-10	11-20	21-30	31-40
Base
1	0.89	0.29	0.16	98.65
2	0.94	0.29	0.18	98.60
3	0.66	0.59	0.25	98.50
4	0.68	0.55	0.22	98.54
5	1.04	0.88	12.08	86.00
6	0.85	0.72	9.49	88.94
7	0.94	0.69	9.03	89.34
8	0.95	0.67	3.47	94.91
9	0.96	0.66	3.41	94.97
10	0.88	0.78	3.42	94.92
11	0.85	0.79	3.39	94.97
12	0.81	0.81	3.39	94.99
13	0.81	0.80	3.37	95.02
14	0.84	0.76	3.45	94.95
15	0.90	0.78	3.51	94.81
16	0.90	0.79	3.49	94.83
17	0.93	0.79	3.59	94.69
18	1.98	1.64	5.98	90.40
19	2.05	1.70	6.12	90.13
20	2.09	1.70	6.11	90.10
21	2.13	1.68	6.11	90.08
22	2.20	1.64	6.01	90.16
23	2.30	1.70	6.27	89.74
24	2.37	1.71	6.34	89.58
25	2.40	1.77	6.40	89.44
26	2.43	1.70	6.36	89.51
27	2.47	1.67	6.39	89.47
28	2.64	1.67	6.62	89.08
29	2.61	1.69	6.62	89.09
30	2.75	1.64	6.85	88.76
31	2.74	1.70	6.92	88.64
32	2.83	1.60	6.99	88.58
33	2.85	1.61	7.08	88.46
34	2.91	1.60	7.28	88.20
35	2.92	1.57	7.39	88.12
36	2.95	1.55	7.52	87.98
37	2.94	1.54	7.62	87.91
38	3.07	1.59	7.89	87.44
39	3.08	1.59	8.01	87.32
40	3.12	1.58	8.04	87.26
41	3.11	1.55	8.02	87.32
42	3.22	1.58	8.08	87.11
43	3.18	1.55	8.02	87.25
44	3.23	1.56	8.11	87.10
45	3.31	1.58	8.18	86.93
46	3.40	1.62	8.37	86.61
47	3.48	1.64	8.37	86.51
48	3.56	1.63	8.28	86.53
49	3.65	1.66	8.31	86.38
50	3.69	1.67	8.29	86.35
51	3.78	1.67	8.35	86.20
52	3.80	1.70	8.38	86.12
53	3.93	1.78	8.57	85.72
54	3.93	1.74	8.50	85.82
55	2.97	1.47	8.15	87.41
56	3.12	1.47	7.41	88.00
57	3.59	1.59	7.87	86.95
58	3.86	1.62	8.14	86.39
59	4.10	1.73	8.45	85.73
60	4.16	1.72	8.53	85.59
61	4.26	1.80	8.66	85.28
62	4.27	1.80	8.72	85.21
63	4.34	1.82	8.91	84.94
64	4.32	1.78	8.80	85.10
65	4.38	1.81	8.85	84.96
66	4.43	1.84	9.01	84.73
67	4.38	1.73	8.83	85.06
68	4.50	1.69	8.65	85.16
69	4.56	1.67	8.62	85.15
70	4.58	1.61	8.49	85.32
71	4.67	1.65	8.58	85.10
72	4.71	1.61	8.48	85.20
73	4.69	1.73	8.62	84.97
74	4.61	1.68	8.61	85.09
75	4.63	1.61	8.60	85.16
76	4.62	1.58	8.63	85.17
77	4.64	1.56	8.56	85.23
78	4.72	1.62	8.78	84.88
79	4.72	1.61	8.78	84.89
80	4.74	1.58	8.75	84.93
81	4.83	1.66	8.99	84.52
82	4.84	1.62	8.95	84.59
83	4.90	1.58	8.86	84.67
84	5.00	1.64	8.95	84.40
85	5.13	1.68	9.08	84.11
86	5.21	1.69	9.04	84.06
87	5.39	1.72	9.14	83.76
88	5.83	1.84	9.16	83.18
89	5.74	1.92	9.36	82.98
90	5.89	1.85	9.44	82.82
91	6.11	1.84	9.48	82.56
92	6.29	1.77	9.33	82.60
93	6.54	1.76	9.26	82.45
94	6.87	1.79	9.38	81.96
95	7.19	1.74	9.45	81.61
96	7.53	1.65	9.35	81.47
97	7.91	1.52	9.11	81.47
98	8.33	1.46	9.12	81.09
99	8.73	1.41	9.21	80.64
100	9.11	1.56	9.16	80.17




