Parameters
	Library type	Paired-end
	Input files	KU328820-15_A_L003_R1_041.fastq	KU328820-15_A_L003_R2_041.fastq
	Primer/Adaptor library	Paired End DNA Library
	Cut-off read length for HQ	70%
	Cut-off quality score	20
	Only statistics	On
	Number of CPUs	2


QC statistics
	File name	KU328820-15_A_L003_R1_041.fastq	KU328820-15_A_L003_R2_041.fastq
	Total number of reads	4000000	4000000
	Total number of HQ reads	3722304	3722304
	Percentage of HQ reads	93.06%	93.06%
	Total number of bases	400000000	400000000
	Total number of bases in HQ reads	372230400	372230400
	Total number of HQ bases in HQ reads	366500099	366730359
	Percentage of HQ bases in HQ reads	98.46%	98.52%
	Number of Primer/Adaptor contaminated HQ reads	2	11
	Total number of HQ filtered reads	3722291	3722291
	Percentage of HQ filtered reads	93.06%	93.06%


Detailed QC statistics
	File name	KU328820-15_A_L003_R1_041.fastq	KU328820-15_A_L003_R2_041.fastq
	Minimum read length	100	100
	Maximum read length	100	100
	Average read length	100.00	100.00
	Total number of reads	4000000	4000000
	Total number of reads with non-ATGC bases	3530	4579
	Percentage of reads with non-ATGC bases	0.09%	0.11%
	Total number of bases	400000000	400000000
	Total number of HQ bases	385678957	383834559
	Percentage of HQ bases	96.42%	95.96%
	Total number of non-ATGC bases	6044	35507
	Percentage of non-ATGC bases	0.00%	0.01%


Average quality score at each base position of input reads

KU328820-15_A_L003_R1_041.fastq
32.54	32.78	32.86	36.28	36.21	36.20	36.20	36.18	37.95	37.93	37.89	37.91	37.89	39.38	39.32	39.28	39.27	39.22	39.23	39.23	39.19	39.15	39.12	39.07	39.00	38.92	38.86	38.80	38.72	38.65	38.56	38.49	38.43	38.32	38.25	38.18	38.08	37.99	37.92	37.83	37.71	37.62	37.74	37.71	37.74	37.69	37.59	37.50	37.42	37.31	37.45	37.46	37.45	37.37	37.30	37.19	37.13	36.99	36.88	36.74	36.63	36.49	36.29	36.07	35.94	35.76	35.62	35.45	35.27	35.12	34.90	34.74	34.57	34.31	34.08	33.22	33.51	33.57	33.49	33.32	33.15	32.92	32.72	32.55	32.37	32.22	32.04	31.89	31.72	31.56	31.39	31.25	31.08	30.90	30.75	30.52	30.34	30.16	29.90	28.46	

KU328820-15_A_L003_R2_041.fastq
36.61	36.60	36.55	36.58	31.58	32.06	32.27	35.78	35.77	35.77	35.77	35.77	37.47	37.43	37.43	37.41	37.38	38.82	38.80	38.74	38.64	38.65	38.67	38.67	38.62	38.59	38.56	38.53	38.44	38.41	38.34	38.29	38.22	38.16	38.10	38.09	38.00	37.95	37.89	37.82	37.78	37.73	37.65	37.60	37.52	37.62	37.58	37.48	37.46	37.40	37.35	37.23	37.17	37.08	36.11	36.43	36.72	36.79	36.76	36.69	36.56	36.45	36.36	36.22	36.09	35.90	36.02	35.98	35.92	35.80	35.63	35.47	35.32	35.12	34.98	34.77	34.60	34.41	34.21	33.99	33.77	33.55	33.36	33.17	32.99	32.82	32.62	32.41	32.23	32.09	31.91	31.80	31.62	31.45	31.30	31.13	30.98	30.85	30.70	30.50	





Read count (%) per base for different quality score ranges

	KU328820-15_A_L003_R1_041.fastq
Ranges	0-10	11-20	21-30	31-40
Base
1	0.12	0.28	7.50	92.10
2	0.08	0.27	6.87	92.78
3	0.07	0.23	6.64	93.06
4	0.07	0.21	1.99	97.72
5	0.11	0.28	2.40	97.21
6	0.09	0.32	2.40	97.20
7	0.09	0.32	2.45	97.14
8	0.11	0.33	2.50	97.06
9	0.11	0.33	2.51	97.05
10	0.12	0.34	2.54	97.00
11	0.12	0.37	2.66	96.84
12	0.12	0.35	2.60	96.94
13	0.13	0.36	2.65	96.87
14	0.30	0.83	4.76	94.11
15	0.35	0.91	4.99	93.75
16	0.39	0.93	5.04	93.64
17	0.38	0.96	5.00	93.67
18	0.42	0.96	5.13	93.50
19	0.46	1.02	5.26	93.27
20	0.44	0.96	5.13	93.47
21	0.50	1.00	5.24	93.26
22	0.53	0.98	5.28	93.21
23	0.56	0.97	5.25	93.22
24	0.66	1.02	5.52	92.80
25	0.74	1.06	5.65	92.55
26	0.99	1.09	5.60	92.32
27	1.08	1.14	5.71	92.08
28	1.16	1.14	5.77	91.92
29	1.26	1.16	5.90	91.68
30	1.34	1.15	6.04	91.47
31	1.44	1.17	6.24	91.15
32	1.48	1.15	6.39	90.98
33	1.56	1.16	6.47	90.81
34	1.66	1.22	6.75	90.37
35	1.72	1.23	6.84	90.21
36	1.76	1.23	6.90	90.11
37	1.87	1.25	6.99	89.90
38	1.91	1.28	7.08	89.73
39	1.98	1.27	7.07	89.68
40	2.03	1.29	7.16	89.52
41	2.15	1.34	7.30	89.21
42	2.21	1.35	7.33	89.11
43	2.32	1.38	7.51	88.79
44	2.45	1.45	7.58	88.52
45	2.48	1.39	7.45	88.68
46	2.58	1.41	7.49	88.52
47	2.71	1.45	7.62	88.21
48	2.80	1.48	7.69	88.02
49	2.89	1.52	7.76	87.84
50	2.97	1.56	7.85	87.62
51	2.97	1.53	7.73	87.77
52	3.12	1.48	7.64	87.76
53	3.22	1.45	7.60	87.72
54	3.35	1.47	7.64	87.54
55	3.41	1.50	7.69	87.41
56	3.50	1.53	7.73	87.24
57	3.51	1.48	7.69	87.31
58	3.62	1.51	7.82	87.05
59	3.67	1.50	7.86	86.98
60	3.77	1.52	7.95	86.77
61	3.79	1.51	7.94	86.76
62	3.86	1.51	8.03	86.60
63	3.97	1.57	8.25	86.21
64	4.08	1.63	8.53	85.76
65	4.10	1.65	8.55	85.70
66	4.15	1.65	8.64	85.56
67	4.16	1.62	8.70	85.53
68	4.21	1.61	8.76	85.42
69	4.26	1.63	8.81	85.30
70	4.28	1.59	8.78	85.36
71	4.34	1.65	8.94	85.07
72	4.36	1.62	8.97	85.05
73	4.39	1.59	8.97	85.05
74	4.51	1.66	9.21	84.61
75	4.59	1.70	9.37	84.35
76	4.31	1.74	11.98	81.97
77	4.40	1.57	9.96	84.08
78	4.55	1.56	9.29	84.59
79	4.65	1.55	8.99	84.81
80	4.78	1.59	8.99	84.64
81	4.88	1.62	8.98	84.53
82	5.04	1.68	9.17	84.11
83	5.18	1.73	9.32	83.77
84	5.33	1.74	9.40	83.53
85	5.47	1.81	9.55	83.18
86	5.61	1.80	9.54	83.05
87	5.82	1.87	9.74	82.58
88	6.01	1.87	9.81	82.31
89	6.25	1.92	9.97	81.86
90	6.52	1.95	10.06	81.47
91	6.80	1.99	10.23	80.98
92	7.09	1.96	10.28	80.67
93	7.44	1.99	10.38	80.19
94	7.85	1.99	10.52	79.65
95	8.26	1.93	10.46	79.34
96	8.83	1.91	10.59	78.67
97	9.37	1.77	10.52	78.33
98	9.99	1.58	10.34	78.08
99	10.77	1.53	10.27	77.43
100	11.94	3.25	16.96	67.85


	KU328820-15_A_L003_R2_041.fastq
Ranges	0-10	11-20	21-30	31-40
Base
1	0.84	0.42	0.23	98.51
2	0.99	0.31	0.24	98.45
3	0.71	0.70	0.36	98.22
4	0.68	0.68	0.34	98.30
5	0.97	0.97	12.53	85.54
6	0.85	0.74	9.46	88.95
7	0.87	0.70	8.79	89.64
8	0.85	0.65	3.29	95.21
9	0.91	0.65	3.29	95.15
10	0.80	0.77	3.29	95.14
11	0.81	0.76	3.29	95.14
12	0.82	0.78	3.25	95.15
13	0.83	0.75	3.24	95.18
14	0.88	0.76	3.33	95.03
15	0.89	0.76	3.32	95.03
16	0.92	0.76	3.31	95.00
17	0.94	0.80	3.40	94.86
18	2.12	1.72	5.99	90.17
19	2.15	1.69	5.99	90.17
20	2.24	1.72	6.12	89.91
21	2.36	1.84	6.34	89.47
22	2.35	1.78	6.14	89.74
23	2.44	1.81	6.31	89.44
24	2.47	1.75	6.20	89.57
25	2.54	1.77	6.33	89.36
26	2.59	1.73	6.31	89.37
27	2.62	1.69	6.34	89.35
28	2.82	1.75	6.68	88.75
29	2.91	1.76	6.81	88.52
30	2.91	1.73	6.83	88.53
31	3.00	1.73	6.95	88.33
32	3.02	1.66	6.99	88.32
33	3.11	1.66	7.14	88.09
34	3.17	1.64	7.34	87.86
35	3.22	1.61	7.46	87.71
36	3.19	1.58	7.52	87.72
37	3.27	1.58	7.70	87.45
38	3.30	1.57	7.79	87.34
39	3.34	1.58	7.83	87.25
40	3.39	1.57	7.95	87.09
41	3.43	1.57	7.96	87.05
42	3.45	1.56	7.95	87.04
43	3.55	1.59	8.01	86.86
44	3.53	1.61	7.98	86.88
45	3.61	1.61	8.04	86.73
46	3.70	1.60	8.18	86.52
47	3.79	1.62	8.19	86.40
48	3.95	1.67	8.32	86.06
49	3.98	1.68	8.28	86.06
50	4.05	1.68	8.25	86.02
51	4.11	1.68	8.26	85.94
52	4.24	1.74	8.43	85.59
53	4.24	1.73	8.42	85.61
54	4.32	1.76	8.43	85.49
55	3.18	1.43	7.89	87.50
56	3.49	1.46	7.36	87.68
57	3.92	1.58	7.74	86.77
58	4.29	1.68	8.17	85.87
59	4.48	1.74	8.37	85.41
60	4.58	1.75	8.46	85.21
61	4.69	1.82	8.61	84.88
62	4.71	1.83	8.68	84.79
63	4.73	1.81	8.74	84.73
64	4.79	1.83	8.85	84.53
65	4.82	1.82	8.90	84.46
66	4.87	1.91	9.11	84.11
67	4.82	1.79	8.87	84.53
68	4.92	1.71	8.65	84.73
69	4.96	1.65	8.50	84.89
70	5.05	1.64	8.42	84.89
71	5.06	1.64	8.45	84.85
72	5.10	1.62	8.41	84.87
73	5.08	1.63	8.34	84.94
74	5.08	1.66	8.43	84.83
75	5.05	1.60	8.37	84.98
76	5.08	1.60	8.48	84.84
77	5.06	1.57	8.43	84.94
78	5.04	1.56	8.47	84.92
79	5.09	1.54	8.44	84.93
80	5.14	1.57	8.52	84.77
81	5.19	1.59	8.59	84.63
82	5.28	1.62	8.69	84.41
83	5.34	1.63	8.70	84.33
84	5.42	1.62	8.73	84.22
85	5.50	1.62	8.72	84.16
86	5.59	1.63	8.73	84.05
87	5.75	1.65	8.80	83.80
88	5.96	1.72	8.93	83.39
89	6.13	1.75	9.02	83.10
90	6.30	1.74	8.98	82.97
91	6.53	1.76	9.07	82.63
92	6.70	1.70	9.00	82.59
93	7.00	1.73	9.13	82.14
94	7.31	1.73	9.14	81.82
95	7.65	1.68	9.11	81.56
96	8.03	1.66	9.12	81.20
97	8.43	1.57	9.10	80.91
98	8.80	1.43	8.99	80.77
99	9.20	1.36	8.95	80.49
100	9.60	1.56	9.02	79.82




