Parameters
	Library type	Paired-end
	Input files	KU328820-15_A_L003_R1_040.fastq	KU328820-15_A_L003_R2_040.fastq
	Primer/Adaptor library	Paired End DNA Library
	Cut-off read length for HQ	70%
	Cut-off quality score	20
	Only statistics	On
	Number of CPUs	2


QC statistics
	File name	KU328820-15_A_L003_R1_040.fastq	KU328820-15_A_L003_R2_040.fastq
	Total number of reads	4000000	4000000
	Total number of HQ reads	3672723	3672723
	Percentage of HQ reads	91.82%	91.82%
	Total number of bases	400000000	400000000
	Total number of bases in HQ reads	367272300	367272300
	Total number of HQ bases in HQ reads	360912076	359453162
	Percentage of HQ bases in HQ reads	98.27%	97.87%
	Number of Primer/Adaptor contaminated HQ reads	3	9
	Total number of HQ filtered reads	3672711	3672711
	Percentage of HQ filtered reads	91.82%	91.82%


Detailed QC statistics
	File name	KU328820-15_A_L003_R1_040.fastq	KU328820-15_A_L003_R2_040.fastq
	Minimum read length	100	100
	Maximum read length	100	100
	Average read length	100.00	100.00
	Total number of reads	4000000	4000000
	Total number of reads with non-ATGC bases	4425	5810
	Percentage of reads with non-ATGC bases	0.11%	0.15%
	Total number of bases	400000000	400000000
	Total number of HQ bases	384272526	378198627
	Percentage of HQ bases	96.07%	94.55%
	Total number of non-ATGC bases	14933	137172
	Percentage of non-ATGC bases	0.00%	0.03%


Average quality score at each base position of input reads

KU328820-15_A_L003_R1_040.fastq
32.10	32.35	32.49	35.98	35.85	35.88	35.85	35.86	37.55	37.55	37.54	37.49	37.44	38.83	38.83	38.84	38.78	38.73	38.79	38.78	38.72	38.65	38.49	38.55	38.55	38.44	38.36	38.23	38.23	38.09	38.00	38.00	37.90	37.79	37.67	37.64	37.59	37.48	37.39	37.27	37.26	37.15	37.34	37.28	37.27	37.22	37.17	37.06	36.97	36.89	36.97	37.02	37.02	36.93	36.82	36.78	36.62	36.60	36.47	36.33	36.24	36.14	35.93	35.75	35.63	35.43	35.23	35.06	34.89	34.72	34.51	34.28	34.09	33.89	33.73	32.76	32.99	33.14	33.07	32.97	32.84	32.61	32.37	32.09	31.90	31.73	31.64	31.49	31.31	31.14	30.98	30.79	30.69	30.51	30.28	30.09	29.93	29.63	29.40	27.92	

KU328820-15_A_L003_R2_040.fastq
36.47	36.54	36.55	36.57	30.97	31.46	31.61	35.17	35.17	35.14	35.09	35.15	36.62	36.77	36.62	36.66	36.62	37.83	37.82	37.80	37.74	37.76	37.84	37.73	37.76	37.51	37.51	37.61	37.42	37.36	37.34	37.37	37.28	37.23	37.19	37.08	37.00	37.02	37.04	36.82	36.80	36.81	36.80	36.63	36.61	36.70	36.66	36.58	36.55	36.42	36.37	36.23	36.25	36.11	35.13	35.52	35.74	35.92	35.88	35.84	35.68	35.56	35.38	35.30	35.15	35.07	35.05	34.99	34.97	34.81	34.65	34.39	34.29	34.21	34.08	33.91	33.67	33.44	33.31	33.03	32.87	32.67	32.44	32.31	32.07	31.83	31.56	31.35	31.17	30.97	30.82	30.61	30.41	30.27	30.12	29.99	29.80	29.65	29.44	29.19	





Read count (%) per base for different quality score ranges

	KU328820-15_A_L003_R1_040.fastq
Ranges	0-10	11-20	21-30	31-40
Base
1	0.23	0.42	11.22	88.13
2	0.14	0.41	10.34	89.11
3	0.10	0.31	9.71	89.87
4	0.12	0.33	3.16	96.38
5	0.20	0.46	3.82	95.52
6	0.14	0.49	3.65	95.71
7	0.17	0.53	3.83	95.47
8	0.16	0.53	3.73	95.58
9	0.16	0.52	3.73	95.59
10	0.17	0.50	3.68	95.65
11	0.16	0.51	3.69	95.63
12	0.18	0.54	3.88	95.40
13	0.20	0.58	4.03	95.19
14	0.38	1.10	6.00	92.52
15	0.40	1.09	5.90	92.60
16	0.40	1.07	5.86	92.67
17	0.44	1.13	6.06	92.37
18	0.46	1.14	6.13	92.27
19	0.47	1.16	6.16	92.22
20	0.48	1.13	6.12	92.27
21	0.52	1.17	6.23	92.08
22	0.57	1.21	6.39	91.84
23	0.69	1.35	6.84	91.13
24	0.68	1.25	6.63	91.44
25	0.71	1.21	6.60	91.48
26	1.03	1.33	6.65	90.99
27	1.11	1.39	6.84	90.66
28	1.28	1.45	7.11	90.16
29	1.29	1.38	7.02	90.31
30	1.44	1.44	7.42	89.70
31	1.53	1.47	7.63	89.37
32	1.50	1.39	7.60	89.51
33	1.60	1.42	7.87	89.11
34	1.69	1.46	8.18	88.66
35	1.81	1.53	8.39	88.27
36	1.81	1.50	8.38	88.31
37	1.83	1.48	8.36	88.33
38	1.94	1.55	8.56	87.95
39	1.99	1.56	8.66	87.78
40	2.10	1.61	8.76	87.52
41	2.06	1.56	8.62	87.76
42	2.17	1.61	8.74	87.48
43	2.17	1.59	8.81	87.43
44	2.33	1.67	8.93	87.08
45	2.40	1.68	8.91	87.00
46	2.48	1.69	8.98	86.84
47	2.57	1.70	8.98	86.75
48	2.67	1.75	9.13	86.45
49	2.77	1.80	9.22	86.21
50	2.84	1.80	9.23	86.14
51	2.81	1.82	9.25	86.12
52	2.89	1.74	9.05	86.33
53	2.96	1.70	8.95	86.39
54	3.11	1.72	8.97	86.20
55	3.20	1.78	9.16	85.86
56	3.21	1.75	9.06	85.98
57	3.32	1.81	9.28	85.59
58	3.32	1.70	9.07	85.90
59	3.44	1.71	9.19	85.66
60	3.53	1.75	9.26	85.46
61	3.53	1.76	9.27	85.44
62	3.58	1.72	9.24	85.46
63	3.70	1.78	9.56	84.96
64	3.80	1.82	9.76	84.62
65	3.83	1.80	9.78	84.59
66	3.95	1.85	9.95	84.25
67	4.03	1.89	10.16	83.92
68	4.07	1.90	10.29	83.74
69	4.11	1.90	10.38	83.61
70	4.19	1.87	10.43	83.51
71	4.24	1.91	10.62	83.22
72	4.37	1.97	10.85	82.81
73	4.43	1.97	10.96	82.64
74	4.51	1.98	11.08	82.43
75	4.54	1.93	11.08	82.44
76	4.43	2.16	14.37	79.04
77	4.58	2.04	12.40	80.97
78	4.63	1.91	11.43	82.03
79	4.75	1.92	11.09	82.24
80	4.82	1.86	10.84	82.48
81	4.92	1.83	10.64	82.61
82	5.12	1.91	10.86	82.11
83	5.34	2.01	11.07	81.58
84	5.63	2.19	11.54	80.64
85	5.79	2.26	11.76	80.19
86	5.97	2.31	11.86	79.87
87	6.10	2.23	11.71	79.96
88	6.34	2.22	11.67	79.77
89	6.62	2.28	11.82	79.28
90	6.93	2.34	11.94	78.79
91	7.21	2.34	12.04	78.41
92	7.60	2.37	12.17	77.85
93	7.92	2.28	11.98	77.81
94	8.39	2.26	11.97	77.39
95	8.95	2.25	12.10	76.70
96	9.51	2.17	12.09	76.23
97	10.13	1.95	11.72	76.20
98	10.93	1.89	11.87	75.31
99	11.77	1.71	11.48	75.03
100	13.04	3.65	18.25	65.06


	KU328820-15_A_L003_R2_040.fastq
Ranges	0-10	11-20	21-30	31-40
Base
1	0.81	0.37	0.24	98.57
2	0.99	0.30	0.25	98.46
3	0.66	0.65	0.34	98.35
4	0.69	0.63	0.29	98.39
5	1.66	1.52	17.44	79.38
6	1.31	1.24	14.00	83.45
7	1.41	1.20	13.25	84.14
8	1.36	1.14	5.17	92.32
9	1.40	1.13	5.19	92.29
10	1.27	1.39	5.27	92.06
11	1.31	1.46	5.42	91.81
12	1.23	1.42	5.19	92.17
13	1.35	1.50	5.47	91.68
14	1.21	1.30	5.06	92.44
15	1.39	1.42	5.48	91.72
16	1.34	1.37	5.29	91.99
17	1.39	1.41	5.37	91.84
18	2.59	2.57	7.95	86.89
19	2.58	2.55	7.89	86.98
20	2.60	2.50	7.90	87.00
21	2.69	2.50	7.96	86.85
22	2.72	2.44	7.80	87.04
23	2.78	2.43	7.91	86.88
24	2.96	2.55	8.18	86.31
25	2.87	2.45	8.03	86.65
26	3.21	2.67	8.59	85.53
27	3.15	2.55	8.43	85.88
28	3.19	2.44	8.44	85.93
29	3.42	2.62	8.87	85.08
30	3.52	2.56	8.96	84.97
31	3.47	2.47	8.97	85.09
32	3.46	2.28	8.86	85.41
33	3.62	2.29	9.10	84.99
34	3.67	2.23	9.27	84.83
35	3.66	2.20	9.46	84.69
36	3.81	2.23	9.78	84.18
37	3.86	2.24	9.98	83.92
38	3.73	2.14	9.95	84.18
39	3.72	2.07	9.85	84.36
40	4.00	2.20	10.34	83.46
41	4.00	2.20	10.33	83.47
42	3.94	2.12	10.22	83.73
43	3.95	2.08	10.11	83.86
44	4.17	2.16	10.34	83.33
45	4.11	2.14	10.24	83.51
46	4.19	2.15	10.43	83.24
47	4.34	2.19	10.44	83.02
48	4.49	2.23	10.49	82.79
49	4.53	2.23	10.44	82.80
50	4.71	2.29	10.63	82.37
51	4.75	2.29	10.60	82.36
52	4.92	2.36	10.78	81.94
53	4.84	2.29	10.61	82.26
54	5.03	2.35	10.76	81.86
55	4.05	2.12	10.74	83.08
56	4.17	2.03	9.74	84.06
57	4.72	2.19	10.16	82.93
58	4.90	2.18	10.20	82.72
59	5.18	2.24	10.44	82.14
60	5.27	2.24	10.49	82.00
61	5.45	2.33	10.69	81.53
62	5.49	2.35	10.76	81.40
63	5.63	2.40	11.05	80.92
64	5.62	2.38	11.06	80.94
65	5.73	2.38	11.14	80.74
66	5.69	2.34	11.10	80.87
67	5.75	2.33	11.12	80.80
68	5.89	2.27	10.95	80.88
69	5.87	2.17	10.73	81.24
70	6.00	2.19	10.78	81.04
71	6.04	2.18	10.81	80.97
72	6.24	2.26	11.02	80.48
73	6.12	2.25	10.96	80.67
74	6.06	2.14	10.75	81.05
75	6.07	2.05	10.67	81.21
76	6.11	2.02	10.69	81.18
77	6.22	2.06	10.84	80.88
78	6.26	2.11	11.03	80.59
79	6.25	2.02	10.86	80.87
80	6.43	2.11	11.06	80.41
81	6.43	2.06	11.06	80.45
82	6.56	2.07	11.07	80.31
83	6.71	2.10	11.16	80.03
84	6.76	2.03	10.96	80.25
85	6.99	2.11	11.10	79.80
86	7.21	2.19	11.32	79.28
87	7.51	2.30	11.58	78.61
88	7.76	2.35	11.72	78.17
89	8.00	2.36	11.75	77.90
90	8.29	2.38	11.83	77.50
91	8.54	2.36	11.76	77.34
92	8.94	2.41	11.80	76.84
93	9.29	2.41	11.96	76.33
94	9.66	2.34	11.75	76.25
95	10.07	2.24	11.60	76.09
96	10.52	2.07	11.25	76.16
97	11.08	1.97	11.16	75.80
98	11.58	1.78	10.89	75.75
99	12.13	1.74	11.00	75.14
100	12.62	2.03	11.15	74.20




