Parameters
	Library type	Paired-end
	Input files	KU328820-15_A_L003_R1_017.fastq	KU328820-15_A_L003_R2_017.fastq
	Primer/Adaptor library	Paired End DNA Library
	Cut-off read length for HQ	70%
	Cut-off quality score	20
	Only statistics	On
	Number of CPUs	2


QC statistics
	File name	KU328820-15_A_L003_R1_017.fastq	KU328820-15_A_L003_R2_017.fastq
	Total number of reads	4000000	4000000
	Total number of HQ reads	3728290	3728290
	Percentage of HQ reads	93.21%	93.21%
	Total number of bases	400000000	400000000
	Total number of bases in HQ reads	372829000	372829000
	Total number of HQ bases in HQ reads	367037506	367852221
	Percentage of HQ bases in HQ reads	98.45%	98.67%
	Number of Primer/Adaptor contaminated HQ reads	2	8
	Total number of HQ filtered reads	3728280	3728280
	Percentage of HQ filtered reads	93.21%	93.21%


Detailed QC statistics
	File name	KU328820-15_A_L003_R1_017.fastq	KU328820-15_A_L003_R2_017.fastq
	Minimum read length	100	100
	Maximum read length	100	100
	Average read length	100.00	100.00
	Total number of reads	4000000	4000000
	Total number of reads with non-ATGC bases	27933	28974
	Percentage of reads with non-ATGC bases	0.70%	0.72%
	Total number of bases	400000000	400000000
	Total number of HQ bases	385795475	385197067
	Percentage of HQ bases	96.45%	96.30%
	Total number of non-ATGC bases	614014	117899
	Percentage of non-ATGC bases	0.15%	0.03%


Average quality score at each base position of input reads

KU328820-15_A_L003_R1_017.fastq
32.64	32.90	32.96	36.35	36.28	36.24	36.23	36.24	38.01	37.99	37.99	37.96	37.97	39.48	39.45	39.40	39.39	39.36	39.36	39.34	39.31	39.24	39.18	39.16	39.14	39.04	38.94	38.90	38.84	38.76	38.67	38.62	38.56	38.50	38.41	38.33	38.22	38.16	38.03	37.93	37.83	37.76	37.87	37.86	37.88	37.82	37.72	37.59	37.54	37.43	37.62	37.68	37.64	37.56	37.49	37.36	37.26	37.12	36.99	36.88	36.77	36.63	36.46	36.31	36.17	35.97	35.84	35.62	35.41	35.00	34.74	34.56	34.34	33.78	33.74	32.67	33.16	33.36	33.36	33.22	33.02	32.85	32.68	32.42	32.27	32.11	31.93	31.78	31.60	31.45	31.32	31.17	30.95	30.81	30.66	30.49	30.26	30.03	29.77	28.35	

KU328820-15_A_L003_R2_017.fastq
36.37	36.38	36.33	36.36	32.23	32.47	32.54	35.94	35.91	35.91	35.91	35.89	37.60	37.58	37.55	37.51	37.50	38.97	38.95	38.92	38.85	38.80	38.83	38.87	38.77	38.78	38.73	38.69	38.63	38.60	38.54	38.48	38.42	38.33	38.29	38.23	38.18	38.05	38.06	37.97	37.97	37.82	37.76	37.69	37.68	37.75	37.69	37.66	37.57	37.54	37.51	37.40	37.30	37.25	36.18	36.59	36.89	37.01	36.99	36.90	36.84	36.73	36.58	36.47	36.33	36.16	36.26	36.24	36.15	36.03	35.85	35.66	35.56	35.40	35.24	35.04	34.84	34.60	34.42	34.25	34.04	33.80	33.63	33.44	33.19	33.04	32.85	32.70	32.51	32.37	32.21	32.06	31.89	31.73	31.59	31.44	31.30	31.13	30.94	30.79	





Read count (%) per base for different quality score ranges

	KU328820-15_A_L003_R1_017.fastq
Ranges	0-10	11-20	21-30	31-40
Base
1	0.16	0.25	6.87	92.71
2	0.06	0.27	6.12	93.56
3	0.06	0.19	6.04	93.71
4	0.06	0.19	1.79	97.97
5	0.09	0.24	2.18	97.49
6	0.09	0.30	2.31	97.30
7	0.10	0.32	2.37	97.21
8	0.09	0.30	2.31	97.31
9	0.10	0.31	2.36	97.23
10	0.10	0.32	2.40	97.18
11	0.10	0.31	2.39	97.20
12	0.11	0.33	2.46	97.10
13	0.11	0.32	2.42	97.15
14	0.28	0.79	4.58	94.35
15	0.32	0.80	4.65	94.24
16	0.34	0.82	4.75	94.09
17	0.36	0.84	4.70	94.11
18	0.38	0.85	4.75	94.02
19	0.40	0.90	4.96	93.74
20	0.41	0.89	4.92	93.78
21	0.44	0.88	4.92	93.75
22	0.50	0.92	5.11	93.47
23	0.54	0.93	5.19	93.33
24	0.60	0.94	5.31	93.14
25	0.65	0.92	5.29	93.14
26	0.90	1.02	5.33	92.75
27	1.01	1.10	5.55	92.33
28	1.06	1.07	5.54	92.34
29	1.13	1.05	5.65	92.17
30	1.20	1.07	5.83	91.89
31	1.29	1.10	5.99	91.62
32	1.33	1.08	6.12	91.47
33	1.40	1.07	6.19	91.35
34	1.44	1.08	6.27	91.21
35	1.51	1.12	6.45	90.93
36	1.59	1.13	6.56	90.72
37	1.65	1.18	6.73	90.44
38	1.68	1.16	6.71	90.45
39	1.80	1.22	6.89	90.09
40	1.84	1.25	6.96	89.95
41	1.93	1.28	7.05	89.74
42	1.96	1.27	7.04	89.72
43	2.05	1.32	7.29	89.33
44	2.16	1.34	7.35	89.15
45	2.22	1.34	7.21	89.23
46	2.31	1.35	7.27	89.07
47	2.41	1.39	7.40	88.79
48	2.53	1.45	7.54	88.47
49	2.57	1.46	7.55	88.42
50	2.65	1.49	7.70	88.16
51	2.61	1.41	7.42	88.57
52	2.71	1.34	7.17	88.78
53	2.82	1.34	7.19	88.64
54	2.91	1.36	7.22	88.51
55	3.00	1.38	7.26	88.36
56	3.11	1.40	7.39	88.10
57	3.14	1.42	7.45	87.98
58	3.20	1.43	7.57	87.79
59	3.28	1.43	7.72	87.57
60	3.33	1.42	7.71	87.54
61	3.38	1.41	7.70	87.51
62	3.44	1.42	7.80	87.34
63	3.54	1.45	7.93	87.08
64	3.60	1.47	8.02	86.92
65	3.65	1.46	8.02	86.87
66	3.73	1.49	8.22	86.56
67	3.76	1.45	8.17	86.62
68	3.87	1.47	8.31	86.35
69	4.00	1.46	8.40	86.14
70	4.50	1.59	8.87	85.04
71	4.64	1.66	9.11	84.58
72	4.67	1.67	9.20	84.46
73	4.71	1.66	9.37	84.26
74	4.93	1.99	10.68	82.40
75	4.98	1.83	10.12	83.08
76	4.67	2.00	13.84	79.48
77	4.73	1.71	10.75	82.81
78	4.86	1.61	9.58	83.94
79	4.95	1.55	9.09	84.41
80	5.06	1.58	8.98	84.38
81	5.17	1.63	9.10	84.10
82	5.29	1.65	9.10	83.96
83	5.42	1.66	9.11	83.81
84	5.68	1.77	9.40	83.16
85	5.76	1.81	9.53	82.90
86	5.93	1.84	9.58	82.65
87	6.13	1.88	9.75	82.23
88	6.34	1.88	9.79	81.99
89	6.56	1.95	10.04	81.45
90	6.79	1.97	10.14	81.10
91	7.04	1.95	10.17	80.83
92	7.35	1.96	10.21	80.48
93	7.77	2.05	10.50	79.69
94	8.12	1.99	10.47	79.42
95	8.54	1.90	10.42	79.13
96	9.04	1.83	10.30	78.83
97	9.66	1.76	10.42	78.16
98	10.32	1.64	10.44	77.59
99	11.11	1.55	10.30	77.03
100	12.29	3.27	16.89	67.54


	KU328820-15_A_L003_R2_017.fastq
Ranges	0-10	11-20	21-30	31-40
Base
1	1.50	0.46	0.25	97.80
2	1.61	0.34	0.22	97.83
3	1.37	0.70	0.34	97.58
4	1.32	0.69	0.32	97.67
5	0.80	0.64	8.95	89.61
6	0.74	0.62	7.85	90.79
7	0.73	0.60	7.63	91.04
8	0.70	0.56	2.87	95.88
9	0.74	0.57	2.98	95.71
10	0.66	0.68	2.96	95.70
11	0.66	0.66	2.92	95.75
12	0.70	0.67	2.97	95.66
13	0.73	0.68	2.98	95.61
14	0.75	0.68	3.01	95.56
15	0.79	0.69	3.05	95.47
16	0.85	0.71	3.12	95.32
17	0.83	0.74	3.12	95.30
18	1.94	1.60	5.71	90.75
19	1.97	1.61	5.69	90.74
20	2.06	1.62	5.76	90.56
21	2.13	1.66	5.87	90.34
22	2.17	1.65	5.88	90.30
23	2.25	1.68	6.01	90.06
24	2.23	1.57	5.80	90.40
25	2.34	1.64	6.02	90.00
26	2.34	1.57	5.92	90.18
27	2.41	1.57	5.99	90.04
28	2.57	1.64	6.31	89.48
29	2.63	1.62	6.38	89.37
30	2.66	1.58	6.39	89.37
31	2.72	1.56	6.50	89.22
32	2.76	1.52	6.59	89.13
33	2.84	1.49	6.66	89.01
34	2.90	1.50	6.86	88.74
35	2.92	1.48	6.97	88.63
36	2.98	1.48	7.10	88.44
37	3.02	1.45	7.23	88.29
38	3.17	1.53	7.51	87.78
39	3.08	1.47	7.44	88.01
40	3.17	1.50	7.57	87.76
41	3.13	1.42	7.45	88.00
42	3.29	1.51	7.70	87.49
43	3.32	1.53	7.74	87.42
44	3.33	1.54	7.73	87.40
45	3.33	1.48	7.62	87.58
46	3.47	1.52	7.83	87.18
47	3.59	1.55	7.87	87.00
48	3.63	1.55	7.88	86.94
49	3.78	1.61	7.94	86.67
50	3.78	1.60	7.93	86.70
51	3.81	1.57	7.80	86.82
52	3.91	1.62	7.98	86.50
53	3.97	1.66	8.07	86.29
54	3.98	1.63	8.02	86.38
55	2.83	1.30	7.53	88.34
56	3.06	1.28	6.71	88.95
57	3.56	1.43	7.16	87.85
58	3.95	1.57	7.66	86.83
59	4.15	1.63	7.93	86.30
60	4.29	1.66	8.09	85.96
61	4.30	1.68	8.10	85.92
62	4.36	1.69	8.14	85.82
63	4.42	1.71	8.37	85.50
64	4.42	1.70	8.42	85.46
65	4.44	1.71	8.51	85.34
66	4.49	1.74	8.60	85.16
67	4.42	1.64	8.38	85.56
68	4.51	1.54	8.12	85.82
69	4.56	1.54	8.00	85.90
70	4.59	1.53	7.96	85.92
71	4.64	1.53	8.05	85.78
72	4.69	1.54	8.06	85.72
73	4.63	1.49	7.91	85.98
74	4.58	1.51	7.87	86.04
75	4.58	1.48	7.81	86.13
76	4.59	1.46	7.93	86.02
77	4.59	1.45	7.94	86.01
78	4.64	1.49	8.07	85.79
79	4.63	1.48	8.09	85.80
80	4.65	1.45	8.02	85.88
81	4.68	1.46	8.06	85.79
82	4.77	1.50	8.22	85.51
83	4.80	1.49	8.16	85.55
84	4.88	1.49	8.16	85.47
85	5.02	1.58	8.43	84.96
86	5.08	1.56	8.41	84.95
87	5.23	1.57	8.47	84.73
88	5.36	1.58	8.42	84.64
89	5.53	1.63	8.59	84.25
90	5.67	1.63	8.57	84.13
91	5.87	1.62	8.63	83.88
92	6.07	1.62	8.65	83.66
93	6.35	1.65	8.76	83.25
94	6.64	1.63	8.78	82.95
95	6.94	1.59	8.75	82.71
96	7.28	1.55	8.75	82.42
97	7.66	1.44	8.63	82.27
98	8.08	1.39	8.65	81.89
99	8.48	1.38	8.94	81.20
100	8.84	1.48	8.79	80.89




