Parameters
	Library type	Paired-end
	Input files	KU328820-15_A_L003_R1_018.fastq	KU328820-15_A_L003_R2_018.fastq
	Primer/Adaptor library	Paired End DNA Library
	Cut-off read length for HQ	70%
	Cut-off quality score	20
	Only statistics	On
	Number of CPUs	2


QC statistics
	File name	KU328820-15_A_L003_R1_018.fastq	KU328820-15_A_L003_R2_018.fastq
	Total number of reads	4000000	4000000
	Total number of HQ reads	3749094	3749094
	Percentage of HQ reads	93.73%	93.73%
	Total number of bases	400000000	400000000
	Total number of bases in HQ reads	374909400	374909400
	Total number of HQ bases in HQ reads	369198219	369964002
	Percentage of HQ bases in HQ reads	98.48%	98.68%
	Number of Primer/Adaptor contaminated HQ reads	6	13
	Total number of HQ filtered reads	3749075	3749075
	Percentage of HQ filtered reads	93.73%	93.73%


Detailed QC statistics
	File name	KU328820-15_A_L003_R1_018.fastq	KU328820-15_A_L003_R2_018.fastq
	Minimum read length	100	100
	Maximum read length	100	100
	Average read length	100.00	100.00
	Total number of reads	4000000	4000000
	Total number of reads with non-ATGC bases	24589	25207
	Percentage of reads with non-ATGC bases	0.61%	0.63%
	Total number of bases	400000000	400000000
	Total number of HQ bases	386582036	385817713
	Percentage of HQ bases	96.65%	96.45%
	Total number of non-ATGC bases	556267	106857
	Percentage of non-ATGC bases	0.14%	0.03%


Average quality score at each base position of input reads

KU328820-15_A_L003_R1_018.fastq
32.55	32.81	32.87	36.28	36.20	36.20	36.20	36.19	37.96	37.94	37.91	37.91	37.87	39.31	39.29	39.32	39.28	39.26	39.29	39.25	39.23	39.18	39.14	39.10	39.02	38.96	38.89	38.84	38.77	38.69	38.60	38.56	38.48	38.42	38.31	38.25	38.19	38.09	38.03	37.91	37.79	37.63	37.83	37.86	37.86	37.80	37.71	37.65	37.59	37.49	37.62	37.63	37.58	37.53	37.46	37.38	37.27	37.11	37.02	36.91	36.78	36.66	36.50	36.35	36.16	36.01	35.82	35.66	35.45	35.07	34.91	34.67	34.48	33.90	33.93	32.84	33.35	33.49	33.46	33.34	33.17	33.04	32.85	32.66	32.45	32.30	32.13	31.98	31.77	31.64	31.50	31.36	31.20	31.03	30.86	30.67	30.50	30.26	30.01	28.57	

KU328820-15_A_L003_R2_018.fastq
36.42	36.43	36.38	36.42	32.17	32.44	32.51	35.89	35.87	35.88	35.87	35.84	37.56	37.54	37.51	37.49	37.47	38.93	38.89	38.85	38.81	38.81	38.78	38.80	38.77	38.72	38.68	38.65	38.58	38.54	38.51	38.49	38.40	38.39	38.33	38.22	38.16	38.11	38.04	37.95	37.89	37.83	37.77	37.71	37.65	37.73	37.71	37.74	37.62	37.60	37.53	37.48	37.36	37.30	36.16	36.60	36.93	37.06	37.09	37.01	36.90	36.79	36.68	36.56	36.40	36.29	36.34	36.31	36.22	36.05	35.93	35.78	35.64	35.50	35.32	35.09	34.83	34.67	34.48	34.30	34.11	33.91	33.70	33.53	33.33	33.15	32.99	32.83	32.67	32.49	32.32	32.17	32.01	31.86	31.71	31.55	31.40	31.24	31.10	30.95	





Read count (%) per base for different quality score ranges

	KU328820-15_A_L003_R1_018.fastq
Ranges	0-10	11-20	21-30	31-40
Base
1	0.15	0.28	7.39	92.19
2	0.07	0.27	6.62	93.04
3	0.07	0.22	6.52	93.19
4	0.07	0.22	2.01	97.70
5	0.11	0.28	2.43	97.18
6	0.09	0.32	2.39	97.21
7	0.10	0.31	2.43	97.16
8	0.10	0.32	2.46	97.11
9	0.10	0.33	2.47	97.11
10	0.11	0.33	2.52	97.05
11	0.12	0.35	2.60	96.94
12	0.12	0.34	2.60	96.95
13	0.13	0.37	2.70	96.80
14	0.33	0.89	4.89	93.89
15	0.34	0.88	4.86	93.91
16	0.32	0.84	4.68	94.17
17	0.37	0.85	4.81	93.97
18	0.38	0.87	4.84	93.91
19	0.39	0.91	4.92	93.78
20	0.42	0.90	4.99	93.68
21	0.44	0.89	4.99	93.69
22	0.47	0.92	5.06	93.55
23	0.50	0.90	5.10	93.50
24	0.57	0.94	5.35	93.13
25	0.64	0.98	5.52	92.85
26	0.86	1.03	5.37	92.74
27	0.94	1.09	5.53	92.44
28	1.01	1.07	5.58	92.34
29	1.07	1.08	5.73	92.12
30	1.15	1.08	5.89	91.88
31	1.24	1.12	6.12	91.52
32	1.26	1.10	6.13	91.51
33	1.31	1.11	6.34	91.23
34	1.35	1.10	6.41	91.14
35	1.44	1.16	6.68	90.71
36	1.47	1.16	6.71	90.66
37	1.51	1.15	6.76	90.58
38	1.58	1.19	6.90	90.34
39	1.61	1.20	6.89	90.30
40	1.70	1.23	7.07	89.99
41	1.79	1.29	7.20	89.72
42	1.90	1.36	7.42	89.32
43	1.90	1.33	7.46	89.31
44	1.96	1.34	7.39	89.31
45	2.02	1.34	7.32	89.32
46	2.13	1.38	7.39	89.10
47	2.23	1.42	7.55	88.80
48	2.27	1.44	7.56	88.72
49	2.34	1.46	7.59	88.62
50	2.39	1.47	7.69	88.46
51	2.37	1.39	7.52	88.72
52	2.48	1.40	7.38	88.75
53	2.56	1.39	7.42	88.63
54	2.63	1.38	7.38	88.62
55	2.69	1.38	7.40	88.53
56	2.75	1.37	7.45	88.43
57	2.82	1.40	7.49	88.29
58	2.93	1.45	7.65	87.96
59	2.93	1.43	7.73	87.91
60	2.99	1.42	7.75	87.85
61	3.06	1.43	7.80	87.71
62	3.09	1.42	7.82	87.67
63	3.17	1.45	7.98	87.39
64	3.21	1.44	8.03	87.32
65	3.33	1.49	8.22	86.96
66	3.35	1.49	8.33	86.84
67	3.45	1.50	8.41	86.64
68	3.50	1.47	8.42	86.61
69	3.62	1.49	8.52	86.36
70	4.07	1.60	8.94	85.38
71	4.13	1.59	8.98	85.29
72	4.26	1.65	9.21	84.88
73	4.29	1.64	9.29	84.79
74	4.53	1.97	10.66	82.85
75	4.50	1.75	9.93	83.82
76	4.21	1.93	13.67	80.18
77	4.28	1.61	10.49	83.61
78	4.49	1.62	9.57	84.32
79	4.56	1.60	9.20	84.64
80	4.65	1.58	9.03	84.74
81	4.73	1.61	9.07	84.59
82	4.81	1.56	8.90	84.74
83	4.96	1.61	9.01	84.43
84	5.12	1.64	9.13	84.11
85	5.31	1.75	9.35	83.60
86	5.44	1.77	9.41	83.39
87	5.63	1.80	9.54	83.03
88	5.84	1.82	9.65	82.69
89	6.09	1.92	9.95	82.04
90	6.29	1.92	10.03	81.76
91	6.54	1.92	10.06	81.48
92	6.84	1.94	10.10	81.12
93	7.18	1.92	10.18	80.73
94	7.56	1.91	10.24	80.29
95	8.01	1.89	10.29	79.81
96	8.51	1.82	10.25	79.41
97	9.06	1.67	10.16	79.11
98	9.72	1.61	10.25	78.41
99	10.48	1.51	10.11	77.89
100	11.65	3.24	16.90	68.21


	KU328820-15_A_L003_R2_018.fastq
Ranges	0-10	11-20	21-30	31-40
Base
1	1.39	0.37	0.21	98.03
2	1.49	0.29	0.18	98.04
3	1.29	0.58	0.32	97.81
4	1.20	0.61	0.28	97.91
5	0.84	0.67	9.39	89.10
6	0.73	0.64	8.10	90.52
7	0.72	0.61	7.85	90.83
8	0.73	0.59	3.08	95.59
9	0.75	0.59	3.11	95.55
10	0.67	0.69	3.09	95.56
11	0.67	0.69	3.11	95.53
12	0.71	0.72	3.19	95.38
13	0.70	0.70	3.12	95.48
14	0.73	0.70	3.16	95.41
15	0.77	0.72	3.21	95.31
16	0.79	0.72	3.22	95.27
17	0.81	0.73	3.27	95.19
18	1.82	1.62	5.78	90.77
19	1.88	1.65	5.86	90.61
20	1.93	1.66	5.91	90.50
21	1.99	1.67	5.90	90.44
22	1.99	1.61	5.84	90.56
23	2.14	1.71	6.16	89.99
24	2.13	1.65	6.00	90.22
25	2.17	1.61	6.06	90.16
26	2.23	1.63	6.14	90.00
27	2.27	1.61	6.13	89.98
28	2.42	1.67	6.50	89.41
29	2.49	1.67	6.63	89.22
30	2.50	1.62	6.60	89.27
31	2.55	1.56	6.63	89.27
32	2.57	1.52	6.63	89.29
33	2.69	1.52	6.81	88.98
34	2.64	1.46	6.80	89.10
35	2.70	1.45	7.04	88.81
36	2.83	1.47	7.31	88.39
37	2.85	1.48	7.42	88.25
38	2.87	1.49	7.49	88.15
39	2.90	1.49	7.64	87.96
40	2.99	1.53	7.78	87.70
41	3.01	1.53	7.82	87.65
42	3.06	1.53	7.82	87.59
43	3.11	1.55	7.91	87.43
44	3.13	1.56	7.90	87.42
45	3.17	1.55	7.90	87.38
46	3.28	1.58	8.10	87.03
47	3.34	1.60	8.07	86.99
48	3.35	1.54	7.90	87.22
49	3.51	1.63	8.05	86.81
50	3.52	1.60	7.99	86.89
51	3.61	1.62	8.03	86.75
52	3.63	1.63	8.05	86.68
53	3.72	1.67	8.23	86.38
54	3.74	1.66	8.19	86.40
55	2.66	1.37	7.82	88.15
56	2.89	1.35	6.94	88.81
57	3.35	1.48	7.37	87.80
58	3.69	1.59	7.81	86.91
59	3.83	1.60	7.97	86.60
60	3.96	1.65	8.11	86.28
61	4.06	1.69	8.23	86.01
62	4.09	1.72	8.28	85.91
63	4.11	1.69	8.45	85.75
64	4.15	1.70	8.49	85.67
65	4.19	1.76	8.60	85.45
66	4.16	1.72	8.62	85.50
67	4.12	1.65	8.42	85.80
68	4.19	1.57	8.18	86.06
69	4.26	1.55	8.10	86.10
70	4.33	1.58	8.20	85.89
71	4.31	1.54	8.08	86.06
72	4.35	1.49	8.02	86.14
73	4.31	1.47	7.90	86.32
74	4.27	1.47	7.86	86.40
75	4.28	1.47	7.85	86.40
76	4.33	1.49	8.02	86.16
77	4.39	1.54	8.26	85.81
78	4.36	1.52	8.17	85.95
79	4.38	1.51	8.18	85.93
80	4.38	1.49	8.15	85.97
81	4.41	1.48	8.15	85.96
82	4.45	1.49	8.18	85.88
83	4.53	1.50	8.24	85.72
84	4.59	1.50	8.24	85.66
85	4.68	1.52	8.32	85.47
86	4.79	1.53	8.35	85.33
87	4.89	1.53	8.34	85.24
88	5.02	1.54	8.32	85.13
89	5.15	1.55	8.35	84.94
90	5.36	1.60	8.49	84.56
91	5.56	1.62	8.57	84.26
92	5.78	1.62	8.62	83.97
93	6.03	1.62	8.70	83.65
94	6.31	1.61	8.68	83.40
95	6.62	1.59	8.69	83.10
96	6.97	1.56	8.71	82.77
97	7.35	1.46	8.65	82.54
98	7.74	1.41	8.66	82.18
99	8.09	1.32	8.70	81.89
100	8.45	1.45	8.64	81.47




