Parameters
	Library type	Paired-end
	Input files	KU328820-15_A_L003_R1_034.fastq	KU328820-15_A_L003_R2_034.fastq
	Primer/Adaptor library	Paired End DNA Library
	Cut-off read length for HQ	70%
	Cut-off quality score	20
	Only statistics	On
	Number of CPUs	2


QC statistics
	File name	KU328820-15_A_L003_R1_034.fastq	KU328820-15_A_L003_R2_034.fastq
	Total number of reads	4000000	4000000
	Total number of HQ reads	3744574	3744574
	Percentage of HQ reads	93.61%	93.61%
	Total number of bases	400000000	400000000
	Total number of bases in HQ reads	374457400	374457400
	Total number of HQ bases in HQ reads	369125434	369226132
	Percentage of HQ bases in HQ reads	98.58%	98.60%
	Number of Primer/Adaptor contaminated HQ reads	10	13
	Total number of HQ filtered reads	3744551	3744551
	Percentage of HQ filtered reads	93.61%	93.61%


Detailed QC statistics
	File name	KU328820-15_A_L003_R1_034.fastq	KU328820-15_A_L003_R2_034.fastq
	Minimum read length	100	100
	Maximum read length	100	100
	Average read length	100.00	100.00
	Total number of reads	4000000	4000000
	Total number of reads with non-ATGC bases	6881	8003
	Percentage of reads with non-ATGC bases	0.17%	0.20%
	Total number of bases	400000000	400000000
	Total number of HQ bases	386917921	384702905
	Percentage of HQ bases	96.73%	96.18%
	Total number of non-ATGC bases	31476	122230
	Percentage of non-ATGC bases	0.01%	0.03%


Average quality score at each base position of input reads

KU328820-15_A_L003_R1_034.fastq
32.51	32.78	32.86	36.29	36.21	36.21	36.20	36.19	37.96	37.93	37.94	37.92	37.90	39.39	39.36	39.33	39.30	39.25	39.30	39.26	39.22	39.18	39.15	39.11	39.04	38.97	38.90	38.82	38.77	38.69	38.60	38.50	38.46	38.37	38.30	38.26	38.17	38.07	38.00	37.88	37.79	37.70	37.83	37.78	37.82	37.74	37.70	37.64	37.51	37.42	37.54	37.59	37.53	37.50	37.41	37.32	37.17	37.10	36.99	36.84	36.71	36.60	36.43	36.25	36.10	35.98	35.81	35.65	35.46	35.20	35.04	34.95	34.75	34.55	34.32	33.43	33.72	33.84	33.74	33.60	33.44	33.24	33.00	32.81	32.66	32.50	32.31	32.18	32.01	31.83	31.67	31.54	31.36	31.24	31.07	30.91	30.77	30.58	30.35	28.94	

KU328820-15_A_L003_R2_034.fastq
36.62	36.61	36.58	36.60	31.86	32.27	32.38	35.81	35.81	35.80	35.79	35.80	37.52	37.52	37.45	37.45	37.40	38.83	38.86	38.81	38.78	38.73	38.77	38.69	38.69	38.62	38.59	38.56	38.49	38.45	38.40	38.39	38.34	38.25	38.18	38.16	38.10	38.04	38.02	37.94	37.87	37.83	37.79	37.69	37.62	37.66	37.63	37.62	37.58	37.50	37.45	37.38	37.25	37.17	36.15	36.43	36.80	36.94	36.88	36.83	36.72	36.62	36.49	36.39	36.25	36.11	36.21	36.13	36.07	35.92	35.73	35.58	35.43	35.27	35.15	34.96	34.75	34.59	34.37	34.16	33.97	33.76	33.57	33.36	33.18	32.96	32.74	32.63	32.42	32.26	32.13	31.96	31.81	31.64	31.50	31.36	31.20	31.04	30.86	30.72	





Read count (%) per base for different quality score ranges

	KU328820-15_A_L003_R1_034.fastq
Ranges	0-10	11-20	21-30	31-40
Base
1	0.18	0.27	7.30	92.24
2	0.07	0.33	6.63	92.97
3	0.07	0.23	6.57	93.13
4	0.07	0.22	1.92	97.80
5	0.11	0.28	2.36	97.25
6	0.09	0.31	2.35	97.24
7	0.09	0.31	2.39	97.20
8	0.10	0.32	2.44	97.14
9	0.10	0.32	2.46	97.12
10	0.11	0.34	2.56	96.98
11	0.11	0.34	2.49	97.06
12	0.12	0.34	2.56	96.98
13	0.12	0.35	2.63	96.90
14	0.30	0.80	4.56	94.34
15	0.31	0.83	4.68	94.18
16	0.36	0.84	4.69	94.11
17	0.35	0.86	4.76	94.03
18	0.38	0.90	4.84	93.88
19	0.39	0.88	4.90	93.84
20	0.42	0.91	4.94	93.73
21	0.46	0.92	5.03	93.59
22	0.50	0.93	5.06	93.51
23	0.52	0.92	5.08	93.48
24	0.62	0.97	5.31	93.09
25	0.68	1.01	5.43	92.87
26	0.91	1.07	5.36	92.66
27	1.00	1.09	5.51	92.41
28	1.11	1.12	5.63	92.14
29	1.17	1.09	5.68	92.05
30	1.27	1.11	5.87	91.75
31	1.37	1.14	6.04	91.44
32	1.44	1.16	6.30	91.10
33	1.46	1.14	6.34	91.06
34	1.55	1.17	6.52	90.75
35	1.61	1.18	6.63	90.59
36	1.63	1.15	6.63	90.60
37	1.70	1.18	6.72	90.39
38	1.78	1.20	6.80	90.22
39	1.84	1.21	6.83	90.12
40	1.93	1.25	7.01	89.81
41	2.01	1.28	7.08	89.63
42	2.07	1.28	7.08	89.57
43	2.19	1.32	7.29	89.20
44	2.32	1.39	7.44	88.85
45	2.33	1.38	7.25	89.04
46	2.45	1.41	7.39	88.75
47	2.51	1.40	7.38	88.72
48	2.57	1.40	7.36	88.67
49	2.71	1.48	7.58	88.23
50	2.81	1.48	7.58	88.13
51	2.81	1.44	7.45	88.29
52	2.86	1.40	7.27	88.47
53	3.02	1.42	7.32	88.23
54	3.08	1.37	7.24	88.31
55	3.18	1.40	7.31	88.11
56	3.19	1.44	7.38	87.99
57	3.24	1.51	7.54	87.71
58	3.29	1.44	7.50	87.77
59	3.40	1.39	7.57	87.65
60	3.48	1.43	7.68	87.40
61	3.50	1.48	7.75	87.28
62	3.50	1.50	7.78	87.23
63	3.57	1.51	7.94	86.97
64	3.64	1.53	8.12	86.71
65	3.69	1.53	8.26	86.52
66	3.70	1.51	8.22	86.57
67	3.76	1.49	8.30	86.45
68	3.76	1.49	8.35	86.39
69	3.82	1.52	8.46	86.20
70	4.21	1.58	8.33	85.89
71	3.93	1.82	8.63	85.63
72	3.89	1.57	8.65	85.90
73	3.95	1.52	8.66	85.87
74	4.01	1.53	8.80	85.66
75	4.09	1.57	8.93	85.41
76	3.87	1.63	11.57	82.93
77	3.95	1.49	9.56	84.99
78	4.03	1.42	8.75	85.80
79	4.14	1.44	8.52	85.90
80	4.21	1.44	8.43	85.92
81	4.31	1.45	8.39	85.85
82	4.42	1.48	8.52	85.58
83	4.62	1.57	8.78	85.04
84	4.77	1.63	8.95	84.65
85	4.86	1.65	9.00	84.49
86	5.00	1.70	9.08	84.21
87	5.22	1.76	9.30	83.73
88	5.37	1.74	9.36	83.53
89	5.60	1.80	9.50	83.10
90	5.86	1.87	9.73	82.54
91	6.11	1.91	9.92	82.06
92	6.36	1.88	9.91	81.85
93	6.70	1.93	10.15	81.22
94	7.01	1.87	10.08	81.05
95	7.43	1.86	10.16	80.56
96	7.87	1.78	10.14	80.21
97	8.34	1.63	9.99	80.04
98	8.93	1.49	9.88	79.71
99	9.64	1.41	9.73	79.22
100	10.73	3.10	16.43	69.74


	KU328820-15_A_L003_R2_034.fastq
Ranges	0-10	11-20	21-30	31-40
Base
1	0.92	0.33	0.17	98.58
2	1.00	0.28	0.18	98.54
3	0.73	0.61	0.27	98.39
4	0.71	0.59	0.24	98.45
5	0.92	0.81	10.83	87.44
6	0.78	0.66	8.56	90.00
7	0.87	0.63	8.20	90.30
8	0.88	0.61	3.11	95.40
9	0.90	0.61	3.12	95.36
10	0.84	0.72	3.14	95.30
11	0.82	0.76	3.18	95.24
12	0.78	0.78	3.12	95.32
13	0.79	0.75	3.10	95.36
14	0.81	0.69	3.09	95.40
15	0.89	0.73	3.23	95.14
16	0.89	0.74	3.21	95.16
17	0.94	0.76	3.33	94.97
18	2.09	1.73	5.93	90.26
19	2.09	1.65	5.77	90.48
20	2.18	1.67	5.95	90.21
21	2.24	1.66	5.92	90.19
22	2.31	1.66	5.91	90.12
23	2.41	1.69	6.06	89.85
24	2.51	1.71	6.21	89.58
25	2.51	1.69	6.15	89.65
26	2.64	1.71	6.27	89.38
27	2.61	1.65	6.22	89.52
28	2.84	1.71	6.55	88.90
29	2.85	1.77	6.70	88.68
30	2.91	1.68	6.66	88.75
31	2.90	1.69	6.81	88.60
32	2.96	1.54	6.71	88.78
33	2.99	1.55	6.80	88.66
34	3.08	1.57	7.10	88.25
35	3.13	1.56	7.26	88.06
36	3.09	1.50	7.31	88.10
37	3.14	1.53	7.44	87.89
38	3.19	1.53	7.57	87.71
39	3.17	1.48	7.54	87.81
40	3.27	1.50	7.72	87.52
41	3.31	1.53	7.77	87.40
42	3.33	1.48	7.70	87.50
43	3.37	1.47	7.71	87.45
44	3.44	1.55	7.79	87.23
45	3.46	1.56	7.82	87.17
46	3.61	1.61	8.13	86.65
47	3.71	1.61	8.12	86.57
48	3.78	1.60	8.05	86.57
49	3.83	1.61	8.08	86.48
50	3.93	1.64	8.10	86.33
51	3.98	1.64	8.06	86.32
52	4.02	1.67	8.13	86.18
53	4.15	1.72	8.32	85.80
54	4.18	1.75	8.30	85.77
55	3.03	1.39	7.72	87.86
56	3.57	1.53	7.00	87.91
57	3.70	1.78	7.63	86.88
58	4.06	1.67	7.99	86.29
59	4.29	1.74	8.21	85.77
60	4.37	1.74	8.24	85.65
61	4.45	1.78	8.37	85.40
62	4.46	1.76	8.44	85.34
63	4.53	1.76	8.61	85.09
64	4.50	1.74	8.61	85.14
65	4.57	1.77	8.65	85.02
66	4.59	1.78	8.73	84.91
67	4.55	1.66	8.48	85.31
68	4.69	1.63	8.36	85.31
69	4.71	1.58	8.22	85.50
70	4.78	1.56	8.20	85.46
71	4.85	1.59	8.29	85.27
72	4.91	1.56	8.16	85.37
73	4.82	1.64	8.14	85.39
74	4.77	1.62	8.19	85.42
75	4.72	1.51	8.09	85.68
76	4.73	1.50	8.07	85.70
77	4.76	1.50	8.14	85.59
78	4.72	1.45	8.07	85.75
79	4.77	1.48	8.14	85.61
80	4.79	1.49	8.20	85.51
81	4.82	1.47	8.20	85.51
82	4.88	1.50	8.28	85.34
83	4.93	1.50	8.29	85.28
84	5.04	1.54	8.36	85.06
85	5.12	1.54	8.40	84.94
86	5.26	1.59	8.55	84.59
87	5.44	1.65	8.73	84.19
88	5.50	1.60	8.60	84.29
89	5.72	1.66	8.76	83.86
90	5.89	1.69	8.78	83.64
91	6.04	1.65	8.76	83.55
92	6.31	1.68	8.85	83.16
93	6.53	1.67	8.88	82.92
94	6.84	1.68	8.95	82.53
95	7.15	1.63	8.94	82.27
96	7.49	1.57	8.83	82.11
97	7.90	1.50	8.80	81.80
98	8.30	1.43	8.84	81.43
99	8.71	1.39	8.98	80.92
100	9.07	1.49	8.78	80.65




