Parameters
	Library type	Single-end
	Input file	/Volumes/wdhd/users/joaks1/projects/gekgo/data/genomes/msg/plate2/demultiplexed-raw/fastq/CDS_2844_Cyrtodactylus_sumuroi_Samar_R1.fq
	Primer/Adaptor library	NA
	Cut-off read length for HQ	70%
	Cut-off quality score	20
	Only statistics	On
	Number of processes	2


QC statistics
	File name	CDS_2844_Cyrtodactylus_sumuroi_Samar_R1.fq
	Total number of reads	6485881
	Total number of HQ reads	6433028
	Percentage of HQ reads	99.19%
	Total number of bases	616158695
	Total number of bases in HQ reads	611137660
	Total number of HQ bases in HQ reads	606433508
	Percentage of HQ bases in HQ reads	99.23%
	Number of Primer/Adaptor contaminated HQ reads	NA
	Total number of HQ filtered reads	6433028
	Percentage of HQ filtered reads	99.19%


Detailed QC statistics
	File name	CDS_2844_Cyrtodactylus_sumuroi_Samar_R1.fq
	Minimum read length	95
	Maximum read length	95
	Average read length	95.00
	Total number of reads	6485881
	Total number of reads with non-ATGC bases	5759
	Percentage of reads with non-ATGC bases	0.09%
	Total number of bases	616158695
	Total number of HQ bases	609243394
	Percentage of HQ bases	98.88%
	Total number of non-ATGC bases	133325
	Percentage of non-ATGC bases	0.02%


Average quality score at each base position of input reads

CDS_2844_Cyrtodactylus_sumuroi_Samar_R1.fq
36.56	36.87	36.91	36.93	36.76	36.71	36.68	39.06	39.01	38.98	38.93	38.89	38.97	38.97	38.95	38.94	38.91	38.84	38.91	38.83	38.80	38.81	38.83	38.82	38.76	38.68	38.63	38.63	38.66	38.61	38.64	38.65	38.54	38.60	38.56	38.51	38.53	38.53	38.47	38.44	38.43	38.37	38.33	38.29	38.23	38.38	38.42	38.40	38.37	38.33	38.32	38.26	38.22	38.17	38.11	38.05	38.10	38.07	37.99	37.92	37.85	37.78	37.68	37.55	37.45	37.31	37.20	37.10	36.95	35.06	35.84	36.28	36.35	36.28	36.18	36.08	35.97	35.87	35.79	35.71	35.65	35.57	35.52	35.48	35.42	35.36	35.32	35.28	35.25	35.20	35.15	35.13	35.13	35.12	34.49	




Read count (%) per base for different quality score ranges

	CDS_2844_Cyrtodactylus_sumuroi_Samar_R1.fq
Ranges	0-10	11-20	21-30	31-40
Base
1	0.00	0.52	0.72	98.76
2	0.00	0.19	0.30	99.51
3	0.00	0.14	0.26	99.61
4	0.00	0.10	0.21	99.69
5	0.00	0.17	0.91	98.92
6	0.00	0.28	1.00	98.72
7	0.00	0.34	1.08	98.57
8	0.01	0.35	1.12	98.52
9	0.02	0.40	1.20	98.38
10	0.02	0.43	1.27	98.29
11	0.02	0.45	1.28	98.26
12	0.01	0.46	1.31	98.21
13	0.02	0.46	1.29	98.23
14	0.02	0.48	1.30	98.21
15	0.02	0.48	1.35	98.16
16	0.02	0.48	1.28	98.22
17	0.03	0.53	1.34	98.10
18	0.03	0.59	1.49	97.89
19	0.03	0.48	1.33	98.16
20	0.07	0.63	1.36	97.93
21	0.08	0.68	1.41	97.84
22	0.09	0.61	1.38	97.92
23	0.10	0.63	1.37	97.91
24	0.12	0.61	1.38	97.88
25	0.16	0.64	1.43	97.77
26	0.18	0.65	1.55	97.62
27	0.26	0.70	1.56	97.49
28	0.26	0.62	1.56	97.55
29	0.27	0.56	1.48	97.69
30	0.34	0.56	1.58	97.52
31	0.40	0.55	1.54	97.52
32	0.39	0.52	1.60	97.49
33	0.48	0.59	1.69	97.25
34	0.41	0.54	1.64	97.41
35	0.44	0.55	1.65	97.36
36	0.43	0.56	1.76	97.24
37	0.47	0.55	1.71	97.27
38	0.46	0.56	1.76	97.22
39	0.49	0.60	1.84	97.07
40	0.47	0.60	1.87	97.06
41	0.49	0.58	1.89	97.04
42	0.53	0.63	2.01	96.83
43	0.54	0.62	2.08	96.77
44	0.55	0.62	2.13	96.69
45	0.57	0.66	2.20	96.57
46	0.50	0.59	1.96	96.95
47	0.48	0.57	1.97	96.98
48	0.52	0.59	2.03	96.86
49	0.50	0.58	2.15	96.77
50	0.53	0.60	2.19	96.68
51	0.52	0.59	2.21	96.68
52	0.53	0.61	2.34	96.52
53	0.55	0.60	2.40	96.44
54	0.55	0.63	2.56	96.26
55	0.56	0.64	2.62	96.18
56	0.59	0.64	2.68	96.10
57	0.54	0.61	2.53	96.31
58	0.53	0.61	2.62	96.23
59	0.51	0.65	2.79	96.05
60	0.56	0.64	2.79	96.02
61	0.56	0.64	2.84	95.96
62	0.55	0.64	2.89	95.92
63	0.58	0.64	2.95	95.84
64	0.58	0.67	3.20	95.55
65	0.59	0.68	3.11	95.62
66	0.62	0.70	3.24	95.44
67	0.61	0.71	3.28	95.40
68	0.61	0.72	3.30	95.37
69	0.62	0.74	3.47	95.17
70	0.71	1.09	7.00	91.20
71	0.67	0.92	4.68	93.73
72	0.67	0.82	4.04	94.47
73	0.66	0.79	3.76	94.79
74	0.63	0.79	3.72	94.86
75	0.65	0.77	3.74	94.84
76	0.66	0.79	3.82	94.73
77	0.67	0.82	3.89	94.62
78	0.70	0.83	3.94	94.53
79	0.71	0.85	4.02	94.43
80	0.71	0.85	4.13	94.31
81	0.71	0.87	4.18	94.25
82	0.74	0.90	4.30	94.07
83	0.76	0.92	4.36	93.96
84	0.76	0.93	4.44	93.86
85	0.79	0.97	4.52	93.72
86	0.82	1.01	4.63	93.54
87	0.83	1.03	4.69	93.44
88	0.84	1.07	4.82	93.27
89	0.86	1.10	4.83	93.21
90	0.87	1.14	4.96	93.02
91	0.90	1.18	5.07	92.86
92	0.90	1.20	5.06	92.83
93	0.91	1.21	5.04	92.84
94	0.91	1.23	5.09	92.77
95	1.16	1.56	6.53	90.75




