Parameters
	Library type	Single-end
	Input file	/Volumes/wdhd/users/joaks1/projects/gekgo/data/genomes/msg/plate2/demultiplexed-raw/fastq/CDS_6052_Gekko_mindorensis_Luzon_R1.fq
	Primer/Adaptor library	NA
	Cut-off read length for HQ	70%
	Cut-off quality score	20
	Only statistics	On
	Number of processes	2


QC statistics
	File name	CDS_6052_Gekko_mindorensis_Luzon_R1.fq
	Total number of reads	1601207
	Total number of HQ reads	1584093
	Percentage of HQ reads	98.93%
	Total number of bases	152114665
	Total number of bases in HQ reads	150488835
	Total number of HQ bases in HQ reads	149135088
	Percentage of HQ bases in HQ reads	99.10%
	Number of Primer/Adaptor contaminated HQ reads	NA
	Total number of HQ filtered reads	1584093
	Percentage of HQ filtered reads	98.93%


Detailed QC statistics
	File name	CDS_6052_Gekko_mindorensis_Luzon_R1.fq
	Minimum read length	95
	Maximum read length	95
	Average read length	95.00
	Total number of reads	1601207
	Total number of reads with non-ATGC bases	1305
	Percentage of reads with non-ATGC bases	0.08%
	Total number of bases	152114665
	Total number of HQ bases	150022395
	Percentage of HQ bases	98.62%
	Total number of non-ATGC bases	29476
	Percentage of non-ATGC bases	0.02%


Average quality score at each base position of input reads

CDS_6052_Gekko_mindorensis_Luzon_R1.fq
35.76	36.83	36.90	36.92	36.73	36.67	36.64	38.85	38.88	38.87	38.83	38.73	38.73	38.76	38.77	38.71	38.73	38.67	38.75	38.64	38.62	38.63	38.59	38.60	38.55	38.47	38.42	38.46	38.50	38.40	38.43	38.43	38.32	38.37	38.33	38.24	38.29	38.20	38.16	38.07	38.12	38.07	38.02	37.99	37.88	38.02	38.08	38.07	38.02	37.97	37.87	37.81	37.73	37.67	37.59	37.45	37.45	37.42	37.33	37.18	37.04	36.90	36.76	36.60	36.42	36.27	36.13	35.98	35.86	34.01	34.88	35.35	35.44	35.45	35.44	35.40	35.36	35.33	35.28	35.24	35.22	35.18	35.15	35.11	35.09	35.06	35.01	34.99	34.97	34.92	34.91	34.89	34.88	34.81	34.11	




Read count (%) per base for different quality score ranges

	CDS_6052_Gekko_mindorensis_Luzon_R1.fq
Ranges	0-10	11-20	21-30	31-40
Base
1	0.13	0.53	1.34	98.00
2	0.05	0.15	0.36	99.45
3	0.00	0.13	0.30	99.57
4	0.00	0.10	0.24	99.66
5	0.00	0.18	1.02	98.80
6	0.00	0.31	1.12	98.56
7	0.00	0.37	1.22	98.42
8	0.01	0.47	1.36	98.16
9	0.01	0.44	1.31	98.24
10	0.02	0.49	1.44	98.04
11	0.02	0.50	1.47	98.02
12	0.02	0.56	1.58	97.84
13	0.02	0.56	1.52	97.90
14	0.02	0.56	1.53	97.89
15	0.03	0.53	1.49	97.95
16	0.03	0.55	1.51	97.91
17	0.05	0.58	1.53	97.84
18	0.07	0.62	1.69	97.62
19	0.09	0.51	1.53	97.87
20	0.21	0.65	1.61	97.53
21	0.25	0.65	1.60	97.51
22	0.29	0.58	1.58	97.55
23	0.36	0.60	1.68	97.37
24	0.37	0.53	1.64	97.46
25	0.43	0.55	1.68	97.35
26	0.45	0.58	1.84	97.13
27	0.52	0.64	1.86	96.99
28	0.44	0.62	1.83	97.11
29	0.43	0.56	1.73	97.28
30	0.50	0.62	1.90	96.99
31	0.52	0.63	1.88	96.97
32	0.50	0.63	1.91	96.96
33	0.59	0.69	2.04	96.68
34	0.51	0.65	1.98	96.86
35	0.55	0.67	2.04	96.73
36	0.59	0.69	2.20	96.52
37	0.57	0.66	2.14	96.63
38	0.61	0.70	2.27	96.43
39	0.65	0.72	2.35	96.28
40	0.62	0.76	2.60	96.02
41	0.61	0.71	2.43	96.24
42	0.63	0.76	2.59	96.02
43	0.65	0.77	2.69	95.89
44	0.66	0.74	2.75	95.85
45	0.72	0.78	3.07	95.43
46	0.61	0.73	2.66	96.01
47	0.60	0.70	2.67	96.03
48	0.60	0.70	2.74	95.96
49	0.62	0.71	2.84	95.84
50	0.63	0.72	2.93	95.71
51	0.66	0.73	3.12	95.49
52	0.61	0.73	3.31	95.35
53	0.66	0.73	3.35	95.26
54	0.66	0.75	3.34	95.24
55	0.66	0.77	3.39	95.17
56	0.73	0.79	3.55	94.93
57	0.67	0.77	3.36	95.20
58	0.64	0.76	3.31	95.29
59	0.60	0.77	3.37	95.26
60	0.66	0.76	3.39	95.19
61	0.68	0.80	3.47	95.05
62	0.69	0.81	3.61	94.90
63	0.69	0.80	3.64	94.87
64	0.72	0.83	3.77	94.69
65	0.72	0.84	3.93	94.51
66	0.74	0.86	4.08	94.32
67	0.76	0.88	4.05	94.31
68	0.80	0.89	4.08	94.23
69	0.78	0.91	4.15	94.16
70	0.88	1.34	8.74	89.04
71	0.83	1.13	5.82	92.23
72	0.82	1.00	4.99	93.19
73	0.83	0.99	4.71	93.47
74	0.78	0.98	4.66	93.59
75	0.80	0.96	4.53	93.71
76	0.80	0.98	4.64	93.58
77	0.83	1.02	4.68	93.48
78	0.83	1.03	4.71	93.44
79	0.86	1.07	4.83	93.24
80	0.87	1.07	4.91	93.16
81	0.86	1.09	4.96	93.09
82	0.90	1.12	5.03	92.95
83	0.91	1.14	5.08	92.87
84	0.93	1.19	5.15	92.72
85	0.95	1.20	5.14	92.72
86	0.96	1.22	5.19	92.63
87	1.00	1.27	5.29	92.45
88	1.01	1.32	5.27	92.39
89	1.03	1.36	5.27	92.33
90	1.06	1.44	5.35	92.15
91	1.07	1.47	5.38	92.07
92	1.12	1.49	5.33	92.07
93	1.12	1.53	5.34	92.01
94	1.12	1.64	5.53	91.70
95	1.44	2.02	7.06	89.48




