Parameters
	Library type	Single-end
	Input file	/Volumes/wdhd/users/joaks1/projects/gekgo/data/genomes/msg/plate2/demultiplexed-raw/fastq/CDS_3030_Cyrtodactylus_sumuroi_Samar_R1.fq
	Primer/Adaptor library	NA
	Cut-off read length for HQ	70%
	Cut-off quality score	20
	Only statistics	On
	Number of processes	2


QC statistics
	File name	CDS_3030_Cyrtodactylus_sumuroi_Samar_R1.fq
	Total number of reads	292411
	Total number of HQ reads	289997
	Percentage of HQ reads	99.17%
	Total number of bases	27779045
	Total number of bases in HQ reads	27549715
	Total number of HQ bases in HQ reads	27331292
	Percentage of HQ bases in HQ reads	99.21%
	Number of Primer/Adaptor contaminated HQ reads	NA
	Total number of HQ filtered reads	289997
	Percentage of HQ filtered reads	99.17%


Detailed QC statistics
	File name	CDS_3030_Cyrtodactylus_sumuroi_Samar_R1.fq
	Minimum read length	95
	Maximum read length	95
	Average read length	95.00
	Total number of reads	292411
	Total number of reads with non-ATGC bases	226
	Percentage of reads with non-ATGC bases	0.08%
	Total number of bases	27779045
	Total number of HQ bases	27460307
	Percentage of HQ bases	98.85%
	Total number of non-ATGC bases	5042
	Percentage of non-ATGC bases	0.02%


Average quality score at each base position of input reads

CDS_3030_Cyrtodactylus_sumuroi_Samar_R1.fq
35.06	36.79	36.89	36.93	36.75	36.70	36.67	39.03	38.99	38.96	38.90	38.87	38.94	38.93	38.91	38.90	38.86	38.79	38.87	38.79	38.75	38.77	38.79	38.78	38.71	38.63	38.58	38.58	38.62	38.56	38.60	38.61	38.50	38.54	38.51	38.46	38.49	38.48	38.39	38.37	38.37	38.31	38.27	38.23	38.15	38.31	38.35	38.35	38.32	38.28	38.26	38.19	38.15	38.09	38.02	37.95	38.00	37.97	37.90	37.83	37.75	37.66	37.54	37.42	37.31	37.18	37.05	36.93	36.78	34.93	35.69	36.10	36.16	36.10	36.01	35.91	35.82	35.75	35.67	35.61	35.55	35.48	35.43	35.39	35.33	35.28	35.25	35.20	35.18	35.13	35.07	35.07	35.08	35.06	34.43	




Read count (%) per base for different quality score ranges

	CDS_3030_Cyrtodactylus_sumuroi_Samar_R1.fq
Ranges	0-10	11-20	21-30	31-40
Base
1	0.00	1.12	2.21	96.67
2	0.00	0.30	0.44	99.27
3	0.00	0.17	0.28	99.55
4	0.00	0.09	0.19	99.72
5	0.00	0.16	0.90	98.94
6	0.00	0.28	1.02	98.70
7	0.00	0.33	1.09	98.58
8	0.01	0.33	1.09	98.57
9	0.02	0.38	1.21	98.40
10	0.02	0.42	1.25	98.30
11	0.01	0.44	1.29	98.26
12	0.01	0.44	1.31	98.24
13	0.02	0.45	1.29	98.24
14	0.02	0.49	1.33	98.17
15	0.02	0.48	1.38	98.12
16	0.02	0.46	1.29	98.23
17	0.03	0.54	1.34	98.09
18	0.03	0.59	1.52	97.86
19	0.03	0.47	1.36	98.14
20	0.07	0.64	1.40	97.89
21	0.09	0.68	1.40	97.83
22	0.09	0.61	1.41	97.89
23	0.11	0.63	1.40	97.85
24	0.15	0.57	1.43	97.85
25	0.19	0.62	1.48	97.71
26	0.23	0.62	1.59	97.56
27	0.30	0.64	1.65	97.41
28	0.31	0.56	1.62	97.51
29	0.31	0.52	1.52	97.65
30	0.38	0.52	1.65	97.44
31	0.39	0.55	1.56	97.50
32	0.38	0.50	1.65	97.47
33	0.48	0.56	1.74	97.21
34	0.43	0.54	1.68	97.35
35	0.43	0.56	1.70	97.31
36	0.43	0.57	1.81	97.19
37	0.47	0.53	1.78	97.21
38	0.47	0.57	1.81	97.15
39	0.50	0.61	1.90	96.99
40	0.48	0.60	1.95	96.97
41	0.50	0.60	2.00	96.90
42	0.53	0.63	2.11	96.72
43	0.50	0.64	2.16	96.69
44	0.52	0.63	2.27	96.57
45	0.59	0.67	2.32	96.42
46	0.51	0.61	2.07	96.80
47	0.51	0.60	2.06	96.83
48	0.51	0.60	2.13	96.76
49	0.50	0.59	2.23	96.68
50	0.53	0.61	2.28	96.58
51	0.53	0.58	2.33	96.55
52	0.54	0.62	2.47	96.37
53	0.56	0.63	2.56	96.25
54	0.56	0.65	2.67	96.12
55	0.59	0.64	2.79	95.98
56	0.62	0.67	2.85	95.86
57	0.54	0.66	2.62	96.18
58	0.55	0.63	2.79	96.04
59	0.52	0.65	2.90	95.93
60	0.55	0.66	2.92	95.87
61	0.56	0.64	2.94	95.85
62	0.53	0.68	3.01	95.78
63	0.59	0.65	3.05	95.71
64	0.60	0.68	3.23	95.49
65	0.59	0.71	3.25	95.45
66	0.62	0.69	3.34	95.36
67	0.61	0.71	3.42	95.26
68	0.62	0.72	3.40	95.26
69	0.63	0.73	3.56	95.09
70	0.70	1.06	7.18	91.07
71	0.66	0.93	4.84	93.57
72	0.69	0.83	4.12	94.37
73	0.67	0.81	3.95	94.57
74	0.68	0.80	3.87	94.65
75	0.67	0.80	3.91	94.62
76	0.70	0.79	4.03	94.47
77	0.70	0.86	4.06	94.38
78	0.69	0.87	4.14	94.30
79	0.73	0.86	4.17	94.25
80	0.73	0.86	4.32	94.09
81	0.72	0.91	4.33	94.04
82	0.76	0.91	4.44	93.89
83	0.76	0.95	4.50	93.78
84	0.77	0.98	4.63	93.63
85	0.82	1.01	4.68	93.49
86	0.83	1.04	4.85	93.27
87	0.89	1.04	4.85	93.22
88	0.86	1.12	4.95	93.06
89	0.89	1.11	5.04	92.96
90	0.88	1.19	5.11	92.81
91	0.91	1.22	5.22	92.65
92	0.89	1.26	5.29	92.56
93	0.93	1.25	5.17	92.64
94	0.95	1.28	5.18	92.59
95	1.19	1.59	6.65	90.57




