Parameters
	Library type	Single-end
	Input file	/Volumes/wdhd/users/joaks1/projects/gekgo/data/genomes/msg/plate2/demultiplexed-raw/fastq/CDS_2984_Cyrtodactylus_sumuroi_Samar_R1.fq
	Primer/Adaptor library	NA
	Cut-off read length for HQ	70%
	Cut-off quality score	20
	Only statistics	On
	Number of processes	2


QC statistics
	File name	CDS_2984_Cyrtodactylus_sumuroi_Samar_R1.fq
	Total number of reads	861365
	Total number of HQ reads	854547
	Percentage of HQ reads	99.21%
	Total number of bases	81829675
	Total number of bases in HQ reads	81181965
	Total number of HQ bases in HQ reads	80543315
	Percentage of HQ bases in HQ reads	99.21%
	Number of Primer/Adaptor contaminated HQ reads	NA
	Total number of HQ filtered reads	854547
	Percentage of HQ filtered reads	99.21%


Detailed QC statistics
	File name	CDS_2984_Cyrtodactylus_sumuroi_Samar_R1.fq
	Minimum read length	95
	Maximum read length	95
	Average read length	95.00
	Total number of reads	861365
	Total number of reads with non-ATGC bases	768
	Percentage of reads with non-ATGC bases	0.09%
	Total number of bases	81829675
	Total number of HQ bases	80909473
	Percentage of HQ bases	98.88%
	Total number of non-ATGC bases	17582
	Percentage of non-ATGC bases	0.02%


Average quality score at each base position of input reads

CDS_2984_Cyrtodactylus_sumuroi_Samar_R1.fq
36.20	36.86	36.91	36.93	36.75	36.70	36.66	39.01	38.97	38.94	38.89	38.85	38.92	38.93	38.90	38.89	38.86	38.78	38.86	38.78	38.74	38.75	38.78	38.77	38.71	38.64	38.58	38.57	38.61	38.55	38.59	38.59	38.48	38.54	38.51	38.45	38.48	38.48	38.39	38.37	38.38	38.31	38.27	38.23	38.15	38.31	38.36	38.36	38.32	38.28	38.28	38.20	38.18	38.11	38.05	38.00	38.04	38.02	37.94	37.87	37.80	37.72	37.63	37.47	37.38	37.24	37.13	37.02	36.89	34.98	35.75	36.19	36.26	36.20	36.11	36.00	35.90	35.82	35.75	35.66	35.60	35.54	35.48	35.44	35.38	35.33	35.29	35.24	35.21	35.16	35.11	35.10	35.09	35.08	34.45	




Read count (%) per base for different quality score ranges

	CDS_2984_Cyrtodactylus_sumuroi_Samar_R1.fq
Ranges	0-10	11-20	21-30	31-40
Base
1	0.00	0.64	0.96	98.40
2	0.00	0.21	0.30	99.49
3	0.00	0.14	0.24	99.62
4	0.00	0.10	0.18	99.72
5	0.00	0.16	0.93	98.90
6	0.00	0.29	1.03	98.68
7	0.00	0.35	1.14	98.50
8	0.01	0.36	1.15	98.48
9	0.02	0.40	1.23	98.35
10	0.02	0.44	1.30	98.24
11	0.02	0.46	1.33	98.20
12	0.01	0.48	1.36	98.15
13	0.01	0.49	1.35	98.15
14	0.02	0.48	1.36	98.14
15	0.02	0.49	1.38	98.11
16	0.02	0.48	1.33	98.16
17	0.02	0.55	1.40	98.03
18	0.03	0.60	1.56	97.80
19	0.03	0.48	1.39	98.09
20	0.07	0.64	1.44	97.85
21	0.08	0.69	1.46	97.76
22	0.09	0.64	1.44	97.83
23	0.10	0.64	1.42	97.84
24	0.12	0.61	1.44	97.83
25	0.16	0.63	1.51	97.71
26	0.20	0.64	1.57	97.60
27	0.26	0.68	1.65	97.41
28	0.28	0.63	1.63	97.46
29	0.27	0.54	1.56	97.63
30	0.35	0.55	1.68	97.42
31	0.38	0.55	1.60	97.46
32	0.38	0.52	1.65	97.45
33	0.48	0.60	1.74	97.18
34	0.41	0.54	1.72	97.33
35	0.43	0.54	1.76	97.26
36	0.44	0.57	1.85	97.15
37	0.46	0.55	1.78	97.20
38	0.44	0.57	1.85	97.14
39	0.50	0.61	1.96	96.93
40	0.47	0.59	1.98	96.95
41	0.47	0.58	1.99	96.96
42	0.52	0.63	2.11	96.74
43	0.52	0.64	2.18	96.66
44	0.53	0.65	2.24	96.58
45	0.56	0.68	2.37	96.39
46	0.50	0.60	2.08	96.82
47	0.48	0.58	2.06	96.88
48	0.49	0.60	2.12	96.79
49	0.50	0.59	2.25	96.66
50	0.52	0.61	2.27	96.60
51	0.51	0.59	2.30	96.60
52	0.53	0.63	2.44	96.41
53	0.54	0.60	2.52	96.34
54	0.54	0.63	2.68	96.14
55	0.57	0.63	2.73	96.07
56	0.59	0.63	2.81	95.97
57	0.54	0.62	2.66	96.18
58	0.52	0.61	2.76	96.11
59	0.51	0.66	2.89	95.94
60	0.55	0.63	2.91	95.91
61	0.54	0.67	2.94	95.86
62	0.55	0.65	2.99	95.81
63	0.56	0.64	3.05	95.75
64	0.58	0.67	3.30	95.45
65	0.57	0.69	3.24	95.50
66	0.61	0.70	3.35	95.34
67	0.60	0.72	3.41	95.27
68	0.61	0.73	3.42	95.25
69	0.60	0.74	3.54	95.12
70	0.69	1.11	7.20	91.00
71	0.65	0.93	4.95	93.47
72	0.65	0.84	4.20	94.31
73	0.65	0.81	3.92	94.62
74	0.65	0.80	3.85	94.70
75	0.63	0.80	3.90	94.67
76	0.66	0.81	3.97	94.56
77	0.67	0.85	3.99	94.50
78	0.68	0.84	4.07	94.41
79	0.69	0.85	4.11	94.36
80	0.69	0.86	4.27	94.18
81	0.70	0.88	4.32	94.09
82	0.71	0.89	4.40	93.99
83	0.75	0.91	4.47	93.87
84	0.74	0.97	4.57	93.72
85	0.77	0.98	4.66	93.59
86	0.80	1.00	4.76	93.44
87	0.81	1.03	4.82	93.34
88	0.83	1.07	4.94	93.16
89	0.86	1.09	4.96	93.09
90	0.86	1.15	5.09	92.89
91	0.90	1.18	5.19	92.73
92	0.88	1.21	5.17	92.73
93	0.90	1.23	5.11	92.76
94	0.92	1.23	5.19	92.66
95	1.13	1.58	6.70	90.59




