Parameters
	Library type	Single-end
	Input file	/Volumes/wdhd/users/joaks1/projects/gekgo/data/genomes/msg/plate2/demultiplexed-raw/fastq/CDS_212_Gekko_ernstkelleri_Panay_R1.fq
	Primer/Adaptor library	NA
	Cut-off read length for HQ	70%
	Cut-off quality score	20
	Only statistics	On
	Number of processes	2


QC statistics
	File name	CDS_212_Gekko_ernstkelleri_Panay_R1.fq
	Total number of reads	180796
	Total number of HQ reads	178326
	Percentage of HQ reads	98.63%
	Total number of bases	17175620
	Total number of bases in HQ reads	16940970
	Total number of HQ bases in HQ reads	16773751
	Percentage of HQ bases in HQ reads	99.01%
	Number of Primer/Adaptor contaminated HQ reads	NA
	Total number of HQ filtered reads	178326
	Percentage of HQ filtered reads	98.63%


Detailed QC statistics
	File name	CDS_212_Gekko_ernstkelleri_Panay_R1.fq
	Minimum read length	95
	Maximum read length	95
	Average read length	95.00
	Total number of reads	180796
	Total number of reads with non-ATGC bases	152
	Percentage of reads with non-ATGC bases	0.08%
	Total number of bases	17175620
	Total number of HQ bases	16898241
	Percentage of HQ bases	98.39%
	Total number of non-ATGC bases	3626
	Percentage of non-ATGC bases	0.02%


Average quality score at each base position of input reads

CDS_212_Gekko_ernstkelleri_Panay_R1.fq
36.65	36.83	36.87	36.90	36.70	36.64	36.61	38.90	38.87	38.83	38.76	38.71	38.70	38.71	38.71	38.69	38.69	38.62	38.68	38.57	38.52	38.52	38.54	38.55	38.47	38.36	38.33	38.39	38.39	38.32	38.34	38.37	38.24	38.29	38.22	38.12	38.19	38.14	38.08	38.01	38.04	37.95	37.90	37.90	37.84	38.00	38.04	38.02	37.96	37.92	37.85	37.79	37.70	37.62	37.54	37.39	37.42	37.38	37.24	37.15	37.04	36.90	36.74	36.60	36.43	36.27	36.11	35.93	35.85	34.05	34.85	35.28	35.35	35.37	35.34	35.29	35.22	35.18	35.13	35.08	35.04	34.99	34.97	34.95	34.91	34.85	34.84	34.80	34.74	34.69	34.66	34.66	34.65	34.62	33.92	




Read count (%) per base for different quality score ranges

	CDS_212_Gekko_ernstkelleri_Panay_R1.fq
Ranges	0-10	11-20	21-30	31-40
Base
1	0.11	0.52	0.66	98.71
2	0.00	0.33	0.39	99.28
3	0.00	0.23	0.34	99.43
4	0.00	0.18	0.26	99.56
5	0.00	0.26	1.08	98.66
6	0.01	0.35	1.23	98.41
7	0.00	0.44	1.30	98.26
8	0.02	0.43	1.41	98.15
9	0.03	0.48	1.40	98.09
10	0.03	0.51	1.53	97.92
11	0.02	0.56	1.55	97.86
12	0.03	0.59	1.56	97.83
13	0.02	0.59	1.59	97.80
14	0.03	0.59	1.60	97.78
15	0.04	0.58	1.62	97.76
16	0.04	0.59	1.62	97.74
17	0.06	0.66	1.61	97.67
18	0.08	0.69	1.78	97.45
19	0.10	0.57	1.65	97.68
20	0.21	0.75	1.68	97.35
21	0.29	0.81	1.70	97.21
22	0.32	0.74	1.72	97.22
23	0.39	0.70	1.65	97.26
24	0.41	0.62	1.74	97.23
25	0.51	0.65	1.71	97.13
26	0.53	0.67	1.94	96.85
27	0.63	0.68	1.92	96.78
28	0.53	0.65	1.91	96.90
29	0.53	0.60	1.85	97.02
30	0.58	0.68	2.00	96.75
31	0.58	0.65	2.01	96.76
32	0.59	0.66	1.96	96.79
33	0.66	0.72	2.15	96.46
34	0.61	0.71	2.05	96.63
35	0.70	0.71	2.21	96.39
36	0.69	0.75	2.25	96.30
37	0.68	0.70	2.21	96.41
38	0.68	0.73	2.41	96.17
39	0.74	0.78	2.41	96.08
40	0.69	0.79	2.61	95.90
41	0.73	0.76	2.56	95.95
42	0.75	0.84	2.73	95.68
43	0.79	0.83	2.86	95.52
44	0.82	0.81	2.80	95.57
45	0.88	0.82	2.96	95.34
46	0.71	0.74	2.74	95.82
47	0.69	0.72	2.75	95.84
48	0.71	0.73	2.79	95.77
49	0.73	0.77	2.92	95.58
50	0.74	0.79	3.00	95.48
51	0.76	0.81	3.15	95.28
52	0.77	0.80	3.26	95.17
53	0.79	0.84	3.34	95.03
54	0.82	0.81	3.50	94.87
55	0.87	0.85	3.48	94.80
56	0.89	0.87	3.85	94.39
57	0.85	0.86	3.51	94.77
58	0.81	0.84	3.59	94.76
59	0.84	0.93	3.71	94.52
60	0.84	0.89	3.72	94.56
61	0.82	0.98	3.69	94.51
62	0.82	0.93	3.97	94.28
63	0.89	0.91	3.96	94.25
64	0.90	0.95	4.03	94.11
65	0.90	0.97	4.19	93.94
66	0.97	0.97	4.26	93.81
67	0.97	1.01	4.38	93.64
68	1.02	1.10	4.56	93.32
69	1.00	1.00	4.55	93.45
70	1.11	1.50	8.86	88.53
71	1.04	1.24	6.22	91.49
72	1.01	1.15	5.27	92.57
73	1.04	1.16	5.01	92.79
74	0.95	1.14	4.94	92.97
75	0.99	1.10	4.85	93.05
76	1.00	1.12	4.95	92.93
77	1.01	1.19	5.07	92.73
78	1.08	1.17	5.05	92.71
79	1.10	1.24	5.09	92.57
80	1.11	1.24	5.36	92.30
81	1.11	1.25	5.46	92.18
82	1.15	1.31	5.48	92.06
83	1.15	1.34	5.53	91.98
84	1.20	1.32	5.50	91.98
85	1.21	1.39	5.53	91.87
86	1.29	1.43	5.60	91.68
87	1.27	1.44	5.67	91.62
88	1.32	1.48	5.76	91.44
89	1.32	1.62	5.83	91.23
90	1.38	1.68	5.82	91.12
91	1.41	1.72	5.96	90.91
92	1.45	1.75	5.83	90.98
93	1.40	1.75	5.93	90.92
94	1.44	1.82	5.78	90.96
95	1.77	2.28	7.52	88.43




