Parameters
	Library type	Single-end
	Input file	/Volumes/wdhd/users/joaks1/projects/gekgo/data/genomes/msg/plate2/demultiplexed-raw/fastq/CDS_173_Cyrtodactylus_philippinicus_Panay_R1.fq
	Primer/Adaptor library	NA
	Cut-off read length for HQ	70%
	Cut-off quality score	20
	Only statistics	On
	Number of processes	2


QC statistics
	File name	CDS_173_Cyrtodactylus_philippinicus_Panay_R1.fq
	Total number of reads	7245636
	Total number of HQ reads	7180080
	Percentage of HQ reads	99.10%
	Total number of bases	688335420
	Total number of bases in HQ reads	682107600
	Total number of HQ bases in HQ reads	676482626
	Percentage of HQ bases in HQ reads	99.18%
	Number of Primer/Adaptor contaminated HQ reads	NA
	Total number of HQ filtered reads	7180080
	Percentage of HQ filtered reads	99.10%


Detailed QC statistics
	File name	CDS_173_Cyrtodactylus_philippinicus_Panay_R1.fq
	Minimum read length	95
	Maximum read length	95
	Average read length	95.00
	Total number of reads	7245636
	Total number of reads with non-ATGC bases	6411
	Percentage of reads with non-ATGC bases	0.09%
	Total number of bases	688335420
	Total number of HQ bases	679973361
	Percentage of HQ bases	98.79%
	Total number of non-ATGC bases	147689
	Percentage of non-ATGC bases	0.02%


Average quality score at each base position of input reads

CDS_173_Cyrtodactylus_philippinicus_Panay_R1.fq
36.82	36.90	36.92	36.93	36.76	36.69	36.66	39.01	38.98	38.94	38.88	38.84	38.90	38.92	38.88	38.88	38.84	38.76	38.84	38.76	38.72	38.73	38.75	38.75	38.68	38.59	38.55	38.54	38.59	38.51	38.55	38.55	38.44	38.49	38.44	38.39	38.41	38.41	38.36	38.33	38.32	38.26	38.22	38.18	38.14	38.31	38.35	38.34	38.33	38.28	38.25	38.18	38.15	38.09	38.05	37.96	38.01	37.95	37.86	37.81	37.76	37.67	37.57	37.41	37.33	37.17	37.07	36.95	36.79	34.91	35.70	36.16	36.22	36.15	36.06	35.95	35.84	35.75	35.67	35.57	35.52	35.45	35.39	35.36	35.29	35.24	35.20	35.16	35.14	35.09	35.04	35.02	35.02	35.00	34.34	




Read count (%) per base for different quality score ranges

	CDS_173_Cyrtodactylus_philippinicus_Panay_R1.fq
Ranges	0-10	11-20	21-30	31-40
Base
1	0.00	0.35	0.41	99.25
2	0.00	0.18	0.24	99.58
3	0.00	0.14	0.22	99.64
4	0.00	0.10	0.18	99.71
5	0.00	0.17	0.92	98.91
6	0.00	0.31	1.07	98.63
7	0.00	0.36	1.16	98.48
8	0.01	0.38	1.20	98.41
9	0.02	0.42	1.27	98.30
10	0.02	0.45	1.35	98.18
11	0.01	0.48	1.37	98.14
12	0.02	0.50	1.39	98.09
13	0.02	0.50	1.37	98.11
14	0.02	0.50	1.38	98.10
15	0.02	0.51	1.43	98.04
16	0.02	0.50	1.37	98.11
17	0.03	0.57	1.43	97.98
18	0.03	0.63	1.59	97.75
19	0.04	0.52	1.42	98.03
20	0.07	0.68	1.48	97.76
21	0.09	0.72	1.50	97.70
22	0.10	0.66	1.48	97.75
23	0.11	0.68	1.48	97.73
24	0.13	0.64	1.47	97.76
25	0.18	0.68	1.54	97.60
26	0.20	0.68	1.67	97.44
27	0.28	0.72	1.67	97.33
28	0.30	0.66	1.67	97.37
29	0.30	0.58	1.58	97.54
30	0.39	0.60	1.72	97.30
31	0.44	0.59	1.64	97.33
32	0.43	0.55	1.70	97.32
33	0.53	0.63	1.80	97.04
34	0.46	0.59	1.76	97.19
35	0.50	0.60	1.82	97.08
36	0.49	0.61	1.88	97.01
37	0.53	0.60	1.84	97.03
38	0.51	0.61	1.91	96.97
39	0.53	0.65	1.98	96.85
40	0.51	0.65	2.02	96.83
41	0.53	0.63	2.07	96.78
42	0.57	0.68	2.16	96.59
43	0.57	0.68	2.26	96.49
44	0.59	0.68	2.31	96.42
45	0.60	0.70	2.37	96.34
46	0.53	0.63	2.07	96.77
47	0.51	0.61	2.10	96.78
48	0.53	0.62	2.18	96.68
49	0.51	0.61	2.20	96.68
50	0.57	0.63	2.28	96.52
51	0.57	0.63	2.37	96.42
52	0.57	0.65	2.52	96.26
53	0.58	0.65	2.57	96.20
54	0.57	0.66	2.70	96.06
55	0.58	0.67	2.76	95.99
56	0.63	0.68	2.88	95.81
57	0.58	0.66	2.71	96.05
58	0.59	0.67	2.84	95.89
59	0.59	0.72	3.04	95.65
60	0.62	0.71	3.02	95.65
61	0.60	0.71	3.03	95.66
62	0.61	0.71	3.10	95.58
63	0.63	0.70	3.18	95.49
64	0.64	0.74	3.60	95.01
65	0.65	0.74	3.37	95.23
66	0.68	0.76	3.52	95.05
67	0.66	0.77	3.53	95.04
68	0.69	0.78	3.54	95.00
69	0.68	0.81	3.80	94.71
70	0.76	1.16	7.51	90.56
71	0.74	0.97	4.95	93.34
72	0.72	0.88	4.23	94.17
73	0.72	0.86	4.02	94.39
74	0.70	0.86	3.98	94.47
75	0.71	0.85	3.98	94.46
76	0.73	0.86	4.04	94.37
77	0.74	0.89	4.17	94.20
78	0.76	0.89	4.19	94.17
79	0.77	0.92	4.26	94.05
80	0.78	0.94	4.48	93.80
81	0.79	0.95	4.48	93.78
82	0.81	0.98	4.61	93.60
83	0.84	1.01	4.69	93.46
84	0.83	1.03	4.74	93.39
85	0.87	1.06	4.87	93.20
86	0.90	1.10	4.97	93.03
87	0.92	1.14	5.04	92.91
88	0.92	1.18	5.10	92.81
89	0.94	1.19	5.11	92.76
90	0.94	1.24	5.24	92.58
91	0.97	1.27	5.34	92.43
92	0.99	1.31	5.37	92.33
93	1.00	1.33	5.33	92.34
94	1.01	1.35	5.35	92.29
95	1.28	1.71	6.95	90.07




