Parameters
	Library type	Single-end
	Input file	/Volumes/wdhd/users/joaks1/projects/gekgo/data/genomes/msg/plate2/demultiplexed-raw/fastq/CDS_3866_Gekko_mindorensis_Lubang_R1.fq
	Primer/Adaptor library	NA
	Cut-off read length for HQ	70%
	Cut-off quality score	20
	Only statistics	On
	Number of processes	2


QC statistics
	File name	CDS_3866_Gekko_mindorensis_Lubang_R1.fq
	Total number of reads	479422
	Total number of HQ reads	474744
	Percentage of HQ reads	99.02%
	Total number of bases	45545090
	Total number of bases in HQ reads	45100680
	Total number of HQ bases in HQ reads	44726258
	Percentage of HQ bases in HQ reads	99.17%
	Number of Primer/Adaptor contaminated HQ reads	NA
	Total number of HQ filtered reads	474744
	Percentage of HQ filtered reads	99.02%


Detailed QC statistics
	File name	CDS_3866_Gekko_mindorensis_Lubang_R1.fq
	Minimum read length	95
	Maximum read length	95
	Average read length	95.00
	Total number of reads	479422
	Total number of reads with non-ATGC bases	454
	Percentage of reads with non-ATGC bases	0.09%
	Total number of bases	45545090
	Total number of HQ bases	44966127
	Percentage of HQ bases	98.73%
	Total number of non-ATGC bases	10873
	Percentage of non-ATGC bases	0.02%


Average quality score at each base position of input reads

CDS_3866_Gekko_mindorensis_Lubang_R1.fq
35.82	36.80	36.89	36.93	36.76	36.71	36.67	38.88	38.92	38.92	38.90	38.77	38.86	38.88	38.88	38.81	38.82	38.76	38.83	38.73	38.72	38.72	38.68	38.68	38.63	38.57	38.53	38.55	38.58	38.49	38.51	38.53	38.41	38.47	38.43	38.34	38.39	38.28	38.29	38.20	38.26	38.23	38.19	38.19	38.08	38.21	38.28	38.31	38.29	38.26	38.16	38.12	38.07	38.03	37.98	37.87	37.88	37.88	37.84	37.75	37.65	37.54	37.43	37.33	37.18	37.05	36.92	36.77	36.62	34.68	35.53	35.99	36.04	36.00	35.90	35.79	35.70	35.61	35.54	35.47	35.44	35.37	35.32	35.26	35.23	35.18	35.10	35.08	35.05	34.98	34.98	34.95	34.94	34.87	34.19	




Read count (%) per base for different quality score ranges

	CDS_3866_Gekko_mindorensis_Lubang_R1.fq
Ranges	0-10	11-20	21-30	31-40
Base
1	0.00	0.97	1.44	97.59
2	0.00	0.31	0.43	99.26
3	0.00	0.16	0.31	99.52
4	0.00	0.09	0.20	99.70
5	0.00	0.15	0.89	98.96
6	0.00	0.25	0.97	98.78
7	0.00	0.32	1.08	98.60
8	0.01	0.39	1.25	98.35
9	0.01	0.35	1.17	98.47
10	0.02	0.42	1.28	98.28
11	0.01	0.39	1.30	98.30
12	0.02	0.48	1.43	98.07
13	0.01	0.48	1.37	98.13
14	0.02	0.48	1.36	98.14
15	0.02	0.46	1.40	98.12
16	0.02	0.46	1.39	98.13
17	0.02	0.51	1.39	98.08
18	0.04	0.56	1.53	97.87
19	0.04	0.47	1.38	98.12
20	0.10	0.64	1.49	97.77
21	0.11	0.65	1.47	97.76
22	0.13	0.61	1.44	97.82
23	0.15	0.67	1.52	97.66
24	0.17	0.63	1.52	97.69
25	0.21	0.64	1.55	97.61
26	0.24	0.65	1.66	97.45
27	0.34	0.68	1.69	97.29
28	0.33	0.61	1.63	97.43
29	0.34	0.53	1.59	97.55
30	0.41	0.56	1.75	97.28
31	0.47	0.55	1.71	97.26
32	0.44	0.53	1.71	97.31
33	0.55	0.61	1.83	97.02
34	0.46	0.56	1.81	97.17
35	0.53	0.56	1.85	97.07
36	0.53	0.62	1.97	96.88
37	0.55	0.59	1.88	96.97
38	0.58	0.63	2.05	96.75
39	0.58	0.63	2.02	96.77
40	0.59	0.68	2.18	96.55
41	0.58	0.62	2.10	96.70
42	0.60	0.66	2.19	96.56
43	0.61	0.67	2.24	96.48
44	0.60	0.66	2.24	96.51
45	0.68	0.72	2.46	96.14
46	0.58	0.67	2.16	96.59
47	0.57	0.65	2.14	96.64
48	0.57	0.61	2.19	96.62
49	0.56	0.62	2.26	96.57
50	0.60	0.63	2.31	96.46
51	0.64	0.66	2.49	96.21
52	0.61	0.66	2.64	96.09
53	0.64	0.66	2.73	95.97
54	0.63	0.68	2.82	95.86
55	0.66	0.67	2.84	95.83
56	0.70	0.71	3.05	95.55
57	0.67	0.70	2.90	95.73
58	0.61	0.69	2.89	95.81
59	0.60	0.71	2.93	95.75
60	0.66	0.69	3.08	95.56
61	0.66	0.71	3.11	95.52
62	0.67	0.74	3.24	95.35
63	0.69	0.75	3.24	95.32
64	0.70	0.74	3.32	95.24
65	0.74	0.77	3.52	94.97
66	0.76	0.80	3.55	94.90
67	0.74	0.82	3.66	94.77
68	0.78	0.83	3.68	94.71
69	0.74	0.82	3.77	94.67
70	0.85	1.18	7.71	90.26
71	0.80	1.01	5.16	93.03
72	0.80	0.91	4.43	93.86
73	0.81	0.88	4.26	94.05
74	0.79	0.87	4.14	94.21
75	0.78	0.86	4.04	94.32
76	0.80	0.89	4.07	94.24
77	0.80	0.93	4.17	94.10
78	0.84	0.91	4.34	93.90
79	0.85	0.97	4.41	93.78
80	0.86	0.93	4.53	93.68
81	0.85	0.97	4.58	93.60
82	0.90	1.02	4.64	93.45
83	0.90	1.02	4.78	93.30
84	0.94	1.07	4.84	93.15
85	0.94	1.08	4.90	93.08
86	0.96	1.08	5.00	92.96
87	1.01	1.12	5.13	92.74
88	1.00	1.17	5.16	92.66
89	1.05	1.21	5.16	92.58
90	1.07	1.28	5.29	92.36
91	1.07	1.29	5.33	92.31
92	1.11	1.31	5.38	92.20
93	1.12	1.38	5.34	92.17
94	1.17	1.44	5.50	91.89
95	1.43	1.76	7.06	89.75




