Parameters
	Library type	Single-end
	Input file	/Volumes/wdhd/users/joaks1/projects/gekgo/data/genomes/msg/plate2/demultiplexed-raw/fastq/CDS_101_Gekko_mindorensis_CamiguinSur_R1.fq
	Primer/Adaptor library	NA
	Cut-off read length for HQ	70%
	Cut-off quality score	20
	Only statistics	On
	Number of processes	2


QC statistics
	File name	CDS_101_Gekko_mindorensis_CamiguinSur_R1.fq
	Total number of reads	252925
	Total number of HQ reads	249960
	Percentage of HQ reads	98.83%
	Total number of bases	24027875
	Total number of bases in HQ reads	23746200
	Total number of HQ bases in HQ reads	23522689
	Percentage of HQ bases in HQ reads	99.06%
	Number of Primer/Adaptor contaminated HQ reads	NA
	Total number of HQ filtered reads	249960
	Percentage of HQ filtered reads	98.83%


Detailed QC statistics
	File name	CDS_101_Gekko_mindorensis_CamiguinSur_R1.fq
	Minimum read length	95
	Maximum read length	95
	Average read length	95.00
	Total number of reads	252925
	Total number of reads with non-ATGC bases	228
	Percentage of reads with non-ATGC bases	0.09%
	Total number of bases	24027875
	Total number of HQ bases	23674768
	Percentage of HQ bases	98.53%
	Total number of non-ATGC bases	5498
	Percentage of non-ATGC bases	0.02%


Average quality score at each base position of input reads

CDS_101_Gekko_mindorensis_CamiguinSur_R1.fq
35.90	36.77	36.85	36.88	36.69	36.64	36.61	38.61	38.72	38.79	38.80	38.60	38.74	38.78	38.79	38.61	38.66	38.62	38.70	38.54	38.58	38.61	38.53	38.55	38.49	38.46	38.38	38.42	38.46	38.38	38.39	38.33	38.21	38.27	38.29	38.18	38.23	38.12	38.13	37.97	37.98	38.02	38.03	38.01	37.91	38.11	38.22	38.25	38.24	38.21	38.05	38.05	38.05	38.01	37.94	37.86	37.88	37.90	37.88	37.79	37.65	37.58	37.45	37.25	37.11	36.99	36.88	36.71	36.45	34.40	35.36	35.88	35.98	35.97	35.91	35.77	35.67	35.58	35.52	35.43	35.37	35.31	35.26	35.21	35.17	35.10	35.01	35.00	34.95	34.90	34.88	34.89	34.85	34.77	34.04	




Read count (%) per base for different quality score ranges

	CDS_101_Gekko_mindorensis_CamiguinSur_R1.fq
Ranges	0-10	11-20	21-30	31-40
Base
1	0.00	1.09	1.42	97.49
2	0.00	0.40	0.50	99.10
3	0.00	0.28	0.38	99.34
4	0.00	0.20	0.30	99.49
5	0.00	0.29	1.10	98.60
6	0.00	0.38	1.16	98.45
7	0.01	0.44	1.29	98.25
8	0.02	0.62	1.65	97.71
9	0.02	0.50	1.43	98.05
10	0.02	0.52	1.48	97.97
11	0.02	0.54	1.49	97.94
12	0.02	0.67	1.73	97.58
13	0.02	0.64	1.63	97.71
14	0.02	0.61	1.57	97.79
15	0.03	0.58	1.58	97.81
16	0.02	0.64	1.67	97.66
17	0.03	0.66	1.67	97.64
18	0.05	0.70	1.79	97.46
19	0.05	0.62	1.71	97.62
20	0.11	0.90	1.71	97.28
21	0.13	0.89	1.70	97.28
22	0.16	0.83	1.60	97.41
23	0.18	0.85	1.76	97.20
24	0.21	0.80	1.69	97.30
25	0.24	0.83	1.76	97.17
26	0.29	0.80	1.81	97.10
27	0.38	0.85	1.90	96.87
28	0.40	0.78	1.80	97.02
29	0.41	0.66	1.77	97.15
30	0.51	0.66	1.89	96.93
31	0.54	0.67	1.89	96.90
32	0.56	0.67	1.96	96.82
33	0.70	0.74	2.07	96.50
34	0.59	0.71	2.07	96.62
35	0.63	0.68	2.04	96.65
36	0.66	0.72	2.24	96.38
37	0.67	0.71	2.16	96.46
38	0.68	0.75	2.27	96.30
39	0.71	0.77	2.21	96.31
40	0.71	0.83	2.51	95.95
41	0.71	0.76	2.34	96.19
42	0.73	0.80	2.40	96.07
43	0.73	0.80	2.47	96.00
44	0.72	0.78	2.46	96.04
45	0.77	0.82	2.76	95.64
46	0.65	0.76	2.33	96.26
47	0.68	0.70	2.24	96.39
48	0.65	0.68	2.35	96.32
49	0.65	0.69	2.42	96.24
50	0.72	0.69	2.48	96.12
51	0.72	0.78	2.72	95.77
52	0.66	0.74	2.87	95.73
53	0.69	0.73	2.90	95.68
54	0.71	0.77	2.95	95.57
55	0.74	0.78	3.05	95.44
56	0.77	0.81	3.20	95.21
57	0.78	0.78	2.99	95.44
58	0.73	0.78	2.95	95.55
59	0.71	0.76	3.11	95.41
60	0.73	0.80	3.24	95.23
61	0.75	0.79	3.28	95.19
62	0.76	0.81	3.34	95.08
63	0.73	0.81	3.43	95.03
64	0.78	0.83	3.51	94.88
65	0.81	0.85	3.68	94.65
66	0.85	0.86	3.79	94.50
67	0.82	0.88	3.91	94.39
68	0.89	0.95	3.93	94.23
69	0.88	0.98	4.24	93.90
70	0.94	1.37	9.05	88.64
71	0.93	1.12	5.52	92.44
72	0.92	1.06	4.58	93.43
73	0.93	0.98	4.42	93.68
74	0.87	0.99	4.32	93.82
75	0.88	0.94	4.21	93.96
76	0.89	0.96	4.40	93.74
77	0.92	0.99	4.44	93.65
78	0.93	1.02	4.54	93.51
79	0.93	1.03	4.59	93.45
80	0.97	1.07	4.75	93.20
81	0.96	1.10	4.86	93.09
82	1.01	1.09	4.80	93.10
83	1.00	1.12	5.09	92.79
84	1.01	1.19	5.10	92.70
85	1.04	1.18	5.11	92.67
86	1.08	1.19	5.20	92.53
87	1.11	1.27	5.47	92.16
88	1.14	1.31	5.29	92.26
89	1.15	1.35	5.53	91.97
90	1.16	1.39	5.58	91.87
91	1.19	1.39	5.60	91.82
92	1.19	1.46	5.60	91.75
93	1.26	1.45	5.72	91.57
94	1.30	1.55	5.81	91.34
95	1.56	1.97	7.35	89.13




