Parameters
	Library type	Single-end
	Input file	/Volumes/wdhd/users/joaks1/projects/gekgo/data/genomes/msg/plate2/demultiplexed-raw/fastq/CDS_49_Gekko_gigante_NorthGigante_R1.fq
	Primer/Adaptor library	NA
	Cut-off read length for HQ	70%
	Cut-off quality score	20
	Only statistics	On
	Number of processes	2


QC statistics
	File name	CDS_49_Gekko_gigante_NorthGigante_R1.fq
	Total number of reads	758977
	Total number of HQ reads	751023
	Percentage of HQ reads	98.95%
	Total number of bases	72102815
	Total number of bases in HQ reads	71347185
	Total number of HQ bases in HQ reads	70724791
	Percentage of HQ bases in HQ reads	99.13%
	Number of Primer/Adaptor contaminated HQ reads	NA
	Total number of HQ filtered reads	751023
	Percentage of HQ filtered reads	98.95%


Detailed QC statistics
	File name	CDS_49_Gekko_gigante_NorthGigante_R1.fq
	Minimum read length	95
	Maximum read length	95
	Average read length	95.00
	Total number of reads	758977
	Total number of reads with non-ATGC bases	700
	Percentage of reads with non-ATGC bases	0.09%
	Total number of bases	72102815
	Total number of HQ bases	71126097
	Percentage of HQ bases	98.65%
	Total number of non-ATGC bases	15680
	Percentage of non-ATGC bases	0.02%


Average quality score at each base position of input reads

CDS_49_Gekko_gigante_NorthGigante_R1.fq
36.80	36.88	36.91	36.92	36.75	36.68	36.65	38.94	38.93	38.88	38.81	38.69	38.78	38.81	38.80	38.77	38.78	38.69	38.74	38.65	38.62	38.62	38.61	38.61	38.56	38.46	38.41	38.43	38.44	38.34	38.38	38.42	38.28	38.32	38.28	38.14	38.21	38.14	38.13	38.02	38.10	38.01	38.00	37.98	37.91	38.16	38.25	38.26	38.21	38.18	38.14	38.07	38.04	38.01	37.96	37.85	37.93	37.90	37.83	37.74	37.64	37.54	37.44	37.33	37.20	37.07	36.94	36.80	36.66	34.69	35.49	35.96	36.00	35.95	35.89	35.77	35.65	35.58	35.47	35.40	35.32	35.26	35.23	35.18	35.13	35.08	35.02	34.97	34.93	34.87	34.84	34.81	34.78	34.74	34.05	




Read count (%) per base for different quality score ranges

	CDS_49_Gekko_gigante_NorthGigante_R1.fq
Ranges	0-10	11-20	21-30	31-40
Base
1	0.00	0.36	0.46	99.18
2	0.00	0.19	0.28	99.52
3	0.00	0.14	0.25	99.62
4	0.00	0.10	0.21	99.69
5	0.00	0.16	0.93	98.91
6	0.00	0.30	1.05	98.65
7	0.00	0.35	1.16	98.49
8	0.01	0.37	1.22	98.40
9	0.02	0.38	1.23	98.37
10	0.02	0.43	1.35	98.20
11	0.02	0.46	1.39	98.14
12	0.02	0.53	1.50	97.95
13	0.02	0.52	1.46	98.01
14	0.02	0.50	1.42	98.06
15	0.02	0.49	1.44	98.04
16	0.03	0.50	1.44	98.03
17	0.03	0.55	1.44	97.98
18	0.04	0.60	1.61	97.75
19	0.06	0.53	1.47	97.94
20	0.11	0.67	1.59	97.63
21	0.13	0.71	1.56	97.60
22	0.17	0.67	1.51	97.65
23	0.18	0.70	1.56	97.57
24	0.19	0.65	1.58	97.58
25	0.24	0.68	1.60	97.48
26	0.27	0.71	1.75	97.27
27	0.35	0.74	1.75	97.16
28	0.35	0.66	1.75	97.25
29	0.35	0.61	1.70	97.35
30	0.43	0.62	1.85	97.10
31	0.47	0.61	1.81	97.11
32	0.46	0.56	1.82	97.17
33	0.58	0.65	1.95	96.82
34	0.51	0.61	1.87	97.00
35	0.57	0.62	1.93	96.88
36	0.59	0.69	2.13	96.59
37	0.60	0.64	2.00	96.76
38	0.63	0.67	2.13	96.57
39	0.67	0.69	2.12	96.52
40	0.66	0.73	2.30	96.31
41	0.62	0.68	2.24	96.46
42	0.68	0.74	2.35	96.23
43	0.67	0.74	2.43	96.16
44	0.68	0.74	2.43	96.15
45	0.70	0.76	2.61	95.92
46	0.61	0.66	2.20	96.53
47	0.60	0.64	2.15	96.61
48	0.60	0.62	2.23	96.55
49	0.60	0.67	2.33	96.40
50	0.64	0.65	2.38	96.32
51	0.64	0.68	2.48	96.20
52	0.65	0.70	2.61	96.04
53	0.68	0.69	2.69	95.94
54	0.67	0.69	2.79	95.85
55	0.68	0.72	2.86	95.74
56	0.76	0.71	3.08	95.45
57	0.68	0.71	2.80	95.81
58	0.67	0.71	2.88	95.75
59	0.66	0.74	2.99	95.61
60	0.69	0.74	3.09	95.48
61	0.70	0.76	3.16	95.38
62	0.71	0.77	3.29	95.23
63	0.74	0.77	3.30	95.19
64	0.77	0.78	3.41	95.04
65	0.78	0.80	3.54	94.89
66	0.80	0.82	3.58	94.80
67	0.82	0.82	3.69	94.68
68	0.81	0.85	3.73	94.60
69	0.85	0.83	3.76	94.56
70	0.92	1.27	7.71	90.09
71	0.87	1.07	5.28	92.77
72	0.86	0.95	4.52	93.66
73	0.87	0.95	4.32	93.86
74	0.85	0.92	4.29	93.95
75	0.85	0.92	4.12	94.12
76	0.86	0.94	4.25	93.95
77	0.88	0.99	4.43	93.70
78	0.88	0.97	4.46	93.69
79	0.91	1.01	4.53	93.56
80	0.93	1.01	4.61	93.45
81	0.94	1.02	4.86	93.17
82	0.97	1.08	4.90	93.06
83	1.02	1.08	4.90	93.00
84	1.02	1.12	4.97	92.89
85	1.05	1.14	5.10	92.71
86	1.04	1.18	5.19	92.59
87	1.07	1.24	5.35	92.34
88	1.10	1.31	5.40	92.19
89	1.14	1.31	5.46	92.09
90	1.13	1.37	5.66	91.84
91	1.18	1.40	5.70	91.72
92	1.23	1.45	5.64	91.67
93	1.25	1.44	5.68	91.63
94	1.25	1.52	5.72	91.51
95	1.58	1.89	7.46	89.07




