Parameters
	Library type	Single-end
	Input file	/Volumes/wdhd/users/joaks1/projects/gekgo/data/genomes/msg/plate2/demultiplexed-raw/fastq/CDS_609_Gekko_mindorensis_Caluya_R1.fq
	Primer/Adaptor library	NA
	Cut-off read length for HQ	70%
	Cut-off quality score	20
	Only statistics	On
	Number of processes	2


QC statistics
	File name	CDS_609_Gekko_mindorensis_Caluya_R1.fq
	Total number of reads	3575255
	Total number of HQ reads	3536685
	Percentage of HQ reads	98.92%
	Total number of bases	339649225
	Total number of bases in HQ reads	335985075
	Total number of HQ bases in HQ reads	333230381
	Percentage of HQ bases in HQ reads	99.18%
	Number of Primer/Adaptor contaminated HQ reads	NA
	Total number of HQ filtered reads	3536685
	Percentage of HQ filtered reads	98.92%


Detailed QC statistics
	File name	CDS_609_Gekko_mindorensis_Caluya_R1.fq
	Minimum read length	95
	Maximum read length	95
	Average read length	95.00
	Total number of reads	3575255
	Total number of reads with non-ATGC bases	3175
	Percentage of reads with non-ATGC bases	0.09%
	Total number of bases	339649225
	Total number of HQ bases	335184962
	Percentage of HQ bases	98.69%
	Total number of non-ATGC bases	72458
	Percentage of non-ATGC bases	0.02%


Average quality score at each base position of input reads

CDS_609_Gekko_mindorensis_Caluya_R1.fq
36.81	36.90	36.92	36.93	36.75	36.71	36.67	38.97	38.98	38.97	38.93	38.83	38.90	38.92	38.92	38.86	38.87	38.81	38.86	38.76	38.75	38.75	38.71	38.73	38.68	38.60	38.55	38.59	38.61	38.53	38.55	38.55	38.45	38.50	38.47	38.39	38.43	38.36	38.34	38.25	38.31	38.27	38.24	38.23	38.15	38.28	38.34	38.35	38.32	38.29	38.22	38.18	38.12	38.09	38.05	37.93	37.97	37.97	37.92	37.85	37.76	37.66	37.56	37.45	37.32	37.18	37.05	36.92	36.77	34.83	35.66	36.14	36.18	36.13	36.05	35.92	35.80	35.71	35.63	35.55	35.50	35.44	35.39	35.33	35.30	35.24	35.19	35.16	35.12	35.06	35.04	35.02	35.01	34.94	34.28	




Read count (%) per base for different quality score ranges

	CDS_609_Gekko_mindorensis_Caluya_R1.fq
Ranges	0-10	11-20	21-30	31-40
Base
1	0.00	0.31	0.44	99.25
2	0.00	0.14	0.24	99.62
3	0.00	0.10	0.23	99.67
4	0.00	0.09	0.20	99.71
5	0.00	0.17	0.93	98.90
6	0.00	0.27	1.00	98.72
7	0.00	0.33	1.11	98.55
8	0.01	0.39	1.22	98.38
9	0.01	0.38	1.18	98.42
10	0.02	0.42	1.29	98.27
11	0.01	0.44	1.31	98.24
12	0.02	0.50	1.40	98.09
13	0.02	0.51	1.40	98.07
14	0.02	0.51	1.38	98.09
15	0.02	0.48	1.39	98.11
16	0.02	0.50	1.38	98.09
17	0.03	0.54	1.40	98.03
18	0.03	0.59	1.53	97.84
19	0.05	0.52	1.42	98.01
20	0.10	0.68	1.49	97.73
21	0.13	0.71	1.47	97.70
22	0.15	0.67	1.43	97.74
23	0.17	0.73	1.50	97.60
24	0.19	0.66	1.50	97.65
25	0.22	0.69	1.51	97.58
26	0.26	0.71	1.64	97.40
27	0.33	0.75	1.66	97.25
28	0.33	0.66	1.64	97.38
29	0.35	0.60	1.56	97.50
30	0.42	0.62	1.71	97.25
31	0.46	0.62	1.68	97.24
32	0.48	0.60	1.70	97.22
33	0.56	0.65	1.79	97.00
34	0.50	0.61	1.77	97.11
35	0.54	0.61	1.78	97.08
36	0.57	0.64	1.90	96.89
37	0.60	0.62	1.84	96.94
38	0.59	0.65	1.96	96.80
39	0.64	0.68	1.96	96.72
40	0.63	0.71	2.09	96.58
41	0.61	0.66	2.05	96.68
42	0.63	0.70	2.13	96.55
43	0.65	0.70	2.17	96.48
44	0.65	0.68	2.17	96.50
45	0.70	0.73	2.33	96.23
46	0.61	0.67	2.06	96.66
47	0.61	0.65	2.06	96.68
48	0.61	0.65	2.11	96.63
49	0.63	0.66	2.17	96.54
50	0.66	0.67	2.27	96.41
51	0.66	0.69	2.38	96.28
52	0.63	0.68	2.55	96.14
53	0.69	0.69	2.63	96.00
54	0.67	0.71	2.67	95.95
55	0.68	0.72	2.72	95.88
56	0.74	0.75	2.94	95.58
57	0.69	0.73	2.79	95.80
58	0.65	0.71	2.79	95.85
59	0.66	0.73	2.84	95.77
60	0.70	0.73	2.92	95.65
61	0.68	0.76	2.99	95.57
62	0.70	0.76	3.13	95.40
63	0.71	0.75	3.13	95.41
64	0.73	0.77	3.23	95.27
65	0.75	0.79	3.32	95.15
66	0.78	0.81	3.42	94.99
67	0.79	0.83	3.48	94.90
68	0.81	0.84	3.48	94.86
69	0.80	0.85	3.60	94.76
70	0.90	1.25	7.25	90.60
71	0.86	1.05	4.88	93.22
72	0.83	0.93	4.21	94.03
73	0.85	0.92	4.02	94.20
74	0.81	0.90	3.93	94.36
75	0.83	0.90	3.84	94.44
76	0.83	0.91	3.97	94.28
77	0.86	0.93	4.04	94.17
78	0.85	0.96	4.12	94.08
79	0.89	0.97	4.22	93.93
80	0.90	0.98	4.30	93.82
81	0.88	1.00	4.38	93.74
82	0.92	1.03	4.48	93.57
83	0.94	1.04	4.57	93.45
84	0.96	1.07	4.64	93.32
85	0.98	1.08	4.68	93.26
86	1.00	1.11	4.78	93.12
87	1.01	1.15	4.90	92.94
88	1.04	1.18	4.94	92.84
89	1.07	1.23	5.00	92.71
90	1.11	1.27	5.10	92.52
91	1.10	1.30	5.12	92.47
92	1.14	1.34	5.12	92.41
93	1.15	1.34	5.15	92.35
94	1.18	1.44	5.30	92.08
95	1.45	1.76	6.79	90.00




