Parameters
	Library type	Single-end
	Input file	/Volumes/wdhd/users/joaks1/projects/gekgo/data/genomes/msg/plate2/demultiplexed-raw/fastq/CDS_102_Gekko_mindorensis_CamiguinSur_R1.fq
	Primer/Adaptor library	NA
	Cut-off read length for HQ	70%
	Cut-off quality score	20
	Only statistics	On
	Number of processes	2


QC statistics
	File name	CDS_102_Gekko_mindorensis_CamiguinSur_R1.fq
	Total number of reads	6459874
	Total number of HQ reads	6393536
	Percentage of HQ reads	98.97%
	Total number of bases	613688030
	Total number of bases in HQ reads	607385920
	Total number of HQ bases in HQ reads	602375979
	Percentage of HQ bases in HQ reads	99.18%
	Number of Primer/Adaptor contaminated HQ reads	NA
	Total number of HQ filtered reads	6393536
	Percentage of HQ filtered reads	98.97%


Detailed QC statistics
	File name	CDS_102_Gekko_mindorensis_CamiguinSur_R1.fq
	Minimum read length	95
	Maximum read length	95
	Average read length	95.00
	Total number of reads	6459874
	Total number of reads with non-ATGC bases	5706
	Percentage of reads with non-ATGC bases	0.09%
	Total number of bases	613688030
	Total number of HQ bases	605753212
	Percentage of HQ bases	98.71%
	Total number of non-ATGC bases	130244
	Percentage of non-ATGC bases	0.02%


Average quality score at each base position of input reads

CDS_102_Gekko_mindorensis_CamiguinSur_R1.fq
36.83	36.90	36.92	36.94	36.74	36.69	36.65	38.86	38.90	38.93	38.92	38.80	38.89	38.91	38.91	38.79	38.81	38.78	38.83	38.71	38.73	38.74	38.68	38.71	38.66	38.61	38.54	38.58	38.61	38.53	38.55	38.53	38.41	38.48	38.47	38.38	38.42	38.37	38.36	38.22	38.24	38.26	38.27	38.26	38.16	38.28	38.34	38.35	38.32	38.30	38.16	38.16	38.15	38.12	38.05	37.92	37.97	38.00	37.95	37.88	37.74	37.64	37.53	37.34	37.22	37.09	36.94	36.81	36.61	34.63	35.53	36.02	36.09	36.07	35.99	35.87	35.78	35.70	35.64	35.55	35.50	35.44	35.40	35.35	35.33	35.26	35.20	35.19	35.15	35.10	35.07	35.07	35.05	34.97	34.26	




Read count (%) per base for different quality score ranges

	CDS_102_Gekko_mindorensis_CamiguinSur_R1.fq
Ranges	0-10	11-20	21-30	31-40
Base
1	0.00	0.32	0.39	99.29
2	0.00	0.16	0.23	99.61
3	0.00	0.13	0.22	99.65
4	0.00	0.09	0.18	99.72
5	0.00	0.17	0.98	98.85
6	0.00	0.29	1.06	98.65
7	0.01	0.36	1.20	98.44
8	0.02	0.48	1.36	98.14
9	0.02	0.42	1.28	98.29
10	0.02	0.45	1.35	98.18
11	0.01	0.47	1.37	98.15
12	0.02	0.54	1.50	97.95
13	0.02	0.54	1.44	98.01
14	0.02	0.54	1.44	98.00
15	0.02	0.51	1.43	98.04
16	0.02	0.56	1.46	97.96
17	0.03	0.59	1.46	97.93
18	0.04	0.62	1.58	97.76
19	0.05	0.56	1.50	97.89
20	0.10	0.75	1.57	97.58
21	0.13	0.75	1.53	97.59
22	0.16	0.70	1.48	97.66
23	0.18	0.77	1.57	97.47
24	0.20	0.68	1.52	97.60
25	0.24	0.71	1.56	97.49
26	0.27	0.69	1.65	97.38
27	0.36	0.75	1.72	97.17
28	0.35	0.67	1.66	97.32
29	0.37	0.60	1.58	97.45
30	0.46	0.62	1.72	97.20
31	0.48	0.61	1.69	97.22
32	0.49	0.60	1.74	97.17
33	0.59	0.66	1.84	96.91
34	0.51	0.62	1.81	97.05
35	0.55	0.63	1.80	97.02
36	0.57	0.66	1.93	96.85
37	0.60	0.64	1.89	96.87
38	0.59	0.66	1.97	96.79
39	0.61	0.68	1.98	96.73
40	0.62	0.73	2.16	96.49
41	0.61	0.68	2.09	96.62
42	0.63	0.70	2.13	96.54
43	0.61	0.70	2.15	96.53
44	0.63	0.68	2.18	96.51
45	0.69	0.73	2.37	96.21
46	0.60	0.68	2.09	96.63
47	0.60	0.65	2.10	96.65
48	0.59	0.65	2.16	96.61
49	0.60	0.66	2.24	96.50
50	0.63	0.67	2.33	96.37
51	0.64	0.72	2.53	96.11
52	0.61	0.69	2.64	96.07
53	0.63	0.68	2.67	96.03
54	0.65	0.69	2.71	95.95
55	0.66	0.73	2.81	95.81
56	0.71	0.76	3.06	95.48
57	0.67	0.73	2.84	95.76
58	0.62	0.70	2.81	95.87
59	0.61	0.73	2.88	95.77
60	0.65	0.72	2.99	95.63
61	0.64	0.75	3.08	95.53
62	0.67	0.75	3.17	95.41
63	0.67	0.74	3.17	95.41
64	0.68	0.77	3.30	95.25
65	0.71	0.79	3.41	95.10
66	0.74	0.80	3.51	94.95
67	0.74	0.84	3.55	94.87
68	0.78	0.85	3.61	94.76
69	0.77	0.88	3.80	94.55
70	0.84	1.28	7.97	89.92
71	0.82	1.05	5.10	93.04
72	0.80	0.93	4.31	93.96
73	0.81	0.90	4.09	94.20
74	0.76	0.87	3.97	94.39
75	0.78	0.86	3.91	94.45
76	0.79	0.89	3.99	94.33
77	0.82	0.91	4.10	94.18
78	0.81	0.93	4.17	94.09
79	0.81	0.94	4.24	94.02
80	0.84	0.94	4.37	93.84
81	0.83	0.96	4.44	93.77
82	0.86	0.98	4.51	93.65
83	0.88	1.00	4.65	93.47
84	0.90	1.03	4.72	93.35
85	0.89	1.03	4.73	93.34
86	0.93	1.07	4.81	93.18
87	0.95	1.13	4.94	92.99
88	0.96	1.14	4.90	93.00
89	0.99	1.18	5.00	92.83
90	1.01	1.23	5.12	92.65
91	1.02	1.26	5.14	92.58
92	1.04	1.28	5.11	92.56
93	1.08	1.30	5.15	92.46
94	1.11	1.39	5.33	92.17
95	1.41	1.74	6.80	90.06




