Parameters
	Library type	Single-end
	Input file	/Volumes/wdhd/users/joaks1/projects/gekgo/data/genomes/msg/plate2/demultiplexed-raw/fastq/CDS_3936_Gekko_mindorensis_Lubang_R1.fq
	Primer/Adaptor library	NA
	Cut-off read length for HQ	70%
	Cut-off quality score	20
	Only statistics	On
	Number of processes	2


QC statistics
	File name	CDS_3936_Gekko_mindorensis_Lubang_R1.fq
	Total number of reads	337375
	Total number of HQ reads	333961
	Percentage of HQ reads	98.99%
	Total number of bases	32050625
	Total number of bases in HQ reads	31726295
	Total number of HQ bases in HQ reads	31457428
	Percentage of HQ bases in HQ reads	99.15%
	Number of Primer/Adaptor contaminated HQ reads	NA
	Total number of HQ filtered reads	333961
	Percentage of HQ filtered reads	98.99%


Detailed QC statistics
	File name	CDS_3936_Gekko_mindorensis_Lubang_R1.fq
	Minimum read length	95
	Maximum read length	95
	Average read length	95.00
	Total number of reads	337375
	Total number of reads with non-ATGC bases	270
	Percentage of reads with non-ATGC bases	0.08%
	Total number of bases	32050625
	Total number of HQ bases	31630052
	Percentage of HQ bases	98.69%
	Total number of non-ATGC bases	6213
	Percentage of non-ATGC bases	0.02%


Average quality score at each base position of input reads

CDS_3936_Gekko_mindorensis_Lubang_R1.fq
36.75	36.86	36.89	36.92	36.74	36.70	36.66	38.91	38.94	38.95	38.91	38.78	38.87	38.90	38.90	38.84	38.84	38.79	38.85	38.74	38.73	38.72	38.69	38.70	38.66	38.58	38.54	38.57	38.59	38.51	38.54	38.56	38.43	38.48	38.44	38.37	38.41	38.29	38.28	38.21	38.28	38.25	38.21	38.22	38.11	38.23	38.32	38.33	38.31	38.28	38.20	38.16	38.12	38.08	38.02	37.90	37.94	37.92	37.89	37.81	37.72	37.61	37.51	37.41	37.26	37.15	37.03	36.89	36.74	34.80	35.65	36.12	36.17	36.13	36.05	35.91	35.79	35.69	35.62	35.54	35.48	35.42	35.37	35.31	35.27	35.23	35.16	35.11	35.08	35.04	35.01	34.98	34.97	34.91	34.25	




Read count (%) per base for different quality score ranges

	CDS_3936_Gekko_mindorensis_Lubang_R1.fq
Ranges	0-10	11-20	21-30	31-40
Base
1	0.00	0.55	0.52	98.94
2	0.00	0.28	0.30	99.41
3	0.00	0.21	0.26	99.53
4	0.00	0.14	0.21	99.65
5	0.00	0.19	0.96	98.85
6	0.00	0.28	1.05	98.67
7	0.00	0.35	1.15	98.50
8	0.01	0.42	1.26	98.31
9	0.01	0.38	1.23	98.38
10	0.02	0.42	1.33	98.23
11	0.01	0.44	1.28	98.26
12	0.02	0.51	1.43	98.04
13	0.02	0.51	1.43	98.04
14	0.02	0.49	1.40	98.08
15	0.02	0.48	1.40	98.10
16	0.02	0.49	1.39	98.10
17	0.02	0.55	1.38	98.04
18	0.03	0.60	1.53	97.84
19	0.05	0.49	1.39	98.06
20	0.11	0.69	1.49	97.71
21	0.12	0.69	1.50	97.69
22	0.16	0.68	1.45	97.71
23	0.17	0.70	1.54	97.59
24	0.20	0.67	1.48	97.65
25	0.22	0.69	1.51	97.59
26	0.26	0.72	1.66	97.36
27	0.33	0.73	1.73	97.21
28	0.33	0.65	1.68	97.34
29	0.35	0.58	1.61	97.47
30	0.42	0.62	1.75	97.21
31	0.46	0.61	1.73	97.21
32	0.46	0.57	1.63	97.34
33	0.60	0.62	1.80	96.98
34	0.48	0.62	1.75	97.14
35	0.55	0.60	1.82	97.02
36	0.57	0.62	1.93	96.89
37	0.59	0.61	1.85	96.95
38	0.59	0.66	2.00	96.74
39	0.62	0.66	2.07	96.66
40	0.61	0.69	2.13	96.57
41	0.60	0.65	2.11	96.64
42	0.63	0.68	2.15	96.53
43	0.67	0.66	2.20	96.47
44	0.62	0.69	2.22	96.48
45	0.74	0.75	2.35	96.17
46	0.64	0.66	2.16	96.54
47	0.60	0.65	2.11	96.64
48	0.58	0.66	2.14	96.62
49	0.61	0.63	2.20	96.56
50	0.64	0.67	2.28	96.41
51	0.62	0.68	2.46	96.24
52	0.61	0.67	2.59	96.14
53	0.65	0.68	2.68	95.99
54	0.64	0.68	2.72	95.96
55	0.65	0.72	2.78	95.85
56	0.73	0.73	3.03	95.51
57	0.67	0.76	2.84	95.73
58	0.66	0.71	2.89	95.74
59	0.67	0.72	2.90	95.70
60	0.70	0.74	2.95	95.60
61	0.69	0.75	3.06	95.50
62	0.69	0.77	3.18	95.36
63	0.70	0.76	3.20	95.34
64	0.72	0.78	3.26	95.24
65	0.75	0.82	3.44	94.99
66	0.78	0.80	3.54	94.88
67	0.79	0.83	3.59	94.79
68	0.81	0.82	3.64	94.72
69	0.78	0.84	3.69	94.69
70	0.85	1.23	7.40	90.52
71	0.83	1.01	5.02	93.14
72	0.84	0.92	4.31	93.93
73	0.84	0.89	4.14	94.13
74	0.82	0.88	4.02	94.28
75	0.81	0.88	3.99	94.32
76	0.82	0.90	4.06	94.22
77	0.85	0.91	4.12	94.11
78	0.85	0.93	4.23	93.99
79	0.85	0.94	4.27	93.94
80	0.91	0.94	4.35	93.79
81	0.89	1.01	4.47	93.63
82	0.89	1.03	4.63	93.44
83	0.95	1.01	4.68	93.35
84	0.97	1.05	4.75	93.23
85	0.96	1.10	4.83	93.11
86	0.96	1.14	4.85	93.05
87	1.01	1.17	4.99	92.83
88	1.03	1.22	5.20	92.56
89	1.08	1.23	5.16	92.54
90	1.09	1.28	5.23	92.40
91	1.09	1.35	5.23	92.33
92	1.17	1.36	5.24	92.24
93	1.16	1.36	5.25	92.23
94	1.20	1.46	5.35	91.99
95	1.45	1.76	6.87	89.92




