Parameters
	Library type	Single-end
	Input file	/Volumes/wdhd/users/joaks1/projects/gekgo/data/genomes/msg/plate2/demultiplexed-raw/fastq/CDS_159_Gekko_ernstkelleri_Panay_R1.fq
	Primer/Adaptor library	NA
	Cut-off read length for HQ	70%
	Cut-off quality score	20
	Only statistics	On
	Number of processes	2


QC statistics
	File name	CDS_159_Gekko_ernstkelleri_Panay_R1.fq
	Total number of reads	632176
	Total number of HQ reads	624906
	Percentage of HQ reads	98.85%
	Total number of bases	60056720
	Total number of bases in HQ reads	59366070
	Total number of HQ bases in HQ reads	58853994
	Percentage of HQ bases in HQ reads	99.14%
	Number of Primer/Adaptor contaminated HQ reads	NA
	Total number of HQ filtered reads	624906
	Percentage of HQ filtered reads	98.85%


Detailed QC statistics
	File name	CDS_159_Gekko_ernstkelleri_Panay_R1.fq
	Minimum read length	95
	Maximum read length	95
	Average read length	95.00
	Total number of reads	632176
	Total number of reads with non-ATGC bases	547
	Percentage of reads with non-ATGC bases	0.09%
	Total number of bases	60056720
	Total number of HQ bases	59219885
	Percentage of HQ bases	98.61%
	Total number of non-ATGC bases	11632
	Percentage of non-ATGC bases	0.02%


Average quality score at each base position of input reads

CDS_159_Gekko_ernstkelleri_Panay_R1.fq
36.60	36.85	36.89	36.92	36.76	36.71	36.68	39.02	39.00	38.94	38.89	38.80	38.87	38.89	38.89	38.87	38.84	38.77	38.82	38.72	38.69	38.68	38.69	38.68	38.63	38.52	38.48	38.52	38.51	38.44	38.46	38.50	38.36	38.42	38.37	38.26	38.32	38.27	38.23	38.15	38.19	38.11	38.08	38.10	38.04	38.24	38.30	38.30	38.28	38.25	38.21	38.16	38.08	38.04	37.98	37.86	37.93	37.90	37.75	37.73	37.68	37.57	37.46	37.35	37.22	37.10	36.97	36.78	36.70	34.78	35.58	36.02	36.08	36.01	35.93	35.81	35.69	35.60	35.51	35.42	35.35	35.28	35.24	35.19	35.14	35.09	35.04	34.98	34.93	34.88	34.83	34.82	34.79	34.75	34.09	




Read count (%) per base for different quality score ranges

	CDS_159_Gekko_ernstkelleri_Panay_R1.fq
Ranges	0-10	11-20	21-30	31-40
Base
1	0.00	0.59	0.75	98.66
2	0.00	0.25	0.35	99.41
3	0.00	0.18	0.29	99.53
4	0.00	0.13	0.23	99.65
5	0.00	0.18	0.86	98.96
6	0.00	0.27	1.00	98.73
7	0.00	0.32	1.04	98.64
8	0.01	0.32	1.12	98.55
9	0.01	0.35	1.14	98.50
10	0.02	0.40	1.26	98.32
11	0.01	0.43	1.28	98.29
12	0.02	0.48	1.36	98.14
13	0.01	0.48	1.32	98.19
14	0.02	0.46	1.31	98.21
15	0.02	0.45	1.32	98.20
16	0.02	0.48	1.31	98.19
17	0.03	0.53	1.34	98.09
18	0.04	0.58	1.50	97.88
19	0.05	0.48	1.35	98.12
20	0.10	0.67	1.47	97.76
21	0.12	0.70	1.46	97.72
22	0.16	0.65	1.44	97.74
23	0.17	0.70	1.44	97.69
24	0.19	0.65	1.45	97.70
25	0.23	0.68	1.51	97.58
26	0.28	0.70	1.65	97.38
27	0.36	0.71	1.68	97.26
28	0.36	0.64	1.63	97.37
29	0.37	0.60	1.59	97.44
30	0.46	0.60	1.71	97.23
31	0.50	0.59	1.71	97.20
32	0.48	0.55	1.68	97.29
33	0.61	0.62	1.83	96.94
34	0.52	0.59	1.76	97.13
35	0.59	0.61	1.81	97.00
36	0.59	0.64	1.95	96.82
37	0.60	0.62	1.84	96.94
38	0.62	0.64	1.97	96.76
39	0.66	0.67	2.02	96.65
40	0.65	0.72	2.15	96.48
41	0.66	0.69	2.13	96.52
42	0.69	0.73	2.23	96.35
43	0.70	0.73	2.32	96.25
44	0.70	0.70	2.24	96.36
45	0.74	0.74	2.37	96.15
46	0.64	0.65	2.06	96.66
47	0.63	0.63	2.04	96.70
48	0.63	0.63	2.11	96.63
49	0.64	0.64	2.16	96.56
50	0.64	0.67	2.25	96.44
51	0.65	0.69	2.34	96.31
52	0.67	0.67	2.46	96.19
53	0.70	0.69	2.57	96.05
54	0.70	0.72	2.67	95.92
55	0.73	0.71	2.78	95.78
56	0.79	0.75	3.04	95.42
57	0.73	0.74	2.78	95.75
58	0.73	0.72	2.87	95.68
59	0.77	0.91	3.10	95.22
60	0.76	0.76	3.14	95.34
61	0.74	0.80	3.08	95.38
62	0.77	0.78	3.24	95.21
63	0.80	0.78	3.29	95.13
64	0.82	0.83	3.34	95.01
65	0.84	0.84	3.48	94.84
66	0.86	0.84	3.54	94.75
67	0.85	0.92	3.61	94.61
68	0.93	0.98	3.83	94.25
69	0.89	0.89	3.79	94.44
70	0.98	1.25	7.45	90.32
71	0.93	1.06	5.08	92.92
72	0.92	0.97	4.38	93.73
73	0.94	0.93	4.17	93.95
74	0.90	0.94	4.16	94.00
75	0.91	0.94	4.08	94.07
76	0.91	0.95	4.21	93.93
77	0.95	1.01	4.29	93.75
78	0.96	1.00	4.34	93.70
79	0.99	1.02	4.40	93.59
80	1.00	1.06	4.54	93.40
81	1.01	1.07	4.69	93.23
82	1.05	1.10	4.77	93.08
83	1.06	1.10	4.80	93.05
84	1.09	1.10	4.89	92.92
85	1.14	1.13	4.93	92.80
86	1.14	1.19	5.05	92.61
87	1.16	1.22	5.16	92.45
88	1.18	1.30	5.30	92.22
89	1.21	1.30	5.46	92.03
90	1.27	1.37	5.44	91.92
91	1.29	1.44	5.55	91.72
92	1.30	1.44	5.54	91.71
93	1.30	1.47	5.69	91.54
94	1.34	1.50	5.65	91.51
95	1.64	1.89	7.31	89.17




