Parameters
	Library type	Single-end
	Input file	/Volumes/wdhd/users/joaks1/projects/gekgo/data/genomes/msg/plate2/demultiplexed-raw/fastq/CDS_1442_Cyrtodactylus_philippinicus_Sibuyan_R1.fq
	Primer/Adaptor library	NA
	Cut-off read length for HQ	70%
	Cut-off quality score	20
	Only statistics	On
	Number of processes	2


QC statistics
	File name	CDS_1442_Cyrtodactylus_philippinicus_Sibuyan_R1.fq
	Total number of reads	2979847
	Total number of HQ reads	2952507
	Percentage of HQ reads	99.08%
	Total number of bases	283085465
	Total number of bases in HQ reads	280488165
	Total number of HQ bases in HQ reads	277994004
	Percentage of HQ bases in HQ reads	99.11%
	Number of Primer/Adaptor contaminated HQ reads	NA
	Total number of HQ filtered reads	2952507
	Percentage of HQ filtered reads	99.08%


Detailed QC statistics
	File name	CDS_1442_Cyrtodactylus_philippinicus_Sibuyan_R1.fq
	Minimum read length	95
	Maximum read length	95
	Average read length	95.00
	Total number of reads	2979847
	Total number of reads with non-ATGC bases	2560
	Percentage of reads with non-ATGC bases	0.09%
	Total number of bases	283085465
	Total number of HQ bases	279438092
	Percentage of HQ bases	98.71%
	Total number of non-ATGC bases	58168
	Percentage of non-ATGC bases	0.02%


Average quality score at each base position of input reads

CDS_1442_Cyrtodactylus_philippinicus_Sibuyan_R1.fq
36.77	36.87	36.90	36.92	36.73	36.66	36.63	38.93	38.89	38.85	38.78	38.75	38.80	38.80	38.75	38.73	38.71	38.63	38.73	38.64	38.60	38.62	38.63	38.64	38.57	38.47	38.42	38.41	38.47	38.38	38.42	38.43	38.30	38.37	38.32	38.26	38.27	38.27	38.20	38.16	38.16	38.08	38.04	38.00	37.95	38.13	38.18	38.15	38.13	38.08	38.04	37.95	37.91	37.85	37.77	37.68	37.73	37.68	37.58	37.50	37.42	37.30	37.18	37.01	36.90	36.71	36.59	36.46	36.30	34.45	35.24	35.69	35.76	35.72	35.65	35.59	35.51	35.46	35.40	35.34	35.29	35.23	35.18	35.15	35.11	35.07	35.03	35.00	34.97	34.93	34.88	34.88	34.87	34.86	34.15	




Read count (%) per base for different quality score ranges

	CDS_1442_Cyrtodactylus_philippinicus_Sibuyan_R1.fq
Ranges	0-10	11-20	21-30	31-40
Base
1	0.00	0.40	0.51	99.09
2	0.00	0.22	0.31	99.47
3	0.00	0.15	0.28	99.57
4	0.00	0.11	0.22	99.67
5	0.00	0.19	1.04	98.77
6	0.00	0.32	1.16	98.51
7	0.00	0.38	1.26	98.37
8	0.01	0.41	1.32	98.26
9	0.02	0.45	1.40	98.14
10	0.02	0.49	1.47	98.01
11	0.02	0.52	1.53	97.94
12	0.02	0.53	1.51	97.94
13	0.02	0.54	1.50	97.94
14	0.02	0.54	1.51	97.93
15	0.03	0.54	1.58	97.85
16	0.03	0.53	1.50	97.93
17	0.04	0.59	1.56	97.81
18	0.05	0.68	1.73	97.54
19	0.05	0.55	1.55	97.85
20	0.10	0.71	1.62	97.56
21	0.13	0.73	1.65	97.49
22	0.15	0.66	1.62	97.57
23	0.19	0.65	1.61	97.55
24	0.21	0.61	1.60	97.59
25	0.28	0.62	1.67	97.43
26	0.34	0.62	1.81	97.23
27	0.44	0.65	1.83	97.08
28	0.40	0.62	1.86	97.12
29	0.39	0.57	1.74	97.30
30	0.46	0.60	1.90	97.04
31	0.48	0.60	1.82	97.09
32	0.45	0.59	1.87	97.10
33	0.57	0.67	1.99	96.76
34	0.48	0.62	1.95	96.95
35	0.52	0.64	1.99	96.85
36	0.51	0.64	2.15	96.69
37	0.54	0.64	2.08	96.74
38	0.54	0.65	2.12	96.70
39	0.56	0.68	2.27	96.49
40	0.54	0.69	2.32	96.44
41	0.57	0.67	2.34	96.42
42	0.61	0.72	2.50	96.18
43	0.60	0.73	2.57	96.11
44	0.62	0.73	2.65	95.99
45	0.64	0.75	2.74	95.87
46	0.56	0.67	2.41	96.36
47	0.54	0.66	2.44	96.35
48	0.57	0.68	2.54	96.22
49	0.55	0.66	2.63	96.17
50	0.60	0.67	2.71	96.02
51	0.59	0.68	2.80	95.93
52	0.61	0.70	2.99	95.70
53	0.62	0.68	3.05	95.64
54	0.62	0.71	3.17	95.50
55	0.64	0.71	3.23	95.41
56	0.68	0.73	3.37	95.22
57	0.62	0.70	3.11	95.57
58	0.61	0.71	3.21	95.47
59	0.61	0.76	3.38	95.26
60	0.64	0.74	3.34	95.27
61	0.63	0.75	3.37	95.26
62	0.62	0.74	3.48	95.16
63	0.64	0.74	3.52	95.10
64	0.65	0.78	3.88	94.68
65	0.66	0.77	3.72	94.85
66	0.69	0.80	3.87	94.63
67	0.68	0.82	3.92	94.58
68	0.69	0.82	3.93	94.55
69	0.71	0.86	4.17	94.27
70	0.80	1.25	8.43	89.53
71	0.77	1.03	5.63	92.58
72	0.75	0.94	4.77	93.54
73	0.74	0.92	4.51	93.83
74	0.71	0.91	4.47	93.91
75	0.73	0.90	4.47	93.90
76	0.74	0.93	4.52	93.80
77	0.77	0.94	4.63	93.65
78	0.79	0.95	4.68	93.58
79	0.80	0.97	4.78	93.46
80	0.81	1.01	4.90	93.29
81	0.82	1.02	4.98	93.18
82	0.85	1.05	5.09	93.01
83	0.87	1.10	5.15	92.89
84	0.88	1.12	5.22	92.79
85	0.90	1.15	5.32	92.64
86	0.91	1.18	5.39	92.52
87	0.95	1.21	5.44	92.39
88	0.94	1.25	5.51	92.29
89	0.97	1.31	5.54	92.19
90	0.97	1.35	5.61	92.07
91	0.99	1.40	5.72	91.89
92	1.00	1.42	5.75	91.83
93	1.01	1.45	5.71	91.83
94	1.04	1.46	5.67	91.83
95	1.33	1.89	7.43	89.34




