Parameters
	Library type	Single-end
	Input file	/Volumes/wdhd/users/joaks1/projects/gekgo/data/genomes/msg/plate2/demultiplexed-raw/fastq/CDS_1112_Cyrtodactylus_philippinicus_Polillo_R1.fq
	Primer/Adaptor library	NA
	Cut-off read length for HQ	70%
	Cut-off quality score	20
	Only statistics	On
	Number of processes	2


QC statistics
	File name	CDS_1112_Cyrtodactylus_philippinicus_Polillo_R1.fq
	Total number of reads	1044274
	Total number of HQ reads	1035635
	Percentage of HQ reads	99.17%
	Total number of bases	99206030
	Total number of bases in HQ reads	98385325
	Total number of HQ bases in HQ reads	97591555
	Percentage of HQ bases in HQ reads	99.19%
	Number of Primer/Adaptor contaminated HQ reads	NA
	Total number of HQ filtered reads	1035635
	Percentage of HQ filtered reads	99.17%


Detailed QC statistics
	File name	CDS_1112_Cyrtodactylus_philippinicus_Polillo_R1.fq
	Minimum read length	95
	Maximum read length	95
	Average read length	95.00
	Total number of reads	1044274
	Total number of reads with non-ATGC bases	904
	Percentage of reads with non-ATGC bases	0.09%
	Total number of bases	99206030
	Total number of HQ bases	98055370
	Percentage of HQ bases	98.84%
	Total number of non-ATGC bases	20475
	Percentage of non-ATGC bases	0.02%


Average quality score at each base position of input reads

CDS_1112_Cyrtodactylus_philippinicus_Polillo_R1.fq
36.51	36.88	36.91	36.93	36.74	36.69	36.66	39.02	38.99	38.95	38.89	38.86	38.93	38.94	38.91	38.90	38.86	38.79	38.86	38.79	38.74	38.78	38.79	38.79	38.72	38.63	38.60	38.60	38.65	38.58	38.61	38.61	38.51	38.56	38.52	38.45	38.48	38.49	38.43	38.40	38.39	38.33	38.28	38.26	38.22	38.36	38.39	38.37	38.36	38.31	38.28	38.23	38.20	38.14	38.08	38.02	38.04	38.00	37.92	37.87	37.81	37.73	37.63	37.48	37.39	37.24	37.13	37.03	36.87	34.98	35.77	36.21	36.26	36.19	36.10	35.99	35.88	35.80	35.71	35.65	35.59	35.52	35.46	35.42	35.34	35.29	35.24	35.21	35.19	35.13	35.08	35.08	35.06	35.05	34.39	




Read count (%) per base for different quality score ranges

	CDS_1112_Cyrtodactylus_philippinicus_Polillo_R1.fq
Ranges	0-10	11-20	21-30	31-40
Base
1	0.00	0.50	0.74	98.76
2	0.00	0.17	0.28	99.55
3	0.00	0.13	0.24	99.63
4	0.00	0.10	0.20	99.71
5	0.00	0.18	0.97	98.85
6	0.00	0.30	1.05	98.64
7	0.00	0.34	1.14	98.51
8	0.01	0.38	1.17	98.44
9	0.02	0.41	1.24	98.33
10	0.02	0.45	1.33	98.19
11	0.02	0.48	1.34	98.17
12	0.01	0.48	1.37	98.14
13	0.02	0.50	1.35	98.14
14	0.02	0.49	1.37	98.13
15	0.02	0.50	1.40	98.08
16	0.02	0.49	1.34	98.15
17	0.03	0.56	1.39	98.02
18	0.04	0.61	1.54	97.81
19	0.04	0.50	1.40	98.06
20	0.08	0.67	1.42	97.84
21	0.08	0.69	1.47	97.75
22	0.10	0.62	1.40	97.88
23	0.11	0.64	1.42	97.83
24	0.13	0.63	1.42	97.83
25	0.16	0.67	1.49	97.68
26	0.20	0.68	1.61	97.51
27	0.26	0.70	1.61	97.43
28	0.28	0.62	1.64	97.46
29	0.28	0.54	1.51	97.67
30	0.35	0.57	1.63	97.45
31	0.40	0.55	1.58	97.48
32	0.39	0.53	1.62	97.46
33	0.49	0.59	1.73	97.19
34	0.41	0.55	1.70	97.35
35	0.46	0.56	1.73	97.24
36	0.46	0.59	1.83	97.13
37	0.49	0.57	1.78	97.16
38	0.48	0.57	1.81	97.14
39	0.49	0.62	1.90	97.00
40	0.47	0.61	1.94	96.99
41	0.50	0.59	1.96	96.95
42	0.53	0.64	2.11	96.72
43	0.55	0.64	2.16	96.65
44	0.56	0.65	2.18	96.61
45	0.57	0.66	2.27	96.51
46	0.50	0.59	2.02	96.88
47	0.51	0.59	2.03	96.88
48	0.51	0.62	2.11	96.76
49	0.49	0.59	2.17	96.74
50	0.53	0.61	2.26	96.60
51	0.54	0.60	2.34	96.52
52	0.53	0.62	2.46	96.39
53	0.56	0.62	2.48	96.35
54	0.56	0.65	2.64	96.15
55	0.57	0.65	2.70	96.07
56	0.58	0.67	2.80	95.95
57	0.57	0.62	2.64	96.17
58	0.56	0.63	2.76	96.05
59	0.54	0.69	2.91	95.86
60	0.58	0.67	2.93	95.82
61	0.57	0.68	2.93	95.83
62	0.57	0.67	3.01	95.75
63	0.59	0.65	3.09	95.67
64	0.61	0.70	3.35	95.34
65	0.61	0.69	3.23	95.47
66	0.64	0.71	3.38	95.26
67	0.62	0.72	3.45	95.20
68	0.63	0.72	3.42	95.22
69	0.65	0.76	3.62	94.98
70	0.73	1.13	7.27	90.88
71	0.69	0.93	4.88	93.49
72	0.69	0.84	4.18	94.28
73	0.69	0.82	3.95	94.54
74	0.68	0.82	3.88	94.62
75	0.68	0.81	3.91	94.60
76	0.69	0.83	4.02	94.46
77	0.70	0.86	4.10	94.34
78	0.72	0.86	4.12	94.30
79	0.72	0.87	4.22	94.19
80	0.72	0.87	4.31	94.10
81	0.73	0.89	4.37	94.01
82	0.77	0.91	4.47	93.85
83	0.80	0.96	4.56	93.68
84	0.79	0.98	4.64	93.58
85	0.83	1.03	4.74	93.41
86	0.84	1.04	4.87	93.25
87	0.89	1.09	4.90	93.12
88	0.88	1.12	5.00	93.01
89	0.89	1.14	5.00	92.97
90	0.93	1.18	5.17	92.72
91	0.94	1.22	5.28	92.55
92	0.94	1.23	5.26	92.57
93	0.95	1.27	5.24	92.53
94	0.99	1.29	5.22	92.51
95	1.24	1.66	6.85	90.24




