Parameters
	Library type	Single-end
	Input file	/Volumes/wdhd/users/joaks1/projects/gekgo/data/genomes/msg/plate2/demultiplexed-raw/fastq/CDS_100_Gekko_mindorensis_CamiguinSur_R1.fq
	Primer/Adaptor library	NA
	Cut-off read length for HQ	70%
	Cut-off quality score	20
	Only statistics	On
	Number of processes	2


QC statistics
	File name	CDS_100_Gekko_mindorensis_CamiguinSur_R1.fq
	Total number of reads	18200109
	Total number of HQ reads	17986857
	Percentage of HQ reads	98.83%
	Total number of bases	1729010355
	Total number of bases in HQ reads	1708751415
	Total number of HQ bases in HQ reads	1693526835
	Percentage of HQ bases in HQ reads	99.11%
	Number of Primer/Adaptor contaminated HQ reads	NA
	Total number of HQ filtered reads	17986857
	Percentage of HQ filtered reads	98.83%


Detailed QC statistics
	File name	CDS_100_Gekko_mindorensis_CamiguinSur_R1.fq
	Minimum read length	95
	Maximum read length	95
	Average read length	95.00
	Total number of reads	18200109
	Total number of reads with non-ATGC bases	16017
	Percentage of reads with non-ATGC bases	0.09%
	Total number of bases	1729010355
	Total number of HQ bases	1704440423
	Percentage of HQ bases	98.58%
	Total number of non-ATGC bases	368401
	Percentage of non-ATGC bases	0.02%


Average quality score at each base position of input reads

CDS_100_Gekko_mindorensis_CamiguinSur_R1.fq
36.67	36.87	36.91	36.94	36.74	36.68	36.64	38.86	38.89	38.92	38.90	38.78	38.82	38.83	38.84	38.74	38.77	38.75	38.80	38.66	38.68	38.69	38.62	38.67	38.61	38.55	38.48	38.52	38.55	38.48	38.50	38.49	38.37	38.42	38.41	38.32	38.36	38.30	38.28	38.12	38.14	38.15	38.15	38.14	38.03	38.15	38.20	38.20	38.17	38.12	37.99	37.97	37.94	37.89	37.79	37.64	37.66	37.65	37.58	37.42	37.28	37.12	37.02	36.87	36.69	36.54	36.41	36.28	36.08	34.18	35.08	35.54	35.62	35.62	35.58	35.52	35.46	35.42	35.37	35.32	35.29	35.24	35.20	35.16	35.16	35.11	35.05	35.05	35.02	34.97	34.95	34.94	34.92	34.85	34.16	




Read count (%) per base for different quality score ranges

	CDS_100_Gekko_mindorensis_CamiguinSur_R1.fq
Ranges	0-10	11-20	21-30	31-40
Base
1	0.00	0.48	0.61	98.91
2	0.00	0.22	0.29	99.49
3	0.00	0.15	0.24	99.61
4	0.00	0.10	0.18	99.72
5	0.00	0.17	1.00	98.83
6	0.00	0.30	1.10	98.60
7	0.01	0.38	1.23	98.39
8	0.02	0.48	1.38	98.12
9	0.02	0.44	1.32	98.22
10	0.02	0.48	1.38	98.13
11	0.02	0.49	1.41	98.09
12	0.02	0.56	1.52	97.90
13	0.02	0.56	1.49	97.92
14	0.02	0.56	1.49	97.93
15	0.02	0.52	1.47	97.98
16	0.03	0.57	1.50	97.90
17	0.04	0.60	1.51	97.84
18	0.05	0.64	1.62	97.68
19	0.07	0.57	1.56	97.81
20	0.16	0.74	1.62	97.48
21	0.20	0.73	1.57	97.49
22	0.24	0.67	1.53	97.55
23	0.30	0.71	1.63	97.36
24	0.33	0.61	1.58	97.49
25	0.40	0.61	1.65	97.35
26	0.44	0.60	1.73	97.23
27	0.54	0.64	1.79	97.02
28	0.47	0.62	1.73	97.17
29	0.46	0.58	1.67	97.29
30	0.53	0.62	1.80	97.04
31	0.54	0.62	1.79	97.05
32	0.53	0.63	1.83	97.01
33	0.63	0.70	1.95	96.72
34	0.55	0.67	1.93	96.84
35	0.59	0.67	1.92	96.82
36	0.60	0.70	2.06	96.64
37	0.63	0.68	2.02	96.67
38	0.62	0.71	2.11	96.57
39	0.65	0.72	2.15	96.49
40	0.68	0.78	2.41	96.14
41	0.66	0.73	2.33	96.27
42	0.68	0.76	2.40	96.16
43	0.68	0.76	2.43	96.13
44	0.68	0.74	2.48	96.10
45	0.75	0.79	2.73	95.73
46	0.65	0.74	2.44	96.17
47	0.65	0.72	2.46	96.18
48	0.64	0.71	2.55	96.10
49	0.65	0.72	2.64	95.99
50	0.68	0.74	2.76	95.82
51	0.69	0.78	2.97	95.56
52	0.67	0.75	3.05	95.53
53	0.69	0.74	3.10	95.47
54	0.70	0.75	3.13	95.42
55	0.72	0.79	3.24	95.25
56	0.76	0.82	3.46	94.96
57	0.72	0.79	3.24	95.24
58	0.69	0.77	3.20	95.34
59	0.67	0.80	3.26	95.27
60	0.72	0.80	3.34	95.14
61	0.71	0.83	3.43	95.04
62	0.73	0.84	3.50	94.93
63	0.73	0.82	3.53	94.92
64	0.75	0.85	3.64	94.76
65	0.78	0.86	3.76	94.60
66	0.82	0.88	3.88	94.42
67	0.81	0.92	3.96	94.31
68	0.85	0.93	4.00	94.22
69	0.84	0.96	4.17	94.03
70	0.92	1.38	8.90	88.80
71	0.90	1.15	5.60	92.35
72	0.88	1.03	4.81	93.28
73	0.89	1.00	4.54	93.57
74	0.84	0.97	4.42	93.77
75	0.86	0.97	4.35	93.83
76	0.86	0.99	4.44	93.71
77	0.89	1.02	4.55	93.54
78	0.90	1.04	4.60	93.47
79	0.90	1.05	4.66	93.39
80	0.94	1.06	4.77	93.23
81	0.92	1.09	4.85	93.14
82	0.96	1.13	4.92	92.99
83	0.98	1.14	5.04	92.84
84	0.99	1.20	5.08	92.73
85	0.99	1.19	5.07	92.75
86	1.03	1.23	5.15	92.59
87	1.05	1.30	5.26	92.39
88	1.07	1.32	5.18	92.44
89	1.11	1.36	5.28	92.25
90	1.12	1.41	5.34	92.12
91	1.13	1.46	5.37	92.04
92	1.17	1.49	5.34	92.01
93	1.20	1.52	5.37	91.91
94	1.24	1.63	5.50	91.63
95	1.55	2.00	6.91	89.54




