Parameters
	Library type	Single-end
	Input file	/Volumes/wdhd/users/joaks1/projects/gekgo/data/genomes/msg/plate2/demultiplexed-raw/fastq/CDS_4384_Cyrtodactylus_philippinicus_Negros_R1.fq
	Primer/Adaptor library	NA
	Cut-off read length for HQ	70%
	Cut-off quality score	20
	Only statistics	On
	Number of processes	2


QC statistics
	File name	CDS_4384_Cyrtodactylus_philippinicus_Negros_R1.fq
	Total number of reads	175903
	Total number of HQ reads	174317
	Percentage of HQ reads	99.10%
	Total number of bases	16710785
	Total number of bases in HQ reads	16560115
	Total number of HQ bases in HQ reads	16415285
	Percentage of HQ bases in HQ reads	99.13%
	Number of Primer/Adaptor contaminated HQ reads	NA
	Total number of HQ filtered reads	174317
	Percentage of HQ filtered reads	99.10%


Detailed QC statistics
	File name	CDS_4384_Cyrtodactylus_philippinicus_Negros_R1.fq
	Minimum read length	95
	Maximum read length	95
	Average read length	95.00
	Total number of reads	175903
	Total number of reads with non-ATGC bases	184
	Percentage of reads with non-ATGC bases	0.10%
	Total number of bases	16710785
	Total number of HQ bases	16498465
	Percentage of HQ bases	98.73%
	Total number of non-ATGC bases	4015
	Percentage of non-ATGC bases	0.02%


Average quality score at each base position of input reads

CDS_4384_Cyrtodactylus_philippinicus_Negros_R1.fq
36.59	36.80	36.86	36.89	36.71	36.65	36.64	38.87	38.85	38.80	38.74	38.70	38.76	38.77	38.72	38.74	38.70	38.62	38.68	38.57	38.54	38.56	38.57	38.56	38.50	38.41	38.34	38.32	38.36	38.28	38.33	38.34	38.22	38.26	38.19	38.15	38.16	38.15	38.09	38.08	38.05	37.97	37.91	37.90	37.82	38.10	38.21	38.21	38.20	38.16	38.13	38.06	38.02	37.98	37.93	37.86	37.91	37.86	37.77	37.72	37.66	37.60	37.50	37.36	37.27	37.12	37.00	36.89	36.71	34.77	35.56	36.06	36.14	36.08	35.99	35.88	35.77	35.68	35.60	35.49	35.41	35.35	35.29	35.25	35.17	35.10	35.05	35.01	34.99	34.90	34.87	34.85	34.83	34.82	34.13	




Read count (%) per base for different quality score ranges

	CDS_4384_Cyrtodactylus_philippinicus_Negros_R1.fq
Ranges	0-10	11-20	21-30	31-40
Base
1	0.00	0.76	0.83	98.40
2	0.00	0.39	0.46	99.15
3	0.00	0.26	0.37	99.37
4	0.00	0.17	0.30	99.53
5	0.00	0.23	1.05	98.72
6	0.00	0.32	1.19	98.49
7	0.00	0.36	1.19	98.45
8	0.01	0.42	1.27	98.30
9	0.02	0.42	1.35	98.21
10	0.03	0.48	1.45	98.04
11	0.02	0.51	1.50	97.98
12	0.01	0.53	1.49	97.96
13	0.02	0.53	1.49	97.95
14	0.03	0.52	1.52	97.94
15	0.02	0.53	1.63	97.82
16	0.02	0.52	1.48	97.98
17	0.03	0.60	1.59	97.78
18	0.03	0.65	1.73	97.58
19	0.05	0.57	1.58	97.81
20	0.09	0.72	1.67	97.52
21	0.09	0.73	1.69	97.49
22	0.12	0.69	1.58	97.61
23	0.13	0.65	1.70	97.52
24	0.13	0.67	1.66	97.54
25	0.20	0.68	1.70	97.42
26	0.21	0.72	1.91	97.16
27	0.29	0.80	1.96	96.95
28	0.31	0.71	1.89	97.09
29	0.31	0.63	1.77	97.29
30	0.41	0.64	1.93	97.02
31	0.43	0.62	1.83	97.11
32	0.42	0.59	1.90	97.09
33	0.57	0.67	2.00	96.77
34	0.48	0.64	1.95	96.92
35	0.54	0.70	2.03	96.72
36	0.53	0.64	2.18	96.65
37	0.56	0.66	2.10	96.67
38	0.56	0.68	2.15	96.61
39	0.60	0.71	2.20	96.49
40	0.56	0.66	2.28	96.50
41	0.58	0.67	2.35	96.40
42	0.62	0.74	2.52	96.12
43	0.67	0.78	2.59	95.96
44	0.61	0.75	2.64	95.99
45	0.70	0.75	2.75	95.80
46	0.58	0.67	2.28	96.46
47	0.54	0.61	2.25	96.60
48	0.55	0.67	2.30	96.48
49	0.55	0.61	2.34	96.50
50	0.61	0.62	2.40	96.37
51	0.59	0.67	2.48	96.26
52	0.60	0.65	2.66	96.09
53	0.62	0.67	2.70	96.02
54	0.60	0.67	2.82	95.91
55	0.61	0.66	2.89	95.84
56	0.65	0.67	2.95	95.73
57	0.63	0.66	2.81	95.90
58	0.61	0.68	2.95	95.76
59	0.61	0.72	3.22	95.45
60	0.66	0.70	3.21	95.42
61	0.63	0.73	3.22	95.42
62	0.63	0.71	3.24	95.42
63	0.64	0.76	3.28	95.32
64	0.66	0.74	3.78	94.82
65	0.67	0.73	3.50	95.10
66	0.68	0.76	3.67	94.89
67	0.69	0.78	3.75	94.79
68	0.71	0.78	3.73	94.78
69	0.72	0.82	4.12	94.34
70	0.78	1.22	8.08	89.92
71	0.77	1.00	5.31	92.92
72	0.74	0.90	4.49	93.88
73	0.73	0.85	4.31	94.12
74	0.71	0.85	4.25	94.19
75	0.72	0.86	4.23	94.19
76	0.74	0.88	4.36	94.03
77	0.78	0.89	4.40	93.93
78	0.78	0.89	4.46	93.87
79	0.80	0.87	4.53	93.80
80	0.80	0.96	4.70	93.54
81	0.80	0.98	4.89	93.34
82	0.83	0.97	4.96	93.24
83	0.83	1.03	4.95	93.18
84	0.85	1.04	5.04	93.07
85	0.90	1.09	5.17	92.84
86	0.91	1.14	5.34	92.60
87	0.93	1.16	5.43	92.48
88	0.93	1.16	5.55	92.36
89	0.95	1.24	5.48	92.33
90	1.00	1.27	5.70	92.02
91	0.99	1.33	5.74	91.94
92	1.07	1.29	5.79	91.85
93	1.02	1.41	5.89	91.67
94	1.04	1.36	5.91	91.69
95	1.30	1.83	7.63	89.24




