Parameters
	Library type	Single-end
	Input file	/Volumes/wdhd/users/joaks1/projects/gekgo/data/genomes/msg/plate2/demultiplexed-raw/fastq/CDS_590_Gekko_mindorensis_Caluya_R1.fq
	Primer/Adaptor library	NA
	Cut-off read length for HQ	70%
	Cut-off quality score	20
	Only statistics	On
	Number of processes	2


QC statistics
	File name	CDS_590_Gekko_mindorensis_Caluya_R1.fq
	Total number of reads	816231
	Total number of HQ reads	807389
	Percentage of HQ reads	98.92%
	Total number of bases	77541945
	Total number of bases in HQ reads	76701955
	Total number of HQ bases in HQ reads	76015674
	Percentage of HQ bases in HQ reads	99.11%
	Number of Primer/Adaptor contaminated HQ reads	NA
	Total number of HQ filtered reads	807389
	Percentage of HQ filtered reads	98.92%


Detailed QC statistics
	File name	CDS_590_Gekko_mindorensis_Caluya_R1.fq
	Minimum read length	95
	Maximum read length	95
	Average read length	95.00
	Total number of reads	816231
	Total number of reads with non-ATGC bases	708
	Percentage of reads with non-ATGC bases	0.09%
	Total number of bases	77541945
	Total number of HQ bases	76467484
	Percentage of HQ bases	98.61%
	Total number of non-ATGC bases	14975
	Percentage of non-ATGC bases	0.02%


Average quality score at each base position of input reads

CDS_590_Gekko_mindorensis_Caluya_R1.fq
36.65	36.85	36.88	36.91	36.72	36.67	36.63	38.79	38.84	38.85	38.82	38.68	38.78	38.81	38.81	38.72	38.74	38.67	38.74	38.64	38.63	38.63	38.59	38.58	38.54	38.46	38.41	38.43	38.46	38.38	38.40	38.40	38.29	38.36	38.32	38.23	38.28	38.15	38.16	38.06	38.14	38.08	38.04	38.03	37.92	38.10	38.19	38.21	38.20	38.17	38.08	38.03	37.98	37.94	37.91	37.80	37.82	37.82	37.77	37.71	37.62	37.51	37.39	37.29	37.15	36.99	36.87	36.73	36.56	34.59	35.45	35.94	36.00	35.95	35.87	35.74	35.64	35.55	35.47	35.40	35.35	35.30	35.25	35.19	35.15	35.09	35.02	34.98	34.95	34.89	34.87	34.85	34.83	34.76	34.07	




Read count (%) per base for different quality score ranges

	CDS_590_Gekko_mindorensis_Caluya_R1.fq
Ranges	0-10	11-20	21-30	31-40
Base
1	0.00	0.55	0.70	98.74
2	0.00	0.26	0.35	99.39
3	0.00	0.19	0.31	99.50
4	0.00	0.13	0.26	99.61
5	0.00	0.20	1.01	98.78
6	0.00	0.32	1.12	98.56
7	0.00	0.38	1.21	98.41
8	0.01	0.49	1.41	98.09
9	0.01	0.44	1.32	98.23
10	0.02	0.48	1.44	98.06
11	0.02	0.49	1.45	98.05
12	0.02	0.58	1.58	97.82
13	0.02	0.56	1.52	97.90
14	0.02	0.54	1.49	97.94
15	0.02	0.52	1.49	97.96
16	0.02	0.56	1.51	97.91
17	0.03	0.59	1.50	97.88
18	0.04	0.67	1.68	97.61
19	0.05	0.55	1.56	97.84
20	0.10	0.74	1.61	97.56
21	0.12	0.75	1.60	97.53
22	0.15	0.71	1.57	97.58
23	0.18	0.74	1.65	97.42
24	0.21	0.70	1.65	97.44
25	0.24	0.73	1.67	97.37
26	0.30	0.73	1.81	97.17
27	0.37	0.78	1.82	97.03
28	0.38	0.70	1.80	97.12
29	0.39	0.61	1.71	97.29
30	0.49	0.63	1.85	97.03
31	0.53	0.62	1.87	96.98
32	0.52	0.60	1.90	96.97
33	0.62	0.69	1.96	96.73
34	0.52	0.62	1.91	96.95
35	0.59	0.64	1.93	96.84
36	0.60	0.67	2.13	96.60
37	0.61	0.65	2.00	96.74
38	0.63	0.70	2.25	96.42
39	0.67	0.70	2.17	96.46
40	0.66	0.76	2.38	96.20
41	0.63	0.70	2.25	96.42
42	0.69	0.73	2.35	96.23
43	0.69	0.74	2.44	96.13
44	0.70	0.73	2.46	96.11
45	0.76	0.80	2.66	95.78
46	0.63	0.70	2.30	96.37
47	0.63	0.69	2.24	96.44
48	0.63	0.68	2.33	96.36
49	0.64	0.68	2.36	96.31
50	0.67	0.69	2.44	96.20
51	0.68	0.73	2.61	95.98
52	0.64	0.70	2.89	95.76
53	0.71	0.70	2.95	95.63
54	0.70	0.74	2.96	95.60
55	0.69	0.73	3.03	95.55
56	0.75	0.77	3.22	95.26
57	0.71	0.75	3.01	95.53
58	0.68	0.74	3.07	95.52
59	0.67	0.76	3.12	95.46
60	0.70	0.76	3.17	95.37
61	0.69	0.78	3.22	95.31
62	0.72	0.78	3.37	95.13
63	0.74	0.79	3.41	95.06
64	0.75	0.81	3.48	94.96
65	0.79	0.82	3.63	94.77
66	0.81	0.86	3.80	94.53
67	0.80	0.87	3.77	94.55
68	0.84	0.89	3.83	94.44
69	0.83	0.89	3.92	94.36
70	0.92	1.30	7.97	89.81
71	0.89	1.08	5.33	92.70
72	0.85	0.97	4.57	93.60
73	0.87	0.95	4.37	93.80
74	0.86	0.92	4.28	93.95
75	0.86	0.92	4.16	94.06
76	0.86	0.95	4.33	93.86
77	0.88	0.96	4.35	93.80
78	0.90	0.98	4.46	93.65
79	0.94	1.01	4.57	93.48
80	0.94	1.02	4.71	93.33
81	0.93	1.06	4.77	93.24
82	0.96	1.07	4.87	93.10
83	0.97	1.09	4.99	92.95
84	1.01	1.10	5.09	92.80
85	1.01	1.14	5.12	92.72
86	1.04	1.16	5.20	92.60
87	1.06	1.23	5.34	92.36
88	1.10	1.25	5.43	92.22
89	1.11	1.30	5.49	92.10
90	1.16	1.34	5.58	91.92
91	1.17	1.40	5.61	91.82
92	1.18	1.44	5.59	91.80
93	1.20	1.45	5.64	91.71
94	1.24	1.52	5.80	91.44
95	1.51	1.90	7.41	89.18




