Parameters
	Library type	Single-end
	Input file	/Volumes/wdhd/users/joaks1/projects/gekgo/data/genomes/msg/plate2/demultiplexed-raw/fastq/CDS_99_Gekko_mindorensis_CamiguinSur_R1.fq
	Primer/Adaptor library	NA
	Cut-off read length for HQ	70%
	Cut-off quality score	20
	Only statistics	On
	Number of processes	2


QC statistics
	File name	CDS_99_Gekko_mindorensis_CamiguinSur_R1.fq
	Total number of reads	4928944
	Total number of HQ reads	4878487
	Percentage of HQ reads	98.98%
	Total number of bases	468249680
	Total number of bases in HQ reads	463456265
	Total number of HQ bases in HQ reads	459373149
	Percentage of HQ bases in HQ reads	99.12%
	Number of Primer/Adaptor contaminated HQ reads	NA
	Total number of HQ filtered reads	4878487
	Percentage of HQ filtered reads	98.98%


Detailed QC statistics
	File name	CDS_99_Gekko_mindorensis_CamiguinSur_R1.fq
	Minimum read length	95
	Maximum read length	95
	Average read length	95.00
	Total number of reads	4928944
	Total number of reads with non-ATGC bases	4285
	Percentage of reads with non-ATGC bases	0.09%
	Total number of bases	468249680
	Total number of HQ bases	461947338
	Percentage of HQ bases	98.65%
	Total number of non-ATGC bases	98998
	Percentage of non-ATGC bases	0.02%


Average quality score at each base position of input reads

CDS_99_Gekko_mindorensis_CamiguinSur_R1.fq
36.27	36.83	36.90	36.92	36.75	36.70	36.67	38.76	38.84	38.87	38.88	38.70	38.80	38.83	38.85	38.71	38.74	38.68	38.75	38.61	38.65	38.66	38.57	38.60	38.54	38.49	38.42	38.46	38.48	38.39	38.41	38.36	38.26	38.31	38.30	38.20	38.24	38.16	38.16	37.97	37.99	38.01	38.02	38.00	37.89	38.16	38.27	38.30	38.29	38.25	38.11	38.11	38.11	38.05	37.99	37.89	37.93	37.95	37.91	37.84	37.73	37.63	37.49	37.31	37.16	37.02	36.91	36.75	36.51	34.51	35.42	35.98	36.03	36.00	35.94	35.82	35.70	35.60	35.54	35.45	35.39	35.32	35.27	35.22	35.19	35.12	35.03	35.03	34.96	34.91	34.88	34.87	34.84	34.76	34.04	




Read count (%) per base for different quality score ranges

	CDS_99_Gekko_mindorensis_CamiguinSur_R1.fq
Ranges	0-10	11-20	21-30	31-40
Base
1	0.00	0.71	1.05	98.24
2	0.00	0.24	0.37	99.39
3	0.00	0.14	0.27	99.59
4	0.00	0.10	0.22	99.68
5	0.00	0.17	0.94	98.89
6	0.00	0.27	1.01	98.72
7	0.01	0.32	1.12	98.55
8	0.02	0.45	1.38	98.15
9	0.02	0.37	1.22	98.39
10	0.02	0.41	1.31	98.26
11	0.01	0.43	1.32	98.24
12	0.02	0.52	1.49	97.98
13	0.02	0.52	1.44	98.03
14	0.02	0.51	1.43	98.03
15	0.02	0.46	1.42	98.10
16	0.02	0.52	1.46	98.00
17	0.03	0.55	1.45	97.98
18	0.03	0.62	1.60	97.75
19	0.05	0.52	1.50	97.93
20	0.10	0.72	1.57	97.62
21	0.12	0.71	1.53	97.64
22	0.14	0.65	1.48	97.72
23	0.17	0.73	1.62	97.48
24	0.19	0.65	1.54	97.62
25	0.23	0.68	1.62	97.47
26	0.26	0.68	1.72	97.33
27	0.35	0.74	1.77	97.15
28	0.34	0.66	1.70	97.30
29	0.36	0.59	1.64	97.40
30	0.44	0.62	1.80	97.15
31	0.47	0.60	1.77	97.16
32	0.49	0.59	1.85	97.07
33	0.58	0.65	1.95	96.81
34	0.51	0.62	1.91	96.96
35	0.57	0.62	1.92	96.89
36	0.59	0.65	2.08	96.68
37	0.60	0.64	2.02	96.74
38	0.60	0.67	2.14	96.58
39	0.63	0.68	2.13	96.56
40	0.66	0.76	2.38	96.20
41	0.64	0.70	2.28	96.38
42	0.66	0.72	2.33	96.28
43	0.67	0.73	2.38	96.22
44	0.66	0.71	2.40	96.23
45	0.73	0.76	2.60	95.90
46	0.59	0.67	2.17	96.58
47	0.59	0.64	2.12	96.66
48	0.59	0.63	2.18	96.60
49	0.59	0.64	2.25	96.52
50	0.63	0.65	2.34	96.37
51	0.64	0.69	2.56	96.10
52	0.61	0.67	2.65	96.06
53	0.64	0.65	2.67	96.04
54	0.66	0.68	2.76	95.90
55	0.68	0.71	2.83	95.78
56	0.72	0.73	3.11	95.43
57	0.69	0.71	2.86	95.74
58	0.66	0.70	2.86	95.78
59	0.64	0.73	2.95	95.67
60	0.68	0.72	3.02	95.57
61	0.68	0.74	3.12	95.46
62	0.69	0.76	3.21	95.34
63	0.71	0.74	3.25	95.30
64	0.73	0.77	3.36	95.15
65	0.76	0.80	3.51	94.92
66	0.80	0.82	3.67	94.71
67	0.80	0.87	3.70	94.63
68	0.83	0.89	3.76	94.52
69	0.84	0.91	4.04	94.21
70	0.90	1.27	8.61	89.22
71	0.88	1.06	5.29	92.78
72	0.86	0.95	4.47	93.72
73	0.88	0.93	4.24	93.96
74	0.83	0.91	4.17	94.09
75	0.84	0.89	4.08	94.19
76	0.85	0.93	4.17	94.06
77	0.88	0.96	4.29	93.87
78	0.90	0.97	4.41	93.72
79	0.90	0.98	4.47	93.65
80	0.94	0.99	4.58	93.49
81	0.93	1.02	4.68	93.37
82	0.96	1.06	4.76	93.21
83	0.99	1.08	4.93	93.00
84	1.00	1.11	5.00	92.89
85	1.01	1.11	5.03	92.85
86	1.03	1.16	5.11	92.70
87	1.06	1.22	5.31	92.41
88	1.08	1.23	5.26	92.44
89	1.13	1.29	5.42	92.17
90	1.14	1.34	5.50	92.03
91	1.16	1.38	5.52	91.93
92	1.19	1.40	5.51	91.89
93	1.23	1.43	5.63	91.70
94	1.26	1.52	5.84	91.38
95	1.55	1.89	7.41	89.14




