Parameters
	Library type	Single-end
	Input file	/Volumes/wdhd/users/joaks1/projects/gekgo/data/genomes/msg/plate2/demultiplexed-raw/fastq/CDS_50_Gekko_gigante_NorthGigante_R1.fq
	Primer/Adaptor library	NA
	Cut-off read length for HQ	70%
	Cut-off quality score	20
	Only statistics	On
	Number of processes	2


QC statistics
	File name	CDS_50_Gekko_gigante_NorthGigante_R1.fq
	Total number of reads	44503
	Total number of HQ reads	44047
	Percentage of HQ reads	98.98%
	Total number of bases	4227785
	Total number of bases in HQ reads	4184465
	Total number of HQ bases in HQ reads	4149884
	Percentage of HQ bases in HQ reads	99.17%
	Number of Primer/Adaptor contaminated HQ reads	NA
	Total number of HQ filtered reads	44047
	Percentage of HQ filtered reads	98.98%


Detailed QC statistics
	File name	CDS_50_Gekko_gigante_NorthGigante_R1.fq
	Minimum read length	95
	Maximum read length	95
	Average read length	95.00
	Total number of reads	44503
	Total number of reads with non-ATGC bases	36
	Percentage of reads with non-ATGC bases	0.08%
	Total number of bases	4227785
	Total number of HQ bases	4172527
	Percentage of HQ bases	98.69%
	Total number of non-ATGC bases	989
	Percentage of non-ATGC bases	0.02%


Average quality score at each base position of input reads

CDS_50_Gekko_gigante_NorthGigante_R1.fq
36.79	36.87	36.90	36.93	36.78	36.72	36.69	39.01	39.02	38.97	38.93	38.78	38.90	38.93	38.93	38.88	38.86	38.79	38.85	38.78	38.75	38.73	38.74	38.73	38.69	38.61	38.56	38.59	38.58	38.51	38.53	38.57	38.46	38.49	38.46	38.32	38.39	38.30	38.29	38.20	38.29	38.23	38.20	38.19	38.15	38.28	38.32	38.35	38.30	38.23	38.22	38.15	38.11	38.07	38.02	37.92	37.98	37.95	37.88	37.80	37.70	37.60	37.49	37.39	37.25	37.13	36.99	36.86	36.73	34.79	35.58	36.01	36.06	36.02	35.95	35.85	35.74	35.62	35.53	35.46	35.41	35.37	35.32	35.27	35.22	35.20	35.15	35.08	35.03	35.01	34.97	34.93	34.90	34.86	34.21	




Read count (%) per base for different quality score ranges

	CDS_50_Gekko_gigante_NorthGigante_R1.fq
Ranges	0-10	11-20	21-30	31-40
Base
1	0.00	0.43	0.44	99.13
2	0.00	0.23	0.28	99.49
3	0.00	0.17	0.25	99.58
4	0.00	0.11	0.20	99.69
5	0.00	0.14	0.84	99.02
6	0.00	0.25	0.91	98.84
7	0.00	0.30	1.05	98.65
8	0.01	0.31	1.14	98.53
9	0.02	0.31	1.16	98.50
10	0.01	0.38	1.31	98.29
11	0.01	0.40	1.25	98.34
12	0.02	0.52	1.37	98.10
13	0.01	0.47	1.33	98.19
14	0.01	0.46	1.18	98.34
15	0.03	0.38	1.24	98.35
16	0.03	0.43	1.34	98.20
17	0.04	0.51	1.32	98.13
18	0.04	0.60	1.52	97.83
19	0.07	0.46	1.40	98.07
20	0.11	0.60	1.49	97.80
21	0.16	0.64	1.36	97.84
22	0.19	0.61	1.42	97.78
23	0.19	0.64	1.54	97.63
24	0.23	0.58	1.49	97.70
25	0.25	0.60	1.47	97.68
26	0.30	0.65	1.52	97.53
27	0.33	0.69	1.69	97.29
28	0.35	0.63	1.49	97.53
29	0.33	0.59	1.60	97.49
30	0.41	0.56	1.78	97.25
31	0.50	0.53	1.68	97.29
32	0.43	0.57	1.66	97.34
33	0.54	0.59	1.75	97.11
34	0.46	0.58	1.84	97.12
35	0.56	0.58	1.78	97.08
36	0.58	0.65	1.92	96.85
37	0.58	0.64	1.83	96.95
38	0.65	0.63	1.91	96.80
39	0.62	0.65	2.03	96.70
40	0.64	0.69	2.12	96.55
41	0.58	0.67	1.95	96.79
42	0.61	0.65	2.19	96.55
43	0.61	0.68	2.35	96.35
44	0.67	0.68	2.17	96.48
45	0.74	0.69	2.25	96.33
46	0.61	0.70	1.98	96.70
47	0.63	0.60	2.06	96.71
48	0.59	0.61	2.02	96.78
49	0.60	0.58	2.16	96.66
50	0.68	0.66	2.37	96.29
51	0.60	0.69	2.44	96.27
52	0.63	0.67	2.45	96.25
53	0.72	0.63	2.51	96.14
54	0.71	0.72	2.57	96.00
55	0.68	0.70	2.76	95.85
56	0.73	0.67	2.87	95.73
57	0.67	0.67	2.70	95.96
58	0.63	0.73	2.75	95.89
59	0.67	0.73	2.94	95.67
60	0.68	0.71	3.00	95.61
61	0.71	0.72	3.08	95.50
62	0.75	0.73	2.96	95.56
63	0.79	0.73	3.20	95.29
64	0.78	0.79	3.21	95.22
65	0.75	0.77	3.40	95.07
66	0.81	0.79	3.38	95.03
67	0.76	0.83	3.55	94.86
68	0.83	0.79	3.49	94.89
69	0.78	0.77	3.61	94.84
70	0.91	1.15	7.43	90.51
71	0.87	0.94	5.10	93.09
72	0.85	0.96	4.29	93.90
73	0.86	0.97	4.01	94.16
74	0.91	0.78	3.97	94.34
75	0.83	0.83	4.03	94.31
76	0.83	0.89	4.06	94.22
77	0.82	0.87	4.27	94.04
78	0.92	0.95	4.31	93.82
79	0.94	1.02	4.15	93.89
80	0.91	1.01	4.53	93.56
81	0.86	1.07	4.64	93.44
82	0.93	1.00	4.62	93.45
83	0.98	1.08	4.71	93.23
84	0.95	1.15	4.80	93.10
85	1.03	1.12	4.79	93.06
86	1.04	1.05	4.99	92.92
87	1.05	1.14	5.01	92.81
88	1.16	1.21	4.96	92.67
89	1.08	1.36	5.11	92.45
90	1.05	1.34	5.27	92.34
91	1.12	1.34	5.42	92.13
92	1.21	1.38	5.30	92.11
93	1.23	1.39	5.41	91.98
94	1.29	1.44	5.31	91.97
95	1.47	1.82	7.01	89.71




