Parameters
	Library type	Single-end
	Input file	/Volumes/wdhd/users/joaks1/projects/gekgo/data/genomes/msg/plate2/demultiplexed-raw/fastq/CDS_610_Gekko_mindorensis_Caluya_R1.fq
	Primer/Adaptor library	NA
	Cut-off read length for HQ	70%
	Cut-off quality score	20
	Only statistics	On
	Number of processes	2


QC statistics
	File name	CDS_610_Gekko_mindorensis_Caluya_R1.fq
	Total number of reads	1574912
	Total number of HQ reads	1556317
	Percentage of HQ reads	98.82%
	Total number of bases	149616640
	Total number of bases in HQ reads	147850115
	Total number of HQ bases in HQ reads	146518379
	Percentage of HQ bases in HQ reads	99.10%
	Number of Primer/Adaptor contaminated HQ reads	NA
	Total number of HQ filtered reads	1556317
	Percentage of HQ filtered reads	98.82%


Detailed QC statistics
	File name	CDS_610_Gekko_mindorensis_Caluya_R1.fq
	Minimum read length	95
	Maximum read length	95
	Average read length	95.00
	Total number of reads	1574912
	Total number of reads with non-ATGC bases	1437
	Percentage of reads with non-ATGC bases	0.09%
	Total number of bases	149616640
	Total number of HQ bases	147459634
	Percentage of HQ bases	98.56%
	Total number of non-ATGC bases	31702
	Percentage of non-ATGC bases	0.02%


Average quality score at each base position of input reads

CDS_610_Gekko_mindorensis_Caluya_R1.fq
36.73	36.87	36.91	36.93	36.73	36.67	36.63	38.86	38.88	38.87	38.83	38.71	38.79	38.80	38.80	38.73	38.74	38.69	38.75	38.64	38.63	38.62	38.58	38.59	38.54	38.46	38.41	38.45	38.47	38.39	38.41	38.41	38.30	38.35	38.33	38.23	38.27	38.19	38.17	38.06	38.14	38.08	38.05	38.03	37.93	38.08	38.16	38.17	38.13	38.09	38.01	37.95	37.90	37.86	37.79	37.67	37.70	37.69	37.63	37.54	37.44	37.33	37.21	37.07	36.90	36.75	36.62	36.48	36.31	34.40	35.24	35.70	35.74	35.70	35.67	35.56	35.50	35.42	35.37	35.31	35.27	35.22	35.19	35.14	35.10	35.06	35.00	34.97	34.93	34.89	34.87	34.84	34.84	34.77	34.07	




Read count (%) per base for different quality score ranges

	CDS_610_Gekko_mindorensis_Caluya_R1.fq
Ranges	0-10	11-20	21-30	31-40
Base
1	0.00	0.45	0.53	99.01
2	0.00	0.22	0.28	99.50
3	0.00	0.16	0.25	99.59
4	0.00	0.11	0.20	99.69
5	0.00	0.19	1.01	98.80
6	0.00	0.31	1.13	98.55
7	0.00	0.38	1.23	98.39
8	0.01	0.46	1.36	98.17
9	0.02	0.43	1.35	98.21
10	0.02	0.48	1.44	98.05
11	0.02	0.49	1.44	98.05
12	0.02	0.57	1.55	97.86
13	0.02	0.58	1.54	97.86
14	0.02	0.56	1.53	97.89
15	0.03	0.54	1.52	97.92
16	0.03	0.55	1.53	97.90
17	0.03	0.59	1.53	97.84
18	0.04	0.65	1.67	97.63
19	0.06	0.58	1.56	97.80
20	0.12	0.75	1.63	97.51
21	0.16	0.76	1.61	97.47
22	0.20	0.72	1.57	97.51
23	0.25	0.75	1.67	97.33
24	0.27	0.68	1.64	97.41
25	0.33	0.70	1.67	97.29
26	0.39	0.70	1.82	97.09
27	0.48	0.70	1.86	96.96
28	0.45	0.64	1.80	97.11
29	0.46	0.59	1.72	97.24
30	0.52	0.62	1.89	96.97
31	0.55	0.63	1.86	96.95
32	0.56	0.63	1.89	96.93
33	0.63	0.70	2.00	96.67
34	0.57	0.66	1.96	96.81
35	0.60	0.67	1.96	96.77
36	0.63	0.70	2.15	96.51
37	0.66	0.69	2.09	96.57
38	0.66	0.71	2.21	96.42
39	0.69	0.73	2.20	96.37
40	0.69	0.77	2.45	96.09
41	0.67	0.73	2.31	96.29
42	0.69	0.75	2.44	96.11
43	0.71	0.77	2.48	96.04
44	0.70	0.75	2.52	96.02
45	0.77	0.80	2.74	95.69
46	0.65	0.73	2.43	96.18
47	0.66	0.70	2.40	96.24
48	0.66	0.70	2.44	96.19
49	0.69	0.72	2.53	96.06
50	0.71	0.73	2.64	95.92
51	0.72	0.76	2.79	95.73
52	0.70	0.76	3.01	95.54
53	0.74	0.75	3.09	95.42
54	0.73	0.77	3.12	95.39
55	0.74	0.79	3.16	95.31
56	0.80	0.82	3.38	95.01
57	0.74	0.80	3.20	95.26
58	0.73	0.76	3.18	95.33
59	0.72	0.81	3.25	95.22
60	0.74	0.80	3.28	95.18
61	0.73	0.81	3.37	95.09
62	0.75	0.82	3.47	94.96
63	0.75	0.81	3.52	94.92
64	0.78	0.84	3.62	94.77
65	0.81	0.86	3.73	94.60
66	0.85	0.90	3.85	94.40
67	0.83	0.91	3.88	94.37
68	0.87	0.90	3.92	94.31
69	0.85	0.94	4.04	94.17
70	0.97	1.36	8.20	89.47
71	0.93	1.13	5.55	92.39
72	0.89	1.03	4.74	93.34
73	0.91	1.01	4.53	93.55
74	0.87	0.98	4.44	93.71
75	0.88	0.96	4.33	93.83
76	0.91	0.99	4.47	93.63
77	0.91	1.03	4.52	93.54
78	0.93	1.05	4.62	93.40
79	0.95	1.08	4.68	93.29
80	0.94	1.08	4.82	93.16
81	0.94	1.10	4.93	93.03
82	0.99	1.12	4.98	92.92
83	1.00	1.15	5.04	92.81
84	1.02	1.19	5.15	92.64
85	1.06	1.19	5.12	92.62
86	1.07	1.24	5.23	92.46
87	1.09	1.29	5.38	92.24
88	1.13	1.32	5.41	92.14
89	1.16	1.36	5.47	92.01
90	1.19	1.42	5.53	91.86
91	1.21	1.45	5.56	91.79
92	1.24	1.50	5.53	91.73
93	1.24	1.51	5.59	91.66
94	1.27	1.62	5.71	91.40
95	1.58	2.00	7.24	89.18




