Parameters
	Library type	Single-end
	Input file	/Volumes/wdhd/users/joaks1/projects/gekgo/data/genomes/msg/plate2/demultiplexed-raw/fastq/CDS_3935_Gekko_mindorensis_Lubang_R1.fq
	Primer/Adaptor library	NA
	Cut-off read length for HQ	70%
	Cut-off quality score	20
	Only statistics	On
	Number of processes	2


QC statistics
	File name	CDS_3935_Gekko_mindorensis_Lubang_R1.fq
	Total number of reads	2678843
	Total number of HQ reads	2651215
	Percentage of HQ reads	98.97%
	Total number of bases	254490085
	Total number of bases in HQ reads	251865425
	Total number of HQ bases in HQ reads	249723149
	Percentage of HQ bases in HQ reads	99.15%
	Number of Primer/Adaptor contaminated HQ reads	NA
	Total number of HQ filtered reads	2651215
	Percentage of HQ filtered reads	98.97%


Detailed QC statistics
	File name	CDS_3935_Gekko_mindorensis_Lubang_R1.fq
	Minimum read length	95
	Maximum read length	95
	Average read length	95.00
	Total number of reads	2678843
	Total number of reads with non-ATGC bases	2388
	Percentage of reads with non-ATGC bases	0.09%
	Total number of bases	254490085
	Total number of HQ bases	251122274
	Percentage of HQ bases	98.68%
	Total number of non-ATGC bases	54304
	Percentage of non-ATGC bases	0.02%


Average quality score at each base position of input reads

CDS_3935_Gekko_mindorensis_Lubang_R1.fq
34.98	36.78	36.89	36.92	36.73	36.68	36.65	38.89	38.90	38.90	38.86	38.75	38.83	38.85	38.85	38.79	38.80	38.73	38.80	38.70	38.68	38.69	38.66	38.66	38.61	38.53	38.49	38.52	38.54	38.46	38.49	38.50	38.39	38.45	38.40	38.32	38.37	38.28	38.27	38.18	38.24	38.20	38.18	38.16	38.07	38.22	38.29	38.30	38.28	38.24	38.16	38.12	38.07	38.03	37.97	37.86	37.88	37.88	37.83	37.74	37.64	37.53	37.43	37.33	37.19	37.06	36.93	36.78	36.63	34.68	35.52	35.99	36.04	36.00	35.91	35.80	35.70	35.62	35.55	35.49	35.44	35.37	35.33	35.27	35.25	35.20	35.12	35.11	35.07	35.02	35.00	34.98	34.97	34.91	34.24	




Read count (%) per base for different quality score ranges

	CDS_3935_Gekko_mindorensis_Lubang_R1.fq
Ranges	0-10	11-20	21-30	31-40
Base
1	0.00	1.07	2.35	96.59
2	0.00	0.30	0.45	99.25
3	0.00	0.16	0.29	99.54
4	0.00	0.11	0.21	99.68
5	0.00	0.19	1.00	98.81
6	0.00	0.30	1.07	98.63
7	0.00	0.36	1.18	98.47
8	0.01	0.44	1.31	98.23
9	0.02	0.42	1.29	98.28
10	0.02	0.47	1.39	98.11
11	0.02	0.48	1.39	98.11
12	0.02	0.55	1.51	97.92
13	0.02	0.54	1.47	97.96
14	0.02	0.54	1.47	97.97
15	0.02	0.51	1.46	98.01
16	0.02	0.54	1.47	97.98
17	0.03	0.58	1.49	97.90
18	0.04	0.64	1.62	97.70
19	0.05	0.53	1.49	97.93
20	0.11	0.72	1.55	97.62
21	0.14	0.74	1.55	97.58
22	0.16	0.69	1.51	97.64
23	0.18	0.74	1.56	97.53
24	0.21	0.68	1.57	97.54
25	0.24	0.70	1.60	97.46
26	0.29	0.72	1.72	97.27
27	0.38	0.75	1.74	97.14
28	0.37	0.68	1.70	97.25
29	0.38	0.60	1.65	97.37
30	0.45	0.63	1.79	97.13
31	0.51	0.61	1.75	97.12
32	0.48	0.59	1.77	97.16
33	0.59	0.65	1.89	96.87
34	0.51	0.61	1.84	97.04
35	0.56	0.63	1.86	96.94
36	0.58	0.65	2.01	96.76
37	0.59	0.63	1.92	96.85
38	0.61	0.68	2.07	96.64
39	0.63	0.69	2.07	96.61
40	0.63	0.73	2.22	96.43
41	0.62	0.68	2.14	96.57
42	0.64	0.71	2.25	96.40
43	0.65	0.72	2.27	96.35
44	0.66	0.71	2.29	96.35
45	0.72	0.75	2.47	96.06
46	0.60	0.70	2.17	96.54
47	0.60	0.66	2.15	96.59
48	0.60	0.65	2.23	96.52
49	0.60	0.66	2.28	96.46
50	0.64	0.69	2.35	96.32
51	0.63	0.70	2.51	96.15
52	0.62	0.69	2.64	96.06
53	0.66	0.69	2.72	95.93
54	0.67	0.71	2.81	95.81
55	0.67	0.72	2.87	95.74
56	0.73	0.75	3.07	95.46
57	0.68	0.74	2.89	95.68
58	0.64	0.72	2.91	95.73
59	0.63	0.74	2.99	95.64
60	0.68	0.74	3.08	95.51
61	0.67	0.75	3.13	95.45
62	0.68	0.77	3.27	95.28
63	0.70	0.76	3.26	95.29
64	0.69	0.77	3.36	95.18
65	0.72	0.79	3.48	95.00
66	0.75	0.80	3.57	94.88
67	0.76	0.85	3.59	94.81
68	0.79	0.84	3.64	94.74
69	0.77	0.85	3.71	94.67
70	0.87	1.24	7.63	90.26
71	0.82	1.04	5.14	93.00
72	0.81	0.94	4.44	93.81
73	0.83	0.92	4.22	94.03
74	0.78	0.90	4.13	94.19
75	0.79	0.90	4.04	94.27
76	0.80	0.92	4.14	94.14
77	0.82	0.94	4.23	94.01
78	0.81	0.95	4.30	93.93
79	0.83	0.97	4.38	93.81
80	0.84	0.98	4.48	93.70
81	0.85	0.98	4.56	93.60
82	0.88	1.04	4.69	93.40
83	0.91	1.03	4.78	93.28
84	0.92	1.07	4.86	93.15
85	0.92	1.09	4.86	93.13
86	0.93	1.11	4.93	93.03
87	0.99	1.15	5.10	92.76
88	0.97	1.19	5.13	92.71
89	1.03	1.22	5.16	92.59
90	1.05	1.28	5.25	92.42
91	1.04	1.31	5.31	92.33
92	1.08	1.34	5.30	92.28
93	1.07	1.36	5.32	92.25
94	1.10	1.43	5.45	92.01
95	1.40	1.77	6.92	89.91




