Parameters
	Library type	Single-end
	Input file	/Volumes/wdhd/users/joaks1/projects/gekgo/data/genomes/msg/plate2/demultiplexed-raw/fastq/CDS_46_Gekko_gigante_SouthGigante_R1.fq
	Primer/Adaptor library	NA
	Cut-off read length for HQ	70%
	Cut-off quality score	20
	Only statistics	On
	Number of processes	2


QC statistics
	File name	CDS_46_Gekko_gigante_SouthGigante_R1.fq
	Total number of reads	904419
	Total number of HQ reads	895317
	Percentage of HQ reads	98.99%
	Total number of bases	85919805
	Total number of bases in HQ reads	85055115
	Total number of HQ bases in HQ reads	84381281
	Percentage of HQ bases in HQ reads	99.21%
	Number of Primer/Adaptor contaminated HQ reads	NA
	Total number of HQ filtered reads	895317
	Percentage of HQ filtered reads	98.99%


Detailed QC statistics
	File name	CDS_46_Gekko_gigante_SouthGigante_R1.fq
	Minimum read length	95
	Maximum read length	95
	Average read length	95.00
	Total number of reads	904419
	Total number of reads with non-ATGC bases	718
	Percentage of reads with non-ATGC bases	0.08%
	Total number of bases	85919805
	Total number of HQ bases	84837202
	Percentage of HQ bases	98.74%
	Total number of non-ATGC bases	17003
	Percentage of non-ATGC bases	0.02%


Average quality score at each base position of input reads

CDS_46_Gekko_gigante_SouthGigante_R1.fq
36.59	36.86	36.90	36.93	36.78	36.72	36.69	39.01	39.00	38.95	38.90	38.76	38.87	38.91	38.91	38.88	38.88	38.80	38.86	38.77	38.73	38.73	38.73	38.73	38.67	38.58	38.54	38.57	38.57	38.49	38.52	38.56	38.42	38.47	38.43	38.28	38.37	38.29	38.28	38.17	38.26	38.18	38.18	38.17	38.10	38.28	38.35	38.35	38.30	38.28	38.23	38.16	38.14	38.11	38.07	37.93	38.01	37.98	37.91	37.83	37.72	37.62	37.53	37.42	37.27	37.16	37.01	36.86	36.72	34.79	35.60	36.04	36.09	36.04	35.96	35.85	35.75	35.66	35.56	35.49	35.41	35.36	35.33	35.28	35.23	35.19	35.12	35.08	35.03	34.99	34.96	34.92	34.89	34.87	34.19	




Read count (%) per base for different quality score ranges

	CDS_46_Gekko_gigante_SouthGigante_R1.fq
Ranges	0-10	11-20	21-30	31-40
Base
1	0.00	0.56	0.73	98.71
2	0.00	0.23	0.33	99.44
3	0.00	0.15	0.26	99.59
4	0.00	0.09	0.19	99.71
5	0.00	0.14	0.80	99.05
6	0.00	0.25	0.94	98.81
7	0.00	0.29	1.03	98.68
8	0.01	0.32	1.10	98.57
9	0.02	0.33	1.10	98.55
10	0.02	0.38	1.22	98.38
11	0.01	0.40	1.21	98.38
12	0.02	0.47	1.36	98.15
13	0.02	0.45	1.28	98.26
14	0.02	0.43	1.27	98.28
15	0.02	0.41	1.26	98.32
16	0.02	0.42	1.26	98.30
17	0.03	0.46	1.28	98.23
18	0.04	0.53	1.45	97.99
19	0.05	0.45	1.33	98.18
20	0.12	0.58	1.39	97.91
21	0.13	0.63	1.42	97.83
22	0.16	0.59	1.36	97.89
23	0.17	0.62	1.39	97.83
24	0.19	0.58	1.40	97.83
25	0.23	0.60	1.46	97.72
26	0.25	0.61	1.57	97.56
27	0.33	0.66	1.59	97.43
28	0.31	0.59	1.57	97.53
29	0.32	0.52	1.55	97.62
30	0.39	0.54	1.66	97.41
31	0.42	0.54	1.61	97.42
32	0.43	0.50	1.60	97.47
33	0.54	0.59	1.74	97.14
34	0.46	0.57	1.67	97.30
35	0.53	0.56	1.72	97.19
36	0.55	0.61	1.94	96.90
37	0.54	0.58	1.81	97.06
38	0.58	0.61	1.90	96.92
39	0.61	0.62	1.94	96.83
40	0.60	0.67	2.12	96.61
41	0.57	0.61	2.01	96.81
42	0.61	0.68	2.13	96.59
43	0.60	0.65	2.17	96.57
44	0.61	0.66	2.19	96.53
45	0.65	0.68	2.33	96.33
46	0.57	0.61	2.00	96.82
47	0.57	0.60	1.95	96.89
48	0.57	0.62	2.04	96.77
49	0.59	0.61	2.12	96.67
50	0.61	0.60	2.19	96.60
51	0.61	0.64	2.31	96.45
52	0.62	0.65	2.40	96.33
53	0.64	0.64	2.47	96.25
54	0.64	0.65	2.52	96.18
55	0.64	0.67	2.63	96.07
56	0.72	0.69	2.90	95.69
57	0.65	0.66	2.62	96.07
58	0.64	0.67	2.65	96.04
59	0.62	0.72	2.78	95.89
60	0.66	0.69	2.84	95.81
61	0.68	0.72	2.93	95.67
62	0.68	0.73	3.07	95.52
63	0.70	0.72	3.06	95.52
64	0.71	0.74	3.14	95.41
65	0.73	0.75	3.30	95.21
66	0.76	0.76	3.34	95.15
67	0.79	0.77	3.41	95.03
68	0.79	0.80	3.50	94.91
69	0.78	0.83	3.52	94.87
70	0.87	1.16	7.30	90.67
71	0.82	0.99	4.91	93.28
72	0.81	0.91	4.20	94.08
73	0.83	0.88	4.06	94.22
74	0.80	0.87	3.97	94.36
75	0.81	0.86	3.87	94.45
76	0.83	0.88	3.91	94.37
77	0.83	0.92	4.08	94.16
78	0.82	0.91	4.15	94.12
79	0.85	0.93	4.25	93.97
80	0.87	0.95	4.31	93.87
81	0.89	0.97	4.51	93.63
82	0.93	1.00	4.57	93.49
83	0.96	1.00	4.55	93.49
84	0.96	1.05	4.66	93.33
85	0.99	1.04	4.77	93.20
86	1.00	1.09	4.83	93.07
87	1.04	1.17	4.97	92.82
88	1.04	1.19	5.05	92.72
89	1.07	1.23	5.11	92.58
90	1.08	1.27	5.20	92.45
91	1.12	1.29	5.28	92.31
92	1.17	1.34	5.21	92.28
93	1.17	1.37	5.36	92.10
94	1.17	1.40	5.33	92.10
95	1.44	1.75	7.03	89.77




