Parameters
	Library type	Single-end
	Input file	/Volumes/wdhd/users/joaks1/projects/gekgo/data/genomes/msg/plate2/demultiplexed-raw/fastq/CDS_3868_Gekko_mindorensis_Lubang_R1.fq
	Primer/Adaptor library	NA
	Cut-off read length for HQ	70%
	Cut-off quality score	20
	Only statistics	On
	Number of processes	2


QC statistics
	File name	CDS_3868_Gekko_mindorensis_Lubang_R1.fq
	Total number of reads	3506
	Total number of HQ reads	3427
	Percentage of HQ reads	97.75%
	Total number of bases	333070
	Total number of bases in HQ reads	325565
	Total number of HQ bases in HQ reads	320851
	Percentage of HQ bases in HQ reads	98.55%
	Number of Primer/Adaptor contaminated HQ reads	NA
	Total number of HQ filtered reads	3427
	Percentage of HQ filtered reads	97.75%


Detailed QC statistics
	File name	CDS_3868_Gekko_mindorensis_Lubang_R1.fq
	Minimum read length	95
	Maximum read length	95
	Average read length	95.00
	Total number of reads	3506
	Total number of reads with non-ATGC bases	2
	Percentage of reads with non-ATGC bases	0.06%
	Total number of bases	333070
	Total number of HQ bases	324591
	Percentage of HQ bases	97.45%
	Total number of non-ATGC bases	132
	Percentage of non-ATGC bases	0.04%


Average quality score at each base position of input reads

CDS_3868_Gekko_mindorensis_Lubang_R1.fq
35.95	36.47	36.53	36.70	36.43	36.33	36.33	38.34	38.42	38.29	38.26	38.15	38.30	38.34	38.27	38.15	38.12	37.99	38.06	37.98	37.93	38.11	37.91	38.08	37.82	37.79	37.77	37.82	37.82	37.79	37.69	37.91	37.57	37.65	37.53	37.45	37.58	37.43	37.31	37.39	37.30	37.33	37.24	37.37	37.30	37.58	37.61	37.59	37.45	37.43	37.41	37.21	37.21	37.13	37.07	36.96	37.07	37.06	37.02	36.91	36.81	36.83	36.75	36.55	36.35	36.23	36.09	35.98	35.75	33.87	34.70	35.11	35.09	35.11	35.11	34.98	34.89	34.75	34.74	34.65	34.57	34.52	34.47	34.40	34.46	34.38	34.23	34.28	34.20	34.09	34.06	34.00	34.08	33.88	33.29	




Read count (%) per base for different quality score ranges

	CDS_3868_Gekko_mindorensis_Lubang_R1.fq
Ranges	0-10	11-20	21-30	31-40
Base
1	0.00	2.00	1.97	96.04
2	0.00	1.37	0.94	97.69
3	0.00	1.23	0.86	97.92
4	0.00	0.48	0.94	98.57
5	0.00	0.77	1.71	97.52
6	0.00	0.86	2.28	96.86
7	0.00	0.94	2.20	96.86
8	0.00	1.20	2.42	96.38
9	0.00	0.91	2.28	96.81
10	0.06	1.17	2.25	96.52
11	0.06	1.06	2.54	96.35
12	0.09	1.28	2.14	96.49
13	0.00	1.48	2.25	96.26
14	0.06	1.20	2.05	96.69
15	0.06	1.08	2.99	95.86
16	0.11	1.37	2.40	96.12
17	0.03	1.40	2.91	95.66
18	0.14	1.63	2.97	95.27
19	0.20	1.31	3.05	95.44
20	0.20	1.60	2.80	95.41
21	0.31	1.77	2.74	95.18
22	0.20	1.48	2.25	96.06
23	0.31	1.65	2.60	95.44
24	0.34	1.06	2.40	96.21
25	0.57	1.48	2.97	94.98
26	0.86	1.25	2.77	95.12
27	0.88	1.11	2.71	95.29
28	0.88	1.17	2.14	95.81
29	0.91	1.17	2.34	95.58
30	1.03	0.88	2.77	95.32
31	1.06	1.48	2.71	94.75
32	0.83	1.06	2.42	95.69
33	1.40	1.20	2.80	94.61
34	1.14	1.14	2.45	95.27
35	1.23	1.17	2.97	94.64
36	1.43	1.03	3.19	94.35
37	1.03	1.28	3.25	94.44
38	1.23	1.60	2.91	94.27
39	1.40	1.28	3.42	93.90
40	0.97	1.51	3.39	94.12
41	1.31	1.43	3.39	93.87
42	1.20	1.31	3.57	93.92
43	1.25	1.25	3.62	93.87
44	1.34	1.25	3.22	94.18
45	1.25	1.17	4.05	93.53
46	0.88	1.20	3.42	94.50
47	1.11	0.91	3.45	94.52
48	1.06	0.97	3.88	94.10
49	1.23	1.17	4.08	93.53
50	1.31	1.23	3.28	94.18
51	1.40	1.11	3.45	94.04
52	1.45	1.23	4.54	92.78
53	1.54	1.34	4.11	93.01
54	1.63	1.31	4.36	92.70
55	1.48	1.20	5.28	92.04
56	1.48	1.37	4.82	92.33
57	1.28	1.08	4.93	92.70
58	1.34	1.31	4.65	92.70
59	0.94	1.37	5.19	92.50
60	1.28	1.51	4.54	92.67
61	1.54	1.28	4.88	92.30
62	1.54	1.20	4.31	92.95
63	1.31	1.45	4.73	92.50
64	1.71	1.25	4.42	92.61
65	1.54	1.51	5.28	91.67
66	1.51	1.57	5.39	91.53
67	1.34	1.74	5.33	91.59
68	1.54	1.45	5.56	91.44
69	1.74	1.45	5.79	91.02
70	1.85	1.97	10.30	85.88
71	1.60	1.74	7.90	88.76
72	1.91	1.51	6.47	90.10
73	1.85	1.68	6.05	90.42
74	1.57	1.40	6.42	90.62
75	1.65	1.37	5.85	91.13
76	1.63	1.68	5.76	90.93
77	1.63	1.65	6.30	90.42
78	1.71	1.88	6.16	90.25
79	1.57	1.31	6.99	90.13
80	1.71	1.77	6.36	90.16
81	1.60	2.14	6.33	89.93
82	1.68	1.71	7.27	89.33
83	1.85	1.48	7.44	89.22
84	1.65	1.97	7.24	89.13
85	1.63	1.85	7.07	89.45
86	1.40	1.97	7.73	88.90
87	1.85	1.65	8.19	88.31
88	1.74	2.03	6.96	89.28
89	1.83	1.94	7.76	88.48
90	2.20	2.03	7.13	88.65
91	1.97	2.03	7.62	88.39
92	2.14	2.11	7.87	87.88
93	1.97	2.25	6.65	89.13
94	2.05	2.80	8.04	87.11
95	2.31	3.05	8.87	85.77




