Parameters
	Library type	Single-end
	Input file	/Volumes/wdhd/users/joaks1/projects/gekgo/data/genomes/msg/plate2/demultiplexed-raw/fastq/CDS_155_Gekko_ernstkelleri_Panay_R1.fq
	Primer/Adaptor library	NA
	Cut-off read length for HQ	70%
	Cut-off quality score	20
	Only statistics	On
	Number of processes	2


QC statistics
	File name	CDS_155_Gekko_ernstkelleri_Panay_R1.fq
	Total number of reads	105224
	Total number of HQ reads	103764
	Percentage of HQ reads	98.61%
	Total number of bases	9996280
	Total number of bases in HQ reads	9857580
	Total number of HQ bases in HQ reads	9765251
	Percentage of HQ bases in HQ reads	99.06%
	Number of Primer/Adaptor contaminated HQ reads	NA
	Total number of HQ filtered reads	103764
	Percentage of HQ filtered reads	98.61%


Detailed QC statistics
	File name	CDS_155_Gekko_ernstkelleri_Panay_R1.fq
	Minimum read length	95
	Maximum read length	95
	Average read length	95.00
	Total number of reads	105224
	Total number of reads with non-ATGC bases	91
	Percentage of reads with non-ATGC bases	0.09%
	Total number of bases	9996280
	Total number of HQ bases	9838114
	Percentage of HQ bases	98.42%
	Total number of non-ATGC bases	1815
	Percentage of non-ATGC bases	0.02%


Average quality score at each base position of input reads

CDS_155_Gekko_ernstkelleri_Panay_R1.fq
36.75	36.85	36.87	36.89	36.71	36.65	36.62	38.92	38.91	38.85	38.80	38.72	38.79	38.79	38.78	38.77	38.75	38.67	38.72	38.62	38.58	38.57	38.58	38.58	38.51	38.41	38.38	38.42	38.41	38.35	38.37	38.41	38.29	38.33	38.28	38.18	38.23	38.21	38.15	38.07	38.09	38.04	37.99	38.01	37.94	38.12	38.16	38.16	38.13	38.10	38.05	38.03	37.96	37.90	37.82	37.68	37.75	37.75	37.60	37.57	37.53	37.42	37.32	37.18	37.04	36.92	36.80	36.62	36.54	34.63	35.42	35.87	35.92	35.84	35.78	35.67	35.56	35.47	35.40	35.31	35.25	35.18	35.14	35.10	35.03	34.99	34.96	34.91	34.85	34.80	34.74	34.75	34.72	34.68	34.02	




Read count (%) per base for different quality score ranges

	CDS_155_Gekko_ernstkelleri_Panay_R1.fq
Ranges	0-10	11-20	21-30	31-40
Base
1	0.00	0.51	0.55	98.94
2	0.00	0.29	0.36	99.35
3	0.00	0.25	0.32	99.43
4	0.00	0.20	0.26	99.54
5	0.00	0.25	1.07	98.68
6	0.00	0.35	1.21	98.44
7	0.00	0.41	1.28	98.30
8	0.01	0.42	1.39	98.18
9	0.02	0.46	1.33	98.18
10	0.02	0.52	1.47	97.99
11	0.01	0.56	1.44	97.99
12	0.04	0.55	1.60	97.81
13	0.02	0.58	1.53	97.86
14	0.04	0.61	1.54	97.81
15	0.02	0.59	1.62	97.77
16	0.03	0.62	1.49	97.85
17	0.04	0.64	1.58	97.74
18	0.06	0.72	1.76	97.46
19	0.07	0.62	1.55	97.76
20	0.14	0.76	1.70	97.39
21	0.17	0.84	1.67	97.31
22	0.19	0.81	1.71	97.30
23	0.22	0.82	1.70	97.26
24	0.25	0.76	1.71	97.28
25	0.33	0.82	1.74	97.11
26	0.35	0.85	1.86	96.94
27	0.46	0.83	1.83	96.88
28	0.44	0.77	1.84	96.95
29	0.47	0.69	1.80	97.04
30	0.55	0.71	1.91	96.83
31	0.57	0.72	1.86	96.85
32	0.56	0.66	1.86	96.91
33	0.62	0.72	2.00	96.66
34	0.62	0.68	1.90	96.80
35	0.70	0.70	1.95	96.66
36	0.74	0.71	2.11	96.45
37	0.71	0.70	2.02	96.56
38	0.69	0.74	2.16	96.41
39	0.76	0.80	2.11	96.33
40	0.80	0.78	2.32	96.11
41	0.77	0.77	2.34	96.11
42	0.78	0.83	2.38	96.02
43	0.79	0.88	2.53	95.80
44	0.82	0.76	2.51	95.91
45	0.87	0.88	2.56	95.69
46	0.75	0.74	2.29	96.23
47	0.75	0.71	2.38	96.16
48	0.77	0.76	2.27	96.21
49	0.76	0.80	2.40	96.05
50	0.80	0.74	2.48	95.98
51	0.80	0.80	2.61	95.79
52	0.76	0.78	2.74	95.73
53	0.74	0.78	2.89	95.59
54	0.78	0.87	2.88	95.47
55	0.82	0.82	3.15	95.21
56	0.90	0.86	3.50	94.74
57	0.84	0.90	3.12	95.14
58	0.82	0.84	3.15	95.19
59	0.89	1.04	3.34	94.73
60	0.82	0.90	3.61	94.67
61	0.85	0.84	3.39	94.93
62	0.84	0.91	3.46	94.79
63	0.86	0.93	3.57	94.63
64	0.90	0.94	3.69	94.47
65	0.96	0.98	3.75	94.31
66	0.95	1.00	3.90	94.15
67	0.94	1.02	3.94	94.10
68	1.03	1.12	4.12	93.74
69	1.03	0.94	4.01	94.02
70	1.07	1.38	7.98	89.58
71	1.07	1.21	5.40	92.31
72	1.03	1.11	4.63	93.23
73	0.98	1.07	4.61	93.34
74	1.06	1.02	4.57	93.36
75	1.02	1.05	4.38	93.55
76	1.02	1.06	4.60	93.32
77	1.07	1.07	4.63	93.23
78	1.08	1.12	4.66	93.14
79	1.07	1.10	4.81	93.02
80	1.14	1.17	4.82	92.87
81	1.10	1.22	4.99	92.69
82	1.12	1.24	5.04	92.60
83	1.17	1.21	5.09	92.52
84	1.16	1.24	5.17	92.43
85	1.24	1.27	5.26	92.22
86	1.24	1.30	5.42	92.04
87	1.27	1.32	5.41	92.00
88	1.22	1.42	5.57	91.79
89	1.30	1.45	5.69	91.56
90	1.36	1.48	5.74	91.41
91	1.40	1.57	5.90	91.12
92	1.36	1.57	5.81	91.27
93	1.39	1.63	5.79	91.18
94	1.43	1.58	5.96	91.03
95	1.78	1.97	7.41	88.84




