Parameters
	Library type	Single-end
	Input file	/Volumes/wdhd/users/joaks1/projects/gekgo/data/genomes/msg/plate2/demultiplexed-raw/fastq/CDS_607_Gekko_mindorensis_Caluya_R1.fq
	Primer/Adaptor library	NA
	Cut-off read length for HQ	70%
	Cut-off quality score	20
	Only statistics	On
	Number of processes	2


QC statistics
	File name	CDS_607_Gekko_mindorensis_Caluya_R1.fq
	Total number of reads	170952
	Total number of HQ reads	169178
	Percentage of HQ reads	98.96%
	Total number of bases	16240440
	Total number of bases in HQ reads	16071910
	Total number of HQ bases in HQ reads	15939414
	Percentage of HQ bases in HQ reads	99.18%
	Number of Primer/Adaptor contaminated HQ reads	NA
	Total number of HQ filtered reads	169178
	Percentage of HQ filtered reads	98.96%


Detailed QC statistics
	File name	CDS_607_Gekko_mindorensis_Caluya_R1.fq
	Minimum read length	95
	Maximum read length	95
	Average read length	95.00
	Total number of reads	170952
	Total number of reads with non-ATGC bases	161
	Percentage of reads with non-ATGC bases	0.09%
	Total number of bases	16240440
	Total number of HQ bases	16029257
	Percentage of HQ bases	98.70%
	Total number of non-ATGC bases	4200
	Percentage of non-ATGC bases	0.03%


Average quality score at each base position of input reads

CDS_607_Gekko_mindorensis_Caluya_R1.fq
36.62	36.88	36.91	36.93	36.76	36.70	36.66	38.91	38.94	38.95	38.91	38.81	38.90	38.92	38.92	38.85	38.86	38.81	38.87	38.76	38.75	38.74	38.71	38.72	38.67	38.60	38.56	38.59	38.62	38.55	38.56	38.56	38.46	38.50	38.49	38.40	38.42	38.35	38.35	38.26	38.34	38.29	38.27	38.26	38.17	38.28	38.35	38.38	38.36	38.31	38.24	38.19	38.14	38.11	38.07	37.96	38.00	38.00	37.95	37.90	37.80	37.70	37.59	37.49	37.36	37.23	37.13	36.99	36.82	34.85	35.71	36.19	36.23	36.19	36.12	35.98	35.86	35.76	35.68	35.59	35.55	35.47	35.43	35.37	35.33	35.27	35.22	35.18	35.13	35.08	35.06	35.03	35.03	34.96	34.31	




Read count (%) per base for different quality score ranges

	CDS_607_Gekko_mindorensis_Caluya_R1.fq
Ranges	0-10	11-20	21-30	31-40
Base
1	0.00	0.50	0.63	98.87
2	0.00	0.19	0.27	99.53
3	0.00	0.14	0.24	99.62
4	0.00	0.11	0.19	99.69
5	0.00	0.18	0.90	98.92
6	0.00	0.29	1.03	98.67
7	0.00	0.35	1.13	98.52
8	0.01	0.44	1.26	98.29
9	0.02	0.41	1.20	98.37
10	0.02	0.46	1.34	98.18
11	0.02	0.48	1.37	98.14
12	0.02	0.51	1.42	98.06
13	0.01	0.52	1.40	98.06
14	0.02	0.51	1.40	98.07
15	0.03	0.50	1.36	98.11
16	0.02	0.53	1.37	98.08
17	0.03	0.56	1.42	97.99
18	0.03	0.60	1.58	97.79
19	0.04	0.52	1.41	98.03
20	0.10	0.70	1.47	97.73
21	0.13	0.71	1.42	97.74
22	0.15	0.69	1.47	97.69
23	0.17	0.72	1.51	97.60
24	0.19	0.67	1.53	97.62
25	0.22	0.72	1.52	97.54
26	0.26	0.74	1.60	97.39
27	0.34	0.75	1.67	97.24
28	0.35	0.67	1.61	97.38
29	0.34	0.59	1.55	97.52
30	0.42	0.61	1.65	97.32
31	0.47	0.60	1.69	97.24
32	0.48	0.58	1.70	97.24
33	0.58	0.66	1.77	96.99
34	0.53	0.60	1.77	97.09
35	0.54	0.61	1.73	97.12
36	0.56	0.65	1.89	96.91
37	0.63	0.62	1.87	96.89
38	0.61	0.63	1.98	96.78
39	0.65	0.62	1.96	96.76
40	0.60	0.71	2.09	96.60
41	0.59	0.64	2.02	96.75
42	0.62	0.67	2.16	96.55
43	0.66	0.66	2.11	96.56
44	0.64	0.69	2.13	96.54
45	0.67	0.70	2.34	96.29
46	0.60	0.67	2.05	96.67
47	0.60	0.63	2.05	96.72
48	0.58	0.65	2.08	96.69
49	0.60	0.63	2.12	96.65
50	0.64	0.67	2.23	96.46
51	0.65	0.66	2.39	96.30
52	0.62	0.64	2.55	96.18
53	0.69	0.66	2.61	96.04
54	0.70	0.68	2.69	95.93
55	0.67	0.73	2.67	95.93
56	0.75	0.73	2.92	95.61
57	0.69	0.70	2.74	95.87
58	0.67	0.69	2.75	95.89
59	0.64	0.74	2.79	95.83
60	0.66	0.71	2.84	95.78
61	0.70	0.73	2.93	95.64
62	0.70	0.75	3.08	95.48
63	0.72	0.76	3.11	95.41
64	0.73	0.76	3.21	95.30
65	0.73	0.77	3.32	95.17
66	0.76	0.82	3.42	94.99
67	0.76	0.83	3.36	95.05
68	0.78	0.83	3.48	94.91
69	0.80	0.85	3.46	94.89
70	0.93	1.20	7.17	90.69
71	0.85	1.04	4.74	93.37
72	0.81	0.91	4.21	94.06
73	0.84	0.93	3.95	94.28
74	0.81	0.87	3.96	94.37
75	0.81	0.85	3.80	94.54
76	0.82	0.88	3.95	94.34
77	0.80	0.88	3.98	94.34
78	0.79	0.92	4.14	94.15
79	0.85	0.92	4.18	94.05
80	0.88	0.93	4.34	93.86
81	0.85	0.96	4.37	93.83
82	0.91	0.98	4.47	93.64
83	0.93	0.99	4.48	93.59
84	0.89	1.10	4.64	93.36
85	0.96	1.04	4.66	93.34
86	0.99	1.09	4.74	93.18
87	1.01	1.10	4.89	93.01
88	1.04	1.14	4.88	92.95
89	1.09	1.19	4.97	92.75
90	1.06	1.23	5.15	92.55
91	1.11	1.27	5.10	92.51
92	1.10	1.32	5.16	92.41
93	1.10	1.34	5.14	92.42
94	1.10	1.45	5.34	92.11
95	1.40	1.73	6.66	90.21




