Parameters
	Library type	Single-end
	Input file	/Volumes/wdhd/users/joaks1/projects/gekgo/data/genomes/msg/plate2/demultiplexed-raw/fastq/CDS_55_Gekko_gigante_SouthGigante_R1.fq
	Primer/Adaptor library	NA
	Cut-off read length for HQ	70%
	Cut-off quality score	20
	Only statistics	On
	Number of processes	2


QC statistics
	File name	CDS_55_Gekko_gigante_SouthGigante_R1.fq
	Total number of reads	638717
	Total number of HQ reads	631445
	Percentage of HQ reads	98.86%
	Total number of bases	60678115
	Total number of bases in HQ reads	59987275
	Total number of HQ bases in HQ reads	59439198
	Percentage of HQ bases in HQ reads	99.09%
	Number of Primer/Adaptor contaminated HQ reads	NA
	Total number of HQ filtered reads	631445
	Percentage of HQ filtered reads	98.86%


Detailed QC statistics
	File name	CDS_55_Gekko_gigante_SouthGigante_R1.fq
	Minimum read length	95
	Maximum read length	95
	Average read length	95.00
	Total number of reads	638717
	Total number of reads with non-ATGC bases	570
	Percentage of reads with non-ATGC bases	0.09%
	Total number of bases	60678115
	Total number of HQ bases	59810413
	Percentage of HQ bases	98.57%
	Total number of non-ATGC bases	12827
	Percentage of non-ATGC bases	0.02%


Average quality score at each base position of input reads

CDS_55_Gekko_gigante_SouthGigante_R1.fq
36.06	36.80	36.88	36.91	36.73	36.67	36.64	38.93	38.93	38.87	38.82	38.69	38.76	38.77	38.77	38.75	38.76	38.69	38.75	38.66	38.62	38.63	38.63	38.63	38.57	38.47	38.42	38.47	38.48	38.39	38.42	38.47	38.34	38.39	38.33	38.19	38.27	38.18	38.17	38.07	38.15	38.07	38.05	38.03	37.96	38.12	38.17	38.16	38.11	38.07	38.02	37.94	37.89	37.86	37.76	37.64	37.68	37.63	37.54	37.42	37.30	37.16	37.03	36.89	36.72	36.57	36.42	36.27	36.12	34.27	35.08	35.51	35.56	35.53	35.51	35.45	35.38	35.35	35.29	35.24	35.19	35.16	35.14	35.10	35.06	35.03	34.97	34.94	34.91	34.85	34.84	34.82	34.79	34.75	34.07	




Read count (%) per base for different quality score ranges

	CDS_55_Gekko_gigante_SouthGigante_R1.fq
Ranges	0-10	11-20	21-30	31-40
Base
1	0.00	0.83	1.22	97.94
2	0.00	0.29	0.45	99.26
3	0.00	0.18	0.35	99.47
4	0.00	0.13	0.26	99.61
5	0.00	0.20	1.00	98.80
6	0.00	0.32	1.13	98.55
7	0.00	0.37	1.20	98.42
8	0.01	0.42	1.26	98.31
9	0.02	0.42	1.30	98.26
10	0.02	0.47	1.44	98.07
11	0.02	0.49	1.44	98.05
12	0.02	0.58	1.58	97.82
13	0.02	0.57	1.51	97.91
14	0.02	0.55	1.49	97.94
15	0.02	0.53	1.48	97.96
16	0.03	0.53	1.44	97.99
17	0.04	0.58	1.49	97.88
18	0.05	0.65	1.65	97.65
19	0.07	0.56	1.55	97.82
20	0.15	0.70	1.59	97.56
21	0.18	0.72	1.64	97.46
22	0.22	0.65	1.55	97.58
23	0.26	0.66	1.60	97.48
24	0.30	0.60	1.63	97.48
25	0.37	0.60	1.64	97.38
26	0.43	0.62	1.79	97.16
27	0.51	0.64	1.81	97.03
28	0.47	0.59	1.79	97.14
29	0.43	0.56	1.74	97.27
30	0.50	0.62	1.87	97.01
31	0.51	0.61	1.89	96.99
32	0.49	0.57	1.86	97.08
33	0.62	0.65	1.94	96.79
34	0.53	0.63	1.90	96.94
35	0.59	0.65	1.98	96.78
36	0.62	0.69	2.19	96.50
37	0.63	0.67	2.05	96.66
38	0.66	0.71	2.17	96.46
39	0.68	0.72	2.22	96.37
40	0.66	0.77	2.38	96.19
41	0.64	0.72	2.29	96.35
42	0.69	0.75	2.41	96.15
43	0.69	0.76	2.55	96.00
44	0.70	0.75	2.60	95.95
45	0.75	0.78	2.72	95.75
46	0.64	0.73	2.46	96.17
47	0.63	0.68	2.46	96.22
48	0.64	0.71	2.54	96.11
49	0.64	0.71	2.65	96.00
50	0.66	0.72	2.75	95.88
51	0.68	0.72	2.83	95.77
52	0.67	0.75	2.96	95.62
53	0.71	0.74	3.06	95.48
54	0.71	0.73	3.10	95.47
55	0.73	0.75	3.24	95.28
56	0.77	0.79	3.41	95.04
57	0.72	0.75	3.14	95.39
58	0.68	0.78	3.18	95.37
59	0.68	0.81	3.25	95.26
60	0.74	0.80	3.34	95.13
61	0.72	0.81	3.41	95.06
62	0.76	0.81	3.57	94.86
63	0.76	0.82	3.60	94.82
64	0.78	0.83	3.65	94.74
65	0.77	0.85	3.81	94.56
66	0.83	0.84	3.87	94.45
67	0.85	0.89	3.93	94.34
68	0.86	0.91	4.04	94.19
69	0.86	0.92	4.10	94.11
70	0.96	1.34	8.40	89.29
71	0.90	1.14	5.71	92.25
72	0.88	1.02	4.90	93.20
73	0.91	1.00	4.69	93.41
74	0.89	1.00	4.63	93.49
75	0.89	0.95	4.51	93.64
76	0.89	1.01	4.56	93.54
77	0.92	1.05	4.68	93.36
78	0.91	1.02	4.76	93.32
79	0.93	1.06	4.80	93.20
80	0.95	1.08	4.93	93.04
81	0.98	1.10	5.10	92.82
82	1.00	1.13	5.07	92.80
83	1.02	1.12	5.14	92.72
84	1.05	1.19	5.17	92.60
85	1.08	1.20	5.24	92.48
86	1.09	1.27	5.27	92.37
87	1.11	1.35	5.40	92.13
88	1.15	1.33	5.44	92.07
89	1.15	1.42	5.49	91.94
90	1.18	1.45	5.60	91.76
91	1.21	1.48	5.63	91.68
92	1.22	1.55	5.56	91.67
93	1.25	1.56	5.61	91.58
94	1.27	1.62	5.61	91.51
95	1.54	2.04	7.20	89.22




