Parameters
	Library type	Single-end
	Input file	/Volumes/wdhd/users/joaks1/projects/gekgo/data/genomes/msg/plate2/demultiplexed-raw/fastq/CDS_51_Gekko_gigante_NorthGigante_R1.fq
	Primer/Adaptor library	NA
	Cut-off read length for HQ	70%
	Cut-off quality score	20
	Only statistics	On
	Number of processes	2


QC statistics
	File name	CDS_51_Gekko_gigante_NorthGigante_R1.fq
	Total number of reads	1720746
	Total number of HQ reads	1701927
	Percentage of HQ reads	98.91%
	Total number of bases	163470870
	Total number of bases in HQ reads	161683065
	Total number of HQ bases in HQ reads	160195713
	Percentage of HQ bases in HQ reads	99.08%
	Number of Primer/Adaptor contaminated HQ reads	NA
	Total number of HQ filtered reads	1701927
	Percentage of HQ filtered reads	98.91%


Detailed QC statistics
	File name	CDS_51_Gekko_gigante_NorthGigante_R1.fq
	Minimum read length	95
	Maximum read length	95
	Average read length	95.00
	Total number of reads	1720746
	Total number of reads with non-ATGC bases	1506
	Percentage of reads with non-ATGC bases	0.09%
	Total number of bases	163470870
	Total number of HQ bases	161155915
	Percentage of HQ bases	98.58%
	Total number of non-ATGC bases	32406
	Percentage of non-ATGC bases	0.02%


Average quality score at each base position of input reads

CDS_51_Gekko_gigante_NorthGigante_R1.fq
34.02	36.72	36.89	36.92	36.74	36.68	36.65	38.92	38.91	38.85	38.80	38.65	38.75	38.79	38.79	38.74	38.75	38.67	38.73	38.64	38.61	38.60	38.60	38.60	38.54	38.43	38.39	38.42	38.42	38.33	38.36	38.40	38.26	38.32	38.26	38.11	38.20	38.11	38.10	37.98	38.08	37.98	37.96	37.95	37.88	38.13	38.21	38.22	38.17	38.14	38.10	38.03	38.01	37.97	37.92	37.80	37.86	37.82	37.74	37.65	37.54	37.44	37.33	37.22	37.07	36.93	36.80	36.65	36.51	34.57	35.36	35.82	35.86	35.81	35.75	35.66	35.56	35.48	35.40	35.33	35.26	35.20	35.18	35.13	35.08	35.04	34.97	34.93	34.89	34.84	34.81	34.77	34.75	34.71	34.02	




Read count (%) per base for different quality score ranges

	CDS_51_Gekko_gigante_NorthGigante_R1.fq
Ranges	0-10	11-20	21-30	31-40
Base
1	0.00	1.35	4.48	94.16
2	0.00	0.29	0.52	99.19
3	0.00	0.14	0.27	99.58
4	0.00	0.10	0.21	99.70
5	0.00	0.17	0.95	98.87
6	0.00	0.29	1.07	98.63
7	0.00	0.36	1.15	98.49
8	0.01	0.39	1.26	98.34
9	0.02	0.40	1.29	98.29
10	0.02	0.46	1.41	98.10
11	0.02	0.48	1.43	98.07
12	0.02	0.57	1.58	97.83
13	0.02	0.56	1.51	97.90
14	0.02	0.53	1.49	97.96
15	0.02	0.50	1.50	97.98
16	0.02	0.52	1.48	97.97
17	0.03	0.57	1.48	97.92
18	0.04	0.64	1.65	97.67
19	0.05	0.53	1.53	97.89
20	0.12	0.70	1.59	97.60
21	0.13	0.74	1.62	97.52
22	0.17	0.67	1.58	97.58
23	0.18	0.72	1.59	97.52
24	0.20	0.67	1.63	97.50
25	0.25	0.69	1.68	97.38
26	0.30	0.72	1.80	97.18
27	0.37	0.74	1.81	97.08
28	0.37	0.66	1.81	97.16
29	0.38	0.60	1.74	97.28
30	0.45	0.63	1.88	97.03
31	0.51	0.59	1.86	97.04
32	0.48	0.58	1.87	97.07
33	0.61	0.66	1.99	96.74
34	0.51	0.63	1.94	96.92
35	0.58	0.64	2.00	96.78
36	0.62	0.69	2.22	96.47
37	0.62	0.67	2.05	96.66
38	0.65	0.70	2.19	96.46
39	0.67	0.71	2.25	96.37
40	0.66	0.78	2.42	96.13
41	0.65	0.71	2.29	96.36
42	0.71	0.77	2.46	96.07
43	0.71	0.77	2.52	95.99
44	0.70	0.78	2.53	95.99
45	0.74	0.78	2.70	95.77
46	0.63	0.68	2.31	96.38
47	0.62	0.65	2.28	96.45
48	0.63	0.67	2.31	96.40
49	0.64	0.68	2.40	96.28
50	0.66	0.70	2.47	96.17
51	0.66	0.71	2.62	96.01
52	0.66	0.71	2.75	95.88
53	0.69	0.70	2.80	95.81
54	0.70	0.72	2.88	95.70
55	0.71	0.72	2.95	95.62
56	0.75	0.76	3.23	95.25
57	0.70	0.74	2.93	95.63
58	0.68	0.75	3.02	95.55
59	0.69	0.78	3.13	95.40
60	0.73	0.77	3.19	95.30
61	0.74	0.79	3.29	95.19
62	0.74	0.81	3.41	95.04
63	0.77	0.81	3.44	94.98
64	0.78	0.81	3.53	94.87
65	0.81	0.84	3.66	94.69
66	0.82	0.85	3.74	94.58
67	0.84	0.87	3.79	94.50
68	0.86	0.90	3.89	94.36
69	0.85	0.89	3.92	94.34
70	0.93	1.31	8.01	89.75
71	0.91	1.12	5.46	92.51
72	0.88	1.01	4.71	93.39
73	0.93	0.98	4.51	93.58
74	0.88	0.96	4.48	93.69
75	0.89	0.95	4.35	93.80
76	0.90	0.98	4.39	93.72
77	0.92	1.02	4.53	93.53
78	0.91	1.01	4.63	93.44
79	0.94	1.04	4.68	93.34
80	0.95	1.05	4.78	93.22
81	0.97	1.08	4.99	92.95
82	1.02	1.13	5.03	92.82
83	1.04	1.12	5.05	92.79
84	1.06	1.17	5.15	92.62
85	1.07	1.19	5.25	92.48
86	1.07	1.23	5.31	92.39
87	1.12	1.29	5.47	92.11
88	1.15	1.32	5.52	92.01
89	1.16	1.36	5.60	91.87
90	1.18	1.42	5.70	91.69
91	1.20	1.47	5.79	91.54
92	1.27	1.49	5.75	91.49
93	1.27	1.52	5.81	91.39
94	1.30	1.58	5.84	91.28
95	1.61	1.97	7.58	88.84




