Parameters
	Library type	Single-end
	Input file	/Volumes/wdhd/users/joaks1/projects/gekgo/data/genomes/msg/plate2/demultiplexed-raw/fastq/CDS_156_Gekko_ernstkelleri_Panay_R1.fq
	Primer/Adaptor library	NA
	Cut-off read length for HQ	70%
	Cut-off quality score	20
	Only statistics	On
	Number of processes	2


QC statistics
	File name	CDS_156_Gekko_ernstkelleri_Panay_R1.fq
	Total number of reads	1859
	Total number of HQ reads	1795
	Percentage of HQ reads	96.56%
	Total number of bases	176605
	Total number of bases in HQ reads	170525
	Total number of HQ bases in HQ reads	168387
	Percentage of HQ bases in HQ reads	98.75%
	Number of Primer/Adaptor contaminated HQ reads	NA
	Total number of HQ filtered reads	1795
	Percentage of HQ filtered reads	96.56%


Detailed QC statistics
	File name	CDS_156_Gekko_ernstkelleri_Panay_R1.fq
	Minimum read length	95
	Maximum read length	95
	Average read length	95.00
	Total number of reads	1859
	Total number of reads with non-ATGC bases	2
	Percentage of reads with non-ATGC bases	0.11%
	Total number of bases	176605
	Total number of HQ bases	170929
	Percentage of HQ bases	96.79%
	Total number of non-ATGC bases	78
	Percentage of non-ATGC bases	0.04%


Average quality score at each base position of input reads

CDS_156_Gekko_ernstkelleri_Panay_R1.fq
36.55	36.74	36.75	36.84	36.54	36.54	36.49	38.71	38.72	38.64	38.57	38.55	38.65	38.55	38.54	38.55	38.49	38.49	38.38	38.36	38.29	38.22	38.35	38.37	37.98	37.71	37.66	37.59	37.68	37.58	37.40	37.66	37.43	37.49	37.48	37.38	37.59	37.52	37.38	37.41	37.39	37.22	37.19	37.22	37.25	37.22	37.49	37.50	37.33	37.36	37.22	37.19	36.89	37.03	37.01	36.88	36.99	36.96	36.72	36.62	36.55	36.39	36.24	36.16	35.95	36.02	35.68	35.56	35.51	33.65	34.41	34.99	34.87	34.90	34.77	34.72	34.70	34.51	34.59	34.46	34.44	34.41	34.19	34.38	34.25	34.16	34.22	34.19	34.16	33.90	33.96	34.13	34.09	34.06	33.34	




Read count (%) per base for different quality score ranges

	CDS_156_Gekko_ernstkelleri_Panay_R1.fq
Ranges	0-10	11-20	21-30	31-40
Base
1	0.00	1.13	0.70	98.17
2	0.00	0.70	0.54	98.76
3	0.00	0.65	0.48	98.87
4	0.00	0.22	0.43	99.35
5	0.00	0.59	1.88	97.53
6	0.00	0.59	1.61	97.79
7	0.00	0.65	1.83	97.53
8	0.05	0.65	2.04	97.26
9	0.05	0.70	1.94	97.31
10	0.00	0.91	1.56	97.53
11	0.05	0.81	2.10	97.04
12	0.05	0.81	1.94	97.20
13	0.00	0.54	2.31	97.15
14	0.05	0.91	2.04	96.99
15	0.00	1.29	1.56	97.15
16	0.05	0.91	1.83	97.20
17	0.00	1.29	2.10	96.61
18	0.00	1.02	2.15	96.83
19	0.16	1.02	2.26	96.56
20	0.22	1.13	2.04	96.61
21	0.38	1.29	2.26	96.07
22	0.38	1.51	2.10	96.02
23	0.38	1.08	1.99	96.56
24	0.81	0.81	1.61	96.77
25	1.08	1.24	2.31	95.37
26	1.51	1.67	2.15	94.67
27	1.78	1.51	2.37	94.35
28	1.78	2.10	1.94	94.19
29	1.56	1.88	2.15	94.41
30	1.67	1.56	2.53	94.24
31	2.42	1.51	2.64	93.44
32	1.94	1.40	2.04	94.62
33	2.64	1.61	1.83	93.92
34	1.88	1.72	2.80	93.60
35	1.94	1.99	2.42	93.65
36	1.83	1.56	3.12	93.49
37	1.78	1.08	2.80	94.35
38	1.83	1.34	2.69	94.14
39	2.04	1.29	2.96	93.71
40	2.04	1.61	2.15	94.19
41	2.04	1.29	2.90	93.76
42	1.88	1.83	3.66	92.63
43	2.53	1.56	2.26	93.65
44	1.88	1.83	3.82	92.47
45	1.94	1.67	3.12	93.28
46	2.37	1.51	2.69	93.44
47	1.67	1.51	3.28	93.54
48	1.72	1.45	2.80	94.03
49	2.31	1.51	2.47	93.71
50	1.99	1.72	2.74	93.54
51	2.10	1.78	3.77	92.36
52	2.10	1.40	3.93	92.58
53	2.80	1.45	3.66	92.09
54	1.99	1.61	4.52	91.88
55	1.94	1.67	3.98	92.42
56	1.83	1.56	4.57	92.04
57	1.94	1.24	4.09	92.74
58	1.99	1.45	4.25	92.31
59	2.53	1.13	4.46	91.88
60	1.99	1.67	4.46	91.88
61	2.26	1.67	4.25	91.82
62	1.51	1.94	5.65	90.91
63	1.94	1.72	5.11	91.23
64	1.99	1.45	4.95	91.61
65	1.88	2.26	5.00	90.86
66	1.56	1.88	4.90	91.66
67	2.26	1.45	5.43	90.86
68	2.26	1.94	4.52	91.29
69	1.88	1.88	5.43	90.80
70	2.31	2.10	8.98	86.61
71	2.69	1.88	5.70	89.73
72	1.99	1.40	6.29	90.32
73	1.99	1.94	6.40	89.67
74	2.10	2.10	5.22	90.59
75	2.15	1.88	5.76	90.21
76	2.37	1.83	5.11	90.69
77	2.26	1.99	5.38	90.37
78	2.42	2.04	5.59	89.94
79	2.58	1.67	5.16	90.59
80	2.64	2.04	5.49	89.83
81	2.21	2.31	5.65	89.83
82	2.21	2.37	5.86	89.56
83	2.96	1.78	6.51	88.76
84	2.37	1.88	6.51	89.24
85	2.74	2.04	5.54	89.67
86	2.80	1.99	6.72	88.49
87	2.53	2.10	6.08	89.30
88	2.31	2.42	6.40	88.86
89	3.28	1.72	5.00	89.99
90	2.74	2.90	6.62	87.74
91	2.85	2.53	6.13	88.49
92	2.53	2.64	5.70	89.13
93	2.47	2.21	6.24	89.08
94	2.47	2.80	6.13	88.60
95	2.64	3.50	7.21	86.66




