Parameters
	Library type	Single-end
	Input file	/Volumes/wdhd/users/joaks1/projects/gekgo/data/genomes/msg/plate2/demultiplexed-raw/fastq/CDS_6051_Gekko_mindorensis_Luzon_R1.fq
	Primer/Adaptor library	NA
	Cut-off read length for HQ	70%
	Cut-off quality score	20
	Only statistics	On
	Number of processes	2


QC statistics
	File name	CDS_6051_Gekko_mindorensis_Luzon_R1.fq
	Total number of reads	418210
	Total number of HQ reads	413938
	Percentage of HQ reads	98.98%
	Total number of bases	39729950
	Total number of bases in HQ reads	39324110
	Total number of HQ bases in HQ reads	38998803
	Percentage of HQ bases in HQ reads	99.17%
	Number of Primer/Adaptor contaminated HQ reads	NA
	Total number of HQ filtered reads	413938
	Percentage of HQ filtered reads	98.98%


Detailed QC statistics
	File name	CDS_6051_Gekko_mindorensis_Luzon_R1.fq
	Minimum read length	95
	Maximum read length	95
	Average read length	95.00
	Total number of reads	418210
	Total number of reads with non-ATGC bases	372
	Percentage of reads with non-ATGC bases	0.09%
	Total number of bases	39729950
	Total number of HQ bases	39216143
	Percentage of HQ bases	98.71%
	Total number of non-ATGC bases	8678
	Percentage of non-ATGC bases	0.02%


Average quality score at each base position of input reads

CDS_6051_Gekko_mindorensis_Luzon_R1.fq
36.73	36.88	36.91	36.93	36.76	36.70	36.67	38.94	38.96	38.96	38.92	38.82	38.89	38.92	38.93	38.87	38.87	38.81	38.87	38.76	38.75	38.74	38.71	38.72	38.67	38.60	38.56	38.59	38.60	38.52	38.55	38.55	38.45	38.50	38.47	38.38	38.43	38.36	38.33	38.25	38.29	38.25	38.23	38.22	38.13	38.26	38.32	38.34	38.31	38.28	38.20	38.14	38.10	38.07	38.02	37.92	37.94	37.94	37.89	37.82	37.73	37.63	37.53	37.41	37.28	37.16	37.04	36.90	36.74	34.80	35.64	36.11	36.16	36.12	36.04	35.90	35.77	35.69	35.61	35.52	35.48	35.41	35.36	35.30	35.27	35.22	35.16	35.12	35.07	35.01	35.00	34.97	34.97	34.90	34.23	




Read count (%) per base for different quality score ranges

	CDS_6051_Gekko_mindorensis_Luzon_R1.fq
Ranges	0-10	11-20	21-30	31-40
Base
1	0.00	0.47	0.56	98.97
2	0.00	0.21	0.27	99.51
3	0.00	0.15	0.25	99.60
4	0.00	0.10	0.18	99.72
5	0.00	0.15	0.90	98.95
6	0.00	0.27	1.02	98.71
7	0.00	0.33	1.06	98.61
8	0.01	0.37	1.20	98.42
9	0.01	0.37	1.17	98.45
10	0.02	0.39	1.25	98.33
11	0.01	0.42	1.25	98.32
12	0.02	0.47	1.34	98.17
13	0.02	0.50	1.34	98.15
14	0.02	0.47	1.35	98.16
15	0.02	0.46	1.32	98.20
16	0.02	0.46	1.34	98.17
17	0.03	0.50	1.37	98.10
18	0.03	0.57	1.47	97.93
19	0.04	0.47	1.37	98.11
20	0.10	0.66	1.44	97.79
21	0.12	0.66	1.45	97.77
22	0.16	0.64	1.40	97.81
23	0.17	0.66	1.51	97.66
24	0.19	0.61	1.49	97.72
25	0.23	0.65	1.52	97.60
26	0.23	0.69	1.63	97.45
27	0.32	0.73	1.62	97.34
28	0.30	0.65	1.57	97.48
29	0.34	0.58	1.53	97.55
30	0.42	0.59	1.68	97.31
31	0.46	0.58	1.67	97.29
32	0.47	0.58	1.66	97.29
33	0.54	0.62	1.79	97.05
34	0.49	0.59	1.73	97.19
35	0.53	0.61	1.74	97.11
36	0.55	0.62	1.94	96.90
37	0.56	0.60	1.85	97.00
38	0.52	0.64	1.97	96.88
39	0.60	0.66	2.00	96.75
40	0.58	0.67	2.09	96.66
41	0.61	0.66	2.04	96.70
42	0.62	0.70	2.13	96.55
43	0.62	0.70	2.18	96.50
44	0.61	0.67	2.16	96.55
45	0.69	0.74	2.37	96.19
46	0.59	0.67	2.07	96.68
47	0.56	0.66	2.08	96.70
48	0.59	0.62	2.11	96.68
49	0.61	0.65	2.15	96.59
50	0.61	0.67	2.26	96.46
51	0.64	0.68	2.40	96.27
52	0.62	0.68	2.61	96.09
53	0.65	0.67	2.69	96.00
54	0.64	0.68	2.70	95.98
55	0.66	0.70	2.76	95.88
56	0.70	0.72	2.95	95.62
57	0.68	0.70	2.82	95.81
58	0.61	0.70	2.82	95.86
59	0.60	0.72	2.94	95.74
60	0.66	0.71	2.99	95.65
61	0.68	0.75	3.01	95.56
62	0.66	0.76	3.15	95.43
63	0.68	0.75	3.17	95.41
64	0.70	0.77	3.29	95.25
65	0.74	0.77	3.37	95.12
66	0.75	0.78	3.47	95.00
67	0.76	0.84	3.48	94.92
68	0.83	0.83	3.53	94.82
69	0.78	0.86	3.65	94.72
70	0.89	1.24	7.41	90.46
71	0.84	1.01	4.97	93.18
72	0.84	0.93	4.24	94.00
73	0.83	0.91	4.13	94.13
74	0.78	0.90	4.03	94.30
75	0.80	0.89	3.96	94.35
76	0.81	0.91	4.08	94.20
77	0.84	0.93	4.14	94.09
78	0.84	0.97	4.09	94.10
79	0.87	0.97	4.23	93.93
80	0.87	1.00	4.37	93.75
81	0.85	1.00	4.46	93.69
82	0.93	1.04	4.51	93.52
83	0.95	1.04	4.63	93.38
84	0.95	1.09	4.73	93.23
85	0.96	1.09	4.73	93.23
86	1.01	1.11	4.80	93.09
87	1.02	1.15	4.91	92.92
88	1.06	1.20	5.03	92.71
89	1.09	1.24	5.11	92.56
90	1.13	1.28	5.23	92.36
91	1.10	1.33	5.26	92.31
92	1.18	1.33	5.22	92.27
93	1.14	1.37	5.24	92.24
94	1.18	1.45	5.41	91.96
95	1.45	1.79	6.90	89.86




