Parameters
	Library type	Single-end
	Input file	/Volumes/wdhd/users/joaks1/projects/gekgo/data/genomes/msg/plate2/demultiplexed-raw/fastq/CDS_1550_Cyrtodactylus_philippinicus_Panay_R1.fq
	Primer/Adaptor library	NA
	Cut-off read length for HQ	70%
	Cut-off quality score	20
	Only statistics	On
	Number of processes	2


QC statistics
	File name	CDS_1550_Cyrtodactylus_philippinicus_Panay_R1.fq
	Total number of reads	922177
	Total number of HQ reads	914303
	Percentage of HQ reads	99.15%
	Total number of bases	87606815
	Total number of bases in HQ reads	86858785
	Total number of HQ bases in HQ reads	86154277
	Percentage of HQ bases in HQ reads	99.19%
	Number of Primer/Adaptor contaminated HQ reads	NA
	Total number of HQ filtered reads	914303
	Percentage of HQ filtered reads	99.15%


Detailed QC statistics
	File name	CDS_1550_Cyrtodactylus_philippinicus_Panay_R1.fq
	Minimum read length	95
	Maximum read length	95
	Average read length	95.00
	Total number of reads	922177
	Total number of reads with non-ATGC bases	802
	Percentage of reads with non-ATGC bases	0.09%
	Total number of bases	87606815
	Total number of HQ bases	86575286
	Percentage of HQ bases	98.82%
	Total number of non-ATGC bases	17722
	Percentage of non-ATGC bases	0.02%


Average quality score at each base position of input reads

CDS_1550_Cyrtodactylus_philippinicus_Panay_R1.fq
36.74	36.90	36.91	36.93	36.75	36.70	36.67	39.03	38.99	38.95	38.88	38.85	38.92	38.92	38.87	38.86	38.83	38.75	38.84	38.75	38.72	38.74	38.75	38.76	38.69	38.61	38.56	38.54	38.61	38.53	38.57	38.57	38.46	38.53	38.47	38.41	38.43	38.45	38.39	38.36	38.35	38.29	38.24	38.21	38.16	38.30	38.35	38.32	38.32	38.27	38.24	38.17	38.13	38.07	38.02	37.94	37.97	37.92	37.84	37.78	37.71	37.62	37.48	37.35	37.25	37.03	36.92	36.81	36.66	34.82	35.61	36.04	36.10	36.04	35.96	35.84	35.74	35.69	35.62	35.55	35.50	35.44	35.37	35.34	35.30	35.26	35.21	35.16	35.16	35.11	35.07	35.06	35.05	35.05	34.39	




Read count (%) per base for different quality score ranges

	CDS_1550_Cyrtodactylus_philippinicus_Panay_R1.fq
Ranges	0-10	11-20	21-30	31-40
Base
1	0.00	0.36	0.53	99.11
2	0.00	0.16	0.25	99.60
3	0.00	0.12	0.25	99.63
4	0.00	0.10	0.20	99.71
5	0.00	0.18	0.96	98.86
6	0.00	0.29	1.03	98.68
7	0.00	0.34	1.13	98.53
8	0.01	0.36	1.18	98.45
9	0.02	0.40	1.24	98.35
10	0.02	0.45	1.31	98.21
11	0.01	0.48	1.37	98.14
12	0.01	0.48	1.39	98.12
13	0.01	0.49	1.35	98.14
14	0.02	0.48	1.39	98.11
15	0.02	0.50	1.44	98.04
16	0.02	0.50	1.37	98.11
17	0.03	0.55	1.40	98.02
18	0.03	0.63	1.59	97.74
19	0.04	0.50	1.43	98.03
20	0.08	0.66	1.50	97.76
21	0.08	0.71	1.51	97.70
22	0.10	0.64	1.45	97.81
23	0.12	0.66	1.47	97.75
24	0.15	0.60	1.47	97.78
25	0.20	0.64	1.52	97.64
26	0.24	0.62	1.67	97.47
27	0.32	0.66	1.67	97.35
28	0.32	0.62	1.70	97.36
29	0.31	0.53	1.55	97.61
30	0.39	0.56	1.70	97.34
31	0.43	0.55	1.64	97.38
32	0.41	0.54	1.69	97.36
33	0.51	0.61	1.79	97.09
34	0.43	0.57	1.71	97.29
35	0.46	0.59	1.78	97.16
36	0.48	0.60	1.90	97.03
37	0.51	0.58	1.87	97.04
38	0.48	0.59	1.89	97.04
39	0.49	0.63	1.97	96.90
40	0.49	0.64	2.04	96.84
41	0.52	0.61	2.07	96.80
42	0.56	0.65	2.17	96.63
43	0.56	0.67	2.26	96.51
44	0.57	0.66	2.32	96.45
45	0.59	0.68	2.41	96.33
46	0.52	0.63	2.15	96.71
47	0.49	0.61	2.15	96.74
48	0.53	0.62	2.21	96.64
49	0.50	0.60	2.25	96.66
50	0.54	0.62	2.35	96.48
51	0.52	0.63	2.44	96.41
52	0.55	0.63	2.56	96.26
53	0.58	0.62	2.62	96.17
54	0.57	0.66	2.76	96.02
55	0.56	0.64	2.84	95.96
56	0.59	0.67	2.96	95.78
57	0.57	0.64	2.78	96.01
58	0.56	0.66	2.90	95.88
59	0.56	0.69	3.04	95.72
60	0.59	0.69	2.99	95.73
61	0.59	0.68	3.06	95.67
62	0.58	0.69	3.13	95.60
63	0.61	0.67	3.21	95.51
64	0.60	0.71	3.50	95.19
65	0.62	0.72	3.35	95.30
66	0.65	0.74	3.50	95.11
67	0.63	0.77	3.56	95.03
68	0.66	0.74	3.57	95.02
69	0.65	0.78	3.76	94.80
70	0.72	1.16	7.51	90.61
71	0.71	0.97	4.97	93.35
72	0.67	0.88	4.25	94.20
73	0.69	0.83	4.04	94.43
74	0.67	0.84	4.00	94.49
75	0.68	0.81	4.05	94.45
76	0.71	0.86	4.14	94.30
77	0.71	0.89	4.24	94.16
78	0.71	0.87	4.26	94.16
79	0.75	0.88	4.30	94.08
80	0.74	0.90	4.48	93.88
81	0.76	0.93	4.47	93.84
82	0.77	0.96	4.59	93.68
83	0.81	0.99	4.68	93.52
84	0.81	1.01	4.73	93.45
85	0.85	1.04	4.79	93.33
86	0.86	1.04	4.91	93.19
87	0.88	1.12	4.99	93.02
88	0.87	1.15	5.13	92.86
89	0.87	1.17	5.05	92.91
90	0.90	1.20	5.18	92.72
91	0.93	1.21	5.25	92.61
92	0.94	1.27	5.25	92.54
93	0.97	1.31	5.23	92.50
94	0.97	1.30	5.24	92.50
95	1.24	1.67	6.79	90.30




