Parameters
	Library type	Single-end
	Input file	/Volumes/wdhd/users/joaks1/projects/gekgo/data/genomes/msg/plate2/demultiplexed-raw/fastq/CDS_1511_Cyrtodactylus_philippinicus_Panay_R1.fq
	Primer/Adaptor library	NA
	Cut-off read length for HQ	70%
	Cut-off quality score	20
	Only statistics	On
	Number of processes	2


QC statistics
	File name	CDS_1511_Cyrtodactylus_philippinicus_Panay_R1.fq
	Total number of reads	111245
	Total number of HQ reads	110251
	Percentage of HQ reads	99.11%
	Total number of bases	10568275
	Total number of bases in HQ reads	10473845
	Total number of HQ bases in HQ reads	10389087
	Percentage of HQ bases in HQ reads	99.19%
	Number of Primer/Adaptor contaminated HQ reads	NA
	Total number of HQ filtered reads	110251
	Percentage of HQ filtered reads	99.11%


Detailed QC statistics
	File name	CDS_1511_Cyrtodactylus_philippinicus_Panay_R1.fq
	Minimum read length	95
	Maximum read length	95
	Average read length	95.00
	Total number of reads	111245
	Total number of reads with non-ATGC bases	90
	Percentage of reads with non-ATGC bases	0.08%
	Total number of bases	10568275
	Total number of HQ bases	10442028
	Percentage of HQ bases	98.81%
	Total number of non-ATGC bases	2180
	Percentage of non-ATGC bases	0.02%


Average quality score at each base position of input reads

CDS_1511_Cyrtodactylus_philippinicus_Panay_R1.fq
36.73	36.86	36.89	36.91	36.75	36.68	36.65	39.01	38.97	38.94	38.89	38.86	38.92	38.93	38.90	38.90	38.88	38.79	38.85	38.77	38.74	38.75	38.76	38.79	38.72	38.62	38.59	38.57	38.63	38.58	38.60	38.60	38.50	38.54	38.49	38.43	38.44	38.45	38.40	38.36	38.35	38.31	38.28	38.23	38.19	38.34	38.38	38.35	38.34	38.31	38.27	38.20	38.18	38.11	38.10	37.99	38.04	37.98	37.92	37.85	37.78	37.70	37.59	37.49	37.38	37.21	37.10	36.99	36.86	34.96	35.75	36.21	36.25	36.19	36.10	36.00	35.88	35.79	35.69	35.61	35.56	35.50	35.43	35.41	35.35	35.30	35.23	35.16	35.18	35.14	35.09	35.07	35.06	35.04	34.39	




Read count (%) per base for different quality score ranges

	CDS_1511_Cyrtodactylus_philippinicus_Panay_R1.fq
Ranges	0-10	11-20	21-30	31-40
Base
1	0.00	0.55	0.53	98.92
2	0.00	0.29	0.29	99.43
3	0.00	0.21	0.26	99.53
4	0.00	0.15	0.24	99.61
5	0.00	0.20	0.93	98.86
6	0.00	0.31	1.09	98.59
7	0.00	0.40	1.11	98.49
8	0.01	0.43	1.18	98.39
9	0.03	0.43	1.32	98.23
10	0.02	0.43	1.40	98.15
11	0.01	0.45	1.34	98.19
12	0.02	0.48	1.38	98.13
13	0.02	0.50	1.36	98.12
14	0.02	0.51	1.39	98.08
15	0.02	0.51	1.42	98.05
16	0.03	0.49	1.30	98.18
17	0.02	0.54	1.37	98.07
18	0.04	0.60	1.54	97.82
19	0.04	0.51	1.43	98.03
20	0.08	0.67	1.45	97.80
21	0.08	0.72	1.46	97.74
22	0.10	0.64	1.41	97.85
23	0.11	0.68	1.45	97.76
24	0.11	0.65	1.44	97.79
25	0.17	0.64	1.51	97.68
26	0.21	0.65	1.64	97.51
27	0.28	0.70	1.68	97.34
28	0.28	0.63	1.76	97.33
29	0.30	0.56	1.47	97.67
30	0.38	0.52	1.63	97.46
31	0.39	0.54	1.60	97.46
32	0.40	0.54	1.68	97.38
33	0.49	0.58	1.76	97.17
34	0.43	0.56	1.70	97.31
35	0.49	0.57	1.73	97.21
36	0.48	0.60	1.85	97.07
37	0.52	0.57	1.86	97.05
38	0.52	0.56	1.90	97.02
39	0.51	0.63	1.93	96.93
40	0.49	0.65	1.98	96.88
41	0.54	0.64	2.05	96.78
42	0.56	0.67	2.16	96.61
43	0.53	0.70	2.16	96.61
44	0.57	0.65	2.29	96.49
45	0.61	0.64	2.37	96.38
46	0.53	0.60	2.02	96.85
47	0.49	0.58	2.08	96.85
48	0.50	0.60	2.17	96.73
49	0.52	0.58	2.21	96.68
50	0.53	0.65	2.21	96.61
51	0.56	0.61	2.36	96.47
52	0.55	0.67	2.41	96.36
53	0.56	0.63	2.49	96.33
54	0.56	0.68	2.65	96.11
55	0.54	0.62	2.73	96.11
56	0.62	0.68	2.81	95.89
57	0.59	0.64	2.61	96.16
58	0.61	0.64	2.84	95.90
59	0.58	0.69	2.87	95.86
60	0.63	0.66	2.95	95.76
61	0.63	0.67	2.96	95.74
62	0.63	0.70	3.00	95.67
63	0.64	0.68	3.11	95.58
64	0.65	0.70	3.29	95.36
65	0.69	0.69	3.18	95.44
66	0.66	0.74	3.49	95.11
67	0.69	0.74	3.42	95.15
68	0.68	0.73	3.46	95.12
69	0.62	0.78	3.59	95.01
70	0.76	1.09	7.26	90.88
71	0.71	0.95	4.89	93.45
72	0.71	0.83	4.11	94.35
73	0.76	0.83	3.93	94.47
74	0.71	0.84	3.82	94.63
75	0.69	0.81	3.97	94.53
76	0.76	0.80	4.02	94.41
77	0.72	0.90	4.08	94.30
78	0.77	0.90	3.95	94.38
79	0.78	0.91	4.24	94.07
80	0.79	0.95	4.28	93.97
81	0.77	0.95	4.36	93.92
82	0.79	0.98	4.52	93.71
83	0.80	1.05	4.62	93.53
84	0.80	1.00	4.64	93.56
85	0.88	0.98	4.68	93.46
86	0.87	1.06	4.76	93.32
87	0.94	1.10	4.82	93.14
88	0.93	1.19	4.97	92.91
89	0.95	1.15	4.94	92.96
90	0.92	1.19	5.09	92.80
91	0.93	1.23	5.19	92.64
92	0.96	1.23	5.25	92.56
93	0.97	1.35	5.13	92.54
94	0.95	1.33	5.34	92.38
95	1.26	1.67	6.87	90.19




