Parameters
	Library type	Single-end
	Input file	/Volumes/wdhd/users/joaks1/projects/gekgo/data/genomes/msg/plate2/demultiplexed-raw/fastq/CDS_3047_Cyrtodactylus_sumuroi_Samar_R1.fq
	Primer/Adaptor library	NA
	Cut-off read length for HQ	70%
	Cut-off quality score	20
	Only statistics	On
	Number of processes	2


QC statistics
	File name	CDS_3047_Cyrtodactylus_sumuroi_Samar_R1.fq
	Total number of reads	4980
	Total number of HQ reads	4451
	Percentage of HQ reads	89.38%
	Total number of bases	473100
	Total number of bases in HQ reads	422845
	Total number of HQ bases in HQ reads	400100
	Percentage of HQ bases in HQ reads	94.62%
	Number of Primer/Adaptor contaminated HQ reads	NA
	Total number of HQ filtered reads	4451
	Percentage of HQ filtered reads	89.38%


Detailed QC statistics
	File name	CDS_3047_Cyrtodactylus_sumuroi_Samar_R1.fq
	Minimum read length	95
	Maximum read length	95
	Average read length	95.00
	Total number of reads	4980
	Total number of reads with non-ATGC bases	5
	Percentage of reads with non-ATGC bases	0.10%
	Total number of bases	473100
	Total number of HQ bases	426713
	Percentage of HQ bases	90.20%
	Total number of non-ATGC bases	118
	Percentage of non-ATGC bases	0.02%


Average quality score at each base position of input reads

CDS_3047_Cyrtodactylus_sumuroi_Samar_R1.fq
34.31	35.35	35.27	35.60	34.66	34.53	34.47	35.55	35.64	35.57	35.41	35.34	35.38	35.48	35.34	35.41	35.29	35.06	35.38	34.58	34.32	34.51	34.38	34.41	34.08	33.99	33.63	33.57	33.97	33.64	33.80	33.75	33.44	33.73	33.52	33.29	33.42	33.30	33.24	33.40	33.24	32.95	32.88	32.81	32.74	33.15	33.36	33.32	33.29	33.42	33.26	33.10	33.06	33.05	32.97	32.86	32.88	32.77	32.90	32.64	32.53	32.47	32.31	32.00	31.94	31.95	31.75	31.63	31.64	29.63	30.33	30.75	31.02	31.04	30.98	30.95	30.89	30.83	30.63	30.43	30.34	30.29	30.12	30.01	29.92	29.87	29.84	29.81	29.76	29.74	29.66	29.72	29.72	29.41	28.64	




Read count (%) per base for different quality score ranges

	CDS_3047_Cyrtodactylus_sumuroi_Samar_R1.fq
Ranges	0-10	11-20	21-30	31-40
Base
1	0.08	7.41	4.16	88.35
2	0.10	4.76	2.59	92.55
3	0.00	4.50	4.20	91.31
4	0.00	3.15	4.08	92.77
5	0.00	4.22	7.51	88.27
6	0.04	4.20	8.27	87.49
7	0.08	4.04	9.10	86.79
8	0.18	4.62	8.59	86.61
9	0.14	4.20	8.49	87.17
10	0.16	4.72	8.37	86.75
11	0.12	4.96	8.92	86.00
12	0.16	5.28	8.71	85.84
13	0.12	5.18	8.61	86.08
14	0.12	4.74	8.88	86.27
15	0.28	5.24	8.31	86.16
16	0.22	4.56	9.18	86.04
17	0.36	4.96	8.86	85.82
18	0.56	5.22	9.54	84.68
19	0.40	4.90	8.31	86.39
20	1.33	6.65	9.26	82.77
21	1.49	7.47	9.24	81.81
22	1.65	6.79	8.80	82.77
23	2.11	6.45	8.69	82.75
24	2.01	6.35	9.08	82.57
25	3.65	5.60	8.71	82.03
26	3.80	5.74	8.90	81.57
27	5.18	5.26	8.94	80.62
28	4.68	6.06	9.56	79.70
29	4.40	4.54	9.68	81.39
30	4.98	5.36	9.34	80.32
31	4.62	5.02	9.14	81.22
32	5.10	4.54	9.62	80.74
33	5.48	5.12	9.72	79.68
34	4.78	4.80	9.24	81.18
35	5.34	4.78	9.82	80.06
36	5.64	5.08	10.48	78.80
37	5.22	5.22	9.80	79.76
38	5.74	4.94	9.80	79.52
39	5.38	5.28	10.36	78.98
40	4.74	4.84	10.92	79.50
41	5.04	5.08	11.18	78.69
42	6.06	5.04	11.04	77.85
43	5.62	5.68	11.57	77.13
44	5.98	5.52	11.51	76.99
45	5.68	5.60	11.97	76.75
46	5.08	5.18	11.51	78.23
47	5.04	4.78	11.08	79.10
48	4.78	4.84	12.33	78.05
49	5.06	4.40	12.79	77.75
50	5.04	4.20	12.17	78.59
51	4.70	4.92	12.91	77.47
52	4.82	5.30	13.19	76.69
53	4.90	4.72	13.59	76.79
54	4.48	5.22	13.76	76.55
55	4.44	4.98	15.08	75.50
56	5.10	4.52	14.96	75.42
57	4.88	4.64	15.08	75.40
58	4.90	5.08	14.90	75.12
59	4.36	4.96	15.04	75.64
60	4.88	5.06	15.64	74.42
61	4.90	4.98	15.98	74.14
62	4.86	5.18	15.36	74.60
63	5.58	4.84	14.78	74.80
64	5.42	5.70	16.18	72.69
65	5.36	5.28	16.79	72.57
66	5.36	5.08	16.43	73.13
67	5.44	5.06	17.35	72.15
68	5.50	4.90	17.83	71.77
69	5.14	5.68	16.33	72.85
70	5.60	7.29	24.38	62.73
71	5.56	6.73	20.86	66.85
72	5.92	5.58	20.26	68.23
73	5.42	5.74	18.61	70.22
74	5.32	5.32	19.40	69.96
75	5.36	5.64	18.59	70.40
76	5.36	5.68	18.82	70.14
77	5.28	5.94	18.76	70.02
78	5.56	5.80	18.27	70.36
79	5.82	5.98	18.94	69.26
80	6.31	6.51	18.39	68.80
81	5.82	7.03	19.74	67.41
82	5.68	6.49	21.12	66.71
83	6.24	6.77	20.42	66.57
84	6.67	7.05	19.48	66.81
85	7.31	6.63	19.68	66.39
86	6.29	7.37	21.33	65.02
87	6.55	7.11	21.12	65.22
88	6.71	7.13	20.36	65.80
89	6.16	7.87	21.41	64.56
90	6.53	7.61	21.14	64.72
91	6.93	7.69	20.18	65.20
92	6.77	7.73	19.98	65.52
93	6.61	7.63	20.58	65.18
94	7.13	8.76	19.76	64.36
95	8.05	9.42	21.69	60.84




