Parameters
	Library type	Single-end
	Input file	/Volumes/wdhd/users/joaks1/projects/gekgo/data/genomes/msg/plate2/demultiplexed-raw/fastq/CDS_53_Gekko_gigante_NorthGigante_R1.fq
	Primer/Adaptor library	NA
	Cut-off read length for HQ	70%
	Cut-off quality score	20
	Only statistics	On
	Number of processes	2


QC statistics
	File name	CDS_53_Gekko_gigante_NorthGigante_R1.fq
	Total number of reads	1018714
	Total number of HQ reads	1006960
	Percentage of HQ reads	98.85%
	Total number of bases	96777830
	Total number of bases in HQ reads	95661200
	Total number of HQ bases in HQ reads	94816419
	Percentage of HQ bases in HQ reads	99.12%
	Number of Primer/Adaptor contaminated HQ reads	NA
	Total number of HQ filtered reads	1006960
	Percentage of HQ filtered reads	98.85%


Detailed QC statistics
	File name	CDS_53_Gekko_gigante_NorthGigante_R1.fq
	Minimum read length	95
	Maximum read length	95
	Average read length	95.00
	Total number of reads	1018714
	Total number of reads with non-ATGC bases	894
	Percentage of reads with non-ATGC bases	0.09%
	Total number of bases	96777830
	Total number of HQ bases	95412675
	Percentage of HQ bases	98.59%
	Total number of non-ATGC bases	21165
	Percentage of non-ATGC bases	0.02%


Average quality score at each base position of input reads

CDS_53_Gekko_gigante_NorthGigante_R1.fq
36.35	36.84	36.89	36.91	36.73	36.68	36.65	38.98	38.97	38.92	38.87	38.73	38.84	38.87	38.88	38.84	38.84	38.77	38.83	38.74	38.70	38.71	38.71	38.71	38.66	38.56	38.52	38.55	38.56	38.48	38.51	38.54	38.42	38.47	38.44	38.30	38.38	38.30	38.29	38.18	38.27	38.19	38.19	38.19	38.13	38.26	38.30	38.30	38.26	38.22	38.19	38.11	38.09	38.06	38.01	37.89	37.96	37.94	37.87	37.78	37.68	37.58	37.47	37.36	37.23	37.11	36.97	36.82	36.68	34.76	35.56	36.00	36.03	35.98	35.92	35.80	35.70	35.61	35.52	35.45	35.37	35.31	35.28	35.24	35.18	35.15	35.09	35.04	35.00	34.95	34.92	34.90	34.86	34.83	34.16	




Read count (%) per base for different quality score ranges

	CDS_53_Gekko_gigante_NorthGigante_R1.fq
Ranges	0-10	11-20	21-30	31-40
Base
1	0.00	0.69	0.95	98.35
2	0.00	0.26	0.37	99.37
3	0.00	0.19	0.30	99.51
4	0.00	0.15	0.27	99.59
5	0.00	0.22	1.02	98.76
6	0.00	0.31	1.08	98.61
7	0.00	0.39	1.17	98.45
8	0.01	0.42	1.26	98.32
9	0.01	0.43	1.26	98.29
10	0.02	0.47	1.36	98.14
11	0.02	0.50	1.37	98.12
12	0.02	0.57	1.51	97.91
13	0.02	0.55	1.44	97.98
14	0.02	0.55	1.44	98.00
15	0.02	0.52	1.42	98.04
16	0.03	0.55	1.43	97.99
17	0.03	0.59	1.45	97.93
18	0.04	0.65	1.61	97.70
19	0.05	0.54	1.49	97.91
20	0.11	0.73	1.55	97.62
21	0.13	0.77	1.54	97.56
22	0.16	0.71	1.48	97.65
23	0.17	0.73	1.52	97.59
24	0.19	0.70	1.57	97.53
25	0.24	0.72	1.56	97.48
26	0.27	0.75	1.70	97.28
27	0.36	0.77	1.73	97.14
28	0.36	0.69	1.68	97.27
29	0.36	0.62	1.66	97.36
30	0.44	0.64	1.77	97.14
31	0.50	0.63	1.73	97.15
32	0.50	0.59	1.75	97.17
33	0.61	0.66	1.85	96.88
34	0.53	0.63	1.82	97.01
35	0.57	0.64	1.83	96.96
36	0.60	0.68	2.02	96.70
37	0.61	0.66	1.90	96.83
38	0.65	0.69	1.98	96.68
39	0.67	0.71	2.03	96.60
40	0.66	0.76	2.17	96.40
41	0.64	0.70	2.10	96.56
42	0.70	0.74	2.19	96.37
43	0.69	0.75	2.26	96.31
44	0.69	0.71	2.29	96.30
45	0.73	0.76	2.39	96.13
46	0.64	0.70	2.15	96.52
47	0.65	0.67	2.14	96.53
48	0.65	0.68	2.20	96.47
49	0.65	0.69	2.31	96.35
50	0.69	0.71	2.35	96.25
51	0.69	0.71	2.47	96.13
52	0.69	0.72	2.63	95.95
53	0.73	0.72	2.63	95.92
54	0.72	0.73	2.71	95.84
55	0.74	0.74	2.81	95.71
56	0.78	0.78	3.06	95.38
57	0.71	0.75	2.81	95.73
58	0.70	0.75	2.89	95.66
59	0.69	0.77	2.98	95.55
60	0.73	0.78	3.05	95.44
61	0.73	0.79	3.10	95.38
62	0.76	0.80	3.24	95.20
63	0.78	0.81	3.29	95.13
64	0.79	0.83	3.37	95.01
65	0.79	0.84	3.47	94.90
66	0.83	0.84	3.56	94.78
67	0.84	0.88	3.62	94.67
68	0.87	0.89	3.71	94.52
69	0.87	0.91	3.73	94.49
70	0.95	1.30	7.48	90.27
71	0.91	1.12	5.19	92.78
72	0.90	1.01	4.45	93.64
73	0.93	0.98	4.29	93.80
74	0.89	0.96	4.25	93.90
75	0.89	0.94	4.14	94.03
76	0.91	0.98	4.18	93.93
77	0.91	1.02	4.34	93.73
78	0.92	1.02	4.39	93.66
79	0.94	1.02	4.47	93.57
80	0.93	1.06	4.54	93.47
81	0.97	1.08	4.76	93.19
82	1.01	1.11	4.78	93.10
83	1.06	1.09	4.78	93.07
84	1.07	1.14	4.88	92.91
85	1.09	1.17	4.96	92.78
86	1.10	1.18	5.04	92.69
87	1.12	1.26	5.17	92.46
88	1.14	1.30	5.22	92.34
89	1.17	1.33	5.36	92.14
90	1.17	1.37	5.43	92.02
91	1.20	1.42	5.48	91.91
92	1.23	1.45	5.44	91.88
93	1.25	1.48	5.52	91.75
94	1.29	1.51	5.51	91.69
95	1.55	1.90	7.08	89.47




