Parameters
	Library type	Single-end
	Input file	/Volumes/wdhd/users/joaks1/projects/gekgo/data/genomes/msg/plate2/demultiplexed-raw/fastq/CDS_4341_Cyrtodactylus_philippinicus_Negros_R1.fq
	Primer/Adaptor library	NA
	Cut-off read length for HQ	70%
	Cut-off quality score	20
	Only statistics	On
	Number of processes	2


QC statistics
	File name	CDS_4341_Cyrtodactylus_philippinicus_Negros_R1.fq
	Total number of reads	723217
	Total number of HQ reads	716719
	Percentage of HQ reads	99.10%
	Total number of bases	68705615
	Total number of bases in HQ reads	68088305
	Total number of HQ bases in HQ reads	67510701
	Percentage of HQ bases in HQ reads	99.15%
	Number of Primer/Adaptor contaminated HQ reads	NA
	Total number of HQ filtered reads	716719
	Percentage of HQ filtered reads	99.10%


Detailed QC statistics
	File name	CDS_4341_Cyrtodactylus_philippinicus_Negros_R1.fq
	Minimum read length	95
	Maximum read length	95
	Average read length	95.00
	Total number of reads	723217
	Total number of reads with non-ATGC bases	611
	Percentage of reads with non-ATGC bases	0.08%
	Total number of bases	68705615
	Total number of HQ bases	67855817
	Percentage of HQ bases	98.76%
	Total number of non-ATGC bases	14042
	Percentage of non-ATGC bases	0.02%


Average quality score at each base position of input reads

CDS_4341_Cyrtodactylus_philippinicus_Negros_R1.fq
36.79	36.87	36.90	36.92	36.73	36.67	36.64	38.97	38.93	38.89	38.82	38.80	38.86	38.87	38.83	38.82	38.79	38.72	38.79	38.71	38.68	38.69	38.70	38.70	38.64	38.55	38.50	38.49	38.54	38.47	38.51	38.50	38.39	38.44	38.42	38.35	38.36	38.37	38.31	38.28	38.27	38.21	38.17	38.14	38.09	38.25	38.29	38.27	38.26	38.21	38.21	38.12	38.08	38.03	37.99	37.91	37.94	37.89	37.80	37.75	37.69	37.60	37.49	37.34	37.25	37.08	36.97	36.86	36.71	34.82	35.61	36.07	36.14	36.06	35.98	35.87	35.76	35.68	35.60	35.51	35.47	35.40	35.34	35.30	35.24	35.19	35.15	35.11	35.08	35.03	34.98	34.97	34.96	34.95	34.29	




Read count (%) per base for different quality score ranges

	CDS_4341_Cyrtodactylus_philippinicus_Negros_R1.fq
Ranges	0-10	11-20	21-30	31-40
Base
1	0.00	0.42	0.49	99.09
2	0.00	0.23	0.30	99.47
3	0.00	0.18	0.27	99.55
4	0.00	0.12	0.21	99.67
5	0.00	0.19	1.01	98.80
6	0.00	0.31	1.13	98.56
7	0.00	0.36	1.20	98.44
8	0.01	0.39	1.25	98.35
9	0.02	0.42	1.32	98.24
10	0.02	0.48	1.43	98.07
11	0.02	0.51	1.41	98.06
12	0.02	0.52	1.41	98.06
13	0.02	0.51	1.43	98.04
14	0.02	0.52	1.44	98.02
15	0.02	0.53	1.49	97.96
16	0.02	0.52	1.44	98.02
17	0.03	0.58	1.48	97.90
18	0.04	0.64	1.64	97.68
19	0.05	0.53	1.47	97.95
20	0.08	0.68	1.55	97.69
21	0.09	0.71	1.56	97.64
22	0.11	0.65	1.55	97.69
23	0.12	0.71	1.54	97.64
24	0.14	0.67	1.55	97.64
25	0.19	0.69	1.59	97.53
26	0.22	0.68	1.71	97.39
27	0.30	0.71	1.75	97.23
28	0.31	0.66	1.76	97.27
29	0.31	0.57	1.66	97.46
30	0.40	0.59	1.78	97.23
31	0.44	0.58	1.70	97.28
32	0.44	0.55	1.75	97.25
33	0.56	0.64	1.87	96.93
34	0.46	0.61	1.85	97.08
35	0.48	0.60	1.87	97.05
36	0.49	0.64	1.99	96.88
37	0.52	0.61	1.95	96.91
38	0.52	0.62	1.99	96.87
39	0.54	0.65	2.07	96.74
40	0.52	0.66	2.09	96.73
41	0.54	0.64	2.20	96.62
42	0.58	0.69	2.28	96.45
43	0.57	0.69	2.35	96.39
44	0.59	0.69	2.40	96.32
45	0.62	0.70	2.49	96.19
46	0.56	0.64	2.18	96.62
47	0.52	0.64	2.24	96.60
48	0.54	0.63	2.33	96.50
49	0.54	0.61	2.34	96.51
50	0.58	0.66	2.40	96.36
51	0.55	0.63	2.45	96.37
52	0.59	0.65	2.61	96.15
53	0.61	0.65	2.68	96.05
54	0.58	0.69	2.80	95.93
55	0.59	0.68	2.86	95.87
56	0.63	0.69	2.96	95.71
57	0.59	0.67	2.85	95.89
58	0.60	0.66	2.96	95.78
59	0.59	0.73	3.11	95.56
60	0.63	0.71	3.11	95.55
61	0.62	0.71	3.15	95.53
62	0.63	0.71	3.20	95.46
63	0.64	0.71	3.30	95.35
64	0.67	0.74	3.57	95.02
65	0.68	0.75	3.43	95.15
66	0.69	0.78	3.62	94.90
67	0.67	0.79	3.68	94.86
68	0.68	0.77	3.68	94.87
69	0.70	0.79	3.91	94.60
70	0.77	1.17	7.74	90.32
71	0.74	0.99	5.16	93.11
72	0.71	0.90	4.42	93.97
73	0.72	0.86	4.18	94.25
74	0.71	0.87	4.14	94.28
75	0.72	0.86	4.17	94.25
76	0.75	0.88	4.23	94.13
77	0.76	0.90	4.35	93.99
78	0.77	0.91	4.37	93.96
79	0.77	0.94	4.44	93.85
80	0.77	0.97	4.65	93.61
81	0.79	0.94	4.69	93.58
82	0.81	0.99	4.76	93.43
83	0.85	1.03	4.84	93.29
84	0.86	1.03	4.94	93.17
85	0.88	1.09	5.01	93.01
86	0.92	1.13	5.08	92.88
87	0.91	1.16	5.20	92.74
88	0.92	1.19	5.25	92.64
89	0.96	1.21	5.23	92.60
90	0.97	1.28	5.40	92.35
91	0.99	1.29	5.50	92.21
92	1.00	1.33	5.50	92.17
93	1.03	1.35	5.50	92.12
94	1.00	1.38	5.50	92.12
95	1.28	1.75	7.11	89.86




