Parameters
	Library type	Single-end
	Input file	/Volumes/wdhd/users/joaks1/projects/gekgo/data/genomes/msg/plate2/demultiplexed-raw/fastq/CDS_2967_Cyrtodactylus_sumuroi_Samar_R1.fq
	Primer/Adaptor library	NA
	Cut-off read length for HQ	70%
	Cut-off quality score	20
	Only statistics	On
	Number of processes	2


QC statistics
	File name	CDS_2967_Cyrtodactylus_sumuroi_Samar_R1.fq
	Total number of reads	422398
	Total number of HQ reads	418425
	Percentage of HQ reads	99.06%
	Total number of bases	40127810
	Total number of bases in HQ reads	39750375
	Total number of HQ bases in HQ reads	39402775
	Percentage of HQ bases in HQ reads	99.13%
	Number of Primer/Adaptor contaminated HQ reads	NA
	Total number of HQ filtered reads	418425
	Percentage of HQ filtered reads	99.06%


Detailed QC statistics
	File name	CDS_2967_Cyrtodactylus_sumuroi_Samar_R1.fq
	Minimum read length	95
	Maximum read length	95
	Average read length	95.00
	Total number of reads	422398
	Total number of reads with non-ATGC bases	392
	Percentage of reads with non-ATGC bases	0.09%
	Total number of bases	40127810
	Total number of HQ bases	39612361
	Percentage of HQ bases	98.72%
	Total number of non-ATGC bases	8260
	Percentage of non-ATGC bases	0.02%


Average quality score at each base position of input reads

CDS_2967_Cyrtodactylus_sumuroi_Samar_R1.fq
36.69	36.86	36.89	36.92	36.71	36.65	36.61	38.91	38.87	38.84	38.76	38.75	38.80	38.80	38.75	38.74	38.71	38.65	38.74	38.66	38.62	38.63	38.65	38.64	38.57	38.49	38.43	38.41	38.46	38.38	38.43	38.44	38.33	38.39	38.35	38.28	38.31	38.31	38.22	38.19	38.19	38.11	38.07	38.04	37.96	38.13	38.17	38.16	38.13	38.09	38.07	37.97	37.93	37.87	37.79	37.71	37.77	37.72	37.63	37.56	37.47	37.36	37.24	37.09	36.98	36.81	36.68	36.57	36.40	34.55	35.34	35.76	35.84	35.78	35.72	35.65	35.57	35.52	35.47	35.42	35.37	35.30	35.25	35.22	35.18	35.15	35.10	35.05	35.02	34.98	34.92	34.91	34.92	34.92	34.24	




Read count (%) per base for different quality score ranges

	CDS_2967_Cyrtodactylus_sumuroi_Samar_R1.fq
Ranges	0-10	11-20	21-30	31-40
Base
1	0.00	0.51	0.61	98.88
2	0.00	0.25	0.32	99.42
3	0.00	0.20	0.29	99.52
4	0.00	0.13	0.23	99.64
5	0.00	0.22	1.13	98.66
6	0.00	0.36	1.23	98.41
7	0.00	0.40	1.32	98.28
8	0.01	0.42	1.36	98.21
9	0.02	0.45	1.43	98.09
10	0.02	0.53	1.49	97.95
11	0.02	0.56	1.52	97.90
12	0.02	0.54	1.50	97.94
13	0.02	0.55	1.54	97.89
14	0.03	0.56	1.53	97.89
15	0.03	0.57	1.61	97.79
16	0.03	0.55	1.51	97.91
17	0.04	0.61	1.57	97.78
18	0.05	0.69	1.73	97.53
19	0.05	0.56	1.55	97.83
20	0.10	0.71	1.58	97.61
21	0.12	0.75	1.64	97.49
22	0.14	0.69	1.62	97.55
23	0.16	0.71	1.58	97.55
24	0.20	0.66	1.61	97.53
25	0.28	0.65	1.71	97.36
26	0.33	0.63	1.83	97.21
27	0.43	0.66	1.82	97.09
28	0.41	0.64	1.84	97.11
29	0.41	0.57	1.74	97.29
30	0.49	0.60	1.92	97.00
31	0.49	0.60	1.80	97.10
32	0.46	0.57	1.88	97.08
33	0.59	0.65	1.99	96.78
34	0.47	0.65	1.92	96.96
35	0.51	0.65	1.97	96.88
36	0.53	0.66	2.10	96.71
37	0.56	0.63	2.01	96.80
38	0.55	0.64	2.08	96.72
39	0.57	0.69	2.24	96.51
40	0.55	0.67	2.28	96.50
41	0.57	0.65	2.32	96.46
42	0.61	0.72	2.46	96.21
43	0.63	0.71	2.53	96.14
44	0.61	0.73	2.60	96.06
45	0.66	0.75	2.69	95.90
46	0.57	0.69	2.41	96.34
47	0.59	0.65	2.42	96.34
48	0.59	0.69	2.49	96.23
49	0.57	0.66	2.61	96.16
50	0.61	0.66	2.67	96.06
51	0.59	0.68	2.74	95.99
52	0.62	0.71	2.92	95.75
53	0.62	0.69	2.97	95.72
54	0.61	0.72	3.18	95.50
55	0.64	0.73	3.22	95.41
56	0.68	0.72	3.35	95.25
57	0.61	0.70	3.12	95.57
58	0.63	0.71	3.13	95.53
59	0.60	0.72	3.34	95.35
60	0.63	0.71	3.26	95.40
61	0.65	0.71	3.30	95.34
62	0.64	0.72	3.41	95.22
63	0.67	0.72	3.47	95.13
64	0.67	0.77	3.73	94.83
65	0.68	0.78	3.64	94.89
66	0.71	0.79	3.78	94.72
67	0.69	0.82	3.82	94.67
68	0.70	0.82	3.86	94.63
69	0.71	0.82	4.05	94.41
70	0.79	1.26	8.24	89.71
71	0.74	1.05	5.54	92.67
72	0.73	0.93	4.74	93.61
73	0.73	0.88	4.39	93.99
74	0.74	0.89	4.37	94.00
75	0.71	0.89	4.38	94.01
76	0.76	0.89	4.44	93.91
77	0.75	0.95	4.55	93.75
78	0.78	0.92	4.54	93.75
79	0.79	0.96	4.61	93.64
80	0.78	0.94	4.78	93.50
81	0.80	1.00	4.78	93.42
82	0.80	1.03	4.89	93.28
83	0.83	1.05	4.98	93.13
84	0.84	1.09	5.02	93.05
85	0.87	1.06	5.15	92.92
86	0.87	1.14	5.18	92.81
87	0.94	1.12	5.34	92.59
88	0.97	1.22	5.33	92.48
89	0.95	1.28	5.34	92.42
90	0.95	1.33	5.52	92.19
91	0.99	1.39	5.62	91.99
92	0.99	1.40	5.61	91.99
93	1.00	1.40	5.61	91.99
94	1.01	1.40	5.49	92.10
95	1.29	1.80	7.21	89.69




