Parameters
	Library type	Single-end
	Input file	/Volumes/wdhd/users/joaks1/projects/gekgo/data/genomes/msg/plate2/demultiplexed-raw/fastq/CDS_161_Gekko_ernstkelleri_Panay_R1.fq
	Primer/Adaptor library	NA
	Cut-off read length for HQ	70%
	Cut-off quality score	20
	Only statistics	On
	Number of processes	2


QC statistics
	File name	CDS_161_Gekko_ernstkelleri_Panay_R1.fq
	Total number of reads	14276
	Total number of HQ reads	14074
	Percentage of HQ reads	98.59%
	Total number of bases	1356220
	Total number of bases in HQ reads	1337030
	Total number of HQ bases in HQ reads	1323864
	Percentage of HQ bases in HQ reads	99.02%
	Number of Primer/Adaptor contaminated HQ reads	NA
	Total number of HQ filtered reads	14074
	Percentage of HQ filtered reads	98.59%


Detailed QC statistics
	File name	CDS_161_Gekko_ernstkelleri_Panay_R1.fq
	Minimum read length	95
	Maximum read length	95
	Average read length	95.00
	Total number of reads	14276
	Total number of reads with non-ATGC bases	12
	Percentage of reads with non-ATGC bases	0.08%
	Total number of bases	1356220
	Total number of HQ bases	1333974
	Percentage of HQ bases	98.36%
	Total number of non-ATGC bases	272
	Percentage of non-ATGC bases	0.02%


Average quality score at each base position of input reads

CDS_161_Gekko_ernstkelleri_Panay_R1.fq
36.68	36.88	36.90	36.91	36.69	36.63	36.61	38.89	38.87	38.80	38.76	38.72	38.78	38.80	38.77	38.68	38.70	38.61	38.68	38.60	38.57	38.51	38.49	38.54	38.51	38.38	38.33	38.40	38.35	38.26	38.30	38.31	38.20	38.24	38.22	38.12	38.15	38.12	38.05	38.01	38.01	37.94	37.91	37.91	37.88	38.05	38.12	38.06	38.04	37.99	37.97	37.88	37.86	37.80	37.73	37.59	37.61	37.60	37.53	37.49	37.34	37.26	37.08	36.99	36.80	36.67	36.52	36.34	36.23	34.37	35.15	35.58	35.64	35.61	35.57	35.44	35.34	35.30	35.20	35.19	35.10	35.08	35.06	35.03	34.96	34.98	34.93	34.86	34.81	34.74	34.67	34.72	34.72	34.69	34.08	




Read count (%) per base for different quality score ranges

	CDS_161_Gekko_ernstkelleri_Panay_R1.fq
Ranges	0-10	11-20	21-30	31-40
Base
1	0.00	0.44	0.58	98.98
2	0.00	0.17	0.34	99.49
3	0.00	0.15	0.27	99.57
4	0.00	0.15	0.18	99.68
5	0.00	0.29	1.13	98.59
6	0.01	0.37	1.20	98.42
7	0.01	0.40	1.40	98.19
8	0.04	0.47	1.56	97.94
9	0.02	0.50	1.57	97.91
10	0.03	0.72	1.51	97.74
11	0.03	0.53	1.81	97.63
12	0.03	0.64	1.63	97.71
13	0.01	0.57	1.75	97.67
14	0.03	0.53	1.56	97.89
15	0.02	0.53	1.77	97.68
16	0.04	0.71	1.67	97.57
17	0.06	0.64	1.61	97.70
18	0.05	0.77	1.89	97.29
19	0.08	0.64	1.77	97.50
20	0.18	0.81	1.84	97.18
21	0.19	0.95	1.51	97.36
22	0.20	1.06	1.78	96.96
23	0.29	0.91	1.96	96.84
24	0.31	0.80	1.77	97.13
25	0.29	0.79	1.63	97.30
26	0.43	0.81	2.05	96.71
27	0.64	0.74	1.82	96.81
28	0.54	0.64	1.93	96.88
29	0.56	0.74	1.95	96.74
30	0.60	0.92	2.12	96.36
31	0.71	0.84	1.86	96.60
32	0.66	0.83	2.00	96.52
33	0.77	0.85	2.08	96.29
34	0.67	0.84	2.15	96.34
35	0.71	0.78	2.08	96.43
36	0.78	0.78	2.14	96.29
37	0.87	0.74	2.00	96.40
38	0.90	0.74	2.26	96.10
39	0.85	0.87	2.41	95.87
40	0.82	0.83	2.56	95.80
41	0.85	0.84	2.54	95.77
42	0.83	0.92	2.56	95.69
43	0.86	0.95	2.61	95.58
44	0.87	0.95	2.55	95.63
45	0.90	0.76	2.84	95.49
46	0.85	0.81	2.26	96.08
47	0.67	0.88	2.48	95.97
48	0.80	0.78	2.68	95.73
49	0.69	0.90	2.84	95.57
50	0.91	0.83	2.74	95.52
51	0.85	0.74	2.87	95.53
52	0.82	0.85	3.03	95.29
53	0.76	0.85	3.16	95.23
54	0.82	0.92	3.33	94.93
55	0.91	0.78	3.21	95.10
56	0.95	0.92	3.54	94.59
57	1.04	0.82	3.25	94.89
58	0.90	0.82	3.58	94.70
59	0.77	1.02	3.50	94.72
60	0.81	0.77	3.46	94.96
61	0.78	1.01	3.67	94.54
62	0.78	0.83	3.89	94.50
63	0.94	0.97	3.66	94.43
64	0.81	0.88	4.17	94.14
65	0.92	1.03	4.16	93.89
66	0.99	0.80	4.26	93.95
67	0.96	0.92	4.23	93.88
68	1.06	0.96	4.31	93.67
69	1.05	1.06	4.09	93.80
70	1.13	1.37	8.47	89.03
71	0.97	1.39	5.86	91.78
72	0.91	1.26	5.08	92.75
73	1.02	1.09	4.68	93.21
74	0.97	1.01	4.74	93.28
75	0.90	1.15	4.64	93.31
76	1.13	0.93	5.06	92.88
77	1.09	1.18	4.97	92.75
78	1.11	1.11	5.00	92.77
79	1.04	1.34	5.28	92.34
80	0.99	1.24	5.53	92.24
81	1.18	1.30	5.32	92.20
82	1.02	1.39	5.41	92.18
83	1.24	1.27	5.17	92.32
84	1.20	1.30	5.39	92.12
85	1.11	1.40	5.80	91.69
86	1.23	1.17	5.81	91.79
87	1.11	1.41	5.90	91.58
88	1.24	1.44	5.80	91.52
89	1.32	1.43	6.00	91.25
90	1.42	1.63	5.81	91.13
91	1.47	1.69	6.09	90.75
92	1.38	1.64	6.09	90.89
93	1.49	1.67	5.70	91.15
94	1.57	1.43	5.92	91.08
95	1.71	2.04	7.02	89.23




