Parameters
	Library type	Single-end
	Input file	/Volumes/wdhd/users/joaks1/projects/gekgo/data/genomes/msg/plate2/demultiplexed-raw/fastq/CDS_3867_Gekko_mindorensis_Lubang_R1.fq
	Primer/Adaptor library	NA
	Cut-off read length for HQ	70%
	Cut-off quality score	20
	Only statistics	On
	Number of processes	2


QC statistics
	File name	CDS_3867_Gekko_mindorensis_Lubang_R1.fq
	Total number of reads	494682
	Total number of HQ reads	489509
	Percentage of HQ reads	98.95%
	Total number of bases	46994790
	Total number of bases in HQ reads	46503355
	Total number of HQ bases in HQ reads	46124300
	Percentage of HQ bases in HQ reads	99.18%
	Number of Primer/Adaptor contaminated HQ reads	NA
	Total number of HQ filtered reads	489509
	Percentage of HQ filtered reads	98.95%


Detailed QC statistics
	File name	CDS_3867_Gekko_mindorensis_Lubang_R1.fq
	Minimum read length	95
	Maximum read length	95
	Average read length	95.00
	Total number of reads	494682
	Total number of reads with non-ATGC bases	454
	Percentage of reads with non-ATGC bases	0.09%
	Total number of bases	46994790
	Total number of HQ bases	46382725
	Percentage of HQ bases	98.70%
	Total number of non-ATGC bases	10591
	Percentage of non-ATGC bases	0.02%


Average quality score at each base position of input reads

CDS_3867_Gekko_mindorensis_Lubang_R1.fq
36.83	36.91	36.93	36.94	36.77	36.71	36.67	38.93	38.95	38.95	38.91	38.79	38.88	38.90	38.91	38.85	38.86	38.79	38.85	38.75	38.73	38.73	38.70	38.70	38.65	38.58	38.53	38.56	38.58	38.51	38.54	38.55	38.44	38.48	38.45	38.36	38.40	38.32	38.31	38.21	38.29	38.24	38.22	38.21	38.13	38.25	38.32	38.34	38.31	38.28	38.20	38.15	38.11	38.06	38.02	37.90	37.94	37.93	37.89	37.81	37.73	37.61	37.50	37.41	37.27	37.13	37.02	36.88	36.72	34.77	35.62	36.10	36.14	36.11	36.03	35.89	35.78	35.69	35.61	35.54	35.49	35.43	35.39	35.33	35.31	35.28	35.19	35.16	35.12	35.07	35.06	35.04	35.03	34.96	34.28	




Read count (%) per base for different quality score ranges

	CDS_3867_Gekko_mindorensis_Lubang_R1.fq
Ranges	0-10	11-20	21-30	31-40
Base
1	0.00	0.29	0.40	99.31
2	0.00	0.13	0.21	99.66
3	0.00	0.10	0.21	99.69
4	0.00	0.09	0.17	99.74
5	0.00	0.16	0.88	98.97
6	0.00	0.27	1.00	98.72
7	0.00	0.33	1.13	98.54
8	0.01	0.41	1.24	98.34
9	0.01	0.38	1.22	98.38
10	0.02	0.42	1.34	98.21
11	0.02	0.44	1.31	98.23
12	0.01	0.50	1.46	98.02
13	0.02	0.51	1.39	98.08
14	0.02	0.50	1.38	98.09
15	0.03	0.48	1.37	98.13
16	0.02	0.48	1.37	98.13
17	0.03	0.53	1.38	98.06
18	0.03	0.58	1.53	97.85
19	0.06	0.51	1.45	97.98
20	0.10	0.67	1.53	97.70
21	0.13	0.69	1.49	97.69
22	0.16	0.68	1.45	97.71
23	0.17	0.70	1.53	97.59
24	0.22	0.67	1.50	97.60
25	0.25	0.68	1.54	97.52
26	0.29	0.69	1.66	97.35
27	0.37	0.74	1.70	97.19
28	0.35	0.67	1.67	97.30
29	0.39	0.58	1.55	97.48
30	0.42	0.64	1.71	97.23
31	0.47	0.61	1.69	97.24
32	0.49	0.56	1.69	97.26
33	0.57	0.64	1.79	97.00
34	0.52	0.63	1.77	97.08
35	0.55	0.62	1.80	97.03
36	0.57	0.66	1.94	96.83
37	0.61	0.64	1.90	96.84
38	0.64	0.67	1.97	96.72
39	0.63	0.69	2.02	96.67
40	0.64	0.72	2.13	96.51
41	0.60	0.67	2.07	96.65
42	0.67	0.69	2.14	96.51
43	0.66	0.71	2.18	96.46
44	0.66	0.66	2.20	96.48
45	0.71	0.72	2.38	96.19
46	0.60	0.66	2.11	96.63
47	0.61	0.65	2.05	96.69
48	0.60	0.65	2.12	96.63
49	0.60	0.66	2.19	96.54
50	0.64	0.70	2.24	96.42
51	0.65	0.69	2.43	96.22
52	0.63	0.69	2.59	96.09
53	0.66	0.67	2.72	95.96
54	0.67	0.70	2.73	95.89
55	0.68	0.73	2.75	95.83
56	0.74	0.73	3.05	95.49
57	0.68	0.72	2.82	95.77
58	0.64	0.71	2.80	95.85
59	0.65	0.72	2.90	95.73
60	0.67	0.72	2.98	95.63
61	0.66	0.74	3.03	95.56
62	0.70	0.76	3.11	95.43
63	0.71	0.75	3.16	95.37
64	0.72	0.74	3.26	95.28
65	0.73	0.80	3.40	95.07
66	0.78	0.82	3.47	94.93
67	0.77	0.83	3.46	94.94
68	0.80	0.81	3.55	94.84
69	0.77	0.83	3.60	94.80
70	0.87	1.23	7.41	90.49
71	0.82	1.04	4.95	93.19
72	0.82	0.93	4.24	94.01
73	0.83	0.92	4.06	94.19
74	0.80	0.91	3.93	94.36
75	0.83	0.88	3.84	94.46
76	0.83	0.91	3.97	94.29
77	0.83	0.95	4.00	94.22
78	0.83	0.96	4.16	94.05
79	0.86	0.98	4.25	93.91
80	0.87	0.97	4.34	93.82
81	0.88	0.98	4.40	93.73
82	0.92	1.00	4.49	93.59
83	0.93	1.01	4.57	93.49
84	0.94	1.06	4.65	93.36
85	0.94	1.05	4.65	93.36
86	0.93	1.08	4.70	93.29
87	1.01	1.12	4.87	93.00
88	1.02	1.18	4.90	92.89
89	1.04	1.23	5.01	92.72
90	1.06	1.28	5.13	92.52
91	1.06	1.29	5.08	92.57
92	1.08	1.31	5.15	92.46
93	1.09	1.32	5.18	92.42
94	1.13	1.42	5.27	92.18
95	1.42	1.71	6.83	90.04




