Parameters
	Library type	Single-end
	Input file	/Volumes/wdhd/users/joaks1/projects/gekgo/data/genomes/msg/plate2/demultiplexed-raw/fastq/CDS_6054_Gekko_mindorensis_Luzon_R1.fq
	Primer/Adaptor library	NA
	Cut-off read length for HQ	70%
	Cut-off quality score	20
	Only statistics	On
	Number of processes	2


QC statistics
	File name	CDS_6054_Gekko_mindorensis_Luzon_R1.fq
	Total number of reads	724140
	Total number of HQ reads	716575
	Percentage of HQ reads	98.96%
	Total number of bases	68793300
	Total number of bases in HQ reads	68074625
	Total number of HQ bases in HQ reads	67481368
	Percentage of HQ bases in HQ reads	99.13%
	Number of Primer/Adaptor contaminated HQ reads	NA
	Total number of HQ filtered reads	716575
	Percentage of HQ filtered reads	98.96%


Detailed QC statistics
	File name	CDS_6054_Gekko_mindorensis_Luzon_R1.fq
	Minimum read length	95
	Maximum read length	95
	Average read length	95.00
	Total number of reads	724140
	Total number of reads with non-ATGC bases	602
	Percentage of reads with non-ATGC bases	0.08%
	Total number of bases	68793300
	Total number of HQ bases	67872960
	Percentage of HQ bases	98.66%
	Total number of non-ATGC bases	13725
	Percentage of non-ATGC bases	0.02%


Average quality score at each base position of input reads

CDS_6054_Gekko_mindorensis_Luzon_R1.fq
36.71	36.87	36.91	36.93	36.74	36.69	36.65	38.89	38.91	38.91	38.88	38.76	38.85	38.87	38.87	38.80	38.81	38.75	38.81	38.70	38.69	38.69	38.65	38.66	38.62	38.55	38.50	38.53	38.56	38.46	38.49	38.49	38.38	38.44	38.41	38.32	38.37	38.29	38.28	38.17	38.24	38.20	38.17	38.16	38.06	38.19	38.25	38.28	38.26	38.22	38.14	38.09	38.03	38.01	37.96	37.85	37.87	37.86	37.81	37.73	37.64	37.53	37.43	37.32	37.18	37.04	36.92	36.78	36.62	34.66	35.51	35.99	36.04	36.00	35.91	35.78	35.69	35.60	35.52	35.45	35.41	35.34	35.30	35.24	35.21	35.17	35.11	35.07	35.02	34.96	34.96	34.93	34.92	34.86	34.18	




Read count (%) per base for different quality score ranges

	CDS_6054_Gekko_mindorensis_Luzon_R1.fq
Ranges	0-10	11-20	21-30	31-40
Base
1	0.00	0.47	0.59	98.94
2	0.00	0.22	0.28	99.50
3	0.00	0.15	0.25	99.60
4	0.00	0.10	0.18	99.72
5	0.00	0.18	0.95	98.86
6	0.00	0.29	1.07	98.64
7	0.00	0.37	1.18	98.45
8	0.01	0.43	1.30	98.26
9	0.02	0.41	1.27	98.30
10	0.02	0.45	1.40	98.13
11	0.02	0.47	1.35	98.16
12	0.02	0.53	1.51	97.94
13	0.02	0.54	1.45	97.99
14	0.02	0.53	1.46	97.99
15	0.02	0.51	1.44	98.04
16	0.02	0.54	1.45	97.99
17	0.03	0.57	1.45	97.95
18	0.04	0.64	1.59	97.74
19	0.05	0.53	1.49	97.93
20	0.10	0.72	1.56	97.61
21	0.12	0.74	1.51	97.62
22	0.14	0.72	1.52	97.62
23	0.18	0.72	1.61	97.49
24	0.20	0.69	1.58	97.54
25	0.24	0.69	1.60	97.47
26	0.27	0.70	1.74	97.28
27	0.34	0.76	1.76	97.15
28	0.34	0.67	1.70	97.29
29	0.36	0.58	1.67	97.39
30	0.45	0.61	1.81	97.13
31	0.50	0.61	1.78	97.11
32	0.51	0.60	1.77	97.12
33	0.57	0.65	1.92	96.85
34	0.51	0.60	1.86	97.03
35	0.56	0.63	1.87	96.95
36	0.57	0.66	2.05	96.72
37	0.57	0.64	1.98	96.81
38	0.59	0.66	2.07	96.68
39	0.62	0.69	2.07	96.61
40	0.62	0.73	2.27	96.37
41	0.61	0.67	2.18	96.53
42	0.63	0.70	2.25	96.42
43	0.64	0.71	2.31	96.34
44	0.63	0.70	2.33	96.34
45	0.69	0.76	2.55	96.00
46	0.60	0.69	2.25	96.46
47	0.59	0.68	2.26	96.47
48	0.59	0.66	2.25	96.50
49	0.62	0.66	2.29	96.42
50	0.62	0.68	2.46	96.25
51	0.63	0.71	2.57	96.09
52	0.61	0.68	2.79	95.91
53	0.66	0.70	2.85	95.79
54	0.65	0.71	2.90	95.75
55	0.67	0.70	2.93	95.70
56	0.72	0.74	3.13	95.42
57	0.67	0.74	2.97	95.61
58	0.65	0.71	2.97	95.66
59	0.64	0.72	3.09	95.55
60	0.67	0.73	3.16	95.44
61	0.69	0.77	3.19	95.35
62	0.68	0.80	3.32	95.21
63	0.69	0.77	3.34	95.20
64	0.71	0.80	3.42	95.06
65	0.74	0.79	3.60	94.87
66	0.76	0.82	3.72	94.70
67	0.78	0.85	3.68	94.69
68	0.82	0.86	3.70	94.62
69	0.78	0.88	3.85	94.49
70	0.89	1.29	7.78	90.04
71	0.84	1.08	5.22	92.86
72	0.83	0.96	4.48	93.73
73	0.87	0.94	4.32	93.87
74	0.82	0.92	4.26	94.00
75	0.83	0.92	4.11	94.14
76	0.82	0.95	4.27	93.96
77	0.85	0.97	4.28	93.90
78	0.85	0.98	4.40	93.77
79	0.87	1.01	4.53	93.58
80	0.89	1.02	4.62	93.47
81	0.89	1.03	4.68	93.40
82	0.93	1.08	4.77	93.23
83	0.93	1.09	4.86	93.12
84	0.98	1.12	4.92	92.98
85	0.97	1.13	4.97	92.93
86	0.99	1.15	5.05	92.82
87	1.02	1.20	5.12	92.66
88	1.06	1.24	5.24	92.46
89	1.08	1.29	5.29	92.34
90	1.12	1.34	5.42	92.12
91	1.12	1.36	5.40	92.12
92	1.18	1.39	5.40	92.03
93	1.15	1.42	5.46	91.97
94	1.18	1.50	5.59	91.73
95	1.46	1.84	7.16	89.54




