Parameters
	Library type	Single-end
	Input file	/Volumes/wdhd/users/joaks1/projects/gekgo/data/genomes/msg/plate2/demultiplexed-raw/fastq/CDS_31_Gekko_gigante_SouthGigante_R1.fq
	Primer/Adaptor library	NA
	Cut-off read length for HQ	70%
	Cut-off quality score	20
	Only statistics	On
	Number of processes	2


QC statistics
	File name	CDS_31_Gekko_gigante_SouthGigante_R1.fq
	Total number of reads	86857
	Total number of HQ reads	85406
	Percentage of HQ reads	98.33%
	Total number of bases	8251415
	Total number of bases in HQ reads	8113570
	Total number of HQ bases in HQ reads	7986656
	Percentage of HQ bases in HQ reads	98.44%
	Number of Primer/Adaptor contaminated HQ reads	NA
	Total number of HQ filtered reads	85406
	Percentage of HQ filtered reads	98.33%


Detailed QC statistics
	File name	CDS_31_Gekko_gigante_SouthGigante_R1.fq
	Minimum read length	95
	Maximum read length	95
	Average read length	95.00
	Total number of reads	86857
	Total number of reads with non-ATGC bases	58
	Percentage of reads with non-ATGC bases	0.07%
	Total number of bases	8251415
	Total number of HQ bases	8060804
	Percentage of HQ bases	97.69%
	Total number of non-ATGC bases	1485
	Percentage of non-ATGC bases	0.02%


Average quality score at each base position of input reads

CDS_31_Gekko_gigante_SouthGigante_R1.fq
35.80	36.39	36.62	36.68	36.53	36.42	36.39	38.21	38.22	38.12	38.03	37.89	37.89	37.94	37.94	37.90	37.91	37.79	37.87	37.68	37.68	37.68	37.63	37.62	37.56	37.42	37.34	37.38	37.36	37.22	37.27	37.29	37.09	37.17	37.09	36.91	36.98	36.88	36.83	36.61	36.71	36.57	36.50	36.50	36.37	36.82	36.96	36.97	36.91	36.89	36.76	36.66	36.56	36.44	36.34	36.17	36.18	36.05	35.88	35.73	35.61	35.46	35.30	35.18	34.98	34.88	34.78	34.70	34.60	32.58	33.47	34.07	34.25	34.30	34.36	34.33	34.30	34.23	34.19	34.14	34.07	34.04	34.05	34.00	33.99	33.93	33.84	33.79	33.72	33.70	33.70	33.64	33.62	33.55	32.81	




Read count (%) per base for different quality score ranges

	CDS_31_Gekko_gigante_SouthGigante_R1.fq
Ranges	0-10	11-20	21-30	31-40
Base
1	0.22	1.34	2.75	95.69
2	0.21	0.64	1.52	97.63
3	0.00	0.51	1.01	98.48
4	0.00	0.37	0.89	98.73
5	0.00	0.38	1.60	98.02
6	0.01	0.55	1.91	97.53
7	0.00	0.62	2.06	97.32
8	0.02	0.70	2.20	97.08
9	0.03	0.68	2.20	97.10
10	0.03	0.82	2.39	96.75
11	0.04	0.90	2.49	96.56
12	0.06	0.99	2.87	96.08
13	0.07	0.92	2.63	96.38
14	0.09	0.83	2.61	96.47
15	0.10	0.82	2.60	96.48
16	0.15	0.77	2.59	96.49
17	0.23	0.73	2.65	96.38
18	0.37	0.80	2.85	95.99
19	0.35	0.69	2.68	96.28
20	0.65	0.79	2.92	95.64
21	0.64	0.82	2.90	95.65
22	0.67	0.82	2.71	95.80
23	0.77	0.85	2.89	95.50
24	0.70	0.88	3.00	95.43
25	0.76	0.91	2.98	95.35
26	0.81	0.93	3.32	94.94
27	0.92	1.03	3.36	94.69
28	0.81	0.99	3.29	94.90
29	0.83	0.99	3.33	94.86
30	0.93	1.12	3.52	94.42
31	0.87	1.02	3.55	94.55
32	0.89	1.00	3.58	94.53
33	1.05	1.13	4.00	93.83
34	0.91	1.04	3.82	94.23
35	1.07	1.13	3.83	93.98
36	1.00	1.20	4.43	93.37
37	1.03	1.12	4.19	93.66
38	1.06	1.20	4.54	93.20
39	1.17	1.27	4.66	92.89
40	1.23	1.40	5.20	92.17
41	1.06	1.31	5.27	92.35
42	1.22	1.32	5.58	91.89
43	1.20	1.38	5.77	91.65
44	1.15	1.33	5.93	91.59
45	1.22	1.39	6.32	91.07
46	0.96	1.09	5.20	92.74
47	0.95	1.06	4.91	93.07
48	0.94	1.10	4.97	92.98
49	0.95	1.04	5.00	93.01
50	1.03	1.03	4.94	93.01
51	1.04	1.12	5.24	92.61
52	0.97	1.19	5.33	92.50
53	1.05	1.11	5.52	92.32
54	1.08	1.17	5.54	92.21
55	1.06	1.14	5.65	92.15
56	1.07	1.14	6.04	91.75
57	1.06	1.12	5.41	92.41
58	1.06	1.17	5.50	92.27
59	1.09	1.25	5.69	91.96
60	1.15	1.20	5.89	91.76
61	1.09	1.25	5.94	91.73
62	1.12	1.21	6.09	91.59
63	1.22	1.22	6.24	91.32
64	1.18	1.28	6.38	91.17
65	1.23	1.35	6.90	90.52
66	1.29	1.33	6.92	90.46
67	1.26	1.38	6.96	90.40
68	1.31	1.43	7.04	90.22
69	1.31	1.42	7.32	89.95
70	1.38	1.97	14.98	81.67
71	1.37	1.67	10.11	86.85
72	1.31	1.60	8.56	88.54
73	1.37	1.61	7.92	89.09
74	1.31	1.64	7.88	89.17
75	1.28	1.53	7.58	89.61
76	1.36	1.53	7.52	89.60
77	1.37	1.64	7.53	89.46
78	1.38	1.71	7.70	89.22
79	1.37	1.72	7.96	88.96
80	1.39	1.79	8.08	88.74
81	1.40	1.84	8.41	88.35
82	1.51	1.87	8.44	88.18
83	1.50	1.91	8.28	88.30
84	1.56	1.94	8.28	88.22
85	1.57	1.99	8.29	88.15
86	1.63	2.12	8.31	87.94
87	1.65	2.31	8.55	87.48
88	1.75	2.34	8.50	87.40
89	1.78	2.51	8.72	86.99
90	1.76	2.53	8.78	86.92
91	1.77	2.65	8.61	86.97
92	1.85	2.68	8.78	86.70
93	1.93	2.74	8.67	86.67
94	1.94	2.91	8.80	86.35
95	2.36	3.57	10.77	83.30




