Parameters
	Library type	Single-end
	Input file	/Volumes/wdhd/users/joaks1/projects/gekgo/data/genomes/msg/plate2/demultiplexed-raw/fastq/CDS_4342_Cyrtodactylus_philippinicus_Negros_R1.fq
	Primer/Adaptor library	NA
	Cut-off read length for HQ	70%
	Cut-off quality score	20
	Only statistics	On
	Number of processes	2


QC statistics
	File name	CDS_4342_Cyrtodactylus_philippinicus_Negros_R1.fq
	Total number of reads	44819
	Total number of HQ reads	44388
	Percentage of HQ reads	99.04%
	Total number of bases	4257805
	Total number of bases in HQ reads	4216860
	Total number of HQ bases in HQ reads	4177547
	Percentage of HQ bases in HQ reads	99.07%
	Number of Primer/Adaptor contaminated HQ reads	NA
	Total number of HQ filtered reads	44388
	Percentage of HQ filtered reads	99.04%


Detailed QC statistics
	File name	CDS_4342_Cyrtodactylus_philippinicus_Negros_R1.fq
	Minimum read length	95
	Maximum read length	95
	Average read length	95.00
	Total number of reads	44819
	Total number of reads with non-ATGC bases	40
	Percentage of reads with non-ATGC bases	0.09%
	Total number of bases	4257805
	Total number of HQ bases	4200612
	Percentage of HQ bases	98.66%
	Total number of non-ATGC bases	987
	Percentage of non-ATGC bases	0.02%


Average quality score at each base position of input reads

CDS_4342_Cyrtodactylus_philippinicus_Negros_R1.fq
34.95	36.48	36.68	36.80	36.67	36.63	36.61	38.91	38.89	38.86	38.81	38.77	38.82	38.81	38.79	38.77	38.73	38.66	38.75	38.66	38.63	38.62	38.64	38.67	38.60	38.53	38.44	38.44	38.43	38.38	38.41	38.47	38.35	38.40	38.36	38.30	38.33	38.35	38.25	38.23	38.18	38.10	38.10	38.11	38.04	38.22	38.26	38.23	38.22	38.15	38.09	38.04	38.02	37.97	37.92	37.85	37.90	37.86	37.78	37.75	37.65	37.58	37.46	37.30	37.22	37.02	36.90	36.82	36.70	34.83	35.62	36.06	36.10	36.01	35.91	35.82	35.74	35.68	35.59	35.52	35.45	35.39	35.32	35.28	35.22	35.16	35.15	35.12	35.07	35.02	34.97	34.96	34.88	34.93	34.26	




Read count (%) per base for different quality score ranges

	CDS_4342_Cyrtodactylus_philippinicus_Negros_R1.fq
Ranges	0-10	11-20	21-30	31-40
Base
1	0.00	3.07	2.67	94.25
2	0.00	1.35	0.85	97.80
3	0.00	0.87	0.61	98.53
4	0.00	0.50	0.42	99.09
5	0.00	0.34	1.18	98.49
6	0.00	0.37	1.25	98.38
7	0.00	0.43	1.31	98.26
8	0.01	0.51	1.34	98.13
9	0.02	0.52	1.39	98.07
10	0.02	0.51	1.42	98.05
11	0.01	0.54	1.45	98.00
12	0.02	0.55	1.47	97.96
13	0.01	0.62	1.48	97.89
14	0.02	0.58	1.60	97.80
15	0.03	0.56	1.59	97.83
16	0.03	0.58	1.57	97.81
17	0.04	0.64	1.73	97.59
18	0.04	0.73	1.73	97.51
19	0.05	0.58	1.49	97.88
20	0.10	0.68	1.74	97.48
21	0.12	0.80	1.57	97.51
22	0.12	0.76	1.59	97.52
23	0.11	0.76	1.62	97.51
24	0.13	0.71	1.64	97.52
25	0.20	0.68	1.72	97.40
26	0.19	0.72	1.91	97.18
27	0.30	0.84	1.94	96.92
28	0.38	0.68	1.74	97.20
29	0.34	0.65	1.86	97.15
30	0.44	0.60	1.90	97.05
31	0.51	0.68	1.87	96.95
32	0.48	0.54	1.91	97.06
33	0.62	0.66	1.92	96.80
34	0.42	0.65	2.00	96.93
35	0.57	0.61	1.95	96.87
36	0.54	0.69	2.06	96.71
37	0.55	0.61	2.06	96.78
38	0.54	0.59	1.99	96.87
39	0.52	0.79	2.16	96.52
40	0.56	0.64	2.30	96.49
41	0.60	0.70	2.29	96.41
42	0.64	0.76	2.50	96.10
43	0.65	0.80	2.46	96.09
44	0.62	0.73	2.47	96.19
45	0.66	0.81	2.60	95.93
46	0.52	0.64	2.24	96.60
47	0.53	0.63	2.31	96.52
48	0.55	0.66	2.50	96.29
49	0.56	0.68	2.33	96.43
50	0.62	0.71	2.54	96.13
51	0.63	0.73	2.72	95.92
52	0.61	0.69	2.81	95.88
53	0.63	0.73	2.79	95.85
54	0.62	0.77	2.95	95.66
55	0.69	0.70	2.96	95.65
56	0.63	0.78	3.23	95.36
57	0.61	0.68	3.13	95.58
58	0.55	0.74	3.12	95.59
59	0.60	0.75	3.34	95.32
60	0.61	0.71	3.31	95.37
61	0.62	0.69	3.37	95.31
62	0.66	0.67	3.28	95.39
63	0.67	0.72	3.45	95.16
64	0.71	0.78	3.65	94.87
65	0.68	0.81	3.49	95.02
66	0.78	0.81	3.93	94.48
67	0.71	0.85	3.95	94.49
68	0.72	0.89	3.84	94.55
69	0.71	0.78	4.09	94.41
70	0.76	1.25	7.45	90.54
71	0.74	1.01	5.30	92.96
72	0.67	0.96	4.54	93.83
73	0.74	0.90	4.43	93.93
74	0.74	0.85	4.58	93.84
75	0.77	0.89	4.35	93.99
76	0.79	0.87	4.46	93.88
77	0.78	0.88	4.32	94.01
78	0.73	0.94	4.38	93.96
79	0.75	0.94	4.61	93.69
80	0.74	0.99	4.69	93.58
81	0.77	1.04	4.76	93.43
82	0.86	0.99	4.94	93.22
83	0.89	1.05	4.96	93.10
84	0.82	1.09	5.10	92.99
85	0.91	1.08	5.15	92.86
86	0.95	1.08	5.20	92.78
87	0.86	1.21	5.28	92.65
88	0.95	1.12	5.25	92.68
89	1.00	1.17	5.46	92.37
90	0.97	1.29	5.31	92.43
91	1.00	1.36	5.56	92.08
92	1.00	1.37	5.48	92.15
93	1.07	1.45	5.79	91.69
94	1.04	1.34	5.59	92.03
95	1.35	1.79	7.06	89.79




