Parameters
	Library type	Single-end
	Input file	/Volumes/wdhd/users/joaks1/projects/gekgo/data/genomes/msg/plate2/demultiplexed-raw/fastq/CDS_6047_Gekko_mindorensis_Luzon_R1.fq
	Primer/Adaptor library	NA
	Cut-off read length for HQ	70%
	Cut-off quality score	20
	Only statistics	On
	Number of processes	2


QC statistics
	File name	CDS_6047_Gekko_mindorensis_Luzon_R1.fq
	Total number of reads	1555753
	Total number of HQ reads	1538866
	Percentage of HQ reads	98.91%
	Total number of bases	147796535
	Total number of bases in HQ reads	146192270
	Total number of HQ bases in HQ reads	144962163
	Percentage of HQ bases in HQ reads	99.16%
	Number of Primer/Adaptor contaminated HQ reads	NA
	Total number of HQ filtered reads	1538866
	Percentage of HQ filtered reads	98.91%


Detailed QC statistics
	File name	CDS_6047_Gekko_mindorensis_Luzon_R1.fq
	Minimum read length	95
	Maximum read length	95
	Average read length	95.00
	Total number of reads	1555753
	Total number of reads with non-ATGC bases	1372
	Percentage of reads with non-ATGC bases	0.09%
	Total number of bases	147796535
	Total number of HQ bases	145826387
	Percentage of HQ bases	98.67%
	Total number of non-ATGC bases	31975
	Percentage of non-ATGC bases	0.02%


Average quality score at each base position of input reads

CDS_6047_Gekko_mindorensis_Luzon_R1.fq
35.95	36.86	36.91	36.93	36.75	36.70	36.67	38.94	38.96	38.96	38.93	38.82	38.90	38.92	38.93	38.87	38.87	38.81	38.88	38.77	38.75	38.75	38.72	38.73	38.69	38.61	38.57	38.60	38.62	38.54	38.56	38.57	38.46	38.52	38.49	38.40	38.45	38.38	38.35	38.27	38.31	38.28	38.25	38.25	38.16	38.27	38.34	38.36	38.33	38.30	38.22	38.17	38.12	38.10	38.05	37.94	37.97	37.96	37.91	37.83	37.74	37.64	37.54	37.43	37.30	37.17	37.05	36.90	36.75	34.81	35.65	36.13	36.18	36.13	36.04	35.90	35.79	35.69	35.61	35.54	35.49	35.43	35.39	35.33	35.30	35.24	35.20	35.16	35.12	35.07	35.05	35.02	35.01	34.95	34.28	




Read count (%) per base for different quality score ranges

	CDS_6047_Gekko_mindorensis_Luzon_R1.fq
Ranges	0-10	11-20	21-30	31-40
Base
1	0.00	0.67	1.12	98.21
2	0.00	0.20	0.31	99.50
3	0.00	0.14	0.24	99.61
4	0.00	0.10	0.21	99.69
5	0.00	0.19	0.95	98.86
6	0.00	0.29	1.03	98.67
7	0.00	0.35	1.13	98.52
8	0.01	0.42	1.24	98.34
9	0.01	0.40	1.21	98.38
10	0.02	0.45	1.31	98.22
11	0.02	0.46	1.31	98.21
12	0.02	0.52	1.40	98.06
13	0.02	0.53	1.40	98.04
14	0.02	0.53	1.39	98.06
15	0.02	0.50	1.38	98.10
16	0.02	0.52	1.37	98.09
17	0.03	0.56	1.41	98.00
18	0.03	0.63	1.52	97.82
19	0.04	0.52	1.42	98.02
20	0.11	0.70	1.49	97.70
21	0.12	0.74	1.48	97.66
22	0.15	0.70	1.45	97.69
23	0.18	0.75	1.50	97.58
24	0.18	0.68	1.50	97.63
25	0.23	0.70	1.53	97.55
26	0.26	0.72	1.65	97.37
27	0.33	0.77	1.67	97.22
28	0.34	0.68	1.64	97.34
29	0.35	0.60	1.56	97.49
30	0.43	0.63	1.70	97.25
31	0.48	0.63	1.69	97.20
32	0.49	0.59	1.70	97.22
33	0.58	0.65	1.79	96.98
34	0.50	0.62	1.78	97.11
35	0.54	0.61	1.78	97.07
36	0.57	0.64	1.90	96.88
37	0.59	0.62	1.85	96.95
38	0.59	0.66	1.94	96.81
39	0.64	0.68	1.95	96.73
40	0.62	0.70	2.11	96.57
41	0.62	0.67	2.05	96.65
42	0.63	0.72	2.10	96.55
43	0.65	0.71	2.18	96.47
44	0.65	0.69	2.17	96.49
45	0.72	0.73	2.34	96.22
46	0.63	0.68	2.08	96.61
47	0.60	0.67	2.09	96.64
48	0.61	0.64	2.10	96.66
49	0.64	0.66	2.14	96.56
50	0.63	0.69	2.27	96.41
51	0.66	0.70	2.43	96.21
52	0.62	0.68	2.61	96.09
53	0.67	0.69	2.65	95.99
54	0.66	0.69	2.69	95.96
55	0.68	0.71	2.70	95.91
56	0.74	0.73	2.89	95.64
57	0.68	0.73	2.77	95.82
58	0.64	0.71	2.80	95.84
59	0.63	0.74	2.87	95.75
60	0.68	0.73	2.94	95.66
61	0.70	0.77	2.99	95.54
62	0.69	0.78	3.12	95.41
63	0.71	0.76	3.15	95.38
64	0.73	0.81	3.23	95.23
65	0.74	0.82	3.38	95.06
66	0.77	0.82	3.48	94.93
67	0.79	0.85	3.44	94.91
68	0.83	0.87	3.51	94.80
69	0.80	0.84	3.61	94.75
70	0.90	1.26	7.32	90.51
71	0.85	1.05	4.90	93.20
72	0.82	0.96	4.26	93.97
73	0.86	0.92	4.04	94.18
74	0.80	0.92	4.00	94.28
75	0.83	0.91	3.90	94.36
76	0.84	0.94	4.03	94.19
77	0.86	0.97	4.08	94.09
78	0.86	0.98	4.15	94.01
79	0.89	1.00	4.26	93.85
80	0.89	1.00	4.37	93.75
81	0.90	1.01	4.43	93.66
82	0.93	1.05	4.52	93.50
83	0.95	1.06	4.58	93.41
84	0.98	1.08	4.65	93.30
85	0.97	1.10	4.72	93.21
86	1.01	1.13	4.80	93.07
87	1.02	1.16	4.87	92.95
88	1.04	1.20	4.94	92.82
89	1.08	1.23	4.98	92.71
90	1.09	1.30	5.09	92.52
91	1.11	1.33	5.10	92.46
92	1.16	1.35	5.13	92.36
93	1.15	1.38	5.15	92.32
94	1.18	1.44	5.28	92.10
95	1.46	1.79	6.79	89.96




