Parameters
	Library type	Single-end
	Input file	/Volumes/wdhd/users/joaks1/projects/gekgo/data/genomes/msg/plate2/demultiplexed-raw/fastq/CDS_591_Gekko_mindorensis_Caluya_R1.fq
	Primer/Adaptor library	NA
	Cut-off read length for HQ	70%
	Cut-off quality score	20
	Only statistics	On
	Number of processes	2


QC statistics
	File name	CDS_591_Gekko_mindorensis_Caluya_R1.fq
	Total number of reads	1220974
	Total number of HQ reads	1206516
	Percentage of HQ reads	98.82%
	Total number of bases	115992530
	Total number of bases in HQ reads	114619020
	Total number of HQ bases in HQ reads	113607409
	Percentage of HQ bases in HQ reads	99.12%
	Number of Primer/Adaptor contaminated HQ reads	NA
	Total number of HQ filtered reads	1206516
	Percentage of HQ filtered reads	98.82%


Detailed QC statistics
	File name	CDS_591_Gekko_mindorensis_Caluya_R1.fq
	Minimum read length	95
	Maximum read length	95
	Average read length	95.00
	Total number of reads	1220974
	Total number of reads with non-ATGC bases	1065
	Percentage of reads with non-ATGC bases	0.09%
	Total number of bases	115992530
	Total number of HQ bases	114321563
	Percentage of HQ bases	98.56%
	Total number of non-ATGC bases	23942
	Percentage of non-ATGC bases	0.02%


Average quality score at each base position of input reads

CDS_591_Gekko_mindorensis_Caluya_R1.fq
36.77	36.86	36.90	36.92	36.75	36.69	36.66	38.89	38.91	38.90	38.85	38.74	38.80	38.81	38.79	38.74	38.75	38.70	38.75	38.64	38.64	38.62	38.56	38.58	38.52	38.45	38.40	38.44	38.45	38.37	38.39	38.39	38.28	38.33	38.30	38.21	38.24	38.17	38.14	37.99	38.09	38.02	37.97	37.97	37.87	38.04	38.12	38.14	38.09	38.05	37.98	37.92	37.85	37.79	37.73	37.58	37.63	37.62	37.54	37.45	37.35	37.22	37.09	36.95	36.77	36.60	36.47	36.33	36.16	34.25	35.11	35.55	35.61	35.60	35.57	35.49	35.42	35.36	35.31	35.24	35.22	35.18	35.13	35.08	35.06	35.01	34.95	34.92	34.88	34.83	34.81	34.78	34.78	34.70	34.00	




Read count (%) per base for different quality score ranges

	CDS_591_Gekko_mindorensis_Caluya_R1.fq
Ranges	0-10	11-20	21-30	31-40
Base
1	0.00	0.44	0.52	99.05
2	0.00	0.23	0.33	99.44
3	0.00	0.17	0.28	99.55
4	0.00	0.11	0.21	99.68
5	0.00	0.17	0.91	98.92
6	0.00	0.28	1.03	98.68
7	0.00	0.34	1.15	98.52
8	0.01	0.40	1.26	98.33
9	0.02	0.37	1.24	98.37
10	0.02	0.41	1.34	98.23
11	0.02	0.44	1.36	98.18
12	0.02	0.51	1.47	98.01
13	0.02	0.51	1.44	98.04
14	0.03	0.49	1.44	98.04
15	0.02	0.48	1.44	98.06
16	0.03	0.49	1.44	98.04
17	0.04	0.54	1.47	97.95
18	0.05	0.58	1.60	97.77
19	0.06	0.52	1.49	97.93
20	0.13	0.66	1.57	97.64
21	0.19	0.67	1.54	97.61
22	0.23	0.63	1.54	97.59
23	0.28	0.68	1.64	97.40
24	0.30	0.61	1.60	97.49
25	0.37	0.62	1.64	97.37
26	0.42	0.62	1.76	97.20
27	0.53	0.63	1.80	97.05
28	0.48	0.59	1.74	97.19
29	0.48	0.54	1.68	97.30
30	0.53	0.58	1.83	97.06
31	0.56	0.60	1.80	97.03
32	0.53	0.62	1.84	97.01
33	0.63	0.67	1.99	96.71
34	0.56	0.62	1.92	96.89
35	0.61	0.64	1.97	96.78
36	0.64	0.67	2.10	96.59
37	0.66	0.66	2.06	96.62
38	0.66	0.67	2.21	96.46
39	0.70	0.71	2.21	96.38
40	0.72	0.77	2.51	96.00
41	0.69	0.70	2.32	96.29
42	0.71	0.75	2.48	96.05
43	0.72	0.75	2.54	95.98
44	0.72	0.74	2.54	96.00
45	0.78	0.80	2.80	95.62
46	0.67	0.73	2.42	96.18
47	0.69	0.68	2.40	96.23
48	0.67	0.70	2.46	96.17
49	0.69	0.70	2.54	96.06
50	0.71	0.71	2.66	95.91
51	0.71	0.75	2.80	95.74
52	0.70	0.73	3.01	95.56
53	0.76	0.73	3.05	95.46
54	0.75	0.74	3.15	95.35
55	0.75	0.76	3.20	95.29
56	0.81	0.80	3.45	94.94
57	0.77	0.77	3.18	95.28
58	0.74	0.77	3.14	95.35
59	0.72	0.79	3.25	95.23
60	0.76	0.79	3.27	95.18
61	0.73	0.79	3.34	95.14
62	0.76	0.82	3.40	95.02
63	0.77	0.81	3.46	94.96
64	0.78	0.83	3.59	94.81
65	0.83	0.84	3.72	94.62
66	0.87	0.87	3.92	94.34
67	0.87	0.90	3.91	94.32
68	0.90	0.92	3.92	94.27
69	0.88	0.91	4.05	94.15
70	1.00	1.34	8.40	89.26
71	0.94	1.14	5.52	92.41
72	0.91	1.02	4.76	93.32
73	0.94	0.99	4.51	93.57
74	0.89	0.99	4.41	93.71
75	0.92	0.96	4.26	93.86
76	0.93	0.99	4.40	93.68
77	0.95	1.04	4.44	93.57
78	0.95	1.05	4.60	93.40
79	0.97	1.06	4.69	93.28
80	0.99	1.09	4.82	93.10
81	0.96	1.12	4.88	93.04
82	1.01	1.13	4.95	92.91
83	1.05	1.14	5.05	92.75
84	1.07	1.19	5.15	92.58
85	1.08	1.18	5.15	92.59
86	1.13	1.25	5.20	92.42
87	1.13	1.30	5.36	92.21
88	1.18	1.35	5.33	92.14
89	1.21	1.39	5.41	91.99
90	1.25	1.46	5.48	91.81
91	1.25	1.50	5.52	91.73
92	1.31	1.55	5.51	91.64
93	1.30	1.57	5.57	91.56
94	1.35	1.69	5.74	91.23
95	1.62	2.06	7.33	88.99




