Parameters
	Library type	Single-end
	Input file	/Volumes/wdhd/users/joaks1/projects/gekgo/data/genomes/msg/plate2/demultiplexed-raw/fastq/ELR_682_Cyrtodactylus_philippinicus_Mindoro_R1.fq
	Primer/Adaptor library	NA
	Cut-off read length for HQ	70%
	Cut-off quality score	20
	Only statistics	On
	Number of processes	2


QC statistics
	File name	ELR_682_Cyrtodactylus_philippinicus_Mindoro_R1.fq
	Total number of reads	1319302
	Total number of HQ reads	1307848
	Percentage of HQ reads	99.13%
	Total number of bases	125333690
	Total number of bases in HQ reads	124245560
	Total number of HQ bases in HQ reads	123234983
	Percentage of HQ bases in HQ reads	99.19%
	Number of Primer/Adaptor contaminated HQ reads	NA
	Total number of HQ filtered reads	1307848
	Percentage of HQ filtered reads	99.13%


Detailed QC statistics
	File name	ELR_682_Cyrtodactylus_philippinicus_Mindoro_R1.fq
	Minimum read length	95
	Maximum read length	95
	Average read length	95.00
	Total number of reads	1319302
	Total number of reads with non-ATGC bases	1182
	Percentage of reads with non-ATGC bases	0.09%
	Total number of bases	125333690
	Total number of HQ bases	123846811
	Percentage of HQ bases	98.81%
	Total number of non-ATGC bases	28284
	Percentage of non-ATGC bases	0.02%


Average quality score at each base position of input reads

ELR_682_Cyrtodactylus_philippinicus_Mindoro_R1.fq
36.25	36.88	36.92	36.94	36.76	36.70	36.67	39.04	38.99	38.95	38.90	38.86	38.92	38.94	38.91	38.89	38.87	38.78	38.86	38.78	38.74	38.76	38.78	38.78	38.70	38.63	38.60	38.59	38.64	38.55	38.59	38.60	38.49	38.54	38.49	38.43	38.46	38.46	38.41	38.38	38.36	38.30	38.26	38.24	38.20	38.34	38.38	38.35	38.34	38.30	38.28	38.20	38.17	38.10	38.06	37.99	38.03	37.98	37.90	37.84	37.78	37.70	37.60	37.45	37.36	37.22	37.12	37.01	36.86	34.96	35.75	36.20	36.25	36.19	36.10	35.98	35.88	35.80	35.72	35.64	35.57	35.49	35.43	35.38	35.32	35.27	35.23	35.21	35.18	35.12	35.08	35.05	35.04	35.03	34.37	




Read count (%) per base for different quality score ranges

	ELR_682_Cyrtodactylus_philippinicus_Mindoro_R1.fq
Ranges	0-10	11-20	21-30	31-40
Base
1	0.00	0.55	0.87	98.58
2	0.00	0.18	0.25	99.57
3	0.00	0.13	0.21	99.66
4	0.00	0.10	0.17	99.73
5	0.00	0.16	0.91	98.93
6	0.00	0.28	1.03	98.68
7	0.00	0.35	1.10	98.55
8	0.01	0.35	1.16	98.48
9	0.02	0.40	1.25	98.33
10	0.02	0.45	1.32	98.20
11	0.01	0.46	1.32	98.21
12	0.01	0.49	1.37	98.12
13	0.02	0.50	1.36	98.12
14	0.02	0.49	1.35	98.14
15	0.02	0.49	1.40	98.09
16	0.02	0.49	1.35	98.15
17	0.03	0.55	1.38	98.04
18	0.04	0.62	1.56	97.79
19	0.04	0.50	1.39	98.07
20	0.08	0.67	1.44	97.81
21	0.08	0.71	1.49	97.72
22	0.10	0.65	1.44	97.81
23	0.10	0.66	1.44	97.80
24	0.12	0.64	1.44	97.80
25	0.16	0.68	1.50	97.66
26	0.19	0.67	1.62	97.51
27	0.26	0.71	1.61	97.42
28	0.26	0.64	1.62	97.48
29	0.27	0.56	1.53	97.63
30	0.36	0.58	1.66	97.40
31	0.39	0.57	1.61	97.43
32	0.39	0.54	1.63	97.45
33	0.51	0.60	1.73	97.16
34	0.41	0.58	1.73	97.29
35	0.46	0.58	1.78	97.18
36	0.47	0.58	1.84	97.11
37	0.49	0.58	1.80	97.13
38	0.50	0.59	1.85	97.06
39	0.50	0.61	1.95	96.94
40	0.49	0.62	1.98	96.91
41	0.52	0.61	2.05	96.83
42	0.56	0.66	2.13	96.66
43	0.55	0.67	2.20	96.59
44	0.56	0.67	2.22	96.55
45	0.59	0.68	2.30	96.43
46	0.52	0.62	2.04	96.82
47	0.50	0.61	2.05	96.85
48	0.55	0.64	2.13	96.69
49	0.52	0.61	2.19	96.68
50	0.57	0.63	2.26	96.54
51	0.56	0.61	2.35	96.48
52	0.57	0.64	2.47	96.32
53	0.59	0.63	2.50	96.28
54	0.58	0.66	2.71	96.04
55	0.58	0.66	2.70	96.07
56	0.61	0.67	2.80	95.93
57	0.58	0.64	2.65	96.13
58	0.59	0.66	2.78	95.98
59	0.56	0.70	2.93	95.80
60	0.60	0.69	2.92	95.79
61	0.58	0.70	2.98	95.74
62	0.58	0.68	3.07	95.68
63	0.60	0.67	3.13	95.59
64	0.62	0.72	3.45	95.21
65	0.62	0.72	3.28	95.38
66	0.65	0.74	3.42	95.20
67	0.62	0.76	3.45	95.17
68	0.64	0.76	3.47	95.13
69	0.66	0.78	3.68	94.89
70	0.74	1.12	7.35	90.79
71	0.70	0.94	4.91	93.45
72	0.69	0.87	4.21	94.23
73	0.69	0.85	3.99	94.47
74	0.68	0.83	3.93	94.56
75	0.70	0.83	3.91	94.56
76	0.74	0.86	4.05	94.35
77	0.73	0.87	4.11	94.29
78	0.73	0.88	4.15	94.24
79	0.74	0.90	4.18	94.18
80	0.75	0.90	4.35	94.00
81	0.76	0.92	4.41	93.91
82	0.79	0.94	4.56	93.71
83	0.83	0.98	4.62	93.57
84	0.82	1.02	4.71	93.45
85	0.87	1.04	4.78	93.31
86	0.89	1.07	4.89	93.15
87	0.90	1.12	4.94	93.03
88	0.89	1.12	5.00	92.98
89	0.91	1.17	5.01	92.91
90	0.94	1.22	5.18	92.66
91	0.95	1.24	5.30	92.50
92	0.99	1.30	5.27	92.45
93	1.00	1.31	5.30	92.40
94	0.99	1.34	5.28	92.40
95	1.28	1.66	6.92	90.14




