Parameters
	Library type	Single-end
	Input file	/Volumes/wdhd/users/joaks1/projects/gekgo/data/genomes/msg/plate2/demultiplexed-raw/fastq/KUFS_13_Gekko_chinensis_China_R1.fq
	Primer/Adaptor library	NA
	Cut-off read length for HQ	70%
	Cut-off quality score	20
	Only statistics	On
	Number of processes	2


QC statistics
	File name	KUFS_13_Gekko_chinensis_China_R1.fq
	Total number of reads	1214362
	Total number of HQ reads	1200936
	Percentage of HQ reads	98.89%
	Total number of bases	115364390
	Total number of bases in HQ reads	114088920
	Total number of HQ bases in HQ reads	112921003
	Percentage of HQ bases in HQ reads	98.98%
	Number of Primer/Adaptor contaminated HQ reads	NA
	Total number of HQ filtered reads	1200936
	Percentage of HQ filtered reads	98.89%


Detailed QC statistics
	File name	KUFS_13_Gekko_chinensis_China_R1.fq
	Minimum read length	95
	Maximum read length	95
	Average read length	95.00
	Total number of reads	1214362
	Total number of reads with non-ATGC bases	1128
	Percentage of reads with non-ATGC bases	0.09%
	Total number of bases	115364390
	Total number of HQ bases	113629325
	Percentage of HQ bases	98.50%
	Total number of non-ATGC bases	25276
	Percentage of non-ATGC bases	0.02%


Average quality score at each base position of input reads

KUFS_13_Gekko_chinensis_China_R1.fq
36.64	36.83	36.88	36.91	36.71	36.64	36.60	38.67	38.75	38.82	38.73	38.71	38.71	38.70	38.72	38.61	38.56	38.54	38.68	38.48	38.48	38.52	38.56	38.57	38.52	38.44	38.40	38.36	38.44	38.37	38.34	38.36	38.27	38.24	38.27	38.13	38.17	38.16	38.10	37.57	37.69	37.67	37.70	37.71	37.60	37.84	37.94	37.90	37.88	37.75	37.69	37.57	37.57	37.41	37.41	37.34	37.23	37.16	37.16	37.07	37.03	36.95	36.81	36.65	36.49	36.33	36.16	36.11	35.97	33.96	34.91	35.51	35.55	35.45	35.46	35.40	35.37	35.22	35.05	35.08	35.03	35.05	35.04	34.99	34.91	34.91	34.84	34.80	34.69	34.78	34.73	34.74	34.70	34.65	33.77	




Read count (%) per base for different quality score ranges

	KUFS_13_Gekko_chinensis_China_R1.fq
Ranges	0-10	11-20	21-30	31-40
Base
1	0.00	0.56	0.70	98.74
2	0.00	0.29	0.39	99.31
3	0.00	0.21	0.33	99.46
4	0.00	0.13	0.25	99.62
5	0.00	0.22	1.07	98.71
6	0.00	0.34	1.26	98.40
7	0.00	0.41	1.36	98.23
8	0.02	0.55	1.56	97.86
9	0.03	0.45	1.42	98.10
10	0.02	0.50	1.53	97.95
11	0.02	0.56	1.61	97.81
12	0.02	0.55	1.62	97.80
13	0.02	0.57	1.64	97.77
14	0.03	0.59	1.65	97.73
15	0.03	0.55	1.61	97.81
16	0.04	0.61	1.68	97.68
17	0.05	0.68	1.70	97.57
18	0.07	0.71	1.85	97.37
19	0.07	0.55	1.64	97.75
20	0.15	0.80	1.80	97.25
21	0.18	0.75	1.79	97.28
22	0.24	0.68	1.75	97.33
23	0.26	0.66	1.75	97.33
24	0.29	0.62	1.73	97.36
25	0.35	0.60	1.77	97.27
26	0.38	0.60	1.84	97.18
27	0.47	0.63	1.92	96.97
28	0.48	0.66	1.95	96.91
29	0.42	0.55	1.79	97.24
30	0.50	0.59	1.91	97.01
31	0.52	0.62	2.02	96.84
32	0.50	0.59	1.97	96.93
33	0.58	0.66	2.10	96.66
34	0.55	0.68	2.17	96.60
35	0.54	0.64	2.12	96.70
36	0.67	0.71	2.38	96.24
37	0.60	0.68	2.35	96.37
38	0.70	0.71	2.35	96.24
39	0.62	0.72	2.50	96.16
40	0.76	1.05	4.21	93.98
41	0.67	0.83	3.15	95.35
42	0.69	0.83	3.07	95.40
43	0.67	0.82	3.04	95.47
44	0.71	0.85	3.04	95.41
45	0.72	0.84	3.42	95.01
46	0.67	0.76	2.82	95.74
47	0.60	0.68	2.69	96.03
48	0.62	0.69	2.81	95.88
49	0.60	0.70	2.81	95.89
50	0.71	0.78	3.03	95.47
51	0.69	0.75	3.14	95.42
52	0.79	0.78	3.28	95.15
53	0.70	0.75	3.35	95.20
54	0.79	0.83	3.54	94.84
55	0.77	0.81	3.51	94.91
56	0.74	0.81	3.76	94.69
57	0.86	0.84	3.65	94.64
58	0.86	0.85	3.70	94.59
59	0.71	0.84	3.80	94.66
60	0.83	0.86	3.78	94.54
61	0.79	0.88	3.69	94.64
62	0.72	0.83	3.84	94.61
63	0.82	0.85	3.87	94.46
64	0.77	0.88	4.05	94.30
65	0.89	0.92	4.13	94.07
66	0.95	0.97	4.24	93.84
67	0.98	1.02	4.40	93.60
68	0.91	1.03	4.34	93.73
69	0.88	1.08	4.44	93.61
70	0.96	1.56	9.69	87.80
71	0.86	1.18	6.24	91.72
72	0.87	1.03	5.20	92.90
73	0.88	1.03	4.94	93.16
74	0.91	1.08	5.02	93.00
75	0.89	1.05	4.87	93.19
76	0.90	1.10	4.97	93.02
77	0.93	1.10	4.96	93.02
78	0.96	1.14	5.15	92.75
79	1.03	1.22	5.62	92.14
80	0.99	1.20	5.47	92.35
81	1.02	1.25	5.55	92.19
82	1.02	1.23	5.44	92.31
83	1.05	1.22	5.40	92.33
84	1.04	1.27	5.43	92.27
85	1.08	1.35	5.59	91.98
86	1.10	1.35	5.60	91.95
87	1.12	1.40	5.75	91.73
88	1.16	1.47	5.92	91.45
89	1.28	1.62	6.15	90.95
90	1.19	1.55	5.89	91.38
91	1.21	1.57	6.03	91.19
92	1.24	1.59	5.93	91.23
93	1.30	1.67	6.03	91.01
94	1.30	1.67	6.03	91.00
95	1.66	2.19	8.06	88.09




