Parameters
	Library type	Single-end
	Input file	/Volumes/wdhd/users/joaks1/projects/gekgo/data/genomes/msg/plate2/demultiplexed-raw/fastq/KUFS_16_Gekko_chinensis_China_R1.fq
	Primer/Adaptor library	NA
	Cut-off read length for HQ	70%
	Cut-off quality score	20
	Only statistics	On
	Number of processes	2


QC statistics
	File name	KUFS_16_Gekko_chinensis_China_R1.fq
	Total number of reads	4581043
	Total number of HQ reads	4536529
	Percentage of HQ reads	99.03%
	Total number of bases	435199085
	Total number of bases in HQ reads	430970255
	Total number of HQ bases in HQ reads	427129590
	Percentage of HQ bases in HQ reads	99.11%
	Number of Primer/Adaptor contaminated HQ reads	NA
	Total number of HQ filtered reads	4536529
	Percentage of HQ filtered reads	99.03%


Detailed QC statistics
	File name	KUFS_16_Gekko_chinensis_China_R1.fq
	Minimum read length	95
	Maximum read length	95
	Average read length	95.00
	Total number of reads	4581043
	Total number of reads with non-ATGC bases	4123
	Percentage of reads with non-ATGC bases	0.09%
	Total number of bases	435199085
	Total number of HQ bases	429482194
	Percentage of HQ bases	98.69%
	Total number of non-ATGC bases	92152
	Percentage of non-ATGC bases	0.02%


Average quality score at each base position of input reads

KUFS_16_Gekko_chinensis_China_R1.fq
36.80	36.88	36.91	36.93	36.75	36.69	36.65	38.77	38.86	38.94	38.86	38.84	38.88	38.88	38.90	38.79	38.76	38.72	38.84	38.66	38.67	38.70	38.74	38.75	38.72	38.63	38.59	38.56	38.63	38.57	38.53	38.55	38.47	38.46	38.50	38.36	38.41	38.40	38.34	37.89	37.96	37.94	38.00	38.01	37.91	38.10	38.20	38.17	38.17	38.07	38.03	37.93	37.91	37.77	37.76	37.70	37.61	37.56	37.58	37.50	37.47	37.42	37.30	37.16	37.04	36.92	36.78	36.73	36.57	34.51	35.44	36.06	36.09	35.97	35.96	35.87	35.80	35.69	35.50	35.50	35.38	35.34	35.33	35.28	35.20	35.19	35.12	35.06	34.98	35.04	34.99	35.00	34.96	34.93	34.13	




Read count (%) per base for different quality score ranges

	KUFS_16_Gekko_chinensis_China_R1.fq
Ranges	0-10	11-20	21-30	31-40
Base
1	0.00	0.35	0.48	99.17
2	0.00	0.19	0.29	99.52
3	0.00	0.13	0.25	99.61
4	0.00	0.10	0.20	99.70
5	0.00	0.17	0.93	98.90
6	0.00	0.29	1.08	98.62
7	0.00	0.36	1.21	98.42
8	0.02	0.49	1.38	98.12
9	0.02	0.39	1.25	98.34
10	0.02	0.43	1.35	98.19
11	0.01	0.48	1.40	98.10
12	0.02	0.50	1.39	98.09
13	0.02	0.51	1.41	98.05
14	0.02	0.53	1.44	98.01
15	0.02	0.47	1.39	98.12
16	0.02	0.52	1.46	98.00
17	0.03	0.59	1.47	97.91
18	0.04	0.63	1.62	97.71
19	0.04	0.50	1.42	98.04
20	0.09	0.74	1.55	97.62
21	0.12	0.69	1.56	97.64
22	0.14	0.64	1.50	97.71
23	0.14	0.66	1.51	97.70
24	0.16	0.63	1.51	97.70
25	0.19	0.63	1.51	97.68
26	0.22	0.64	1.60	97.54
27	0.30	0.67	1.64	97.39
28	0.32	0.67	1.68	97.33
29	0.30	0.54	1.55	97.62
30	0.38	0.55	1.63	97.45
31	0.42	0.57	1.73	97.27
32	0.40	0.54	1.70	97.35
33	0.50	0.58	1.77	97.15
34	0.48	0.60	1.83	97.09
35	0.47	0.56	1.74	97.24
36	0.59	0.63	1.97	96.81
37	0.53	0.59	1.94	96.94
38	0.62	0.62	1.94	96.82
39	0.54	0.64	2.08	96.75
40	0.66	0.87	3.73	94.74
41	0.57	0.73	2.56	96.14
42	0.60	0.74	2.57	96.10
43	0.60	0.70	2.48	96.22
44	0.62	0.73	2.45	96.20
45	0.64	0.75	2.75	95.86
46	0.60	0.69	2.31	96.40
47	0.54	0.61	2.16	96.70
48	0.56	0.62	2.22	96.61
49	0.53	0.62	2.25	96.59
50	0.64	0.70	2.43	96.24
51	0.61	0.66	2.52	96.21
52	0.70	0.70	2.64	95.96
53	0.60	0.67	2.71	96.02
54	0.69	0.72	2.85	95.74
55	0.68	0.73	2.85	95.74
56	0.66	0.72	3.11	95.51
57	0.77	0.75	3.02	95.46
58	0.77	0.76	3.09	95.38
59	0.62	0.76	3.19	95.43
60	0.74	0.76	3.17	95.33
61	0.71	0.77	3.12	95.39
62	0.63	0.73	3.26	95.38
63	0.73	0.75	3.31	95.21
64	0.69	0.78	3.44	95.09
65	0.77	0.81	3.53	94.89
66	0.84	0.84	3.62	94.70
67	0.86	0.89	3.74	94.51
68	0.79	0.90	3.70	94.61
69	0.78	0.95	3.82	94.45
70	0.86	1.36	8.27	89.51
71	0.77	1.06	5.32	92.85
72	0.78	0.92	4.40	93.89
73	0.79	0.92	4.16	94.13
74	0.80	0.94	4.28	93.98
75	0.79	0.91	4.13	94.17
76	0.81	0.95	4.26	93.97
77	0.82	0.96	4.25	93.97
78	0.85	0.98	4.41	93.75
79	0.91	1.04	4.66	93.39
80	0.89	1.03	4.66	93.42
81	0.90	1.06	4.74	93.29
82	0.92	1.05	4.71	93.32
83	0.93	1.05	4.69	93.33
84	0.92	1.08	4.70	93.29
85	0.96	1.14	4.85	93.05
86	0.99	1.14	4.86	93.02
87	1.00	1.20	5.05	92.75
88	1.02	1.27	5.26	92.45
89	1.09	1.39	5.42	92.09
90	1.05	1.33	5.25	92.37
91	1.09	1.32	5.35	92.24
92	1.10	1.35	5.24	92.30
93	1.16	1.41	5.38	92.06
94	1.16	1.41	5.39	92.04
95	1.49	1.86	7.17	89.49




