Parameters
	Library type	Single-end
	Input file	/Volumes/wdhd/users/joaks1/projects/gekgo/data/genomes/msg/plate2/demultiplexed-raw/fastq/KUFS_14_Gekko_chinensis_China_R1.fq
	Primer/Adaptor library	NA
	Cut-off read length for HQ	70%
	Cut-off quality score	20
	Only statistics	On
	Number of processes	2


QC statistics
	File name	KUFS_14_Gekko_chinensis_China_R1.fq
	Total number of reads	2160316
	Total number of HQ reads	2139160
	Percentage of HQ reads	99.02%
	Total number of bases	205230020
	Total number of bases in HQ reads	203220200
	Total number of HQ bases in HQ reads	201402721
	Percentage of HQ bases in HQ reads	99.11%
	Number of Primer/Adaptor contaminated HQ reads	NA
	Total number of HQ filtered reads	2139160
	Percentage of HQ filtered reads	99.02%


Detailed QC statistics
	File name	KUFS_14_Gekko_chinensis_China_R1.fq
	Minimum read length	95
	Maximum read length	95
	Average read length	95.00
	Total number of reads	2160316
	Total number of reads with non-ATGC bases	1820
	Percentage of reads with non-ATGC bases	0.08%
	Total number of bases	205230020
	Total number of HQ bases	202523408
	Percentage of HQ bases	98.68%
	Total number of non-ATGC bases	41279
	Percentage of non-ATGC bases	0.02%


Average quality score at each base position of input reads

KUFS_14_Gekko_chinensis_China_R1.fq
36.75	36.90	36.91	36.93	36.75	36.70	36.66	38.87	38.93	38.97	38.90	38.86	38.90	38.90	38.92	38.84	38.80	38.77	38.87	38.71	38.70	38.74	38.76	38.77	38.74	38.64	38.61	38.59	38.65	38.59	38.57	38.59	38.51	38.49	38.52	38.38	38.44	38.42	38.40	38.06	38.11	38.08	38.10	38.08	38.01	38.12	38.23	38.23	38.23	38.09	38.10	37.96	37.96	37.83	37.78	37.75	37.65	37.59	37.63	37.52	37.48	37.45	37.31	37.21	37.06	36.92	36.80	36.73	36.59	34.59	35.47	36.05	36.09	35.99	35.97	35.88	35.79	35.69	35.52	35.50	35.42	35.37	35.35	35.30	35.21	35.20	35.15	35.09	35.02	35.07	35.02	35.03	34.98	34.95	34.19	




Read count (%) per base for different quality score ranges

	KUFS_14_Gekko_chinensis_China_R1.fq
Ranges	0-10	11-20	21-30	31-40
Base
1	0.00	0.37	0.52	99.11
2	0.00	0.15	0.26	99.60
3	0.00	0.11	0.25	99.63
4	0.00	0.10	0.22	99.68
5	0.00	0.17	0.94	98.89
6	0.00	0.27	1.06	98.66
7	0.00	0.35	1.17	98.48
8	0.02	0.43	1.29	98.26
9	0.02	0.38	1.19	98.41
10	0.02	0.42	1.34	98.22
11	0.01	0.47	1.37	98.15
12	0.02	0.49	1.40	98.09
13	0.02	0.51	1.41	98.06
14	0.02	0.52	1.41	98.04
15	0.02	0.46	1.39	98.13
16	0.02	0.51	1.44	98.03
17	0.03	0.60	1.46	97.91
18	0.04	0.64	1.57	97.76
19	0.04	0.49	1.41	98.06
20	0.09	0.73	1.54	97.64
21	0.10	0.71	1.52	97.67
22	0.13	0.64	1.47	97.76
23	0.13	0.66	1.51	97.70
24	0.15	0.64	1.48	97.72
25	0.18	0.65	1.49	97.68
26	0.20	0.65	1.60	97.54
27	0.27	0.69	1.64	97.40
28	0.31	0.68	1.67	97.35
29	0.29	0.55	1.54	97.63
30	0.37	0.56	1.63	97.44
31	0.41	0.57	1.68	97.34
32	0.39	0.55	1.66	97.41
33	0.49	0.58	1.75	97.18
34	0.48	0.60	1.81	97.11
35	0.46	0.56	1.74	97.24
36	0.60	0.63	1.94	96.83
37	0.52	0.59	1.91	96.98
38	0.62	0.63	1.92	96.82
39	0.52	0.62	2.03	96.83
40	0.60	0.80	3.22	95.38
41	0.55	0.70	2.40	96.35
42	0.59	0.71	2.39	96.31
43	0.59	0.70	2.40	96.31
44	0.63	0.74	2.38	96.26
45	0.63	0.74	2.63	96.00
46	0.67	0.72	2.33	96.28
47	0.55	0.63	2.17	96.65
48	0.54	0.61	2.18	96.67
49	0.54	0.61	2.20	96.65
50	0.70	0.74	2.43	96.13
51	0.59	0.66	2.48	96.28
52	0.76	0.72	2.62	95.90
53	0.60	0.67	2.73	95.99
54	0.73	0.72	2.84	95.71
55	0.76	0.79	2.88	95.57
56	0.65	0.72	3.19	95.44
57	0.86	0.77	3.03	95.34
58	0.87	0.79	3.07	95.28
59	0.60	0.77	3.24	95.38
60	0.81	0.78	3.21	95.21
61	0.80	0.81	3.16	95.22
62	0.63	0.73	3.33	95.30
63	0.77	0.79	3.32	95.12
64	0.66	0.77	3.46	95.10
65	0.82	0.82	3.54	94.82
66	0.91	0.88	3.62	94.59
67	0.93	0.92	3.71	94.44
68	0.84	0.97	3.70	94.49
69	0.81	1.01	3.81	94.37
70	0.87	1.42	8.03	89.69
71	0.78	1.09	5.37	92.76
72	0.78	0.93	4.42	93.86
73	0.80	0.91	4.17	94.12
74	0.80	0.94	4.21	94.05
75	0.77	0.91	4.06	94.25
76	0.80	0.94	4.19	94.07
77	0.82	0.95	4.21	94.02
78	0.86	0.98	4.38	93.78
79	0.89	1.03	4.58	93.50
80	0.90	1.02	4.54	93.55
81	0.88	1.05	4.64	93.43
82	0.91	1.05	4.64	93.40
83	0.91	1.05	4.62	93.41
84	0.91	1.09	4.67	93.34
85	0.96	1.14	4.85	93.05
86	0.96	1.16	4.85	93.03
87	0.99	1.20	4.96	92.85
88	1.01	1.25	5.19	92.54
89	1.08	1.35	5.31	92.26
90	1.04	1.30	5.18	92.49
91	1.07	1.30	5.24	92.39
92	1.08	1.33	5.20	92.39
93	1.14	1.38	5.30	92.18
94	1.15	1.39	5.39	92.07
95	1.46	1.81	7.10	89.63




