Parameters
	Library type	Single-end
	Input file	/Volumes/wdhd/users/joaks1/projects/gekgo/data/genomes/msg/plate2/demultiplexed-raw/fastq/KUFS_17_Gekko_chinensis_China_R1.fq
	Primer/Adaptor library	NA
	Cut-off read length for HQ	70%
	Cut-off quality score	20
	Only statistics	On
	Number of processes	2


QC statistics
	File name	KUFS_17_Gekko_chinensis_China_R1.fq
	Total number of reads	3051368
	Total number of HQ reads	3020760
	Percentage of HQ reads	99.00%
	Total number of bases	289879960
	Total number of bases in HQ reads	286972200
	Total number of HQ bases in HQ reads	284337688
	Percentage of HQ bases in HQ reads	99.08%
	Number of Primer/Adaptor contaminated HQ reads	NA
	Total number of HQ filtered reads	3020760
	Percentage of HQ filtered reads	99.00%


Detailed QC statistics
	File name	KUFS_17_Gekko_chinensis_China_R1.fq
	Minimum read length	95
	Maximum read length	95
	Average read length	95.00
	Total number of reads	3051368
	Total number of reads with non-ATGC bases	2653
	Percentage of reads with non-ATGC bases	0.09%
	Total number of bases	289879960
	Total number of HQ bases	285952141
	Percentage of HQ bases	98.65%
	Total number of non-ATGC bases	59814
	Percentage of non-ATGC bases	0.02%


Average quality score at each base position of input reads

KUFS_17_Gekko_chinensis_China_R1.fq
33.55	36.67	36.88	36.92	36.74	36.69	36.66	38.84	38.90	38.95	38.88	38.85	38.89	38.88	38.90	38.80	38.77	38.73	38.85	38.67	38.68	38.71	38.74	38.75	38.72	38.62	38.59	38.56	38.61	38.55	38.52	38.56	38.48	38.46	38.48	38.34	38.41	38.38	38.34	37.96	38.01	37.98	38.02	38.02	37.93	38.09	38.20	38.19	38.18	38.07	38.04	37.90	37.89	37.76	37.73	37.68	37.57	37.52	37.54	37.43	37.40	37.35	37.22	37.08	36.96	36.82	36.68	36.61	36.45	34.46	35.36	35.94	35.98	35.88	35.86	35.77	35.71	35.59	35.44	35.37	35.32	35.30	35.29	35.25	35.16	35.15	35.10	35.04	34.96	35.01	34.96	34.98	34.94	34.90	34.11	




Read count (%) per base for different quality score ranges

	KUFS_17_Gekko_chinensis_China_R1.fq
Ranges	0-10	11-20	21-30	31-40
Base
1	0.00	1.82	6.37	91.81
2	0.00	0.37	0.58	99.05
3	0.00	0.17	0.31	99.52
4	0.00	0.10	0.20	99.70
5	0.00	0.18	0.93	98.89
6	0.00	0.28	1.05	98.66
7	0.00	0.34	1.16	98.49
8	0.02	0.44	1.30	98.24
9	0.02	0.38	1.21	98.39
10	0.02	0.43	1.32	98.23
11	0.01	0.47	1.37	98.15
12	0.02	0.49	1.38	98.11
13	0.02	0.51	1.41	98.06
14	0.02	0.53	1.42	98.03
15	0.02	0.47	1.39	98.13
16	0.02	0.51	1.45	98.02
17	0.03	0.59	1.45	97.93
18	0.04	0.62	1.58	97.76
19	0.05	0.49	1.41	98.05
20	0.10	0.71	1.55	97.64
21	0.12	0.69	1.52	97.67
22	0.15	0.63	1.48	97.74
23	0.15	0.65	1.52	97.68
24	0.18	0.62	1.51	97.69
25	0.22	0.62	1.50	97.67
26	0.24	0.63	1.62	97.51
27	0.34	0.64	1.64	97.38
28	0.36	0.66	1.69	97.29
29	0.34	0.53	1.56	97.57
30	0.41	0.54	1.65	97.40
31	0.45	0.57	1.73	97.25
32	0.43	0.52	1.69	97.36
33	0.51	0.57	1.79	97.13
34	0.51	0.61	1.83	97.04
35	0.48	0.57	1.78	97.18
36	0.61	0.63	2.02	96.73
37	0.53	0.58	1.96	96.93
38	0.64	0.63	1.99	96.74
39	0.54	0.63	2.12	96.71
40	0.63	0.85	3.49	95.04
41	0.58	0.71	2.51	96.20
42	0.60	0.73	2.54	96.13
43	0.61	0.72	2.49	96.18
44	0.64	0.75	2.47	96.14
45	0.65	0.74	2.79	95.82
46	0.65	0.71	2.37	96.28
47	0.54	0.62	2.23	96.61
48	0.56	0.62	2.26	96.57
49	0.55	0.62	2.29	96.54
50	0.66	0.71	2.48	96.15
51	0.61	0.67	2.56	96.17
52	0.73	0.70	2.71	95.86
53	0.61	0.66	2.79	95.94
54	0.72	0.72	2.91	95.65
55	0.72	0.76	2.92	95.60
56	0.67	0.72	3.21	95.40
57	0.81	0.76	3.12	95.30
58	0.82	0.78	3.16	95.24
59	0.62	0.77	3.28	95.33
60	0.77	0.78	3.29	95.16
61	0.76	0.80	3.21	95.23
62	0.65	0.75	3.37	95.22
63	0.76	0.79	3.36	95.09
64	0.70	0.79	3.53	94.98
65	0.82	0.83	3.60	94.76
66	0.88	0.88	3.70	94.55
67	0.90	0.92	3.80	94.38
68	0.83	0.94	3.80	94.44
69	0.80	0.99	3.86	94.34
70	0.88	1.40	8.26	89.46
71	0.79	1.08	5.45	92.68
72	0.79	0.94	4.51	93.75
73	0.81	0.92	4.25	94.02
74	0.80	0.95	4.32	93.93
75	0.81	0.92	4.17	94.10
76	0.83	0.96	4.26	93.95
77	0.84	0.96	4.30	93.90
78	0.88	0.99	4.47	93.66
79	0.91	1.06	4.73	93.31
80	0.91	1.05	4.69	93.35
81	0.93	1.07	4.80	93.20
82	0.93	1.09	4.78	93.20
83	0.95	1.07	4.72	93.27
84	0.94	1.11	4.74	93.21
85	0.98	1.19	4.91	92.92
86	1.00	1.18	4.94	92.88
87	1.03	1.22	5.06	92.69
88	1.05	1.29	5.27	92.39
89	1.12	1.41	5.43	92.05
90	1.07	1.36	5.28	92.28
91	1.12	1.36	5.37	92.15
92	1.12	1.39	5.29	92.21
93	1.18	1.44	5.37	92.02
94	1.18	1.46	5.42	91.94
95	1.49	1.89	7.19	89.43




