Parameters
	Library type	Single-end
	Input file	/Volumes/wdhd/users/joaks1/projects/gekgo/data/genomes/msg/plate2/demultiplexed-raw/fastq/RMB_13764_Gekko_gecko_Luzon_R1.fq
	Primer/Adaptor library	NA
	Cut-off read length for HQ	70%
	Cut-off quality score	20
	Only statistics	On
	Number of processes	2


QC statistics
	File name	RMB_13764_Gekko_gecko_Luzon_R1.fq
	Total number of reads	4372162
	Total number of HQ reads	4328281
	Percentage of HQ reads	99.00%
	Total number of bases	415355390
	Total number of bases in HQ reads	411186695
	Total number of HQ bases in HQ reads	407588277
	Percentage of HQ bases in HQ reads	99.12%
	Number of Primer/Adaptor contaminated HQ reads	NA
	Total number of HQ filtered reads	4328281
	Percentage of HQ filtered reads	99.00%


Detailed QC statistics
	File name	RMB_13764_Gekko_gecko_Luzon_R1.fq
	Minimum read length	95
	Maximum read length	95
	Average read length	95.00
	Total number of reads	4372162
	Total number of reads with non-ATGC bases	3840
	Percentage of reads with non-ATGC bases	0.09%
	Total number of bases	415355390
	Total number of HQ bases	409891129
	Percentage of HQ bases	98.68%
	Total number of non-ATGC bases	87553
	Percentage of non-ATGC bases	0.02%


Average quality score at each base position of input reads

RMB_13764_Gekko_gecko_Luzon_R1.fq
36.60	36.89	36.92	36.93	36.74	36.69	36.65	38.98	38.98	38.93	38.87	38.83	38.89	38.86	38.86	38.83	38.80	38.74	38.80	38.71	38.67	38.67	38.66	38.71	38.62	38.55	38.49	38.52	38.52	38.48	38.50	38.49	38.38	38.45	38.41	38.34	38.39	38.38	38.27	38.17	38.22	38.19	38.19	38.16	38.10	38.26	38.29	38.29	38.25	38.21	38.19	38.14	38.08	38.02	37.98	37.87	37.91	37.89	37.81	37.71	37.63	37.56	37.45	37.33	37.18	37.03	36.93	36.80	36.66	34.78	35.52	35.94	35.99	35.93	35.86	35.77	35.66	35.58	35.50	35.42	35.37	35.30	35.26	35.21	35.17	35.15	35.09	35.03	34.99	34.96	34.94	34.92	34.91	34.86	34.14	




Read count (%) per base for different quality score ranges

	RMB_13764_Gekko_gecko_Luzon_R1.fq
Ranges	0-10	11-20	21-30	31-40
Base
1	0.00	0.41	0.62	98.96
2	0.00	0.14	0.25	99.61
3	0.00	0.10	0.22	99.68
4	0.00	0.09	0.19	99.72
5	0.00	0.18	0.99	98.84
6	0.00	0.30	1.08	98.62
7	0.00	0.36	1.17	98.46
8	0.01	0.39	1.25	98.35
9	0.02	0.41	1.25	98.32
10	0.02	0.46	1.36	98.16
11	0.01	0.49	1.41	98.08
12	0.01	0.50	1.43	98.05
13	0.02	0.51	1.42	98.05
14	0.02	0.55	1.46	97.97
15	0.02	0.52	1.46	98.00
16	0.02	0.55	1.44	97.99
17	0.03	0.60	1.50	97.87
18	0.04	0.65	1.62	97.70
19	0.04	0.56	1.51	97.89
20	0.09	0.72	1.56	97.63
21	0.09	0.76	1.57	97.58
22	0.12	0.71	1.54	97.64
23	0.13	0.75	1.59	97.53
24	0.14	0.68	1.53	97.66
25	0.20	0.73	1.63	97.44
26	0.23	0.73	1.73	97.32
27	0.32	0.76	1.73	97.20
28	0.31	0.68	1.71	97.30
29	0.32	0.62	1.67	97.38
30	0.41	0.62	1.77	97.21
31	0.46	0.61	1.73	97.19
32	0.46	0.59	1.77	97.18
33	0.57	0.66	1.89	96.87
34	0.48	0.61	1.82	97.09
35	0.52	0.63	1.87	96.97
36	0.52	0.65	1.99	96.84
37	0.55	0.63	1.89	96.93
38	0.54	0.64	1.94	96.89
39	0.57	0.70	2.08	96.64
40	0.59	0.74	2.26	96.41
41	0.58	0.67	2.18	96.57
42	0.63	0.71	2.25	96.41
43	0.62	0.70	2.27	96.41
44	0.64	0.71	2.33	96.33
45	0.65	0.73	2.44	96.19
46	0.58	0.66	2.17	96.59
47	0.58	0.66	2.18	96.59
48	0.59	0.65	2.24	96.52
49	0.58	0.67	2.35	96.41
50	0.61	0.68	2.42	96.29
51	0.61	0.67	2.47	96.25
52	0.61	0.69	2.58	96.12
53	0.63	0.69	2.70	95.98
54	0.64	0.70	2.81	95.85
55	0.64	0.70	2.90	95.75
56	0.68	0.74	3.06	95.52
57	0.64	0.71	2.90	95.75
58	0.62	0.71	2.95	95.72
59	0.63	0.76	3.07	95.55
60	0.67	0.76	3.21	95.36
61	0.67	0.76	3.19	95.37
62	0.65	0.76	3.26	95.32
63	0.69	0.76	3.34	95.21
64	0.70	0.77	3.44	95.09
65	0.72	0.81	3.55	94.91
66	0.74	0.82	3.66	94.79
67	0.74	0.83	3.64	94.78
68	0.75	0.84	3.71	94.69
69	0.76	0.84	3.82	94.58
70	0.86	1.26	7.58	90.31
71	0.82	1.07	5.32	92.78
72	0.81	0.98	4.62	93.59
73	0.83	0.94	4.33	93.91
74	0.82	0.94	4.29	93.96
75	0.81	0.92	4.25	94.02
76	0.82	0.94	4.32	93.92
77	0.83	0.97	4.41	93.79
78	0.86	0.98	4.49	93.66
79	0.85	1.01	4.55	93.59
80	0.89	1.03	4.69	93.38
81	0.89	1.04	4.81	93.26
82	0.91	1.10	4.91	93.08
83	0.92	1.08	4.99	93.00
84	0.94	1.11	5.08	92.87
85	0.98	1.14	5.12	92.77
86	0.97	1.16	5.10	92.77
87	0.98	1.21	5.32	92.48
88	1.02	1.26	5.41	92.31
89	1.05	1.28	5.46	92.20
90	1.07	1.33	5.52	92.08
91	1.09	1.35	5.53	92.03
92	1.10	1.40	5.54	91.96
93	1.11	1.43	5.56	91.90
94	1.13	1.48	5.65	91.74
95	1.44	1.90	7.44	89.22




