Parameters
	Library type	Single-end
	Input file	/Volumes/wdhd/users/joaks1/projects/gekgo/data/genomes/msg/plate2/demultiplexed-raw/fastq/RMB_13767_Gekko_gecko_Luzon_R1.fq
	Primer/Adaptor library	NA
	Cut-off read length for HQ	70%
	Cut-off quality score	20
	Only statistics	On
	Number of processes	2


QC statistics
	File name	RMB_13767_Gekko_gecko_Luzon_R1.fq
	Total number of reads	527708
	Total number of HQ reads	522469
	Percentage of HQ reads	99.01%
	Total number of bases	50132260
	Total number of bases in HQ reads	49634555
	Total number of HQ bases in HQ reads	49194227
	Percentage of HQ bases in HQ reads	99.11%
	Number of Primer/Adaptor contaminated HQ reads	NA
	Total number of HQ filtered reads	522469
	Percentage of HQ filtered reads	99.01%


Detailed QC statistics
	File name	RMB_13767_Gekko_gecko_Luzon_R1.fq
	Minimum read length	95
	Maximum read length	95
	Average read length	95.00
	Total number of reads	527708
	Total number of reads with non-ATGC bases	537
	Percentage of reads with non-ATGC bases	0.10%
	Total number of bases	50132260
	Total number of HQ bases	49470644
	Percentage of HQ bases	98.68%
	Total number of non-ATGC bases	12513
	Percentage of non-ATGC bases	0.02%


Average quality score at each base position of input reads

RMB_13767_Gekko_gecko_Luzon_R1.fq
34.44	36.78	36.90	36.94	36.75	36.69	36.64	38.94	38.96	38.93	38.86	38.83	38.89	38.88	38.88	38.80	38.79	38.74	38.79	38.70	38.68	38.68	38.67	38.72	38.62	38.55	38.48	38.53	38.52	38.50	38.51	38.52	38.40	38.46	38.42	38.36	38.39	38.38	38.21	38.16	38.22	38.20	38.20	38.17	38.10	38.26	38.28	38.28	38.25	38.20	38.19	38.13	38.08	38.02	37.99	37.85	37.89	37.87	37.80	37.69	37.59	37.52	37.42	37.29	37.14	37.00	36.90	36.76	36.62	34.76	35.49	35.88	35.93	35.88	35.81	35.73	35.62	35.53	35.46	35.39	35.34	35.28	35.24	35.18	35.14	35.13	35.05	35.01	34.97	34.93	34.92	34.91	34.88	34.83	34.15	




Read count (%) per base for different quality score ranges

	RMB_13767_Gekko_gecko_Luzon_R1.fq
Ranges	0-10	11-20	21-30	31-40
Base
1	0.00	1.24	3.14	95.62
2	0.00	0.25	0.42	99.33
3	0.00	0.14	0.24	99.62
4	0.00	0.08	0.17	99.76
5	0.00	0.15	0.93	98.92
6	0.00	0.28	1.07	98.66
7	0.00	0.36	1.21	98.43
8	0.01	0.39	1.27	98.34
9	0.02	0.40	1.25	98.33
10	0.02	0.44	1.35	98.18
11	0.01	0.49	1.42	98.08
12	0.01	0.50	1.41	98.08
13	0.01	0.48	1.42	98.08
14	0.02	0.51	1.44	98.03
15	0.02	0.49	1.40	98.09
16	0.02	0.53	1.43	98.03
17	0.03	0.59	1.50	97.89
18	0.04	0.62	1.60	97.74
19	0.04	0.54	1.47	97.95
20	0.09	0.69	1.54	97.68
21	0.10	0.73	1.53	97.65
22	0.12	0.69	1.54	97.66
23	0.14	0.70	1.57	97.58
24	0.15	0.65	1.49	97.71
25	0.22	0.67	1.62	97.49
26	0.23	0.69	1.72	97.36
27	0.34	0.72	1.74	97.20
28	0.31	0.64	1.67	97.38
29	0.35	0.59	1.68	97.37
30	0.41	0.59	1.78	97.23
31	0.46	0.58	1.69	97.27
32	0.43	0.56	1.76	97.24
33	0.56	0.62	1.89	96.92
34	0.46	0.58	1.82	97.14
35	0.51	0.61	1.88	97.00
36	0.51	0.62	1.98	96.89
37	0.55	0.62	1.92	96.91
38	0.54	0.63	1.97	96.87
39	0.60	0.72	2.15	96.53
40	0.60	0.73	2.28	96.38
41	0.59	0.67	2.17	96.58
42	0.62	0.70	2.23	96.45
43	0.60	0.71	2.27	96.41
44	0.64	0.69	2.36	96.32
45	0.64	0.74	2.45	96.17
46	0.57	0.66	2.17	96.60
47	0.57	0.65	2.24	96.53
48	0.57	0.65	2.29	96.49
49	0.56	0.65	2.36	96.42
50	0.62	0.67	2.49	96.22
51	0.61	0.67	2.52	96.20
52	0.62	0.67	2.65	96.06
53	0.63	0.67	2.75	95.95
54	0.62	0.70	2.85	95.83
55	0.62	0.69	2.94	95.75
56	0.70	0.74	3.13	95.43
57	0.65	0.73	2.96	95.66
58	0.64	0.72	2.99	95.65
59	0.63	0.77	3.10	95.51
60	0.66	0.75	3.24	95.35
61	0.66	0.75	3.26	95.33
62	0.67	0.73	3.29	95.31
63	0.68	0.74	3.40	95.19
64	0.71	0.76	3.44	95.09
65	0.72	0.79	3.62	94.87
66	0.72	0.83	3.65	94.80
67	0.74	0.83	3.63	94.80
68	0.77	0.82	3.76	94.65
69	0.77	0.84	3.82	94.57
70	0.88	1.26	7.65	90.21
71	0.86	1.03	5.35	92.76
72	0.83	0.98	4.64	93.55
73	0.84	0.96	4.39	93.81
74	0.81	0.91	4.37	93.92
75	0.81	0.91	4.34	93.94
76	0.82	0.91	4.38	93.88
77	0.84	0.97	4.47	93.72
78	0.88	0.99	4.61	93.52
79	0.85	1.02	4.66	93.47
80	0.90	1.03	4.78	93.29
81	0.91	1.04	4.85	93.19
82	0.91	1.09	4.96	93.04
83	0.92	1.10	5.05	92.94
84	0.95	1.11	5.19	92.75
85	0.98	1.15	5.21	92.66
86	0.98	1.17	5.17	92.69
87	1.02	1.21	5.40	92.36
88	1.02	1.28	5.45	92.25
89	1.06	1.30	5.51	92.14
90	1.10	1.36	5.61	91.93
91	1.11	1.38	5.54	91.97
92	1.11	1.40	5.59	91.90
93	1.14	1.45	5.59	91.81
94	1.17	1.51	5.67	91.65
95	1.44	1.91	7.42	89.23




