Parameters
	Library type	Single-end
	Input file	/Volumes/wdhd/users/joaks1/projects/gekgo/data/genomes/msg/plate2/demultiplexed-raw/fastq/RMB_12582_Gehyra_mutilata_Luzon_R1.fq
	Primer/Adaptor library	NA
	Cut-off read length for HQ	70%
	Cut-off quality score	20
	Only statistics	On
	Number of processes	2


QC statistics
	File name	RMB_12582_Gehyra_mutilata_Luzon_R1.fq
	Total number of reads	642485
	Total number of HQ reads	634919
	Percentage of HQ reads	98.82%
	Total number of bases	61036075
	Total number of bases in HQ reads	60317305
	Total number of HQ bases in HQ reads	59711241
	Percentage of HQ bases in HQ reads	99.00%
	Number of Primer/Adaptor contaminated HQ reads	NA
	Total number of HQ filtered reads	634919
	Percentage of HQ filtered reads	98.82%


Detailed QC statistics
	File name	RMB_12582_Gehyra_mutilata_Luzon_R1.fq
	Minimum read length	95
	Maximum read length	95
	Average read length	95.00
	Total number of reads	642485
	Total number of reads with non-ATGC bases	565
	Percentage of reads with non-ATGC bases	0.09%
	Total number of bases	61036075
	Total number of HQ bases	60111072
	Percentage of HQ bases	98.48%
	Total number of non-ATGC bases	12077
	Percentage of non-ATGC bases	0.02%


Average quality score at each base position of input reads

RMB_12582_Gehyra_mutilata_Luzon_R1.fq
35.39	36.75	36.86	36.90	36.70	36.65	36.62	38.92	38.88	38.82	38.75	38.73	38.78	38.73	38.71	38.67	38.66	38.60	38.71	38.61	38.58	38.61	38.62	38.63	38.53	38.46	38.40	38.42	38.43	38.36	38.36	38.37	38.23	38.32	38.22	38.12	38.16	38.18	38.12	38.07	38.01	37.98	37.87	37.85	37.72	37.90	37.93	37.95	37.92	37.85	37.81	37.70	37.67	37.62	37.56	37.42	37.49	37.46	37.34	37.21	37.12	37.00	36.90	36.78	36.60	36.44	36.33	36.16	36.08	34.20	34.97	35.46	35.53	35.51	35.49	35.42	35.31	35.26	35.18	35.12	35.10	35.08	35.07	35.02	34.99	34.93	34.85	34.82	34.83	34.79	34.76	34.76	34.76	34.72	33.93	




Read count (%) per base for different quality score ranges

	RMB_12582_Gehyra_mutilata_Luzon_R1.fq
Ranges	0-10	11-20	21-30	31-40
Base
1	0.00	1.20	2.05	96.75
2	0.00	0.38	0.51	99.12
3	0.00	0.24	0.37	99.39
4	0.00	0.16	0.26	99.58
5	0.00	0.23	1.12	98.65
6	0.00	0.34	1.22	98.43
7	0.01	0.39	1.28	98.33
8	0.01	0.43	1.35	98.21
9	0.02	0.47	1.44	98.06
10	0.03	0.54	1.54	97.90
11	0.02	0.57	1.54	97.88
12	0.02	0.59	1.55	97.84
13	0.03	0.58	1.58	97.81
14	0.03	0.62	1.63	97.72
15	0.03	0.59	1.63	97.75
16	0.04	0.59	1.58	97.79
17	0.04	0.65	1.65	97.66
18	0.06	0.72	1.81	97.41
19	0.06	0.57	1.61	97.77
20	0.14	0.75	1.65	97.46
21	0.16	0.76	1.70	97.39
22	0.18	0.69	1.63	97.49
23	0.21	0.67	1.65	97.47
24	0.23	0.63	1.66	97.47
25	0.33	0.67	1.79	97.22
26	0.36	0.64	1.86	97.13
27	0.47	0.69	1.89	96.96
28	0.43	0.62	1.87	97.08
29	0.41	0.58	1.87	97.13
30	0.50	0.63	1.94	96.93
31	0.54	0.65	1.98	96.83
32	0.52	0.64	2.02	96.81
33	0.64	0.75	2.15	96.46
34	0.52	0.68	2.06	96.74
35	0.59	0.69	2.21	96.52
36	0.61	0.73	2.40	96.26
37	0.64	0.72	2.29	96.35
38	0.62	0.70	2.33	96.36
39	0.64	0.75	2.32	96.29
40	0.63	0.75	2.51	96.11
41	0.68	0.76	2.60	95.96
42	0.68	0.78	2.66	95.88
43	0.72	0.83	2.89	95.56
44	0.72	0.82	2.90	95.57
45	0.78	0.85	3.24	95.13
46	0.69	0.79	2.82	95.71
47	0.69	0.78	2.86	95.67
48	0.66	0.76	2.87	95.70
49	0.65	0.75	2.90	95.70
50	0.72	0.78	3.01	95.50
51	0.73	0.81	3.06	95.40
52	0.72	0.82	3.33	95.12
53	0.71	0.81	3.35	95.12
54	0.73	0.82	3.34	95.12
55	0.76	0.80	3.49	94.95
56	0.79	0.87	3.72	94.63
57	0.74	0.82	3.39	95.05
58	0.71	0.84	3.46	94.99
59	0.75	0.86	3.59	94.80
60	0.81	0.89	3.75	94.54
61	0.79	0.92	3.81	94.48
62	0.81	0.90	3.80	94.49
63	0.79	0.89	3.89	94.43
64	0.84	0.92	3.93	94.31
65	0.84	0.95	4.19	94.02
66	0.87	0.98	4.25	93.91
67	0.84	0.98	4.38	93.80
68	0.89	1.04	4.63	93.45
69	0.89	1.00	4.38	93.73
70	1.00	1.47	8.80	88.72
71	0.93	1.26	6.18	91.63
72	0.90	1.10	5.20	92.80
73	0.93	1.11	4.84	93.12
74	0.92	1.07	4.79	93.22
75	0.91	1.05	4.72	93.31
76	0.95	1.08	4.71	93.26
77	0.97	1.13	5.01	92.89
78	1.00	1.13	4.99	92.88
79	0.99	1.21	5.20	92.61
80	1.02	1.18	5.41	92.39
81	1.02	1.24	5.30	92.44
82	1.02	1.25	5.34	92.40
83	1.01	1.30	5.40	92.30
84	1.04	1.31	5.39	92.26
85	1.08	1.33	5.43	92.15
86	1.10	1.38	5.53	91.98
87	1.18	1.47	5.73	91.61
88	1.17	1.51	5.92	91.40
89	1.13	1.54	5.75	91.57
90	1.17	1.58	5.79	91.45
91	1.19	1.57	5.89	91.35
92	1.19	1.59	5.81	91.40
93	1.20	1.63	5.75	91.42
94	1.24	1.67	5.84	91.26
95	1.60	2.17	7.84	88.40




