Parameters
	Library type	Single-end
	Input file	/Volumes/wdhd/users/joaks1/projects/gekgo/data/genomes/msg/plate2/demultiplexed-raw/fastq/RMB_7842_Cyrtodactylus_redimiculus_Palawan_R1.fq
	Primer/Adaptor library	NA
	Cut-off read length for HQ	70%
	Cut-off quality score	20
	Only statistics	On
	Number of processes	2


QC statistics
	File name	RMB_7842_Cyrtodactylus_redimiculus_Palawan_R1.fq
	Total number of reads	1075452
	Total number of HQ reads	1064328
	Percentage of HQ reads	98.97%
	Total number of bases	102167940
	Total number of bases in HQ reads	101111160
	Total number of HQ bases in HQ reads	100153735
	Percentage of HQ bases in HQ reads	99.05%
	Number of Primer/Adaptor contaminated HQ reads	NA
	Total number of HQ filtered reads	1064328
	Percentage of HQ filtered reads	98.97%


Detailed QC statistics
	File name	RMB_7842_Cyrtodactylus_redimiculus_Palawan_R1.fq
	Minimum read length	95
	Maximum read length	95
	Average read length	95.00
	Total number of reads	1075452
	Total number of reads with non-ATGC bases	958
	Percentage of reads with non-ATGC bases	0.09%
	Total number of bases	102167940
	Total number of HQ bases	100740896
	Percentage of HQ bases	98.60%
	Total number of non-ATGC bases	22045
	Percentage of non-ATGC bases	0.02%


Average quality score at each base position of input reads

RMB_7842_Cyrtodactylus_redimiculus_Palawan_R1.fq
36.68	36.83	36.87	36.90	36.70	36.65	36.62	38.91	38.88	38.83	38.75	38.74	38.81	38.80	38.76	38.73	38.70	38.62	38.70	38.62	38.57	38.60	38.60	38.61	38.54	38.44	38.39	38.39	38.44	38.37	38.40	38.41	38.28	38.34	38.32	38.21	38.24	38.23	38.17	38.16	38.12	38.04	38.00	37.96	37.92	38.08	38.11	38.10	38.10	38.03	37.99	37.90	37.87	37.80	37.73	37.64	37.69	37.65	37.59	37.50	37.41	37.29	37.17	37.01	36.90	36.73	36.59	36.44	36.32	34.47	35.24	35.65	35.71	35.67	35.61	35.53	35.43	35.38	35.32	35.25	35.21	35.15	35.11	35.07	35.02	34.96	34.92	34.89	34.84	34.82	34.77	34.76	34.76	34.73	34.02	




Read count (%) per base for different quality score ranges

	RMB_7842_Cyrtodactylus_redimiculus_Palawan_R1.fq
Ranges	0-10	11-20	21-30	31-40
Base
1	0.00	0.57	0.69	98.74
2	0.00	0.32	0.41	99.27
3	0.00	0.21	0.37	99.41
4	0.00	0.15	0.29	99.56
5	0.00	0.23	1.14	98.62
6	0.00	0.34	1.21	98.44
7	0.00	0.38	1.28	98.34
8	0.01	0.42	1.36	98.21
9	0.02	0.46	1.39	98.12
10	0.02	0.52	1.52	97.94
11	0.02	0.54	1.54	97.90
12	0.02	0.54	1.54	97.90
13	0.02	0.54	1.47	97.97
14	0.02	0.56	1.51	97.91
15	0.03	0.54	1.56	97.87
16	0.03	0.55	1.52	97.91
17	0.04	0.61	1.59	97.76
18	0.05	0.68	1.76	97.50
19	0.06	0.56	1.60	97.78
20	0.12	0.74	1.65	97.48
21	0.14	0.76	1.72	97.38
22	0.15	0.69	1.65	97.51
23	0.20	0.71	1.68	97.41
24	0.23	0.64	1.65	97.48
25	0.30	0.66	1.72	97.32
26	0.34	0.65	1.87	97.13
27	0.45	0.68	1.87	97.00
28	0.42	0.64	1.89	97.04
29	0.41	0.57	1.78	97.25
30	0.48	0.62	1.90	97.00
31	0.51	0.61	1.88	97.00
32	0.48	0.60	1.90	97.02
33	0.59	0.69	2.05	96.66
34	0.50	0.64	1.98	96.88
35	0.53	0.65	1.99	96.84
36	0.57	0.68	2.21	96.54
37	0.60	0.67	2.13	96.60
38	0.58	0.69	2.20	96.53
39	0.59	0.72	2.31	96.38
40	0.58	0.70	2.36	96.36
41	0.63	0.71	2.42	96.24
42	0.66	0.76	2.59	95.99
43	0.68	0.76	2.69	95.87
44	0.68	0.76	2.74	95.82
45	0.68	0.78	2.77	95.76
46	0.60	0.70	2.50	96.20
47	0.61	0.68	2.55	96.17
48	0.62	0.69	2.61	96.08
49	0.61	0.68	2.63	96.09
50	0.65	0.71	2.77	95.87
51	0.65	0.73	2.88	95.74
52	0.66	0.74	3.10	95.50
53	0.67	0.73	3.09	95.51
54	0.67	0.74	3.24	95.35
55	0.69	0.76	3.35	95.20
56	0.71	0.78	3.47	95.04
57	0.67	0.74	3.24	95.34
58	0.66	0.74	3.31	95.29
59	0.64	0.77	3.31	95.28
60	0.70	0.78	3.40	95.12
61	0.69	0.78	3.47	95.06
62	0.69	0.78	3.59	94.94
63	0.71	0.79	3.61	94.89
64	0.73	0.83	3.81	94.63
65	0.74	0.83	3.79	94.64
66	0.78	0.86	3.91	94.45
67	0.77	0.87	4.03	94.32
68	0.78	0.90	4.18	94.15
69	0.78	0.89	4.20	94.14
70	0.90	1.32	8.28	89.50
71	0.85	1.11	5.71	92.33
72	0.84	0.99	5.00	93.17
73	0.86	0.98	4.68	93.48
74	0.84	0.97	4.61	93.58
75	0.83	0.97	4.63	93.57
76	0.85	0.96	4.69	93.50
77	0.89	1.02	4.79	93.30
78	0.90	1.02	4.82	93.26
79	0.89	1.08	4.92	93.10
80	0.90	1.08	5.03	92.99
81	0.93	1.11	5.08	92.88
82	0.95	1.14	5.23	92.69
83	0.98	1.16	5.28	92.58
84	0.99	1.21	5.38	92.42
85	1.02	1.24	5.48	92.26
86	1.08	1.31	5.59	92.03
87	1.09	1.35	5.60	91.97
88	1.11	1.37	5.65	91.86
89	1.13	1.42	5.85	91.60
90	1.16	1.47	5.79	91.58
91	1.16	1.53	5.94	91.37
92	1.18	1.55	5.93	91.34
93	1.18	1.56	5.83	91.42
94	1.20	1.61	5.86	91.32
95	1.50	2.02	7.70	88.78




