Parameters
	Library type	Single-end
	Input file	/Volumes/wdhd/users/joaks1/projects/gekgo/data/genomes/msg/plate2/demultiplexed-raw/fastq/RMB_13770_Gekko_gecko_Luzon_R1.fq
	Primer/Adaptor library	NA
	Cut-off read length for HQ	70%
	Cut-off quality score	20
	Only statistics	On
	Number of processes	2


QC statistics
	File name	RMB_13770_Gekko_gecko_Luzon_R1.fq
	Total number of reads	1347213
	Total number of HQ reads	1333765
	Percentage of HQ reads	99.00%
	Total number of bases	127985235
	Total number of bases in HQ reads	126707675
	Total number of HQ bases in HQ reads	125573335
	Percentage of HQ bases in HQ reads	99.10%
	Number of Primer/Adaptor contaminated HQ reads	NA
	Total number of HQ filtered reads	1333765
	Percentage of HQ filtered reads	99.00%


Detailed QC statistics
	File name	RMB_13770_Gekko_gecko_Luzon_R1.fq
	Minimum read length	95
	Maximum read length	95
	Average read length	95.00
	Total number of reads	1347213
	Total number of reads with non-ATGC bases	1182
	Percentage of reads with non-ATGC bases	0.09%
	Total number of bases	127985235
	Total number of HQ bases	126281272
	Percentage of HQ bases	98.67%
	Total number of non-ATGC bases	26904
	Percentage of non-ATGC bases	0.02%


Average quality score at each base position of input reads

RMB_13770_Gekko_gecko_Luzon_R1.fq
35.95	36.82	36.89	36.93	36.74	36.68	36.65	38.95	38.95	38.91	38.85	38.82	38.87	38.85	38.85	38.81	38.78	38.71	38.78	38.69	38.66	38.66	38.65	38.70	38.60	38.53	38.48	38.51	38.51	38.47	38.49	38.49	38.38	38.45	38.40	38.33	38.37	38.37	38.24	38.14	38.21	38.18	38.18	38.15	38.08	38.23	38.27	38.26	38.22	38.18	38.15	38.11	38.05	37.99	37.93	37.83	37.86	37.84	37.76	37.64	37.56	37.49	37.37	37.25	37.10	36.95	36.83	36.70	36.55	34.69	35.43	35.84	35.90	35.85	35.78	35.70	35.59	35.50	35.44	35.36	35.32	35.25	35.22	35.18	35.13	35.11	35.04	35.00	34.97	34.93	34.91	34.89	34.86	34.82	34.12	




Read count (%) per base for different quality score ranges

	RMB_13770_Gekko_gecko_Luzon_R1.fq
Ranges	0-10	11-20	21-30	31-40
Base
1	0.00	0.80	1.29	97.91
2	0.00	0.27	0.38	99.35
3	0.00	0.17	0.29	99.54
4	0.00	0.10	0.21	99.69
5	0.00	0.17	0.96	98.86
6	0.00	0.31	1.10	98.60
7	0.00	0.37	1.18	98.45
8	0.01	0.40	1.28	98.32
9	0.02	0.40	1.28	98.30
10	0.02	0.46	1.38	98.13
11	0.01	0.49	1.43	98.07
12	0.02	0.51	1.44	98.04
13	0.02	0.51	1.43	98.04
14	0.02	0.53	1.47	97.97
15	0.02	0.51	1.47	97.99
16	0.03	0.54	1.44	98.00
17	0.03	0.60	1.50	97.88
18	0.03	0.66	1.62	97.69
19	0.04	0.56	1.51	97.89
20	0.09	0.71	1.57	97.63
21	0.10	0.75	1.57	97.58
22	0.13	0.70	1.55	97.62
23	0.14	0.72	1.58	97.55
24	0.15	0.65	1.56	97.64
25	0.22	0.69	1.64	97.45
26	0.25	0.70	1.74	97.31
27	0.35	0.73	1.72	97.20
28	0.34	0.66	1.73	97.28
29	0.36	0.59	1.70	97.36
30	0.43	0.60	1.78	97.20
31	0.47	0.59	1.76	97.17
32	0.45	0.59	1.76	97.20
33	0.56	0.65	1.89	96.89
34	0.47	0.61	1.85	97.07
35	0.52	0.64	1.87	96.96
36	0.53	0.64	2.00	96.83
37	0.55	0.62	1.93	96.90
38	0.55	0.63	1.98	96.84
39	0.59	0.69	2.11	96.60
40	0.61	0.73	2.31	96.35
41	0.58	0.67	2.20	96.55
42	0.61	0.72	2.28	96.39
43	0.62	0.70	2.31	96.38
44	0.63	0.70	2.39	96.28
45	0.66	0.74	2.46	96.14
46	0.57	0.66	2.25	96.52
47	0.57	0.65	2.24	96.53
48	0.60	0.65	2.31	96.44
49	0.58	0.67	2.41	96.35
50	0.61	0.69	2.51	96.20
51	0.62	0.68	2.55	96.15
52	0.63	0.68	2.66	96.03
53	0.64	0.70	2.76	95.91
54	0.64	0.70	2.90	95.76
55	0.65	0.72	2.99	95.64
56	0.68	0.75	3.17	95.40
57	0.65	0.73	2.99	95.64
58	0.63	0.71	3.03	95.62
59	0.63	0.75	3.15	95.47
60	0.67	0.75	3.28	95.30
61	0.68	0.75	3.28	95.29
62	0.67	0.75	3.33	95.26
63	0.70	0.75	3.40	95.14
64	0.70	0.77	3.49	95.04
65	0.73	0.81	3.63	94.83
66	0.74	0.82	3.73	94.70
67	0.76	0.83	3.76	94.65
68	0.78	0.86	3.83	94.54
69	0.77	0.85	3.89	94.49
70	0.87	1.27	7.77	90.10
71	0.82	1.09	5.39	92.70
72	0.83	0.97	4.71	93.49
73	0.83	0.94	4.44	93.79
74	0.81	0.92	4.38	93.88
75	0.82	0.92	4.37	93.89
76	0.82	0.95	4.39	93.85
77	0.85	0.96	4.54	93.64
78	0.87	1.00	4.62	93.50
79	0.87	1.01	4.67	93.44
80	0.90	1.07	4.84	93.19
81	0.90	1.05	4.93	93.11
82	0.92	1.11	5.03	92.94
83	0.94	1.08	5.07	92.91
84	0.96	1.14	5.15	92.74
85	0.99	1.16	5.22	92.63
86	0.99	1.17	5.18	92.65
87	1.02	1.26	5.39	92.34
88	1.04	1.27	5.52	92.17
89	1.05	1.30	5.56	92.09
90	1.08	1.34	5.62	91.95
91	1.09	1.38	5.58	91.95
92	1.13	1.42	5.61	91.83
93	1.14	1.48	5.63	91.74
94	1.15	1.50	5.73	91.61
95	1.46	1.94	7.49	89.11




