Parameters
	Library type	Single-end
	Input file	/Volumes/wdhd/users/joaks1/projects/gekgo/data/genomes/msg/plate2/demultiplexed-raw/fastq/RMB_13768_Gekko_gecko_Luzon_R1.fq
	Primer/Adaptor library	NA
	Cut-off read length for HQ	70%
	Cut-off quality score	20
	Only statistics	On
	Number of processes	2


QC statistics
	File name	RMB_13768_Gekko_gecko_Luzon_R1.fq
	Total number of reads	207378
	Total number of HQ reads	205186
	Percentage of HQ reads	98.94%
	Total number of bases	19700910
	Total number of bases in HQ reads	19492670
	Total number of HQ bases in HQ reads	19313434
	Percentage of HQ bases in HQ reads	99.08%
	Number of Primer/Adaptor contaminated HQ reads	NA
	Total number of HQ filtered reads	205186
	Percentage of HQ filtered reads	98.94%


Detailed QC statistics
	File name	RMB_13768_Gekko_gecko_Luzon_R1.fq
	Minimum read length	95
	Maximum read length	95
	Average read length	95.00
	Total number of reads	207378
	Total number of reads with non-ATGC bases	196
	Percentage of reads with non-ATGC bases	0.09%
	Total number of bases	19700910
	Total number of HQ bases	19427790
	Percentage of HQ bases	98.61%
	Total number of non-ATGC bases	4668
	Percentage of non-ATGC bases	0.02%


Average quality score at each base position of input reads

RMB_13768_Gekko_gecko_Luzon_R1.fq
36.68	36.83	36.86	36.90	36.71	36.66	36.62	38.90	38.91	38.89	38.81	38.79	38.84	38.79	38.79	38.72	38.72	38.67	38.72	38.61	38.61	38.62	38.60	38.66	38.55	38.49	38.42	38.47	38.47	38.44	38.47	38.46	38.34	38.40	38.36	38.28	38.32	38.31	38.10	38.04	38.10	38.09	38.08	38.07	37.99	38.13	38.15	38.14	38.09	38.05	38.02	37.96	37.88	37.81	37.77	37.59	37.65	37.62	37.47	37.35	37.27	37.18	37.04	36.91	36.74	36.57	36.45	36.24	36.10	34.33	35.09	35.50	35.56	35.56	35.53	35.46	35.40	35.31	35.28	35.20	35.18	35.12	35.13	35.08	35.05	35.03	34.98	34.93	34.88	34.84	34.84	34.83	34.82	34.80	34.07	




Read count (%) per base for different quality score ranges

	RMB_13768_Gekko_gecko_Luzon_R1.fq
Ranges	0-10	11-20	21-30	31-40
Base
1	0.00	0.66	0.62	98.71
2	0.00	0.38	0.36	99.26
3	0.00	0.28	0.34	99.38
4	0.00	0.18	0.25	99.56
5	0.00	0.23	1.09	98.68
6	0.00	0.34	1.18	98.48
7	0.00	0.41	1.26	98.33
8	0.01	0.44	1.35	98.20
9	0.02	0.45	1.35	98.18
10	0.03	0.49	1.46	98.02
11	0.02	0.53	1.48	97.97
12	0.01	0.54	1.52	97.93
13	0.01	0.53	1.43	98.03
14	0.03	0.57	1.53	97.87
15	0.03	0.56	1.49	97.92
16	0.03	0.55	1.52	97.91
17	0.04	0.61	1.58	97.77
18	0.05	0.66	1.69	97.60
19	0.06	0.58	1.62	97.74
20	0.14	0.73	1.69	97.45
21	0.15	0.74	1.67	97.44
22	0.21	0.67	1.57	97.55
23	0.25	0.70	1.64	97.41
24	0.26	0.59	1.57	97.58
25	0.36	0.62	1.69	97.33
26	0.38	0.61	1.80	97.20
27	0.48	0.61	1.85	97.06
28	0.41	0.60	1.81	97.17
29	0.42	0.57	1.75	97.26
30	0.46	0.58	1.86	97.09
31	0.47	0.60	1.79	97.14
32	0.46	0.60	1.80	97.14
33	0.58	0.66	1.98	96.79
34	0.45	0.60	1.92	97.03
35	0.55	0.61	2.02	96.83
36	0.56	0.64	2.13	96.67
37	0.56	0.64	2.07	96.74
38	0.55	0.67	2.12	96.66
39	0.62	0.76	2.29	96.33
40	0.64	0.77	2.50	96.10
41	0.61	0.71	2.43	96.25
42	0.67	0.74	2.43	96.16
43	0.64	0.76	2.53	96.07
44	0.63	0.72	2.58	96.07
45	0.67	0.74	2.78	95.82
46	0.59	0.70	2.48	96.23
47	0.56	0.71	2.53	96.20
48	0.62	0.68	2.64	96.06
49	0.62	0.68	2.71	95.98
50	0.63	0.71	2.84	95.82
51	0.65	0.69	2.87	95.80
52	0.67	0.69	2.95	95.70
53	0.69	0.69	3.11	95.51
54	0.65	0.74	3.20	95.41
55	0.66	0.71	3.23	95.40
56	0.76	0.80	3.55	94.89
57	0.69	0.75	3.26	95.30
58	0.65	0.78	3.25	95.32
59	0.66	0.80	3.36	95.17
60	0.69	0.79	3.45	95.08
61	0.68	0.78	3.45	95.09
62	0.67	0.78	3.49	95.05
63	0.72	0.75	3.62	94.91
64	0.73	0.81	3.64	94.81
65	0.74	0.86	3.80	94.60
66	0.80	0.85	3.93	94.42
67	0.77	0.86	3.98	94.39
68	0.81	0.91	4.04	94.24
69	0.81	0.87	4.18	94.15
70	0.94	1.24	8.43	89.38
71	0.85	1.12	5.78	92.25
72	0.86	1.02	5.02	93.10
73	0.88	1.01	4.73	93.38
74	0.84	1.00	4.59	93.58
75	0.86	0.94	4.58	93.62
76	0.84	0.98	4.69	93.49
77	0.86	0.99	4.76	93.38
78	0.90	1.02	4.93	93.14
79	0.90	1.03	5.04	93.03
80	0.95	1.13	5.12	92.79
81	0.93	1.12	5.20	92.75
82	0.98	1.18	5.29	92.55
83	0.96	1.11	5.25	92.69
84	0.97	1.19	5.36	92.48
85	0.99	1.24	5.36	92.40
86	1.02	1.22	5.36	92.40
87	1.04	1.23	5.54	92.19
88	1.05	1.34	5.56	92.04
89	1.09	1.40	5.63	91.88
90	1.14	1.41	5.81	91.64
91	1.15	1.45	5.68	91.72
92	1.13	1.56	5.65	91.66
93	1.16	1.59	5.63	91.62
94	1.15	1.59	5.68	91.58
95	1.47	2.04	7.43	89.06




