Parameters
	Library type	Single-end
	Input file	/Volumes/wdhd/users/joaks1/projects/gekgo/data/genomes/msg/plate2/demultiplexed-raw/fastq/RMB_7721_Cyrtodactylus_tautbatorum_Palawan_R1.fq
	Primer/Adaptor library	NA
	Cut-off read length for HQ	70%
	Cut-off quality score	20
	Only statistics	On
	Number of processes	2


QC statistics
	File name	RMB_7721_Cyrtodactylus_tautbatorum_Palawan_R1.fq
	Total number of reads	139148
	Total number of HQ reads	137801
	Percentage of HQ reads	99.03%
	Total number of bases	13219060
	Total number of bases in HQ reads	13091095
	Total number of HQ bases in HQ reads	12974454
	Percentage of HQ bases in HQ reads	99.11%
	Number of Primer/Adaptor contaminated HQ reads	NA
	Total number of HQ filtered reads	137801
	Percentage of HQ filtered reads	99.03%


Detailed QC statistics
	File name	RMB_7721_Cyrtodactylus_tautbatorum_Palawan_R1.fq
	Minimum read length	95
	Maximum read length	95
	Average read length	95.00
	Total number of reads	139148
	Total number of reads with non-ATGC bases	122
	Percentage of reads with non-ATGC bases	0.09%
	Total number of bases	13219060
	Total number of HQ bases	13045982
	Percentage of HQ bases	98.69%
	Total number of non-ATGC bases	2636
	Percentage of non-ATGC bases	0.02%


Average quality score at each base position of input reads

RMB_7721_Cyrtodactylus_tautbatorum_Palawan_R1.fq
34.71	36.76	36.88	36.91	36.71	36.66	36.63	38.96	38.91	38.88	38.80	38.76	38.85	38.84	38.80	38.79	38.75	38.68	38.77	38.67	38.63	38.66	38.68	38.68	38.60	38.52	38.47	38.51	38.56	38.48	38.50	38.51	38.39	38.45	38.42	38.31	38.34	38.36	38.29	38.28	38.26	38.19	38.16	38.13	38.08	38.25	38.29	38.28	38.25	38.22	38.18	38.11	38.08	38.02	37.96	37.89	37.94	37.90	37.84	37.76	37.69	37.62	37.51	37.38	37.27	37.12	36.96	36.83	36.72	34.86	35.60	36.03	36.04	36.00	35.91	35.80	35.69	35.61	35.52	35.47	35.42	35.35	35.31	35.25	35.21	35.15	35.11	35.08	35.05	35.00	34.97	34.93	34.92	34.91	34.25	




Read count (%) per base for different quality score ranges

	RMB_7721_Cyrtodactylus_tautbatorum_Palawan_R1.fq
Ranges	0-10	11-20	21-30	31-40
Base
1	0.01	1.21	2.84	95.93
2	0.01	0.31	0.44	99.25
3	0.00	0.20	0.32	99.48
4	0.00	0.14	0.21	99.65
5	0.00	0.23	1.08	98.69
6	0.00	0.35	1.15	98.49
7	0.01	0.39	1.23	98.38
8	0.01	0.42	1.26	98.31
9	0.02	0.46	1.33	98.19
10	0.02	0.50	1.46	98.01
11	0.02	0.56	1.50	97.91
12	0.01	0.58	1.51	97.89
13	0.01	0.54	1.47	97.98
14	0.02	0.58	1.51	97.90
15	0.02	0.61	1.59	97.78
16	0.03	0.57	1.48	97.92
17	0.04	0.62	1.57	97.77
18	0.04	0.68	1.78	97.50
19	0.04	0.58	1.52	97.87
20	0.09	0.76	1.66	97.50
21	0.12	0.81	1.63	97.45
22	0.15	0.74	1.60	97.51
23	0.14	0.76	1.59	97.51
24	0.19	0.70	1.58	97.53
25	0.23	0.73	1.71	97.33
26	0.28	0.72	1.77	97.23
27	0.38	0.75	1.81	97.06
28	0.38	0.64	1.72	97.26
29	0.36	0.57	1.65	97.42
30	0.46	0.60	1.75	97.19
31	0.46	0.60	1.77	97.17
32	0.45	0.59	1.82	97.14
33	0.59	0.65	1.88	96.88
34	0.47	0.60	1.89	97.04
35	0.48	0.66	1.83	97.03
36	0.54	0.69	2.04	96.73
37	0.58	0.67	2.03	96.72
38	0.57	0.64	1.96	96.84
39	0.58	0.71	2.11	96.61
40	0.52	0.71	2.18	96.59
41	0.57	0.67	2.22	96.54
42	0.61	0.73	2.34	96.33
43	0.59	0.73	2.45	96.23
44	0.62	0.70	2.50	96.18
45	0.68	0.74	2.49	96.09
46	0.56	0.65	2.21	96.57
47	0.54	0.66	2.27	96.54
48	0.54	0.63	2.33	96.50
49	0.56	0.69	2.34	96.42
50	0.60	0.67	2.49	96.24
51	0.59	0.70	2.53	96.18
52	0.62	0.70	2.69	95.99
53	0.64	0.69	2.78	95.90
54	0.62	0.75	2.86	95.78
55	0.61	0.76	3.03	95.60
56	0.66	0.74	3.12	95.47
57	0.61	0.72	2.95	95.73
58	0.60	0.72	3.04	95.64
59	0.63	0.73	3.05	95.59
60	0.67	0.74	3.13	95.45
61	0.67	0.71	3.23	95.39
62	0.62	0.77	3.22	95.40
63	0.63	0.70	3.37	95.30
64	0.67	0.75	3.37	95.21
65	0.67	0.74	3.44	95.15
66	0.68	0.77	3.57	94.99
67	0.73	0.81	3.68	94.78
68	0.72	0.84	3.69	94.76
69	0.68	0.80	3.81	94.72
70	0.77	1.26	7.38	90.59
71	0.77	1.03	5.20	93.01
72	0.72	0.93	4.52	93.84
73	0.78	0.87	4.39	93.96
74	0.73	0.87	4.24	94.16
75	0.73	0.91	4.21	94.15
76	0.75	0.90	4.32	94.04
77	0.79	0.95	4.35	93.92
78	0.82	0.95	4.36	93.86
79	0.82	0.97	4.59	93.62
80	0.82	0.94	4.69	93.54
81	0.83	0.96	4.79	93.42
82	0.85	1.03	4.80	93.32
83	0.87	1.04	4.94	93.14
84	0.93	1.09	4.98	93.00
85	0.95	1.12	5.06	92.87
86	0.97	1.16	5.23	92.64
87	0.99	1.19	5.31	92.51
88	0.99	1.23	5.29	92.48
89	1.01	1.29	5.32	92.37
90	1.04	1.34	5.46	92.17
91	1.06	1.33	5.59	92.03
92	1.10	1.40	5.55	91.95
93	1.12	1.37	5.62	91.89
94	1.11	1.44	5.54	91.91
95	1.36	1.81	7.13	89.70




