Parameters
	Library type	Single-end
	Input file	/Volumes/wdhd/users/joaks1/projects/gekgo/data/genomes/msg/plate2/demultiplexed-raw/fastq/RMB_7828_Gekko_athymus_Palawan_R1.fq
	Primer/Adaptor library	NA
	Cut-off read length for HQ	70%
	Cut-off quality score	20
	Only statistics	On
	Number of processes	2


QC statistics
	File name	RMB_7828_Gekko_athymus_Palawan_R1.fq
	Total number of reads	3798488
	Total number of HQ reads	3758256
	Percentage of HQ reads	98.94%
	Total number of bases	360856360
	Total number of bases in HQ reads	357034320
	Total number of HQ bases in HQ reads	353899319
	Percentage of HQ bases in HQ reads	99.12%
	Number of Primer/Adaptor contaminated HQ reads	NA
	Total number of HQ filtered reads	3758256
	Percentage of HQ filtered reads	98.94%


Detailed QC statistics
	File name	RMB_7828_Gekko_athymus_Palawan_R1.fq
	Minimum read length	95
	Maximum read length	95
	Average read length	95.00
	Total number of reads	3798488
	Total number of reads with non-ATGC bases	3388
	Percentage of reads with non-ATGC bases	0.09%
	Total number of bases	360856360
	Total number of HQ bases	355941800
	Percentage of HQ bases	98.64%
	Total number of non-ATGC bases	78069
	Percentage of non-ATGC bases	0.02%


Average quality score at each base position of input reads

RMB_7828_Gekko_athymus_Palawan_R1.fq
36.83	36.92	36.93	36.94	36.76	36.69	36.65	39.01	38.98	38.93	38.85	38.84	38.87	38.87	38.87	38.87	38.83	38.76	38.81	38.71	38.67	38.67	38.69	38.65	38.59	38.51	38.48	38.53	38.52	38.46	38.49	38.47	38.38	38.43	38.37	38.31	38.30	38.31	38.26	38.18	38.22	38.15	38.14	38.10	38.05	38.21	38.24	38.21	38.17	38.14	38.11	38.04	37.99	37.95	37.89	37.76	37.83	37.78	37.71	37.65	37.58	37.47	37.37	37.26	37.09	36.94	36.84	36.72	36.60	34.69	35.49	35.94	35.98	35.93	35.86	35.77	35.66	35.57	35.48	35.42	35.37	35.31	35.28	35.24	35.19	35.14	35.10	35.04	34.86	34.87	34.87	34.88	34.88	34.71	34.13	




Read count (%) per base for different quality score ranges

	RMB_7828_Gekko_athymus_Palawan_R1.fq
Ranges	0-10	11-20	21-30	31-40
Base
1	0.00	0.28	0.40	99.32
2	0.00	0.11	0.21	99.68
3	0.00	0.10	0.21	99.69
4	0.00	0.08	0.17	99.75
5	0.00	0.15	0.94	98.91
6	0.00	0.28	1.06	98.65
7	0.00	0.35	1.18	98.46
8	0.01	0.38	1.24	98.38
9	0.02	0.41	1.26	98.31
10	0.02	0.46	1.38	98.13
11	0.02	0.50	1.46	98.02
12	0.02	0.49	1.42	98.07
13	0.02	0.54	1.44	98.00
14	0.03	0.54	1.45	97.99
15	0.02	0.51	1.47	98.00
16	0.02	0.51	1.43	98.04
17	0.03	0.57	1.49	97.91
18	0.04	0.63	1.61	97.72
19	0.05	0.54	1.48	97.92
20	0.10	0.72	1.56	97.62
21	0.14	0.75	1.57	97.54
22	0.17	0.71	1.54	97.58
23	0.19	0.72	1.55	97.55
24	0.23	0.71	1.59	97.47
25	0.26	0.73	1.64	97.37
26	0.29	0.75	1.74	97.21
27	0.38	0.76	1.77	97.09
28	0.37	0.68	1.71	97.24
29	0.39	0.61	1.66	97.34
30	0.47	0.63	1.77	97.13
31	0.50	0.63	1.76	97.10
32	0.51	0.61	1.83	97.06
33	0.59	0.68	1.93	96.80
34	0.52	0.64	1.87	96.97
35	0.58	0.65	1.91	96.86
36	0.58	0.66	2.01	96.75
37	0.63	0.67	2.02	96.69
38	0.61	0.66	2.03	96.70
39	0.64	0.69	2.09	96.58
40	0.63	0.74	2.21	96.43
41	0.62	0.69	2.17	96.52
42	0.67	0.74	2.28	96.30
43	0.65	0.73	2.35	96.26
44	0.68	0.73	2.36	96.22
45	0.69	0.76	2.48	96.08
46	0.60	0.68	2.21	96.50
47	0.60	0.67	2.26	96.47
48	0.60	0.68	2.38	96.33
49	0.61	0.70	2.43	96.26
50	0.65	0.70	2.46	96.19
51	0.64	0.71	2.53	96.12
52	0.64	0.72	2.70	95.93
53	0.66	0.72	2.80	95.82
54	0.66	0.73	2.89	95.73
55	0.66	0.74	3.00	95.61
56	0.73	0.77	3.24	95.26
57	0.67	0.75	2.97	95.62
58	0.66	0.76	3.15	95.43
59	0.66	0.78	3.17	95.39
60	0.67	0.77	3.21	95.34
61	0.67	0.77	3.26	95.31
62	0.68	0.79	3.39	95.14
63	0.70	0.78	3.38	95.14
64	0.70	0.81	3.45	95.05
65	0.75	0.84	3.71	94.69
66	0.76	0.85	3.75	94.64
67	0.77	0.87	3.72	94.64
68	0.80	0.85	3.74	94.61
69	0.79	0.87	3.82	94.52
70	0.90	1.29	7.59	90.23
71	0.86	1.09	5.23	92.82
72	0.84	0.98	4.50	93.69
73	0.84	0.96	4.32	93.88
74	0.80	0.93	4.24	94.02
75	0.80	0.93	4.14	94.13
76	0.78	0.94	4.21	94.07
77	0.84	0.96	4.31	93.89
78	0.86	0.99	4.42	93.73
79	0.87	1.02	4.55	93.56
80	0.89	1.04	4.64	93.44
81	0.89	1.06	4.73	93.33
82	0.93	1.08	4.84	93.14
83	0.95	1.08	4.86	93.11
84	0.98	1.11	4.86	93.05
85	1.01	1.14	4.97	92.88
86	1.04	1.17	5.04	92.74
87	1.07	1.21	5.12	92.60
88	1.07	1.30	5.32	92.32
89	1.18	1.45	5.99	91.38
90	1.14	1.39	5.91	91.56
91	1.14	1.43	5.61	91.82
92	1.16	1.45	5.54	91.84
93	1.17	1.48	5.54	91.81
94	1.25	1.70	6.13	90.92
95	1.49	1.91	7.25	89.35




