Parameters
	Library type	Single-end
	Input file	/Volumes/wdhd/users/joaks1/projects/gekgo/data/genomes/msg/plate2/demultiplexed-raw/fastq/RMB_13660_Gekko_mindorensis_Luzon_R1.fq
	Primer/Adaptor library	NA
	Cut-off read length for HQ	70%
	Cut-off quality score	20
	Only statistics	On
	Number of processes	2


QC statistics
	File name	RMB_13660_Gekko_mindorensis_Luzon_R1.fq
	Total number of reads	858519
	Total number of HQ reads	849850
	Percentage of HQ reads	98.99%
	Total number of bases	81559305
	Total number of bases in HQ reads	80735750
	Total number of HQ bases in HQ reads	80030436
	Percentage of HQ bases in HQ reads	99.13%
	Number of Primer/Adaptor contaminated HQ reads	NA
	Total number of HQ filtered reads	849850
	Percentage of HQ filtered reads	98.99%


Detailed QC statistics
	File name	RMB_13660_Gekko_mindorensis_Luzon_R1.fq
	Minimum read length	95
	Maximum read length	95
	Average read length	95.00
	Total number of reads	858519
	Total number of reads with non-ATGC bases	741
	Percentage of reads with non-ATGC bases	0.09%
	Total number of bases	81559305
	Total number of HQ bases	80475592
	Percentage of HQ bases	98.67%
	Total number of non-ATGC bases	17228
	Percentage of non-ATGC bases	0.02%


Average quality score at each base position of input reads

RMB_13660_Gekko_mindorensis_Luzon_R1.fq
36.68	36.87	36.91	36.92	36.76	36.70	36.67	38.86	38.89	38.88	38.84	38.72	38.80	38.82	38.82	38.76	38.77	38.69	38.76	38.64	38.63	38.62	38.57	38.58	38.53	38.45	38.41	38.44	38.46	38.36	38.39	38.38	38.27	38.33	38.30	38.20	38.24	38.15	38.12	38.01	38.09	38.04	38.00	37.98	37.89	38.13	38.23	38.27	38.26	38.23	38.14	38.09	38.04	37.99	37.96	37.85	37.89	37.87	37.82	37.75	37.66	37.56	37.46	37.34	37.20	37.08	36.96	36.83	36.66	34.66	35.52	36.02	36.07	36.04	35.95	35.82	35.69	35.59	35.51	35.44	35.37	35.31	35.26	35.20	35.15	35.10	35.04	35.00	34.95	34.90	34.87	34.84	34.83	34.76	34.07	




Read count (%) per base for different quality score ranges

	RMB_13660_Gekko_mindorensis_Luzon_R1.fq
Ranges	0-10	11-20	21-30	31-40
Base
1	0.00	0.45	0.63	98.92
2	0.00	0.19	0.29	99.52
3	0.00	0.13	0.24	99.63
4	0.00	0.10	0.21	99.69
5	0.00	0.16	0.88	98.96
6	0.00	0.28	1.00	98.72
7	0.00	0.33	1.09	98.58
8	0.01	0.39	1.25	98.34
9	0.01	0.38	1.20	98.41
10	0.02	0.43	1.32	98.24
11	0.02	0.44	1.33	98.22
12	0.02	0.50	1.46	98.02
13	0.03	0.52	1.42	98.03
14	0.02	0.49	1.40	98.08
15	0.03	0.47	1.42	98.08
16	0.02	0.49	1.41	98.08
17	0.03	0.52	1.44	98.00
18	0.03	0.61	1.60	97.75
19	0.05	0.51	1.46	97.98
20	0.09	0.68	1.53	97.70
21	0.13	0.69	1.52	97.66
22	0.16	0.67	1.51	97.66
23	0.17	0.71	1.62	97.50
24	0.20	0.65	1.57	97.58
25	0.23	0.69	1.61	97.48
26	0.26	0.71	1.73	97.30
27	0.34	0.74	1.76	97.16
28	0.32	0.66	1.74	97.29
29	0.33	0.58	1.69	97.40
30	0.41	0.63	1.82	97.14
31	0.47	0.59	1.78	97.17
32	0.47	0.59	1.82	97.12
33	0.56	0.64	1.95	96.85
34	0.48	0.60	1.89	97.02
35	0.54	0.61	1.96	96.88
36	0.56	0.64	2.09	96.70
37	0.58	0.63	2.02	96.77
38	0.58	0.66	2.17	96.59
39	0.63	0.69	2.17	96.51
40	0.62	0.74	2.38	96.27
41	0.61	0.67	2.23	96.48
42	0.65	0.70	2.37	96.28
43	0.63	0.73	2.40	96.23
44	0.62	0.71	2.45	96.21
45	0.71	0.75	2.64	95.91
46	0.58	0.66	2.17	96.60
47	0.58	0.64	2.16	96.63
48	0.57	0.63	2.20	96.59
49	0.61	0.62	2.20	96.58
50	0.60	0.66	2.32	96.42
51	0.62	0.68	2.47	96.22
52	0.61	0.66	2.71	96.02
53	0.65	0.67	2.77	95.91
54	0.64	0.69	2.85	95.82
55	0.66	0.71	2.84	95.79
56	0.71	0.73	3.07	95.48
57	0.66	0.73	2.89	95.73
58	0.64	0.69	2.93	95.73
59	0.63	0.71	3.03	95.62
60	0.67	0.70	3.07	95.56
61	0.67	0.73	3.09	95.51
62	0.69	0.74	3.26	95.31
63	0.70	0.74	3.30	95.25
64	0.71	0.79	3.44	95.06
65	0.74	0.80	3.54	94.91
66	0.76	0.83	3.68	94.73
67	0.77	0.85	3.68	94.70
68	0.80	0.85	3.72	94.63
69	0.79	0.86	3.83	94.52
70	0.90	1.24	7.85	90.00
71	0.85	1.05	5.19	92.92
72	0.81	0.95	4.48	93.76
73	0.86	0.94	4.26	93.95
74	0.79	0.91	4.22	94.07
75	0.82	0.91	4.13	94.14
76	0.81	0.96	4.23	94.01
77	0.87	0.96	4.29	93.89
78	0.87	0.99	4.41	93.73
79	0.90	1.01	4.47	93.62
80	0.92	1.01	4.57	93.50
81	0.93	1.04	4.70	93.33
82	0.96	1.08	4.79	93.17
83	0.98	1.08	4.92	93.02
84	0.98	1.12	5.02	92.88
85	1.02	1.13	5.05	92.81
86	1.04	1.16	5.13	92.68
87	1.06	1.23	5.26	92.46
88	1.08	1.26	5.32	92.34
89	1.11	1.31	5.43	92.15
90	1.14	1.34	5.54	91.98
91	1.17	1.39	5.54	91.90
92	1.20	1.44	5.57	91.80
93	1.20	1.45	5.63	91.72
94	1.24	1.52	5.77	91.47
95	1.50	1.90	7.45	89.15




