Parameters
	Library type	Single-end
	Input file	/Volumes/wdhd/users/joaks1/projects/gekgo/data/genomes/msg/plate2/demultiplexed-raw/fastq/RMB_7798_Gekko_athymus_Palawan_R1.fq
	Primer/Adaptor library	NA
	Cut-off read length for HQ	70%
	Cut-off quality score	20
	Only statistics	On
	Number of processes	2


QC statistics
	File name	RMB_7798_Gekko_athymus_Palawan_R1.fq
	Total number of reads	519336
	Total number of HQ reads	512892
	Percentage of HQ reads	98.76%
	Total number of bases	49336920
	Total number of bases in HQ reads	48724740
	Total number of HQ bases in HQ reads	48236621
	Percentage of HQ bases in HQ reads	99.00%
	Number of Primer/Adaptor contaminated HQ reads	NA
	Total number of HQ filtered reads	512892
	Percentage of HQ filtered reads	98.76%


Detailed QC statistics
	File name	RMB_7798_Gekko_athymus_Palawan_R1.fq
	Minimum read length	95
	Maximum read length	95
	Average read length	95.00
	Total number of reads	519336
	Total number of reads with non-ATGC bases	450
	Percentage of reads with non-ATGC bases	0.09%
	Total number of bases	49336920
	Total number of HQ bases	48563711
	Percentage of HQ bases	98.43%
	Total number of non-ATGC bases	9970
	Percentage of non-ATGC bases	0.02%


Average quality score at each base position of input reads

RMB_7798_Gekko_athymus_Palawan_R1.fq
36.66	36.84	36.88	36.91	36.71	36.65	36.61	38.91	38.89	38.84	38.74	38.74	38.77	38.74	38.73	38.73	38.70	38.63	38.70	38.59	38.55	38.55	38.55	38.52	38.46	38.36	38.33	38.38	38.38	38.32	38.34	38.32	38.23	38.26	38.19	38.12	38.11	38.11	38.07	37.96	38.00	37.93	37.90	37.88	37.81	37.98	38.02	37.98	37.95	37.91	37.88	37.81	37.73	37.66	37.60	37.45	37.50	37.43	37.36	37.27	37.18	37.05	36.95	36.82	36.62	36.44	36.31	36.20	36.08	34.20	35.00	35.43	35.50	35.49	35.46	35.40	35.33	35.26	35.18	35.12	35.08	35.06	35.03	35.00	34.95	34.89	34.86	34.79	34.60	34.62	34.64	34.65	34.64	34.46	33.87	




Read count (%) per base for different quality score ranges

	RMB_7798_Gekko_athymus_Palawan_R1.fq
Ranges	0-10	11-20	21-30	31-40
Base
1	0.00	0.62	0.68	98.70
2	0.00	0.30	0.36	99.34
3	0.00	0.23	0.31	99.46
4	0.00	0.15	0.26	99.60
5	0.00	0.23	1.10	98.67
6	0.00	0.35	1.20	98.46
7	0.00	0.41	1.31	98.28
8	0.01	0.45	1.37	98.17
9	0.02	0.47	1.39	98.11
10	0.03	0.52	1.53	97.91
11	0.03	0.57	1.59	97.81
12	0.02	0.57	1.58	97.82
13	0.02	0.60	1.59	97.78
14	0.04	0.62	1.61	97.73
15	0.03	0.58	1.61	97.77
16	0.04	0.55	1.57	97.84
17	0.05	0.64	1.65	97.67
18	0.06	0.70	1.77	97.47
19	0.06	0.59	1.66	97.69
20	0.14	0.79	1.73	97.34
21	0.19	0.80	1.74	97.27
22	0.22	0.76	1.68	97.34
23	0.28	0.75	1.72	97.26
24	0.33	0.71	1.74	97.21
25	0.39	0.70	1.83	97.08
26	0.46	0.75	1.91	96.88
27	0.55	0.73	1.96	96.76
28	0.52	0.66	1.91	96.91
29	0.50	0.62	1.84	97.04
30	0.58	0.64	1.97	96.81
31	0.60	0.66	1.94	96.79
32	0.58	0.68	2.02	96.73
33	0.68	0.73	2.14	96.45
34	0.61	0.73	2.10	96.56
35	0.68	0.73	2.17	96.42
36	0.66	0.75	2.32	96.26
37	0.73	0.74	2.31	96.23
38	0.71	0.73	2.36	96.20
39	0.71	0.77	2.42	96.09
40	0.72	0.84	2.55	95.89
41	0.73	0.77	2.55	95.95
42	0.78	0.83	2.65	95.74
43	0.76	0.83	2.73	95.68
44	0.77	0.83	2.77	95.63
45	0.81	0.86	2.91	95.43
46	0.69	0.79	2.66	95.86
47	0.68	0.76	2.66	95.90
48	0.71	0.78	2.81	95.70
49	0.70	0.78	2.88	95.64
50	0.73	0.78	2.91	95.58
51	0.72	0.78	3.00	95.50
52	0.73	0.78	3.17	95.32
53	0.77	0.79	3.27	95.17
54	0.76	0.81	3.40	95.02
55	0.78	0.82	3.51	94.90
56	0.86	0.86	3.73	94.56
57	0.77	0.83	3.47	94.93
58	0.78	0.86	3.64	94.72
59	0.78	0.86	3.60	94.76
60	0.81	0.84	3.65	94.69
61	0.79	0.85	3.70	94.65
62	0.78	0.89	3.83	94.50
63	0.79	0.89	3.82	94.51
64	0.82	0.89	3.89	94.40
65	0.87	0.94	4.18	94.01
66	0.88	0.97	4.27	93.88
67	0.92	0.97	4.31	93.79
68	0.94	0.95	4.31	93.80
69	0.91	0.97	4.41	93.71
70	1.05	1.41	8.76	88.78
71	0.98	1.22	6.01	91.78
72	0.96	1.10	5.19	92.75
73	0.96	1.07	4.99	92.97
74	0.93	1.06	4.85	93.16
75	0.94	1.03	4.77	93.27
76	0.92	1.06	4.85	93.17
77	0.98	1.08	4.89	93.05
78	1.00	1.11	5.05	92.84
79	1.01	1.16	5.20	92.64
80	1.04	1.21	5.33	92.42
81	1.07	1.21	5.37	92.35
82	1.09	1.23	5.44	92.25
83	1.09	1.24	5.49	92.18
84	1.14	1.27	5.45	92.14
85	1.17	1.33	5.50	92.00
86	1.22	1.36	5.67	91.75
87	1.25	1.43	5.70	91.62
88	1.26	1.48	5.94	91.32
89	1.39	1.69	6.54	90.37
90	1.33	1.63	6.51	90.52
91	1.35	1.68	6.11	90.86
92	1.35	1.71	6.03	90.90
93	1.38	1.73	6.05	90.84
94	1.45	2.03	6.67	89.86
95	1.72	2.22	7.86	88.20




