Parameters
	Library type	Single-end
	Input file	/Volumes/wdhd/users/joaks1/projects/gekgo/data/genomes/msg/plate2/demultiplexed-raw/fastq/RMB_7646_Cyrtodactylus_tautbatorum_Palawan_R1.fq
	Primer/Adaptor library	NA
	Cut-off read length for HQ	70%
	Cut-off quality score	20
	Only statistics	On
	Number of processes	2


QC statistics
	File name	RMB_7646_Cyrtodactylus_tautbatorum_Palawan_R1.fq
	Total number of reads	1506052
	Total number of HQ reads	1490926
	Percentage of HQ reads	99.00%
	Total number of bases	143074940
	Total number of bases in HQ reads	141637970
	Total number of HQ bases in HQ reads	140313896
	Percentage of HQ bases in HQ reads	99.07%
	Number of Primer/Adaptor contaminated HQ reads	NA
	Total number of HQ filtered reads	1490926
	Percentage of HQ filtered reads	99.00%


Detailed QC statistics
	File name	RMB_7646_Cyrtodactylus_tautbatorum_Palawan_R1.fq
	Minimum read length	95
	Maximum read length	95
	Average read length	95.00
	Total number of reads	1506052
	Total number of reads with non-ATGC bases	1299
	Percentage of reads with non-ATGC bases	0.09%
	Total number of bases	143074940
	Total number of HQ bases	141120997
	Percentage of HQ bases	98.63%
	Total number of non-ATGC bases	29651
	Percentage of non-ATGC bases	0.02%


Average quality score at each base position of input reads

RMB_7646_Cyrtodactylus_tautbatorum_Palawan_R1.fq
36.02	36.80	36.88	36.91	36.72	36.67	36.63	38.94	38.90	38.84	38.79	38.75	38.80	38.79	38.74	38.73	38.69	38.62	38.73	38.62	38.58	38.62	38.65	38.64	38.57	38.47	38.42	38.44	38.49	38.41	38.44	38.45	38.31	38.37	38.33	38.24	38.27	38.25	38.20	38.18	38.17	38.08	38.04	38.00	37.96	38.11	38.15	38.13	38.11	38.06	38.00	37.93	37.89	37.82	37.74	37.63	37.67	37.63	37.54	37.44	37.34	37.24	37.10	36.96	36.83	36.65	36.48	36.35	36.23	34.43	35.19	35.60	35.64	35.61	35.56	35.50	35.42	35.38	35.31	35.27	35.23	35.18	35.14	35.10	35.06	35.00	34.96	34.93	34.90	34.86	34.83	34.80	34.80	34.78	34.10	




Read count (%) per base for different quality score ranges

	RMB_7646_Cyrtodactylus_tautbatorum_Palawan_R1.fq
Ranges	0-10	11-20	21-30	31-40
Base
1	0.00	0.76	1.27	97.97
2	0.00	0.29	0.43	99.28
3	0.00	0.17	0.32	99.51
4	0.00	0.12	0.25	99.63
5	0.00	0.20	1.06	98.74
6	0.00	0.31	1.14	98.55
7	0.00	0.37	1.24	98.38
8	0.01	0.41	1.31	98.28
9	0.02	0.43	1.38	98.17
10	0.03	0.50	1.48	97.99
11	0.02	0.53	1.48	97.97
12	0.02	0.55	1.54	97.89
13	0.02	0.54	1.51	97.93
14	0.02	0.55	1.52	97.90
15	0.03	0.56	1.60	97.82
16	0.03	0.55	1.53	97.89
17	0.04	0.63	1.61	97.72
18	0.05	0.70	1.78	97.47
19	0.06	0.54	1.57	97.83
20	0.12	0.72	1.65	97.51
21	0.14	0.77	1.68	97.40
22	0.17	0.65	1.62	97.55
23	0.19	0.67	1.61	97.54
24	0.25	0.61	1.63	97.51
25	0.31	0.62	1.70	97.37
26	0.37	0.62	1.82	97.20
27	0.47	0.64	1.86	97.03
28	0.42	0.60	1.85	97.14
29	0.40	0.56	1.73	97.31
30	0.48	0.59	1.88	97.06
31	0.49	0.59	1.82	97.09
32	0.47	0.61	1.88	97.04
33	0.57	0.68	2.03	96.71
34	0.47	0.63	1.98	96.91
35	0.52	0.65	2.03	96.80
36	0.54	0.67	2.19	96.60
37	0.57	0.66	2.10	96.67
38	0.58	0.69	2.18	96.55
39	0.59	0.70	2.30	96.41
40	0.56	0.69	2.36	96.38
41	0.58	0.69	2.40	96.33
42	0.63	0.75	2.54	96.08
43	0.63	0.75	2.64	95.98
44	0.65	0.75	2.70	95.89
45	0.67	0.78	2.77	95.78
46	0.59	0.68	2.49	96.24
47	0.57	0.67	2.52	96.23
48	0.58	0.68	2.60	96.15
49	0.57	0.67	2.70	96.06
50	0.62	0.69	2.76	95.93
51	0.62	0.70	2.89	95.79
52	0.63	0.71	3.03	95.64
53	0.65	0.71	3.10	95.55
54	0.65	0.73	3.22	95.39
55	0.67	0.73	3.33	95.26
56	0.72	0.78	3.49	95.01
57	0.67	0.72	3.26	95.35
58	0.65	0.73	3.33	95.30
59	0.63	0.77	3.38	95.22
60	0.68	0.76	3.45	95.10
61	0.67	0.79	3.50	95.04
62	0.66	0.79	3.52	95.03
63	0.70	0.79	3.60	94.91
64	0.71	0.80	3.67	94.82
65	0.72	0.81	3.76	94.71
66	0.75	0.84	3.86	94.55
67	0.75	0.89	4.05	94.31
68	0.75	0.88	4.09	94.28
69	0.74	0.86	4.14	94.26
70	0.86	1.27	8.19	89.67
71	0.83	1.09	5.73	92.36
72	0.81	0.99	4.94	93.27
73	0.83	0.98	4.66	93.54
74	0.80	0.96	4.62	93.62
75	0.81	0.96	4.59	93.64
76	0.80	0.97	4.68	93.55
77	0.83	1.00	4.78	93.40
78	0.86	1.00	4.80	93.34
79	0.89	1.05	4.92	93.14
80	0.90	1.07	5.02	93.02
81	0.89	1.10	5.11	92.91
82	0.92	1.11	5.15	92.82
83	0.95	1.16	5.25	92.65
84	0.95	1.19	5.33	92.53
85	0.97	1.22	5.40	92.41
86	1.04	1.24	5.51	92.21
87	1.06	1.29	5.59	92.05
88	1.07	1.35	5.57	92.01
89	1.09	1.38	5.62	91.90
90	1.11	1.45	5.75	91.69
91	1.13	1.49	5.79	91.59
92	1.19	1.53	5.77	91.52
93	1.15	1.55	5.78	91.52
94	1.17	1.61	5.77	91.46
95	1.46	2.00	7.45	89.08




