Parameters
	Library type	Single-end
	Input file	/Volumes/wdhd/users/joaks1/projects/gekgo/data/genomes/msg/plate2/demultiplexed-raw/fastq/RMB_6628_Cyrtodactylus_philippinicus_Mindoro_R1.fq
	Primer/Adaptor library	NA
	Cut-off read length for HQ	70%
	Cut-off quality score	20
	Only statistics	On
	Number of processes	2


QC statistics
	File name	RMB_6628_Cyrtodactylus_philippinicus_Mindoro_R1.fq
	Total number of reads	2427618
	Total number of HQ reads	2403791
	Percentage of HQ reads	99.02%
	Total number of bases	230623710
	Total number of bases in HQ reads	228360145
	Total number of HQ bases in HQ reads	226322691
	Percentage of HQ bases in HQ reads	99.11%
	Number of Primer/Adaptor contaminated HQ reads	NA
	Total number of HQ filtered reads	2403791
	Percentage of HQ filtered reads	99.02%


Detailed QC statistics
	File name	RMB_6628_Cyrtodactylus_philippinicus_Mindoro_R1.fq
	Minimum read length	95
	Maximum read length	95
	Average read length	95.00
	Total number of reads	2427618
	Total number of reads with non-ATGC bases	2288
	Percentage of reads with non-ATGC bases	0.09%
	Total number of bases	230623710
	Total number of HQ bases	227592115
	Percentage of HQ bases	98.69%
	Total number of non-ATGC bases	52389
	Percentage of non-ATGC bases	0.02%


Average quality score at each base position of input reads

RMB_6628_Cyrtodactylus_philippinicus_Mindoro_R1.fq
35.64	36.84	36.91	36.94	36.74	36.67	36.64	38.97	38.93	38.89	38.83	38.80	38.85	38.85	38.80	38.79	38.77	38.69	38.78	38.70	38.65	38.66	38.68	38.69	38.62	38.53	38.49	38.48	38.53	38.45	38.50	38.49	38.38	38.43	38.38	38.32	38.33	38.35	38.28	38.24	38.23	38.16	38.11	38.08	38.03	38.19	38.22	38.19	38.18	38.12	38.09	38.01	37.97	37.90	37.83	37.74	37.77	37.71	37.61	37.54	37.46	37.35	37.22	37.05	36.94	36.76	36.64	36.51	36.37	34.53	35.33	35.76	35.82	35.76	35.70	35.61	35.54	35.49	35.44	35.36	35.33	35.27	35.21	35.19	35.14	35.09	35.05	35.01	35.01	34.96	34.90	34.90	34.90	34.88	34.22	




Read count (%) per base for different quality score ranges

	RMB_6628_Cyrtodactylus_philippinicus_Mindoro_R1.fq
Ranges	0-10	11-20	21-30	31-40
Base
1	0.00	0.82	1.42	97.76
2	0.00	0.23	0.35	99.42
3	0.00	0.14	0.24	99.62
4	0.00	0.09	0.18	99.73
5	0.00	0.16	0.99	98.84
6	0.00	0.31	1.13	98.55
7	0.00	0.37	1.20	98.43
8	0.01	0.40	1.24	98.35
9	0.02	0.43	1.34	98.21
10	0.03	0.49	1.42	98.07
11	0.02	0.52	1.47	98.00
12	0.02	0.52	1.47	98.00
13	0.02	0.53	1.45	98.01
14	0.02	0.52	1.46	98.00
15	0.02	0.54	1.52	97.91
16	0.03	0.53	1.46	97.99
17	0.03	0.58	1.51	97.87
18	0.05	0.66	1.66	97.63
19	0.05	0.54	1.50	97.91
20	0.11	0.71	1.58	97.61
21	0.12	0.75	1.61	97.51
22	0.15	0.69	1.58	97.59
23	0.17	0.68	1.57	97.58
24	0.20	0.63	1.56	97.60
25	0.27	0.64	1.63	97.46
26	0.32	0.64	1.75	97.29
27	0.42	0.65	1.76	97.17
28	0.40	0.62	1.77	97.21
29	0.38	0.55	1.68	97.38
30	0.46	0.58	1.81	97.15
31	0.48	0.58	1.73	97.20
32	0.46	0.58	1.81	97.16
33	0.56	0.66	1.92	96.86
34	0.48	0.63	1.87	97.01
35	0.52	0.63	1.94	96.90
36	0.53	0.65	2.04	96.78
37	0.55	0.64	2.02	96.79
38	0.54	0.64	2.06	96.76
39	0.57	0.69	2.14	96.61
40	0.55	0.69	2.23	96.54
41	0.58	0.68	2.27	96.48
42	0.62	0.72	2.40	96.26
43	0.62	0.72	2.51	96.15
44	0.64	0.72	2.56	96.09
45	0.65	0.76	2.62	95.98
46	0.57	0.68	2.34	96.41
47	0.55	0.67	2.38	96.40
48	0.59	0.68	2.47	96.26
49	0.55	0.66	2.54	96.25
50	0.61	0.70	2.64	96.05
51	0.60	0.69	2.72	96.00
52	0.61	0.70	2.87	95.82
53	0.62	0.69	2.98	95.71
54	0.62	0.72	3.09	95.56
55	0.63	0.72	3.15	95.50
56	0.68	0.74	3.28	95.30
57	0.63	0.72	3.11	95.54
58	0.63	0.73	3.21	95.42
59	0.62	0.78	3.37	95.22
60	0.66	0.75	3.35	95.24
61	0.65	0.76	3.37	95.22
62	0.65	0.76	3.45	95.14
63	0.67	0.77	3.53	95.03
64	0.69	0.80	3.87	94.64
65	0.70	0.81	3.69	94.80
66	0.72	0.84	3.87	94.56
67	0.71	0.86	3.90	94.53
68	0.73	0.86	3.95	94.46
69	0.72	0.88	4.16	94.25
70	0.82	1.27	8.22	89.69
71	0.77	1.07	5.49	92.67
72	0.77	0.97	4.71	93.56
73	0.77	0.93	4.47	93.83
74	0.74	0.92	4.42	93.92
75	0.75	0.91	4.39	93.94
76	0.79	0.96	4.51	93.74
77	0.80	0.98	4.62	93.60
78	0.81	0.98	4.62	93.58
79	0.82	0.99	4.72	93.46
80	0.83	1.03	4.94	93.20
81	0.85	1.03	4.94	93.18
82	0.86	1.06	5.01	93.07
83	0.91	1.11	5.09	92.90
84	0.91	1.13	5.16	92.81
85	0.94	1.17	5.24	92.64
86	0.95	1.22	5.37	92.46
87	0.99	1.24	5.43	92.35
88	0.98	1.29	5.50	92.24
89	0.99	1.31	5.46	92.23
90	1.01	1.37	5.58	92.03
91	1.06	1.41	5.68	91.86
92	1.05	1.43	5.69	91.82
93	1.06	1.46	5.67	91.80
94	1.08	1.50	5.66	91.76
95	1.37	1.88	7.27	89.48




