Parameters
	Library type	Single-end
	Input file	/Volumes/wdhd/users/joaks1/projects/gekgo/data/genomes/msg/plate2/demultiplexed-raw/fastq/RMB_12578_Gehyra_mutilata_Luzon_R1.fq
	Primer/Adaptor library	NA
	Cut-off read length for HQ	70%
	Cut-off quality score	20
	Only statistics	On
	Number of processes	2


QC statistics
	File name	RMB_12578_Gehyra_mutilata_Luzon_R1.fq
	Total number of reads	9179
	Total number of HQ reads	9029
	Percentage of HQ reads	98.37%
	Total number of bases	872005
	Total number of bases in HQ reads	857755
	Total number of HQ bases in HQ reads	847881
	Percentage of HQ bases in HQ reads	98.85%
	Number of Primer/Adaptor contaminated HQ reads	NA
	Total number of HQ filtered reads	9029
	Percentage of HQ filtered reads	98.37%


Detailed QC statistics
	File name	RMB_12578_Gehyra_mutilata_Luzon_R1.fq
	Minimum read length	95
	Maximum read length	95
	Average read length	95.00
	Total number of reads	9179
	Total number of reads with non-ATGC bases	8
	Percentage of reads with non-ATGC bases	0.09%
	Total number of bases	872005
	Total number of HQ bases	855632
	Percentage of HQ bases	98.12%
	Total number of non-ATGC bases	202
	Percentage of non-ATGC bases	0.02%


Average quality score at each base position of input reads

RMB_12578_Gehyra_mutilata_Luzon_R1.fq
36.31	36.74	36.83	36.86	36.62	36.51	36.52	38.71	38.72	38.65	38.54	38.52	38.58	38.64	38.58	38.54	38.52	38.42	38.53	38.40	38.30	38.34	38.38	38.40	38.29	38.19	38.19	38.13	38.19	38.11	38.13	38.16	37.96	38.04	38.09	38.01	37.96	37.91	37.85	37.89	37.96	37.83	37.79	37.73	37.76	37.84	37.93	37.94	37.99	37.86	37.85	37.81	37.75	37.65	37.57	37.39	37.58	37.49	37.47	37.38	37.33	37.30	37.09	37.07	36.94	36.80	36.65	36.50	36.39	34.46	35.24	35.62	35.73	35.66	35.52	35.44	35.35	35.26	35.14	35.06	35.05	34.95	34.91	34.87	34.80	34.75	34.67	34.69	34.58	34.54	34.52	34.49	34.42	34.44	33.70	




Read count (%) per base for different quality score ranges

	RMB_12578_Gehyra_mutilata_Luzon_R1.fq
Ranges	0-10	11-20	21-30	31-40
Base
1	0.03	1.13	1.10	97.73
2	0.03	0.49	0.60	98.88
3	0.00	0.29	0.42	99.28
4	0.00	0.24	0.42	99.34
5	0.00	0.36	1.48	98.16
6	0.01	0.61	1.54	97.84
7	0.01	0.60	1.61	97.78
8	0.00	0.62	1.93	97.45
9	0.03	0.62	1.53	97.82
10	0.02	0.78	1.86	97.33
11	0.03	0.71	2.21	97.05
12	0.01	0.82	2.03	97.15
13	0.02	0.85	1.93	97.20
14	0.03	0.65	1.98	97.33
15	0.05	0.93	1.81	97.21
16	0.07	0.75	2.21	96.97
17	0.08	0.84	2.00	97.08
18	0.05	1.03	2.29	96.62
19	0.04	0.95	1.92	97.09
20	0.21	1.15	1.92	96.72
21	0.16	1.26	2.32	96.25
22	0.19	1.05	2.18	96.59
23	0.23	1.13	1.96	96.68
24	0.32	1.02	1.92	96.74
25	0.28	1.11	2.30	96.31
26	0.38	1.21	2.15	96.26
27	0.41	1.13	2.20	96.25
28	0.62	0.83	2.49	96.06
29	0.64	0.81	2.27	96.28
30	0.75	0.84	2.36	96.05
31	0.94	0.62	2.29	96.15
32	0.77	0.73	2.40	96.10
33	0.98	0.80	2.44	95.78
34	0.82	1.00	2.24	95.94
35	0.78	0.73	2.42	96.07
36	0.71	0.88	2.68	95.73
37	1.03	0.75	2.64	95.58
38	0.98	0.92	2.77	95.34
39	0.96	1.05	2.76	95.24
40	0.88	1.01	2.67	95.44
41	0.84	0.86	2.55	95.75
42	0.93	0.96	3.00	95.12
43	0.88	0.96	3.01	95.15
44	0.88	1.08	3.20	94.84
45	0.88	0.88	3.07	95.16
46	1.05	0.81	2.83	95.32
47	0.81	0.96	3.06	95.17
48	0.78	0.90	3.03	95.28
49	0.80	0.71	2.90	95.60
50	0.85	0.93	3.28	94.94
51	0.90	0.87	3.12	95.11
52	0.88	0.77	3.31	95.03
53	0.98	0.90	3.43	94.68
54	0.98	0.80	4.02	94.20
55	1.06	0.96	3.83	94.15
56	1.25	1.07	4.15	93.53
57	0.85	0.93	4.04	94.18
58	0.99	1.07	4.05	93.89
59	0.89	1.14	4.04	93.92
60	0.92	1.07	4.38	93.64
61	0.89	1.10	4.11	93.90
62	0.93	0.90	4.24	93.93
63	1.05	1.05	4.53	93.38
64	0.93	1.03	4.47	93.57
65	0.84	1.05	4.77	93.34
66	0.88	1.09	4.71	93.32
67	0.99	1.05	4.67	93.29
68	1.02	1.09	4.84	93.05
69	1.03	1.20	4.59	93.18
70	1.15	1.73	8.79	88.32
71	1.09	1.49	6.17	91.25
72	1.18	1.45	5.63	91.74
73	1.13	1.13	5.51	92.22
74	1.10	1.33	5.26	92.31
75	1.21	1.34	5.25	92.20
76	1.08	1.33	5.88	91.71
77	1.14	1.34	5.40	92.11
78	1.20	1.22	5.58	92.00
79	1.11	1.50	5.72	91.67
80	1.36	1.46	5.51	91.67
81	1.18	1.42	5.90	91.50
82	1.17	1.56	6.14	91.13
83	1.46	1.30	6.05	91.20
84	1.30	1.39	6.23	91.08
85	1.25	1.68	5.97	91.10
86	1.45	1.44	6.42	90.70
87	1.55	1.66	6.46	90.34
88	1.43	1.61	6.45	90.51
89	1.61	1.86	6.43	90.10
90	1.44	1.96	6.72	89.88
91	1.44	1.84	6.98	89.74
92	1.42	1.98	6.89	89.72
93	1.76	1.74	6.98	89.51
94	1.68	1.93	6.71	89.68
95	1.97	2.79	8.42	86.82




