Parameters
	Library type	Single-end
	Input file	/Volumes/wdhd/users/joaks1/projects/gekgo/data/genomes/msg/plate2/demultiplexed-raw/fastq/RMB_13659_Gekko_mindorensis_Luzon_R1.fq
	Primer/Adaptor library	NA
	Cut-off read length for HQ	70%
	Cut-off quality score	20
	Only statistics	On
	Number of processes	2


QC statistics
	File name	RMB_13659_Gekko_mindorensis_Luzon_R1.fq
	Total number of reads	1313857
	Total number of HQ reads	1299742
	Percentage of HQ reads	98.93%
	Total number of bases	124816415
	Total number of bases in HQ reads	123475490
	Total number of HQ bases in HQ reads	122400549
	Percentage of HQ bases in HQ reads	99.13%
	Number of Primer/Adaptor contaminated HQ reads	NA
	Total number of HQ filtered reads	1299742
	Percentage of HQ filtered reads	98.93%


Detailed QC statistics
	File name	RMB_13659_Gekko_mindorensis_Luzon_R1.fq
	Minimum read length	95
	Maximum read length	95
	Average read length	95.00
	Total number of reads	1313857
	Total number of reads with non-ATGC bases	1144
	Percentage of reads with non-ATGC bases	0.09%
	Total number of bases	124816415
	Total number of HQ bases	123123432
	Percentage of HQ bases	98.64%
	Total number of non-ATGC bases	27109
	Percentage of non-ATGC bases	0.02%


Average quality score at each base position of input reads

RMB_13659_Gekko_mindorensis_Luzon_R1.fq
34.90	36.78	36.89	36.92	36.74	36.70	36.66	38.93	38.95	38.94	38.91	38.80	38.87	38.90	38.90	38.84	38.84	38.78	38.84	38.74	38.72	38.72	38.69	38.70	38.65	38.58	38.53	38.56	38.58	38.50	38.53	38.54	38.43	38.48	38.45	38.36	38.41	38.32	38.31	38.22	38.29	38.24	38.21	38.20	38.12	38.25	38.31	38.32	38.29	38.25	38.17	38.13	38.08	38.04	37.99	37.86	37.88	37.88	37.82	37.75	37.65	37.54	37.43	37.31	37.18	37.04	36.92	36.78	36.63	34.69	35.53	35.99	36.04	36.00	35.90	35.78	35.69	35.60	35.53	35.45	35.41	35.35	35.31	35.26	35.22	35.17	35.13	35.09	35.04	34.98	34.97	34.94	34.93	34.87	34.20	




Read count (%) per base for different quality score ranges

	RMB_13659_Gekko_mindorensis_Luzon_R1.fq
Ranges	0-10	11-20	21-30	31-40
Base
1	0.00	1.07	2.46	96.48
2	0.00	0.28	0.43	99.29
3	0.00	0.15	0.28	99.56
4	0.00	0.11	0.21	99.69
5	0.00	0.18	0.97	98.85
6	0.00	0.29	1.03	98.68
7	0.00	0.34	1.13	98.52
8	0.01	0.41	1.26	98.32
9	0.01	0.40	1.22	98.37
10	0.02	0.44	1.33	98.21
11	0.02	0.46	1.33	98.19
12	0.02	0.52	1.44	98.02
13	0.03	0.53	1.43	98.02
14	0.02	0.53	1.40	98.05
15	0.02	0.50	1.40	98.08
16	0.02	0.52	1.41	98.05
17	0.03	0.56	1.44	97.97
18	0.03	0.62	1.57	97.78
19	0.05	0.52	1.46	97.96
20	0.10	0.69	1.53	97.68
21	0.14	0.73	1.50	97.64
22	0.16	0.68	1.46	97.70
23	0.18	0.71	1.54	97.57
24	0.20	0.66	1.53	97.60
25	0.25	0.69	1.55	97.51
26	0.28	0.70	1.69	97.33
27	0.37	0.74	1.69	97.21
28	0.36	0.66	1.66	97.32
29	0.37	0.58	1.60	97.44
30	0.45	0.61	1.74	97.19
31	0.48	0.60	1.72	97.20
32	0.49	0.58	1.72	97.21
33	0.57	0.64	1.84	96.95
34	0.50	0.62	1.80	97.08
35	0.54	0.63	1.81	97.02
36	0.57	0.64	1.97	96.82
37	0.59	0.62	1.92	96.87
38	0.60	0.66	2.03	96.71
39	0.62	0.68	2.04	96.66
40	0.61	0.72	2.20	96.47
41	0.61	0.66	2.11	96.62
42	0.63	0.71	2.18	96.47
43	0.65	0.72	2.25	96.38
44	0.64	0.69	2.26	96.41
45	0.70	0.73	2.44	96.14
46	0.61	0.67	2.13	96.59
47	0.61	0.64	2.13	96.61
48	0.60	0.65	2.19	96.56
49	0.63	0.67	2.24	96.46
50	0.63	0.68	2.36	96.33
51	0.65	0.69	2.48	96.18
52	0.62	0.69	2.66	96.04
53	0.66	0.68	2.74	95.91
54	0.68	0.70	2.77	95.85
55	0.69	0.71	2.84	95.77
56	0.75	0.76	3.09	95.41
57	0.69	0.73	2.90	95.67
58	0.66	0.71	2.90	95.72
59	0.64	0.75	3.01	95.60
60	0.69	0.75	3.05	95.51
61	0.71	0.76	3.10	95.43
62	0.73	0.77	3.25	95.24
63	0.72	0.79	3.27	95.23
64	0.74	0.80	3.39	95.07
65	0.76	0.83	3.49	94.92
66	0.79	0.83	3.63	94.75
67	0.80	0.87	3.63	94.70
68	0.84	0.87	3.67	94.63
69	0.81	0.88	3.73	94.59
70	0.92	1.27	7.63	90.18
71	0.86	1.07	5.14	92.93
72	0.86	0.96	4.42	93.76
73	0.88	0.95	4.22	93.95
74	0.83	0.94	4.14	94.09
75	0.86	0.93	4.06	94.15
76	0.84	0.96	4.17	94.03
77	0.87	0.97	4.21	93.95
78	0.88	0.98	4.29	93.85
79	0.90	1.01	4.41	93.68
80	0.95	1.03	4.48	93.53
81	0.93	1.05	4.61	93.41
82	0.95	1.07	4.71	93.26
83	0.98	1.08	4.80	93.14
84	0.99	1.12	4.85	93.04
85	1.02	1.12	4.90	92.96
86	1.04	1.16	4.95	92.85
87	1.05	1.20	5.05	92.70
88	1.07	1.26	5.10	92.58
89	1.12	1.29	5.19	92.40
90	1.13	1.35	5.32	92.20
91	1.17	1.36	5.32	92.16
92	1.19	1.39	5.31	92.10
93	1.21	1.42	5.35	92.02
94	1.22	1.52	5.49	91.78
95	1.51	1.84	7.01	89.64




