Parameters
	Library type	Single-end
	Input file	/Volumes/wdhd/users/joaks1/projects/gekgo/data/genomes/msg/plate2/demultiplexed-raw/fastq/RMB_13589_Gekko_carusadensis_Luzon_R1.fq
	Primer/Adaptor library	NA
	Cut-off read length for HQ	70%
	Cut-off quality score	20
	Only statistics	On
	Number of processes	2


QC statistics
	File name	RMB_13589_Gekko_carusadensis_Luzon_R1.fq
	Total number of reads	776577
	Total number of HQ reads	766846
	Percentage of HQ reads	98.75%
	Total number of bases	73774815
	Total number of bases in HQ reads	72850370
	Total number of HQ bases in HQ reads	72137168
	Percentage of HQ bases in HQ reads	99.02%
	Number of Primer/Adaptor contaminated HQ reads	NA
	Total number of HQ filtered reads	766846
	Percentage of HQ filtered reads	98.75%


Detailed QC statistics
	File name	RMB_13589_Gekko_carusadensis_Luzon_R1.fq
	Minimum read length	95
	Maximum read length	95
	Average read length	95.00
	Total number of reads	776577
	Total number of reads with non-ATGC bases	702
	Percentage of reads with non-ATGC bases	0.09%
	Total number of bases	73774815
	Total number of HQ bases	72629772
	Percentage of HQ bases	98.45%
	Total number of non-ATGC bases	15717
	Percentage of non-ATGC bases	0.02%


Average quality score at each base position of input reads

RMB_13589_Gekko_carusadensis_Luzon_R1.fq
34.89	36.78	36.89	36.92	36.74	36.67	36.65	38.91	38.89	38.84	38.78	38.70	38.75	38.76	38.75	38.71	38.70	38.62	38.67	38.57	38.54	38.51	38.50	38.51	38.44	38.34	38.30	38.31	38.32	38.22	38.24	38.26	38.14	38.18	38.14	37.98	38.06	38.02	37.96	37.87	37.92	37.85	37.82	37.82	37.72	38.03	38.12	38.14	38.09	38.07	38.01	37.96	37.93	37.88	37.83	37.72	37.78	37.76	37.68	37.60	37.50	37.38	37.28	37.16	37.02	36.91	36.77	36.62	36.49	34.50	35.29	35.77	35.82	35.79	35.70	35.61	35.49	35.42	35.32	35.23	35.17	35.10	35.07	35.01	34.97	34.90	34.85	34.79	34.75	34.68	34.66	34.61	34.61	34.54	33.85	




Read count (%) per base for different quality score ranges

	RMB_13589_Gekko_carusadensis_Luzon_R1.fq
Ranges	0-10	11-20	21-30	31-40
Base
1	0.00	1.16	2.37	96.47
2	0.00	0.29	0.47	99.24
3	0.00	0.15	0.30	99.55
4	0.00	0.10	0.22	99.68
5	0.00	0.16	0.97	98.86
6	0.00	0.30	1.10	98.60
7	0.00	0.34	1.16	98.50
8	0.01	0.38	1.25	98.36
9	0.02	0.39	1.29	98.30
10	0.02	0.46	1.38	98.14
11	0.01	0.48	1.45	98.06
12	0.02	0.52	1.50	97.96
13	0.02	0.52	1.51	97.95
14	0.02	0.52	1.49	97.97
15	0.03	0.50	1.52	97.95
16	0.03	0.53	1.52	97.92
17	0.04	0.58	1.49	97.89
18	0.04	0.65	1.68	97.62
19	0.06	0.54	1.56	97.85
20	0.12	0.72	1.65	97.51
21	0.16	0.76	1.65	97.43
22	0.19	0.74	1.68	97.39
23	0.24	0.76	1.69	97.31
24	0.23	0.72	1.67	97.38
25	0.31	0.75	1.74	97.20
26	0.32	0.76	1.90	97.02
27	0.40	0.78	1.89	96.93
28	0.43	0.72	1.90	96.95
29	0.42	0.67	1.82	97.09
30	0.53	0.69	1.98	96.80
31	0.58	0.67	1.93	96.82
32	0.58	0.67	1.96	96.79
33	0.66	0.71	2.12	96.51
34	0.60	0.70	2.06	96.64
35	0.64	0.69	2.09	96.58
36	0.68	0.74	2.33	96.25
37	0.68	0.70	2.16	96.46
38	0.69	0.74	2.28	96.30
39	0.80	0.78	2.32	96.09
40	0.74	0.82	2.57	95.87
41	0.75	0.78	2.46	96.01
42	0.75	0.81	2.62	95.82
43	0.77	0.82	2.72	95.68
44	0.76	0.81	2.59	95.84
45	0.85	0.87	2.82	95.45
46	0.70	0.71	2.37	96.22
47	0.71	0.70	2.33	96.26
48	0.69	0.71	2.40	96.20
49	0.76	0.73	2.46	96.06
50	0.73	0.75	2.56	95.96
51	0.77	0.78	2.66	95.79
52	0.74	0.77	2.80	95.68
53	0.75	0.76	2.87	95.63
54	0.77	0.77	2.95	95.51
55	0.78	0.78	3.05	95.39
56	0.84	0.80	3.34	95.02
57	0.80	0.81	3.04	95.35
58	0.77	0.79	3.13	95.32
59	0.77	0.84	3.19	95.19
60	0.81	0.83	3.28	95.08
61	0.85	0.87	3.32	94.96
62	0.83	0.90	3.61	94.66
63	0.84	0.86	3.65	94.65
64	0.93	0.90	3.65	94.52
65	0.88	0.93	3.87	94.31
66	0.89	0.93	3.95	94.23
67	0.90	0.96	4.02	94.12
68	1.00	0.99	4.00	94.01
69	0.93	0.98	4.15	93.94
70	1.11	1.39	8.22	89.28
71	1.02	1.21	5.67	92.09
72	0.98	1.07	4.93	93.02
73	1.03	1.07	4.67	93.22
74	0.99	1.05	4.58	93.38
75	1.04	1.07	4.49	93.41
76	1.00	1.08	4.57	93.35
77	1.05	1.16	4.66	93.13
78	1.04	1.11	4.79	93.06
79	1.10	1.16	4.84	92.90
80	1.11	1.20	5.04	92.65
81	1.09	1.20	5.21	92.49
82	1.15	1.24	5.25	92.37
83	1.14	1.22	5.28	92.36
84	1.17	1.25	5.40	92.19
85	1.19	1.28	5.48	92.06
86	1.25	1.32	5.56	91.87
87	1.29	1.39	5.65	91.67
88	1.30	1.44	5.78	91.48
89	1.32	1.46	5.87	91.35
90	1.39	1.56	5.95	91.11
91	1.37	1.58	6.05	91.00
92	1.48	1.64	6.03	90.85
93	1.42	1.65	6.13	90.81
94	1.51	1.72	6.12	90.65
95	1.78	2.15	7.96	88.11




