Parameters
	Library type	Single-end
	Input file	/Volumes/wdhd/users/joaks1/projects/gekgo/data/genomes/msg/plate2/demultiplexed-raw/fastq/RMB_5970_Gekko_crombota_BabuyanClaro_R1.fq
	Primer/Adaptor library	NA
	Cut-off read length for HQ	70%
	Cut-off quality score	20
	Only statistics	On
	Number of processes	2


QC statistics
	File name	RMB_5970_Gekko_crombota_BabuyanClaro_R1.fq
	Total number of reads	226936
	Total number of HQ reads	223848
	Percentage of HQ reads	98.64%
	Total number of bases	21558920
	Total number of bases in HQ reads	21265560
	Total number of HQ bases in HQ reads	21054024
	Percentage of HQ bases in HQ reads	99.01%
	Number of Primer/Adaptor contaminated HQ reads	NA
	Total number of HQ filtered reads	223848
	Percentage of HQ filtered reads	98.64%


Detailed QC statistics
	File name	RMB_5970_Gekko_crombota_BabuyanClaro_R1.fq
	Minimum read length	95
	Maximum read length	95
	Average read length	95.00
	Total number of reads	226936
	Total number of reads with non-ATGC bases	195
	Percentage of reads with non-ATGC bases	0.09%
	Total number of bases	21558920
	Total number of HQ bases	21211669
	Percentage of HQ bases	98.39%
	Total number of non-ATGC bases	4689
	Percentage of non-ATGC bases	0.02%


Average quality score at each base position of input reads

RMB_5970_Gekko_crombota_BabuyanClaro_R1.fq
35.47	36.78	36.86	36.90	36.70	36.64	36.60	38.89	38.86	38.81	38.76	38.65	38.73	38.70	38.69	38.70	38.71	38.67	38.71	38.60	38.56	38.57	38.58	38.59	38.52	38.41	38.37	38.38	38.42	38.28	38.30	38.34	38.21	38.29	38.25	38.11	38.20	38.16	38.11	37.98	38.09	37.99	37.99	37.98	37.94	38.07	38.07	38.07	38.07	38.03	37.97	37.91	37.82	37.80	37.74	37.62	37.66	37.61	37.52	37.43	37.27	37.17	37.07	36.93	36.79	36.66	36.53	36.35	36.25	34.39	35.14	35.58	35.65	35.58	35.51	35.45	35.38	35.32	35.27	35.20	35.15	35.10	35.08	35.04	35.01	34.97	34.91	34.83	34.81	34.78	34.77	34.75	34.70	34.60	33.87	




Read count (%) per base for different quality score ranges

	RMB_5970_Gekko_crombota_BabuyanClaro_R1.fq
Ranges	0-10	11-20	21-30	31-40
Base
1	0.01	1.05	1.86	97.08
2	0.00	0.35	0.45	99.20
3	0.00	0.25	0.36	99.39
4	0.00	0.17	0.27	99.55
5	0.00	0.26	1.09	98.65
6	0.00	0.37	1.25	98.38
7	0.00	0.44	1.35	98.21
8	0.01	0.48	1.41	98.10
9	0.02	0.51	1.45	98.02
10	0.02	0.59	1.57	97.82
11	0.02	0.62	1.59	97.76
12	0.03	0.67	1.71	97.60
13	0.02	0.68	1.65	97.65
14	0.03	0.70	1.71	97.56
15	0.03	0.66	1.71	97.61
16	0.03	0.62	1.61	97.75
17	0.05	0.67	1.65	97.64
18	0.06	0.70	1.75	97.49
19	0.07	0.62	1.65	97.66
20	0.15	0.83	1.73	97.28
21	0.21	0.85	1.77	97.18
22	0.26	0.76	1.68	97.30
23	0.28	0.82	1.70	97.20
24	0.31	0.71	1.77	97.21
25	0.40	0.73	1.79	97.08
26	0.47	0.71	1.97	96.85
27	0.55	0.75	1.94	96.76
28	0.53	0.72	1.87	96.87
29	0.49	0.67	1.87	96.97
30	0.59	0.70	1.97	96.74
31	0.66	0.70	1.99	96.65
32	0.62	0.71	2.04	96.63
33	0.72	0.82	2.15	96.31
34	0.63	0.73	2.09	96.56
35	0.71	0.76	2.06	96.47
36	0.74	0.81	2.29	96.16
37	0.73	0.77	2.19	96.31
38	0.74	0.77	2.23	96.26
39	0.79	0.82	2.37	96.02
40	0.80	0.88	2.55	95.77
41	0.75	0.82	2.39	96.03
42	0.80	0.88	2.60	95.72
43	0.81	0.88	2.60	95.71
44	0.78	0.87	2.66	95.69
45	0.84	0.87	2.74	95.55
46	0.79	0.79	2.49	95.93
47	0.77	0.81	2.56	95.86
48	0.75	0.80	2.68	95.77
49	0.72	0.81	2.69	95.78
50	0.78	0.82	2.80	95.60
51	0.76	0.86	2.96	95.42
52	0.75	0.82	3.12	95.31
53	0.81	0.84	3.26	95.09
54	0.81	0.86	3.21	95.11
55	0.78	0.90	3.33	94.98
56	0.88	0.84	3.59	94.70
57	0.82	0.85	3.36	94.98
58	0.79	0.89	3.41	94.91
59	0.80	0.91	3.48	94.82
60	0.83	0.88	3.56	94.73
61	0.83	0.89	3.66	94.62
62	0.86	0.88	3.79	94.46
63	0.87	0.93	3.74	94.46
64	0.86	0.99	3.87	94.29
65	0.88	0.97	3.92	94.23
66	0.92	0.95	3.99	94.13
67	0.90	0.97	4.13	94.00
68	0.95	0.97	4.23	93.86
69	0.95	0.99	4.16	93.90
70	1.08	1.43	8.15	89.35
71	1.00	1.21	5.93	91.87
72	0.99	1.12	5.11	92.79
73	1.01	1.07	4.78	93.14
74	0.97	1.07	4.78	93.19
75	1.00	1.06	4.67	93.27
76	0.99	1.14	4.71	93.16
77	1.01	1.13	4.85	93.02
78	1.04	1.15	4.90	92.91
79	1.03	1.15	5.02	92.80
80	1.10	1.18	5.01	92.71
81	1.04	1.21	5.36	92.39
82	1.12	1.23	5.27	92.38
83	1.12	1.23	5.34	92.31
84	1.13	1.28	5.39	92.20
85	1.17	1.28	5.47	92.07
86	1.16	1.37	5.51	91.96
87	1.19	1.41	5.72	91.67
88	1.30	1.47	5.73	91.51
89	1.27	1.56	5.84	91.33
90	1.32	1.55	5.80	91.33
91	1.32	1.62	5.78	91.27
92	1.34	1.64	5.80	91.22
93	1.37	1.67	5.90	91.06
94	1.44	1.76	6.00	90.80
95	1.77	2.20	7.65	88.38




