Parameters
	Library type	Single-end
	Input file	/Volumes/wdhd/users/joaks1/projects/gekgo/data/genomes/msg/plate2/demultiplexed-raw/fastq/RMB_5954_Gekko_crombota_BabuyanClaro_R1.fq
	Primer/Adaptor library	NA
	Cut-off read length for HQ	70%
	Cut-off quality score	20
	Only statistics	On
	Number of processes	2


QC statistics
	File name	RMB_5954_Gekko_crombota_BabuyanClaro_R1.fq
	Total number of reads	814982
	Total number of HQ reads	806264
	Percentage of HQ reads	98.93%
	Total number of bases	77423290
	Total number of bases in HQ reads	76595080
	Total number of HQ bases in HQ reads	75992592
	Percentage of HQ bases in HQ reads	99.21%
	Number of Primer/Adaptor contaminated HQ reads	NA
	Total number of HQ filtered reads	806264
	Percentage of HQ filtered reads	98.93%


Detailed QC statistics
	File name	RMB_5954_Gekko_crombota_BabuyanClaro_R1.fq
	Minimum read length	95
	Maximum read length	95
	Average read length	95.00
	Total number of reads	814982
	Total number of reads with non-ATGC bases	753
	Percentage of reads with non-ATGC bases	0.09%
	Total number of bases	77423290
	Total number of HQ bases	76429245
	Percentage of HQ bases	98.72%
	Total number of non-ATGC bases	18036
	Percentage of non-ATGC bases	0.02%


Average quality score at each base position of input reads

RMB_5954_Gekko_crombota_BabuyanClaro_R1.fq
36.72	36.89	36.93	36.95	36.79	36.72	36.69	39.03	39.02	38.97	38.93	38.83	38.92	38.91	38.92	38.91	38.91	38.84	38.89	38.80	38.77	38.76	38.77	38.78	38.72	38.62	38.58	38.59	38.61	38.51	38.54	38.56	38.43	38.49	38.46	38.33	38.41	38.38	38.33	38.22	38.32	38.22	38.24	38.22	38.19	38.33	38.35	38.36	38.36	38.33	38.28	38.23	38.17	38.16	38.10	38.01	38.08	38.05	38.00	37.91	37.77	37.71	37.64	37.50	37.38	37.28	37.16	37.00	36.89	35.00	35.72	36.22	36.29	36.21	36.13	36.00	35.83	35.74	35.66	35.57	35.49	35.42	35.40	35.35	35.31	35.25	35.17	35.11	35.08	35.03	35.01	34.98	34.95	34.85	34.13	




Read count (%) per base for different quality score ranges

	RMB_5954_Gekko_crombota_BabuyanClaro_R1.fq
Ranges	0-10	11-20	21-30	31-40
Base
1	0.00	0.42	0.53	99.05
2	0.00	0.17	0.24	99.59
3	0.00	0.11	0.19	99.70
4	0.00	0.08	0.14	99.78
5	0.00	0.12	0.77	99.10
6	0.00	0.24	0.95	98.82
7	0.00	0.29	1.05	98.66
8	0.01	0.31	1.09	98.59
9	0.01	0.33	1.15	98.50
10	0.02	0.38	1.25	98.36
11	0.01	0.39	1.25	98.35
12	0.02	0.44	1.31	98.23
13	0.02	0.44	1.32	98.22
14	0.02	0.46	1.32	98.19
15	0.02	0.44	1.33	98.21
16	0.02	0.43	1.28	98.28
17	0.03	0.47	1.29	98.21
18	0.04	0.53	1.41	98.02
19	0.05	0.44	1.33	98.18
20	0.10	0.59	1.42	97.89
21	0.13	0.62	1.38	97.87
22	0.15	0.59	1.39	97.87
23	0.17	0.62	1.36	97.85
24	0.19	0.57	1.38	97.86
25	0.22	0.62	1.42	97.74
26	0.26	0.63	1.57	97.54
27	0.31	0.67	1.57	97.45
28	0.30	0.62	1.55	97.54
29	0.35	0.55	1.49	97.60
30	0.40	0.59	1.65	97.36
31	0.44	0.57	1.64	97.34
32	0.46	0.55	1.67	97.33
33	0.55	0.62	1.77	97.06
34	0.49	0.57	1.71	97.22
35	0.56	0.56	1.71	97.18
36	0.56	0.62	1.90	96.92
37	0.57	0.60	1.76	97.07
38	0.57	0.60	1.82	97.01
39	0.60	0.63	1.91	96.86
40	0.62	0.70	2.07	96.62
41	0.59	0.62	1.93	96.85
42	0.64	0.67	2.10	96.59
43	0.62	0.66	2.14	96.58
44	0.64	0.66	2.11	96.59
45	0.69	0.68	2.18	96.44
46	0.61	0.63	1.98	96.78
47	0.61	0.62	1.98	96.80
48	0.61	0.62	2.03	96.74
49	0.60	0.61	2.05	96.73
50	0.64	0.63	2.13	96.60
51	0.65	0.67	2.22	96.45
52	0.62	0.66	2.34	96.38
53	0.67	0.64	2.43	96.26
54	0.65	0.66	2.51	96.18
55	0.67	0.68	2.63	96.02
56	0.72	0.69	2.81	95.79
57	0.68	0.66	2.56	96.10
58	0.66	0.70	2.60	96.04
59	0.65	0.72	2.72	95.92
60	0.68	0.72	2.82	95.78
61	0.69	0.73	2.95	95.62
62	0.72	0.74	3.04	95.50
63	0.73	0.73	3.01	95.52
64	0.76	0.78	3.12	95.34
65	0.77	0.79	3.26	95.18
66	0.79	0.76	3.25	95.20
67	0.80	0.79	3.33	95.08
68	0.81	0.82	3.41	94.96
69	0.79	0.81	3.38	95.01
70	0.92	1.18	6.83	91.07
71	0.86	1.01	4.72	93.41
72	0.86	0.91	4.03	94.19
73	0.87	0.87	3.84	94.43
74	0.83	0.87	3.79	94.50
75	0.85	0.85	3.74	94.55
76	0.84	0.86	3.85	94.45
77	0.88	0.92	3.91	94.29
78	0.89	0.92	4.01	94.18
79	0.89	0.94	4.10	94.08
80	0.91	0.96	4.18	93.94
81	0.91	0.99	4.46	93.64
82	0.94	0.99	4.46	93.61
83	0.99	0.99	4.41	93.62
84	0.98	1.03	4.50	93.49
85	1.01	1.04	4.56	93.39
86	1.04	1.08	4.65	93.23
87	1.06	1.14	4.87	92.94
88	1.10	1.19	4.92	92.79
89	1.12	1.23	4.99	92.67
90	1.15	1.25	5.09	92.52
91	1.16	1.31	5.12	92.41
92	1.17	1.35	5.09	92.39
93	1.18	1.36	5.19	92.28
94	1.23	1.42	5.36	91.99
95	1.53	1.80	7.07	89.61




