Parameters
	Library type	Single-end
	Input file	/Volumes/wdhd/users/joaks1/projects/gekgo/data/genomes/msg/plate2/demultiplexed-raw/fastq/RMB_6447_Cyrtodactylus_philippinicus_Mindoro_R1.fq
	Primer/Adaptor library	NA
	Cut-off read length for HQ	70%
	Cut-off quality score	20
	Only statistics	On
	Number of processes	2


QC statistics
	File name	RMB_6447_Cyrtodactylus_philippinicus_Mindoro_R1.fq
	Total number of reads	2817704
	Total number of HQ reads	2792460
	Percentage of HQ reads	99.10%
	Total number of bases	267681880
	Total number of bases in HQ reads	265283700
	Total number of HQ bases in HQ reads	263178194
	Percentage of HQ bases in HQ reads	99.21%
	Number of Primer/Adaptor contaminated HQ reads	NA
	Total number of HQ filtered reads	2792460
	Percentage of HQ filtered reads	99.10%


Detailed QC statistics
	File name	RMB_6447_Cyrtodactylus_philippinicus_Mindoro_R1.fq
	Minimum read length	95
	Maximum read length	95
	Average read length	95.00
	Total number of reads	2817704
	Total number of reads with non-ATGC bases	2491
	Percentage of reads with non-ATGC bases	0.09%
	Total number of bases	267681880
	Total number of HQ bases	264520217
	Percentage of HQ bases	98.82%
	Total number of non-ATGC bases	56248
	Percentage of non-ATGC bases	0.02%


Average quality score at each base position of input reads

RMB_6447_Cyrtodactylus_philippinicus_Mindoro_R1.fq
36.75	36.88	36.90	36.92	36.75	36.70	36.67	39.05	39.02	38.98	38.92	38.88	38.96	38.96	38.93	38.93	38.91	38.82	38.90	38.82	38.77	38.79	38.81	38.81	38.75	38.67	38.62	38.61	38.67	38.60	38.63	38.63	38.52	38.58	38.53	38.47	38.49	38.50	38.45	38.42	38.42	38.36	38.32	38.29	38.25	38.38	38.41	38.39	38.38	38.34	38.32	38.26	38.24	38.19	38.14	38.06	38.10	38.05	37.97	37.92	37.85	37.77	37.67	37.54	37.45	37.30	37.20	37.08	36.94	35.06	35.84	36.30	36.34	36.27	36.18	36.08	35.95	35.86	35.77	35.67	35.61	35.54	35.47	35.43	35.38	35.31	35.26	35.22	35.20	35.16	35.11	35.09	35.08	35.07	34.42	




Read count (%) per base for different quality score ranges

	RMB_6447_Cyrtodactylus_philippinicus_Mindoro_R1.fq
Ranges	0-10	11-20	21-30	31-40
Base
1	0.00	0.44	0.54	99.03
2	0.00	0.20	0.29	99.51
3	0.00	0.16	0.27	99.58
4	0.00	0.13	0.24	99.64
5	0.00	0.20	0.94	98.86
6	0.00	0.31	1.02	98.67
7	0.00	0.35	1.09	98.57
8	0.01	0.36	1.14	98.49
9	0.02	0.40	1.20	98.38
10	0.02	0.43	1.29	98.25
11	0.01	0.46	1.30	98.23
12	0.01	0.48	1.32	98.18
13	0.01	0.47	1.30	98.21
14	0.02	0.48	1.30	98.20
15	0.02	0.50	1.36	98.12
16	0.02	0.48	1.30	98.21
17	0.03	0.53	1.35	98.10
18	0.04	0.61	1.49	97.87
19	0.03	0.49	1.35	98.12
20	0.07	0.66	1.41	97.86
21	0.08	0.70	1.44	97.78
22	0.10	0.64	1.40	97.87
23	0.10	0.65	1.40	97.85
24	0.12	0.62	1.40	97.86
25	0.15	0.66	1.45	97.73
26	0.17	0.66	1.55	97.61
27	0.25	0.71	1.59	97.45
28	0.26	0.65	1.59	97.50
29	0.27	0.56	1.48	97.69
30	0.35	0.58	1.62	97.45
31	0.40	0.57	1.54	97.50
32	0.39	0.53	1.59	97.49
33	0.49	0.59	1.70	97.21
34	0.43	0.55	1.64	97.38
35	0.46	0.57	1.69	97.27
36	0.47	0.59	1.79	97.14
37	0.50	0.57	1.76	97.17
38	0.49	0.58	1.80	97.13
39	0.51	0.62	1.85	97.02
40	0.49	0.61	1.90	97.00
41	0.51	0.60	1.93	96.96
42	0.55	0.65	2.03	96.78
43	0.56	0.65	2.11	96.68
44	0.57	0.64	2.15	96.64
45	0.59	0.66	2.20	96.56
46	0.52	0.61	1.96	96.91
47	0.52	0.60	1.98	96.90
48	0.53	0.61	2.06	96.80
49	0.51	0.61	2.09	96.79
50	0.55	0.63	2.15	96.67
51	0.56	0.62	2.22	96.60
52	0.56	0.63	2.35	96.46
53	0.58	0.61	2.38	96.43
54	0.57	0.63	2.51	96.29
55	0.58	0.64	2.57	96.21
56	0.61	0.66	2.70	96.03
57	0.57	0.64	2.54	96.26
58	0.58	0.65	2.68	96.10
59	0.57	0.69	2.84	95.90
60	0.61	0.66	2.84	95.89
61	0.61	0.69	2.86	95.84
62	0.61	0.69	2.94	95.75
63	0.62	0.71	3.02	95.65
64	0.65	0.72	3.31	95.32
65	0.65	0.72	3.18	95.44
66	0.68	0.73	3.32	95.27
67	0.66	0.76	3.36	95.22
68	0.67	0.75	3.37	95.21
69	0.69	0.77	3.51	95.03
70	0.76	1.11	7.04	91.09
71	0.74	0.95	4.69	93.62
72	0.71	0.86	4.05	94.38
73	0.73	0.83	3.83	94.61
74	0.71	0.83	3.81	94.65
75	0.72	0.83	3.81	94.64
76	0.73	0.84	3.85	94.58
77	0.74	0.86	3.96	94.45
78	0.74	0.86	4.00	94.40
79	0.77	0.86	4.07	94.30
80	0.78	0.90	4.23	94.09
81	0.77	0.91	4.27	94.04
82	0.80	0.94	4.36	93.90
83	0.84	0.97	4.47	93.73
84	0.84	0.99	4.55	93.62
85	0.86	1.01	4.65	93.48
86	0.89	1.05	4.71	93.34
87	0.91	1.11	4.82	93.15
88	0.92	1.12	4.90	93.06
89	0.93	1.14	4.90	93.02
90	0.94	1.18	5.00	92.87
91	0.97	1.22	5.13	92.68
92	0.99	1.25	5.17	92.60
93	1.00	1.28	5.14	92.58
94	0.99	1.29	5.14	92.58
95	1.26	1.63	6.71	90.40




