Parameters
	Library type	Single-end
	Input file	/Volumes/wdhd/users/joaks1/projects/gekgo/data/genomes/msg/plate2/demultiplexed-raw/fastq/RMB_13590_Gekko_carusadensis_Luzon_R1.fq
	Primer/Adaptor library	NA
	Cut-off read length for HQ	70%
	Cut-off quality score	20
	Only statistics	On
	Number of processes	2


QC statistics
	File name	RMB_13590_Gekko_carusadensis_Luzon_R1.fq
	Total number of reads	26882
	Total number of HQ reads	26532
	Percentage of HQ reads	98.70%
	Total number of bases	2553790
	Total number of bases in HQ reads	2520540
	Total number of HQ bases in HQ reads	2495695
	Percentage of HQ bases in HQ reads	99.01%
	Number of Primer/Adaptor contaminated HQ reads	NA
	Total number of HQ filtered reads	26532
	Percentage of HQ filtered reads	98.70%


Detailed QC statistics
	File name	RMB_13590_Gekko_carusadensis_Luzon_R1.fq
	Minimum read length	95
	Maximum read length	95
	Average read length	95.00
	Total number of reads	26882
	Total number of reads with non-ATGC bases	19
	Percentage of reads with non-ATGC bases	0.07%
	Total number of bases	2553790
	Total number of HQ bases	2513285
	Percentage of HQ bases	98.41%
	Total number of non-ATGC bases	395
	Percentage of non-ATGC bases	0.02%


Average quality score at each base position of input reads

RMB_13590_Gekko_carusadensis_Luzon_R1.fq
36.45	36.69	36.78	36.85	36.66	36.62	36.62	38.92	38.89	38.84	38.77	38.71	38.81	38.79	38.79	38.76	38.76	38.67	38.72	38.66	38.61	38.60	38.60	38.60	38.50	38.40	38.40	38.41	38.42	38.36	38.38	38.42	38.30	38.33	38.26	38.20	38.24	38.21	38.16	38.09	38.14	38.11	38.01	38.03	37.98	38.11	38.18	38.20	38.14	38.07	38.00	37.99	37.93	37.89	37.84	37.72	37.79	37.78	37.71	37.61	37.55	37.43	37.35	37.24	37.05	36.89	36.82	36.66	36.53	34.64	35.41	35.81	35.85	35.78	35.72	35.58	35.47	35.35	35.30	35.19	35.20	35.13	35.09	35.06	35.02	34.97	34.90	34.87	34.85	34.74	34.74	34.74	34.72	34.58	33.91	




Read count (%) per base for different quality score ranges

	RMB_13590_Gekko_carusadensis_Luzon_R1.fq
Ranges	0-10	11-20	21-30	31-40
Base
1	0.00	1.26	1.10	97.64
2	0.00	0.77	0.56	98.66
3	0.00	0.47	0.57	98.96
4	0.00	0.31	0.35	99.34
5	0.00	0.36	1.16	98.48
6	0.00	0.42	1.27	98.30
7	0.00	0.47	1.18	98.34
8	0.01	0.44	1.23	98.32
9	0.03	0.45	1.40	98.12
10	0.02	0.53	1.47	97.98
11	0.01	0.60	1.41	97.98
12	0.03	0.63	1.48	97.85
13	0.01	0.60	1.37	98.02
14	0.03	0.55	1.64	97.78
15	0.04	0.54	1.47	97.96
16	0.01	0.64	1.50	97.84
17	0.02	0.66	1.42	97.90
18	0.04	0.71	1.66	97.60
19	0.04	0.59	1.55	97.82
20	0.13	0.71	1.65	97.51
21	0.16	0.86	1.75	97.24
22	0.19	0.82	1.67	97.32
23	0.22	0.79	1.66	97.33
24	0.26	0.74	1.70	97.30
25	0.28	0.87	1.72	97.12
26	0.41	0.78	1.87	96.94
27	0.38	0.79	1.91	96.92
28	0.46	0.72	1.79	97.03
29	0.44	0.62	1.97	96.97
30	0.52	0.65	1.87	96.95
31	0.59	0.65	1.86	96.90
32	0.58	0.66	1.92	96.85
33	0.57	0.76	2.02	96.65
34	0.61	0.68	1.98	96.74
35	0.66	0.76	2.07	96.51
36	0.65	0.65	2.25	96.44
37	0.67	0.71	2.12	96.50
38	0.70	0.67	2.23	96.41
39	0.69	0.74	2.34	96.24
40	0.73	0.76	2.44	96.06
41	0.66	0.74	2.43	96.17
42	0.70	0.74	2.40	96.16
43	0.78	0.89	2.57	95.76
44	0.73	0.88	2.40	95.99
45	0.85	0.84	2.45	95.86
46	0.71	0.78	2.40	96.11
47	0.68	0.69	2.32	96.32
48	0.64	0.78	2.32	96.27
49	0.67	0.75	2.47	96.11
50	0.74	0.80	2.67	95.80
51	0.76	0.81	2.89	95.53
52	0.66	0.77	3.02	95.55
53	0.83	0.77	2.95	95.46
54	0.78	0.81	3.07	95.34
55	0.71	0.81	3.33	95.14
56	0.88	0.85	3.40	94.87
57	0.83	0.83	3.07	95.28
58	0.77	0.89	2.90	95.44
59	0.77	0.85	3.18	95.20
60	0.78	0.89	3.41	94.91
61	0.76	0.86	3.36	95.02
62	0.79	0.93	3.44	94.84
63	0.81	0.75	3.69	94.75
64	0.79	1.00	3.37	94.83
65	0.87	0.94	3.78	94.41
66	0.91	0.98	3.98	94.13
67	0.82	0.94	4.07	94.18
68	0.98	0.90	4.11	94.00
69	0.92	0.98	3.99	94.11
70	1.08	1.40	7.79	89.74
71	1.03	1.08	5.58	92.31
72	1.05	1.17	4.82	92.96
73	0.95	1.15	4.69	93.21
74	1.00	1.09	4.54	93.38
75	1.02	1.08	4.41	93.49
76	1.01	1.17	4.74	93.08
77	1.11	1.21	4.53	93.15
78	1.13	1.26	4.87	92.74
79	1.10	1.25	4.92	92.73
80	1.16	1.28	5.16	92.40
81	1.02	1.41	5.09	92.49
82	1.12	1.36	5.20	92.32
83	1.18	1.27	5.27	92.29
84	1.18	1.19	5.43	92.19
85	1.26	1.22	5.32	92.20
86	1.27	1.26	5.43	92.04
87	1.23	1.57	5.43	91.78
88	1.25	1.39	5.56	91.80
89	1.22	1.49	5.54	91.74
90	1.42	1.64	5.73	91.21
91	1.34	1.49	6.04	91.13
92	1.37	1.63	5.76	91.25
93	1.43	1.66	5.62	91.28
94	1.59	1.73	5.99	90.70
95	1.82	2.25	7.54	88.39




