Parameters
	Library type	Single-end
	Input file	/Volumes/wdhd/users/joaks1/projects/gekgo/data/genomes/msg/plate2/demultiplexed-raw/fastq/RMB_6332_Cyrtodactylus_philippinicus_Polillo_R1.fq
	Primer/Adaptor library	NA
	Cut-off read length for HQ	70%
	Cut-off quality score	20
	Only statistics	On
	Number of processes	2


QC statistics
	File name	RMB_6332_Cyrtodactylus_philippinicus_Polillo_R1.fq
	Total number of reads	306724
	Total number of HQ reads	303750
	Percentage of HQ reads	99.03%
	Total number of bases	29138780
	Total number of bases in HQ reads	28856250
	Total number of HQ bases in HQ reads	28605735
	Percentage of HQ bases in HQ reads	99.13%
	Number of Primer/Adaptor contaminated HQ reads	NA
	Total number of HQ filtered reads	303750
	Percentage of HQ filtered reads	99.03%


Detailed QC statistics
	File name	RMB_6332_Cyrtodactylus_philippinicus_Polillo_R1.fq
	Minimum read length	95
	Maximum read length	95
	Average read length	95.00
	Total number of reads	306724
	Total number of reads with non-ATGC bases	266
	Percentage of reads with non-ATGC bases	0.09%
	Total number of bases	29138780
	Total number of HQ bases	28763402
	Percentage of HQ bases	98.71%
	Total number of non-ATGC bases	6202
	Percentage of non-ATGC bases	0.02%


Average quality score at each base position of input reads

RMB_6332_Cyrtodactylus_philippinicus_Polillo_R1.fq
36.75	36.85	36.87	36.90	36.71	36.66	36.62	38.96	38.93	38.90	38.84	38.80	38.86	38.88	38.85	38.83	38.80	38.72	38.80	38.71	38.68	38.71	38.71	38.72	38.65	38.56	38.51	38.52	38.58	38.49	38.53	38.53	38.43	38.48	38.44	38.37	38.39	38.41	38.34	38.31	38.30	38.23	38.20	38.17	38.13	38.27	38.30	38.29	38.28	38.24	38.21	38.15	38.12	38.06	38.00	37.93	37.96	37.92	37.86	37.79	37.73	37.65	37.55	37.42	37.31	37.17	37.07	36.95	36.80	34.90	35.70	36.14	36.20	36.12	36.04	35.92	35.81	35.73	35.64	35.57	35.51	35.43	35.37	35.31	35.27	35.20	35.16	35.11	35.09	35.02	34.97	34.96	34.95	34.94	34.27	




Read count (%) per base for different quality score ranges

	RMB_6332_Cyrtodactylus_philippinicus_Polillo_R1.fq
Ranges	0-10	11-20	21-30	31-40
Base
1	0.00	0.53	0.54	98.93
2	0.00	0.32	0.32	99.37
3	0.00	0.26	0.33	99.42
4	0.00	0.18	0.28	99.54
5	0.00	0.24	1.09	98.67
6	0.00	0.36	1.16	98.48
7	0.00	0.40	1.27	98.32
8	0.01	0.42	1.32	98.25
9	0.02	0.45	1.37	98.16
10	0.02	0.49	1.42	98.06
11	0.02	0.54	1.44	98.01
12	0.02	0.56	1.46	97.96
13	0.02	0.57	1.48	97.93
14	0.02	0.54	1.45	97.98
15	0.02	0.56	1.55	97.86
16	0.02	0.58	1.43	97.97
17	0.04	0.63	1.52	97.81
18	0.04	0.70	1.66	97.60
19	0.05	0.57	1.48	97.90
20	0.09	0.75	1.59	97.58
21	0.09	0.79	1.58	97.54
22	0.10	0.71	1.54	97.64
23	0.13	0.74	1.59	97.55
24	0.15	0.70	1.55	97.60
25	0.18	0.75	1.57	97.49
26	0.22	0.74	1.72	97.31
27	0.30	0.81	1.78	97.11
28	0.30	0.71	1.75	97.24
29	0.31	0.59	1.65	97.45
30	0.40	0.65	1.76	97.19
31	0.46	0.60	1.70	97.25
32	0.43	0.59	1.72	97.26
33	0.56	0.64	1.83	96.97
34	0.46	0.61	1.83	97.10
35	0.49	0.63	1.89	97.00
36	0.50	0.65	1.96	96.88
37	0.55	0.60	1.93	96.92
38	0.53	0.61	1.93	96.93
39	0.56	0.67	2.04	96.73
40	0.53	0.69	2.07	96.71
41	0.57	0.67	2.09	96.66
42	0.62	0.71	2.23	96.44
43	0.60	0.72	2.27	96.41
44	0.61	0.69	2.35	96.34
45	0.65	0.73	2.38	96.24
46	0.57	0.67	2.16	96.61
47	0.54	0.66	2.22	96.58
48	0.56	0.68	2.25	96.50
49	0.56	0.63	2.29	96.52
50	0.59	0.65	2.39	96.38
51	0.61	0.65	2.47	96.27
52	0.60	0.68	2.58	96.14
53	0.62	0.68	2.61	96.09
54	0.62	0.68	2.79	95.91
55	0.66	0.71	2.80	95.83
56	0.68	0.70	2.95	95.66
57	0.62	0.68	2.88	95.83
58	0.62	0.69	2.95	95.74
59	0.61	0.71	3.05	95.63
60	0.66	0.74	2.99	95.61
61	0.65	0.73	3.13	95.50
62	0.63	0.72	3.21	95.45
63	0.66	0.70	3.26	95.37
64	0.69	0.74	3.46	95.11
65	0.68	0.75	3.43	95.14
66	0.71	0.80	3.57	94.93
67	0.68	0.79	3.64	94.90
68	0.72	0.82	3.64	94.83
69	0.73	0.83	3.82	94.62
70	0.81	1.19	7.59	90.41
71	0.77	1.01	5.07	93.16
72	0.79	0.91	4.41	93.89
73	0.76	0.88	4.17	94.19
74	0.79	0.89	4.06	94.26
75	0.73	0.91	4.13	94.23
76	0.76	0.93	4.25	94.06
77	0.81	0.92	4.28	93.98
78	0.79	0.94	4.33	93.93
79	0.84	0.95	4.43	93.79
80	0.80	0.98	4.50	93.72
81	0.81	0.99	4.59	93.61
82	0.86	0.97	4.72	93.44
83	0.87	1.04	4.87	93.23
84	0.90	1.10	4.96	93.04
85	0.87	1.13	5.07	92.93
86	0.94	1.17	5.10	92.79
87	0.97	1.18	5.11	92.75
88	0.96	1.24	5.23	92.57
89	0.99	1.28	5.29	92.45
90	1.03	1.30	5.45	92.22
91	1.05	1.33	5.63	91.99
92	1.07	1.37	5.46	92.10
93	1.05	1.39	5.57	91.99
94	1.11	1.40	5.49	92.00
95	1.35	1.78	7.18	89.70




