Parameters
	Library type	Single-end
	Input file	/Volumes/wdhd/users/joaks1/projects/gekgo/data/genomes/msg/plate2/demultiplexed-raw/fastq/RMB_13661_Gekko_mindorensis_Luzon_R1.fq
	Primer/Adaptor library	NA
	Cut-off read length for HQ	70%
	Cut-off quality score	20
	Only statistics	On
	Number of processes	2


QC statistics
	File name	RMB_13661_Gekko_mindorensis_Luzon_R1.fq
	Total number of reads	562748
	Total number of HQ reads	556214
	Percentage of HQ reads	98.84%
	Total number of bases	53461060
	Total number of bases in HQ reads	52840330
	Total number of HQ bases in HQ reads	52315430
	Percentage of HQ bases in HQ reads	99.01%
	Number of Primer/Adaptor contaminated HQ reads	NA
	Total number of HQ filtered reads	556214
	Percentage of HQ filtered reads	98.84%


Detailed QC statistics
	File name	RMB_13661_Gekko_mindorensis_Luzon_R1.fq
	Minimum read length	95
	Maximum read length	95
	Average read length	95.00
	Total number of reads	562748
	Total number of reads with non-ATGC bases	477
	Percentage of reads with non-ATGC bases	0.08%
	Total number of bases	53461060
	Total number of HQ bases	52652118
	Percentage of HQ bases	98.49%
	Total number of non-ATGC bases	10709
	Percentage of non-ATGC bases	0.02%


Average quality score at each base position of input reads

RMB_13661_Gekko_mindorensis_Luzon_R1.fq
36.63	36.82	36.87	36.90	36.70	36.65	36.61	38.78	38.81	38.79	38.74	38.63	38.69	38.69	38.70	38.62	38.64	38.58	38.65	38.53	38.52	38.52	38.47	38.48	38.43	38.34	38.29	38.32	38.34	38.24	38.28	38.27	38.16	38.22	38.18	38.09	38.13	38.04	38.02	37.88	37.97	37.90	37.85	37.84	37.73	37.92	38.00	38.03	37.99	37.94	37.85	37.80	37.75	37.68	37.62	37.48	37.53	37.52	37.44	37.35	37.23	37.11	36.99	36.85	36.68	36.52	36.39	36.24	36.08	34.17	35.02	35.46	35.51	35.51	35.45	35.39	35.33	35.25	35.20	35.14	35.10	35.06	35.02	34.96	34.93	34.89	34.83	34.80	34.74	34.69	34.68	34.65	34.63	34.58	33.85	




Read count (%) per base for different quality score ranges

	RMB_13661_Gekko_mindorensis_Luzon_R1.fq
Ranges	0-10	11-20	21-30	31-40
Base
1	0.00	0.64	0.78	98.59
2	0.00	0.32	0.44	99.24
3	0.00	0.23	0.36	99.41
4	0.00	0.15	0.28	99.57
5	0.00	0.22	1.10	98.68
6	0.00	0.34	1.19	98.47
7	0.00	0.40	1.29	98.30
8	0.01	0.48	1.43	98.08
9	0.02	0.43	1.39	98.16
10	0.02	0.49	1.54	97.95
11	0.02	0.52	1.52	97.94
12	0.02	0.60	1.63	97.75
13	0.03	0.61	1.63	97.73
14	0.03	0.59	1.64	97.74
15	0.03	0.55	1.62	97.80
16	0.03	0.58	1.63	97.76
17	0.04	0.63	1.61	97.72
18	0.05	0.68	1.79	97.48
19	0.07	0.57	1.66	97.70
20	0.14	0.77	1.75	97.34
21	0.18	0.77	1.70	97.35
22	0.22	0.72	1.69	97.37
23	0.26	0.75	1.78	97.20
24	0.30	0.66	1.80	97.24
25	0.36	0.67	1.81	97.15
26	0.41	0.69	1.97	96.94
27	0.53	0.69	2.00	96.77
28	0.48	0.66	1.95	96.91
29	0.47	0.61	1.89	97.03
30	0.56	0.64	2.05	96.74
31	0.57	0.63	2.01	96.79
32	0.55	0.66	2.04	96.74
33	0.66	0.71	2.19	96.44
34	0.55	0.70	2.13	96.62
35	0.62	0.69	2.19	96.50
36	0.65	0.73	2.34	96.29
37	0.66	0.71	2.26	96.38
38	0.67	0.73	2.42	96.18
39	0.72	0.77	2.43	96.09
40	0.70	0.81	2.73	95.75
41	0.68	0.76	2.53	96.03
42	0.71	0.82	2.68	95.79
43	0.74	0.78	2.77	95.71
44	0.70	0.79	2.79	95.71
45	0.81	0.84	3.05	95.30
46	0.68	0.76	2.67	95.89
47	0.67	0.74	2.70	95.89
48	0.64	0.73	2.70	95.92
49	0.69	0.73	2.77	95.81
50	0.71	0.75	2.93	95.61
51	0.72	0.76	3.10	95.41
52	0.69	0.76	3.30	95.25
53	0.71	0.78	3.36	95.14
54	0.74	0.77	3.41	95.08
55	0.74	0.81	3.48	94.98
56	0.81	0.82	3.70	94.67
57	0.73	0.81	3.46	94.99
58	0.73	0.79	3.41	95.08
59	0.70	0.85	3.57	94.88
60	0.75	0.83	3.59	94.83
61	0.75	0.87	3.69	94.69
62	0.78	0.87	3.78	94.57
63	0.78	0.85	3.85	94.52
64	0.79	0.91	3.95	94.35
65	0.83	0.91	4.12	94.14
66	0.84	0.92	4.31	93.92
67	0.86	0.97	4.26	93.90
68	0.93	0.95	4.31	93.81
69	0.89	0.98	4.40	93.74
70	0.99	1.40	9.03	88.57
71	0.94	1.18	6.07	91.81
72	0.93	1.06	5.16	92.84
73	0.96	1.08	4.92	93.04
74	0.88	1.05	4.84	93.22
75	0.94	1.05	4.75	93.26
76	0.92	1.05	4.85	93.19
77	0.95	1.09	4.89	93.07
78	0.97	1.13	5.06	92.84
79	1.00	1.14	5.15	92.71
80	1.01	1.16	5.28	92.54
81	1.02	1.19	5.34	92.45
82	1.01	1.24	5.46	92.30
83	1.05	1.22	5.54	92.19
84	1.09	1.29	5.61	92.02
85	1.11	1.31	5.58	92.01
86	1.14	1.34	5.66	91.86
87	1.16	1.39	5.82	91.64
88	1.19	1.46	5.89	91.46
89	1.26	1.50	5.97	91.27
90	1.26	1.57	6.08	91.09
91	1.28	1.62	6.02	91.09
92	1.35	1.61	6.01	91.03
93	1.33	1.71	6.06	90.90
94	1.34	1.76	6.23	90.67
95	1.69	2.18	7.94	88.19




