Parameters
	Library type	Single-end
	Input file	/Volumes/wdhd/users/joaks1/projects/gekgo/data/genomes/msg/plate2/demultiplexed-raw/fastq/RMB_5953_Gekko_crombota_BabuyanClaro_R1.fq
	Primer/Adaptor library	NA
	Cut-off read length for HQ	70%
	Cut-off quality score	20
	Only statistics	On
	Number of processes	2


QC statistics
	File name	RMB_5953_Gekko_crombota_BabuyanClaro_R1.fq
	Total number of reads	668826
	Total number of HQ reads	660667
	Percentage of HQ reads	98.78%
	Total number of bases	63538470
	Total number of bases in HQ reads	62763365
	Total number of HQ bases in HQ reads	62213508
	Percentage of HQ bases in HQ reads	99.12%
	Number of Primer/Adaptor contaminated HQ reads	NA
	Total number of HQ filtered reads	660667
	Percentage of HQ filtered reads	98.78%


Detailed QC statistics
	File name	RMB_5953_Gekko_crombota_BabuyanClaro_R1.fq
	Minimum read length	95
	Maximum read length	95
	Average read length	95.00
	Total number of reads	668826
	Total number of reads with non-ATGC bases	597
	Percentage of reads with non-ATGC bases	0.09%
	Total number of bases	63538470
	Total number of HQ bases	62624348
	Percentage of HQ bases	98.56%
	Total number of non-ATGC bases	13470
	Percentage of non-ATGC bases	0.02%


Average quality score at each base position of input reads

RMB_5953_Gekko_crombota_BabuyanClaro_R1.fq
36.75	36.88	36.91	36.93	36.75	36.68	36.65	38.99	38.97	38.93	38.89	38.80	38.87	38.87	38.87	38.87	38.87	38.81	38.85	38.75	38.72	38.72	38.73	38.74	38.68	38.58	38.53	38.55	38.56	38.39	38.42	38.47	38.36	38.43	38.42	38.29	38.38	38.34	38.30	38.18	38.27	38.19	38.20	38.20	38.16	38.27	38.29	38.29	38.28	38.25	38.20	38.16	38.09	38.09	38.02	37.92	37.98	37.96	37.90	37.83	37.71	37.62	37.55	37.43	37.30	37.19	37.07	36.91	36.81	34.93	35.66	36.14	36.20	36.12	36.04	35.91	35.75	35.66	35.58	35.48	35.41	35.34	35.32	35.27	35.23	35.18	35.10	35.04	35.00	34.96	34.93	34.91	34.87	34.78	34.06	




Read count (%) per base for different quality score ranges

	RMB_5953_Gekko_crombota_BabuyanClaro_R1.fq
Ranges	0-10	11-20	21-30	31-40
Base
1	0.00	0.43	0.52	99.05
2	0.00	0.19	0.26	99.55
3	0.00	0.16	0.24	99.60
4	0.00	0.12	0.21	99.67
5	0.00	0.19	0.96	98.85
6	0.00	0.31	1.08	98.61
7	0.00	0.39	1.16	98.45
8	0.01	0.39	1.24	98.36
9	0.02	0.43	1.27	98.28
10	0.02	0.48	1.33	98.16
11	0.02	0.47	1.38	98.13
12	0.02	0.54	1.44	98.00
13	0.02	0.56	1.44	97.98
14	0.02	0.55	1.45	97.98
15	0.02	0.54	1.45	97.99
16	0.02	0.52	1.41	98.05
17	0.03	0.55	1.42	98.00
18	0.04	0.62	1.57	97.77
19	0.05	0.54	1.46	97.95
20	0.10	0.72	1.54	97.64
21	0.14	0.75	1.52	97.59
22	0.15	0.70	1.48	97.66
23	0.19	0.71	1.49	97.61
24	0.20	0.68	1.49	97.62
25	0.25	0.71	1.53	97.51
26	0.29	0.75	1.67	97.30
27	0.35	0.79	1.68	97.18
28	0.34	0.69	1.69	97.27
29	0.41	0.63	1.62	97.35
30	0.46	0.67	1.79	97.07
31	0.51	0.69	1.80	97.00
32	0.53	0.64	1.79	97.04
33	0.61	0.71	1.89	96.78
34	0.56	0.65	1.80	96.98
35	0.61	0.64	1.80	96.95
36	0.65	0.68	1.98	96.69
37	0.64	0.67	1.86	96.83
38	0.64	0.68	1.92	96.76
39	0.67	0.72	2.00	96.61
40	0.71	0.77	2.17	96.35
41	0.68	0.71	2.04	96.57
42	0.71	0.77	2.19	96.33
43	0.71	0.75	2.22	96.32
44	0.72	0.74	2.22	96.32
45	0.75	0.77	2.29	96.19
46	0.69	0.71	2.13	96.48
47	0.68	0.71	2.11	96.51
48	0.68	0.72	2.16	96.44
49	0.66	0.70	2.21	96.42
50	0.71	0.70	2.30	96.29
51	0.72	0.73	2.41	96.13
52	0.70	0.73	2.49	96.08
53	0.75	0.73	2.59	95.93
54	0.72	0.75	2.66	95.87
55	0.75	0.76	2.77	95.72
56	0.79	0.78	3.03	95.39
57	0.77	0.74	2.77	95.71
58	0.76	0.76	2.82	95.66
59	0.73	0.81	2.95	95.51
60	0.78	0.80	2.97	95.45
61	0.77	0.81	3.09	95.33
62	0.80	0.84	3.26	95.09
63	0.82	0.83	3.23	95.12
64	0.83	0.86	3.35	94.96
65	0.85	0.86	3.45	94.84
66	0.87	0.85	3.50	94.78
67	0.87	0.88	3.56	94.69
68	0.90	0.93	3.62	94.55
69	0.88	0.89	3.62	94.61
70	1.00	1.29	7.10	90.61
71	0.94	1.09	5.04	92.93
72	0.94	1.00	4.32	93.73
73	0.94	0.98	4.12	93.96
74	0.91	0.96	4.09	94.04
75	0.92	0.96	4.01	94.11
76	0.92	0.98	4.07	94.03
77	0.96	1.02	4.22	93.80
78	0.97	1.01	4.32	93.70
79	0.98	1.04	4.35	93.62
80	1.01	1.08	4.52	93.38
81	1.00	1.10	4.68	93.21
82	1.06	1.12	4.68	93.15
83	1.08	1.09	4.73	93.10
84	1.09	1.13	4.77	93.01
85	1.12	1.15	4.83	92.90
86	1.14	1.18	4.94	92.74
87	1.18	1.25	5.09	92.48
88	1.22	1.32	5.17	92.30
89	1.21	1.37	5.26	92.17
90	1.25	1.37	5.34	92.04
91	1.27	1.40	5.41	91.93
92	1.28	1.48	5.34	91.90
93	1.31	1.47	5.47	91.75
94	1.38	1.53	5.60	91.50
95	1.67	1.94	7.20	89.19




