Parameters
	Library type	Single-end
	Input file	/Volumes/wdhd/users/joaks1/projects/gekgo/data/genomes/msg/plate2/demultiplexed-raw/fastq/RMB_13591_Gekko_carusadensis_Luzon_R1.fq
	Primer/Adaptor library	NA
	Cut-off read length for HQ	70%
	Cut-off quality score	20
	Only statistics	On
	Number of processes	2


QC statistics
	File name	RMB_13591_Gekko_carusadensis_Luzon_R1.fq
	Total number of reads	224273
	Total number of HQ reads	221213
	Percentage of HQ reads	98.64%
	Total number of bases	21305935
	Total number of bases in HQ reads	21015235
	Total number of HQ bases in HQ reads	20773618
	Percentage of HQ bases in HQ reads	98.85%
	Number of Primer/Adaptor contaminated HQ reads	NA
	Total number of HQ filtered reads	221213
	Percentage of HQ filtered reads	98.64%


Detailed QC statistics
	File name	RMB_13591_Gekko_carusadensis_Luzon_R1.fq
	Minimum read length	95
	Maximum read length	95
	Average read length	95.00
	Total number of reads	224273
	Total number of reads with non-ATGC bases	229
	Percentage of reads with non-ATGC bases	0.10%
	Total number of bases	21305935
	Total number of HQ bases	20929455
	Percentage of HQ bases	98.23%
	Total number of non-ATGC bases	5079
	Percentage of non-ATGC bases	0.02%


Average quality score at each base position of input reads

RMB_13591_Gekko_carusadensis_Luzon_R1.fq
35.10	36.58	36.78	36.85	36.65	36.57	36.57	38.71	38.71	38.65	38.60	38.51	38.50	38.51	38.54	38.51	38.50	38.42	38.49	38.38	38.35	38.36	38.36	38.36	38.29	38.17	38.12	38.14	38.19	38.06	38.11	38.13	37.98	38.05	37.99	37.81	37.92	37.84	37.79	37.70	37.76	37.67	37.64	37.63	37.54	37.75	37.82	37.81	37.76	37.73	37.66	37.58	37.49	37.46	37.36	37.21	37.23	37.18	37.07	36.93	36.80	36.66	36.49	36.33	36.15	36.02	35.87	35.71	35.58	33.73	34.56	35.01	35.10	35.11	35.10	35.05	34.99	34.95	34.88	34.82	34.78	34.73	34.72	34.67	34.63	34.59	34.55	34.50	34.46	34.40	34.36	34.34	34.33	34.27	33.56	




Read count (%) per base for different quality score ranges

	RMB_13591_Gekko_carusadensis_Luzon_R1.fq
Ranges	0-10	11-20	21-30	31-40
Base
1	0.26	1.45	2.79	95.50
2	0.15	0.53	0.82	98.51
3	0.00	0.37	0.55	99.08
4	0.00	0.24	0.40	99.36
5	0.00	0.29	1.28	98.42
6	0.00	0.45	1.38	98.17
7	0.00	0.46	1.37	98.16
8	0.02	0.52	1.56	97.90
9	0.02	0.52	1.56	97.90
10	0.03	0.61	1.72	97.64
11	0.02	0.61	1.76	97.61
12	0.02	0.67	1.84	97.47
13	0.03	0.66	1.82	97.49
14	0.03	0.69	1.74	97.54
15	0.03	0.64	1.82	97.50
16	0.05	0.64	1.76	97.55
17	0.06	0.69	1.85	97.39
18	0.09	0.78	1.99	97.13
19	0.10	0.66	1.87	97.37
20	0.23	0.79	1.91	97.07
21	0.31	0.77	1.94	96.99
22	0.35	0.69	1.87	97.09
23	0.40	0.70	1.90	97.01
24	0.43	0.63	1.93	97.01
25	0.52	0.66	1.99	96.83
26	0.58	0.67	2.19	96.56
27	0.63	0.74	2.22	96.41
28	0.60	0.73	2.16	96.50
29	0.53	0.65	2.07	96.75
30	0.68	0.70	2.31	96.32
31	0.63	0.73	2.23	96.41
32	0.60	0.75	2.24	96.41
33	0.76	0.77	2.43	96.04
34	0.63	0.75	2.37	96.25
35	0.71	0.76	2.48	96.05
36	0.78	0.83	2.69	95.69
37	0.72	0.82	2.54	95.92
38	0.78	0.78	2.79	95.65
39	0.85	0.86	2.83	95.47
40	0.80	0.90	3.01	95.29
41	0.81	0.86	2.93	95.40
42	0.85	0.87	3.18	95.10
43	0.87	0.91	3.29	94.93
44	0.82	0.85	3.35	94.98
45	0.92	0.94	3.50	94.64
46	0.79	0.82	3.11	95.28
47	0.77	0.80	3.13	95.30
48	0.78	0.80	3.17	95.24
49	0.81	0.85	3.24	95.11
50	0.83	0.83	3.40	94.94
51	0.81	0.87	3.52	94.79
52	0.80	0.86	3.63	94.71
53	0.83	0.86	3.79	94.52
54	0.83	0.86	3.82	94.50
55	0.86	0.88	3.96	94.30
56	0.91	0.93	4.24	93.92
57	0.89	0.90	3.89	94.32
58	0.85	0.91	3.92	94.32
59	0.85	0.96	4.03	94.16
60	0.91	0.93	4.11	94.05
61	0.93	0.98	4.08	94.01
62	0.92	0.99	4.33	93.76
63	0.99	0.95	4.38	93.68
64	0.98	1.05	4.42	93.55
65	1.00	1.05	4.68	93.27
66	1.03	1.01	4.73	93.23
67	1.01	1.08	4.85	93.05
68	1.08	1.08	4.90	92.93
69	1.06	1.09	5.03	92.83
70	1.17	1.52	10.10	87.21
71	1.08	1.35	6.89	90.68
72	1.11	1.19	5.92	91.78
73	1.13	1.21	5.59	92.07
74	1.05	1.22	5.57	92.16
75	1.10	1.15	5.43	92.31
76	1.10	1.22	5.56	92.12
77	1.13	1.27	5.67	91.93
78	1.13	1.26	5.80	91.81
79	1.17	1.32	5.90	91.62
80	1.21	1.35	5.96	91.47
81	1.21	1.41	6.08	91.30
82	1.28	1.46	6.14	91.12
83	1.29	1.43	6.14	91.15
84	1.30	1.50	6.21	90.99
85	1.35	1.54	6.34	90.78
86	1.39	1.55	6.35	90.71
87	1.40	1.66	6.42	90.52
88	1.43	1.74	6.49	90.34
89	1.48	1.74	6.58	90.19
90	1.50	1.83	6.68	89.99
91	1.58	1.87	6.79	89.76
92	1.58	1.94	6.69	89.78
93	1.56	1.98	6.79	89.67
94	1.62	2.07	6.72	89.59
95	1.95	2.57	8.56	86.91




