Parameters
	Library type	Single-end
	Input file	/Volumes/wdhd/users/joaks1/projects/gekgo/data/genomes/msg/plate2/demultiplexed-raw/fastq/RMB_7831_Gekko_athymus_Palawan_R1.fq
	Primer/Adaptor library	NA
	Cut-off read length for HQ	70%
	Cut-off quality score	20
	Only statistics	On
	Number of processes	2


QC statistics
	File name	RMB_7831_Gekko_athymus_Palawan_R1.fq
	Total number of reads	1292354
	Total number of HQ reads	1279370
	Percentage of HQ reads	99.00%
	Total number of bases	122773630
	Total number of bases in HQ reads	121540150
	Total number of HQ bases in HQ reads	120493498
	Percentage of HQ bases in HQ reads	99.14%
	Number of Primer/Adaptor contaminated HQ reads	NA
	Total number of HQ filtered reads	1279370
	Percentage of HQ filtered reads	99.00%


Detailed QC statistics
	File name	RMB_7831_Gekko_athymus_Palawan_R1.fq
	Minimum read length	95
	Maximum read length	95
	Average read length	95.00
	Total number of reads	1292354
	Total number of reads with non-ATGC bases	1152
	Percentage of reads with non-ATGC bases	0.09%
	Total number of bases	122773630
	Total number of HQ bases	121160810
	Percentage of HQ bases	98.69%
	Total number of non-ATGC bases	25875
	Percentage of non-ATGC bases	0.02%


Average quality score at each base position of input reads

RMB_7831_Gekko_athymus_Palawan_R1.fq
36.74	36.91	36.93	36.94	36.76	36.70	36.66	39.02	39.00	38.95	38.87	38.85	38.88	38.88	38.88	38.88	38.85	38.77	38.84	38.74	38.70	38.70	38.72	38.69	38.62	38.54	38.52	38.56	38.56	38.50	38.53	38.52	38.42	38.47	38.41	38.36	38.35	38.36	38.32	38.23	38.28	38.21	38.20	38.16	38.11	38.25	38.29	38.26	38.23	38.19	38.16	38.11	38.04	38.01	37.95	37.85	37.90	37.85	37.79	37.73	37.65	37.53	37.44	37.34	37.16	37.02	36.91	36.79	36.67	34.76	35.57	36.01	36.05	35.99	35.91	35.82	35.70	35.62	35.52	35.45	35.40	35.35	35.32	35.28	35.23	35.18	35.14	35.08	34.93	34.93	34.93	34.93	34.92	34.78	34.20	




Read count (%) per base for different quality score ranges

	RMB_7831_Gekko_athymus_Palawan_R1.fq
Ranges	0-10	11-20	21-30	31-40
Base
1	0.00	0.34	0.50	99.16
2	0.00	0.12	0.22	99.66
3	0.00	0.10	0.22	99.69
4	0.00	0.08	0.18	99.75
5	0.00	0.15	0.92	98.94
6	0.00	0.27	1.04	98.69
7	0.00	0.34	1.15	98.51
8	0.01	0.36	1.19	98.44
9	0.02	0.38	1.22	98.38
10	0.02	0.43	1.34	98.20
11	0.02	0.48	1.42	98.09
12	0.02	0.48	1.41	98.09
13	0.02	0.53	1.41	98.04
14	0.02	0.54	1.44	98.00
15	0.02	0.51	1.43	98.04
16	0.02	0.51	1.40	98.06
17	0.03	0.57	1.47	97.94
18	0.04	0.63	1.58	97.76
19	0.04	0.52	1.46	97.98
20	0.10	0.70	1.55	97.66
21	0.12	0.72	1.55	97.61
22	0.14	0.69	1.48	97.68
23	0.16	0.70	1.51	97.63
24	0.20	0.68	1.55	97.57
25	0.23	0.70	1.61	97.46
26	0.27	0.72	1.70	97.31
27	0.33	0.75	1.73	97.18
28	0.34	0.66	1.68	97.33
29	0.36	0.59	1.62	97.43
30	0.43	0.62	1.76	97.20
31	0.46	0.62	1.73	97.19
32	0.47	0.57	1.78	97.18
33	0.55	0.66	1.89	96.89
34	0.49	0.61	1.82	97.08
35	0.53	0.63	1.86	96.97
36	0.54	0.63	1.98	96.85
37	0.58	0.64	1.97	96.81
38	0.55	0.65	2.01	96.79
39	0.58	0.67	2.03	96.72
40	0.59	0.71	2.15	96.54
41	0.60	0.65	2.09	96.65
42	0.63	0.71	2.23	96.43
43	0.61	0.71	2.29	96.40
44	0.65	0.70	2.31	96.34
45	0.66	0.75	2.41	96.17
46	0.58	0.67	2.16	96.60
47	0.57	0.66	2.17	96.60
48	0.57	0.67	2.31	96.45
49	0.58	0.67	2.33	96.42
50	0.61	0.69	2.39	96.30
51	0.62	0.69	2.48	96.21
52	0.60	0.71	2.59	96.10
53	0.63	0.70	2.75	95.92
54	0.62	0.71	2.80	95.87
55	0.64	0.71	2.94	95.71
56	0.68	0.72	3.10	95.49
57	0.65	0.71	2.90	95.74
58	0.63	0.73	3.07	95.57
59	0.62	0.77	3.07	95.55
60	0.65	0.74	3.15	95.47
61	0.65	0.75	3.21	95.39
62	0.66	0.77	3.36	95.21
63	0.66	0.77	3.34	95.23
64	0.67	0.77	3.38	95.18
65	0.73	0.81	3.65	94.81
66	0.74	0.83	3.65	94.78
67	0.74	0.86	3.63	94.77
68	0.77	0.84	3.71	94.68
69	0.76	0.85	3.75	94.64
70	0.88	1.25	7.44	90.43
71	0.83	1.05	5.16	92.96
72	0.81	0.94	4.46	93.79
73	0.81	0.94	4.25	94.00
74	0.78	0.90	4.16	94.15
75	0.78	0.91	4.09	94.22
76	0.78	0.93	4.16	94.13
77	0.83	0.95	4.26	93.97
78	0.82	0.98	4.36	93.84
79	0.85	1.00	4.48	93.67
80	0.89	1.01	4.59	93.51
81	0.89	1.04	4.63	93.44
82	0.90	1.07	4.77	93.26
83	0.92	1.06	4.80	93.22
84	0.94	1.08	4.81	93.17
85	0.97	1.10	4.92	93.01
86	1.00	1.13	4.97	92.89
87	1.04	1.18	5.06	92.72
88	1.04	1.24	5.26	92.46
89	1.13	1.37	5.82	91.68
90	1.10	1.36	5.73	91.81
91	1.10	1.39	5.51	92.00
92	1.12	1.40	5.43	92.04
93	1.13	1.43	5.45	91.99
94	1.21	1.62	5.95	91.22
95	1.41	1.86	7.19	89.54




