Parameters
	Library type	Single-end
	Input file	/Volumes/wdhd/users/joaks1/projects/gekgo/data/genomes/msg/plate2/demultiplexed-raw/fastq/RMB_8762_Cyrtodactylus_philippinicus_Tablas_R1.fq
	Primer/Adaptor library	NA
	Cut-off read length for HQ	70%
	Cut-off quality score	20
	Only statistics	On
	Number of processes	2


QC statistics
	File name	RMB_8762_Cyrtodactylus_philippinicus_Tablas_R1.fq
	Total number of reads	42746
	Total number of HQ reads	41986
	Percentage of HQ reads	98.22%
	Total number of bases	4060870
	Total number of bases in HQ reads	3988670
	Total number of HQ bases in HQ reads	3940311
	Percentage of HQ bases in HQ reads	98.79%
	Number of Primer/Adaptor contaminated HQ reads	NA
	Total number of HQ filtered reads	41986
	Percentage of HQ filtered reads	98.22%


Detailed QC statistics
	File name	RMB_8762_Cyrtodactylus_philippinicus_Tablas_R1.fq
	Minimum read length	95
	Maximum read length	95
	Average read length	95.00
	Total number of reads	42746
	Total number of reads with non-ATGC bases	39
	Percentage of reads with non-ATGC bases	0.09%
	Total number of bases	4060870
	Total number of HQ bases	3979791
	Percentage of HQ bases	98.00%
	Total number of non-ATGC bases	832
	Percentage of non-ATGC bases	0.02%


Average quality score at each base position of input reads

RMB_8762_Cyrtodactylus_philippinicus_Tablas_R1.fq
36.54	36.77	36.83	36.87	36.60	36.52	36.48	38.65	38.62	38.59	38.48	38.45	38.45	38.46	38.42	38.42	38.38	38.32	38.41	38.27	38.22	38.25	38.30	38.31	38.19	38.10	38.01	38.04	38.11	38.00	38.02	38.03	37.90	37.93	37.92	37.78	37.77	37.78	37.68	37.65	37.60	37.52	37.47	37.41	37.31	37.46	37.49	37.41	37.36	37.26	37.20	37.07	37.01	36.89	36.77	36.62	36.61	36.48	36.33	36.21	36.08	35.93	35.79	35.61	35.49	35.36	35.28	35.20	35.10	33.23	34.14	34.68	34.83	34.89	34.89	34.89	34.84	34.80	34.77	34.71	34.71	34.67	34.65	34.61	34.58	34.53	34.53	34.51	34.46	34.42	34.39	34.38	34.34	34.34	33.65	




Read count (%) per base for different quality score ranges

	RMB_8762_Cyrtodactylus_philippinicus_Tablas_R1.fq
Ranges	0-10	11-20	21-30	31-40
Base
1	0.12	0.66	0.82	98.40
2	0.11	0.32	0.49	99.07
3	0.00	0.34	0.43	99.23
4	0.00	0.25	0.37	99.38
5	0.00	0.39	1.46	98.15
6	0.00	0.50	1.73	97.76
7	0.01	0.62	1.76	97.61
8	0.03	0.77	1.80	97.40
9	0.03	0.69	1.99	97.30
10	0.04	0.71	2.13	97.12
11	0.03	0.75	2.17	97.05
12	0.06	0.78	2.06	97.11
13	0.09	0.83	2.02	97.06
14	0.11	0.82	2.07	97.00
15	0.15	0.75	2.23	96.87
16	0.18	0.73	2.03	97.07
17	0.26	0.69	2.30	96.76
18	0.36	0.75	2.18	96.71
19	0.29	0.67	2.10	96.94
20	0.56	0.83	2.17	96.44
21	0.63	0.83	2.15	96.39
22	0.59	0.78	2.17	96.46
23	0.55	0.76	2.10	96.59
24	0.58	0.74	2.13	96.55
25	0.69	0.77	2.32	96.21
26	0.64	0.86	2.48	96.03
27	0.86	0.90	2.48	95.76
28	0.70	0.87	2.59	95.84
29	0.66	0.86	2.41	96.07
30	0.76	0.92	2.53	95.79
31	0.77	0.93	2.49	95.81
32	0.79	0.87	2.52	95.82
33	0.84	0.96	2.78	95.41
34	0.80	0.95	2.70	95.55
35	0.82	0.91	2.80	95.47
36	0.81	1.00	3.10	95.09
37	0.88	1.02	3.13	94.97
38	0.90	0.91	3.14	95.04
39	0.92	1.06	3.30	94.72
40	0.79	1.12	3.56	94.54
41	0.95	1.04	3.62	94.39
42	1.01	1.10	3.80	94.09
43	0.95	1.05	4.09	93.92
44	0.95	1.10	4.16	93.78
45	1.05	1.13	4.28	93.55
46	0.94	1.05	3.88	94.13
47	0.91	0.96	4.07	94.06
48	0.98	1.02	4.17	93.83
49	0.92	1.02	4.13	93.93
50	0.97	1.05	4.30	93.68
51	0.98	1.06	4.33	93.64
52	0.97	1.08	4.46	93.50
53	1.00	1.01	4.49	93.50
54	0.98	1.14	4.51	93.37
55	1.04	1.04	4.74	93.18
56	1.07	1.08	4.91	92.94
57	0.95	1.04	4.55	93.45
58	0.96	1.11	4.62	93.30
59	0.99	1.15	4.58	93.28
60	1.00	1.08	4.67	93.26
61	0.96	1.15	4.54	93.34
62	0.95	1.17	4.82	93.06
63	0.98	1.11	4.91	93.00
64	1.03	1.13	5.39	92.46
65	1.03	1.15	5.45	92.37
66	1.08	1.21	5.35	92.35
67	1.02	1.31	5.59	92.08
68	1.11	1.19	5.68	92.02
69	1.15	1.26	5.88	91.70
70	1.25	1.88	11.53	85.34
71	1.11	1.60	7.89	89.41
72	1.20	1.39	6.65	90.76
73	1.16	1.45	6.42	90.97
74	1.08	1.43	6.15	91.34
75	1.13	1.38	6.11	91.38
76	1.09	1.44	6.23	91.23
77	1.11	1.54	6.21	91.14
78	1.19	1.46	6.39	90.97
79	1.20	1.60	6.26	90.94
80	1.23	1.52	6.58	90.67
81	1.17	1.61	6.54	90.69
82	1.26	1.56	6.56	90.62
83	1.26	1.59	6.59	90.56
84	1.28	1.75	6.64	90.33
85	1.31	1.77	6.81	90.11
86	1.39	1.81	6.74	90.06
87	1.43	1.78	6.64	90.16
88	1.33	2.00	6.66	90.02
89	1.47	1.98	6.75	89.79
90	1.47	2.10	6.79	89.64
91	1.49	2.13	6.87	89.51
92	1.54	2.09	6.74	89.62
93	1.61	2.37	6.50	89.52
94	1.53	2.35	6.60	89.52
95	1.88	2.80	8.25	87.07




