Parameters
	Library type	Single-end
	Input file	/Volumes/wdhd/users/joaks1/projects/gekgo/data/genomes/msg/plate2/demultiplexed-raw/fastq/RMB_5969_Gekko_crombota_BabuyanClaro_R1.fq
	Primer/Adaptor library	NA
	Cut-off read length for HQ	70%
	Cut-off quality score	20
	Only statistics	On
	Number of processes	2


QC statistics
	File name	RMB_5969_Gekko_crombota_BabuyanClaro_R1.fq
	Total number of reads	4389412
	Total number of HQ reads	4334739
	Percentage of HQ reads	98.75%
	Total number of bases	416994140
	Total number of bases in HQ reads	411800205
	Total number of HQ bases in HQ reads	407854722
	Percentage of HQ bases in HQ reads	99.04%
	Number of Primer/Adaptor contaminated HQ reads	NA
	Total number of HQ filtered reads	4334739
	Percentage of HQ filtered reads	98.75%


Detailed QC statistics
	File name	RMB_5969_Gekko_crombota_BabuyanClaro_R1.fq
	Minimum read length	95
	Maximum read length	95
	Average read length	95.00
	Total number of reads	4389412
	Total number of reads with non-ATGC bases	3831
	Percentage of reads with non-ATGC bases	0.09%
	Total number of bases	416994140
	Total number of HQ bases	410623177
	Percentage of HQ bases	98.47%
	Total number of non-ATGC bases	87694
	Percentage of non-ATGC bases	0.02%


Average quality score at each base position of input reads

RMB_5969_Gekko_crombota_BabuyanClaro_R1.fq
35.75	36.79	36.88	36.92	36.72	36.67	36.63	38.93	38.91	38.86	38.81	38.73	38.79	38.78	38.77	38.76	38.76	38.69	38.75	38.64	38.61	38.60	38.62	38.62	38.57	38.46	38.41	38.42	38.44	38.34	38.37	38.38	38.26	38.31	38.28	38.15	38.23	38.20	38.16	38.04	38.13	38.03	38.03	38.02	37.98	38.12	38.14	38.14	38.13	38.10	38.05	38.00	37.92	37.91	37.83	37.73	37.80	37.77	37.69	37.62	37.48	37.40	37.31	37.14	37.01	36.92	36.80	36.61	36.52	34.63	35.36	35.85	35.87	35.84	35.78	35.62	35.52	35.44	35.37	35.30	35.22	35.16	35.14	35.10	35.05	34.99	34.93	34.87	34.84	34.78	34.75	34.73	34.70	34.59	33.86	




Read count (%) per base for different quality score ranges

	RMB_5969_Gekko_crombota_BabuyanClaro_R1.fq
Ranges	0-10	11-20	21-30	31-40
Base
1	0.00	1.00	1.56	97.44
2	0.00	0.31	0.46	99.23
3	0.00	0.18	0.31	99.51
4	0.00	0.12	0.22	99.66
5	0.00	0.19	1.03	98.78
6	0.00	0.31	1.14	98.54
7	0.00	0.38	1.23	98.39
8	0.01	0.41	1.31	98.28
9	0.02	0.44	1.34	98.20
10	0.02	0.49	1.45	98.03
11	0.02	0.51	1.47	98.01
12	0.02	0.56	1.54	97.88
13	0.02	0.57	1.55	97.86
14	0.02	0.59	1.56	97.83
15	0.02	0.57	1.59	97.82
16	0.03	0.56	1.52	97.89
17	0.03	0.61	1.55	97.80
18	0.05	0.67	1.68	97.61
19	0.06	0.57	1.57	97.81
20	0.12	0.75	1.67	97.46
21	0.15	0.79	1.67	97.40
22	0.18	0.74	1.62	97.45
23	0.21	0.76	1.61	97.42
24	0.24	0.71	1.63	97.42
25	0.29	0.73	1.67	97.31
26	0.34	0.75	1.83	97.08
27	0.42	0.78	1.85	96.95
28	0.42	0.70	1.84	97.04
29	0.45	0.63	1.77	97.14
30	0.53	0.68	1.93	96.86
31	0.57	0.65	1.91	96.86
32	0.57	0.66	1.96	96.81
33	0.66	0.73	2.06	96.55
34	0.59	0.69	2.00	96.73
35	0.64	0.68	2.00	96.67
36	0.68	0.73	2.19	96.40
37	0.68	0.70	2.05	96.58
38	0.67	0.73	2.13	96.47
39	0.71	0.75	2.22	96.32
40	0.73	0.82	2.40	96.05
41	0.70	0.74	2.29	96.27
42	0.74	0.81	2.46	95.99
43	0.74	0.80	2.49	95.97
44	0.75	0.79	2.50	95.97
45	0.79	0.80	2.61	95.80
46	0.71	0.75	2.35	96.19
47	0.71	0.75	2.35	96.19
48	0.71	0.75	2.44	96.11
49	0.70	0.75	2.48	96.07
50	0.74	0.75	2.58	95.93
51	0.75	0.78	2.70	95.77
52	0.74	0.77	2.82	95.67
53	0.79	0.78	2.94	95.49
54	0.77	0.78	3.02	95.43
55	0.80	0.82	3.15	95.24
56	0.84	0.83	3.37	94.97
57	0.78	0.80	3.11	95.31
58	0.77	0.81	3.15	95.28
59	0.76	0.84	3.29	95.11
60	0.80	0.83	3.36	95.01
61	0.80	0.87	3.45	94.89
62	0.83	0.88	3.59	94.70
63	0.85	0.87	3.58	94.71
64	0.89	0.91	3.73	94.48
65	0.88	0.92	3.85	94.35
66	0.89	0.90	3.85	94.35
67	0.90	0.94	3.91	94.25
68	0.95	0.97	4.01	94.08
69	0.92	0.95	4.01	94.12
70	1.03	1.38	7.91	89.68
71	0.99	1.17	5.54	92.31
72	0.99	1.08	4.77	93.16
73	1.01	1.05	4.53	93.40
74	0.96	1.04	4.47	93.52
75	0.96	1.03	4.42	93.58
76	0.97	1.05	4.49	93.49
77	1.01	1.10	4.66	93.23
78	1.02	1.10	4.72	93.16
79	1.03	1.12	4.81	93.04
80	1.05	1.15	4.94	92.86
81	1.05	1.18	5.16	92.62
82	1.11	1.20	5.17	92.52
83	1.12	1.19	5.15	92.53
84	1.13	1.21	5.23	92.43
85	1.16	1.23	5.31	92.30
86	1.18	1.30	5.40	92.11
87	1.22	1.34	5.57	91.87
88	1.26	1.40	5.66	91.68
89	1.28	1.45	5.72	91.56
90	1.31	1.51	5.78	91.41
91	1.33	1.54	5.84	91.29
92	1.35	1.58	5.81	91.25
93	1.37	1.60	5.93	91.11
94	1.43	1.71	6.03	90.83
95	1.75	2.10	7.85	88.31




