Parameters
	Library type	Single-end
	Input file	/Volumes/wdhd/users/joaks1/projects/gekgo/data/genomes/msg/plate2/demultiplexed-raw/fastq/RMB_7859_Cyrtodactylus_redimiculus_Palawan_R1.fq
	Primer/Adaptor library	NA
	Cut-off read length for HQ	70%
	Cut-off quality score	20
	Only statistics	On
	Number of processes	2


QC statistics
	File name	RMB_7859_Cyrtodactylus_redimiculus_Palawan_R1.fq
	Total number of reads	3844194
	Total number of HQ reads	3805658
	Percentage of HQ reads	99.00%
	Total number of bases	365198430
	Total number of bases in HQ reads	361537510
	Total number of HQ bases in HQ reads	358312982
	Percentage of HQ bases in HQ reads	99.11%
	Number of Primer/Adaptor contaminated HQ reads	NA
	Total number of HQ filtered reads	3805658
	Percentage of HQ filtered reads	99.00%


Detailed QC statistics
	File name	RMB_7859_Cyrtodactylus_redimiculus_Palawan_R1.fq
	Minimum read length	95
	Maximum read length	95
	Average read length	95.00
	Total number of reads	3844194
	Total number of reads with non-ATGC bases	3238
	Percentage of reads with non-ATGC bases	0.08%
	Total number of bases	365198430
	Total number of HQ bases	360345913
	Percentage of HQ bases	98.67%
	Total number of non-ATGC bases	73291
	Percentage of non-ATGC bases	0.02%


Average quality score at each base position of input reads

RMB_7859_Cyrtodactylus_redimiculus_Palawan_R1.fq
35.93	36.84	36.91	36.93	36.74	36.68	36.65	38.97	38.93	38.87	38.81	38.78	38.87	38.87	38.84	38.82	38.77	38.67	38.76	38.68	38.63	38.66	38.68	38.68	38.61	38.51	38.47	38.47	38.51	38.45	38.47	38.48	38.35	38.41	38.39	38.29	38.32	38.32	38.25	38.24	38.21	38.15	38.11	38.07	38.03	38.20	38.24	38.21	38.22	38.16	38.13	38.06	38.03	37.97	37.91	37.83	37.89	37.84	37.79	37.71	37.62	37.54	37.43	37.30	37.19	37.05	36.92	36.78	36.66	34.79	35.55	35.97	36.01	35.95	35.88	35.78	35.65	35.58	35.49	35.40	35.36	35.29	35.24	35.19	35.14	35.08	35.05	35.02	34.97	34.94	34.90	34.88	34.87	34.83	34.15	




Read count (%) per base for different quality score ranges

	RMB_7859_Cyrtodactylus_redimiculus_Palawan_R1.fq
Ranges	0-10	11-20	21-30	31-40
Base
1	0.00	0.64	1.22	98.14
2	0.00	0.20	0.34	99.46
3	0.00	0.12	0.26	99.62
4	0.00	0.09	0.20	99.71
5	0.00	0.16	0.96	98.88
6	0.00	0.30	1.08	98.62
7	0.00	0.35	1.16	98.49
8	0.01	0.38	1.24	98.37
9	0.02	0.42	1.31	98.26
10	0.02	0.48	1.43	98.06
11	0.01	0.50	1.44	98.05
12	0.02	0.51	1.46	98.01
13	0.02	0.50	1.41	98.07
14	0.02	0.51	1.44	98.03
15	0.02	0.52	1.49	97.97
16	0.02	0.52	1.45	98.01
17	0.03	0.59	1.51	97.87
18	0.04	0.67	1.69	97.59
19	0.04	0.55	1.52	97.89
20	0.09	0.71	1.59	97.61
21	0.11	0.76	1.62	97.51
22	0.12	0.69	1.56	97.63
23	0.14	0.70	1.57	97.59
24	0.16	0.65	1.58	97.61
25	0.20	0.70	1.63	97.48
26	0.25	0.70	1.76	97.29
27	0.33	0.74	1.77	97.16
28	0.34	0.67	1.80	97.19
29	0.35	0.58	1.68	97.38
30	0.42	0.60	1.82	97.16
31	0.47	0.60	1.76	97.17
32	0.45	0.58	1.81	97.16
33	0.56	0.66	1.96	96.82
34	0.47	0.63	1.88	97.02
35	0.51	0.62	1.89	96.98
36	0.53	0.66	2.06	96.75
37	0.55	0.64	2.00	96.80
38	0.55	0.66	2.06	96.73
39	0.58	0.69	2.14	96.59
40	0.55	0.68	2.18	96.58
41	0.59	0.69	2.25	96.46
42	0.63	0.72	2.37	96.28
43	0.64	0.74	2.43	96.19
44	0.66	0.74	2.49	96.10
45	0.67	0.75	2.55	96.04
46	0.56	0.67	2.28	96.48
47	0.56	0.65	2.27	96.52
48	0.59	0.67	2.36	96.37
49	0.57	0.66	2.37	96.39
50	0.62	0.68	2.50	96.19
51	0.61	0.69	2.60	96.10
52	0.63	0.71	2.74	95.93
53	0.64	0.70	2.82	95.84
54	0.65	0.72	2.93	95.70
55	0.67	0.73	3.03	95.57
56	0.69	0.74	3.17	95.40
57	0.63	0.72	2.97	95.67
58	0.63	0.72	3.07	95.59
59	0.62	0.75	3.10	95.53
60	0.67	0.74	3.21	95.38
61	0.67	0.76	3.28	95.29
62	0.66	0.76	3.35	95.23
63	0.69	0.77	3.40	95.14
64	0.72	0.80	3.53	94.95
65	0.71	0.82	3.56	94.91
66	0.74	0.81	3.66	94.79
67	0.75	0.84	3.76	94.65
68	0.76	0.85	3.88	94.51
69	0.74	0.87	3.90	94.49
70	0.86	1.27	7.63	90.25
71	0.81	1.07	5.30	92.81
72	0.82	0.96	4.63	93.59
73	0.82	0.95	4.40	93.83
74	0.80	0.95	4.32	93.94
75	0.81	0.92	4.29	93.98
76	0.81	0.94	4.34	93.92
77	0.85	0.97	4.46	93.72
78	0.85	0.98	4.54	93.63
79	0.85	1.02	4.69	93.44
80	0.89	1.03	4.75	93.34
81	0.90	1.06	4.79	93.26
82	0.92	1.09	4.91	93.07
83	0.95	1.11	4.99	92.95
84	0.95	1.17	5.16	92.72
85	0.98	1.17	5.24	92.61
86	1.02	1.21	5.35	92.42
87	1.04	1.25	5.38	92.33
88	1.05	1.28	5.40	92.26
89	1.06	1.32	5.56	92.05
90	1.08	1.35	5.57	92.00
91	1.10	1.39	5.68	91.83
92	1.11	1.45	5.69	91.75
93	1.13	1.44	5.63	91.80
94	1.17	1.50	5.70	91.63
95	1.45	1.87	7.42	89.26




