Parameters
	Library type	Single-end
	Input file	/Volumes/wdhd/users/joaks1/projects/gekgo/data/genomes/msg/plate2/demultiplexed-raw/fastq/RMB_13657_Gekko_mindorensis_Luzon_R1.fq
	Primer/Adaptor library	NA
	Cut-off read length for HQ	70%
	Cut-off quality score	20
	Only statistics	On
	Number of processes	2


QC statistics
	File name	RMB_13657_Gekko_mindorensis_Luzon_R1.fq
	Total number of reads	447251
	Total number of HQ reads	441791
	Percentage of HQ reads	98.78%
	Total number of bases	42488845
	Total number of bases in HQ reads	41970145
	Total number of HQ bases in HQ reads	41563934
	Percentage of HQ bases in HQ reads	99.03%
	Number of Primer/Adaptor contaminated HQ reads	NA
	Total number of HQ filtered reads	441791
	Percentage of HQ filtered reads	98.78%


Detailed QC statistics
	File name	RMB_13657_Gekko_mindorensis_Luzon_R1.fq
	Minimum read length	95
	Maximum read length	95
	Average read length	95.00
	Total number of reads	447251
	Total number of reads with non-ATGC bases	366
	Percentage of reads with non-ATGC bases	0.08%
	Total number of bases	42488845
	Total number of HQ bases	41841540
	Percentage of HQ bases	98.48%
	Total number of non-ATGC bases	8328
	Percentage of non-ATGC bases	0.02%


Average quality score at each base position of input reads

RMB_13657_Gekko_mindorensis_Luzon_R1.fq
36.76	36.87	36.90	36.92	36.73	36.66	36.62	38.79	38.80	38.78	38.73	38.62	38.68	38.70	38.68	38.62	38.62	38.55	38.62	38.50	38.49	38.46	38.42	38.44	38.36	38.30	38.24	38.27	38.29	38.17	38.21	38.21	38.09	38.14	38.10	38.01	38.05	37.97	37.94	37.78	37.88	37.80	37.75	37.73	37.63	37.90	38.02	38.05	38.02	37.96	37.88	37.83	37.79	37.73	37.65	37.51	37.57	37.56	37.50	37.41	37.29	37.19	37.06	36.92	36.75	36.59	36.48	36.34	36.16	34.19	35.05	35.54	35.58	35.56	35.50	35.42	35.36	35.29	35.22	35.16	35.13	35.07	35.02	34.98	34.95	34.90	34.83	34.80	34.74	34.69	34.68	34.67	34.67	34.59	33.86	




Read count (%) per base for different quality score ranges

	RMB_13657_Gekko_mindorensis_Luzon_R1.fq
Ranges	0-10	11-20	21-30	31-40
Base
1	0.00	0.41	0.52	99.07
2	0.00	0.21	0.30	99.50
3	0.00	0.16	0.26	99.58
4	0.00	0.11	0.23	99.66
5	0.00	0.20	1.00	98.80
6	0.00	0.32	1.19	98.49
7	0.00	0.40	1.30	98.29
8	0.01	0.45	1.42	98.12
9	0.02	0.43	1.39	98.16
10	0.02	0.48	1.53	97.97
11	0.02	0.52	1.54	97.91
12	0.03	0.58	1.65	97.75
13	0.03	0.58	1.66	97.74
14	0.02	0.57	1.63	97.77
15	0.03	0.54	1.63	97.80
16	0.03	0.57	1.60	97.80
17	0.04	0.63	1.65	97.68
18	0.05	0.68	1.77	97.49
19	0.06	0.58	1.67	97.68
20	0.13	0.76	1.80	97.31
21	0.19	0.76	1.70	97.34
22	0.23	0.74	1.71	97.32
23	0.27	0.77	1.84	97.13
24	0.30	0.68	1.75	97.28
25	0.38	0.72	1.84	97.07
26	0.42	0.70	1.98	96.90
27	0.52	0.74	2.01	96.73
28	0.48	0.67	1.97	96.88
29	0.47	0.60	1.93	97.00
30	0.57	0.68	2.08	96.67
31	0.59	0.66	2.05	96.69
32	0.57	0.70	2.06	96.67
33	0.68	0.73	2.22	96.37
34	0.59	0.70	2.16	96.54
35	0.64	0.72	2.26	96.39
36	0.67	0.77	2.36	96.20
37	0.68	0.72	2.30	96.30
38	0.68	0.77	2.44	96.11
39	0.73	0.79	2.49	95.99
40	0.74	0.86	2.83	95.57
41	0.70	0.75	2.64	95.91
42	0.74	0.83	2.77	95.66
43	0.76	0.84	2.81	95.60
44	0.76	0.82	2.85	95.57
45	0.83	0.88	3.09	95.19
46	0.67	0.76	2.62	95.94
47	0.66	0.76	2.56	96.02
48	0.66	0.73	2.61	95.99
49	0.72	0.75	2.69	95.84
50	0.72	0.77	2.84	95.67
51	0.73	0.81	2.98	95.48
52	0.70	0.79	3.20	95.32
53	0.72	0.79	3.22	95.27
54	0.73	0.80	3.35	95.13
55	0.76	0.81	3.39	95.04
56	0.83	0.83	3.66	94.69
57	0.75	0.83	3.35	95.07
58	0.74	0.79	3.35	95.12
59	0.72	0.82	3.44	95.02
60	0.76	0.83	3.49	94.92
61	0.78	0.84	3.58	94.80
62	0.80	0.85	3.62	94.72
63	0.78	0.89	3.69	94.64
64	0.84	0.87	3.91	94.38
65	0.87	0.90	4.04	94.19
66	0.90	0.94	4.20	93.97
67	0.88	0.96	4.16	94.00
68	0.92	0.97	4.21	93.90
69	0.92	0.95	4.34	93.79
70	1.02	1.37	8.97	88.63
71	0.98	1.18	5.90	91.95
72	0.94	1.07	5.04	92.94
73	0.98	1.06	4.80	93.16
74	0.91	1.05	4.73	93.30
75	0.94	1.04	4.69	93.33
76	0.94	1.08	4.76	93.22
77	0.97	1.10	4.76	93.17
78	0.97	1.12	4.94	92.98
79	1.01	1.16	5.03	92.80
80	1.05	1.15	5.15	92.65
81	1.02	1.17	5.25	92.56
82	1.08	1.22	5.34	92.36
83	1.11	1.25	5.44	92.21
84	1.09	1.28	5.55	92.08
85	1.12	1.30	5.49	92.10
86	1.17	1.29	5.61	91.92
87	1.14	1.42	5.78	91.65
88	1.21	1.43	5.85	91.51
89	1.26	1.49	5.96	91.29
90	1.28	1.55	6.01	91.16
91	1.32	1.58	6.00	91.10
92	1.34	1.61	5.93	91.12
93	1.33	1.64	5.95	91.08
94	1.36	1.73	6.24	90.67
95	1.65	2.16	7.92	88.26




