Parameters
	Library type	Single-end
	Input file	/Volumes/wdhd/users/joaks1/projects/gekgo/data/genomes/msg/plate2/demultiplexed-raw/fastq/RMB_5185_Cyrtodactylus_philippinicus_Sibuyan_R1.fq
	Primer/Adaptor library	NA
	Cut-off read length for HQ	70%
	Cut-off quality score	20
	Only statistics	On
	Number of processes	2


QC statistics
	File name	RMB_5185_Cyrtodactylus_philippinicus_Sibuyan_R1.fq
	Total number of reads	1677799
	Total number of HQ reads	1663175
	Percentage of HQ reads	99.13%
	Total number of bases	159390905
	Total number of bases in HQ reads	158001625
	Total number of HQ bases in HQ reads	156668979
	Percentage of HQ bases in HQ reads	99.16%
	Number of Primer/Adaptor contaminated HQ reads	NA
	Total number of HQ filtered reads	1663175
	Percentage of HQ filtered reads	99.13%


Detailed QC statistics
	File name	RMB_5185_Cyrtodactylus_philippinicus_Sibuyan_R1.fq
	Minimum read length	95
	Maximum read length	95
	Average read length	95.00
	Total number of reads	1677799
	Total number of reads with non-ATGC bases	1470
	Percentage of reads with non-ATGC bases	0.09%
	Total number of bases	159390905
	Total number of HQ bases	157445169
	Percentage of HQ bases	98.78%
	Total number of non-ATGC bases	33889
	Percentage of non-ATGC bases	0.02%


Average quality score at each base position of input reads

RMB_5185_Cyrtodactylus_philippinicus_Sibuyan_R1.fq
34.55	36.74	36.88	36.92	36.74	36.68	36.66	38.98	38.94	38.90	38.85	38.81	38.88	38.89	38.86	38.85	38.81	38.73	38.82	38.73	38.68	38.71	38.73	38.73	38.66	38.57	38.52	38.51	38.56	38.48	38.52	38.53	38.40	38.46	38.41	38.35	38.38	38.37	38.31	38.28	38.28	38.22	38.17	38.15	38.10	38.28	38.33	38.30	38.30	38.26	38.23	38.16	38.13	38.07	38.02	37.95	37.99	37.94	37.86	37.80	37.73	37.64	37.54	37.39	37.30	37.13	37.01	36.90	36.74	34.86	35.65	36.09	36.15	36.09	35.99	35.90	35.78	35.71	35.62	35.54	35.48	35.42	35.36	35.30	35.25	35.20	35.16	35.12	35.09	35.05	34.99	34.97	34.96	34.95	34.29	




Read count (%) per base for different quality score ranges

	RMB_5185_Cyrtodactylus_philippinicus_Sibuyan_R1.fq
Ranges	0-10	11-20	21-30	31-40
Base
1	0.00	1.34	3.19	95.47
2	0.00	0.33	0.51	99.16
3	0.00	0.17	0.31	99.51
4	0.00	0.11	0.22	99.66
5	0.00	0.19	0.98	98.83
6	0.00	0.30	1.05	98.64
7	0.00	0.35	1.12	98.53
8	0.01	0.37	1.20	98.42
9	0.02	0.41	1.27	98.31
10	0.02	0.47	1.37	98.14
11	0.02	0.47	1.38	98.13
12	0.01	0.50	1.39	98.10
13	0.02	0.49	1.38	98.11
14	0.02	0.48	1.37	98.13
15	0.02	0.49	1.43	98.06
16	0.02	0.49	1.37	98.12
17	0.03	0.55	1.44	97.98
18	0.03	0.63	1.58	97.76
19	0.04	0.50	1.43	98.03
20	0.08	0.67	1.50	97.75
21	0.09	0.70	1.52	97.69
22	0.10	0.63	1.44	97.82
23	0.11	0.64	1.47	97.77
24	0.14	0.61	1.46	97.79
25	0.18	0.65	1.53	97.65
26	0.22	0.65	1.68	97.44
27	0.30	0.69	1.70	97.31
28	0.31	0.62	1.72	97.35
29	0.32	0.56	1.59	97.53
30	0.41	0.57	1.75	97.27
31	0.43	0.56	1.67	97.34
32	0.41	0.54	1.72	97.32
33	0.53	0.61	1.85	97.00
34	0.45	0.57	1.77	97.22
35	0.48	0.59	1.84	97.08
36	0.49	0.61	1.97	96.93
37	0.50	0.60	1.89	97.01
38	0.51	0.60	1.95	96.94
39	0.54	0.64	2.05	96.76
40	0.50	0.64	2.09	96.76
41	0.54	0.62	2.11	96.73
42	0.58	0.67	2.23	96.52
43	0.58	0.67	2.31	96.44
44	0.58	0.67	2.35	96.41
45	0.61	0.70	2.43	96.27
46	0.52	0.62	2.12	96.74
47	0.53	0.60	2.09	96.78
48	0.56	0.63	2.19	96.62
49	0.53	0.61	2.25	96.62
50	0.56	0.62	2.33	96.48
51	0.57	0.62	2.44	96.38
52	0.58	0.65	2.53	96.24
53	0.59	0.62	2.60	96.19
54	0.58	0.66	2.75	96.01
55	0.59	0.66	2.83	95.92
56	0.63	0.66	2.90	95.80
57	0.58	0.64	2.73	96.04
58	0.59	0.66	2.85	95.89
59	0.58	0.70	3.03	95.70
60	0.61	0.69	3.02	95.67
61	0.61	0.70	3.06	95.63
62	0.60	0.70	3.15	95.55
63	0.63	0.69	3.20	95.48
64	0.64	0.72	3.47	95.17
65	0.64	0.73	3.35	95.29
66	0.68	0.75	3.53	95.04
67	0.67	0.77	3.57	94.99
68	0.67	0.77	3.60	94.96
69	0.69	0.79	3.78	94.74
70	0.79	1.13	7.52	90.56
71	0.74	0.96	5.03	93.27
72	0.73	0.87	4.32	94.08
73	0.72	0.84	4.09	94.35
74	0.70	0.83	4.03	94.45
75	0.71	0.84	4.06	94.39
76	0.72	0.85	4.12	94.31
77	0.74	0.88	4.21	94.17
78	0.77	0.88	4.26	94.09
79	0.79	0.89	4.35	93.97
80	0.79	0.94	4.48	93.79
81	0.79	0.96	4.60	93.65
82	0.82	0.97	4.68	93.52
83	0.85	1.00	4.77	93.38
84	0.87	1.04	4.85	93.25
85	0.87	1.06	4.96	93.12
86	0.89	1.08	5.04	92.98
87	0.92	1.12	5.14	92.81
88	0.91	1.16	5.22	92.71
89	0.94	1.19	5.26	92.61
90	0.95	1.23	5.36	92.46
91	0.99	1.28	5.48	92.25
92	1.00	1.31	5.51	92.17
93	1.02	1.35	5.47	92.16
94	1.03	1.36	5.47	92.14
95	1.29	1.74	7.13	89.84




