Parameters
	Library type	Single-end
	Input file	/Volumes/wdhd/users/joaks1/projects/gekgo/data/genomes/msg/plate2/demultiplexed-raw/fastq/RMB_6455_Cyrtodactylus_philippinicus_Mindoro_R1.fq
	Primer/Adaptor library	NA
	Cut-off read length for HQ	70%
	Cut-off quality score	20
	Only statistics	On
	Number of processes	2


QC statistics
	File name	RMB_6455_Cyrtodactylus_philippinicus_Mindoro_R1.fq
	Total number of reads	3155428
	Total number of HQ reads	3126744
	Percentage of HQ reads	99.09%
	Total number of bases	299765660
	Total number of bases in HQ reads	297040680
	Total number of HQ bases in HQ reads	294544407
	Percentage of HQ bases in HQ reads	99.16%
	Number of Primer/Adaptor contaminated HQ reads	NA
	Total number of HQ filtered reads	3126744
	Percentage of HQ filtered reads	99.09%


Detailed QC statistics
	File name	RMB_6455_Cyrtodactylus_philippinicus_Mindoro_R1.fq
	Minimum read length	95
	Maximum read length	95
	Average read length	95.00
	Total number of reads	3155428
	Total number of reads with non-ATGC bases	2819
	Percentage of reads with non-ATGC bases	0.09%
	Total number of bases	299765660
	Total number of HQ bases	296065349
	Percentage of HQ bases	98.77%
	Total number of non-ATGC bases	63684
	Percentage of non-ATGC bases	0.02%


Average quality score at each base position of input reads

RMB_6455_Cyrtodactylus_philippinicus_Mindoro_R1.fq
36.72	36.86	36.89	36.92	36.74	36.68	36.66	39.01	38.98	38.94	38.87	38.84	38.87	38.86	38.82	38.82	38.80	38.73	38.82	38.73	38.69	38.71	38.73	38.73	38.66	38.57	38.53	38.52	38.59	38.50	38.55	38.55	38.44	38.50	38.45	38.39	38.41	38.41	38.34	38.31	38.30	38.23	38.18	38.15	38.10	38.23	38.24	38.20	38.19	38.13	38.09	38.01	37.95	37.88	37.82	37.72	37.74	37.67	37.56	37.47	37.38	37.25	37.11	36.93	36.81	36.62	36.51	36.39	36.25	34.47	35.25	35.66	35.73	35.69	35.65	35.59	35.53	35.49	35.45	35.37	35.34	35.30	35.25	35.22	35.19	35.15	35.11	35.07	35.06	35.02	34.98	34.97	34.97	34.96	34.28	




Read count (%) per base for different quality score ranges

	RMB_6455_Cyrtodactylus_philippinicus_Mindoro_R1.fq
Ranges	0-10	11-20	21-30	31-40
Base
1	0.00	0.49	0.61	98.89
2	0.00	0.25	0.34	99.42
3	0.00	0.17	0.29	99.53
4	0.00	0.11	0.22	99.67
5	0.00	0.19	0.98	98.83
6	0.00	0.31	1.07	98.62
7	0.00	0.35	1.14	98.51
8	0.01	0.37	1.19	98.43
9	0.02	0.41	1.26	98.31
10	0.02	0.44	1.33	98.20
11	0.02	0.48	1.38	98.13
12	0.01	0.48	1.37	98.13
13	0.02	0.49	1.37	98.13
14	0.02	0.49	1.39	98.11
15	0.02	0.50	1.45	98.03
16	0.03	0.49	1.37	98.11
17	0.04	0.55	1.43	97.99
18	0.05	0.61	1.58	97.76
19	0.05	0.49	1.43	98.03
20	0.12	0.63	1.49	97.76
21	0.14	0.65	1.52	97.69
22	0.17	0.59	1.49	97.75
23	0.20	0.58	1.50	97.72
24	0.24	0.52	1.49	97.75
25	0.30	0.54	1.56	97.60
26	0.35	0.55	1.67	97.43
27	0.43	0.56	1.69	97.31
28	0.39	0.56	1.70	97.35
29	0.36	0.50	1.58	97.56
30	0.43	0.55	1.74	97.28
31	0.45	0.55	1.67	97.33
32	0.42	0.54	1.72	97.31
33	0.52	0.61	1.84	97.03
34	0.43	0.58	1.78	97.21
35	0.48	0.58	1.84	97.10
36	0.48	0.60	1.95	96.97
37	0.51	0.59	1.89	97.01
38	0.50	0.59	1.94	96.97
39	0.52	0.63	2.07	96.78
40	0.50	0.63	2.13	96.74
41	0.52	0.63	2.18	96.67
42	0.56	0.67	2.32	96.45
43	0.56	0.67	2.42	96.35
44	0.58	0.66	2.48	96.28
45	0.60	0.68	2.55	96.17
46	0.53	0.64	2.32	96.51
47	0.53	0.62	2.37	96.48
48	0.55	0.64	2.47	96.35
49	0.52	0.63	2.52	96.33
50	0.57	0.64	2.63	96.16
51	0.57	0.64	2.73	96.06
52	0.57	0.66	2.90	95.87
53	0.60	0.65	2.94	95.81
54	0.58	0.68	3.08	95.66
55	0.58	0.68	3.10	95.64
56	0.64	0.69	3.22	95.46
57	0.60	0.67	3.02	95.71
58	0.59	0.68	3.11	95.62
59	0.58	0.73	3.29	95.40
60	0.62	0.71	3.23	95.44
61	0.62	0.71	3.23	95.43
62	0.63	0.72	3.33	95.32
63	0.64	0.73	3.38	95.25
64	0.65	0.76	3.76	94.82
65	0.66	0.75	3.56	95.04
66	0.69	0.78	3.72	94.80
67	0.66	0.80	3.78	94.76
68	0.69	0.79	3.80	94.72
69	0.69	0.82	3.98	94.51
70	0.78	1.19	8.11	89.92
71	0.74	1.00	5.37	92.89
72	0.73	0.91	4.56	93.80
73	0.74	0.88	4.31	94.07
74	0.73	0.87	4.28	94.12
75	0.72	0.89	4.26	94.13
76	0.74	0.90	4.37	93.99
77	0.74	0.92	4.47	93.88
78	0.75	0.94	4.46	93.85
79	0.78	0.94	4.52	93.76
80	0.79	0.97	4.76	93.48
81	0.80	0.98	4.78	93.44
82	0.81	1.02	4.84	93.32
83	0.85	1.05	4.90	93.20
84	0.86	1.07	4.97	93.09
85	0.87	1.11	5.04	92.97
86	0.91	1.13	5.09	92.86
87	0.93	1.20	5.20	92.67
88	0.94	1.24	5.24	92.58
89	0.95	1.25	5.22	92.58
90	0.97	1.31	5.28	92.43
91	0.99	1.35	5.39	92.27
92	1.00	1.39	5.38	92.22
93	1.02	1.42	5.36	92.19
94	1.02	1.44	5.36	92.18
95	1.31	1.81	6.96	89.92




