Parameters
	Library type	Single-end
	Input file	/Volumes/wdhd/users/joaks1/projects/gekgo/data/genomes/msg/plate2/demultiplexed-raw/fastq/RMB_3118_Gekko_athymus_Palawan_R1.fq
	Primer/Adaptor library	NA
	Cut-off read length for HQ	70%
	Cut-off quality score	20
	Only statistics	On
	Number of processes	2


QC statistics
	File name	RMB_3118_Gekko_athymus_Palawan_R1.fq
	Total number of reads	1293425
	Total number of HQ reads	1280064
	Percentage of HQ reads	98.97%
	Total number of bases	122875375
	Total number of bases in HQ reads	121606080
	Total number of HQ bases in HQ reads	120532575
	Percentage of HQ bases in HQ reads	99.12%
	Number of Primer/Adaptor contaminated HQ reads	NA
	Total number of HQ filtered reads	1280064
	Percentage of HQ filtered reads	98.97%


Detailed QC statistics
	File name	RMB_3118_Gekko_athymus_Palawan_R1.fq
	Minimum read length	95
	Maximum read length	95
	Average read length	95.00
	Total number of reads	1293425
	Total number of reads with non-ATGC bases	1133
	Percentage of reads with non-ATGC bases	0.09%
	Total number of bases	122875375
	Total number of HQ bases	121213162
	Percentage of HQ bases	98.65%
	Total number of non-ATGC bases	25422
	Percentage of non-ATGC bases	0.02%


Average quality score at each base position of input reads

RMB_3118_Gekko_athymus_Palawan_R1.fq
36.80	36.87	36.89	36.91	36.73	36.68	36.64	38.97	38.96	38.91	38.82	38.81	38.84	38.85	38.85	38.85	38.81	38.73	38.79	38.68	38.65	38.65	38.67	38.63	38.58	38.49	38.46	38.50	38.51	38.44	38.46	38.46	38.36	38.42	38.34	38.30	38.28	38.29	38.25	38.17	38.20	38.13	38.12	38.08	38.03	38.20	38.24	38.20	38.17	38.14	38.11	38.05	37.99	37.95	37.89	37.77	37.85	37.81	37.75	37.67	37.60	37.50	37.41	37.30	37.13	36.98	36.87	36.76	36.63	34.71	35.51	35.97	36.01	35.96	35.88	35.78	35.67	35.58	35.48	35.41	35.35	35.30	35.27	35.23	35.17	35.12	35.07	35.02	34.84	34.84	34.84	34.84	34.85	34.69	34.10	




Read count (%) per base for different quality score ranges

	RMB_3118_Gekko_athymus_Palawan_R1.fq
Ranges	0-10	11-20	21-30	31-40
Base
1	0.00	0.40	0.48	99.12
2	0.00	0.23	0.30	99.47
3	0.00	0.18	0.28	99.54
4	0.00	0.13	0.24	99.63
5	0.00	0.21	1.00	98.78
6	0.00	0.32	1.09	98.58
7	0.00	0.37	1.20	98.43
8	0.01	0.41	1.26	98.32
9	0.02	0.42	1.27	98.30
10	0.02	0.47	1.41	98.10
11	0.02	0.51	1.47	98.00
12	0.02	0.50	1.45	98.03
13	0.02	0.55	1.47	97.97
14	0.03	0.55	1.46	97.96
15	0.02	0.51	1.46	98.00
16	0.02	0.51	1.42	98.04
17	0.03	0.57	1.50	97.90
18	0.03	0.64	1.64	97.68
19	0.04	0.55	1.51	97.90
20	0.10	0.73	1.59	97.58
21	0.12	0.76	1.58	97.53
22	0.15	0.71	1.53	97.62
23	0.17	0.73	1.55	97.55
24	0.21	0.71	1.61	97.46
25	0.25	0.72	1.63	97.40
26	0.28	0.75	1.76	97.21
27	0.36	0.77	1.81	97.06
28	0.36	0.67	1.73	97.24
29	0.38	0.60	1.66	97.36
30	0.46	0.62	1.79	97.13
31	0.48	0.62	1.79	97.11
32	0.47	0.60	1.84	97.09
33	0.58	0.66	1.93	96.82
34	0.51	0.62	1.87	97.00
35	0.58	0.65	1.93	96.85
36	0.56	0.66	2.02	96.76
37	0.61	0.66	2.05	96.68
38	0.59	0.66	2.05	96.70
39	0.63	0.67	2.08	96.62
40	0.60	0.73	2.23	96.44
41	0.61	0.68	2.17	96.53
42	0.66	0.74	2.30	96.30
43	0.65	0.72	2.38	96.24
44	0.67	0.73	2.36	96.24
45	0.69	0.74	2.47	96.10
46	0.60	0.67	2.17	96.56
47	0.59	0.67	2.24	96.51
48	0.60	0.69	2.35	96.36
49	0.61	0.68	2.41	96.31
50	0.63	0.69	2.47	96.21
51	0.64	0.70	2.53	96.13
52	0.63	0.70	2.67	96.00
53	0.66	0.69	2.79	95.85
54	0.66	0.72	2.87	95.75
55	0.66	0.73	2.99	95.61
56	0.73	0.75	3.24	95.28
57	0.67	0.73	2.96	95.64
58	0.65	0.74	3.11	95.50
59	0.65	0.76	3.13	95.46
60	0.70	0.76	3.19	95.35
61	0.67	0.77	3.25	95.30
62	0.68	0.79	3.38	95.15
63	0.71	0.76	3.36	95.16
64	0.70	0.79	3.41	95.10
65	0.75	0.82	3.73	94.71
66	0.78	0.85	3.72	94.65
67	0.79	0.85	3.70	94.66
68	0.79	0.83	3.77	94.60
69	0.80	0.85	3.81	94.54
70	0.89	1.25	7.64	90.22
71	0.84	1.07	5.24	92.85
72	0.81	0.97	4.49	93.73
73	0.83	0.94	4.29	93.94
74	0.80	0.92	4.25	94.03
75	0.80	0.91	4.16	94.13
76	0.80	0.91	4.26	94.03
77	0.83	0.95	4.32	93.90
78	0.84	0.97	4.46	93.72
79	0.87	1.00	4.60	93.53
80	0.89	1.02	4.66	93.43
81	0.91	1.04	4.78	93.27
82	0.94	1.07	4.88	93.11
83	0.94	1.05	4.90	93.10
84	0.96	1.09	4.91	93.04
85	1.00	1.12	5.05	92.83
86	1.03	1.16	5.12	92.70
87	1.05	1.21	5.22	92.51
88	1.06	1.27	5.38	92.29
89	1.18	1.44	6.03	91.36
90	1.13	1.38	6.00	91.48
91	1.15	1.42	5.72	91.72
92	1.17	1.43	5.63	91.77
93	1.17	1.47	5.57	91.79
94	1.23	1.68	6.15	90.94
95	1.46	1.88	7.44	89.22




