Parameters
	Library type	Single-end
	Input file	/Volumes/wdhd/users/joaks1/projects/gekgo/data/genomes/msg/plate2/demultiplexed-raw/fastq/RMB_7830_Gekko_athymus_Palawan_R1.fq
	Primer/Adaptor library	NA
	Cut-off read length for HQ	70%
	Cut-off quality score	20
	Only statistics	On
	Number of processes	2


QC statistics
	File name	RMB_7830_Gekko_athymus_Palawan_R1.fq
	Total number of reads	126381
	Total number of HQ reads	124916
	Percentage of HQ reads	98.84%
	Total number of bases	12006195
	Total number of bases in HQ reads	11867020
	Total number of HQ bases in HQ reads	11755191
	Percentage of HQ bases in HQ reads	99.06%
	Number of Primer/Adaptor contaminated HQ reads	NA
	Total number of HQ filtered reads	124916
	Percentage of HQ filtered reads	98.84%


Detailed QC statistics
	File name	RMB_7830_Gekko_athymus_Palawan_R1.fq
	Minimum read length	95
	Maximum read length	95
	Average read length	95.00
	Total number of reads	126381
	Total number of reads with non-ATGC bases	85
	Percentage of reads with non-ATGC bases	0.07%
	Total number of bases	12006195
	Total number of HQ bases	11830639
	Percentage of HQ bases	98.54%
	Total number of non-ATGC bases	1920
	Percentage of non-ATGC bases	0.02%


Average quality score at each base position of input reads

RMB_7830_Gekko_athymus_Palawan_R1.fq
35.79	36.78	36.85	36.90	36.72	36.66	36.63	38.96	38.94	38.90	38.82	38.80	38.84	38.83	38.83	38.82	38.79	38.70	38.77	38.66	38.61	38.63	38.65	38.64	38.56	38.47	38.44	38.50	38.50	38.41	38.45	38.44	38.34	38.39	38.33	38.28	38.29	38.30	38.22	38.12	38.19	38.11	38.10	38.06	38.02	38.15	38.19	38.17	38.13	38.11	38.07	38.01	37.94	37.89	37.83	37.72	37.77	37.74	37.69	37.59	37.51	37.39	37.30	37.18	37.01	36.85	36.74	36.61	36.50	34.60	35.41	35.82	35.86	35.82	35.76	35.67	35.55	35.47	35.39	35.32	35.28	35.24	35.19	35.17	35.10	35.06	35.02	34.96	34.80	34.80	34.78	34.79	34.80	34.65	34.08	




Read count (%) per base for different quality score ranges

	RMB_7830_Gekko_athymus_Palawan_R1.fq
Ranges	0-10	11-20	21-30	31-40
Base
1	0.00	1.06	1.44	97.49
2	0.00	0.39	0.46	99.15
3	0.00	0.26	0.39	99.35
4	0.00	0.18	0.27	99.55
5	0.00	0.24	1.05	98.72
6	0.00	0.36	1.15	98.49
7	0.00	0.39	1.21	98.40
8	0.01	0.46	1.29	98.24
9	0.02	0.46	1.31	98.21
10	0.02	0.49	1.47	98.02
11	0.02	0.57	1.48	97.94
12	0.02	0.54	1.49	97.95
13	0.02	0.59	1.48	97.91
14	0.02	0.57	1.50	97.91
15	0.03	0.56	1.53	97.88
16	0.03	0.54	1.52	97.91
17	0.03	0.64	1.54	97.79
18	0.04	0.70	1.73	97.54
19	0.05	0.60	1.60	97.75
20	0.11	0.81	1.64	97.43
21	0.15	0.82	1.75	97.28
22	0.18	0.81	1.54	97.47
23	0.19	0.74	1.60	97.47
24	0.23	0.69	1.64	97.44
25	0.30	0.82	1.66	97.22
26	0.37	0.73	1.81	97.09
27	0.41	0.79	1.85	96.96
28	0.41	0.67	1.75	97.18
29	0.41	0.63	1.70	97.25
30	0.53	0.69	1.86	96.92
31	0.54	0.65	1.79	97.02
32	0.56	0.63	1.88	96.93
33	0.64	0.72	1.98	96.65
34	0.56	0.63	1.94	96.86
35	0.66	0.67	1.90	96.77
36	0.58	0.71	2.10	96.60
37	0.62	0.68	2.12	96.58
38	0.60	0.69	2.11	96.59
39	0.66	0.76	2.16	96.42
40	0.66	0.82	2.32	96.21
41	0.65	0.70	2.29	96.36
42	0.72	0.76	2.36	96.16
43	0.65	0.77	2.49	96.09
44	0.73	0.73	2.47	96.07
45	0.75	0.73	2.49	96.03
46	0.65	0.71	2.38	96.26
47	0.66	0.68	2.39	96.28
48	0.64	0.70	2.47	96.19
49	0.63	0.69	2.59	96.08
50	0.66	0.72	2.62	96.01
51	0.68	0.74	2.65	95.93
52	0.70	0.72	2.75	95.83
53	0.73	0.75	2.90	95.62
54	0.71	0.79	3.00	95.50
55	0.72	0.78	3.10	95.40
56	0.79	0.79	3.28	95.14
57	0.73	0.75	3.15	95.38
58	0.69	0.77	3.25	95.29
59	0.68	0.79	3.22	95.31
60	0.75	0.81	3.30	95.13
61	0.71	0.84	3.38	95.07
62	0.76	0.84	3.53	94.88
63	0.73	0.85	3.51	94.91
64	0.77	0.83	3.62	94.78
65	0.80	0.82	3.90	94.48
66	0.82	0.92	3.81	94.45
67	0.83	0.89	3.85	94.42
68	0.86	0.91	3.99	94.24
69	0.81	0.91	3.99	94.29
70	0.94	1.36	7.83	89.88
71	0.88	1.11	5.48	92.53
72	0.95	1.03	4.66	93.37
73	0.89	1.02	4.57	93.52
74	0.87	0.97	4.45	93.71
75	0.88	0.99	4.35	93.79
76	0.86	0.97	4.51	93.66
77	0.90	1.06	4.50	93.54
78	0.94	1.06	4.61	93.40
79	0.96	1.09	4.78	93.18
80	1.01	1.10	4.88	93.00
81	0.98	1.12	4.89	93.00
82	1.03	1.07	5.04	92.86
83	1.01	1.21	5.06	92.72
84	1.04	1.19	5.01	92.75
85	1.11	1.25	5.17	92.48
86	1.11	1.25	5.21	92.43
87	1.16	1.29	5.29	92.26
88	1.16	1.35	5.53	91.96
89	1.21	1.55	6.08	91.16
90	1.24	1.44	6.00	91.32
91	1.30	1.52	5.78	91.40
92	1.27	1.58	5.70	91.45
93	1.25	1.59	5.77	91.39
94	1.32	1.78	6.26	90.63
95	1.50	2.06	7.43	89.00




