Parameters
	Library type	Single-end
	Input file	/Volumes/wdhd/users/joaks1/projects/gekgo/data/genomes/msg/plate2/demultiplexed-raw/fastq/RMB_13588_Gekko_carusadensis_Luzon_R1.fq
	Primer/Adaptor library	NA
	Cut-off read length for HQ	70%
	Cut-off quality score	20
	Only statistics	On
	Number of processes	2


QC statistics
	File name	RMB_13588_Gekko_carusadensis_Luzon_R1.fq
	Total number of reads	12020
	Total number of HQ reads	11844
	Percentage of HQ reads	98.54%
	Total number of bases	1141900
	Total number of bases in HQ reads	1125180
	Total number of HQ bases in HQ reads	1111706
	Percentage of HQ bases in HQ reads	98.80%
	Number of Primer/Adaptor contaminated HQ reads	NA
	Total number of HQ filtered reads	11844
	Percentage of HQ filtered reads	98.54%


Detailed QC statistics
	File name	RMB_13588_Gekko_carusadensis_Luzon_R1.fq
	Minimum read length	95
	Maximum read length	95
	Average read length	95.00
	Total number of reads	12020
	Total number of reads with non-ATGC bases	12
	Percentage of reads with non-ATGC bases	0.10%
	Total number of bases	1141900
	Total number of HQ bases	1120665
	Percentage of HQ bases	98.14%
	Total number of non-ATGC bases	218
	Percentage of non-ATGC bases	0.02%


Average quality score at each base position of input reads

RMB_13588_Gekko_carusadensis_Luzon_R1.fq
36.24	36.53	36.66	36.77	36.57	36.54	36.53	38.74	38.71	38.67	38.63	38.53	38.58	38.57	38.54	38.50	38.54	38.41	38.50	38.38	38.36	38.31	38.37	38.37	38.24	38.12	38.06	38.13	38.09	38.02	38.03	38.14	37.95	38.00	37.92	37.82	37.83	37.77	37.78	37.67	37.63	37.61	37.54	37.53	37.40	37.59	37.59	37.64	37.50	37.45	37.37	37.29	37.20	37.07	36.92	36.81	36.80	36.67	36.54	36.37	36.17	36.03	35.85	35.72	35.53	35.40	35.34	35.26	35.12	33.28	34.17	34.72	34.86	34.88	34.92	34.91	34.85	34.82	34.77	34.73	34.73	34.65	34.74	34.64	34.58	34.53	34.47	34.46	34.46	34.36	34.38	34.38	34.39	34.28	33.55	




Read count (%) per base for different quality score ranges

	RMB_13588_Gekko_carusadensis_Luzon_R1.fq
Ranges	0-10	11-20	21-30	31-40
Base
1	0.22	1.47	1.33	96.98
2	0.32	0.80	0.84	98.04
3	0.00	0.87	0.62	98.51
4	0.00	0.52	0.52	98.96
5	0.00	0.61	1.34	98.05
6	0.00	0.59	1.41	98.00
7	0.00	0.52	1.66	97.83
8	0.01	0.61	1.60	97.79
9	0.03	0.62	1.58	97.76
10	0.04	0.63	1.86	97.47
11	0.01	0.72	1.69	97.58
12	0.06	0.68	1.80	97.46
13	0.04	0.56	1.66	97.74
14	0.06	0.60	1.76	97.58
15	0.08	0.65	1.68	97.59
16	0.07	0.56	2.02	97.35
17	0.13	0.56	1.89	97.42
18	0.22	0.51	2.31	96.96
19	0.23	0.59	1.76	97.42
20	0.48	0.46	2.10	96.96
21	0.46	0.62	2.25	96.66
22	0.57	0.71	1.87	96.86
23	0.52	0.66	1.91	96.92
24	0.62	0.49	2.04	96.85
25	0.55	0.62	2.22	96.61
26	0.56	0.81	2.24	96.40
27	0.77	0.67	2.40	96.16
28	0.51	0.92	2.33	96.25
29	0.67	0.81	2.19	96.33
30	0.67	0.82	2.48	96.03
31	0.75	0.74	2.35	96.16
32	0.62	0.72	2.18	96.48
33	0.80	0.78	2.50	95.92
34	0.63	0.77	2.45	96.15
35	0.74	0.86	2.71	95.69
36	0.84	0.77	2.97	95.42
37	0.85	0.92	2.79	95.44
38	0.79	0.97	3.06	95.17
39	0.79	0.90	3.12	95.19
40	0.72	0.99	3.42	94.88
41	0.83	0.94	3.53	94.70
42	0.85	0.93	3.50	94.72
43	0.89	1.13	3.61	94.37
44	0.77	1.02	3.77	94.43
45	1.01	0.97	4.13	93.89
46	0.78	0.90	3.58	94.74
47	0.82	0.80	3.79	94.59
48	0.76	0.69	3.66	94.89
49	0.87	0.92	3.91	94.29
50	0.80	0.89	3.89	94.43
51	0.85	0.94	4.02	94.19
52	0.75	0.91	4.18	94.16
53	0.82	1.01	4.06	94.11
54	0.70	0.97	4.33	93.99
55	0.87	0.98	4.43	93.72
56	0.78	1.14	4.32	93.76
57	0.79	0.93	4.13	94.15
58	0.73	0.97	4.19	94.10
59	0.89	0.72	4.43	93.95
60	0.80	0.99	4.43	93.79
61	0.94	0.95	4.74	93.37
62	0.97	0.94	4.48	93.61
63	0.90	1.01	4.92	93.17
64	0.86	1.07	4.68	93.39
65	0.96	1.06	5.22	92.77
66	1.05	1.08	5.07	92.80
67	0.86	1.17	5.66	92.31
68	0.98	1.18	5.57	92.27
69	1.16	1.22	5.42	92.20
70	1.04	1.90	11.04	86.02
71	1.03	1.43	7.55	89.98
72	1.09	1.31	6.46	91.14
73	1.14	1.07	6.21	91.57
74	1.19	1.21	5.95	91.65
75	1.03	1.35	5.84	91.78
76	1.00	1.54	5.77	91.70
77	1.05	1.46	6.23	91.26
78	1.25	1.51	5.57	91.67
79	1.13	1.52	5.89	91.46
80	1.27	1.32	6.29	91.11
81	1.30	1.43	6.01	91.26
82	1.26	1.67	6.41	90.66
83	1.11	1.56	6.16	91.16
84	1.31	1.76	6.18	90.75
85	1.36	1.75	6.56	90.33
86	1.34	1.73	6.76	90.17
87	1.41	1.91	6.42	90.25
88	1.42	1.89	6.62	90.07
89	1.47	2.01	6.35	90.17
90	1.74	2.05	6.44	89.77
91	1.36	2.32	6.63	89.68
92	1.61	2.10	6.33	89.97
93	1.62	2.04	6.40	89.94
94	1.54	2.29	6.90	89.28
95	1.98	2.89	8.33	86.81




