Parameters
	Library type	Single-end
	Input file	/Volumes/wdhd/users/joaks1/projects/gekgo/data/genomes/msg/plate2/demultiplexed-raw/fastq/RMB_6260_Cyrtodactylus_philippinicus_Polillo_R1.fq
	Primer/Adaptor library	NA
	Cut-off read length for HQ	70%
	Cut-off quality score	20
	Only statistics	On
	Number of processes	2


QC statistics
	File name	RMB_6260_Cyrtodactylus_philippinicus_Polillo_R1.fq
	Total number of reads	550361
	Total number of HQ reads	544744
	Percentage of HQ reads	98.98%
	Total number of bases	52284295
	Total number of bases in HQ reads	51750680
	Total number of HQ bases in HQ reads	51224095
	Percentage of HQ bases in HQ reads	98.98%
	Number of Primer/Adaptor contaminated HQ reads	NA
	Total number of HQ filtered reads	544744
	Percentage of HQ filtered reads	98.98%


Detailed QC statistics
	File name	RMB_6260_Cyrtodactylus_philippinicus_Polillo_R1.fq
	Minimum read length	95
	Maximum read length	95
	Average read length	95.00
	Total number of reads	550361
	Total number of reads with non-ATGC bases	436
	Percentage of reads with non-ATGC bases	0.08%
	Total number of bases	52284295
	Total number of HQ bases	51526541
	Percentage of HQ bases	98.55%
	Total number of non-ATGC bases	10491
	Percentage of non-ATGC bases	0.02%


Average quality score at each base position of input reads

RMB_6260_Cyrtodactylus_philippinicus_Polillo_R1.fq
36.67	36.82	36.88	36.91	36.69	36.63	36.59	38.84	38.82	38.77	38.70	38.67	38.68	38.68	38.64	38.63	38.60	38.53	38.62	38.53	38.49	38.52	38.52	38.53	38.47	38.36	38.32	38.31	38.38	38.27	38.32	38.31	38.21	38.25	38.21	38.13	38.15	38.15	38.05	38.03	38.02	37.92	37.87	37.83	37.77	37.94	37.97	37.94	37.92	37.86	37.81	37.71	37.65	37.55	37.48	37.38	37.40	37.34	37.24	37.13	37.05	36.92	36.78	36.59	36.46	36.28	36.14	36.03	35.88	34.06	34.87	35.30	35.40	35.39	35.35	35.28	35.25	35.21	35.15	35.12	35.08	35.02	34.99	34.95	34.89	34.86	34.82	34.79	34.77	34.72	34.67	34.65	34.64	34.65	33.92	




Read count (%) per base for different quality score ranges

	RMB_6260_Cyrtodactylus_philippinicus_Polillo_R1.fq
Ranges	0-10	11-20	21-30	31-40
Base
1	0.10	0.42	0.66	98.83
2	0.09	0.20	0.39	99.32
3	0.00	0.19	0.34	99.47
4	0.00	0.14	0.25	99.61
5	0.00	0.21	1.18	98.61
6	0.00	0.36	1.30	98.34
7	0.00	0.41	1.38	98.20
8	0.01	0.48	1.46	98.05
9	0.02	0.48	1.52	97.98
10	0.03	0.55	1.61	97.81
11	0.02	0.58	1.65	97.75
12	0.02	0.57	1.67	97.74
13	0.02	0.60	1.62	97.76
14	0.03	0.59	1.69	97.69
15	0.03	0.62	1.76	97.59
16	0.04	0.60	1.68	97.69
17	0.06	0.66	1.77	97.51
18	0.07	0.73	1.90	97.31
19	0.08	0.60	1.70	97.62
20	0.16	0.74	1.80	97.30
21	0.20	0.75	1.82	97.22
22	0.24	0.65	1.78	97.33
23	0.29	0.65	1.80	97.26
24	0.33	0.60	1.78	97.29
25	0.39	0.59	1.82	97.19
26	0.45	0.62	1.97	96.95
27	0.52	0.64	2.01	96.82
28	0.46	0.66	2.04	96.84
29	0.42	0.60	1.91	97.07
30	0.50	0.64	2.13	96.73
31	0.49	0.65	2.00	96.86
32	0.49	0.65	2.09	96.77
33	0.60	0.71	2.21	96.48
34	0.49	0.69	2.17	96.64
35	0.55	0.69	2.22	96.54
36	0.56	0.72	2.37	96.36
37	0.59	0.71	2.29	96.41
38	0.58	0.71	2.38	96.33
39	0.61	0.77	2.56	96.06
40	0.60	0.75	2.59	96.06
41	0.61	0.74	2.65	95.99
42	0.67	0.81	2.91	95.62
43	0.67	0.81	3.03	95.49
44	0.68	0.80	3.07	95.45
45	0.68	0.83	3.26	95.23
46	0.61	0.72	2.94	95.73
47	0.61	0.74	2.94	95.71
48	0.63	0.75	3.05	95.57
49	0.61	0.72	3.13	95.54
50	0.64	0.73	3.25	95.37
51	0.63	0.73	3.35	95.28
52	0.66	0.79	3.50	95.05
53	0.67	0.76	3.62	94.95
54	0.68	0.80	3.89	94.63
55	0.69	0.78	3.85	94.68
56	0.72	0.80	3.94	94.54
57	0.67	0.79	3.73	94.81
58	0.67	0.79	3.73	94.81
59	0.66	0.84	3.83	94.66
60	0.72	0.82	3.89	94.57
61	0.69	0.79	3.90	94.63
62	0.67	0.82	4.02	94.49
63	0.71	0.84	4.01	94.44
64	0.74	0.87	4.35	94.04
65	0.76	0.89	4.22	94.13
66	0.77	0.90	4.49	93.84
67	0.77	0.96	4.51	93.76
68	0.78	0.92	4.59	93.72
69	0.79	0.95	4.81	93.45
70	0.90	1.41	9.49	88.20
71	0.84	1.15	6.52	91.48
72	0.85	1.06	5.51	92.58
73	0.84	1.06	5.17	92.92
74	0.82	1.05	5.15	92.98
75	0.84	1.06	5.08	93.02
76	0.85	1.08	5.37	92.70
77	0.86	1.08	5.37	92.68
78	0.87	1.12	5.31	92.71
79	0.89	1.10	5.51	92.50
80	0.87	1.14	5.51	92.47
81	0.91	1.15	5.59	92.34
82	0.94	1.23	5.72	92.11
83	0.96	1.24	5.79	92.01
84	0.99	1.29	5.80	91.91
85	1.05	1.33	5.97	91.65
86	1.06	1.36	6.02	91.57
87	1.08	1.41	6.06	91.45
88	1.09	1.50	6.12	91.29
89	1.11	1.52	6.09	91.28
90	1.15	1.60	6.18	91.07
91	1.15	1.67	6.28	90.90
92	1.18	1.66	6.36	90.81
93	1.20	1.72	6.33	90.75
94	1.22	1.73	6.22	90.83
95	1.53	2.22	7.98	88.27




