Parameters
	Library type	Single-end
	Input file	/Volumes/wdhd/users/joaks1/projects/gekgo/data/genomes/msg/plate2/demultiplexed-raw/fastq/RMB_7650_Cyrtodactylus_tautbatorum_Palawan_R1.fq
	Primer/Adaptor library	NA
	Cut-off read length for HQ	70%
	Cut-off quality score	20
	Only statistics	On
	Number of processes	2


QC statistics
	File name	RMB_7650_Cyrtodactylus_tautbatorum_Palawan_R1.fq
	Total number of reads	356160
	Total number of HQ reads	352973
	Percentage of HQ reads	99.11%
	Total number of bases	33835200
	Total number of bases in HQ reads	33532435
	Total number of HQ bases in HQ reads	33248237
	Percentage of HQ bases in HQ reads	99.15%
	Number of Primer/Adaptor contaminated HQ reads	NA
	Total number of HQ filtered reads	352973
	Percentage of HQ filtered reads	99.11%


Detailed QC statistics
	File name	RMB_7650_Cyrtodactylus_tautbatorum_Palawan_R1.fq
	Minimum read length	95
	Maximum read length	95
	Average read length	95.00
	Total number of reads	356160
	Total number of reads with non-ATGC bases	320
	Percentage of reads with non-ATGC bases	0.09%
	Total number of bases	33835200
	Total number of HQ bases	33416054
	Percentage of HQ bases	98.76%
	Total number of non-ATGC bases	7483
	Percentage of non-ATGC bases	0.02%


Average quality score at each base position of input reads

RMB_7650_Cyrtodactylus_tautbatorum_Palawan_R1.fq
36.76	36.87	36.90	36.93	36.74	36.69	36.66	38.99	38.94	38.89	38.84	38.81	38.86	38.84	38.81	38.78	38.75	38.67	38.77	38.69	38.65	38.69	38.71	38.69	38.62	38.53	38.47	38.50	38.54	38.47	38.49	38.50	38.37	38.42	38.38	38.30	38.34	38.33	38.26	38.24	38.23	38.16	38.11	38.07	38.03	38.22	38.27	38.25	38.25	38.21	38.14	38.08	38.04	37.97	37.90	37.81	37.88	37.83	37.77	37.68	37.57	37.47	37.34	37.23	37.10	36.93	36.77	36.65	36.51	34.65	35.43	35.84	35.88	35.82	35.76	35.68	35.60	35.53	35.45	35.40	35.36	35.31	35.27	35.23	35.19	35.14	35.09	35.06	35.03	34.98	34.93	34.91	34.91	34.89	34.20	




Read count (%) per base for different quality score ranges

	RMB_7650_Cyrtodactylus_tautbatorum_Palawan_R1.fq
Ranges	0-10	11-20	21-30	31-40
Base
1	0.00	0.42	0.53	99.05
2	0.00	0.21	0.31	99.48
3	0.00	0.15	0.28	99.58
4	0.00	0.10	0.20	99.70
5	0.00	0.18	0.96	98.86
6	0.00	0.29	1.07	98.64
7	0.00	0.33	1.14	98.53
8	0.01	0.36	1.18	98.45
9	0.02	0.41	1.27	98.30
10	0.02	0.46	1.34	98.17
11	0.01	0.46	1.37	98.16
12	0.01	0.48	1.39	98.11
13	0.01	0.48	1.43	98.08
14	0.02	0.52	1.40	98.05
15	0.02	0.49	1.49	98.00
16	0.02	0.50	1.40	98.07
17	0.03	0.57	1.44	97.97
18	0.04	0.65	1.63	97.67
19	0.04	0.48	1.46	98.01
20	0.09	0.67	1.50	97.75
21	0.10	0.68	1.54	97.67
22	0.12	0.61	1.45	97.82
23	0.14	0.62	1.45	97.79
24	0.19	0.57	1.49	97.75
25	0.24	0.60	1.55	97.61
26	0.30	0.60	1.70	97.41
27	0.39	0.63	1.70	97.28
28	0.35	0.56	1.74	97.36
29	0.38	0.49	1.62	97.51
30	0.42	0.55	1.70	97.32
31	0.44	0.55	1.73	97.28
32	0.44	0.54	1.71	97.31
33	0.53	0.63	1.88	96.96
34	0.45	0.58	1.80	97.17
35	0.48	0.60	1.86	97.05
36	0.50	0.60	2.00	96.89
37	0.52	0.60	1.90	96.98
38	0.53	0.60	2.00	96.86
39	0.55	0.65	2.08	96.72
40	0.51	0.65	2.19	96.66
41	0.55	0.62	2.23	96.60
42	0.58	0.66	2.33	96.43
43	0.60	0.69	2.43	96.29
44	0.61	0.69	2.51	96.20
45	0.63	0.70	2.53	96.14
46	0.53	0.62	2.22	96.63
47	0.51	0.60	2.25	96.64
48	0.52	0.58	2.35	96.54
49	0.51	0.57	2.37	96.55
50	0.55	0.63	2.42	96.40
51	0.57	0.65	2.56	96.23
52	0.58	0.65	2.65	96.13
53	0.60	0.64	2.77	95.99
54	0.60	0.69	2.91	95.80
55	0.64	0.68	2.98	95.71
56	0.68	0.70	3.12	95.50
57	0.61	0.66	2.85	95.89
58	0.61	0.67	2.93	95.80
59	0.60	0.67	3.02	95.71
60	0.63	0.68	3.05	95.64
61	0.61	0.70	3.18	95.50
62	0.63	0.68	3.21	95.48
63	0.66	0.71	3.27	95.36
64	0.65	0.68	3.36	95.30
65	0.66	0.73	3.34	95.27
66	0.69	0.74	3.53	95.04
67	0.68	0.79	3.73	94.81
68	0.67	0.78	3.71	94.83
69	0.67	0.79	3.76	94.78
70	0.77	1.19	7.68	90.36
71	0.76	0.96	5.25	93.03
72	0.76	0.88	4.53	93.83
73	0.76	0.87	4.34	94.02
74	0.78	0.86	4.24	94.12
75	0.75	0.88	4.17	94.20
76	0.76	0.86	4.28	94.10
77	0.76	0.90	4.35	93.99
78	0.77	0.91	4.42	93.89
79	0.79	0.98	4.54	93.68
80	0.87	0.94	4.60	93.60
81	0.83	0.97	4.73	93.47
82	0.86	0.99	4.79	93.37
83	0.88	1.03	4.85	93.23
84	0.88	1.07	4.92	93.14
85	0.89	1.08	5.01	93.01
86	0.95	1.10	5.09	92.87
87	0.97	1.20	5.21	92.62
88	0.96	1.24	5.20	92.59
89	0.99	1.24	5.27	92.50
90	1.01	1.30	5.44	92.25
91	1.07	1.31	5.52	92.09
92	1.09	1.39	5.52	92.00
93	1.09	1.43	5.45	92.04
94	1.10	1.45	5.45	92.00
95	1.35	1.84	7.24	89.57




