Parameters
	Library type	Single-end
	Input file	/Volumes/wdhd/users/joaks1/projects/gekgo/data/genomes/msg/plate2/demultiplexed-raw/fastq/RMB_7649_Cyrtodactylus_tautbatorum_Palawan_R1.fq
	Primer/Adaptor library	NA
	Cut-off read length for HQ	70%
	Cut-off quality score	20
	Only statistics	On
	Number of processes	2


QC statistics
	File name	RMB_7649_Cyrtodactylus_tautbatorum_Palawan_R1.fq
	Total number of reads	1133772
	Total number of HQ reads	1123865
	Percentage of HQ reads	99.13%
	Total number of bases	107708340
	Total number of bases in HQ reads	106767175
	Total number of HQ bases in HQ reads	105881658
	Percentage of HQ bases in HQ reads	99.17%
	Number of Primer/Adaptor contaminated HQ reads	NA
	Total number of HQ filtered reads	1123865
	Percentage of HQ filtered reads	99.13%


Detailed QC statistics
	File name	RMB_7649_Cyrtodactylus_tautbatorum_Palawan_R1.fq
	Minimum read length	95
	Maximum read length	95
	Average read length	95.00
	Total number of reads	1133772
	Total number of reads with non-ATGC bases	1008
	Percentage of reads with non-ATGC bases	0.09%
	Total number of bases	107708340
	Total number of HQ bases	106410633
	Percentage of HQ bases	98.80%
	Total number of non-ATGC bases	22768
	Percentage of non-ATGC bases	0.02%


Average quality score at each base position of input reads

RMB_7649_Cyrtodactylus_tautbatorum_Palawan_R1.fq
36.66	36.89	36.91	36.93	36.75	36.69	36.66	39.01	38.97	38.92	38.87	38.84	38.91	38.91	38.88	38.86	38.83	38.75	38.84	38.75	38.71	38.74	38.77	38.76	38.69	38.60	38.55	38.57	38.61	38.55	38.57	38.58	38.46	38.51	38.47	38.40	38.42	38.42	38.36	38.34	38.34	38.27	38.23	38.20	38.18	38.33	38.36	38.35	38.34	38.30	38.26	38.20	38.17	38.12	38.07	37.97	38.04	38.01	37.95	37.88	37.80	37.73	37.61	37.50	37.41	37.25	37.11	37.00	36.86	34.99	35.75	36.18	36.21	36.15	36.07	35.97	35.84	35.75	35.64	35.58	35.51	35.45	35.40	35.34	35.31	35.26	35.20	35.17	35.14	35.09	35.04	35.02	35.02	35.00	34.33	




Read count (%) per base for different quality score ranges

	RMB_7649_Cyrtodactylus_tautbatorum_Palawan_R1.fq
Ranges	0-10	11-20	21-30	31-40
Base
1	0.00	0.45	0.58	98.97
2	0.00	0.19	0.25	99.56
3	0.00	0.13	0.24	99.63
4	0.00	0.10	0.18	99.72
5	0.00	0.17	0.95	98.88
6	0.00	0.29	1.04	98.67
7	0.00	0.35	1.14	98.52
8	0.01	0.38	1.19	98.42
9	0.02	0.43	1.28	98.27
10	0.02	0.47	1.36	98.15
11	0.01	0.49	1.38	98.11
12	0.01	0.49	1.40	98.10
13	0.02	0.50	1.37	98.11
14	0.02	0.51	1.38	98.08
15	0.02	0.51	1.44	98.03
16	0.02	0.50	1.39	98.09
17	0.03	0.57	1.42	97.98
18	0.03	0.64	1.59	97.75
19	0.03	0.53	1.42	98.02
20	0.07	0.68	1.46	97.78
21	0.08	0.72	1.51	97.69
22	0.10	0.67	1.45	97.78
23	0.10	0.66	1.43	97.81
24	0.13	0.63	1.46	97.77
25	0.17	0.69	1.52	97.62
26	0.20	0.68	1.63	97.48
27	0.29	0.71	1.67	97.33
28	0.28	0.64	1.67	97.41
29	0.30	0.57	1.56	97.58
30	0.37	0.58	1.68	97.37
31	0.41	0.56	1.64	97.39
32	0.41	0.54	1.65	97.39
33	0.49	0.61	1.81	97.09
34	0.43	0.56	1.74	97.26
35	0.47	0.58	1.79	97.16
36	0.48	0.60	1.90	97.02
37	0.52	0.59	1.83	97.06
38	0.52	0.61	1.88	97.00
39	0.53	0.66	1.98	96.84
40	0.51	0.62	2.04	96.83
41	0.52	0.62	2.07	96.80
42	0.56	0.67	2.16	96.61
43	0.56	0.67	2.24	96.53
44	0.58	0.68	2.28	96.47
45	0.58	0.67	2.30	96.45
46	0.53	0.61	2.04	96.83
47	0.51	0.59	2.08	96.82
48	0.52	0.59	2.11	96.78
49	0.51	0.60	2.17	96.71
50	0.56	0.61	2.26	96.57
51	0.55	0.63	2.34	96.48
52	0.56	0.64	2.45	96.34
53	0.58	0.64	2.55	96.23
54	0.57	0.66	2.66	96.11
55	0.59	0.66	2.74	96.02
56	0.64	0.69	2.90	95.77
57	0.58	0.64	2.69	96.09
58	0.59	0.65	2.78	95.98
59	0.56	0.68	2.89	95.88
60	0.62	0.68	2.90	95.80
61	0.60	0.68	3.00	95.72
62	0.59	0.68	3.02	95.71
63	0.63	0.69	3.13	95.56
64	0.62	0.71	3.22	95.45
65	0.64	0.71	3.22	95.44
66	0.67	0.74	3.34	95.25
67	0.67	0.77	3.45	95.12
68	0.67	0.77	3.50	95.06
69	0.67	0.77	3.57	94.99
70	0.77	1.13	7.05	91.05
71	0.75	0.98	4.86	93.41
72	0.72	0.87	4.25	94.15
73	0.74	0.86	4.04	94.36
74	0.70	0.85	4.01	94.44
75	0.71	0.83	3.95	94.50
76	0.71	0.84	4.01	94.44
77	0.75	0.86	4.08	94.31
78	0.76	0.87	4.15	94.23
79	0.79	0.92	4.27	94.02
80	0.81	0.93	4.36	93.91
81	0.80	0.94	4.49	93.77
82	0.84	0.94	4.54	93.69
83	0.86	0.98	4.65	93.51
84	0.86	1.03	4.79	93.32
85	0.87	1.05	4.81	93.28
86	0.91	1.07	4.87	93.15
87	0.94	1.11	5.00	92.96
88	0.93	1.14	5.07	92.87
89	0.96	1.17	5.08	92.79
90	0.97	1.23	5.23	92.57
91	1.02	1.26	5.33	92.39
92	1.05	1.28	5.34	92.33
93	1.04	1.31	5.28	92.37
94	1.06	1.34	5.29	92.32
95	1.31	1.70	6.96	90.03




