Parameters
	Library type	Single-end
	Input file	/Volumes/wdhd/users/joaks1/projects/gekgo/data/genomes/msg/plate2/demultiplexed-raw/fastq/RMB_5184_Cyrtodactylus_philippinicus_Sibuyan_R1.fq
	Primer/Adaptor library	NA
	Cut-off read length for HQ	70%
	Cut-off quality score	20
	Only statistics	On
	Number of processes	2


QC statistics
	File name	RMB_5184_Cyrtodactylus_philippinicus_Sibuyan_R1.fq
	Total number of reads	518728
	Total number of HQ reads	513275
	Percentage of HQ reads	98.95%
	Total number of bases	49279160
	Total number of bases in HQ reads	48761125
	Total number of HQ bases in HQ reads	48330626
	Percentage of HQ bases in HQ reads	99.12%
	Number of Primer/Adaptor contaminated HQ reads	NA
	Total number of HQ filtered reads	513275
	Percentage of HQ filtered reads	98.95%


Detailed QC statistics
	File name	RMB_5184_Cyrtodactylus_philippinicus_Sibuyan_R1.fq
	Minimum read length	95
	Maximum read length	95
	Average read length	95.00
	Total number of reads	518728
	Total number of reads with non-ATGC bases	444
	Percentage of reads with non-ATGC bases	0.09%
	Total number of bases	49279160
	Total number of HQ bases	48612823
	Percentage of HQ bases	98.65%
	Total number of non-ATGC bases	9610
	Percentage of non-ATGC bases	0.02%


Average quality score at each base position of input reads

RMB_5184_Cyrtodactylus_philippinicus_Sibuyan_R1.fq
36.79	36.90	36.92	36.93	36.74	36.66	36.63	38.93	38.90	38.86	38.77	38.75	38.81	38.81	38.77	38.74	38.72	38.65	38.74	38.65	38.62	38.64	38.65	38.65	38.58	38.47	38.42	38.41	38.46	38.38	38.41	38.42	38.30	38.36	38.32	38.25	38.28	38.27	38.21	38.17	38.15	38.09	38.04	38.00	37.96	38.14	38.17	38.15	38.14	38.08	38.05	37.96	37.91	37.85	37.79	37.70	37.75	37.69	37.60	37.53	37.45	37.33	37.22	37.05	36.94	36.74	36.64	36.52	36.35	34.50	35.30	35.74	35.81	35.76	35.70	35.62	35.52	35.47	35.42	35.35	35.32	35.24	35.20	35.16	35.12	35.08	35.04	35.01	34.98	34.94	34.89	34.89	34.88	34.88	34.18	




Read count (%) per base for different quality score ranges

	RMB_5184_Cyrtodactylus_philippinicus_Sibuyan_R1.fq
Ranges	0-10	11-20	21-30	31-40
Base
1	0.00	0.33	0.45	99.22
2	0.00	0.14	0.23	99.62
3	0.00	0.12	0.22	99.66
4	0.00	0.09	0.20	99.72
5	0.00	0.17	0.98	98.85
6	0.00	0.32	1.15	98.52
7	0.00	0.39	1.25	98.35
8	0.01	0.41	1.33	98.25
9	0.02	0.45	1.37	98.16
10	0.02	0.50	1.50	97.99
11	0.02	0.56	1.54	97.89
12	0.02	0.54	1.52	97.93
13	0.02	0.54	1.51	97.93
14	0.02	0.53	1.53	97.92
15	0.02	0.57	1.59	97.82
16	0.02	0.58	1.51	97.89
17	0.04	0.62	1.53	97.81
18	0.04	0.67	1.77	97.52
19	0.05	0.57	1.56	97.83
20	0.10	0.73	1.66	97.51
21	0.12	0.74	1.64	97.50
22	0.15	0.68	1.57	97.60
23	0.17	0.66	1.63	97.54
24	0.21	0.65	1.59	97.54
25	0.27	0.65	1.69	97.39
26	0.35	0.68	1.81	97.16
27	0.45	0.71	1.85	96.99
28	0.46	0.66	1.83	97.05
29	0.43	0.61	1.74	97.23
30	0.50	0.65	1.91	96.94
31	0.54	0.65	1.85	96.97
32	0.51	0.64	1.85	97.00
33	0.61	0.71	1.97	96.71
34	0.55	0.67	1.90	96.88
35	0.57	0.68	1.94	96.80
36	0.57	0.69	2.11	96.63
37	0.57	0.65	2.08	96.70
38	0.60	0.66	2.11	96.63
39	0.59	0.73	2.23	96.45
40	0.59	0.73	2.28	96.40
41	0.62	0.72	2.35	96.31
42	0.65	0.77	2.45	96.13
43	0.67	0.75	2.59	95.99
44	0.67	0.77	2.67	95.90
45	0.69	0.78	2.69	95.84
46	0.61	0.71	2.38	96.29
47	0.63	0.69	2.40	96.28
48	0.62	0.72	2.51	96.15
49	0.61	0.69	2.55	96.15
50	0.67	0.70	2.65	95.98
51	0.65	0.71	2.74	95.90
52	0.65	0.74	2.93	95.68
53	0.70	0.70	2.98	95.62
54	0.69	0.74	3.08	95.49
55	0.67	0.75	3.23	95.35
56	0.72	0.76	3.30	95.22
57	0.66	0.73	3.09	95.52
58	0.66	0.75	3.20	95.39
59	0.65	0.79	3.35	95.21
60	0.70	0.76	3.32	95.22
61	0.68	0.76	3.35	95.22
62	0.67	0.78	3.45	95.10
63	0.71	0.77	3.49	95.03
64	0.72	0.80	3.87	94.61
65	0.73	0.81	3.68	94.78
66	0.80	0.81	3.91	94.49
67	0.73	0.85	3.91	94.51
68	0.77	0.82	3.93	94.49
69	0.79	0.89	4.18	94.14
70	0.85	1.29	8.38	89.47
71	0.83	1.08	5.55	92.54
72	0.82	0.96	4.71	93.51
73	0.79	0.95	4.43	93.83
74	0.76	0.95	4.40	93.89
75	0.78	0.91	4.43	93.88
76	0.80	0.96	4.49	93.75
77	0.84	1.00	4.59	93.56
78	0.86	0.99	4.65	93.51
79	0.86	0.99	4.72	93.43
80	0.87	1.04	4.85	93.24
81	0.86	1.04	4.96	93.14
82	0.91	1.10	5.02	92.97
83	0.91	1.11	5.13	92.84
84	0.91	1.17	5.21	92.71
85	0.96	1.18	5.26	92.60
86	0.97	1.20	5.38	92.45
87	0.98	1.27	5.41	92.33
88	0.99	1.29	5.50	92.23
89	1.01	1.35	5.49	92.15
90	1.01	1.38	5.61	92.00
91	1.06	1.41	5.68	91.85
92	1.05	1.44	5.72	91.79
93	1.09	1.45	5.66	91.80
94	1.08	1.49	5.60	91.83
95	1.39	1.89	7.32	89.40




