Parameters
	Library type	Single-end
	Input file	/Volumes/wdhd/users/joaks1/projects/gekgo/data/genomes/msg/plate2/demultiplexed-raw/fastq/RMB_12584_Gehyra_mutilata_Luzon_R1.fq
	Primer/Adaptor library	NA
	Cut-off read length for HQ	70%
	Cut-off quality score	20
	Only statistics	On
	Number of processes	2


QC statistics
	File name	RMB_12584_Gehyra_mutilata_Luzon_R1.fq
	Total number of reads	1783790
	Total number of HQ reads	1766661
	Percentage of HQ reads	99.04%
	Total number of bases	169460050
	Total number of bases in HQ reads	167832795
	Total number of HQ bases in HQ reads	166380083
	Percentage of HQ bases in HQ reads	99.13%
	Number of Primer/Adaptor contaminated HQ reads	NA
	Total number of HQ filtered reads	1766661
	Percentage of HQ filtered reads	99.04%


Detailed QC statistics
	File name	RMB_12584_Gehyra_mutilata_Luzon_R1.fq
	Minimum read length	95
	Maximum read length	95
	Average read length	95.00
	Total number of reads	1783790
	Total number of reads with non-ATGC bases	1667
	Percentage of reads with non-ATGC bases	0.09%
	Total number of bases	169460050
	Total number of HQ bases	167284959
	Percentage of HQ bases	98.72%
	Total number of non-ATGC bases	38777
	Percentage of non-ATGC bases	0.02%


Average quality score at each base position of input reads

RMB_12584_Gehyra_mutilata_Luzon_R1.fq
36.35	36.85	36.90	36.93	36.75	36.70	36.67	39.03	39.00	38.95	38.87	38.85	38.92	38.89	38.88	38.85	38.82	38.76	38.85	38.76	38.73	38.76	38.78	38.78	38.70	38.63	38.58	38.60	38.60	38.54	38.54	38.55	38.41	38.48	38.41	38.32	38.36	38.38	38.34	38.30	38.25	38.22	38.13	38.13	38.01	38.17	38.20	38.22	38.20	38.14	38.09	38.02	37.98	37.94	37.88	37.79	37.85	37.83	37.73	37.61	37.55	37.44	37.36	37.25	37.13	36.96	36.85	36.70	36.62	34.70	35.47	35.97	36.01	35.96	35.92	35.80	35.68	35.58	35.49	35.40	35.37	35.34	35.32	35.28	35.23	35.18	35.10	35.05	35.05	35.01	34.98	34.98	34.98	34.94	34.20	




Read count (%) per base for different quality score ranges

	RMB_12584_Gehyra_mutilata_Luzon_R1.fq
Ranges	0-10	11-20	21-30	31-40
Base
1	0.00	0.71	0.87	98.42
2	0.00	0.26	0.32	99.42
3	0.00	0.16	0.25	99.58
4	0.00	0.11	0.20	99.68
5	0.00	0.17	0.95	98.87
6	0.00	0.28	1.03	98.69
7	0.00	0.33	1.09	98.58
8	0.01	0.35	1.15	98.49
9	0.02	0.39	1.24	98.36
10	0.02	0.43	1.32	98.23
11	0.01	0.46	1.35	98.18
12	0.02	0.47	1.36	98.15
13	0.02	0.48	1.37	98.13
14	0.02	0.51	1.43	98.04
15	0.02	0.49	1.42	98.06
16	0.03	0.49	1.38	98.10
17	0.03	0.54	1.42	98.00
18	0.04	0.60	1.57	97.79
19	0.04	0.49	1.39	98.08
20	0.09	0.65	1.45	97.82
21	0.09	0.67	1.48	97.75
22	0.11	0.61	1.40	97.88
23	0.12	0.62	1.44	97.83
24	0.14	0.60	1.44	97.82
25	0.18	0.63	1.53	97.67
26	0.21	0.64	1.63	97.52
27	0.29	0.66	1.63	97.42
28	0.29	0.59	1.61	97.52
29	0.32	0.54	1.57	97.57
30	0.40	0.55	1.68	97.38
31	0.43	0.56	1.69	97.32
32	0.42	0.54	1.74	97.30
33	0.53	0.62	1.92	96.93
34	0.45	0.57	1.81	97.18
35	0.50	0.60	1.83	97.06
36	0.51	0.62	2.01	96.86
37	0.54	0.60	1.94	96.91
38	0.52	0.61	1.95	96.92
39	0.55	0.63	1.98	96.84
40	0.52	0.63	2.10	96.75
41	0.57	0.64	2.18	96.61
42	0.57	0.66	2.20	96.56
43	0.61	0.70	2.36	96.33
44	0.60	0.68	2.39	96.33
45	0.65	0.73	2.58	96.03
46	0.58	0.68	2.31	96.44
47	0.57	0.66	2.35	96.42
48	0.56	0.64	2.33	96.48
49	0.56	0.62	2.35	96.47
50	0.60	0.65	2.43	96.32
51	0.64	0.67	2.51	96.18
52	0.63	0.69	2.69	95.99
53	0.65	0.68	2.72	95.95
54	0.62	0.69	2.77	95.92
55	0.64	0.69	2.89	95.78
56	0.68	0.72	3.05	95.55
57	0.62	0.69	2.84	95.85
58	0.59	0.70	2.91	95.80
59	0.61	0.74	3.04	95.60
60	0.71	0.77	3.18	95.34
61	0.69	0.78	3.19	95.34
62	0.70	0.80	3.28	95.22
63	0.67	0.76	3.35	95.22
64	0.73	0.79	3.37	95.12
65	0.74	0.80	3.50	94.97
66	0.77	0.82	3.66	94.75
67	0.75	0.85	3.75	94.65
68	0.79	0.89	3.99	94.33
69	0.77	0.85	3.79	94.59
70	0.87	1.30	7.60	90.23
71	0.82	1.07	5.24	92.87
72	0.78	0.93	4.41	93.88
73	0.80	0.94	4.16	94.09
74	0.80	0.92	4.12	94.16
75	0.76	0.88	4.12	94.24
76	0.81	0.91	4.12	94.17
77	0.82	0.94	4.36	93.89
78	0.83	1.00	4.39	93.78
79	0.84	1.03	4.52	93.61
80	0.88	1.03	4.78	93.30
81	0.88	1.05	4.67	93.39
82	0.88	1.06	4.67	93.38
83	0.90	1.07	4.70	93.32
84	0.91	1.10	4.71	93.28
85	0.95	1.11	4.80	93.14
86	0.96	1.17	4.88	92.99
87	1.02	1.25	5.07	92.67
88	1.00	1.28	5.32	92.40
89	1.01	1.28	5.14	92.56
90	1.03	1.31	5.24	92.42
91	1.06	1.31	5.29	92.35
92	1.05	1.35	5.24	92.37
93	1.06	1.39	5.19	92.36
94	1.07	1.42	5.27	92.24
95	1.37	1.85	7.18	89.60




