Parameters
	Library type	Single-end
	Input file	/Volumes/wdhd/users/joaks1/projects/gekgo/data/genomes/msg/plate2/demultiplexed-raw/fastq/RMB_8761_Cyrtodactylus_philippinicus_Tablas_R1.fq
	Primer/Adaptor library	NA
	Cut-off read length for HQ	70%
	Cut-off quality score	20
	Only statistics	On
	Number of processes	2


QC statistics
	File name	RMB_8761_Cyrtodactylus_philippinicus_Tablas_R1.fq
	Total number of reads	3749660
	Total number of HQ reads	3717032
	Percentage of HQ reads	99.13%
	Total number of bases	356217700
	Total number of bases in HQ reads	353118040
	Total number of HQ bases in HQ reads	350252048
	Percentage of HQ bases in HQ reads	99.19%
	Number of Primer/Adaptor contaminated HQ reads	NA
	Total number of HQ filtered reads	3717032
	Percentage of HQ filtered reads	99.13%


Detailed QC statistics
	File name	RMB_8761_Cyrtodactylus_philippinicus_Tablas_R1.fq
	Minimum read length	95
	Maximum read length	95
	Average read length	95.00
	Total number of reads	3749660
	Total number of reads with non-ATGC bases	3201
	Percentage of reads with non-ATGC bases	0.09%
	Total number of bases	356217700
	Total number of HQ bases	351998664
	Percentage of HQ bases	98.82%
	Total number of non-ATGC bases	73250
	Percentage of non-ATGC bases	0.02%


Average quality score at each base position of input reads

RMB_8761_Cyrtodactylus_philippinicus_Tablas_R1.fq
36.82	36.91	36.93	36.94	36.75	36.69	36.66	39.03	38.98	38.93	38.87	38.84	38.91	38.92	38.89	38.87	38.84	38.76	38.84	38.76	38.72	38.74	38.75	38.76	38.68	38.60	38.56	38.55	38.60	38.52	38.56	38.56	38.45	38.51	38.47	38.40	38.44	38.45	38.39	38.36	38.36	38.29	38.26	38.22	38.18	38.32	38.35	38.34	38.33	38.28	38.26	38.19	38.16	38.11	38.05	37.97	38.03	37.98	37.91	37.84	37.78	37.70	37.59	37.45	37.35	37.21	37.10	36.98	36.83	34.95	35.73	36.18	36.24	36.17	36.08	35.97	35.86	35.77	35.70	35.61	35.55	35.48	35.43	35.38	35.32	35.27	35.23	35.20	35.17	35.13	35.08	35.07	35.05	35.05	34.38	




Read count (%) per base for different quality score ranges

	RMB_8761_Cyrtodactylus_philippinicus_Tablas_R1.fq
Ranges	0-10	11-20	21-30	31-40
Base
1	0.00	0.29	0.41	99.30
2	0.00	0.12	0.21	99.67
3	0.00	0.10	0.21	99.69
4	0.00	0.08	0.19	99.73
5	0.00	0.17	0.97	98.86
6	0.00	0.29	1.07	98.64
7	0.00	0.35	1.15	98.50
8	0.01	0.38	1.19	98.42
9	0.02	0.41	1.28	98.29
10	0.02	0.46	1.37	98.15
11	0.02	0.48	1.38	98.12
12	0.01	0.50	1.40	98.09
13	0.02	0.51	1.39	98.09
14	0.02	0.50	1.40	98.08
15	0.02	0.51	1.44	98.03
16	0.02	0.51	1.40	98.07
17	0.03	0.57	1.45	97.96
18	0.03	0.64	1.59	97.74
19	0.04	0.51	1.44	98.00
20	0.07	0.69	1.49	97.75
21	0.08	0.72	1.53	97.66
22	0.10	0.67	1.47	97.77
23	0.11	0.69	1.48	97.72
24	0.12	0.66	1.48	97.74
25	0.16	0.70	1.54	97.60
26	0.20	0.70	1.66	97.44
27	0.28	0.74	1.68	97.30
28	0.29	0.68	1.70	97.33
29	0.29	0.60	1.59	97.51
30	0.39	0.61	1.72	97.28
31	0.43	0.61	1.66	97.30
32	0.42	0.57	1.71	97.31
33	0.52	0.64	1.81	97.02
34	0.44	0.60	1.76	97.20
35	0.48	0.60	1.80	97.12
36	0.49	0.62	1.90	97.00
37	0.50	0.60	1.85	97.04
38	0.49	0.62	1.88	97.01
39	0.50	0.65	1.98	96.87
40	0.49	0.64	2.02	96.85
41	0.51	0.62	2.03	96.84
42	0.55	0.66	2.16	96.63
43	0.54	0.67	2.22	96.56
44	0.57	0.68	2.29	96.46
45	0.58	0.69	2.32	96.40
46	0.51	0.63	2.08	96.77
47	0.51	0.61	2.09	96.79
48	0.52	0.63	2.16	96.69
49	0.50	0.62	2.20	96.68
50	0.55	0.63	2.31	96.51
51	0.54	0.63	2.39	96.44
52	0.56	0.65	2.50	96.29
53	0.57	0.64	2.55	96.23
54	0.57	0.65	2.71	96.07
55	0.59	0.67	2.75	95.98
56	0.62	0.68	2.89	95.81
57	0.56	0.65	2.68	96.11
58	0.55	0.67	2.82	95.96
59	0.54	0.71	2.97	95.78
60	0.58	0.69	3.01	95.73
61	0.57	0.69	3.02	95.72
62	0.57	0.68	3.09	95.67
63	0.60	0.68	3.17	95.55
64	0.61	0.72	3.46	95.21
65	0.63	0.72	3.34	95.31
66	0.66	0.74	3.45	95.15
67	0.63	0.77	3.49	95.11
68	0.65	0.77	3.55	95.03
69	0.66	0.79	3.72	94.84
70	0.74	1.15	7.36	90.75
71	0.71	0.97	4.94	93.38
72	0.68	0.88	4.23	94.21
73	0.67	0.84	4.04	94.45
74	0.67	0.83	3.98	94.52
75	0.67	0.82	3.96	94.54
76	0.71	0.85	4.06	94.38
77	0.71	0.87	4.16	94.26
78	0.73	0.88	4.20	94.19
79	0.73	0.90	4.26	94.11
80	0.73	0.92	4.40	93.95
81	0.75	0.94	4.49	93.83
82	0.77	0.95	4.59	93.70
83	0.78	0.98	4.65	93.59
84	0.80	1.01	4.76	93.44
85	0.83	1.04	4.86	93.27
86	0.84	1.06	4.94	93.16
87	0.86	1.09	5.00	93.04
88	0.87	1.14	5.03	92.96
89	0.88	1.15	5.10	92.87
90	0.89	1.19	5.20	92.73
91	0.91	1.22	5.30	92.57
92	0.92	1.27	5.31	92.51
93	0.94	1.29	5.28	92.49
94	0.94	1.30	5.28	92.48
95	1.21	1.66	6.90	90.23




