Parameters
	Library type	Single-end
	Input file	/Volumes/wdhd/users/joaks1/projects/gekgo/data/genomes/msg/plate2/demultiplexed-raw/fastq/RMB_7873_Cyrtodactylus_redimiculus_Palawan_R1.fq
	Primer/Adaptor library	NA
	Cut-off read length for HQ	70%
	Cut-off quality score	20
	Only statistics	On
	Number of processes	2


QC statistics
	File name	RMB_7873_Cyrtodactylus_redimiculus_Palawan_R1.fq
	Total number of reads	281294
	Total number of HQ reads	278494
	Percentage of HQ reads	99.00%
	Total number of bases	26722930
	Total number of bases in HQ reads	26456930
	Total number of HQ bases in HQ reads	26221615
	Percentage of HQ bases in HQ reads	99.11%
	Number of Primer/Adaptor contaminated HQ reads	NA
	Total number of HQ filtered reads	278494
	Percentage of HQ filtered reads	99.00%


Detailed QC statistics
	File name	RMB_7873_Cyrtodactylus_redimiculus_Palawan_R1.fq
	Minimum read length	95
	Maximum read length	95
	Average read length	95.00
	Total number of reads	281294
	Total number of reads with non-ATGC bases	253
	Percentage of reads with non-ATGC bases	0.09%
	Total number of bases	26722930
	Total number of HQ bases	26369599
	Percentage of HQ bases	98.68%
	Total number of non-ATGC bases	5759
	Percentage of non-ATGC bases	0.02%


Average quality score at each base position of input reads

RMB_7873_Cyrtodactylus_redimiculus_Palawan_R1.fq
35.35	36.77	36.88	36.92	36.74	36.69	36.66	38.96	38.94	38.88	38.82	38.80	38.88	38.89	38.85	38.83	38.80	38.69	38.77	38.70	38.65	38.68	38.69	38.70	38.61	38.53	38.48	38.48	38.52	38.44	38.48	38.48	38.34	38.40	38.39	38.29	38.31	38.33	38.24	38.22	38.19	38.13	38.10	38.07	38.03	38.21	38.25	38.22	38.23	38.18	38.15	38.08	38.04	37.99	37.93	37.85	37.91	37.87	37.81	37.74	37.64	37.56	37.45	37.32	37.21	37.07	36.94	36.82	36.70	34.82	35.59	36.02	36.06	35.99	35.92	35.80	35.68	35.59	35.50	35.41	35.37	35.31	35.25	35.19	35.14	35.08	35.03	35.00	34.95	34.92	34.89	34.86	34.85	34.80	34.13	




Read count (%) per base for different quality score ranges

	RMB_7873_Cyrtodactylus_redimiculus_Palawan_R1.fq
Ranges	0-10	11-20	21-30	31-40
Base
1	0.00	1.09	1.98	96.93
2	0.00	0.33	0.47	99.21
3	0.00	0.17	0.31	99.52
4	0.00	0.11	0.22	99.68
5	0.00	0.18	0.94	98.88
6	0.00	0.28	1.07	98.64
7	0.00	0.34	1.12	98.53
8	0.01	0.38	1.20	98.41
9	0.02	0.42	1.23	98.33
10	0.02	0.46	1.39	98.13
11	0.01	0.47	1.40	98.11
12	0.02	0.46	1.44	98.09
13	0.01	0.48	1.38	98.13
14	0.02	0.49	1.36	98.14
15	0.02	0.49	1.43	98.06
16	0.02	0.46	1.42	98.09
17	0.03	0.55	1.46	97.96
18	0.05	0.66	1.59	97.70
19	0.05	0.53	1.45	97.96
20	0.08	0.67	1.53	97.72
21	0.11	0.69	1.59	97.61
22	0.12	0.63	1.51	97.74
23	0.13	0.67	1.51	97.69
24	0.15	0.62	1.54	97.70
25	0.21	0.66	1.59	97.54
26	0.24	0.67	1.72	97.38
27	0.31	0.69	1.78	97.22
28	0.32	0.62	1.78	97.28
29	0.34	0.57	1.65	97.44
30	0.43	0.61	1.78	97.19
31	0.44	0.56	1.74	97.25
32	0.43	0.59	1.77	97.21
33	0.56	0.63	2.01	96.80
34	0.48	0.62	1.86	97.03
35	0.51	0.58	1.86	97.04
36	0.52	0.65	2.07	96.76
37	0.55	0.64	1.98	96.83
38	0.53	0.64	1.99	96.84
39	0.57	0.70	2.17	96.57
40	0.55	0.70	2.22	96.53
41	0.61	0.68	2.27	96.44
42	0.63	0.72	2.36	96.29
43	0.64	0.73	2.42	96.22
44	0.65	0.72	2.44	96.18
45	0.67	0.77	2.51	96.06
46	0.57	0.65	2.22	96.56
47	0.56	0.65	2.23	96.57
48	0.60	0.67	2.36	96.37
49	0.58	0.63	2.36	96.43
50	0.62	0.68	2.44	96.27
51	0.61	0.67	2.54	96.18
52	0.62	0.69	2.63	96.06
53	0.68	0.67	2.72	95.94
54	0.64	0.70	2.88	95.78
55	0.66	0.73	2.95	95.66
56	0.69	0.74	3.12	95.45
57	0.64	0.67	2.93	95.75
58	0.63	0.69	2.98	95.70
59	0.61	0.72	3.04	95.62
60	0.66	0.72	3.13	95.50
61	0.68	0.72	3.22	95.38
62	0.66	0.74	3.30	95.30
63	0.71	0.72	3.36	95.21
64	0.70	0.78	3.49	95.03
65	0.72	0.79	3.49	94.99
66	0.72	0.80	3.62	94.86
67	0.73	0.86	3.67	94.74
68	0.75	0.82	3.77	94.66
69	0.76	0.82	3.78	94.64
70	0.84	1.24	7.50	90.42
71	0.81	1.04	5.18	92.97
72	0.80	0.93	4.53	93.74
73	0.81	0.91	4.25	94.03
74	0.79	0.92	4.24	94.05
75	0.79	0.90	4.16	94.15
76	0.82	0.92	4.20	94.06
77	0.86	0.95	4.37	93.82
78	0.87	0.96	4.51	93.66
79	0.86	1.02	4.64	93.49
80	0.90	1.04	4.69	93.37
81	0.90	1.02	4.72	93.36
82	0.92	1.06	4.85	93.16
83	0.98	1.08	4.91	93.03
84	0.98	1.13	5.12	92.76
85	0.99	1.18	5.20	92.63
86	1.06	1.20	5.27	92.48
87	1.05	1.34	5.32	92.30
88	1.08	1.31	5.38	92.24
89	1.12	1.32	5.57	91.99
90	1.13	1.35	5.53	91.98
91	1.12	1.40	5.63	91.86
92	1.16	1.47	5.65	91.72
93	1.21	1.42	5.62	91.76
94	1.25	1.48	5.73	91.55
95	1.45	1.92	7.41	89.22




