Parameters
	Library type	Single-end
	Input file	/Volumes/wdhd/users/joaks1/projects/gekgo/data/genomes/msg/plate2/demultiplexed-raw/fastq/RMB_6261_Cyrtodactylus_philippinicus_Polillo_R1.fq
	Primer/Adaptor library	NA
	Cut-off read length for HQ	70%
	Cut-off quality score	20
	Only statistics	On
	Number of processes	2


QC statistics
	File name	RMB_6261_Cyrtodactylus_philippinicus_Polillo_R1.fq
	Total number of reads	1450303
	Total number of HQ reads	1438152
	Percentage of HQ reads	99.16%
	Total number of bases	137778785
	Total number of bases in HQ reads	136624440
	Total number of HQ bases in HQ reads	135484781
	Percentage of HQ bases in HQ reads	99.17%
	Number of Primer/Adaptor contaminated HQ reads	NA
	Total number of HQ filtered reads	1438152
	Percentage of HQ filtered reads	99.16%


Detailed QC statistics
	File name	RMB_6261_Cyrtodactylus_philippinicus_Polillo_R1.fq
	Minimum read length	95
	Maximum read length	95
	Average read length	95.00
	Total number of reads	1450303
	Total number of reads with non-ATGC bases	1291
	Percentage of reads with non-ATGC bases	0.09%
	Total number of bases	137778785
	Total number of HQ bases	136135141
	Percentage of HQ bases	98.81%
	Total number of non-ATGC bases	29713
	Percentage of non-ATGC bases	0.02%


Average quality score at each base position of input reads

RMB_6261_Cyrtodactylus_philippinicus_Polillo_R1.fq
36.72	36.91	36.93	36.94	36.75	36.69	36.66	39.01	38.97	38.93	38.87	38.83	38.89	38.91	38.87	38.86	38.82	38.74	38.82	38.74	38.69	38.72	38.73	38.74	38.67	38.58	38.55	38.54	38.59	38.50	38.54	38.54	38.42	38.48	38.45	38.38	38.41	38.40	38.34	38.31	38.31	38.24	38.21	38.17	38.13	38.29	38.33	38.30	38.31	38.26	38.23	38.18	38.15	38.07	38.03	37.96	38.00	37.95	37.87	37.82	37.76	37.67	37.57	37.43	37.34	37.20	37.08	36.97	36.81	34.91	35.70	36.15	36.20	36.15	36.05	35.94	35.83	35.75	35.66	35.60	35.54	35.46	35.41	35.36	35.29	35.23	35.19	35.16	35.13	35.08	35.03	35.02	35.01	34.99	34.32	




Read count (%) per base for different quality score ranges

	RMB_6261_Cyrtodactylus_philippinicus_Polillo_R1.fq
Ranges	0-10	11-20	21-30	31-40
Base
1	0.00	0.34	0.51	99.15
2	0.00	0.13	0.22	99.65
3	0.00	0.10	0.20	99.69
4	0.00	0.08	0.17	99.75
5	0.00	0.15	0.94	98.91
6	0.00	0.30	1.06	98.64
7	0.00	0.35	1.13	98.51
8	0.01	0.36	1.20	98.42
9	0.02	0.40	1.26	98.32
10	0.02	0.44	1.35	98.18
11	0.01	0.48	1.38	98.13
12	0.01	0.49	1.40	98.09
13	0.02	0.49	1.42	98.08
14	0.02	0.49	1.40	98.09
15	0.02	0.51	1.46	98.00
16	0.02	0.51	1.39	98.08
17	0.03	0.56	1.47	97.94
18	0.04	0.64	1.61	97.71
19	0.04	0.52	1.45	97.99
20	0.07	0.68	1.51	97.74
21	0.08	0.73	1.54	97.65
22	0.10	0.66	1.48	97.76
23	0.11	0.67	1.49	97.73
24	0.12	0.65	1.50	97.73
25	0.17	0.68	1.56	97.59
26	0.21	0.69	1.68	97.43
27	0.28	0.71	1.67	97.33
28	0.27	0.67	1.69	97.37
29	0.29	0.56	1.60	97.54
30	0.37	0.59	1.74	97.30
31	0.41	0.57	1.67	97.34
32	0.41	0.56	1.72	97.32
33	0.52	0.63	1.85	97.00
34	0.43	0.59	1.78	97.19
35	0.46	0.59	1.84	97.11
36	0.47	0.61	1.94	96.98
37	0.50	0.58	1.91	97.01
38	0.51	0.61	1.94	96.94
39	0.52	0.66	2.03	96.80
40	0.52	0.65	2.06	96.77
41	0.51	0.63	2.08	96.77
42	0.56	0.67	2.21	96.55
43	0.56	0.67	2.25	96.52
44	0.58	0.67	2.32	96.43
45	0.59	0.71	2.39	96.31
46	0.51	0.62	2.14	96.73
47	0.51	0.61	2.13	96.76
48	0.55	0.64	2.20	96.61
49	0.51	0.62	2.27	96.60
50	0.56	0.62	2.36	96.46
51	0.55	0.63	2.45	96.38
52	0.55	0.65	2.53	96.27
53	0.57	0.62	2.61	96.20
54	0.58	0.67	2.82	95.92
55	0.57	0.66	2.80	95.96
56	0.61	0.66	2.94	95.79
57	0.56	0.65	2.74	96.05
58	0.55	0.66	2.88	95.90
59	0.56	0.70	3.03	95.71
60	0.57	0.69	3.01	95.73
61	0.57	0.68	3.05	95.69
62	0.58	0.69	3.13	95.61
63	0.59	0.68	3.21	95.52
64	0.61	0.72	3.49	95.17
65	0.62	0.71	3.34	95.34
66	0.64	0.73	3.50	95.13
67	0.63	0.76	3.52	95.09
68	0.64	0.75	3.53	95.08
69	0.67	0.79	3.78	94.77
70	0.74	1.17	7.54	90.54
71	0.70	0.97	5.03	93.31
72	0.69	0.88	4.33	94.10
73	0.70	0.85	4.07	94.38
74	0.67	0.85	4.04	94.44
75	0.69	0.83	4.04	94.44
76	0.70	0.86	4.21	94.23
77	0.71	0.87	4.27	94.14
78	0.73	0.89	4.27	94.11
79	0.75	0.90	4.36	93.99
80	0.73	0.92	4.45	93.90
81	0.74	0.93	4.51	93.82
82	0.78	0.96	4.65	93.60
83	0.80	0.97	4.72	93.51
84	0.82	1.02	4.81	93.35
85	0.85	1.05	4.90	93.20
86	0.89	1.08	5.03	93.00
87	0.91	1.13	5.07	92.89
88	0.89	1.17	5.16	92.78
89	0.93	1.19	5.16	92.72
90	0.94	1.25	5.31	92.50
91	0.95	1.29	5.47	92.29
92	0.94	1.30	5.45	92.31
93	0.98	1.32	5.45	92.25
94	1.01	1.35	5.44	92.21
95	1.29	1.72	7.04	89.94




