Parameters
	Library type	Single-end
	Input file	/Volumes/wdhd/users/joaks1/projects/gekgo/data/genomes/msg/plate2/demultiplexed-raw/fastq/RMB_5968_Gekko_crombota_BabuyanClaro_R1.fq
	Primer/Adaptor library	NA
	Cut-off read length for HQ	70%
	Cut-off quality score	20
	Only statistics	On
	Number of processes	2


QC statistics
	File name	RMB_5968_Gekko_crombota_BabuyanClaro_R1.fq
	Total number of reads	109534
	Total number of HQ reads	108126
	Percentage of HQ reads	98.71%
	Total number of bases	10405730
	Total number of bases in HQ reads	10271970
	Total number of HQ bases in HQ reads	10168939
	Percentage of HQ bases in HQ reads	99.00%
	Number of Primer/Adaptor contaminated HQ reads	NA
	Total number of HQ filtered reads	108126
	Percentage of HQ filtered reads	98.71%


Detailed QC statistics
	File name	RMB_5968_Gekko_crombota_BabuyanClaro_R1.fq
	Minimum read length	95
	Maximum read length	95
	Average read length	95.00
	Total number of reads	109534
	Total number of reads with non-ATGC bases	94
	Percentage of reads with non-ATGC bases	0.09%
	Total number of bases	10405730
	Total number of HQ bases	10239319
	Percentage of HQ bases	98.40%
	Total number of non-ATGC bases	1879
	Percentage of non-ATGC bases	0.02%


Average quality score at each base position of input reads

RMB_5968_Gekko_crombota_BabuyanClaro_R1.fq
36.68	36.84	36.88	36.92	36.72	36.66	36.62	38.89	38.89	38.85	38.78	38.70	38.70	38.68	38.68	38.67	38.69	38.63	38.68	38.58	38.54	38.55	38.56	38.57	38.50	38.39	38.36	38.36	38.39	38.27	38.28	38.32	38.19	38.25	38.23	38.12	38.18	38.14	38.06	37.94	38.02	37.92	37.92	37.89	37.84	37.97	37.97	37.98	37.97	37.92	37.87	37.81	37.71	37.67	37.59	37.47	37.54	37.47	37.34	37.24	37.06	36.97	36.83	36.66	36.50	36.39	36.20	36.04	35.96	34.17	34.92	35.32	35.38	35.39	35.38	35.33	35.26	35.20	35.18	35.11	35.06	35.02	35.02	34.96	34.94	34.90	34.85	34.78	34.76	34.73	34.69	34.68	34.66	34.55	33.80	




Read count (%) per base for different quality score ranges

	RMB_5968_Gekko_crombota_BabuyanClaro_R1.fq
Ranges	0-10	11-20	21-30	31-40
Base
1	0.09	0.44	0.67	98.80
2	0.00	0.27	0.40	99.33
3	0.00	0.19	0.33	99.49
4	0.00	0.12	0.23	99.65
5	0.00	0.19	1.05	98.76
6	0.01	0.31	1.19	98.50
7	0.00	0.40	1.31	98.28
8	0.02	0.42	1.44	98.13
9	0.02	0.44	1.43	98.11
10	0.02	0.49	1.48	98.02
11	0.02	0.52	1.57	97.89
12	0.02	0.61	1.59	97.77
13	0.02	0.59	1.57	97.81
14	0.02	0.61	1.60	97.77
15	0.03	0.62	1.59	97.75
16	0.04	0.62	1.62	97.72
17	0.05	0.63	1.65	97.67
18	0.07	0.63	1.78	97.51
19	0.09	0.60	1.69	97.62
20	0.20	0.74	1.78	97.28
21	0.26	0.75	1.77	97.22
22	0.28	0.69	1.69	97.33
23	0.35	0.65	1.71	97.29
24	0.38	0.61	1.68	97.33
25	0.46	0.65	1.69	97.20
26	0.51	0.65	1.99	96.85
27	0.58	0.64	2.00	96.78
28	0.54	0.65	1.90	96.92
29	0.55	0.61	1.83	97.02
30	0.56	0.68	2.00	96.76
31	0.61	0.68	2.10	96.61
32	0.60	0.67	2.03	96.70
33	0.72	0.77	2.12	96.39
34	0.63	0.69	2.17	96.51
35	0.68	0.68	2.14	96.50
36	0.69	0.75	2.28	96.29
37	0.72	0.71	2.17	96.40
38	0.70	0.78	2.21	96.31
39	0.78	0.80	2.42	96.00
40	0.79	0.85	2.68	95.68
41	0.74	0.77	2.54	95.95
42	0.81	0.87	2.69	95.63
43	0.80	0.82	2.81	95.57
44	0.83	0.82	2.81	95.54
45	0.87	0.85	2.96	95.32
46	0.75	0.81	2.78	95.66
47	0.76	0.86	2.77	95.61
48	0.74	0.80	2.84	95.62
49	0.76	0.79	2.91	95.55
50	0.79	0.83	3.03	95.35
51	0.79	0.83	3.06	95.32
52	0.77	0.80	3.21	95.22
53	0.79	0.85	3.44	94.91
54	0.82	0.85	3.40	94.94
55	0.83	0.88	3.51	94.78
56	0.89	0.86	3.68	94.57
57	0.76	0.79	3.43	95.02
58	0.81	0.80	3.46	94.93
59	0.81	0.90	3.54	94.75
60	0.81	0.88	3.65	94.67
61	0.80	0.90	3.80	94.49
62	0.86	0.88	3.90	94.36
63	0.88	0.94	3.89	94.29
64	0.96	0.88	4.03	94.13
65	0.92	0.96	4.14	93.97
66	0.89	1.01	4.16	93.94
67	0.96	0.98	4.27	93.79
68	1.00	0.97	4.41	93.61
69	0.94	1.01	4.37	93.68
70	1.08	1.43	8.68	88.82
71	1.08	1.19	6.15	91.58
72	1.00	1.13	5.32	92.55
73	1.06	1.11	4.95	92.89
74	1.01	1.07	4.87	93.05
75	0.95	1.08	4.84	93.12
76	0.99	1.08	4.90	93.03
77	1.06	1.14	4.98	92.82
78	1.08	1.17	5.00	92.74
79	1.04	1.18	5.03	92.76
80	1.09	1.16	5.19	92.56
81	1.09	1.25	5.40	92.27
82	1.14	1.31	5.33	92.22
83	1.15	1.26	5.33	92.26
84	1.20	1.30	5.50	92.01
85	1.21	1.33	5.51	91.95
86	1.23	1.42	5.55	91.80
87	1.26	1.42	5.70	91.62
88	1.32	1.51	5.78	91.39
89	1.35	1.53	5.83	91.29
90	1.38	1.59	5.79	91.23
91	1.39	1.66	5.87	91.08
92	1.42	1.69	5.77	91.12
93	1.32	1.80	5.93	90.94
94	1.45	1.85	6.04	90.66
95	1.85	2.26	7.70	88.18




