Parameters
	Library type	Single-end
	Input file	/Volumes/wdhd/users/joaks1/projects/gekgo/data/genomes/msg/plate2/demultiplexed-raw/fastq/RMB_6259_Cyrtodactylus_philippinicus_Polillo_R1.fq
	Primer/Adaptor library	NA
	Cut-off read length for HQ	70%
	Cut-off quality score	20
	Only statistics	On
	Number of processes	2


QC statistics
	File name	RMB_6259_Cyrtodactylus_philippinicus_Polillo_R1.fq
	Total number of reads	2103413
	Total number of HQ reads	2086131
	Percentage of HQ reads	99.18%
	Total number of bases	199824235
	Total number of bases in HQ reads	198182445
	Total number of HQ bases in HQ reads	196505195
	Percentage of HQ bases in HQ reads	99.15%
	Number of Primer/Adaptor contaminated HQ reads	NA
	Total number of HQ filtered reads	2086131
	Percentage of HQ filtered reads	99.18%


Detailed QC statistics
	File name	RMB_6259_Cyrtodactylus_philippinicus_Polillo_R1.fq
	Minimum read length	95
	Maximum read length	95
	Average read length	95.00
	Total number of reads	2103413
	Total number of reads with non-ATGC bases	1888
	Percentage of reads with non-ATGC bases	0.09%
	Total number of bases	199824235
	Total number of HQ bases	197427056
	Percentage of HQ bases	98.80%
	Total number of non-ATGC bases	42683
	Percentage of non-ATGC bases	0.02%


Average quality score at each base position of input reads

RMB_6259_Cyrtodactylus_philippinicus_Polillo_R1.fq
36.73	36.87	36.90	36.93	36.74	36.68	36.65	38.98	38.95	38.91	38.84	38.82	38.88	38.89	38.85	38.83	38.80	38.72	38.81	38.73	38.68	38.71	38.72	38.72	38.65	38.56	38.53	38.53	38.57	38.49	38.53	38.53	38.43	38.48	38.44	38.37	38.39	38.40	38.33	38.30	38.29	38.22	38.18	38.14	38.10	38.26	38.29	38.26	38.26	38.21	38.17	38.10	38.07	37.99	37.94	37.85	37.88	37.84	37.76	37.70	37.63	37.54	37.43	37.27	37.19	37.02	36.89	36.77	36.62	34.73	35.53	35.96	36.03	35.97	35.89	35.79	35.69	35.63	35.55	35.49	35.45	35.37	35.32	35.27	35.21	35.16	35.12	35.08	35.06	35.00	34.95	34.95	34.93	34.92	34.21	




Read count (%) per base for different quality score ranges

	RMB_6259_Cyrtodactylus_philippinicus_Polillo_R1.fq
Ranges	0-10	11-20	21-30	31-40
Base
1	0.00	0.47	0.57	98.96
2	0.00	0.22	0.31	99.47
3	0.00	0.15	0.26	99.59
4	0.00	0.10	0.20	99.70
5	0.00	0.17	0.97	98.86
6	0.00	0.29	1.09	98.61
7	0.00	0.34	1.17	98.48
8	0.01	0.36	1.22	98.40
9	0.02	0.39	1.29	98.29
10	0.02	0.44	1.38	98.15
11	0.02	0.48	1.40	98.10
12	0.02	0.47	1.39	98.13
13	0.02	0.48	1.39	98.11
14	0.02	0.48	1.40	98.10
15	0.02	0.50	1.46	98.02
16	0.02	0.48	1.40	98.10
17	0.03	0.54	1.45	97.98
18	0.03	0.62	1.60	97.75
19	0.04	0.49	1.45	98.02
20	0.08	0.66	1.48	97.77
21	0.10	0.70	1.54	97.67
22	0.11	0.63	1.50	97.76
23	0.12	0.65	1.50	97.73
24	0.15	0.60	1.51	97.74
25	0.20	0.64	1.57	97.59
26	0.24	0.64	1.69	97.43
27	0.31	0.66	1.69	97.34
28	0.31	0.59	1.71	97.39
29	0.31	0.54	1.63	97.52
30	0.39	0.56	1.74	97.31
31	0.42	0.54	1.68	97.36
32	0.41	0.53	1.73	97.33
33	0.51	0.61	1.82	97.06
34	0.42	0.56	1.79	97.23
35	0.46	0.58	1.83	97.14
36	0.47	0.59	1.95	96.99
37	0.50	0.57	1.89	97.04
38	0.47	0.59	1.92	97.02
39	0.50	0.62	2.05	96.83
40	0.49	0.63	2.08	96.80
41	0.50	0.62	2.12	96.76
42	0.55	0.66	2.28	96.51
43	0.55	0.66	2.34	96.45
44	0.58	0.66	2.40	96.36
45	0.58	0.68	2.46	96.28
46	0.51	0.61	2.18	96.70
47	0.51	0.61	2.21	96.67
48	0.53	0.62	2.32	96.52
49	0.51	0.60	2.36	96.52
50	0.55	0.62	2.47	96.36
51	0.55	0.63	2.56	96.26
52	0.55	0.65	2.69	96.11
53	0.56	0.64	2.74	96.05
54	0.58	0.67	2.91	95.84
55	0.59	0.67	2.96	95.78
56	0.62	0.68	3.09	95.61
57	0.57	0.66	2.90	95.87
58	0.55	0.66	3.00	95.80
59	0.55	0.70	3.18	95.57
60	0.58	0.68	3.15	95.60
61	0.58	0.68	3.15	95.60
62	0.59	0.68	3.24	95.50
63	0.60	0.69	3.31	95.40
64	0.63	0.72	3.65	95.00
65	0.62	0.72	3.45	95.21
66	0.66	0.74	3.62	94.99
67	0.64	0.76	3.70	94.90
68	0.65	0.78	3.70	94.87
69	0.66	0.81	3.92	94.62
70	0.76	1.19	7.97	90.09
71	0.70	0.98	5.28	93.05
72	0.71	0.88	4.49	93.91
73	0.71	0.87	4.22	94.20
74	0.69	0.85	4.19	94.27
75	0.70	0.84	4.22	94.25
76	0.72	0.87	4.34	94.07
77	0.72	0.90	4.41	93.97
78	0.74	0.91	4.42	93.94
79	0.76	0.92	4.55	93.77
80	0.76	0.93	4.63	93.69
81	0.74	0.95	4.65	93.66
82	0.80	0.98	4.81	93.41
83	0.81	0.99	4.91	93.29
84	0.83	1.03	4.94	93.19
85	0.86	1.09	5.06	92.99
86	0.89	1.11	5.14	92.86
87	0.91	1.16	5.20	92.73
88	0.92	1.21	5.31	92.55
89	0.94	1.23	5.34	92.50
90	0.97	1.28	5.48	92.28
91	0.96	1.32	5.62	92.10
92	0.99	1.32	5.57	92.12
93	1.01	1.35	5.58	92.05
94	1.04	1.39	5.54	92.03
95	1.32	1.80	7.29	89.58




