Parameters
	Library type	Single-end
	Input file	/Volumes/wdhd/users/joaks1/projects/gekgo/data/genomes/msg/plate2/demultiplexed-raw/fastq/RMB_12536_Gehyra_mutilata_Luzon_R1.fq
	Primer/Adaptor library	NA
	Cut-off read length for HQ	70%
	Cut-off quality score	20
	Only statistics	On
	Number of processes	2


QC statistics
	File name	RMB_12536_Gehyra_mutilata_Luzon_R1.fq
	Total number of reads	2689844
	Total number of HQ reads	2661207
	Percentage of HQ reads	98.94%
	Total number of bases	255535180
	Total number of bases in HQ reads	252814665
	Total number of HQ bases in HQ reads	250462979
	Percentage of HQ bases in HQ reads	99.07%
	Number of Primer/Adaptor contaminated HQ reads	NA
	Total number of HQ filtered reads	2661207
	Percentage of HQ filtered reads	98.94%


Detailed QC statistics
	File name	RMB_12536_Gehyra_mutilata_Luzon_R1.fq
	Minimum read length	95
	Maximum read length	95
	Average read length	95.00
	Total number of reads	2689844
	Total number of reads with non-ATGC bases	2401
	Percentage of reads with non-ATGC bases	0.09%
	Total number of bases	255535180
	Total number of HQ bases	251981544
	Percentage of HQ bases	98.61%
	Total number of non-ATGC bases	55108
	Percentage of non-ATGC bases	0.02%


Average quality score at each base position of input reads

RMB_12536_Gehyra_mutilata_Luzon_R1.fq
36.76	36.87	36.90	36.92	36.74	36.70	36.66	39.01	38.99	38.93	38.86	38.84	38.91	38.87	38.86	38.83	38.81	38.74	38.84	38.74	38.71	38.74	38.74	38.75	38.66	38.60	38.54	38.55	38.56	38.49	38.49	38.50	38.37	38.44	38.36	38.24	38.29	38.33	38.30	38.23	38.17	38.14	38.05	38.04	37.89	38.06	38.08	38.11	38.08	38.02	37.97	37.86	37.85	37.82	37.75	37.62	37.69	37.68	37.58	37.44	37.38	37.29	37.20	37.10	36.97	36.80	36.70	36.53	36.47	34.55	35.31	35.83	35.89	35.84	35.80	35.70	35.56	35.47	35.36	35.29	35.25	35.23	35.20	35.15	35.08	35.01	34.91	34.87	34.88	34.85	34.81	34.81	34.80	34.77	33.98	




Read count (%) per base for different quality score ranges

	RMB_12536_Gehyra_mutilata_Luzon_R1.fq
Ranges	0-10	11-20	21-30	31-40
Base
1	0.00	0.44	0.55	99.00
2	0.00	0.21	0.30	99.49
3	0.00	0.15	0.26	99.59
4	0.00	0.12	0.21	99.67
5	0.00	0.18	0.96	98.86
6	0.00	0.28	1.03	98.69
7	0.00	0.33	1.13	98.53
8	0.01	0.36	1.17	98.46
9	0.02	0.39	1.25	98.35
10	0.02	0.44	1.32	98.21
11	0.02	0.45	1.35	98.19
12	0.02	0.46	1.37	98.15
13	0.02	0.48	1.38	98.13
14	0.02	0.51	1.43	98.03
15	0.03	0.49	1.44	98.04
16	0.03	0.49	1.40	98.08
17	0.04	0.54	1.42	98.00
18	0.05	0.61	1.57	97.77
19	0.04	0.47	1.40	98.09
20	0.09	0.64	1.47	97.80
21	0.10	0.68	1.49	97.73
22	0.11	0.61	1.43	97.85
23	0.12	0.63	1.47	97.78
24	0.14	0.59	1.45	97.82
25	0.19	0.64	1.57	97.60
26	0.21	0.65	1.65	97.49
27	0.30	0.68	1.68	97.34
28	0.29	0.60	1.67	97.44
29	0.32	0.55	1.61	97.52
30	0.40	0.56	1.73	97.30
31	0.45	0.57	1.73	97.24
32	0.44	0.56	1.82	97.18
33	0.55	0.64	1.97	96.85
34	0.47	0.58	1.85	97.10
35	0.52	0.62	1.92	96.94
36	0.54	0.64	2.16	96.66
37	0.55	0.63	2.05	96.77
38	0.54	0.62	2.05	96.80
39	0.56	0.64	2.07	96.72
40	0.53	0.66	2.22	96.58
41	0.59	0.67	2.27	96.47
42	0.60	0.68	2.33	96.39
43	0.63	0.74	2.48	96.15
44	0.65	0.72	2.46	96.17
45	0.69	0.78	2.75	95.78
46	0.62	0.70	2.45	96.23
47	0.62	0.71	2.49	96.18
48	0.60	0.68	2.48	96.24
49	0.60	0.67	2.48	96.24
50	0.66	0.69	2.59	96.06
51	0.67	0.72	2.67	95.93
52	0.68	0.74	2.93	95.65
53	0.68	0.72	2.91	95.69
54	0.67	0.72	2.93	95.69
55	0.69	0.74	3.06	95.51
56	0.75	0.80	3.33	95.11
57	0.70	0.76	3.05	95.49
58	0.67	0.76	3.11	95.46
59	0.69	0.81	3.25	95.25
60	0.78	0.83	3.46	94.93
61	0.76	0.85	3.48	94.91
62	0.77	0.85	3.48	94.89
63	0.76	0.82	3.57	94.84
64	0.79	0.86	3.62	94.73
65	0.80	0.88	3.77	94.54
66	0.85	0.91	3.91	94.34
67	0.85	0.93	4.04	94.19
68	0.87	0.97	4.36	93.79
69	0.85	0.93	4.11	94.10
70	0.95	1.41	8.06	89.59
71	0.90	1.16	5.60	92.34
72	0.85	1.03	4.72	93.41
73	0.88	1.02	4.44	93.66
74	0.88	1.00	4.43	93.69
75	0.86	0.97	4.40	93.77
76	0.89	1.01	4.40	93.70
77	0.91	1.04	4.65	93.39
78	0.94	1.08	4.68	93.30
79	0.95	1.12	4.87	93.06
80	0.98	1.14	5.01	92.87
81	0.99	1.16	4.95	92.90
82	1.00	1.17	4.95	92.88
83	1.01	1.19	4.97	92.83
84	1.03	1.22	5.00	92.75
85	1.08	1.26	5.13	92.53
86	1.11	1.31	5.29	92.28
87	1.19	1.42	5.52	91.87
88	1.17	1.44	5.81	91.57
89	1.16	1.47	5.54	91.83
90	1.17	1.48	5.62	91.73
91	1.21	1.48	5.71	91.60
92	1.20	1.54	5.61	91.65
93	1.24	1.57	5.60	91.60
94	1.25	1.58	5.72	91.44
95	1.58	2.09	7.78	88.56




