Parameters
	Library type	Single-end
	Input file	/Volumes/wdhd/users/joaks1/projects/gekgo/data/genomes/msg/plate2/demultiplexed-raw/fastq/RMB_7757_Cyrtodactylus_redimiculus_Palawan_R1.fq
	Primer/Adaptor library	NA
	Cut-off read length for HQ	70%
	Cut-off quality score	20
	Only statistics	On
	Number of processes	2


QC statistics
	File name	RMB_7757_Cyrtodactylus_redimiculus_Palawan_R1.fq
	Total number of reads	213046
	Total number of HQ reads	210674
	Percentage of HQ reads	98.89%
	Total number of bases	20239370
	Total number of bases in HQ reads	20014030
	Total number of HQ bases in HQ reads	19828880
	Percentage of HQ bases in HQ reads	99.07%
	Number of Primer/Adaptor contaminated HQ reads	NA
	Total number of HQ filtered reads	210674
	Percentage of HQ filtered reads	98.89%


Detailed QC statistics
	File name	RMB_7757_Cyrtodactylus_redimiculus_Palawan_R1.fq
	Minimum read length	95
	Maximum read length	95
	Average read length	95.00
	Total number of reads	213046
	Total number of reads with non-ATGC bases	165
	Percentage of reads with non-ATGC bases	0.08%
	Total number of bases	20239370
	Total number of HQ bases	19953256
	Percentage of HQ bases	98.59%
	Total number of non-ATGC bases	3178
	Percentage of non-ATGC bases	0.02%


Average quality score at each base position of input reads

RMB_7757_Cyrtodactylus_redimiculus_Palawan_R1.fq
36.78	36.86	36.89	36.90	36.72	36.65	36.63	38.91	38.86	38.82	38.74	38.73	38.79	38.80	38.77	38.75	38.70	38.60	38.68	38.59	38.54	38.57	38.57	38.59	38.49	38.40	38.35	38.32	38.37	38.31	38.33	38.33	38.20	38.24	38.23	38.12	38.14	38.13	38.07	38.05	38.00	37.92	37.88	37.84	37.81	38.08	38.15	38.13	38.15	38.08	38.07	37.98	37.95	37.90	37.84	37.77	37.84	37.77	37.71	37.65	37.56	37.48	37.37	37.23	37.14	36.99	36.87	36.73	36.61	34.68	35.46	35.93	35.99	35.92	35.85	35.75	35.62	35.54	35.42	35.35	35.29	35.21	35.14	35.09	35.04	34.99	34.95	34.92	34.86	34.83	34.78	34.74	34.73	34.70	33.99	




Read count (%) per base for different quality score ranges

	RMB_7757_Cyrtodactylus_redimiculus_Palawan_R1.fq
Ranges	0-10	11-20	21-30	31-40
Base
1	0.00	0.44	0.50	99.06
2	0.00	0.25	0.33	99.42
3	0.00	0.21	0.26	99.53
4	0.00	0.16	0.26	99.58
5	0.00	0.22	1.02	98.76
6	0.00	0.34	1.17	98.48
7	0.01	0.39	1.23	98.38
8	0.01	0.39	1.35	98.25
9	0.02	0.46	1.40	98.12
10	0.02	0.49	1.48	98.01
11	0.02	0.54	1.52	97.92
12	0.02	0.52	1.50	97.96
13	0.02	0.54	1.49	97.96
14	0.02	0.52	1.52	97.94
15	0.03	0.55	1.53	97.89
16	0.03	0.52	1.53	97.92
17	0.04	0.62	1.58	97.76
18	0.05	0.68	1.79	97.49
19	0.05	0.57	1.57	97.81
20	0.09	0.75	1.59	97.57
21	0.10	0.81	1.69	97.40
22	0.11	0.72	1.64	97.52
23	0.14	0.72	1.68	97.46
24	0.15	0.68	1.67	97.50
25	0.22	0.73	1.74	97.31
26	0.24	0.74	1.86	97.16
27	0.33	0.75	1.87	97.05
28	0.36	0.74	1.93	96.97
29	0.33	0.63	1.88	97.16
30	0.43	0.64	1.93	97.01
31	0.49	0.62	1.88	97.00
32	0.47	0.65	1.92	96.96
33	0.61	0.69	2.10	96.60
34	0.54	0.65	1.98	96.83
35	0.54	0.67	2.04	96.75
36	0.57	0.71	2.22	96.50
37	0.60	0.70	2.15	96.55
38	0.58	0.71	2.23	96.47
39	0.62	0.71	2.37	96.29
40	0.63	0.71	2.41	96.26
41	0.64	0.72	2.54	96.10
42	0.71	0.77	2.62	95.91
43	0.70	0.82	2.66	95.82
44	0.71	0.82	2.67	95.79
45	0.69	0.80	2.76	95.75
46	0.58	0.66	2.36	96.39
47	0.59	0.67	2.33	96.41
48	0.62	0.70	2.45	96.23
49	0.61	0.67	2.42	96.29
50	0.68	0.71	2.51	96.10
51	0.65	0.72	2.61	96.02
52	0.66	0.74	2.83	95.77
53	0.68	0.72	2.88	95.72
54	0.67	0.75	2.96	95.62
55	0.70	0.74	3.04	95.52
56	0.74	0.73	3.18	95.35
57	0.65	0.74	2.98	95.63
58	0.69	0.74	3.13	95.43
59	0.68	0.80	3.17	95.35
60	0.71	0.76	3.26	95.27
61	0.72	0.78	3.33	95.16
62	0.69	0.80	3.43	95.07
63	0.77	0.81	3.43	94.99
64	0.78	0.86	3.66	94.70
65	0.76	0.84	3.66	94.74
66	0.82	0.88	3.75	94.55
67	0.83	0.88	3.82	94.46
68	0.83	0.90	4.03	94.25
69	0.84	0.90	4.07	94.19
70	0.94	1.25	8.02	89.79
71	0.87	1.14	5.48	92.52
72	0.87	1.00	4.82	93.31
73	0.89	1.00	4.50	93.61
74	0.89	0.98	4.45	93.67
75	0.89	0.95	4.46	93.71
76	0.91	0.98	4.42	93.68
77	0.89	1.06	4.57	93.48
78	0.91	1.07	4.62	93.40
79	0.95	1.10	4.86	93.10
80	0.95	1.08	4.90	93.07
81	0.98	1.11	4.88	93.03
82	1.01	1.11	5.14	92.73
83	1.06	1.19	5.17	92.58
84	1.03	1.26	5.32	92.39
85	1.05	1.27	5.48	92.20
86	1.09	1.29	5.49	92.12
87	1.12	1.32	5.60	91.96
88	1.10	1.35	5.63	91.92
89	1.15	1.43	5.69	91.73
90	1.19	1.42	5.77	91.62
91	1.18	1.47	5.94	91.40
92	1.21	1.58	6.00	91.22
93	1.22	1.57	5.90	91.31
94	1.27	1.58	5.99	91.15
95	1.54	2.05	7.82	88.59




