Parameters
	Library type	Single-end
	Input file	/Volumes/wdhd/users/joaks1/projects/gekgo/data/genomes/msg/plate2/demultiplexed-raw/fastq/RMB_7647_Cyrtodactylus_tautbatorum_Palawan_R1.fq
	Primer/Adaptor library	NA
	Cut-off read length for HQ	70%
	Cut-off quality score	20
	Only statistics	On
	Number of processes	2


QC statistics
	File name	RMB_7647_Cyrtodactylus_tautbatorum_Palawan_R1.fq
	Total number of reads	3852831
	Total number of HQ reads	3819033
	Percentage of HQ reads	99.12%
	Total number of bases	366018945
	Total number of bases in HQ reads	362808135
	Total number of HQ bases in HQ reads	359810676
	Percentage of HQ bases in HQ reads	99.17%
	Number of Primer/Adaptor contaminated HQ reads	NA
	Total number of HQ filtered reads	3819033
	Percentage of HQ filtered reads	99.12%


Detailed QC statistics
	File name	RMB_7647_Cyrtodactylus_tautbatorum_Palawan_R1.fq
	Minimum read length	95
	Maximum read length	95
	Average read length	95.00
	Total number of reads	3852831
	Total number of reads with non-ATGC bases	3468
	Percentage of reads with non-ATGC bases	0.09%
	Total number of bases	366018945
	Total number of HQ bases	361599999
	Percentage of HQ bases	98.79%
	Total number of non-ATGC bases	80342
	Percentage of non-ATGC bases	0.02%


Average quality score at each base position of input reads

RMB_7647_Cyrtodactylus_tautbatorum_Palawan_R1.fq
36.74	36.88	36.91	36.93	36.75	36.69	36.66	38.99	38.96	38.91	38.86	38.82	38.90	38.90	38.87	38.85	38.81	38.73	38.82	38.73	38.69	38.72	38.75	38.74	38.66	38.58	38.53	38.55	38.59	38.52	38.55	38.55	38.41	38.47	38.44	38.36	38.39	38.38	38.33	38.32	38.31	38.23	38.19	38.16	38.13	38.30	38.35	38.34	38.33	38.29	38.25	38.18	38.15	38.10	38.05	37.97	38.04	38.00	37.95	37.87	37.79	37.72	37.61	37.49	37.39	37.25	37.11	36.99	36.86	34.97	35.73	36.16	36.20	36.14	36.06	35.95	35.83	35.73	35.63	35.56	35.50	35.43	35.38	35.33	35.28	35.22	35.17	35.15	35.11	35.07	35.02	34.99	34.99	34.97	34.29	




Read count (%) per base for different quality score ranges

	RMB_7647_Cyrtodactylus_tautbatorum_Palawan_R1.fq
Ranges	0-10	11-20	21-30	31-40
Base
1	0.00	0.44	0.52	99.04
2	0.00	0.20	0.27	99.53
3	0.00	0.14	0.24	99.62
4	0.00	0.10	0.19	99.70
5	0.00	0.17	0.95	98.89
6	0.00	0.30	1.06	98.64
7	0.00	0.35	1.14	98.51
8	0.01	0.37	1.21	98.40
9	0.02	0.41	1.27	98.31
10	0.02	0.46	1.36	98.16
11	0.01	0.48	1.37	98.14
12	0.01	0.49	1.40	98.09
13	0.01	0.50	1.36	98.13
14	0.02	0.50	1.38	98.10
15	0.02	0.50	1.43	98.05
16	0.02	0.51	1.38	98.09
17	0.03	0.56	1.45	97.96
18	0.03	0.63	1.60	97.74
19	0.03	0.51	1.42	98.03
20	0.07	0.68	1.49	97.76
21	0.08	0.73	1.52	97.67
22	0.10	0.65	1.46	97.79
23	0.10	0.66	1.46	97.78
24	0.14	0.63	1.48	97.76
25	0.17	0.68	1.55	97.60
26	0.20	0.68	1.65	97.47
27	0.28	0.71	1.67	97.34
28	0.28	0.64	1.66	97.42
29	0.30	0.56	1.57	97.57
30	0.38	0.57	1.69	97.36
31	0.41	0.56	1.63	97.39
32	0.41	0.53	1.70	97.36
33	0.52	0.62	1.83	97.03
34	0.43	0.58	1.76	97.23
35	0.47	0.58	1.81	97.13
36	0.48	0.60	1.92	96.99
37	0.51	0.59	1.84	97.05
38	0.52	0.61	1.92	96.95
39	0.52	0.65	2.02	96.81
40	0.50	0.63	2.03	96.83
41	0.53	0.62	2.06	96.79
42	0.56	0.67	2.20	96.57
43	0.57	0.68	2.28	96.47
44	0.58	0.68	2.30	96.44
45	0.60	0.69	2.33	96.38
46	0.53	0.61	2.04	96.82
47	0.52	0.60	2.07	96.82
48	0.52	0.60	2.13	96.75
49	0.52	0.60	2.17	96.71
50	0.55	0.62	2.26	96.57
51	0.56	0.63	2.33	96.48
52	0.58	0.64	2.47	96.31
53	0.59	0.64	2.57	96.20
54	0.59	0.66	2.67	96.08
55	0.61	0.66	2.79	95.94
56	0.65	0.70	2.89	95.76
57	0.59	0.65	2.70	96.06
58	0.59	0.65	2.81	95.95
59	0.57	0.68	2.87	95.89
60	0.61	0.68	2.95	95.75
61	0.61	0.69	3.03	95.67
62	0.60	0.69	3.06	95.64
63	0.62	0.70	3.13	95.54
64	0.63	0.71	3.24	95.42
65	0.65	0.72	3.25	95.38
66	0.67	0.74	3.35	95.24
67	0.67	0.78	3.49	95.07
68	0.67	0.78	3.53	95.02
69	0.67	0.77	3.57	94.99
70	0.76	1.14	7.09	91.01
71	0.74	0.96	4.92	93.39
72	0.73	0.88	4.28	94.11
73	0.74	0.86	4.07	94.33
74	0.71	0.85	4.00	94.44
75	0.72	0.84	3.95	94.49
76	0.72	0.84	4.02	94.42
77	0.75	0.87	4.11	94.28
78	0.76	0.88	4.20	94.17
79	0.78	0.91	4.35	93.95
80	0.80	0.92	4.40	93.89
81	0.79	0.94	4.50	93.77
82	0.82	0.97	4.57	93.64
83	0.84	0.98	4.68	93.50
84	0.85	1.02	4.78	93.36
85	0.89	1.04	4.82	93.25
86	0.92	1.08	4.95	93.05
87	0.94	1.12	5.08	92.87
88	0.93	1.15	5.10	92.82
89	0.96	1.17	5.18	92.69
90	0.97	1.22	5.31	92.51
91	1.00	1.26	5.39	92.35
92	1.02	1.30	5.41	92.27
93	1.03	1.31	5.35	92.32
94	1.04	1.34	5.38	92.24
95	1.28	1.73	7.08	89.91




