Parameters
	Library type	Single-end
	Input file	/Volumes/wdhd/users/joaks1/projects/gekgo/data/genomes/msg/plate2/demultiplexed-raw/fastq/RMB_13766_Gekko_gecko_Luzon_R1.fq
	Primer/Adaptor library	NA
	Cut-off read length for HQ	70%
	Cut-off quality score	20
	Only statistics	On
	Number of processes	2


QC statistics
	File name	RMB_13766_Gekko_gecko_Luzon_R1.fq
	Total number of reads	671674
	Total number of HQ reads	664595
	Percentage of HQ reads	98.95%
	Total number of bases	63809030
	Total number of bases in HQ reads	63136525
	Total number of HQ bases in HQ reads	62510585
	Percentage of HQ bases in HQ reads	99.01%
	Number of Primer/Adaptor contaminated HQ reads	NA
	Total number of HQ filtered reads	664595
	Percentage of HQ filtered reads	98.95%


Detailed QC statistics
	File name	RMB_13766_Gekko_gecko_Luzon_R1.fq
	Minimum read length	95
	Maximum read length	95
	Average read length	95.00
	Total number of reads	671674
	Total number of reads with non-ATGC bases	604
	Percentage of reads with non-ATGC bases	0.09%
	Total number of bases	63809030
	Total number of HQ bases	62881276
	Percentage of HQ bases	98.55%
	Total number of non-ATGC bases	12831
	Percentage of non-ATGC bases	0.02%


Average quality score at each base position of input reads

RMB_13766_Gekko_gecko_Luzon_R1.fq
36.74	36.86	36.90	36.92	36.73	36.66	36.61	38.83	38.85	38.82	38.74	38.71	38.77	38.73	38.73	38.64	38.63	38.56	38.62	38.51	38.50	38.49	38.47	38.54	38.42	38.35	38.27	38.32	38.31	38.27	38.29	38.28	38.15	38.21	38.17	38.10	38.14	38.12	37.93	37.85	37.92	37.91	37.90	37.86	37.79	38.01	38.07	38.06	38.03	37.98	37.96	37.90	37.84	37.77	37.72	37.58	37.66	37.65	37.56	37.40	37.34	37.28	37.15	37.02	36.86	36.72	36.61	36.46	36.31	34.42	35.13	35.58	35.64	35.61	35.55	35.48	35.37	35.29	35.22	35.15	35.11	35.04	35.01	34.96	34.92	34.90	34.82	34.77	34.73	34.70	34.69	34.66	34.64	34.59	33.81	




Read count (%) per base for different quality score ranges

	RMB_13766_Gekko_gecko_Luzon_R1.fq
Ranges	0-10	11-20	21-30	31-40
Base
1	0.00	0.42	0.55	99.02
2	0.00	0.21	0.34	99.45
3	0.00	0.14	0.29	99.57
4	0.00	0.11	0.23	99.66
5	0.00	0.17	1.04	98.79
6	0.00	0.31	1.19	98.50
7	0.00	0.39	1.33	98.29
8	0.01	0.44	1.39	98.16
9	0.02	0.42	1.38	98.18
10	0.02	0.47	1.51	98.00
11	0.02	0.53	1.58	97.87
12	0.02	0.54	1.61	97.83
13	0.02	0.53	1.57	97.88
14	0.03	0.58	1.60	97.80
15	0.03	0.55	1.58	97.85
16	0.03	0.58	1.65	97.74
17	0.03	0.63	1.70	97.63
18	0.05	0.70	1.83	97.43
19	0.05	0.61	1.73	97.62
20	0.11	0.78	1.80	97.31
21	0.12	0.81	1.74	97.33
22	0.15	0.77	1.73	97.35
23	0.18	0.78	1.80	97.24
24	0.19	0.68	1.72	97.42
25	0.28	0.73	1.87	97.12
26	0.32	0.74	1.99	96.95
27	0.42	0.77	2.00	96.81
28	0.40	0.68	1.94	96.98
29	0.42	0.62	1.96	96.99
30	0.48	0.63	2.06	96.83
31	0.51	0.63	2.02	96.83
32	0.50	0.66	2.04	96.80
33	0.63	0.73	2.21	96.43
34	0.52	0.66	2.11	96.70
35	0.57	0.69	2.22	96.52
36	0.58	0.73	2.32	96.38
37	0.61	0.70	2.23	96.46
38	0.61	0.71	2.29	96.39
39	0.68	0.79	2.53	95.99
40	0.70	0.86	2.71	95.73
41	0.65	0.77	2.56	96.02
42	0.68	0.80	2.65	95.86
43	0.70	0.78	2.71	95.81
44	0.72	0.80	2.77	95.71
45	0.74	0.81	2.92	95.53
46	0.63	0.73	2.57	96.07
47	0.62	0.71	2.54	96.13
48	0.65	0.70	2.66	95.99
49	0.62	0.73	2.80	95.85
50	0.69	0.73	2.85	95.73
51	0.68	0.73	2.90	95.69
52	0.68	0.73	3.04	95.55
53	0.68	0.76	3.18	95.38
54	0.70	0.77	3.26	95.26
55	0.71	0.76	3.39	95.14
56	0.75	0.84	3.65	94.76
57	0.71	0.79	3.34	95.16
58	0.68	0.79	3.35	95.19
59	0.69	0.84	3.50	94.97
60	0.72	0.82	3.65	94.81
61	0.70	0.84	3.63	94.83
62	0.71	0.81	3.65	94.83
63	0.76	0.82	3.75	94.67
64	0.76	0.85	3.86	94.54
65	0.80	0.86	4.01	94.33
66	0.81	0.88	4.11	94.20
67	0.82	0.90	4.14	94.14
68	0.83	0.92	4.25	94.00
69	0.84	0.92	4.36	93.88
70	0.94	1.39	8.68	89.00
71	0.90	1.14	6.07	91.89
72	0.91	1.05	5.26	92.78
73	0.91	1.04	4.95	93.10
74	0.90	1.02	4.86	93.22
75	0.90	1.01	4.86	93.23
76	0.89	1.01	4.95	93.14
77	0.93	1.07	5.05	92.94
78	0.95	1.10	5.18	92.77
79	0.97	1.12	5.21	92.70
80	0.99	1.18	5.36	92.47
81	0.98	1.16	5.50	92.36
82	1.03	1.22	5.58	92.17
83	1.04	1.17	5.66	92.13
84	1.03	1.25	5.78	91.93
85	1.09	1.25	5.80	91.85
86	1.09	1.28	5.77	91.86
87	1.11	1.35	6.02	91.52
88	1.15	1.41	6.11	91.33
89	1.16	1.46	6.19	91.19
90	1.20	1.50	6.25	91.06
91	1.18	1.51	6.27	91.04
92	1.26	1.57	6.20	90.98
93	1.24	1.63	6.24	90.89
94	1.28	1.70	6.28	90.75
95	1.62	2.19	8.29	87.90




