Parameters
	Library type	Single-end
	Input file	/Volumes/wdhd/users/joaks1/projects/gekgo/data/genomes/msg/plate2/demultiplexed-raw/fastq/RMB_8790_Cyrtodactylus_philippinicus_Tablas_R1.fq
	Primer/Adaptor library	NA
	Cut-off read length for HQ	70%
	Cut-off quality score	20
	Only statistics	On
	Number of processes	2


QC statistics
	File name	RMB_8790_Cyrtodactylus_philippinicus_Tablas_R1.fq
	Total number of reads	1881770
	Total number of HQ reads	1864639
	Percentage of HQ reads	99.09%
	Total number of bases	178768150
	Total number of bases in HQ reads	177140705
	Total number of HQ bases in HQ reads	175563957
	Percentage of HQ bases in HQ reads	99.11%
	Number of Primer/Adaptor contaminated HQ reads	NA
	Total number of HQ filtered reads	1864639
	Percentage of HQ filtered reads	99.09%


Detailed QC statistics
	File name	RMB_8790_Cyrtodactylus_philippinicus_Tablas_R1.fq
	Minimum read length	95
	Maximum read length	95
	Average read length	95.00
	Total number of reads	1881770
	Total number of reads with non-ATGC bases	1616
	Percentage of reads with non-ATGC bases	0.09%
	Total number of bases	178768150
	Total number of HQ bases	176479208
	Percentage of HQ bases	98.72%
	Total number of non-ATGC bases	36168
	Percentage of non-ATGC bases	0.02%


Average quality score at each base position of input reads

RMB_8790_Cyrtodactylus_philippinicus_Tablas_R1.fq
35.72	36.75	36.87	36.92	36.73	36.67	36.65	38.94	38.90	38.86	38.80	38.77	38.77	38.79	38.76	38.74	38.72	38.65	38.75	38.66	38.62	38.65	38.66	38.66	38.59	38.50	38.46	38.45	38.50	38.41	38.46	38.46	38.32	38.39	38.33	38.26	38.28	38.29	38.21	38.18	38.17	38.09	38.03	37.99	37.92	38.09	38.13	38.09	38.07	38.00	37.96	37.87	37.81	37.73	37.65	37.55	37.54	37.46	37.35	37.23	37.11	36.97	36.81	36.63	36.49	36.30	36.18	36.06	35.92	34.15	34.97	35.41	35.51	35.51	35.47	35.44	35.39	35.35	35.32	35.27	35.23	35.19	35.15	35.12	35.08	35.05	35.01	34.98	34.97	34.92	34.87	34.86	34.86	34.86	34.18	




Read count (%) per base for different quality score ranges

	RMB_8790_Cyrtodactylus_philippinicus_Tablas_R1.fq
Ranges	0-10	11-20	21-30	31-40
Base
1	0.17	0.84	1.56	97.43
2	0.09	0.29	0.51	99.10
3	0.00	0.21	0.33	99.46
4	0.00	0.13	0.22	99.65
5	0.00	0.19	0.99	98.82
6	0.00	0.32	1.12	98.56
7	0.00	0.36	1.17	98.47
8	0.01	0.38	1.25	98.35
9	0.02	0.42	1.33	98.23
10	0.02	0.48	1.44	98.06
11	0.02	0.50	1.45	98.04
12	0.02	0.50	1.45	98.03
13	0.02	0.51	1.45	98.02
14	0.03	0.51	1.45	98.02
15	0.03	0.52	1.51	97.94
16	0.04	0.50	1.46	98.00
17	0.06	0.55	1.50	97.89
18	0.08	0.62	1.67	97.64
19	0.08	0.48	1.50	97.94
20	0.17	0.60	1.55	97.67
21	0.22	0.61	1.59	97.59
22	0.25	0.52	1.52	97.71
23	0.29	0.51	1.56	97.64
24	0.32	0.48	1.56	97.65
25	0.37	0.50	1.64	97.49
26	0.38	0.54	1.78	97.30
27	0.45	0.57	1.79	97.19
28	0.40	0.57	1.80	97.23
29	0.37	0.52	1.71	97.39
30	0.45	0.57	1.86	97.13
31	0.45	0.56	1.78	97.21
32	0.44	0.55	1.84	97.17
33	0.55	0.65	2.01	96.79
34	0.46	0.61	1.95	96.99
35	0.50	0.62	2.01	96.87
36	0.52	0.64	2.15	96.69
37	0.53	0.63	2.10	96.75
38	0.50	0.63	2.17	96.69
39	0.54	0.67	2.34	96.46
40	0.52	0.67	2.36	96.45
41	0.53	0.64	2.42	96.41
42	0.58	0.69	2.58	96.15
43	0.58	0.71	2.74	95.97
44	0.60	0.71	2.83	95.86
45	0.63	0.73	2.94	95.70
46	0.54	0.64	2.60	96.21
47	0.52	0.64	2.63	96.21
48	0.56	0.66	2.70	96.09
49	0.53	0.64	2.82	96.01
50	0.58	0.66	2.93	95.83
51	0.56	0.65	3.02	95.77
52	0.57	0.68	3.16	95.59
53	0.59	0.66	3.20	95.55
54	0.59	0.68	3.31	95.42
55	0.60	0.70	3.36	95.35
56	0.64	0.70	3.43	95.23
57	0.60	0.68	3.22	95.50
58	0.60	0.69	3.30	95.42
59	0.59	0.73	3.45	95.23
60	0.63	0.73	3.41	95.22
61	0.62	0.72	3.48	95.18
62	0.62	0.73	3.57	95.09
63	0.64	0.73	3.62	95.01
64	0.66	0.76	3.93	94.65
65	0.68	0.76	3.82	94.75
66	0.71	0.80	4.03	94.46
67	0.68	0.83	4.08	94.41
68	0.71	0.84	4.09	94.37
69	0.71	0.85	4.36	94.08
70	0.79	1.24	8.90	89.07
71	0.76	1.02	5.87	92.35
72	0.72	0.94	4.97	93.37
73	0.74	0.91	4.68	93.67
74	0.71	0.91	4.60	93.77
75	0.72	0.91	4.61	93.76
76	0.74	0.93	4.65	93.68
77	0.74	0.95	4.75	93.56
78	0.78	0.95	4.79	93.48
79	0.78	0.98	4.85	93.40
80	0.79	0.99	4.98	93.24
81	0.81	1.04	5.03	93.12
82	0.84	1.05	5.11	92.99
83	0.86	1.10	5.16	92.88
84	0.87	1.15	5.26	92.72
85	0.89	1.17	5.34	92.60
86	0.91	1.22	5.41	92.47
87	0.95	1.24	5.41	92.40
88	0.95	1.30	5.45	92.30
89	0.97	1.35	5.45	92.23
90	0.99	1.40	5.57	92.04
91	1.02	1.46	5.65	91.87
92	1.01	1.49	5.69	91.81
93	1.04	1.52	5.59	91.84
94	1.04	1.55	5.59	91.82
95	1.34	1.98	7.26	89.42




