Parameters
	Library type	Paired-end
	Input files	KU330797-16_C_L004_R1_021.fastq	KU330797-16_C_L004_R2_021.fastq
	Primer/Adaptor library	Paired End DNA Library
	Cut-off read length for HQ	70%
	Cut-off quality score	20
	Only statistics	On
	Number of CPUs	2


QC statistics
	File name	KU330797-16_C_L004_R1_021.fastq	KU330797-16_C_L004_R2_021.fastq
	Total number of reads	4000000	4000000
	Total number of HQ reads	3763230	3763230
	Percentage of HQ reads	94.08%	94.08%
	Total number of bases	400000000	400000000
	Total number of bases in HQ reads	376323000	376323000
	Total number of HQ bases in HQ reads	370583025	370594118
	Percentage of HQ bases in HQ reads	98.47%	98.48%
	Number of Primer/Adaptor contaminated HQ reads	10	12
	Total number of HQ filtered reads	3763208	3763208
	Percentage of HQ filtered reads	94.08%	94.08%


Detailed QC statistics
	File name	KU330797-16_C_L004_R1_021.fastq	KU330797-16_C_L004_R2_021.fastq
	Minimum read length	100	100
	Maximum read length	100	100
	Average read length	100.00	100.00
	Total number of reads	4000000	4000000
	Total number of reads with non-ATGC bases	13568	13278
	Percentage of reads with non-ATGC bases	0.34%	0.33%
	Total number of bases	400000000	400000000
	Total number of HQ bases	387414879	384580181
	Percentage of HQ bases	96.85%	96.15%
	Total number of non-ATGC bases	111623	157675
	Percentage of non-ATGC bases	0.03%	0.04%


Average quality score at each base position of input reads

KU330797-16_C_L004_R1_021.fastq
32.32	32.54	32.62	36.11	36.03	36.01	36.00	35.99	37.69	37.70	37.65	37.66	37.62	39.10	39.04	39.03	39.03	38.96	38.98	38.98	38.95	38.86	38.83	38.84	38.70	38.70	38.65	38.63	38.51	38.48	38.43	38.36	38.26	38.19	38.14	38.10	37.99	37.92	37.86	37.72	37.69	37.91	37.93	37.80	37.83	37.80	37.74	37.69	37.61	37.63	37.69	37.59	37.61	37.53	37.50	37.42	37.22	37.18	37.10	36.97	36.90	36.78	36.65	36.48	36.39	36.25	36.09	35.91	35.70	35.41	35.16	34.94	34.68	34.14	34.14	32.98	33.47	33.76	33.73	33.59	33.46	33.31	33.12	32.87	32.68	32.45	32.31	32.22	31.99	31.85	31.70	31.60	31.39	31.25	31.11	30.92	30.71	30.46	30.24	28.81	

KU330797-16_C_L004_R2_021.fastq
36.52	36.68	36.73	36.77	31.17	31.71	31.95	35.53	35.54	35.55	35.50	35.51	37.15	37.08	37.06	37.03	37.03	38.45	38.37	38.40	38.35	38.37	38.39	38.41	38.38	38.36	38.31	38.29	38.23	38.15	38.11	38.08	37.96	37.91	37.82	37.85	37.82	37.68	37.60	37.61	37.50	37.39	37.39	37.38	37.29	37.25	37.38	37.42	37.38	37.31	37.23	37.13	37.14	37.08	35.98	36.45	36.79	36.91	36.92	36.85	36.77	36.61	36.60	36.51	36.34	36.21	36.07	36.12	36.05	35.92	35.81	35.72	35.55	35.43	35.20	35.05	34.82	34.67	34.44	34.29	34.08	33.88	33.69	33.48	33.30	33.08	32.88	32.70	32.55	32.37	32.19	31.99	31.82	31.70	31.48	31.30	31.20	31.04	30.89	30.74	





Read count (%) per base for different quality score ranges

	KU330797-16_C_L004_R1_021.fastq
Ranges	0-10	11-20	21-30	31-40
Base
1	0.14	0.33	9.35	90.18
2	0.12	0.33	8.75	90.80
3	0.10	0.31	8.51	91.07
4	0.10	0.29	2.63	96.97
5	0.15	0.36	3.13	96.37
6	0.13	0.43	3.18	96.26
7	0.13	0.44	3.21	96.22
8	0.14	0.44	3.24	96.18
9	0.15	0.46	3.29	96.10
10	0.14	0.44	3.26	96.17
11	0.16	0.48	3.41	95.96
12	0.15	0.46	3.36	96.03
13	0.17	0.49	3.48	95.86
14	0.32	0.94	5.33	93.41
15	0.36	1.02	5.53	93.09
16	0.36	0.98	5.46	93.19
17	0.37	0.98	5.40	93.24
18	0.40	1.06	5.66	92.88
19	0.43	1.08	5.76	92.73
20	0.42	1.04	5.67	92.87
21	0.44	1.06	5.70	92.80
22	0.51	1.16	5.97	92.36
23	0.52	1.12	5.93	92.43
24	0.53	1.09	5.98	92.39
25	0.67	1.24	6.40	91.69
26	0.83	1.20	6.08	91.89
27	0.89	1.24	6.12	91.76
28	0.92	1.19	6.16	91.73
29	1.07	1.28	6.48	91.17
30	1.07	1.21	6.52	91.20
31	1.12	1.20	6.64	91.04
32	1.18	1.22	6.83	90.78
33	1.27	1.26	7.11	90.36
34	1.30	1.28	7.29	90.13
35	1.31	1.27	7.35	90.08
36	1.32	1.26	7.37	90.05
37	1.41	1.31	7.57	89.71
38	1.44	1.32	7.65	89.59
39	1.49	1.32	7.67	89.51
40	1.60	1.41	7.91	89.09
41	1.56	1.36	7.77	89.32
42	1.52	1.33	7.87	89.27
43	1.63	1.38	7.94	89.06
44	1.86	1.50	8.19	88.45
45	1.80	1.47	8.12	88.61
46	1.82	1.47	8.09	88.61
47	1.89	1.49	8.12	88.51
48	1.91	1.49	8.12	88.47
49	2.01	1.54	8.27	88.18
50	1.98	1.51	8.25	88.26
51	2.02	1.44	8.02	88.52
52	2.17	1.52	8.16	88.15
53	2.14	1.48	8.01	88.37
54	2.23	1.48	8.07	88.23
55	2.22	1.46	8.04	88.28
56	2.28	1.45	8.00	88.27
57	2.46	1.58	8.30	87.65
58	2.44	1.54	8.26	87.76
59	2.48	1.49	8.24	87.79
60	2.56	1.51	8.33	87.60
61	2.57	1.46	8.28	87.69
62	2.64	1.47	8.30	87.59
63	2.72	1.50	8.37	87.42
64	2.80	1.55	8.56	87.09
65	2.82	1.49	8.54	87.15
66	2.88	1.49	8.53	87.10
67	2.95	1.50	8.64	86.90
68	3.05	1.52	8.72	86.71
69	3.15	1.53	8.88	86.44
70	3.34	1.62	9.27	85.78
71	3.46	1.72	9.57	85.25
72	3.56	1.73	9.75	84.96
73	3.76	1.71	9.95	84.58
74	3.99	1.98	11.07	82.96
75	3.85	2.01	10.49	83.65
76	3.63	2.20	14.51	79.66
77	3.72	1.81	11.65	82.82
78	3.76	1.63	10.28	84.33
79	3.88	1.62	9.87	84.62
80	3.99	1.62	9.75	84.64
81	4.06	1.60	9.61	84.73
82	4.11	1.58	9.53	84.78
83	4.24	1.62	9.57	84.57
84	4.47	1.70	9.84	83.98
85	4.62	1.77	9.99	83.61
86	4.85	1.87	10.27	83.00
87	5.02	1.87	10.26	82.85
88	5.12	1.81	10.07	83.00
89	5.44	1.93	10.38	82.25
90	5.62	1.93	10.44	82.01
91	5.90	1.94	10.48	81.68
92	6.13	1.89	10.31	81.67
93	6.54	1.97	10.56	80.94
94	6.86	1.90	10.49	80.75
95	7.28	1.82	10.38	80.52
96	7.79	1.77	10.36	80.08
97	8.38	1.67	10.35	79.59
98	9.06	1.61	10.45	78.87
99	9.77	1.49	10.25	78.49
100	10.88	3.27	16.96	68.89


	KU330797-16_C_L004_R2_021.fastq
Ranges	0-10	11-20	21-30	31-40
Base
1	0.65	0.21	0.24	98.90
2	0.66	0.20	0.18	98.97
3	0.58	0.17	0.17	99.08
4	0.49	0.16	0.16	99.19
5	1.47	1.28	15.48	81.77
6	1.06	1.07	11.95	85.92
7	1.04	0.93	10.94	87.09
8	0.96	0.90	4.11	94.04
9	0.94	0.91	4.15	94.00
10	0.82	1.03	4.15	94.00
11	0.89	1.06	4.30	93.74
12	0.89	1.05	4.23	93.83
13	0.94	0.99	4.14	93.93
14	1.02	1.03	4.30	93.65
15	1.07	1.03	4.29	93.61
16	1.09	1.07	4.35	93.49
17	1.07	1.07	4.33	93.52
18	1.92	2.07	6.64	89.37
19	2.02	2.13	6.80	89.04
20	2.00	2.00	6.74	89.27
21	1.96	2.17	6.88	88.99
22	1.95	2.06	6.71	89.27
23	2.07	2.05	6.99	88.89
24	2.04	1.93	6.84	89.18
25	2.07	1.95	6.87	89.11
26	2.09	1.90	6.88	89.13
27	2.15	1.89	6.94	89.01
28	2.26	1.96	7.29	88.49
29	2.34	1.95	7.39	88.33
30	2.43	1.96	7.50	88.10
31	2.45	1.90	7.58	88.07
32	2.50	1.83	7.62	88.05
33	2.67	1.86	7.86	87.61
34	2.66	1.84	7.99	87.50
35	2.76	1.83	8.28	87.13
36	2.68	1.74	8.21	87.37
37	2.73	1.71	8.30	87.26
38	2.92	1.79	8.65	86.63
39	3.02	1.78	8.81	86.39
40	2.97	1.75	8.74	86.54
41	3.10	1.78	8.92	86.19
42	3.21	1.84	9.12	85.83
43	3.15	1.81	9.00	86.04
44	3.14	1.75	8.90	86.21
45	3.20	1.84	8.99	85.97
46	3.23	1.79	8.97	86.01
47	3.19	1.87	9.15	85.79
48	3.24	1.82	8.96	85.98
49	3.36	1.81	9.09	85.74
50	3.45	1.84	9.18	85.54
51	3.55	1.85	9.21	85.38
52	3.64	1.93	9.36	85.07
53	3.64	1.86	9.21	85.29
54	3.70	1.91	9.21	85.18
55	2.67	1.59	8.95	86.79
56	2.88	1.51	7.88	87.73
57	3.35	1.64	8.40	86.60
58	3.72	1.76	8.83	85.69
59	3.84	1.83	9.01	85.33
60	3.97	1.88	9.09	85.07
61	4.05	1.87	9.10	84.98
62	4.19	1.94	9.33	84.53
63	4.13	1.84	9.22	84.80
64	4.16	1.85	9.21	84.78
65	4.27	1.91	9.41	84.42
66	4.31	1.94	9.47	84.28
67	4.28	1.97	9.60	84.15
68	4.19	1.87	9.41	84.53
69	4.30	1.78	9.26	84.66
70	4.38	1.78	9.24	84.59
71	4.40	1.74	9.20	84.66
72	4.37	1.69	9.04	84.90
73	4.42	1.70	9.06	84.82
74	4.40	1.65	9.00	84.95
75	4.48	1.70	9.17	84.65
76	4.43	1.66	9.11	84.80
77	4.48	1.69	9.24	84.60
78	4.48	1.66	9.15	84.72
79	4.53	1.67	9.26	84.53
80	4.49	1.62	9.17	84.73
81	4.57	1.61	9.18	84.64
82	4.63	1.59	9.19	84.59
83	4.66	1.61	9.15	84.58
84	4.78	1.62	9.21	84.40
85	4.86	1.63	9.19	84.32
86	5.00	1.67	9.30	84.03
87	5.14	1.69	9.42	83.75
88	5.30	1.69	9.40	83.61
89	5.42	1.67	9.30	83.61
90	5.63	1.70	9.37	83.30
91	5.85	1.71	9.42	83.02
92	6.12	1.75	9.54	82.59
93	6.41	1.74	9.54	82.30
94	6.66	1.69	9.39	82.25
95	7.08	1.72	9.53	81.66
96	7.47	1.69	9.56	81.27
97	7.82	1.53	9.27	81.38
98	8.24	1.44	9.22	81.10
99	8.61	1.37	9.24	80.78
100	8.94	1.50	9.08	80.49




