Parameters
	Library type	Paired-end
	Input files	KU330797-16_C_L004_R1_018.fastq	KU330797-16_C_L004_R2_018.fastq
	Primer/Adaptor library	Paired End DNA Library
	Cut-off read length for HQ	70%
	Cut-off quality score	20
	Only statistics	On
	Number of CPUs	2


QC statistics
	File name	KU330797-16_C_L004_R1_018.fastq	KU330797-16_C_L004_R2_018.fastq
	Total number of reads	4000000	4000000
	Total number of HQ reads	3769028	3769028
	Percentage of HQ reads	94.23%	94.23%
	Total number of bases	400000000	400000000
	Total number of bases in HQ reads	376902800	376902800
	Total number of HQ bases in HQ reads	371649565	371805257
	Percentage of HQ bases in HQ reads	98.61%	98.65%
	Number of Primer/Adaptor contaminated HQ reads	5	16
	Total number of HQ filtered reads	3769007	3769007
	Percentage of HQ filtered reads	94.23%	94.23%


Detailed QC statistics
	File name	KU330797-16_C_L004_R1_018.fastq	KU330797-16_C_L004_R2_018.fastq
	Minimum read length	100	100
	Maximum read length	100	100
	Average read length	100.00	100.00
	Total number of reads	4000000	4000000
	Total number of reads with non-ATGC bases	20430	20890
	Percentage of reads with non-ATGC bases	0.51%	0.52%
	Total number of bases	400000000	400000000
	Total number of HQ bases	388060341	385814644
	Percentage of HQ bases	97.02%	96.45%
	Total number of non-ATGC bases	225661	228366
	Percentage of non-ATGC bases	0.06%	0.06%


Average quality score at each base position of input reads

KU330797-16_C_L004_R1_018.fastq
32.57	32.80	32.86	36.30	36.19	36.18	36.16	36.17	37.92	37.91	37.88	37.88	37.84	39.32	39.33	39.30	39.26	39.20	39.26	39.24	39.22	39.18	39.14	39.11	39.05	38.99	38.91	38.87	38.82	38.71	38.65	38.59	38.53	38.44	38.41	38.32	38.26	38.19	38.12	38.03	37.93	38.12	38.08	38.09	38.05	38.01	37.94	37.87	37.81	37.90	37.91	37.86	37.79	37.79	37.71	37.62	37.50	37.42	37.30	37.21	37.10	37.01	36.83	36.67	36.58	36.44	36.27	36.10	35.86	35.59	35.41	35.21	34.97	34.42	34.43	33.20	33.79	34.01	33.95	33.84	33.69	33.51	33.27	33.09	32.89	32.69	32.52	32.37	32.22	32.05	31.90	31.79	31.61	31.48	31.32	31.06	30.91	30.71	30.51	29.17	

KU330797-16_C_L004_R2_018.fastq
36.49	36.63	36.66	36.70	31.51	32.04	32.28	35.76	35.79	35.81	35.81	35.80	37.44	37.44	37.40	37.37	37.37	38.84	38.77	38.75	38.72	38.72	38.74	38.70	38.68	38.65	38.61	38.60	38.55	38.51	38.46	38.38	38.35	38.30	38.24	38.18	38.15	38.01	37.95	37.92	37.89	37.84	37.77	37.73	37.66	37.52	37.63	37.67	37.63	37.56	37.52	37.43	37.44	37.38	36.33	36.75	37.05	37.20	37.21	37.12	37.04	36.94	36.77	36.68	36.58	36.47	36.35	36.35	36.32	36.22	36.12	36.01	35.85	35.67	35.53	35.34	35.17	34.99	34.70	34.53	34.31	34.13	33.91	33.71	33.50	33.30	33.16	32.95	32.77	32.57	32.37	32.23	32.07	31.92	31.77	31.61	31.45	31.22	31.10	30.91	





Read count (%) per base for different quality score ranges

	KU330797-16_C_L004_R1_018.fastq
Ranges	0-10	11-20	21-30	31-40
Base
1	0.14	0.27	7.34	92.25
2	0.08	0.27	6.82	92.83
3	0.07	0.23	6.66	93.04
4	0.06	0.20	1.96	97.77
5	0.11	0.28	2.50	97.10
6	0.09	0.33	2.54	97.03
7	0.11	0.36	2.63	96.90
8	0.10	0.33	2.55	97.02
9	0.11	0.34	2.62	96.93
10	0.11	0.35	2.63	96.92
11	0.12	0.37	2.70	96.80
12	0.12	0.36	2.69	96.83
13	0.13	0.38	2.82	96.67
14	0.31	0.89	4.94	93.86
15	0.30	0.85	4.83	94.01
16	0.32	0.87	4.94	93.87
17	0.36	0.91	5.02	93.71
18	0.37	0.97	5.15	93.51
19	0.38	0.95	5.12	93.56
20	0.40	0.93	5.12	93.55
21	0.41	0.91	5.07	93.60
22	0.44	0.92	5.15	93.48
23	0.46	0.94	5.20	93.40
24	0.53	0.99	5.39	93.09
25	0.58	1.00	5.48	92.94
26	0.79	1.04	5.40	92.76
27	0.91	1.10	5.55	92.44
28	0.94	1.09	5.59	92.38
29	1.02	1.08	5.68	92.21
30	1.10	1.11	5.93	91.85
31	1.15	1.10	6.10	91.65
32	1.19	1.11	6.21	91.49
33	1.24	1.11	6.36	91.29
34	1.31	1.15	6.59	90.95
35	1.31	1.13	6.57	90.99
36	1.41	1.17	6.74	90.68
37	1.41	1.16	6.77	90.66
38	1.46	1.17	6.82	90.55
39	1.52	1.18	6.85	90.45
40	1.56	1.22	6.98	90.24
41	1.64	1.23	7.05	90.09
42	1.64	1.22	7.11	90.02
43	1.78	1.29	7.31	89.63
44	1.81	1.28	7.24	89.68
45	1.88	1.31	7.24	89.58
46	1.92	1.30	7.26	89.52
47	1.99	1.34	7.30	89.36
48	2.04	1.37	7.40	89.19
49	2.10	1.38	7.40	89.12
50	2.06	1.33	7.33	89.28
51	2.17	1.31	7.28	89.24
52	2.27	1.35	7.33	89.05
53	2.34	1.36	7.39	88.91
54	2.35	1.32	7.23	89.09
55	2.43	1.34	7.31	88.92
56	2.49	1.34	7.32	88.84
57	2.58	1.39	7.42	88.60
58	2.63	1.40	7.44	88.53
59	2.69	1.39	7.56	88.37
60	2.72	1.37	7.56	88.35
61	2.77	1.38	7.57	88.27
62	2.80	1.35	7.56	88.29
63	2.91	1.42	7.73	87.94
64	2.98	1.44	7.92	87.66
65	2.95	1.38	7.86	87.80
66	3.03	1.37	7.86	87.75
67	3.11	1.39	7.93	87.57
68	3.17	1.40	8.03	87.41
69	3.31	1.44	8.22	87.03
70	3.48	1.50	8.50	86.52
71	3.53	1.50	8.59	86.38
72	3.61	1.52	8.75	86.12
73	3.80	1.50	8.77	85.93
74	4.00	1.75	9.91	84.34
75	3.82	1.76	9.31	85.10
76	3.64	1.98	13.24	81.14
77	3.61	1.56	10.22	84.62
78	3.74	1.43	9.11	85.72
79	3.87	1.45	8.83	85.85
80	3.93	1.43	8.63	86.01
81	4.01	1.41	8.54	86.04
82	4.10	1.43	8.50	85.97
83	4.26	1.51	8.77	85.47
84	4.38	1.52	8.81	85.29
85	4.53	1.61	8.99	84.88
86	4.69	1.65	9.18	84.48
87	4.88	1.70	9.29	84.14
88	5.04	1.71	9.35	83.89
89	5.23	1.73	9.40	83.65
90	5.47	1.79	9.52	83.22
91	5.71	1.79	9.61	82.89
92	5.93	1.76	9.50	82.81
93	6.28	1.80	9.67	82.25
94	6.58	1.75	9.66	82.01
95	6.97	1.68	9.62	81.72
96	7.55	1.75	9.96	80.74
97	8.04	1.61	9.80	80.55
98	8.61	1.49	9.75	80.15
99	9.27	1.37	9.56	79.79
100	10.30	2.95	15.74	71.01


	KU330797-16_C_L004_R2_018.fastq
Ranges	0-10	11-20	21-30	31-40
Base
1	0.79	0.27	0.24	98.70
2	0.85	0.22	0.18	98.75
3	0.79	0.20	0.15	98.86
4	0.67	0.23	0.14	98.96
5	1.14	0.97	12.72	85.17
6	0.89	0.79	9.60	88.73
7	0.82	0.70	8.78	89.70
8	0.82	0.71	3.39	95.08
9	0.77	0.72	3.31	95.20
10	0.68	0.77	3.29	95.25
11	0.71	0.75	3.25	95.29
12	0.73	0.74	3.25	95.27
13	0.82	0.76	3.36	95.05
14	0.85	0.74	3.31	95.10
15	0.92	0.75	3.38	94.95
16	0.94	0.78	3.39	94.89
17	0.93	0.79	3.39	94.89
18	1.90	1.77	5.84	90.48
19	1.98	1.82	6.01	90.19
20	2.00	1.73	6.00	90.27
21	1.92	1.84	6.00	90.24
22	1.93	1.80	5.98	90.29
23	2.05	1.76	6.24	89.96
24	2.13	1.74	6.23	89.89
25	2.12	1.75	6.21	89.93
26	2.15	1.70	6.19	89.96
27	2.20	1.67	6.25	89.88
28	2.32	1.74	6.51	89.42
29	2.38	1.71	6.59	89.32
30	2.41	1.65	6.62	89.33
31	2.46	1.62	6.68	89.23
32	2.56	1.61	6.85	88.98
33	2.59	1.57	6.86	88.98
34	2.62	1.54	7.01	88.83
35	2.70	1.52	7.19	88.59
36	2.72	1.51	7.31	88.45
37	2.76	1.50	7.41	88.33
38	2.92	1.53	7.68	87.87
39	2.99	1.53	7.78	87.70
40	3.02	1.52	7.78	87.69
41	3.03	1.51	7.73	87.74
42	3.11	1.47	7.78	87.64
43	3.17	1.53	7.83	87.47
44	3.15	1.53	7.81	87.51
45	3.13	1.58	7.82	87.47
46	3.28	1.59	8.04	87.09
47	3.26	1.69	8.21	86.84
48	3.29	1.64	8.10	86.96
49	3.41	1.59	8.12	86.88
50	3.53	1.66	8.19	86.63
51	3.54	1.65	8.19	86.62
52	3.61	1.68	8.31	86.41
53	3.65	1.61	8.14	86.60
54	3.68	1.64	8.11	86.57
55	2.65	1.34	7.60	88.41
56	2.84	1.28	6.83	89.05
57	3.33	1.44	7.31	87.92
58	3.69	1.53	7.73	87.05
59	3.84	1.57	7.94	86.64
60	3.96	1.63	8.09	86.31
61	4.03	1.65	8.18	86.14
62	4.08	1.67	8.19	86.06
63	4.23	1.70	8.42	85.65
64	4.21	1.73	8.48	85.58
65	4.18	1.71	8.50	85.60
66	4.21	1.68	8.50	85.61
67	4.18	1.71	8.57	85.55
68	4.19	1.68	8.55	85.58
69	4.27	1.60	8.32	85.80
70	4.33	1.57	8.27	85.84
71	4.34	1.54	8.19	85.93
72	4.32	1.48	8.07	86.12
73	4.37	1.48	8.05	86.10
74	4.37	1.49	8.15	85.99
75	4.32	1.47	8.07	86.14
76	4.33	1.45	8.09	86.12
77	4.29	1.42	8.02	86.27
78	4.30	1.40	7.97	86.33
79	4.40	1.49	8.27	85.84
80	4.38	1.45	8.28	85.88
81	4.43	1.46	8.34	85.76
82	4.46	1.42	8.22	85.90
83	4.52	1.46	8.30	85.72
84	4.58	1.47	8.33	85.62
85	4.69	1.50	8.40	85.41
86	4.80	1.51	8.48	85.21
87	4.84	1.47	8.38	85.31
88	5.01	1.51	8.45	85.03
89	5.16	1.54	8.52	84.78
90	5.37	1.58	8.65	84.41
91	5.58	1.64	8.83	83.96
92	5.76	1.59	8.82	83.83
93	6.02	1.58	8.82	83.57
94	6.28	1.56	8.74	83.42
95	6.58	1.52	8.69	83.21
96	6.95	1.47	8.63	82.95
97	7.36	1.41	8.55	82.69
98	7.81	1.42	8.84	81.93
99	8.17	1.28	8.77	81.77
100	8.54	1.48	8.83	81.16




