Parameters
	Library type	Paired-end
	Input files	KU330797-16_C_L004_R1_009.fastq	KU330797-16_C_L004_R2_009.fastq
	Primer/Adaptor library	Paired End DNA Library
	Cut-off read length for HQ	70%
	Cut-off quality score	20
	Only statistics	On
	Number of CPUs	2


QC statistics
	File name	KU330797-16_C_L004_R1_009.fastq	KU330797-16_C_L004_R2_009.fastq
	Total number of reads	4000000	4000000
	Total number of HQ reads	3752130	3752130
	Percentage of HQ reads	93.80%	93.80%
	Total number of bases	400000000	400000000
	Total number of bases in HQ reads	375213000	375213000
	Total number of HQ bases in HQ reads	370285906	370422325
	Percentage of HQ bases in HQ reads	98.69%	98.72%
	Number of Primer/Adaptor contaminated HQ reads	6	14
	Total number of HQ filtered reads	3752110	3752110
	Percentage of HQ filtered reads	93.80%	93.80%


Detailed QC statistics
	File name	KU330797-16_C_L004_R1_009.fastq	KU330797-16_C_L004_R2_009.fastq
	Minimum read length	100	100
	Maximum read length	100	100
	Average read length	100.00	100.00
	Total number of reads	4000000	4000000
	Total number of reads with non-ATGC bases	30708	32432
	Percentage of reads with non-ATGC bases	0.77%	0.81%
	Total number of bases	400000000	400000000
	Total number of HQ bases	388121192	385331827
	Percentage of HQ bases	97.03%	96.33%
	Total number of non-ATGC bases	391998	446107
	Percentage of non-ATGC bases	0.10%	0.11%


Average quality score at each base position of input reads

KU330797-16_C_L004_R1_009.fastq
32.72	32.95	33.01	36.40	36.32	36.30	36.30	36.30	38.10	38.07	38.03	38.04	38.02	39.56	39.54	39.50	39.48	39.46	39.48	39.45	39.40	39.34	39.30	39.28	39.26	39.17	39.12	39.05	38.98	38.90	38.84	38.75	38.70	38.65	38.52	38.47	38.37	38.25	38.16	38.11	38.05	38.20	38.22	38.21	38.16	38.08	38.02	37.92	37.87	37.98	38.01	37.97	37.95	37.86	37.80	37.72	37.65	37.52	37.39	37.24	37.17	37.03	36.90	36.74	36.59	36.39	36.26	36.10	35.88	35.59	35.42	35.21	34.91	34.38	34.42	33.29	33.85	34.08	34.00	33.89	33.75	33.58	33.35	33.09	32.91	32.73	32.55	32.41	32.24	32.11	31.91	31.78	31.61	31.46	31.27	31.11	30.91	30.72	30.48	29.05	

KU330797-16_C_L004_R2_009.fastq
36.35	36.56	36.57	36.61	32.15	32.45	32.58	35.94	35.94	35.95	35.93	35.89	37.60	37.55	37.52	37.51	37.48	39.00	38.95	38.92	38.94	38.89	38.94	38.91	38.89	38.85	38.78	38.77	38.71	38.65	38.63	38.56	38.52	38.47	38.39	38.29	38.26	38.18	38.10	38.04	37.99	37.90	37.85	37.77	37.69	37.62	37.74	37.71	37.72	37.68	37.59	37.55	37.45	37.36	36.33	36.75	37.10	37.21	37.22	37.15	37.03	36.91	36.82	36.72	36.59	36.38	36.24	36.34	36.33	36.23	36.17	36.04	35.89	35.76	35.58	35.37	35.18	35.00	34.80	34.56	34.34	34.13	33.92	33.71	33.47	33.23	33.07	32.84	32.71	32.55	32.39	32.20	32.02	31.87	31.69	31.54	31.35	31.18	31.02	30.85	





Read count (%) per base for different quality score ranges

	KU330797-16_C_L004_R1_009.fastq
Ranges	0-10	11-20	21-30	31-40
Base
1	0.16	0.23	6.10	93.51
2	0.06	0.27	5.65	94.02
3	0.06	0.18	5.61	94.15
4	0.05	0.17	1.62	98.16
5	0.08	0.22	1.99	97.70
6	0.08	0.28	2.10	97.54
7	0.08	0.27	2.11	97.54
8	0.08	0.27	2.08	97.57
9	0.08	0.27	2.09	97.57
10	0.09	0.28	2.17	97.45
11	0.10	0.30	2.27	97.33
12	0.10	0.29	2.23	97.38
13	0.10	0.30	2.27	97.32
14	0.24	0.72	4.32	94.72
15	0.26	0.74	4.36	94.63
16	0.33	0.75	4.41	94.50
17	0.30	0.83	4.46	94.41
18	0.31	0.79	4.48	94.42
19	0.33	0.82	4.56	94.29
20	0.36	0.82	4.62	94.20
21	0.40	0.84	4.74	94.01
22	0.45	0.87	4.78	93.90
23	0.48	0.89	4.81	93.82
24	0.53	0.89	4.97	93.61
25	0.56	0.85	4.90	93.69
26	0.79	0.94	4.95	93.32
27	0.86	0.95	4.93	93.26
28	0.92	0.97	5.09	93.02
29	1.02	0.99	5.20	92.79
30	1.08	0.97	5.36	92.59
31	1.15	0.97	5.49	92.39
32	1.22	1.01	5.66	92.10
33	1.25	0.99	5.76	92.00
34	1.28	0.97	5.74	92.01
35	1.37	1.07	6.10	91.47
36	1.39	1.03	6.13	91.44
37	1.48	1.07	6.21	91.23
38	1.56	1.13	6.47	90.84
39	1.62	1.14	6.53	90.71
40	1.62	1.12	6.48	90.78
41	1.67	1.13	6.42	90.79
42	1.76	1.15	6.61	90.48
43	1.82	1.15	6.61	90.42
44	1.90	1.14	6.56	90.41
45	2.00	1.20	6.61	90.20
46	2.07	1.22	6.74	89.97
47	2.11	1.22	6.73	89.94
48	2.20	1.28	6.86	89.66
49	2.26	1.29	6.89	89.55
50	2.23	1.25	6.81	89.71
51	2.35	1.21	6.68	89.77
52	2.44	1.24	6.72	89.60
53	2.50	1.23	6.65	89.61
54	2.59	1.25	6.74	89.43
55	2.63	1.24	6.76	89.37
56	2.68	1.24	6.77	89.31
57	2.73	1.22	6.70	89.35
58	2.78	1.25	6.86	89.11
59	2.87	1.26	7.00	88.87
60	2.91	1.30	7.13	88.66
61	2.95	1.28	7.03	88.74
62	3.03	1.30	7.17	88.50
63	3.07	1.31	7.25	88.37
64	3.13	1.32	7.38	88.17
65	3.18	1.34	7.47	88.02
66	3.29	1.38	7.71	87.62
67	3.31	1.37	7.71	87.61
68	3.33	1.36	7.75	87.57
69	3.43	1.39	7.92	87.26
70	3.69	1.43	8.12	86.76
71	3.76	1.40	8.18	86.65
72	3.83	1.44	8.33	86.39
73	4.15	1.44	8.44	85.98
74	4.22	1.74	9.65	84.39
75	4.01	1.73	9.00	85.26
76	3.73	1.83	12.52	81.92
77	3.75	1.40	9.57	85.28
78	3.86	1.30	8.47	86.36
79	4.00	1.35	8.27	86.38
80	4.05	1.32	8.09	86.53
81	4.09	1.30	7.95	86.66
82	4.18	1.30	7.88	86.64
83	4.33	1.36	8.09	86.22
84	4.54	1.44	8.40	85.62
85	4.62	1.52	8.56	85.31
86	4.76	1.56	8.70	84.98
87	4.93	1.59	8.93	84.54
88	5.08	1.59	8.93	84.41
89	5.28	1.64	9.15	83.93
90	5.45	1.64	9.12	83.79
91	5.74	1.72	9.39	83.15
92	5.99	1.71	9.41	82.90
93	6.29	1.75	9.58	82.38
94	6.61	1.73	9.64	82.02
95	7.04	1.74	9.76	81.46
96	7.46	1.66	9.74	81.14
97	7.98	1.58	9.81	80.62
98	8.55	1.46	9.78	80.20
99	9.26	1.39	9.69	79.66
100	10.37	3.06	16.48	70.09


	KU330797-16_C_L004_R2_009.fastq
Ranges	0-10	11-20	21-30	31-40
Base
1	1.02	0.29	0.24	98.46
2	1.06	0.26	0.18	98.49
3	1.01	0.24	0.17	98.57
4	0.90	0.27	0.14	98.69
5	0.95	0.63	8.71	89.72
6	0.84	0.62	7.37	91.17
7	0.77	0.58	7.01	91.64
8	0.79	0.57	2.78	95.87
9	0.78	0.58	2.75	95.90
10	0.72	0.63	2.69	95.97
11	0.75	0.64	2.75	95.85
12	0.80	0.66	2.84	95.70
13	0.86	0.67	2.83	95.64
14	0.91	0.69	2.90	95.50
15	0.97	0.69	2.94	95.40
16	1.02	0.68	2.90	95.40
17	1.01	0.73	2.95	95.31
18	2.23	1.74	5.49	90.53
19	2.29	1.77	5.60	90.34
20	2.36	1.65	5.60	90.38
21	2.27	1.66	5.48	90.60
22	2.29	1.75	5.60	90.35
23	2.37	1.66	5.65	90.32
24	2.43	1.62	5.73	90.22
25	2.46	1.57	5.67	90.30
26	2.51	1.56	5.69	90.24
27	2.58	1.57	5.82	90.04
28	2.73	1.60	6.03	89.64
29	2.79	1.59	6.10	89.52
30	2.83	1.56	6.17	89.44
31	2.85	1.49	6.12	89.54
32	2.94	1.49	6.26	89.31
33	2.96	1.44	6.30	89.30
34	3.02	1.40	6.39	89.19
35	3.08	1.43	6.61	88.89
36	3.14	1.45	6.82	88.59
37	3.16	1.41	6.85	88.58
38	3.23	1.42	7.01	88.34
39	3.36	1.43	7.12	88.09
40	3.42	1.42	7.16	88.00
41	3.46	1.41	7.21	87.92
42	3.54	1.42	7.27	87.77
43	3.61	1.41	7.26	87.72
44	3.57	1.51	7.30	87.62
45	3.60	1.50	7.40	87.51
46	3.64	1.51	7.43	87.41
47	3.65	1.54	7.55	87.26
48	3.80	1.54	7.51	87.14
49	3.85	1.48	7.49	87.19
50	3.92	1.48	7.43	87.18
51	4.01	1.49	7.50	86.99
52	4.03	1.50	7.53	86.94
53	4.17	1.54	7.64	86.66
54	4.18	1.57	7.69	86.56
55	2.92	1.24	7.01	88.83
56	3.17	1.19	6.28	89.36
57	3.64	1.27	6.59	88.50
58	4.08	1.43	7.11	87.39
59	4.30	1.46	7.34	86.90
60	4.43	1.48	7.47	86.61
61	4.49	1.55	7.57	86.40
62	4.58	1.57	7.69	86.17
63	4.62	1.54	7.74	86.10
64	4.62	1.55	7.79	86.04
65	4.65	1.55	7.85	85.95
66	4.69	1.66	8.14	85.50
67	4.66	1.69	8.19	85.46
68	4.65	1.59	8.03	85.72
69	4.75	1.50	7.81	85.94
70	4.83	1.49	7.75	85.94
71	4.78	1.40	7.60	86.21
72	4.80	1.37	7.48	86.34
73	4.78	1.37	7.46	86.39
74	4.74	1.32	7.36	86.58
75	4.73	1.31	7.41	86.55
76	4.74	1.34	7.45	86.47
77	4.71	1.32	7.46	86.50
78	4.71	1.29	7.46	86.54
79	4.71	1.29	7.46	86.54
80	4.75	1.32	7.59	86.34
81	4.77	1.33	7.65	86.25
82	4.82	1.32	7.68	86.17
83	4.85	1.35	7.65	86.14
84	4.92	1.37	7.75	85.96
85	5.02	1.40	7.96	85.61
86	5.16	1.47	8.14	85.24
87	5.23	1.45	8.10	85.21
88	5.41	1.51	8.32	84.77
89	5.49	1.48	8.24	84.80
90	5.64	1.47	8.18	84.72
91	5.82	1.47	8.20	84.51
92	6.04	1.50	8.35	84.11
93	6.30	1.52	8.44	83.74
94	6.56	1.49	8.46	83.49
95	6.89	1.49	8.52	83.10
96	7.23	1.44	8.48	82.86
97	7.63	1.41	8.54	82.41
98	8.05	1.36	8.58	82.01
99	8.43	1.30	8.65	81.62
100	8.78	1.43	8.63	81.16




