Parameters
	Library type	Paired-end
	Input files	KU330797-16_C_L004_R1_013.fastq	KU330797-16_C_L004_R2_013.fastq
	Primer/Adaptor library	Paired End DNA Library
	Cut-off read length for HQ	70%
	Cut-off quality score	20
	Only statistics	On
	Number of CPUs	2


QC statistics
	File name	KU330797-16_C_L004_R1_013.fastq	KU330797-16_C_L004_R2_013.fastq
	Total number of reads	4000000	4000000
	Total number of HQ reads	3764696	3764696
	Percentage of HQ reads	94.12%	94.12%
	Total number of bases	400000000	400000000
	Total number of bases in HQ reads	376469600	376469600
	Total number of HQ bases in HQ reads	371117841	370829790
	Percentage of HQ bases in HQ reads	98.58%	98.50%
	Number of Primer/Adaptor contaminated HQ reads	9	8
	Total number of HQ filtered reads	3764679	3764679
	Percentage of HQ filtered reads	94.12%	94.12%


Detailed QC statistics
	File name	KU330797-16_C_L004_R1_013.fastq	KU330797-16_C_L004_R2_013.fastq
	Minimum read length	100	100
	Maximum read length	100	100
	Average read length	100.00	100.00
	Total number of reads	4000000	4000000
	Total number of reads with non-ATGC bases	26186	29007
	Percentage of reads with non-ATGC bases	0.65%	0.73%
	Total number of bases	400000000	400000000
	Total number of HQ bases	388108348	384622903
	Percentage of HQ bases	97.03%	96.16%
	Total number of non-ATGC bases	362423	324033
	Percentage of non-ATGC bases	0.09%	0.08%


Average quality score at each base position of input reads

KU330797-16_C_L004_R1_013.fastq
32.43	32.66	32.74	36.19	36.10	36.09	36.06	36.07	37.77	37.77	37.77	37.74	37.74	39.18	39.15	39.03	39.11	39.07	39.12	39.06	38.99	38.99	38.95	38.94	38.87	38.83	38.72	38.68	38.65	38.56	38.51	38.40	38.39	38.30	38.21	38.05	38.07	38.01	37.91	37.81	37.75	38.00	37.97	37.97	37.98	37.90	37.85	37.75	37.74	37.75	37.76	37.74	37.70	37.65	37.60	37.52	37.40	37.26	37.16	37.00	36.93	36.78	36.69	36.54	36.39	36.25	36.16	35.99	35.75	35.49	35.28	35.07	34.81	34.20	34.25	33.06	33.64	33.89	33.87	33.79	33.60	33.40	33.21	32.96	32.83	32.68	32.51	32.38	32.17	32.01	31.88	31.72	31.55	31.38	31.15	31.01	30.82	30.62	30.38	28.86	

KU330797-16_C_L004_R2_013.fastq
36.44	36.59	36.61	36.64	31.70	32.03	32.11	35.59	35.58	35.57	35.59	35.53	37.18	37.19	37.15	37.10	37.11	38.48	38.45	38.42	38.38	38.38	38.47	38.47	38.42	38.35	38.29	38.30	38.21	38.20	38.19	38.11	38.09	38.03	37.99	37.88	37.85	37.78	37.68	37.64	37.57	37.48	37.43	37.41	37.33	37.24	37.44	37.44	37.44	37.32	37.31	37.27	37.10	37.10	35.94	36.43	36.81	36.90	36.94	36.90	36.74	36.60	36.53	36.50	36.33	36.24	36.14	36.16	36.09	36.02	35.92	35.78	35.63	35.51	35.35	35.15	34.91	34.73	34.52	34.34	34.08	33.82	33.65	33.48	33.27	33.13	32.94	32.74	32.58	32.37	32.19	32.03	31.86	31.73	31.52	31.37	31.21	31.10	30.94	30.77	





Read count (%) per base for different quality score ranges

	KU330797-16_C_L004_R1_013.fastq
Ranges	0-10	11-20	21-30	31-40
Base
1	0.13	0.30	8.48	91.09
2	0.08	0.29	7.87	91.76
3	0.08	0.25	7.56	92.12
4	0.08	0.25	2.39	97.28
5	0.13	0.32	2.85	96.70
6	0.11	0.38	2.88	96.64
7	0.12	0.41	3.05	96.42
8	0.11	0.39	2.93	96.56
9	0.13	0.41	3.06	96.40
10	0.13	0.40	3.06	96.41
11	0.13	0.39	3.03	96.45
12	0.14	0.42	3.13	96.32
13	0.13	0.41	3.13	96.33
14	0.30	0.90	5.18	93.62
15	0.32	0.92	5.22	93.54
16	0.41	1.03	5.50	93.06
17	0.34	0.95	5.12	93.59
18	0.36	0.95	5.34	93.34
19	0.37	0.96	5.35	93.31
20	0.40	1.00	5.51	93.08
21	0.44	1.03	5.63	92.90
22	0.45	1.01	5.53	93.01
23	0.48	1.01	5.60	92.91
24	0.51	1.01	5.74	92.74
25	0.58	1.06	5.89	92.47
26	0.77	1.09	5.72	92.42
27	0.87	1.18	5.97	91.98
28	0.92	1.16	5.99	91.94
29	0.96	1.12	6.07	91.84
30	1.05	1.15	6.27	91.54
31	1.09	1.14	6.34	91.43
32	1.15	1.17	6.64	91.03
33	1.16	1.13	6.55	91.16
34	1.22	1.17	6.85	90.76
35	1.28	1.20	7.06	90.47
36	1.40	1.29	7.37	89.94
37	1.33	1.22	7.23	90.22
38	1.39	1.22	7.21	90.18
39	1.44	1.26	7.41	89.89
40	1.51	1.28	7.50	89.71
41	1.53	1.30	7.49	89.68
42	1.50	1.25	7.50	89.75
43	1.60	1.31	7.64	89.45
44	1.67	1.32	7.61	89.40
45	1.69	1.32	7.50	89.48
46	1.77	1.34	7.70	89.18
47	1.81	1.36	7.68	89.15
48	1.88	1.42	7.87	88.83
49	1.90	1.40	7.75	88.95
50	1.92	1.41	7.82	88.86
51	1.97	1.37	7.74	88.91
52	2.05	1.39	7.70	88.86
53	2.08	1.38	7.69	88.85
54	2.13	1.37	7.68	88.82
55	2.15	1.36	7.63	88.86
56	2.21	1.37	7.65	88.76
57	2.28	1.40	7.79	88.53
58	2.37	1.45	7.94	88.24
59	2.41	1.44	8.02	88.13
60	2.47	1.48	8.19	87.86
61	2.51	1.45	8.11	87.92
62	2.59	1.50	8.28	87.64
63	2.61	1.47	8.26	87.67
64	2.66	1.48	8.36	87.50
65	2.74	1.51	8.46	87.29
66	2.78	1.50	8.55	87.17
67	2.78	1.46	8.44	87.31
68	2.86	1.47	8.50	87.17
69	2.99	1.52	8.77	86.72
70	3.23	1.56	8.99	86.23
71	3.33	1.56	9.12	85.99
72	3.41	1.59	9.31	85.69
73	3.67	1.57	9.40	85.36
74	3.73	2.11	10.94	83.22
75	3.68	1.85	10.27	84.20
76	3.43	1.98	14.47	80.11
77	3.45	1.62	11.11	83.82
78	3.56	1.52	9.87	85.05
79	3.65	1.50	9.47	85.38
80	3.70	1.45	9.11	85.75
81	3.81	1.50	9.18	85.50
82	3.94	1.54	9.31	85.22
83	4.06	1.58	9.36	85.01
84	4.30	1.67	9.62	84.42
85	4.32	1.68	9.60	84.40
86	4.46	1.69	9.65	84.20
87	4.62	1.73	9.82	83.84
88	4.76	1.71	9.78	83.74
89	5.02	1.82	10.09	83.07
90	5.25	1.83	10.17	82.75
91	5.48	1.83	10.20	82.49
92	5.78	1.84	10.24	82.14
93	6.13	1.86	10.34	81.67
94	6.50	1.87	10.42	81.21
95	6.98	1.91	10.70	80.40
96	7.42	1.80	10.52	80.27
97	7.98	1.70	10.45	79.88
98	8.58	1.56	10.42	79.44
99	9.31	1.47	10.28	78.95
100	10.47	3.36	17.60	68.56


	KU330797-16_C_L004_R2_013.fastq
Ranges	0-10	11-20	21-30	31-40
Base
1	0.94	0.21	0.23	98.62
2	0.98	0.19	0.16	98.67
3	0.94	0.18	0.15	98.73
4	0.84	0.20	0.15	98.82
5	1.28	0.94	12.05	85.73
6	1.03	0.94	10.26	87.78
7	1.03	0.89	10.15	87.92
8	0.96	0.85	3.94	94.25
9	0.98	0.85	4.01	94.16
10	0.89	0.99	4.02	94.10
11	0.87	0.97	3.92	94.24
12	0.94	1.02	4.10	93.94
13	0.96	0.99	4.03	94.03
14	0.97	0.95	3.96	94.12
15	1.04	0.96	4.03	93.97
16	1.10	1.00	4.14	93.77
17	1.06	1.01	4.08	93.85
18	2.05	2.10	6.64	89.21
19	2.05	2.11	6.63	89.22
20	2.10	2.03	6.73	89.14
21	2.08	2.10	6.80	89.01
22	2.07	2.10	6.74	89.10
23	2.10	2.03	6.78	89.08
24	2.12	1.94	6.76	89.17
25	2.17	1.95	6.86	89.02
26	2.23	1.96	6.93	88.89
27	2.28	1.94	6.96	88.83
28	2.39	1.96	7.22	88.43
29	2.47	2.00	7.41	88.13
30	2.48	1.90	7.31	88.31
31	2.50	1.84	7.32	88.35
32	2.62	1.82	7.52	88.05
33	2.63	1.75	7.49	88.14
34	2.70	1.73	7.69	87.89
35	2.71	1.71	7.79	87.79
36	2.86	1.73	8.14	87.28
37	2.85	1.71	8.24	87.21
38	2.91	1.72	8.39	86.98
39	3.05	1.73	8.55	86.66
40	3.07	1.71	8.57	86.65
41	3.14	1.76	8.70	86.41
42	3.24	1.76	8.80	86.21
43	3.30	1.79	8.83	86.09
44	3.23	1.79	8.79	86.19
45	3.29	1.81	8.79	86.11
46	3.33	1.87	8.94	85.86
47	3.22	1.81	8.96	86.01
48	3.38	1.79	8.88	85.95
49	3.43	1.76	8.87	85.95
50	3.60	1.84	9.02	85.54
51	3.56	1.78	8.92	85.73
52	3.62	1.80	8.90	85.68
53	3.81	1.89	9.20	85.10
54	3.76	1.83	9.01	85.39
55	2.77	1.59	8.83	86.81
56	2.93	1.48	7.74	87.84
57	3.38	1.59	8.08	86.96
58	3.79	1.77	8.69	85.75
59	3.95	1.79	8.79	85.47
60	4.07	1.79	8.85	85.28
61	4.19	1.89	9.13	84.79
62	4.27	1.94	9.24	84.55
63	4.31	1.90	9.27	84.52
64	4.26	1.85	9.13	84.76
65	4.40	1.89	9.31	84.40
66	4.34	1.91	9.30	84.46
67	4.31	1.89	9.30	84.50
68	4.29	1.82	9.18	84.72
69	4.34	1.74	9.07	84.84
70	4.42	1.69	8.87	85.03
71	4.41	1.64	8.79	85.15
72	4.42	1.62	8.79	85.17
73	4.43	1.61	8.75	85.20
74	4.41	1.56	8.66	85.38
75	4.42	1.55	8.62	85.42
76	4.45	1.54	8.70	85.31
77	4.50	1.59	8.89	85.03
78	4.50	1.56	8.87	85.06
79	4.53	1.58	8.92	84.97
80	4.54	1.56	8.87	85.03
81	4.64	1.61	9.06	84.70
82	4.78	1.64	9.25	84.32
83	4.77	1.67	9.18	84.39
84	4.82	1.63	9.18	84.37
85	4.91	1.65	9.23	84.20
86	4.97	1.62	9.12	84.30
87	5.10	1.62	9.17	84.12
88	5.24	1.65	9.23	83.87
89	5.40	1.65	9.22	83.72
90	5.62	1.71	9.35	83.32
91	5.82	1.73	9.44	83.00
92	6.04	1.72	9.49	82.75
93	6.33	1.73	9.50	82.44
94	6.58	1.69	9.34	82.40
95	6.97	1.71	9.51	81.81
96	7.33	1.64	9.45	81.58
97	7.73	1.57	9.39	81.32
98	8.10	1.40	9.13	81.37
99	8.48	1.35	9.12	81.04
100	8.82	1.54	9.13	80.51




