Parameters
	Library type	Paired-end
	Input files	KU330797-16_C_L004_R1_015.fastq	KU330797-16_C_L004_R2_015.fastq
	Primer/Adaptor library	Paired End DNA Library
	Cut-off read length for HQ	70%
	Cut-off quality score	20
	Only statistics	On
	Number of CPUs	2


QC statistics
	File name	KU330797-16_C_L004_R1_015.fastq	KU330797-16_C_L004_R2_015.fastq
	Total number of reads	4000000	4000000
	Total number of HQ reads	3722040	3722040
	Percentage of HQ reads	93.05%	93.05%
	Total number of bases	400000000	400000000
	Total number of bases in HQ reads	372204000	372204000
	Total number of HQ bases in HQ reads	365960655	364648229
	Percentage of HQ bases in HQ reads	98.32%	97.97%
	Number of Primer/Adaptor contaminated HQ reads	6	13
	Total number of HQ filtered reads	3722021	3722021
	Percentage of HQ filtered reads	93.05%	93.05%


Detailed QC statistics
	File name	KU330797-16_C_L004_R1_015.fastq	KU330797-16_C_L004_R2_015.fastq
	Minimum read length	100	100
	Maximum read length	100	100
	Average read length	100.00	100.00
	Total number of reads	4000000	4000000
	Total number of reads with non-ATGC bases	25200	28867
	Percentage of reads with non-ATGC bases	0.63%	0.72%
	Total number of bases	400000000	400000000
	Total number of HQ bases	386283532	380408018
	Percentage of HQ bases	96.57%	95.10%
	Total number of non-ATGC bases	373085	230450
	Percentage of non-ATGC bases	0.09%	0.06%


Average quality score at each base position of input reads

KU330797-16_C_L004_R1_015.fastq
32.14	32.42	32.44	35.98	35.90	35.86	35.82	35.86	37.52	37.53	37.48	37.40	37.38	38.76	38.78	38.70	38.77	38.66	38.68	38.69	38.60	38.48	38.50	38.52	38.51	38.42	38.31	38.22	38.27	38.13	38.03	38.01	37.91	37.86	37.83	37.69	37.68	37.53	37.46	37.36	37.26	37.57	37.60	37.60	37.60	37.57	37.39	37.38	37.27	37.36	37.43	37.37	37.21	37.16	37.16	37.07	36.97	36.77	36.66	36.56	36.35	36.29	36.17	36.01	35.89	35.69	35.47	35.25	35.10	34.95	34.73	34.55	34.28	33.73	33.71	32.53	33.12	33.45	33.42	33.36	33.24	33.07	32.73	32.46	32.34	32.14	32.00	31.82	31.69	31.48	31.32	31.09	30.96	30.82	30.65	30.38	30.25	30.02	29.76	28.04	

KU330797-16_C_L004_R2_015.fastq
36.37	36.57	36.62	36.65	30.89	31.33	31.54	35.09	35.12	35.10	35.09	35.05	36.57	36.70	36.64	36.62	36.68	37.85	37.78	37.84	37.85	37.76	37.86	37.81	37.62	37.67	37.34	37.50	37.52	37.44	37.42	37.44	37.39	37.37	37.36	37.29	37.15	37.19	37.07	37.01	36.82	36.71	36.79	36.64	36.62	36.61	36.71	36.59	36.59	36.59	36.61	36.51	36.45	36.42	35.37	35.76	36.00	36.17	36.17	36.09	36.16	36.16	36.03	35.86	35.73	35.65	35.30	35.36	35.32	35.20	35.00	34.84	34.63	34.66	34.47	34.27	34.06	33.83	33.50	33.47	33.33	33.18	32.97	32.84	32.50	32.24	31.84	31.90	31.67	31.54	31.44	31.14	30.94	30.78	30.43	30.32	30.23	30.01	29.81	29.61	





Read count (%) per base for different quality score ranges

	KU330797-16_C_L004_R1_015.fastq
Ranges	0-10	11-20	21-30	31-40
Base
1	0.17	0.37	10.79	88.67
2	0.10	0.32	9.74	89.83
3	0.12	0.34	9.87	89.66
4	0.12	0.32	3.13	96.43
5	0.16	0.40	3.58	95.86
6	0.16	0.51	3.72	95.61
7	0.16	0.55	3.89	95.40
8	0.15	0.50	3.69	95.66
9	0.16	0.51	3.77	95.57
10	0.15	0.49	3.72	95.64
11	0.17	0.54	3.90	95.39
12	0.19	0.59	4.14	95.07
13	0.21	0.60	4.18	95.01
14	0.36	1.08	5.87	92.68
15	0.35	1.04	5.77	92.83
16	0.43	1.11	5.99	92.47
17	0.37	1.08	5.67	92.88
18	0.42	1.14	6.08	92.36
19	0.45	1.17	6.17	92.21
20	0.44	1.14	6.09	92.33
21	0.51	1.22	6.23	92.04
22	0.53	1.29	6.53	91.65
23	0.54	1.20	6.34	91.91
24	0.54	1.19	6.44	91.83
25	0.57	1.16	6.41	91.85
26	0.83	1.25	6.39	91.53
27	0.95	1.34	6.63	91.08
28	1.01	1.38	6.85	90.76
29	0.99	1.25	6.60	91.16
30	1.11	1.31	7.04	90.54
31	1.20	1.35	7.29	90.16
32	1.19	1.31	7.32	90.18
33	1.27	1.34	7.58	89.80
34	1.29	1.34	7.73	89.64
35	1.30	1.33	7.77	89.60
36	1.41	1.41	8.09	89.09
37	1.37	1.35	8.01	89.27
38	1.49	1.43	8.31	88.77
39	1.52	1.44	8.35	88.70
40	1.59	1.49	8.46	88.47
41	1.65	1.53	8.59	88.23
42	1.51	1.43	8.46	88.60
43	1.59	1.46	8.45	88.50
44	1.66	1.45	8.42	88.46
45	1.70	1.47	8.36	88.47
46	1.73	1.46	8.36	88.45
47	1.91	1.59	8.78	87.72
48	1.87	1.56	8.69	87.88
49	1.99	1.63	8.85	87.53
50	1.88	1.56	8.66	87.90
51	1.92	1.48	8.36	88.25
52	2.00	1.51	8.40	88.09
53	2.13	1.60	8.70	87.57
54	2.15	1.59	8.72	87.54
55	2.15	1.53	8.55	87.77
56	2.23	1.56	8.60	87.62
57	2.30	1.55	8.67	87.48
58	2.43	1.67	8.95	86.94
59	2.49	1.67	9.12	86.72
60	2.51	1.66	9.16	86.68
61	2.68	1.76	9.45	86.12
62	2.65	1.71	9.42	86.21
63	2.71	1.72	9.47	86.10
64	2.81	1.74	9.65	85.81
65	2.86	1.73	9.72	85.69
66	2.97	1.80	9.98	85.24
67	3.10	1.88	10.27	84.75
68	3.19	1.91	10.57	84.34
69	3.26	1.90	10.62	84.22
70	3.40	1.81	10.60	84.18
71	3.58	1.87	10.77	83.78
72	3.65	1.87	10.88	83.60
73	3.92	1.89	11.06	83.13
74	3.97	2.41	12.55	81.07
75	4.02	2.18	12.13	81.67
76	3.81	2.39	16.88	76.93
77	3.76	1.94	13.21	81.09
78	3.80	1.75	11.55	82.90
79	3.95	1.76	11.15	83.14
80	4.00	1.72	10.78	83.51
81	4.06	1.68	10.61	83.64
82	4.19	1.70	10.57	83.54
83	4.48	1.90	11.26	82.36
84	4.75	2.03	11.63	81.59
85	4.81	2.02	11.55	81.62
86	5.00	2.10	11.72	81.18
87	5.16	2.09	11.78	80.98
88	5.41	2.15	11.92	80.52
89	5.58	2.13	11.85	80.43
90	5.91	2.23	12.17	79.69
91	6.20	2.25	12.21	79.34
92	6.60	2.36	12.50	78.54
93	6.94	2.30	12.41	78.34
94	7.34	2.22	12.26	78.18
95	7.82	2.14	12.18	77.86
96	8.46	2.19	12.41	76.95
97	9.03	1.93	12.02	77.03
98	9.75	1.77	11.90	76.58
99	10.63	1.63	11.53	76.20
100	12.06	4.00	19.69	64.24


	KU330797-16_C_L004_R2_015.fastq
Ranges	0-10	11-20	21-30	31-40
Base
1	0.93	0.21	0.23	98.62
2	0.91	0.22	0.20	98.66
3	0.87	0.17	0.18	98.78
4	0.79	0.17	0.16	98.87
5	2.07	1.52	17.29	79.13
6	1.58	1.48	14.68	82.26
7	1.40	1.32	13.79	83.49
8	1.36	1.26	5.49	91.89
9	1.33	1.22	5.41	92.03
10	1.18	1.46	5.49	91.86
11	1.19	1.49	5.55	91.78
12	1.24	1.53	5.63	91.60
13	1.30	1.50	5.59	91.61
14	1.20	1.35	5.21	92.24
15	1.30	1.37	5.37	91.95
16	1.33	1.37	5.36	91.94
17	1.25	1.33	5.19	92.23
18	2.23	2.49	7.62	87.66
19	2.25	2.57	7.67	87.51
20	2.23	2.36	7.44	87.97
21	2.18	2.39	7.47	87.96
22	2.26	2.46	7.72	87.56
23	2.28	2.44	7.74	87.54
24	2.34	2.40	7.79	87.46
25	2.52	2.53	8.13	86.82
26	2.44	2.39	7.94	87.24
27	2.80	2.72	8.56	85.93
28	2.65	2.55	8.48	86.32
29	2.68	2.41	8.44	86.48
30	2.84	2.39	8.56	86.20
31	2.80	2.33	8.62	86.25
32	2.84	2.20	8.54	86.42
33	2.89	2.11	8.68	86.31
34	2.96	2.04	8.73	86.27
35	2.98	2.01	8.89	86.12
36	3.05	2.01	9.16	85.79
37	3.19	2.08	9.51	85.22
38	3.10	2.00	9.51	85.39
39	3.31	2.01	9.70	84.97
40	3.36	2.02	9.81	84.80
41	3.56	2.15	10.18	84.11
42	3.63	2.20	10.39	83.78
43	3.50	2.06	10.08	84.36
44	3.65	2.15	10.31	83.89
45	3.57	2.14	10.22	84.07
46	3.57	2.09	10.14	84.21
47	3.62	2.15	10.35	83.88
48	3.88	2.25	10.55	83.32
49	3.91	2.23	10.59	83.27
50	3.92	2.21	10.45	83.42
51	3.95	2.13	10.30	83.62
52	4.06	2.18	10.44	83.32
53	4.12	2.18	10.50	83.19
54	4.15	2.17	10.31	83.38
55	3.30	1.98	10.59	84.13
56	3.50	1.90	9.55	85.04
57	3.99	2.07	9.94	84.00
58	4.21	2.14	10.23	83.42
59	4.42	2.19	10.40	83.00
60	4.54	2.22	10.53	82.71
61	4.44	2.11	10.23	83.21
62	4.49	2.02	10.04	83.45
63	4.65	2.05	10.22	83.07
64	4.77	2.12	10.46	82.65
65	4.83	2.15	10.52	82.50
66	4.80	2.15	10.51	82.54
67	5.05	2.34	11.08	81.53
68	4.89	2.22	10.87	82.02
69	4.95	2.11	10.69	82.26
70	5.08	2.09	10.65	82.18
71	5.18	2.15	10.83	81.83
72	5.24	2.15	10.90	81.71
73	5.32	2.22	11.08	81.38
74	5.14	1.99	10.65	82.22
75	5.27	2.02	10.74	81.97
76	5.33	2.04	10.86	81.76
77	5.41	2.05	10.97	81.57
78	5.47	2.08	11.20	81.25
79	5.64	2.23	11.71	80.42
80	5.51	2.05	11.28	81.16
81	5.53	1.99	11.09	81.39
82	5.62	1.91	10.90	81.57
83	5.72	1.96	10.93	81.39
84	5.74	1.89	10.80	81.56
85	6.05	2.05	11.28	80.62
86	6.26	2.14	11.54	80.05
87	6.63	2.41	12.36	78.60
88	6.48	2.12	11.66	79.74
89	6.81	2.19	11.76	79.24
90	6.97	2.13	11.58	79.32
91	7.18	2.03	11.25	79.54
92	7.63	2.19	11.63	78.55
93	8.00	2.22	11.71	78.07
94	8.39	2.13	11.51	77.96
95	9.03	2.31	12.06	76.60
96	9.42	2.07	11.73	76.78
97	9.88	1.84	11.14	77.14
98	10.47	1.77	11.08	76.67
99	10.98	1.73	11.20	76.10
100	11.41	1.92	11.05	75.62




