Parameters
	Library type	Paired-end
	Input files	KU330797-16_C_L004_R1_037.fastq	KU330797-16_C_L004_R2_037.fastq
	Primer/Adaptor library	Paired End DNA Library
	Cut-off read length for HQ	70%
	Cut-off quality score	20
	Only statistics	On
	Number of CPUs	2


QC statistics
	File name	KU330797-16_C_L004_R1_037.fastq	KU330797-16_C_L004_R2_037.fastq
	Total number of reads	4000000	4000000
	Total number of HQ reads	3749247	3749247
	Percentage of HQ reads	93.73%	93.73%
	Total number of bases	400000000	400000000
	Total number of bases in HQ reads	374924700	374924700
	Total number of HQ bases in HQ reads	369372447	368697375
	Percentage of HQ bases in HQ reads	98.52%	98.34%
	Number of Primer/Adaptor contaminated HQ reads	6	17
	Total number of HQ filtered reads	3749224	3749224
	Percentage of HQ filtered reads	93.73%	93.73%


Detailed QC statistics
	File name	KU330797-16_C_L004_R1_037.fastq	KU330797-16_C_L004_R2_037.fastq
	Minimum read length	100	100
	Maximum read length	100	100
	Average read length	100.00	100.00
	Total number of reads	4000000	4000000
	Total number of reads with non-ATGC bases	13175	10282
	Percentage of reads with non-ATGC bases	0.33%	0.26%
	Total number of bases	400000000	400000000
	Total number of HQ bases	387270018	383237567
	Percentage of HQ bases	96.82%	95.81%
	Total number of non-ATGC bases	262133	352076
	Percentage of non-ATGC bases	0.07%	0.09%


Average quality score at each base position of input reads

KU330797-16_C_L004_R1_037.fastq
32.10	32.42	32.54	36.06	35.98	35.99	35.99	35.95	37.66	37.66	37.61	37.58	37.54	38.96	38.93	38.92	38.88	38.91	38.94	38.89	38.86	38.83	38.79	38.76	38.72	38.60	38.56	38.50	38.42	38.37	38.29	38.24	38.16	38.07	37.99	37.94	37.78	37.76	37.70	37.62	37.51	37.74	37.80	37.77	37.72	37.68	37.66	37.58	37.51	37.54	37.53	37.51	37.47	37.45	37.33	37.18	37.16	37.03	36.94	36.88	36.79	36.64	36.47	36.33	36.23	36.07	35.90	35.80	35.58	35.31	35.16	34.97	34.77	34.53	34.34	33.49	33.76	33.85	33.78	33.63	33.46	33.24	33.07	32.85	32.66	32.50	32.36	32.23	32.05	31.87	31.75	31.61	31.44	31.20	31.08	30.91	30.73	30.49	30.20	28.70	

KU330797-16_C_L004_R2_037.fastq
36.70	36.73	36.77	36.80	30.85	31.41	31.76	35.32	35.38	35.43	35.42	35.44	37.05	36.98	36.97	36.91	36.94	38.30	38.28	38.25	38.22	38.21	38.25	38.21	38.18	38.15	38.16	38.13	37.99	37.96	37.96	37.92	37.81	37.72	37.69	37.70	37.65	37.60	37.50	37.48	37.43	37.37	37.32	37.26	37.16	37.13	37.25	37.18	37.16	37.01	37.01	36.97	36.98	36.85	35.94	36.31	36.59	36.65	36.67	36.62	36.54	36.37	36.33	36.16	36.11	36.01	35.77	35.85	35.82	35.71	35.54	35.44	35.28	35.16	35.04	34.88	34.67	34.43	34.27	34.06	33.85	33.59	33.40	33.18	33.01	32.84	32.64	32.46	32.31	32.07	31.92	31.75	31.57	31.40	31.25	31.09	30.92	30.76	30.58	30.38	





Read count (%) per base for different quality score ranges

	KU330797-16_C_L004_R1_037.fastq
Ranges	0-10	11-20	21-30	31-40
Base
1	0.54	0.58	9.82	89.06
2	0.10	0.74	9.11	90.05
3	0.10	0.35	9.20	90.35
4	0.10	0.31	2.76	96.82
5	0.15	0.38	3.21	96.26
6	0.12	0.44	3.22	96.22
7	0.13	0.42	3.24	96.21
8	0.14	0.48	3.40	95.98
9	0.14	0.46	3.36	96.04
10	0.14	0.46	3.34	96.06
11	0.15	0.48	3.52	95.85
12	0.17	0.51	3.60	95.72
13	0.18	0.53	3.72	95.57
14	0.35	1.03	5.60	93.03
15	0.39	1.06	5.68	92.87
16	0.38	1.07	5.66	92.89
17	0.39	1.08	5.71	92.82
18	0.38	1.03	5.53	93.06
19	0.41	1.06	5.68	92.86
20	0.44	1.10	5.80	92.66
21	0.46	1.10	5.83	92.61
22	0.48	1.10	5.82	92.60
23	0.51	1.10	5.86	92.53
24	0.56	1.12	6.05	92.27
25	0.59	1.13	6.06	92.22
26	0.87	1.23	6.17	91.73
27	0.92	1.24	6.20	91.64
28	1.01	1.25	6.30	91.44
29	1.07	1.26	6.50	91.17
30	1.13	1.24	6.56	91.08
31	1.20	1.24	6.79	90.77
32	1.23	1.24	6.91	90.62
33	1.30	1.25	7.12	90.33
34	1.36	1.29	7.33	90.01
35	1.40	1.32	7.45	89.83
36	1.43	1.32	7.51	89.74
37	1.56	1.39	7.83	89.22
38	1.54	1.36	7.72	89.39
39	1.58	1.35	7.78	89.29
40	1.65	1.36	7.84	89.15
41	1.72	1.42	7.99	88.86
42	1.69	1.38	8.00	88.93
43	1.73	1.38	7.91	88.99
44	1.85	1.41	7.97	88.77
45	1.92	1.46	8.05	88.56
46	1.96	1.46	8.11	88.47
47	1.98	1.43	8.02	88.57
48	2.05	1.48	8.18	88.29
49	2.12	1.52	8.18	88.18
50	2.15	1.49	8.21	88.16
51	2.20	1.55	8.15	88.10
52	2.25	1.49	8.17	88.08
53	2.32	1.49	8.11	88.07
54	2.39	1.47	8.04	88.10
55	2.48	1.53	8.23	87.76
56	2.57	1.62	8.40	87.42
57	2.57	1.53	8.30	87.60
58	2.65	1.57	8.42	87.36
59	2.69	1.55	8.51	87.24
60	2.70	1.52	8.42	87.36
61	2.76	1.50	8.39	87.34
62	2.84	1.55	8.55	87.06
63	2.90	1.60	8.75	86.74
64	2.97	1.59	8.83	86.61
65	2.99	1.59	8.81	86.61
66	3.06	1.61	8.97	86.37
67	3.13	1.63	9.09	86.15
68	3.12	1.56	9.00	86.32
69	3.24	1.61	9.21	85.95
70	3.57	1.62	9.34	85.47
71	3.56	1.65	9.40	85.39
72	3.62	1.65	9.49	85.24
73	3.66	1.66	9.66	85.02
74	3.75	1.71	9.94	84.60
75	3.79	1.72	10.05	84.45
76	3.53	1.75	12.61	82.11
77	3.63	1.57	10.67	84.12
78	3.74	1.54	9.98	84.74
79	3.83	1.54	9.72	84.91
80	3.92	1.56	9.67	84.84
81	4.00	1.58	9.62	84.80
82	4.13	1.65	9.81	84.41
83	4.21	1.66	9.88	84.24
84	4.37	1.73	10.13	83.76
85	4.53	1.78	10.28	83.40
86	4.67	1.79	10.32	83.22
87	4.83	1.82	10.30	83.05
88	4.96	1.80	10.28	82.96
89	5.20	1.87	10.48	82.44
90	5.45	1.92	10.71	81.93
91	5.67	1.91	10.64	81.77
92	5.95	1.90	10.62	81.52
93	6.29	1.93	10.72	81.07
94	6.73	2.03	11.08	80.16
95	7.10	1.91	10.93	80.05
96	7.62	1.83	10.78	79.78
97	8.17	1.69	10.69	79.44
98	8.84	1.60	10.69	78.87
99	9.65	1.55	10.74	78.05
100	10.81	3.46	17.95	67.78


	KU330797-16_C_L004_R2_037.fastq
Ranges	0-10	11-20	21-30	31-40
Base
1	0.61	0.27	0.19	98.94
2	0.60	0.26	0.16	98.98
3	0.47	0.21	0.15	99.17
4	0.42	0.15	0.14	99.29
5	1.59	1.58	17.94	78.89
6	1.18	1.34	13.47	84.01
7	1.09	1.05	12.07	85.79
8	1.28	1.09	4.47	93.16
9	1.11	1.07	4.56	93.26
10	0.94	1.12	4.44	93.51
11	0.96	1.12	4.46	93.46
12	0.96	1.08	4.36	93.60
13	1.01	1.06	4.36	93.57
14	1.08	1.11	4.55	93.27
15	1.12	1.08	4.50	93.30
16	1.15	1.16	4.66	93.03
17	1.14	1.11	4.55	93.21
18	2.14	2.05	6.88	88.93
19	2.17	2.03	6.91	88.89
20	2.17	2.08	6.92	88.83
21	2.16	2.17	6.93	88.74
22	2.16	2.11	6.94	88.78
23	2.26	2.10	7.11	88.53
24	2.31	2.08	7.22	88.39
25	2.35	2.06	7.19	88.41
26	2.37	2.03	7.21	88.38
27	2.37	1.97	7.14	88.52
28	2.54	2.04	7.47	87.95
29	2.65	2.11	7.79	87.45
30	2.68	2.05	7.78	87.49
31	2.68	1.95	7.68	87.70
32	2.75	1.88	7.80	87.57
33	2.86	1.90	8.06	87.18
34	2.95	1.90	8.29	86.86
35	3.01	1.86	8.39	86.74
36	2.97	1.80	8.42	86.82
37	3.00	1.79	8.60	86.60
38	3.08	1.77	8.71	86.43
39	3.21	1.80	8.95	86.04
40	3.21	1.78	8.92	86.08
41	3.28	1.77	8.97	85.98
42	3.31	1.79	9.04	85.85
43	3.35	1.79	9.07	85.79
44	3.35	1.83	9.10	85.72
45	3.46	1.86	9.19	85.49
46	3.39	1.87	9.18	85.56
47	3.43	1.89	9.32	85.36
48	3.59	1.93	9.42	85.06
49	3.64	1.90	9.43	85.02
50	4.12	2.14	9.43	84.30
51	3.79	2.15	9.67	84.40
52	3.84	2.09	9.55	84.52
53	3.88	2.02	9.37	84.74
54	4.02	2.08	9.55	84.35
55	2.98	1.65	9.12	86.25
56	3.25	1.61	8.32	86.82
57	3.67	1.74	8.71	85.87
58	4.01	1.90	9.21	84.88
59	4.18	1.90	9.33	84.59
60	4.27	1.94	9.37	84.42
61	4.32	1.95	9.44	84.28
62	4.50	2.00	9.64	83.86
63	4.45	1.98	9.64	83.92
64	4.58	2.02	9.83	83.57
65	4.51	2.00	9.70	83.79
66	4.55	1.96	9.69	83.80
67	4.71	2.08	10.03	83.18
68	4.57	1.96	9.88	83.59
69	4.64	1.88	9.66	83.83
70	4.71	1.86	9.56	83.86
71	4.79	1.88	9.70	83.63
72	4.79	1.82	9.57	83.82
73	4.82	1.84	9.61	83.73
74	4.80	1.77	9.51	83.92
75	4.77	1.72	9.42	84.08
76	4.78	1.70	9.38	84.14
77	4.83	1.71	9.45	84.01
78	4.89	1.75	9.62	83.74
79	4.87	1.73	9.57	83.83
80	4.94	1.72	9.60	83.75
81	4.99	1.70	9.69	83.62
82	5.12	1.76	9.84	83.28
83	5.14	1.79	9.86	83.21
84	5.26	1.82	9.97	82.96
85	5.31	1.80	9.94	82.95
86	5.43	1.77	9.86	82.95
87	5.58	1.79	9.94	82.69
88	5.72	1.79	9.95	82.54
89	5.87	1.78	9.84	82.51
90	6.15	1.88	10.08	81.89
91	6.33	1.85	10.07	81.76
92	6.58	1.85	10.08	81.49
93	6.89	1.87	10.12	81.12
94	7.21	1.85	10.14	80.80
95	7.55	1.80	10.06	80.59
96	7.96	1.72	9.89	80.44
97	8.41	1.63	9.80	80.16
98	8.85	1.51	9.69	79.94
99	9.29	1.49	9.79	79.44
100	9.67	1.69	9.90	78.74




