Parameters
	Library type	Paired-end
	Input files	KU330797-16_C_L004_R1_043.fastq	KU330797-16_C_L004_R2_043.fastq
	Primer/Adaptor library	Paired End DNA Library
	Cut-off read length for HQ	70%
	Cut-off quality score	20
	Only statistics	On
	Number of CPUs	2


QC statistics
	File name	KU330797-16_C_L004_R1_043.fastq	KU330797-16_C_L004_R2_043.fastq
	Total number of reads	4000000	4000000
	Total number of HQ reads	3749650	3749650
	Percentage of HQ reads	93.74%	93.74%
	Total number of bases	400000000	400000000
	Total number of bases in HQ reads	374965000	374965000
	Total number of HQ bases in HQ reads	369847243	369172211
	Percentage of HQ bases in HQ reads	98.64%	98.46%
	Number of Primer/Adaptor contaminated HQ reads	9	9
	Total number of HQ filtered reads	3749632	3749632
	Percentage of HQ filtered reads	93.74%	93.74%


Detailed QC statistics
	File name	KU330797-16_C_L004_R1_043.fastq	KU330797-16_C_L004_R2_043.fastq
	Minimum read length	100	100
	Maximum read length	100	100
	Average read length	100.00	100.00
	Total number of reads	4000000	4000000
	Total number of reads with non-ATGC bases	13267	10932
	Percentage of reads with non-ATGC bases	0.33%	0.27%
	Total number of bases	400000000	400000000
	Total number of HQ bases	387704984	383768961
	Percentage of HQ bases	96.93%	95.94%
	Total number of non-ATGC bases	273602	419746
	Percentage of non-ATGC bases	0.07%	0.10%


Average quality score at each base position of input reads

KU330797-16_C_L004_R1_043.fastq
32.34	32.59	32.67	36.15	36.06	36.05	36.05	35.99	37.74	37.71	37.71	37.70	37.69	39.13	39.10	39.03	39.06	39.02	39.02	39.02	38.97	38.94	38.89	38.85	38.83	38.75	38.65	38.63	38.57	38.50	38.43	38.38	38.37	38.24	38.14	38.09	37.96	37.95	37.87	37.82	37.74	37.89	37.89	37.91	37.90	37.81	37.77	37.69	37.64	37.67	37.73	37.73	37.70	37.60	37.47	37.38	37.36	37.28	37.19	37.09	36.96	36.82	36.74	36.58	36.45	36.34	36.16	35.99	35.77	35.57	35.39	35.18	34.96	34.73	34.55	33.71	33.93	34.07	33.97	33.81	33.65	33.46	33.26	33.08	32.90	32.69	32.52	32.39	32.23	32.06	31.93	31.79	31.66	31.50	31.33	31.14	30.98	30.76	30.55	29.24	

KU330797-16_C_L004_R2_043.fastq
36.69	36.73	36.76	36.79	30.56	31.27	31.71	35.44	35.51	35.56	35.56	35.54	37.16	37.13	37.09	37.10	37.05	38.48	38.44	38.41	38.36	38.34	38.38	38.36	38.37	38.33	38.28	38.26	38.20	38.10	38.11	38.05	38.01	37.95	37.88	37.87	37.83	37.78	37.71	37.62	37.57	37.52	37.47	37.40	37.35	37.28	37.42	37.40	37.35	37.26	37.26	37.15	37.11	37.06	36.11	36.47	36.74	36.81	36.78	36.74	36.68	36.55	36.44	36.33	36.17	36.07	35.96	35.99	35.96	35.89	35.77	35.63	35.53	35.39	35.18	34.95	34.81	34.66	34.42	34.23	34.00	33.82	33.61	33.42	33.23	33.03	32.81	32.64	32.50	32.33	32.13	31.95	31.76	31.54	31.40	31.23	31.10	30.94	30.80	30.65	





Read count (%) per base for different quality score ranges

	KU330797-16_C_L004_R1_043.fastq
Ranges	0-10	11-20	21-30	31-40
Base
1	0.20	0.33	8.88	90.58
2	0.09	0.38	8.16	91.37
3	0.09	0.30	8.11	91.50
4	0.09	0.27	2.46	97.17
5	0.14	0.35	2.93	96.58
6	0.12	0.41	3.01	96.45
7	0.12	0.41	2.96	96.52
8	0.15	0.46	3.21	96.18
9	0.13	0.43	3.10	96.34
10	0.14	0.45	3.24	96.17
11	0.14	0.45	3.22	96.19
12	0.15	0.44	3.21	96.20
13	0.14	0.45	3.25	96.16
14	0.33	0.93	5.27	93.47
15	0.36	0.97	5.33	93.33
16	0.39	1.06	5.58	92.96
17	0.36	0.97	5.33	93.33
18	0.39	1.03	5.44	93.14
19	0.44	1.09	5.67	92.81
20	0.42	1.06	5.58	92.93
21	0.48	1.10	5.72	92.70
22	0.49	1.08	5.71	92.72
23	0.53	1.09	5.83	92.55
24	0.59	1.17	6.03	92.21
25	0.62	1.15	6.00	92.23
26	0.89	1.21	5.97	91.94
27	1.01	1.29	6.22	91.48
28	1.03	1.25	6.17	91.55
29	1.11	1.23	6.30	91.35
30	1.22	1.27	6.44	91.07
31	1.27	1.25	6.65	90.82
32	1.30	1.23	6.76	90.71
33	1.32	1.19	6.76	90.73
34	1.44	1.26	7.14	90.16
35	1.52	1.31	7.38	89.79
36	1.54	1.29	7.40	89.76
37	1.66	1.36	7.60	89.38
38	1.61	1.31	7.49	89.59
39	1.72	1.35	7.58	89.35
40	1.73	1.34	7.56	89.37
41	1.79	1.36	7.64	89.22
42	1.85	1.40	7.81	88.94
43	1.93	1.41	7.85	88.80
44	2.01	1.38	7.81	88.80
45	2.04	1.40	7.75	88.81
46	2.11	1.45	7.90	88.55
47	2.16	1.44	7.87	88.53
48	2.25	1.47	7.97	88.31
49	2.29	1.49	7.96	88.26
50	2.34	1.48	7.99	88.19
51	2.33	1.47	7.80	88.40
52	2.41	1.40	7.77	88.41
53	2.46	1.38	7.68	88.48
54	2.58	1.42	7.81	88.19
55	2.71	1.49	7.97	87.84
56	2.71	1.54	8.01	87.74
57	2.71	1.48	7.86	87.95
58	2.75	1.47	7.84	87.94
59	2.83	1.43	7.94	87.81
60	2.91	1.44	7.89	87.76
61	2.94	1.48	8.01	87.57
62	3.00	1.50	8.15	87.35
63	3.00	1.45	8.09	87.45
64	3.10	1.48	8.23	87.19
65	3.15	1.49	8.31	87.05
66	3.16	1.48	8.22	87.15
67	3.24	1.49	8.35	86.93
68	3.27	1.50	8.46	86.77
69	3.35	1.53	8.64	86.48
70	3.62	1.46	8.52	86.40
71	3.65	1.49	8.62	86.25
72	3.72	1.51	8.78	85.99
73	3.78	1.55	8.91	85.76
74	3.83	1.61	9.17	85.39
75	3.85	1.59	9.19	85.38
76	3.61	1.62	11.47	83.31
77	3.71	1.49	9.88	84.92
78	3.75	1.40	9.04	85.80
79	3.85	1.42	8.83	85.90
80	3.95	1.44	8.76	85.86
81	4.01	1.43	8.68	85.88
82	4.09	1.45	8.78	85.68
83	4.21	1.50	8.87	85.42
84	4.34	1.53	8.96	85.18
85	4.47	1.55	9.08	84.90
86	4.67	1.63	9.30	84.41
87	4.80	1.67	9.39	84.14
88	4.96	1.68	9.38	83.98
89	5.16	1.72	9.51	83.61
90	5.38	1.76	9.67	83.20
91	5.59	1.77	9.70	82.93
92	5.84	1.75	9.73	82.68
93	6.13	1.72	9.67	82.48
94	6.49	1.72	9.69	82.10
95	6.90	1.69	9.76	81.65
96	7.38	1.67	9.83	81.12
97	7.88	1.54	9.71	80.87
98	8.47	1.47	9.79	80.26
99	9.15	1.36	9.58	79.92
100	10.11	2.90	15.73	71.26


	KU330797-16_C_L004_R2_043.fastq
Ranges	0-10	11-20	21-30	31-40
Base
1	0.56	0.28	0.22	98.93
2	0.59	0.25	0.17	98.98
3	0.50	0.19	0.16	99.15
4	0.42	0.16	0.15	99.27
5	1.60	1.94	21.01	75.45
6	1.13	1.27	14.02	83.57
7	1.06	1.00	11.76	86.18
8	1.07	0.92	4.26	93.76
9	1.03	0.85	4.10	94.01
10	0.87	0.97	3.95	94.21
11	0.89	0.97	4.04	94.09
12	0.94	0.97	3.98	94.10
13	1.03	0.96	4.03	93.99
14	1.06	0.97	4.07	93.90
15	1.13	0.99	4.09	93.79
16	1.10	1.02	4.06	93.82
17	1.16	1.02	4.21	93.61
18	2.18	1.99	6.50	89.32
19	2.23	2.02	6.60	89.15
20	2.29	1.97	6.64	89.11
21	2.25	2.12	6.76	88.88
22	2.24	2.09	6.72	88.95
23	2.40	2.12	6.87	88.61
24	2.35	2.08	6.94	88.62
25	2.37	1.96	6.83	88.84
26	2.44	1.94	6.89	88.72
27	2.50	1.96	6.96	88.58
28	2.66	2.01	7.30	88.03
29	2.71	1.98	7.35	87.96
30	2.83	2.01	7.54	87.62
31	2.78	1.88	7.46	87.87
32	2.88	1.85	7.64	87.63
33	2.94	1.80	7.70	87.57
34	3.02	1.77	7.82	87.39
35	3.10	1.77	7.99	87.14
36	3.07	1.72	8.08	87.13
37	3.11	1.68	8.18	87.02
38	3.16	1.68	8.30	86.86
39	3.29	1.69	8.44	86.58
40	3.41	1.73	8.60	86.25
41	3.42	1.73	8.65	86.21
42	3.47	1.70	8.68	86.15
43	3.52	1.75	8.69	86.04
44	3.53	1.79	8.77	85.90
45	3.54	1.75	8.72	85.99
46	3.54	1.80	8.81	85.84
47	3.57	1.83	8.90	85.70
48	3.69	1.79	8.96	85.56
49	3.81	1.81	9.01	85.36
50	3.91	1.85	9.11	85.13
51	3.90	1.83	8.99	85.28
52	4.06	1.87	9.13	84.94
53	4.07	1.88	9.13	84.91
54	4.14	1.87	9.11	84.88
55	3.07	1.54	8.50	86.89
56	3.34	1.52	7.86	87.27
57	3.82	1.69	8.33	86.16
58	4.15	1.81	8.73	85.32
59	4.37	1.85	9.02	84.76
60	4.44	1.84	9.00	84.72
61	4.50	1.84	9.01	84.64
62	4.58	1.90	9.13	84.39
63	4.65	1.89	9.24	84.22
64	4.69	1.91	9.27	84.12
65	4.74	1.98	9.44	83.84
66	4.72	1.98	9.42	83.88
67	4.73	1.99	9.48	83.80
68	4.72	1.92	9.42	83.94
69	4.78	1.81	9.24	84.18
70	4.78	1.75	9.07	84.41
71	4.81	1.71	9.00	84.48
72	4.83	1.71	8.95	84.51
73	4.81	1.65	8.84	84.70
74	4.81	1.61	8.79	84.79
75	4.83	1.64	8.90	84.62
76	4.89	1.68	9.08	84.34
77	4.86	1.63	8.94	84.57
78	4.81	1.57	8.87	84.75
79	4.90	1.60	8.95	84.55
80	4.90	1.61	8.97	84.52
81	4.99	1.60	9.02	84.38
82	5.00	1.60	9.00	84.40
83	5.08	1.60	9.00	84.33
84	5.11	1.59	9.04	84.26
85	5.20	1.59	9.02	84.19
86	5.32	1.62	9.08	83.98
87	5.48	1.68	9.20	83.64
88	5.60	1.66	9.17	83.58
89	5.72	1.62	9.04	83.62
90	5.92	1.63	9.02	83.42
91	6.18	1.66	9.14	83.02
92	6.43	1.69	9.22	82.66
93	6.74	1.71	9.31	82.24
94	7.11	1.76	9.49	81.64
95	7.42	1.69	9.37	81.52
96	7.81	1.67	9.34	81.19
97	8.18	1.51	9.13	81.18
98	8.60	1.46	9.09	80.85
99	8.96	1.35	9.09	80.59
100	9.30	1.50	8.94	80.26




