Parameters
	Library type	Paired-end
	Input files	KU330797-16_C_L004_R1_030.fastq	KU330797-16_C_L004_R2_030.fastq
	Primer/Adaptor library	Paired End DNA Library
	Cut-off read length for HQ	70%
	Cut-off quality score	20
	Only statistics	On
	Number of CPUs	2


QC statistics
	File name	KU330797-16_C_L004_R1_030.fastq	KU330797-16_C_L004_R2_030.fastq
	Total number of reads	4000000	4000000
	Total number of HQ reads	3705393	3705393
	Percentage of HQ reads	92.63%	92.63%
	Total number of bases	400000000	400000000
	Total number of bases in HQ reads	370539300	370539300
	Total number of HQ bases in HQ reads	363772922	362140104
	Percentage of HQ bases in HQ reads	98.17%	97.73%
	Number of Primer/Adaptor contaminated HQ reads	2	9
	Total number of HQ filtered reads	3705382	3705382
	Percentage of HQ filtered reads	92.63%	92.63%


Detailed QC statistics
	File name	KU330797-16_C_L004_R1_030.fastq	KU330797-16_C_L004_R2_030.fastq
	Minimum read length	100	100
	Maximum read length	100	100
	Average read length	100.00	100.00
	Total number of reads	4000000	4000000
	Total number of reads with non-ATGC bases	6137	11179
	Percentage of reads with non-ATGC bases	0.15%	0.28%
	Total number of bases	400000000	400000000
	Total number of HQ bases	384846326	378808576
	Percentage of HQ bases	96.21%	94.70%
	Total number of non-ATGC bases	10866	66542
	Percentage of non-ATGC bases	0.00%	0.02%


Average quality score at each base position of input reads

KU330797-16_C_L004_R1_030.fastq
31.88	32.18	32.23	35.87	35.73	35.75	35.73	35.68	37.36	36.86	36.64	36.98	36.91	38.41	38.46	38.47	38.49	38.50	38.58	38.55	38.53	38.45	38.44	38.41	38.35	38.30	38.23	38.14	37.84	37.91	37.90	37.87	37.43	37.54	37.58	37.54	37.50	37.45	37.29	36.92	37.00	37.19	37.30	37.29	37.33	37.20	36.95	37.01	36.99	36.88	36.92	37.04	37.03	36.98	36.95	36.85	36.81	36.59	36.52	36.44	36.34	36.23	36.16	36.05	35.89	35.67	35.56	35.37	35.20	34.96	34.76	34.66	34.51	34.28	34.04	33.15	33.45	33.56	33.42	33.13	33.03	32.79	32.69	32.56	32.41	32.14	32.01	31.77	31.57	31.47	31.35	31.22	31.08	30.96	30.75	30.56	30.39	30.23	29.98	28.49	

KU330797-16_C_L004_R2_030.fastq
36.61	36.72	36.78	36.81	30.60	31.11	31.22	34.69	34.77	34.66	34.73	34.50	36.32	36.44	36.49	36.54	36.48	37.45	37.51	37.58	37.57	37.30	37.52	37.54	37.45	37.27	37.27	37.41	37.47	37.40	37.35	37.30	37.00	37.01	37.12	37.13	37.06	36.91	36.96	36.90	36.88	36.77	36.74	36.64	36.16	35.96	36.31	36.40	36.44	36.29	36.29	36.26	36.25	36.22	35.24	35.61	35.89	35.90	35.89	35.89	35.80	35.71	35.70	35.59	35.18	35.16	35.12	35.01	35.03	35.05	34.89	34.73	34.70	34.22	34.21	34.07	34.02	33.85	33.73	33.52	33.19	32.65	32.62	32.57	32.37	32.19	31.88	31.75	31.59	31.47	31.28	31.14	31.00	30.81	30.68	30.56	30.27	30.09	29.90	29.76	





Read count (%) per base for different quality score ranges

	KU330797-16_C_L004_R1_030.fastq
Ranges	0-10	11-20	21-30	31-40
Base
1	0.19	0.72	13.28	85.81
2	0.14	0.61	11.40	87.85
3	0.16	0.57	11.45	87.82
4	0.13	0.45	3.41	96.01
5	0.23	0.54	4.22	95.01
6	0.17	0.59	4.14	95.10
7	0.18	0.61	4.26	94.95
8	0.22	0.66	4.43	94.69
9	0.19	0.62	4.25	94.94
10	1.03	1.58	4.52	92.87
11	0.89	2.20	5.15	91.76
12	0.23	1.48	4.90	93.39
13	0.54	1.40	4.88	93.18
14	0.41	2.02	6.40	91.17
15	0.44	1.72	6.36	91.48
16	0.46	1.61	6.49	91.43
17	0.46	1.46	6.50	91.58
18	0.46	1.34	6.48	91.72
19	0.47	1.27	6.51	91.74
20	0.51	1.28	6.56	91.65
21	0.53	1.27	6.57	91.64
22	0.57	1.33	6.75	91.36
23	0.57	1.29	6.71	91.43
24	0.64	1.33	6.90	91.13
25	0.69	1.32	7.06	90.92
26	0.95	1.37	6.86	90.81
27	1.07	1.45	7.01	90.47
28	1.18	1.48	7.18	90.16
29	1.90	1.92	7.54	88.65
30	1.30	1.82	7.86	89.02
31	1.37	1.51	7.86	89.26
32	1.42	1.48	7.92	89.18
33	2.54	2.02	8.43	87.01
34	1.58	2.14	8.87	87.42
35	1.61	1.68	8.83	87.89
36	1.66	1.63	8.70	88.01
37	1.71	1.60	8.72	87.97
38	1.77	1.60	8.78	87.85
39	1.93	1.68	9.13	87.26
40	2.74	2.13	9.40	85.72
41	2.01	2.09	9.77	86.13
42	2.44	1.90	9.42	86.24
43	2.03	1.97	9.41	86.59
44	2.15	1.73	9.47	86.65
45	2.17	1.68	9.16	86.99
46	2.34	1.77	9.37	86.52
47	3.10	2.17	9.25	85.48
48	2.40	2.29	9.81	85.51
49	2.50	1.94	9.76	85.80
50	3.16	2.19	9.49	85.16
51	2.58	2.41	9.81	85.19
52	2.61	1.83	9.60	85.96
53	2.67	1.76	9.30	86.27
54	2.74	1.75	9.28	86.23
55	2.79	1.72	9.22	86.27
56	2.92	1.75	9.27	86.06
57	2.94	1.71	9.20	86.16
58	3.11	1.85	9.57	85.47
59	3.10	1.79	9.58	85.53
60	3.15	1.77	9.56	85.53
61	3.20	1.77	9.58	85.45
62	3.26	1.77	9.63	85.34
63	3.29	1.74	9.56	85.41
64	3.34	1.74	9.62	85.31
65	3.39	1.75	9.71	85.15
66	3.53	1.83	10.00	84.63
67	3.52	1.80	10.03	84.65
68	3.64	1.82	10.16	84.38
69	3.67	1.85	10.33	84.16
70	3.78	1.90	10.60	83.73
71	3.88	1.92	10.75	83.45
72	3.86	1.84	10.65	83.65
73	3.93	1.80	10.61	83.66
74	4.09	1.82	10.74	83.36
75	4.07	1.98	11.02	82.92
76	3.83	2.04	13.96	80.17
77	3.92	1.82	11.94	82.31
78	4.03	1.75	11.13	83.09
79	4.21	1.81	11.01	82.97
80	4.78	1.96	10.81	82.45
81	4.42	2.10	11.11	82.37
82	4.61	2.06	11.49	81.84
83	4.63	1.97	11.26	82.13
84	4.75	1.93	11.12	82.20
85	4.89	1.93	11.11	82.06
86	5.18	2.09	11.50	81.23
87	5.32	2.08	11.51	81.09
88	5.80	2.19	11.46	80.55
89	5.96	2.44	11.65	79.94
90	6.05	2.37	11.89	79.69
91	6.29	2.25	11.89	79.57
92	6.60	2.21	11.85	79.35
93	6.94	2.17	11.74	79.14
94	7.32	2.08	11.53	79.07
95	7.82	2.08	11.61	78.49
96	8.35	2.01	11.57	78.07
97	8.90	1.87	11.43	77.80
98	9.52	1.63	11.11	77.74
99	10.30	1.57	10.89	77.24
100	11.49	3.48	17.79	67.23


	KU330797-16_C_L004_R2_030.fastq
Ranges	0-10	11-20	21-30	31-40
Base
1	0.52	0.23	0.24	99.00
2	0.52	0.20	0.17	99.11
3	0.41	0.19	0.16	99.24
4	0.38	0.13	0.14	99.35
5	1.91	2.12	20.54	75.43
6	1.62	1.55	16.14	80.70
7	1.85	1.46	15.21	81.48
8	2.23	1.60	5.91	90.26
9	1.82	1.68	6.11	90.38
10	1.92	2.10	5.89	90.10
11	1.36	2.42	6.29	89.93
12	1.88	2.56	6.56	89.00
13	1.36	2.00	6.06	90.58
14	1.33	1.63	5.86	91.18
15	1.32	1.53	5.80	91.35
16	1.30	1.46	5.66	91.59
17	1.37	1.51	5.84	91.28
18	3.06	3.28	8.02	85.64
19	2.42	3.14	8.39	86.05
20	2.43	2.63	8.09	86.85
21	2.45	2.58	8.06	86.91
22	3.28	3.16	8.09	85.47
23	2.56	3.29	8.56	85.58
24	2.62	2.72	8.42	86.25
25	2.74	2.70	8.57	85.99
26	3.28	3.25	8.38	85.10
27	2.85	3.11	8.89	85.15
28	2.88	2.68	8.72	85.72
29	2.87	2.53	8.61	85.99
30	3.02	2.47	8.80	85.71
31	3.05	2.40	8.92	85.63
32	3.15	2.33	9.04	85.48
33	3.83	2.75	9.35	84.06
34	3.39	2.68	9.85	84.09
35	3.27	2.25	9.60	84.88
36	3.28	2.15	9.62	84.95
37	3.39	2.16	9.86	84.59
38	3.56	2.23	10.25	83.97
39	3.43	2.15	10.20	84.23
40	3.54	2.15	10.33	83.97
41	3.55	2.11	10.37	83.98
42	3.68	2.15	10.52	83.65
43	3.69	2.14	10.54	83.62
44	3.81	2.17	10.59	83.43
45	4.81	2.84	11.00	81.35
46	4.66	3.25	11.72	80.37
47	3.97	2.90	11.75	81.39
48	4.06	2.59	11.31	82.04
49	4.11	2.48	11.02	82.39
50	4.44	2.57	11.24	81.76
51	4.41	2.49	11.22	81.88
52	4.50	2.44	11.20	81.87
53	4.46	2.40	11.14	81.99
54	4.52	2.35	11.04	82.09
55	3.64	2.07	11.05	83.24
56	3.82	2.02	10.07	84.09
57	4.25	2.15	10.35	83.25
58	4.93	2.36	10.58	82.13
59	4.79	2.61	11.04	81.56
60	4.86	2.40	11.13	81.61
61	5.13	2.46	10.93	81.47
62	5.01	2.56	11.16	81.26
63	5.02	2.33	11.11	81.55
64	5.10	2.32	11.05	81.52
65	5.78	2.69	11.50	80.03
66	5.27	2.70	11.70	80.33
67	5.27	2.47	11.54	80.72
68	5.57	2.60	11.48	80.35
69	5.31	2.49	11.42	80.78
70	5.32	2.27	11.05	81.36
71	5.45	2.25	11.08	81.22
72	5.58	2.24	11.10	81.07
73	5.45	2.17	10.84	81.54
74	6.25	2.55	11.14	80.07
75	5.55	2.68	11.39	80.38
76	5.61	2.25	11.66	80.48
77	5.55	2.07	11.17	81.22
78	5.61	2.03	11.11	81.26
79	5.58	1.95	10.91	81.55
80	5.66	1.96	10.97	81.41
81	5.88	2.11	11.35	80.67
82	6.72	2.45	11.72	79.11
83	6.07	2.50	12.05	79.38
84	6.07	2.18	11.78	79.96
85	6.24	2.18	11.67	79.91
86	6.40	2.17	11.64	79.78
87	6.72	2.34	12.03	78.92
88	6.78	2.29	11.99	78.94
89	6.99	2.26	11.91	78.84
90	7.17	2.20	11.71	78.92
91	7.46	2.24	11.72	78.59
92	7.71	2.17	11.57	78.55
93	8.02	2.14	11.37	78.46
94	8.39	2.14	11.40	78.08
95	8.76	2.01	11.17	78.06
96	9.19	1.84	10.75	78.23
97	9.84	1.91	10.98	77.28
98	10.34	1.77	10.94	76.94
99	10.80	1.71	11.02	76.46
100	11.20	1.83	10.72	76.25




