Parameters
	Library type	Paired-end
	Input files	KU330797-16_C_L004_R1_045.fastq	KU330797-16_C_L004_R2_045.fastq
	Primer/Adaptor library	Paired End DNA Library
	Cut-off read length for HQ	70%
	Cut-off quality score	20
	Only statistics	On
	Number of CPUs	2


QC statistics
	File name	KU330797-16_C_L004_R1_045.fastq	KU330797-16_C_L004_R2_045.fastq
	Total number of reads	4000000	4000000
	Total number of HQ reads	3723357	3723357
	Percentage of HQ reads	93.08%	93.08%
	Total number of bases	400000000	400000000
	Total number of bases in HQ reads	372335700	372335700
	Total number of HQ bases in HQ reads	365805159	365228381
	Percentage of HQ bases in HQ reads	98.25%	98.09%
	Number of Primer/Adaptor contaminated HQ reads	5	11
	Total number of HQ filtered reads	3723341	3723341
	Percentage of HQ filtered reads	93.08%	93.08%


Detailed QC statistics
	File name	KU330797-16_C_L004_R1_045.fastq	KU330797-16_C_L004_R2_045.fastq
	Minimum read length	100	100
	Maximum read length	100	100
	Average read length	100.00	100.00
	Total number of reads	4000000	4000000
	Total number of reads with non-ATGC bases	11906	9694
	Percentage of reads with non-ATGC bases	0.30%	0.24%
	Total number of bases	400000000	400000000
	Total number of HQ bases	385400321	381208829
	Percentage of HQ bases	96.35%	95.30%
	Total number of non-ATGC bases	234510	315014
	Percentage of non-ATGC bases	0.06%	0.08%


Average quality score at each base position of input reads

KU330797-16_C_L004_R1_045.fastq
31.89	32.25	32.38	35.96	35.85	35.86	35.86	35.85	37.52	37.28	37.38	37.40	37.43	38.73	38.72	38.72	38.69	38.67	38.74	38.72	38.36	38.48	38.40	38.47	38.48	38.43	38.37	38.32	38.23	38.16	38.14	37.99	38.00	37.89	37.76	37.70	37.63	37.30	37.33	37.30	37.33	37.54	37.30	37.41	37.44	37.37	37.35	37.31	37.23	37.29	37.25	37.08	36.88	37.00	36.95	36.67	36.72	36.60	36.60	36.48	36.47	36.27	36.26	36.08	35.95	35.85	35.69	35.50	35.31	35.05	34.87	34.71	34.54	34.35	34.19	33.31	33.49	33.60	33.53	33.43	33.26	33.09	32.86	32.67	32.47	32.27	32.07	31.78	31.62	31.54	31.39	31.21	31.15	30.94	30.73	30.53	30.35	30.13	29.88	28.48	

KU330797-16_C_L004_R2_045.fastq
36.68	36.73	36.77	36.80	30.29	30.98	31.40	35.11	35.15	35.27	35.21	34.87	36.59	36.66	36.74	36.75	36.76	38.04	38.01	37.97	37.97	37.96	38.01	37.97	37.87	37.83	37.86	37.78	37.76	37.72	37.69	37.62	37.60	37.52	37.47	37.39	37.39	37.35	37.30	37.22	37.17	37.06	37.01	36.89	36.79	36.80	36.89	36.88	36.84	36.80	36.73	36.68	36.69	36.64	35.65	36.01	36.17	36.32	36.36	36.30	36.24	36.09	35.96	35.87	35.78	35.60	35.54	35.53	35.50	35.40	35.02	34.97	34.89	34.79	34.59	34.45	34.27	34.09	33.88	33.74	33.49	33.29	33.15	32.93	32.72	32.48	32.33	32.16	31.98	31.78	31.56	31.40	31.16	31.00	30.83	30.72	30.49	30.32	30.09	29.96	





Read count (%) per base for different quality score ranges

	KU330797-16_C_L004_R1_045.fastq
Ranges	0-10	11-20	21-30	31-40
Base
1	0.74	0.82	11.17	87.26
2	0.12	0.89	10.47	88.52
3	0.12	0.48	10.49	88.91
4	0.11	0.41	3.07	96.41
5	0.18	0.48	3.72	95.63
6	0.15	0.52	3.73	95.60
7	0.15	0.52	3.72	95.61
8	0.16	0.53	3.75	95.56
9	0.17	0.53	3.78	95.52
10	0.51	0.94	4.03	94.52
11	0.18	0.82	4.09	94.90
12	0.18	0.69	4.00	95.13
13	0.18	0.64	3.96	95.21
14	0.39	1.25	6.09	92.26
15	0.43	1.23	6.05	92.29
16	0.41	1.21	6.02	92.36
17	0.43	1.18	6.11	92.28
18	0.46	1.18	6.14	92.22
19	0.46	1.15	6.13	92.26
20	0.47	1.16	6.11	92.26
21	1.27	2.22	6.49	90.02
22	0.52	1.84	6.73	90.91
23	0.83	1.73	6.47	90.96
24	0.60	1.66	6.66	91.08
25	0.63	1.39	6.55	91.43
26	0.90	1.42	6.47	91.20
27	0.99	1.42	6.65	90.94
28	1.08	1.40	6.73	90.80
29	1.17	1.39	6.98	90.45
30	1.24	1.37	7.13	90.25
31	1.27	1.34	7.14	90.25
32	1.41	1.42	7.53	89.63
33	1.36	1.35	7.50	89.79
34	1.46	1.41	7.88	89.26
35	1.57	1.47	8.16	88.80
36	1.61	1.47	8.26	88.66
37	1.65	1.48	8.29	88.58
38	2.42	1.96	8.49	87.12
39	1.77	2.02	8.99	87.22
40	1.86	1.70	8.89	87.55
41	1.83	1.59	8.54	88.03
42	1.82	1.55	8.55	88.08
43	2.59	1.97	8.81	86.63
44	2.01	2.08	9.00	86.92
45	2.09	1.71	8.92	87.28
46	2.18	1.70	8.91	87.21
47	2.21	1.65	8.84	87.30
48	2.27	1.65	8.81	87.27
49	2.37	1.68	8.89	87.07
50	2.34	1.65	8.86	87.15
51	2.48	1.68	8.86	86.98
52	3.06	1.92	8.84	86.17
53	3.21	2.33	9.36	85.10
54	2.63	2.20	9.30	85.88
55	2.75	1.89	9.26	86.11
56	3.40	2.11	9.19	85.30
57	2.83	2.22	9.31	85.63
58	3.00	1.93	9.64	85.44
59	2.98	1.79	9.35	85.87
60	3.10	1.80	9.40	85.70
61	3.08	1.71	9.17	86.03
62	3.22	1.80	9.51	85.47
63	3.16	1.70	9.30	85.84
64	3.30	1.76	9.51	85.43
65	3.34	1.77	9.57	85.31
66	3.37	1.72	9.52	85.38
67	3.43	1.74	9.63	85.20
68	3.52	1.77	9.83	84.88
69	3.61	1.79	9.95	84.66
70	3.88	1.79	10.07	84.26
71	3.93	1.82	10.18	84.06
72	3.97	1.80	10.24	83.99
73	3.97	1.81	10.30	83.93
74	4.03	1.82	10.41	83.74
75	4.04	1.78	10.42	83.76
76	3.87	1.86	13.06	81.21
77	4.05	1.79	11.48	82.69
78	4.09	1.73	10.78	83.40
79	4.19	1.70	10.47	83.63
80	4.23	1.65	10.17	83.95
81	4.35	1.67	10.13	83.85
82	4.44	1.68	10.13	83.75
83	4.62	1.77	10.36	83.24
84	4.77	1.82	10.45	82.97
85	4.93	1.87	10.63	82.57
86	5.14	1.90	10.83	82.13
87	5.37	1.97	10.96	81.71
88	5.99	2.13	10.91	80.96
89	5.95	2.36	11.40	80.28
90	6.07	2.19	11.46	80.28
91	6.37	2.14	11.45	80.04
92	6.72	2.17	11.54	79.58
93	6.98	2.04	11.15	79.83
94	7.47	2.06	11.24	79.23
95	7.95	2.06	11.37	78.61
96	8.51	1.99	11.43	78.08
97	9.10	1.83	11.25	77.82
98	9.78	1.70	11.15	77.37
99	10.58	1.59	10.96	76.87
100	11.70	3.37	17.46	67.48


	KU330797-16_C_L004_R2_045.fastq
Ranges	0-10	11-20	21-30	31-40
Base
1	0.56	0.29	0.20	98.95
2	0.57	0.26	0.17	99.01
3	0.46	0.20	0.16	99.18
4	0.40	0.14	0.15	99.31
5	1.91	2.42	23.32	72.35
6	1.39	1.67	16.58	80.36
7	1.26	1.32	14.16	83.26
8	1.35	1.26	5.12	92.27
9	1.29	1.23	5.34	92.14
10	1.02	1.25	4.93	92.80
11	1.11	1.31	5.21	92.38
12	1.76	2.03	5.21	91.00
13	1.20	1.88	5.36	91.56
14	1.23	1.46	5.18	92.13
15	1.22	1.33	4.99	92.47
16	1.22	1.32	4.99	92.47
17	1.24	1.27	5.01	92.48
18	2.23	2.31	7.32	88.14
19	2.24	2.28	7.34	88.14
20	2.34	2.23	7.45	87.98
21	2.26	2.28	7.37	88.09
22	2.27	2.28	7.39	88.06
23	2.38	2.25	7.53	87.83
24	2.42	2.26	7.58	87.75
25	2.52	2.29	7.83	87.36
26	2.54	2.28	7.81	87.36
27	2.50	2.18	7.67	87.65
28	2.73	2.30	8.18	86.79
29	2.74	2.23	8.17	86.87
30	2.80	2.17	8.19	86.84
31	2.84	2.14	8.24	86.78
32	2.96	2.08	8.40	86.56
33	2.97	2.02	8.43	86.58
34	3.08	2.01	8.67	86.24
35	3.13	1.98	8.83	86.06
36	3.23	1.99	9.09	85.68
37	3.18	1.94	9.17	85.71
38	3.22	1.93	9.32	85.52
39	3.29	1.89	9.38	85.43
40	3.40	1.92	9.53	85.15
41	3.44	1.94	9.56	85.05
42	3.57	1.96	9.74	84.74
43	3.58	1.99	9.76	84.66
44	3.69	2.07	9.91	84.33
45	3.77	2.10	10.03	84.10
46	3.64	2.06	9.97	84.33
47	3.71	2.10	10.13	84.06
48	3.79	2.07	10.17	83.97
49	3.92	2.09	10.14	83.84
50	3.96	2.11	10.15	83.78
51	4.07	2.11	10.17	83.65
52	4.13	2.12	10.20	83.56
53	4.10	2.07	10.11	83.72
54	4.23	2.06	10.01	83.70
55	3.31	1.81	9.86	85.01
56	3.58	1.82	9.09	85.51
57	4.13	2.04	9.78	84.05
58	4.27	2.07	9.94	83.71
59	4.45	2.05	10.00	83.49
60	4.58	2.11	10.09	83.22
61	4.64	2.08	10.08	83.20
62	4.78	2.18	10.23	82.81
63	4.85	2.18	10.43	82.54
64	4.90	2.18	10.40	82.52
65	4.89	2.16	10.44	82.50
66	4.95	2.23	10.59	82.23
67	4.95	2.19	10.52	82.35
68	4.95	2.16	10.53	82.36
69	5.00	2.05	10.35	82.60
70	5.09	2.01	10.23	82.67
71	5.69	2.31	10.44	81.56
72	5.19	2.40	10.64	81.77
73	5.22	2.10	10.60	82.08
74	5.22	2.01	10.37	82.40
75	5.29	2.02	10.46	82.23
76	5.30	1.98	10.36	82.36
77	5.31	1.95	10.45	82.29
78	5.34	1.93	10.47	82.26
79	5.41	1.92	10.52	82.15
80	5.39	1.87	10.39	82.34
81	5.51	1.92	10.59	81.99
82	5.57	1.92	10.58	81.93
83	5.58	1.86	10.41	82.14
84	5.71	1.90	10.53	81.86
85	5.83	1.92	10.59	81.67
86	6.03	1.97	10.71	81.28
87	6.13	1.95	10.67	81.25
88	6.30	1.94	10.61	81.16
89	6.49	1.95	10.64	80.92
90	6.73	1.97	10.66	80.64
91	7.05	2.03	10.85	80.06
92	7.31	2.01	10.78	79.91
93	7.71	2.08	10.95	79.25
94	8.05	2.05	10.87	79.03
95	8.45	1.97	10.78	78.79
96	8.85	1.80	10.41	78.95
97	9.41	1.77	10.47	78.35
98	9.90	1.65	10.33	78.12
99	10.38	1.67	10.63	77.32
100	10.76	1.75	10.29	77.21




