Parameters
	Library type	Paired-end
	Input files	KU330797-16_C_L004_R1_038.fastq	KU330797-16_C_L004_R2_038.fastq
	Primer/Adaptor library	Paired End DNA Library
	Cut-off read length for HQ	70%
	Cut-off quality score	20
	Only statistics	On
	Number of CPUs	2


QC statistics
	File name	KU330797-16_C_L004_R1_038.fastq	KU330797-16_C_L004_R2_038.fastq
	Total number of reads	4000000	4000000
	Total number of HQ reads	3717171	3717171
	Percentage of HQ reads	92.93%	92.93%
	Total number of bases	400000000	400000000
	Total number of bases in HQ reads	371717100	371717100
	Total number of HQ bases in HQ reads	365675880	364415968
	Percentage of HQ bases in HQ reads	98.37%	98.04%
	Number of Primer/Adaptor contaminated HQ reads	8	10
	Total number of HQ filtered reads	3717153	3717153
	Percentage of HQ filtered reads	92.93%	92.93%


Detailed QC statistics
	File name	KU330797-16_C_L004_R1_038.fastq	KU330797-16_C_L004_R2_038.fastq
	Minimum read length	100	100
	Maximum read length	100	100
	Average read length	100.00	100.00
	Total number of reads	4000000	4000000
	Total number of reads with non-ATGC bases	12841	10405
	Percentage of reads with non-ATGC bases	0.32%	0.26%
	Total number of bases	400000000	400000000
	Total number of HQ bases	385970843	380580497
	Percentage of HQ bases	96.49%	95.15%
	Total number of non-ATGC bases	246740	294495
	Percentage of non-ATGC bases	0.06%	0.07%


Average quality score at each base position of input reads

KU330797-16_C_L004_R1_038.fastq
31.98	32.27	32.41	35.99	35.69	35.73	35.77	35.76	37.47	37.47	37.43	37.41	37.40	38.65	38.56	38.65	38.55	38.64	38.66	38.63	38.59	38.55	38.51	38.51	38.44	38.35	38.22	38.16	38.15	38.07	38.05	37.97	37.88	37.83	37.73	37.62	37.57	37.49	37.35	37.32	37.22	37.51	37.55	37.49	37.47	37.38	37.27	37.32	37.29	37.36	37.31	37.18	37.23	37.16	37.11	36.95	36.89	36.79	36.64	36.55	36.32	36.25	36.15	36.00	35.93	35.74	35.65	35.47	35.28	35.06	34.89	34.70	34.48	34.33	34.12	33.23	33.50	33.60	33.51	33.36	33.20	33.02	32.73	32.51	32.37	32.24	32.10	31.87	31.69	31.48	31.33	31.26	31.10	30.92	30.74	30.65	30.46	30.22	29.99	28.39	

KU330797-16_C_L004_R2_038.fastq
36.68	36.72	36.69	36.77	30.41	31.14	31.47	35.04	35.07	35.05	35.09	35.04	36.70	36.63	36.65	36.67	36.65	37.94	37.86	37.83	37.70	37.74	37.83	37.76	37.75	37.73	37.66	37.69	37.65	37.38	37.41	37.47	37.42	37.36	37.26	37.22	37.09	37.07	37.04	37.04	36.86	36.84	36.83	36.75	36.70	36.67	36.69	36.69	36.72	36.57	36.59	36.53	36.44	36.32	35.36	35.81	36.07	36.21	36.26	36.11	36.14	35.99	35.94	35.77	35.64	35.58	35.45	35.37	35.33	35.12	35.15	34.95	34.84	34.67	34.55	34.39	34.20	33.99	33.75	33.54	33.40	33.21	32.94	32.75	32.59	32.41	32.30	32.11	31.88	31.66	31.57	31.36	31.11	30.88	30.76	30.57	30.34	30.12	30.02	29.82	





Read count (%) per base for different quality score ranges

	KU330797-16_C_L004_R1_038.fastq
Ranges	0-10	11-20	21-30	31-40
Base
1	0.31	0.50	11.73	87.46
2	0.13	0.56	10.63	88.68
3	0.11	0.35	10.20	89.33
4	0.10	0.32	2.99	96.59
5	0.45	0.66	4.11	94.78
6	0.17	0.80	4.13	94.91
7	0.17	0.60	4.04	95.19
8	0.19	0.60	4.07	95.14
9	0.17	0.55	3.94	95.35
10	0.17	0.54	3.92	95.37
11	0.18	0.57	4.04	95.21
12	0.19	0.58	4.10	95.14
13	0.19	0.58	4.15	95.09
14	0.41	1.20	6.33	92.06
15	0.48	1.30	6.50	91.73
16	0.41	1.17	6.09	92.34
17	0.47	1.27	6.47	91.79
18	0.41	1.13	6.01	92.46
19	0.47	1.20	6.23	92.10
20	0.48	1.20	6.29	92.03
21	0.50	1.22	6.38	91.90
22	0.54	1.23	6.39	91.84
23	0.57	1.23	6.43	91.77
24	0.58	1.22	6.55	91.64
25	0.65	1.25	6.70	91.40
26	0.93	1.34	6.65	91.07
27	1.10	1.46	6.95	90.50
28	1.14	1.45	7.07	90.34
29	1.16	1.37	7.03	90.45
30	1.25	1.38	7.23	90.14
31	1.27	1.34	7.23	90.15
32	1.34	1.36	7.51	89.79
33	1.42	1.37	7.77	89.44
34	1.43	1.37	7.85	89.34
35	1.53	1.43	8.09	88.96
36	1.60	1.46	8.30	88.64
37	1.61	1.46	8.35	88.58
38	1.68	1.48	8.39	88.46
39	1.80	1.56	8.67	87.97
40	1.79	1.53	8.64	88.04
41	1.86	1.57	8.76	87.82
42	1.75	1.48	8.62	88.15
43	1.85	1.47	8.59	88.09
44	1.97	1.53	8.69	87.81
45	2.04	1.56	8.68	87.73
46	2.12	1.61	8.83	87.44
47	2.21	1.67	9.02	87.10
48	2.16	1.59	8.77	87.48
49	2.23	1.60	8.70	87.47
50	2.22	1.54	8.61	87.63
51	2.29	1.60	8.73	87.38
52	2.44	1.67	9.00	86.89
53	2.40	1.58	8.73	87.28
54	2.52	1.59	8.73	87.16
55	2.56	1.59	8.75	87.10
56	2.68	1.68	8.99	86.65
57	2.69	1.66	8.94	86.72
58	2.76	1.66	9.02	86.55
59	2.87	1.71	9.25	86.16
60	2.93	1.71	9.23	86.14
61	3.08	1.82	9.59	85.50
62	3.07	1.78	9.61	85.54
63	3.10	1.75	9.56	85.58
64	3.17	1.80	9.68	85.35
65	3.17	1.74	9.63	85.46
66	3.28	1.79	9.87	85.06
67	3.28	1.74	9.75	85.23
68	3.39	1.76	9.92	84.93
69	3.48	1.79	10.09	84.64
70	3.76	1.74	10.07	84.43
71	3.77	1.80	10.17	84.25
72	3.86	1.81	10.38	83.96
73	3.92	1.85	10.57	83.66
74	3.92	1.80	10.61	83.67
75	4.02	1.83	10.74	83.41
76	3.81	1.91	13.61	80.68
77	3.89	1.74	11.65	82.71
78	3.99	1.68	10.85	83.47
79	4.12	1.71	10.62	83.55
80	4.22	1.71	10.58	83.48
81	4.33	1.72	10.50	83.45
82	4.42	1.75	10.49	83.34
83	4.65	1.90	10.98	82.47
84	4.80	1.99	11.29	81.93
85	4.93	1.96	11.27	81.84
86	5.06	1.94	11.20	81.80
87	5.25	1.95	11.07	81.73
88	5.51	2.09	11.41	81.00
89	5.75	2.13	11.63	80.49
90	6.07	2.23	11.90	79.80
91	6.30	2.25	12.01	79.45
92	6.51	2.14	11.71	79.63
93	6.88	2.15	11.72	79.25
94	7.28	2.14	11.78	78.81
95	7.74	2.13	11.85	78.29
96	8.17	1.91	11.39	78.53
97	8.77	1.77	11.20	78.26
98	9.47	1.67	11.23	77.64
99	10.27	1.52	10.88	77.33
100	11.54	3.63	18.44	66.39


	KU330797-16_C_L004_R2_038.fastq
Ranges	0-10	11-20	21-30	31-40
Base
1	0.58	0.30	0.21	98.91
2	0.53	0.30	0.22	98.95
3	0.41	0.24	0.19	99.16
4	0.37	0.16	0.19	99.28
5	2.15	2.06	21.45	74.34
6	1.31	1.58	16.00	81.11
7	1.29	1.25	14.18	83.27
8	1.42	1.23	5.64	91.71
9	1.40	1.24	5.61	91.76
10	1.22	1.53	5.68	91.57
11	1.19	1.50	5.50	91.81
12	1.27	1.53	5.63	91.57
13	1.17	1.37	5.27	92.18
14	1.26	1.41	5.47	91.86
15	1.32	1.39	5.25	92.04
16	1.25	1.41	5.28	92.07
17	1.29	1.34	5.31	92.06
18	2.27	2.31	7.51	87.92
19	2.36	2.38	7.72	87.54
20	2.36	2.40	7.63	87.61
21	2.42	2.61	7.97	87.00
22	2.36	2.49	7.77	87.38
23	2.43	2.43	7.91	87.23
24	2.51	2.46	8.04	86.99
25	2.50	2.41	7.98	87.11
26	2.62	2.44	7.87	87.07
27	2.61	2.47	8.17	86.75
28	2.70	2.39	8.33	86.59
29	2.77	2.33	8.37	86.53
30	3.40	2.72	8.66	85.22
31	2.93	2.56	8.87	85.63
32	2.91	2.27	8.61	86.20
33	3.05	2.20	8.79	85.95
34	3.10	2.15	8.99	85.76
35	3.25	2.14	9.29	85.32
36	3.27	2.10	9.47	85.17
37	3.41	2.15	9.81	84.63
38	3.40	2.12	9.91	84.57
39	3.50	2.09	9.94	84.47
40	3.48	2.04	9.92	84.56
41	3.71	2.15	10.31	83.83
42	3.66	2.11	10.26	83.96
43	3.67	2.10	10.19	84.04
44	3.71	2.14	10.25	83.89
45	3.77	2.11	10.25	83.88
46	3.74	2.13	10.24	83.90
47	3.89	2.23	10.56	83.32
48	3.99	2.23	10.58	83.21
49	3.98	2.16	10.43	83.43
50	4.23	2.26	10.68	82.83
51	4.16	2.20	10.54	83.10
52	4.27	2.22	10.59	82.91
53	4.37	2.28	10.64	82.71
54	4.50	2.33	10.75	82.43
55	3.46	2.02	10.70	83.81
56	3.63	1.88	9.51	84.98
57	4.10	2.06	9.90	83.94
58	4.35	2.10	10.15	83.40
59	4.49	2.10	10.20	83.22
60	4.72	2.23	10.50	82.55
61	4.66	2.15	10.31	82.88
62	4.82	2.20	10.46	82.52
63	4.85	2.15	10.47	82.53
64	4.98	2.21	10.69	82.12
65	5.01	2.27	10.76	81.97
66	4.97	2.20	10.69	82.14
67	5.07	2.21	10.74	81.98
68	5.06	2.23	10.91	81.80
69	5.10	2.14	10.74	82.02
70	5.30	2.24	10.90	81.55
71	5.16	2.06	10.60	82.18
72	5.29	2.08	10.70	81.93
73	5.29	2.04	10.64	82.04
74	5.33	2.05	10.68	81.93
75	5.32	1.99	10.59	82.10
76	5.34	1.97	10.60	82.09
77	5.39	1.96	10.67	81.99
78	5.44	1.99	10.72	81.85
79	5.52	2.03	10.93	81.52
80	5.58	2.02	11.03	81.38
81	5.56	1.95	10.90	81.59
82	5.67	1.92	10.85	81.56
83	5.81	2.06	11.11	81.02
84	5.87	2.07	11.16	80.89
85	5.95	2.02	11.07	80.96
86	6.08	2.02	11.07	80.83
87	6.14	1.93	10.82	81.10
88	6.35	1.95	10.81	80.90
89	6.59	2.02	10.97	80.42
90	6.87	2.08	11.15	79.90
91	7.02	1.98	10.84	80.16
92	7.36	2.01	10.98	79.66
93	7.79	2.09	11.18	78.93
94	8.21	2.14	11.36	78.30
95	8.58	1.99	11.05	78.38
96	9.08	1.92	10.93	78.07
97	9.64	1.88	10.94	77.54
98	10.18	1.83	11.02	76.97
99	10.60	1.60	10.72	77.08
100	11.02	1.84	10.65	76.48




