Parameters
	Library type	Paired-end
	Input files	KU330797-16_C_L004_R1_033.fastq	KU330797-16_C_L004_R2_033.fastq
	Primer/Adaptor library	Paired End DNA Library
	Cut-off read length for HQ	70%
	Cut-off quality score	20
	Only statistics	On
	Number of CPUs	2


QC statistics
	File name	KU330797-16_C_L004_R1_033.fastq	KU330797-16_C_L004_R2_033.fastq
	Total number of reads	4000000	4000000
	Total number of HQ reads	3756985	3756985
	Percentage of HQ reads	93.92%	93.92%
	Total number of bases	400000000	400000000
	Total number of bases in HQ reads	375698500	375698500
	Total number of HQ bases in HQ reads	370746705	370773808
	Percentage of HQ bases in HQ reads	98.68%	98.69%
	Number of Primer/Adaptor contaminated HQ reads	9	12
	Total number of HQ filtered reads	3756964	3756964
	Percentage of HQ filtered reads	93.92%	93.92%


Detailed QC statistics
	File name	KU330797-16_C_L004_R1_033.fastq	KU330797-16_C_L004_R2_033.fastq
	Minimum read length	100	100
	Maximum read length	100	100
	Average read length	100.00	100.00
	Total number of reads	4000000	4000000
	Total number of reads with non-ATGC bases	14010	10404
	Percentage of reads with non-ATGC bases	0.35%	0.26%
	Total number of bases	400000000	400000000
	Total number of HQ bases	387872667	385457336
	Percentage of HQ bases	96.97%	96.36%
	Total number of non-ATGC bases	269302	348919
	Percentage of non-ATGC bases	0.07%	0.09%


Average quality score at each base position of input reads

KU330797-16_C_L004_R1_033.fastq
32.58	32.84	32.90	36.32	36.25	36.08	36.18	36.22	37.98	37.97	37.96	37.94	37.94	39.43	39.41	39.39	39.37	39.33	39.37	39.34	39.32	39.27	39.21	39.17	39.15	39.05	38.96	38.91	38.86	38.78	38.73	38.66	38.58	38.49	38.44	38.38	38.24	38.19	38.11	38.06	37.98	38.09	38.13	38.09	38.08	37.97	37.91	37.82	37.79	37.89	37.90	37.89	37.85	37.77	37.71	37.64	37.57	37.45	37.35	37.27	37.12	36.97	36.87	36.72	36.58	36.39	35.76	35.77	35.70	35.57	35.47	35.31	35.10	34.90	34.70	33.83	34.10	34.17	34.06	33.92	33.74	33.54	33.33	33.16	32.95	32.78	32.64	32.50	32.28	32.08	31.96	31.84	31.67	31.49	31.32	31.16	31.01	30.80	30.57	29.18	

KU330797-16_C_L004_R2_033.fastq
36.68	36.72	36.75	36.78	31.13	31.79	32.17	35.83	35.86	35.86	35.85	35.85	37.53	37.53	37.49	37.47	37.46	38.92	38.88	38.81	38.83	38.81	38.83	38.79	38.76	38.70	38.67	38.70	38.62	38.59	38.53	38.48	38.42	38.38	38.34	38.28	38.22	38.10	38.06	38.01	37.92	37.86	37.88	37.78	37.73	37.63	37.75	37.72	37.70	37.64	37.61	37.44	37.41	37.37	36.43	36.75	37.07	37.13	37.11	37.05	37.00	36.84	36.65	36.56	36.44	36.36	36.25	36.33	36.27	36.18	36.07	35.93	35.84	35.68	35.54	35.35	35.16	34.96	34.75	34.55	34.34	34.12	33.88	33.68	33.47	33.30	33.11	32.95	32.81	32.55	32.38	32.21	32.06	31.88	31.70	31.57	31.41	31.24	31.11	30.93	





Read count (%) per base for different quality score ranges

	KU330797-16_C_L004_R1_033.fastq
Ranges	0-10	11-20	21-30	31-40
Base
1	0.13	0.28	6.97	92.62
2	0.06	0.29	6.27	93.37
3	0.07	0.23	6.30	93.40
4	0.06	0.21	1.86	97.87
5	0.10	0.26	2.23	97.41
6	0.40	0.60	2.38	96.63
7	0.09	0.47	2.48	96.96
8	0.09	0.33	2.29	97.30
9	0.10	0.33	2.40	97.17
10	0.10	0.34	2.42	97.14
11	0.11	0.33	2.46	97.10
12	0.11	0.34	2.51	97.04
13	0.11	0.33	2.49	97.07
14	0.30	0.80	4.61	94.29
15	0.32	0.82	4.61	94.26
16	0.31	0.85	4.64	94.19
17	0.33	0.85	4.66	94.17
18	0.35	0.87	4.73	94.05
19	0.36	0.88	4.79	93.97
20	0.38	0.89	4.79	93.94
21	0.40	0.89	4.83	93.88
22	0.43	0.92	4.93	93.72
23	0.50	0.93	4.98	93.58
24	0.57	0.99	5.23	93.21
25	0.61	0.97	5.19	93.23
26	0.84	1.05	5.23	92.88
27	0.98	1.11	5.41	92.51
28	1.02	1.08	5.44	92.46
29	1.09	1.06	5.50	92.35
30	1.18	1.08	5.67	92.07
31	1.22	1.05	5.78	91.96
32	1.29	1.06	5.92	91.73
33	1.35	1.09	6.06	91.51
34	1.41	1.10	6.26	91.23
35	1.46	1.10	6.31	91.13
36	1.49	1.11	6.35	91.06
37	1.61	1.17	6.61	90.61
38	1.62	1.14	6.57	90.66
39	1.69	1.17	6.66	90.48
40	1.73	1.15	6.62	90.50
41	1.78	1.17	6.69	90.36
42	1.90	1.23	6.94	89.93
43	1.97	1.22	6.87	89.93
44	2.08	1.26	6.93	89.73
45	2.14	1.27	6.89	89.70
46	2.24	1.32	7.11	89.32
47	2.30	1.31	7.09	89.29
48	2.38	1.37	7.25	89.00
49	2.39	1.34	7.17	89.10
50	2.44	1.31	7.07	89.18
51	2.54	1.34	6.96	89.16
52	2.62	1.31	6.99	89.09
53	2.70	1.31	6.99	89.00
54	2.79	1.32	7.00	88.89
55	2.83	1.33	7.03	88.80
56	2.86	1.33	7.03	88.78
57	2.89	1.28	7.00	88.83
58	2.98	1.32	7.10	88.59
59	3.03	1.30	7.18	88.49
60	3.07	1.30	7.12	88.51
61	3.14	1.32	7.28	88.26
62	3.21	1.36	7.39	88.04
63	3.22	1.33	7.40	88.05
64	3.28	1.35	7.49	87.88
65	3.33	1.36	7.54	87.77
66	3.38	1.37	7.68	87.57
67	4.89	1.91	7.98	85.22
68	3.57	2.28	8.66	85.49
69	3.56	1.73	8.68	86.03
70	3.82	1.48	8.16	86.53
71	3.79	1.45	8.00	86.76
72	3.83	1.41	8.04	86.72
73	3.87	1.40	8.19	86.53
74	3.90	1.40	8.30	86.40
75	3.94	1.41	8.36	86.29
76	3.66	1.42	10.57	84.35
77	3.76	1.31	8.80	86.13
78	3.87	1.28	8.23	86.61
79	3.97	1.32	8.12	86.59
80	4.02	1.30	8.02	86.65
81	4.11	1.30	7.99	86.60
82	4.20	1.37	8.05	86.38
83	4.31	1.41	8.25	86.03
84	4.41	1.42	8.30	85.87
85	4.57	1.48	8.50	85.45
86	4.70	1.50	8.60	85.21
87	4.83	1.50	8.59	85.08
88	4.98	1.51	8.63	84.88
89	5.23	1.62	8.96	84.19
90	5.47	1.70	9.27	83.56
91	5.65	1.70	9.33	83.32
92	5.88	1.68	9.31	83.13
93	6.19	1.69	9.42	82.71
94	6.55	1.71	9.58	82.15
95	6.95	1.72	9.68	81.66
96	7.37	1.65	9.63	81.35
97	7.84	1.53	9.52	81.12
98	8.42	1.41	9.58	80.58
99	9.10	1.35	9.44	80.11
100	10.12	2.95	16.18	70.76


	KU330797-16_C_L004_R2_033.fastq
Ranges	0-10	11-20	21-30	31-40
Base
1	0.61	0.33	0.22	98.84
2	0.64	0.30	0.19	98.87
3	0.53	0.25	0.15	99.07
4	0.43	0.21	0.15	99.21
5	1.22	1.23	15.15	82.41
6	0.83	0.93	10.15	88.09
7	0.79	0.71	8.93	89.56
8	0.76	0.62	3.04	95.58
9	0.77	0.59	3.01	95.64
10	0.70	0.70	3.06	95.54
11	0.72	0.73	3.12	95.43
12	0.73	0.70	3.04	95.52
13	0.82	0.71	3.06	95.42
14	0.84	0.70	3.06	95.41
15	0.93	0.69	3.06	95.31
16	0.91	0.75	3.13	95.21
17	0.94	0.70	3.12	95.24
18	2.12	1.63	5.64	90.60
19	2.23	1.65	5.75	90.38
20	2.24	1.74	5.85	90.16
21	2.11	1.80	5.73	90.36
22	2.16	1.75	5.78	90.31
23	2.29	1.70	5.98	90.03
24	2.30	1.68	6.02	89.99
25	2.36	1.66	5.99	89.99
26	2.42	1.68	6.10	89.80
27	2.46	1.66	6.08	89.80
28	2.57	1.66	6.25	89.53
29	2.65	1.68	6.43	89.24
30	2.66	1.59	6.38	89.37
31	2.73	1.58	6.48	89.21
32	2.78	1.54	6.52	89.16
33	2.84	1.52	6.64	89.00
34	2.86	1.46	6.71	88.97
35	2.93	1.45	6.82	88.80
36	3.00	1.44	6.97	88.59
37	3.06	1.44	7.09	88.41
38	3.17	1.49	7.35	88.00
39	3.22	1.46	7.35	87.97
40	3.29	1.45	7.40	87.87
41	3.39	1.49	7.51	87.61
42	3.43	1.48	7.59	87.50
43	3.37	1.44	7.41	87.78
44	3.43	1.50	7.54	87.53
45	3.46	1.49	7.56	87.50
46	3.51	1.55	7.65	87.29
47	3.58	1.61	7.77	87.05
48	3.68	1.59	7.85	86.88
49	3.73	1.54	7.83	86.90
50	3.83	1.56	7.80	86.81
51	3.86	1.52	7.76	86.86
52	4.00	1.65	8.04	86.31
53	3.99	1.61	7.95	86.44
54	4.02	1.62	7.89	86.47
55	2.89	1.28	7.18	88.65
56	3.25	1.30	6.72	88.72
57	3.66	1.41	7.13	87.79
58	4.06	1.54	7.60	86.81
59	4.25	1.59	7.80	86.36
60	4.33	1.62	7.90	86.14
61	4.34	1.62	7.87	86.16
62	4.47	1.65	8.02	85.86
63	4.82	1.82	8.17	85.20
64	4.54	1.92	8.40	85.14
65	4.54	1.79	8.54	85.13
66	4.50	1.75	8.40	85.35
67	4.52	1.71	8.45	85.32
68	4.53	1.62	8.29	85.57
69	4.65	1.57	8.18	85.59
70	4.67	1.54	8.06	85.73
71	4.68	1.52	8.00	85.80
72	4.72	1.51	7.98	85.79
73	4.64	1.45	7.80	86.12
74	4.67	1.44	7.79	86.10
75	4.61	1.39	7.69	86.32
76	4.60	1.39	7.73	86.28
77	4.61	1.38	7.75	86.25
78	4.57	1.37	7.80	86.26
79	4.60	1.38	7.83	86.19
80	4.60	1.37	7.82	86.21
81	4.64	1.37	7.88	86.10
82	4.71	1.38	7.91	86.00
83	4.77	1.45	8.05	85.73
84	4.81	1.44	8.13	85.61
85	4.90	1.47	8.19	85.44
86	4.96	1.44	8.17	85.43
87	5.07	1.45	8.22	85.26
88	5.17	1.44	8.18	85.21
89	5.30	1.40	8.05	85.26
90	5.55	1.53	8.38	84.55
91	5.72	1.53	8.47	84.27
92	5.93	1.56	8.59	83.91
93	6.16	1.55	8.57	83.72
94	6.45	1.57	8.67	83.31
95	6.77	1.56	8.74	82.92
96	7.08	1.48	8.64	82.80
97	7.47	1.41	8.59	82.54
98	7.86	1.37	8.64	82.12
99	8.21	1.25	8.54	81.99
100	8.56	1.43	8.61	81.40




