Parameters
	Library type	Paired-end
	Input files	KU330797-16_C_L004_R1_039.fastq	KU330797-16_C_L004_R2_039.fastq
	Primer/Adaptor library	Paired End DNA Library
	Cut-off read length for HQ	70%
	Cut-off quality score	20
	Only statistics	On
	Number of CPUs	2


QC statistics
	File name	KU330797-16_C_L004_R1_039.fastq	KU330797-16_C_L004_R2_039.fastq
	Total number of reads	4000000	4000000
	Total number of HQ reads	3685209	3685209
	Percentage of HQ reads	92.13%	92.13%
	Total number of bases	400000000	400000000
	Total number of bases in HQ reads	368520900	368520900
	Total number of HQ bases in HQ reads	362857405	361910069
	Percentage of HQ bases in HQ reads	98.46%	98.21%
	Number of Primer/Adaptor contaminated HQ reads	6	13
	Total number of HQ filtered reads	3685190	3685190
	Percentage of HQ filtered reads	92.13%	92.13%


Detailed QC statistics
	File name	KU330797-16_C_L004_R1_039.fastq	KU330797-16_C_L004_R2_039.fastq
	Minimum read length	100	100
	Maximum read length	100	100
	Average read length	100.00	100.00
	Total number of reads	4000000	4000000
	Total number of reads with non-ATGC bases	13357	10577
	Percentage of reads with non-ATGC bases	0.33%	0.26%
	Total number of bases	400000000	400000000
	Total number of HQ bases	385265717	380243647
	Percentage of HQ bases	96.32%	95.06%
	Total number of non-ATGC bases	268200	357277
	Percentage of non-ATGC bases	0.07%	0.09%


Average quality score at each base position of input reads

KU330797-16_C_L004_R1_039.fastq
32.20	32.54	32.65	36.17	36.06	36.03	36.02	36.05	37.78	37.77	37.74	37.69	37.69	39.08	39.07	39.04	39.06	39.01	39.07	39.04	39.00	38.97	38.90	38.87	38.73	38.67	38.60	38.54	38.49	38.42	38.37	38.28	38.23	38.12	37.97	37.88	37.82	37.71	37.66	37.48	37.48	37.69	37.60	37.59	37.58	37.54	37.49	37.42	37.31	37.45	37.43	37.43	37.36	37.29	37.12	37.06	37.01	36.93	36.83	36.74	36.58	36.43	36.37	36.22	36.05	35.95	35.81	35.59	35.33	35.07	34.94	34.73	34.50	34.35	34.15	33.22	33.51	33.62	33.55	33.41	33.21	32.98	32.72	32.55	32.36	32.13	31.98	31.82	31.68	31.54	31.34	31.18	31.01	30.88	30.74	30.58	30.36	30.12	29.87	28.44	

KU330797-16_C_L004_R2_039.fastq
36.65	36.69	36.74	36.77	30.58	31.27	31.69	35.41	35.50	35.47	35.48	35.43	36.97	37.02	37.03	36.94	37.03	38.35	38.33	38.29	38.24	38.27	38.21	38.24	38.17	38.10	38.02	38.11	38.01	37.99	37.86	37.89	37.83	37.78	37.62	37.64	37.53	37.37	37.38	37.39	37.31	37.22	37.16	37.11	37.01	36.85	36.94	37.04	36.99	36.92	36.85	36.72	36.64	36.49	35.64	36.05	36.34	36.38	36.40	36.21	36.18	36.04	35.98	35.85	35.73	35.65	35.51	35.41	35.46	35.37	35.25	35.10	34.97	34.76	34.63	34.51	34.19	34.01	33.71	33.62	33.41	33.18	33.04	32.78	32.54	32.44	32.20	32.01	31.80	31.64	31.34	31.20	30.98	30.78	30.62	30.41	30.04	29.99	29.90	29.68	





Read count (%) per base for different quality score ranges

	KU330797-16_C_L004_R1_039.fastq
Ranges	0-10	11-20	21-30	31-40
Base
1	0.47	0.58	9.35	89.60
2	0.08	0.73	8.31	90.88
3	0.09	0.29	8.53	91.09
4	0.08	0.24	2.37	97.31
5	0.14	0.34	2.95	96.56
6	0.13	0.42	3.11	96.34
7	0.14	0.44	3.12	96.30
8	0.12	0.41	2.98	96.49
9	0.13	0.41	3.00	96.47
10	0.13	0.41	3.04	96.41
11	0.14	0.44	3.15	96.28
12	0.16	0.46	3.27	96.11
13	0.15	0.46	3.26	96.14
14	0.37	1.05	5.58	92.99
15	0.38	1.04	5.51	93.08
16	0.39	1.09	5.58	92.94
17	0.38	1.01	5.46	93.16
18	0.41	1.05	5.60	92.94
19	0.43	1.04	5.56	92.98
20	0.43	1.04	5.57	92.95
21	0.47	1.05	5.65	92.83
22	0.49	1.04	5.66	92.80
23	0.56	1.09	5.80	92.55
24	0.63	1.12	6.00	92.25
25	0.77	1.24	6.40	91.59
26	1.01	1.28	6.18	91.54
27	1.10	1.31	6.32	91.26
28	1.19	1.30	6.39	91.12
29	1.26	1.28	6.39	91.07
30	1.34	1.26	6.53	90.86
31	1.39	1.26	6.62	90.73
32	1.49	1.28	6.87	90.36
33	1.53	1.28	6.97	90.22
34	1.64	1.31	7.23	89.82
35	1.78	1.41	7.57	89.24
36	1.84	1.44	7.76	88.95
37	1.86	1.41	7.78	88.95
38	1.97	1.45	7.89	88.69
39	2.01	1.42	7.88	88.69
40	2.18	1.55	8.13	88.14
41	2.12	1.46	8.01	88.41
42	2.15	1.43	7.98	88.45
43	2.36	1.52	8.23	87.89
44	2.44	1.56	8.18	87.82
45	2.50	1.54	8.11	87.84
46	2.54	1.54	8.15	87.77
47	2.62	1.53	8.11	87.75
48	2.69	1.55	8.13	87.63
49	2.83	1.62	8.30	87.26
50	2.80	1.53	8.14	87.53
51	2.98	1.58	8.13	87.31
52	3.04	1.55	8.14	87.27
53	3.15	1.57	8.20	87.08
54	3.27	1.58	8.22	86.92
55	3.41	1.70	8.56	86.34
56	3.43	1.68	8.53	86.37
57	3.44	1.62	8.42	86.52
58	3.51	1.61	8.37	86.52
59	3.56	1.59	8.52	86.33
60	3.62	1.57	8.45	86.36
61	3.72	1.63	8.56	86.09
62	3.80	1.66	8.71	85.83
63	3.77	1.61	8.61	86.01
64	3.86	1.62	8.73	85.78
65	3.96	1.65	8.85	85.54
66	3.95	1.62	8.84	85.59
67	3.99	1.59	8.80	85.62
68	4.12	1.65	9.01	85.22
69	4.22	1.72	9.36	84.69
70	4.52	1.71	9.46	84.31
71	4.48	1.69	9.39	84.43
72	4.58	1.69	9.54	84.18
73	4.66	1.74	9.78	83.81
74	4.61	1.71	9.72	83.96
75	4.71	1.72	9.80	83.78
76	4.48	1.82	12.53	81.17
77	4.52	1.62	10.59	83.27
78	4.64	1.57	9.80	83.99
79	4.72	1.54	9.49	84.24
80	4.82	1.54	9.38	84.26
81	4.95	1.59	9.42	84.04
82	5.08	1.67	9.61	83.64
83	5.27	1.79	9.97	82.97
84	5.37	1.78	10.03	82.82
85	5.53	1.81	10.14	82.51
86	5.77	1.91	10.39	81.93
87	5.92	1.93	10.41	81.74
88	6.13	1.96	10.43	81.48
89	6.32	1.98	10.52	81.19
90	6.54	1.96	10.52	80.98
91	6.85	2.03	10.74	80.38
92	7.16	2.04	10.83	79.97
93	7.51	2.05	10.89	79.55
94	7.86	2.00	10.82	79.33
95	8.25	1.89	10.71	79.15
96	8.75	1.80	10.54	78.91
97	9.37	1.71	10.54	78.38
98	10.06	1.61	10.57	77.77
99	10.84	1.49	10.43	77.24
100	12.00	3.28	16.99	67.73


	KU330797-16_C_L004_R2_039.fastq
Ranges	0-10	11-20	21-30	31-40
Base
1	0.65	0.33	0.22	98.80
2	0.69	0.28	0.18	98.85
3	0.53	0.25	0.17	99.05
4	0.47	0.19	0.15	99.18
5	1.64	1.93	20.79	75.64
6	1.18	1.30	13.89	83.63
7	1.14	1.04	11.80	86.03
8	1.13	0.95	4.28	93.64
9	1.09	0.88	4.06	93.97
10	1.02	1.10	4.23	93.65
11	1.00	1.08	4.20	93.73
12	1.11	1.12	4.28	93.49
13	1.24	1.20	4.45	93.12
14	1.22	1.10	4.25	93.43
15	1.26	1.04	4.14	93.55
16	1.34	1.18	4.40	93.09
17	1.26	1.03	4.11	93.60
18	2.58	2.21	6.88	88.33
19	2.60	2.23	6.88	88.29
20	2.66	2.14	6.92	88.28
21	2.62	2.25	6.97	88.16
22	2.60	2.18	6.80	88.42
23	2.85	2.26	7.32	87.57
24	2.81	2.17	7.10	87.92
25	2.89	2.19	7.25	87.68
26	2.98	2.20	7.34	87.47
27	3.08	2.24	7.44	87.25
28	3.12	2.14	7.45	87.30
29	3.29	2.17	7.69	86.86
30	3.29	2.10	7.63	86.98
31	3.43	2.10	7.90	86.57
32	3.38	1.96	7.76	86.90
33	3.47	1.92	7.90	86.71
34	3.56	1.88	8.00	86.56
35	3.72	1.94	8.37	85.97
36	3.63	1.84	8.36	86.17
37	3.79	1.87	8.65	85.69
38	3.99	1.97	9.01	85.03
39	3.94	1.89	8.94	85.23
40	3.93	1.78	8.80	85.49
41	4.06	1.84	8.94	85.17
42	4.15	1.83	9.00	85.01
43	4.18	1.86	9.03	84.93
44	4.18	1.90	8.99	84.93
45	4.26	1.90	9.12	84.72
46	4.36	1.99	9.36	84.29
47	4.46	2.08	9.56	83.89
48	4.39	1.93	9.31	84.37
49	4.56	1.94	9.28	84.21
50	4.64	1.93	9.34	84.10
51	4.75	1.96	9.30	83.98
52	4.87	2.04	9.55	83.54
53	5.00	2.05	9.59	83.36
54	5.16	2.15	9.77	82.92
55	3.80	1.74	9.19	85.28
56	3.98	1.60	8.17	86.25
57	4.51	1.71	8.47	85.31
58	4.98	1.88	9.00	84.14
59	5.16	1.89	9.14	83.80
60	5.44	2.04	9.54	82.98
61	5.42	2.00	9.46	83.12
62	5.57	2.04	9.55	82.84
63	5.59	1.99	9.57	82.85
64	5.63	2.01	9.62	82.74
65	5.64	2.03	9.67	82.66
66	5.64	2.00	9.63	82.73
67	5.68	2.01	9.70	82.61
68	5.85	2.09	10.01	82.05
69	5.85	1.92	9.71	82.52
70	5.96	1.91	9.62	82.51
71	6.01	1.86	9.54	82.58
72	6.06	1.88	9.56	82.50
73	6.05	1.85	9.51	82.59
74	6.10	1.88	9.66	82.36
75	6.06	1.81	9.57	82.55
76	6.03	1.73	9.42	82.82
77	6.21	1.84	9.73	82.22
78	6.16	1.84	9.79	82.21
79	6.31	1.93	10.08	81.68
80	6.18	1.81	9.86	82.15
81	6.27	1.78	9.84	82.12
82	6.37	1.81	9.88	81.94
83	6.36	1.75	9.73	82.16
84	6.52	1.83	9.90	81.75
85	6.66	1.87	10.09	81.38
86	6.68	1.76	9.82	81.73
87	6.89	1.81	9.95	81.35
88	7.07	1.82	9.97	81.15
89	7.31	1.86	10.05	80.78
90	7.51	1.83	10.01	80.65
91	7.92	1.98	10.32	79.77
92	8.13	1.93	10.31	79.63
93	8.53	1.96	10.38	79.13
94	8.92	1.97	10.42	78.70
95	9.31	1.88	10.27	78.53
96	9.83	1.84	10.23	78.10
97	10.53	2.02	10.84	76.61
98	10.86	1.71	10.40	77.03
99	11.26	1.48	9.97	77.29
100	11.70	1.74	9.95	76.61




