Parameters
	Library type	Paired-end
	Input files	KU330797-16_C_L004_R1_002.fastq	KU330797-16_C_L004_R2_002.fastq
	Primer/Adaptor library	Paired End DNA Library
	Cut-off read length for HQ	70%
	Cut-off quality score	20
	Only statistics	On
	Number of CPUs	2


QC statistics
	File name	KU330797-16_C_L004_R1_002.fastq	KU330797-16_C_L004_R2_002.fastq
	Total number of reads	4000000	4000000
	Total number of HQ reads	3757087	3757087
	Percentage of HQ reads	93.93%	93.93%
	Total number of bases	400000000	400000000
	Total number of bases in HQ reads	375708700	375708700
	Total number of HQ bases in HQ reads	370894922	370504471
	Percentage of HQ bases in HQ reads	98.72%	98.61%
	Number of Primer/Adaptor contaminated HQ reads	7	20
	Total number of HQ filtered reads	3757060	3757060
	Percentage of HQ filtered reads	93.93%	93.93%


Detailed QC statistics
	File name	KU330797-16_C_L004_R1_002.fastq	KU330797-16_C_L004_R2_002.fastq
	Minimum read length	100	100
	Maximum read length	100	100
	Average read length	100.00	100.00
	Total number of reads	4000000	4000000
	Total number of reads with non-ATGC bases	32864	30020
	Percentage of reads with non-ATGC bases	0.82%	0.75%
	Total number of bases	400000000	400000000
	Total number of HQ bases	388285134	385357664
	Percentage of HQ bases	97.07%	96.34%
	Total number of non-ATGC bases	705775	197254
	Percentage of non-ATGC bases	0.18%	0.05%


Average quality score at each base position of input reads

KU330797-16_C_L004_R1_002.fastq
32.57	32.79	32.85	36.28	36.16	36.17	36.16	36.16	37.93	37.92	37.89	37.88	37.89	39.34	39.33	39.28	39.29	39.27	39.29	39.28	39.20	39.20	39.14	39.12	39.08	38.98	38.90	38.85	38.80	38.67	38.60	38.57	38.52	38.49	38.41	38.36	38.30	38.21	38.14	38.04	37.95	38.13	38.10	38.09	38.09	38.01	37.96	37.89	37.82	37.92	37.93	37.89	37.83	37.73	37.70	37.54	37.53	37.45	37.34	37.21	37.10	36.98	36.85	36.71	36.59	36.44	36.30	36.15	35.93	35.54	35.34	35.17	34.97	34.38	34.47	33.09	33.83	34.08	34.05	33.92	33.78	33.56	33.38	33.18	32.97	32.84	32.71	32.56	32.35	32.18	32.05	31.91	31.76	31.63	31.46	31.32	31.13	30.95	30.74	29.42	

KU330797-16_C_L004_R2_002.fastq
36.29	36.49	36.51	36.55	32.00	32.27	32.36	35.72	35.70	35.71	35.74	35.73	37.46	37.43	37.36	37.35	37.36	38.84	38.83	38.78	38.66	38.61	38.66	38.68	38.65	38.61	38.58	38.50	38.52	38.43	38.39	38.34	38.31	38.27	38.21	38.14	38.10	38.00	37.98	37.88	37.86	37.81	37.72	37.68	37.63	37.49	37.61	37.62	37.58	37.54	37.48	37.41	37.37	37.22	36.17	36.62	36.95	37.08	37.11	37.06	36.96	36.85	36.76	36.60	36.46	36.36	36.24	36.32	36.28	36.18	36.02	35.93	35.75	35.64	35.49	35.26	35.06	34.95	34.74	34.54	34.34	34.11	33.87	33.69	33.48	33.26	33.09	32.91	32.71	32.59	32.40	32.22	32.05	31.88	31.69	31.51	31.36	31.19	31.04	30.88	





Read count (%) per base for different quality score ranges

	KU330797-16_C_L004_R1_002.fastq
Ranges	0-10	11-20	21-30	31-40
Base
1	0.12	0.27	7.47	92.13
2	0.08	0.26	6.87	92.79
3	0.08	0.24	6.79	92.89
4	0.07	0.21	1.98	97.74
5	0.14	0.30	2.59	96.97
6	0.09	0.35	2.51	97.05
7	0.11	0.36	2.63	96.91
8	0.10	0.35	2.57	96.97
9	0.11	0.34	2.57	96.98
10	0.11	0.34	2.62	96.93
11	0.12	0.36	2.67	96.85
12	0.12	0.36	2.69	96.83
13	0.12	0.35	2.68	96.85
14	0.31	0.90	4.97	93.82
15	0.31	0.86	4.89	93.94
16	0.36	0.92	5.02	93.71
17	0.33	0.88	4.93	93.86
18	0.35	0.90	4.97	93.78
19	0.37	0.94	5.10	93.59
20	0.38	0.92	5.05	93.65
21	0.44	0.98	5.26	93.33
22	0.43	0.93	5.16	93.47
23	0.49	0.97	5.26	93.29
24	0.54	1.00	5.40	93.06
25	0.58	0.98	5.50	92.94
26	0.83	1.09	5.56	92.52
27	0.93	1.14	5.68	92.26
28	0.99	1.15	5.75	92.10
29	1.03	1.12	5.74	92.12
30	1.18	1.18	6.16	91.49
31	1.23	1.18	6.32	91.27
32	1.23	1.17	6.37	91.23
33	1.29	1.16	6.48	91.07
34	1.30	1.11	6.49	91.10
35	1.35	1.16	6.73	90.77
36	1.41	1.17	6.78	90.64
37	1.42	1.16	6.78	90.63
38	1.50	1.20	6.92	90.38
39	1.53	1.20	6.98	90.28
40	1.62	1.25	7.08	90.06
41	1.69	1.27	7.15	89.89
42	1.65	1.25	7.23	89.86
43	1.78	1.29	7.32	89.61
44	1.85	1.30	7.31	89.54
45	1.87	1.29	7.19	89.65
46	1.95	1.33	7.33	89.38
47	2.01	1.32	7.36	89.31
48	2.06	1.34	7.44	89.16
49	2.12	1.39	7.51	88.98
50	2.08	1.32	7.39	89.21
51	2.19	1.31	7.20	89.30
52	2.25	1.34	7.31	89.10
53	2.33	1.35	7.35	88.97
54	2.43	1.40	7.44	88.73
55	2.44	1.37	7.42	88.76
56	2.58	1.45	7.64	88.33
57	2.54	1.39	7.46	88.60
58	2.60	1.37	7.48	88.55
59	2.66	1.37	7.54	88.44
60	2.73	1.41	7.66	88.20
61	2.78	1.41	7.67	88.14
62	2.81	1.40	7.72	88.07
63	2.88	1.42	7.81	87.90
64	2.90	1.44	7.90	87.76
65	2.93	1.42	7.89	87.75
66	3.01	1.42	7.95	87.62
67	3.06	1.41	7.99	87.53
68	3.11	1.40	7.97	87.52
69	3.27	1.41	8.08	87.24
70	3.92	1.43	8.25	86.41
71	4.03	1.43	8.30	86.24
72	4.03	1.46	8.34	86.18
73	3.90	1.60	8.54	85.96
74	4.15	1.83	9.87	84.16
75	3.96	1.62	9.12	85.31
76	3.67	1.88	13.81	80.64
77	3.66	1.42	9.87	85.05
78	3.79	1.31	8.69	86.20
79	3.88	1.31	8.31	86.49
80	3.96	1.31	8.18	86.55
81	3.99	1.29	8.07	86.65
82	4.12	1.36	8.20	86.32
83	4.20	1.37	8.28	86.15
84	4.37	1.41	8.34	85.88
85	4.48	1.53	8.59	85.40
86	4.56	1.51	8.58	85.36
87	4.67	1.48	8.57	85.28
88	4.84	1.49	8.58	85.09
89	5.07	1.60	8.95	84.37
90	5.30	1.66	9.09	83.95
91	5.48	1.64	9.11	83.76
92	5.74	1.65	9.21	83.40
93	6.01	1.68	9.27	83.04
94	6.30	1.65	9.25	82.80
95	6.67	1.63	9.38	82.31
96	7.07	1.57	9.29	82.07
97	7.56	1.50	9.36	81.57
98	8.08	1.40	9.31	81.21
99	8.72	1.31	9.19	80.77
100	9.69	2.81	15.44	72.07


	KU330797-16_C_L004_R2_002.fastq
Ranges	0-10	11-20	21-30	31-40
Base
1	1.19	0.28	0.24	98.29
2	1.24	0.23	0.18	98.35
3	1.21	0.20	0.15	98.44
4	1.09	0.23	0.14	98.54
5	1.00	0.74	10.19	88.08
6	0.92	0.72	8.80	89.56
7	0.92	0.68	8.46	89.95
8	1.00	0.68	3.37	94.94
9	1.05	0.68	3.42	94.85
10	0.93	0.80	3.38	94.89
11	0.69	1.05	3.39	94.86
12	0.70	1.03	3.41	94.85
13	0.71	0.80	3.40	95.08
14	0.77	0.80	3.46	94.98
15	0.84	0.86	3.63	94.68
16	0.84	0.86	3.62	94.68
17	0.84	0.85	3.54	94.76
18	1.76	1.72	5.90	90.62
19	1.82	1.70	5.96	90.52
20	1.92	1.75	6.10	90.22
21	2.03	1.86	6.31	89.79
22	2.06	1.87	6.30	89.76
23	2.17	1.88	6.38	89.56
24	2.14	1.82	6.30	89.74
25	2.16	1.83	6.34	89.67
26	2.23	1.79	6.39	89.58
27	2.27	1.77	6.37	89.59
28	2.48	1.92	6.86	88.74
29	2.46	1.78	6.71	89.06
30	2.62	1.75	6.88	88.75
31	2.58	1.77	6.91	88.74
32	2.65	1.70	7.02	88.63
33	2.69	1.61	7.02	88.68
34	2.71	1.60	7.10	88.59
35	2.78	1.58	7.30	88.35
36	2.84	1.58	7.52	88.07
37	2.83	1.56	7.57	88.04
38	2.93	1.59	7.83	87.65
39	2.92	1.57	7.83	87.68
40	3.02	1.61	8.01	87.36
41	3.03	1.58	8.01	87.39
42	3.06	1.57	8.04	87.34
43	3.16	1.60	8.16	87.09
44	3.15	1.60	8.12	87.13
45	3.18	1.58	8.08	87.16
46	3.32	1.65	8.24	86.79
47	3.34	1.66	8.40	86.60
48	3.43	1.63	8.34	86.59
49	3.52	1.66	8.32	86.50
50	3.58	1.68	8.28	86.47
51	3.67	1.66	8.28	86.39
52	3.74	1.72	8.40	86.14
53	3.76	1.68	8.39	86.17
54	3.92	1.76	8.54	85.79
55	2.72	1.41	8.02	87.86
56	2.95	1.37	7.09	88.60
57	3.33	1.45	7.46	87.76
58	3.77	1.60	8.00	86.63
59	3.96	1.63	8.19	86.22
60	4.06	1.66	8.25	86.03
61	4.14	1.69	8.36	85.81
62	4.24	1.72	8.40	85.64
63	4.25	1.72	8.54	85.49
64	4.34	1.77	8.66	85.24
65	4.38	1.79	8.80	85.02
66	4.36	1.77	8.79	85.08
67	4.37	1.77	8.81	85.05
68	4.34	1.69	8.63	85.34
69	4.46	1.61	8.42	85.51
70	4.53	1.61	8.33	85.54
71	4.61	1.62	8.35	85.42
72	4.62	1.52	8.18	85.68
73	4.64	1.59	8.26	85.51
74	4.50	1.58	8.13	85.79
75	4.48	1.53	8.10	85.89
76	4.55	1.53	8.24	85.67
77	4.50	1.52	8.33	85.65
78	4.44	1.43	8.10	86.03
79	4.48	1.43	8.14	85.94
80	4.49	1.42	8.13	85.95
81	4.52	1.41	8.11	85.96
82	4.57	1.45	8.27	85.71
83	4.65	1.48	8.37	85.51
84	4.69	1.47	8.33	85.51
85	4.77	1.49	8.41	85.33
86	4.92	1.53	8.54	85.01
87	5.01	1.51	8.52	84.96
88	5.14	1.53	8.51	84.82
89	5.31	1.57	8.60	84.52
90	5.42	1.52	8.50	84.57
91	5.65	1.55	8.54	84.26
92	5.88	1.58	8.62	83.91
93	6.14	1.57	8.67	83.62
94	6.44	1.54	8.69	83.32
95	6.78	1.56	8.81	82.84
96	7.18	1.53	8.83	82.47
97	7.56	1.45	8.80	82.20
98	7.97	1.39	8.77	81.87
99	8.35	1.31	8.78	81.56
100	8.71	1.44	8.67	81.18




