Parameters
	Library type	Paired-end
	Input files	KU330797-16_C_L004_R1_040.fastq	KU330797-16_C_L004_R2_040.fastq
	Primer/Adaptor library	Paired End DNA Library
	Cut-off read length for HQ	70%
	Cut-off quality score	20
	Only statistics	On
	Number of CPUs	2


QC statistics
	File name	KU330797-16_C_L004_R1_040.fastq	KU330797-16_C_L004_R2_040.fastq
	Total number of reads	4000000	4000000
	Total number of HQ reads	3732593	3732593
	Percentage of HQ reads	93.31%	93.31%
	Total number of bases	400000000	400000000
	Total number of bases in HQ reads	373259300	373259300
	Total number of HQ bases in HQ reads	368181326	368000383
	Percentage of HQ bases in HQ reads	98.64%	98.59%
	Number of Primer/Adaptor contaminated HQ reads	2	14
	Total number of HQ filtered reads	3732577	3732577
	Percentage of HQ filtered reads	93.31%	93.31%


Detailed QC statistics
	File name	KU330797-16_C_L004_R1_040.fastq	KU330797-16_C_L004_R2_040.fastq
	Minimum read length	100	100
	Maximum read length	100	100
	Average read length	100.00	100.00
	Total number of reads	4000000	4000000
	Total number of reads with non-ATGC bases	13364	10565
	Percentage of reads with non-ATGC bases	0.33%	0.26%
	Total number of bases	400000000	400000000
	Total number of HQ bases	387106855	383974066
	Percentage of HQ bases	96.78%	95.99%
	Total number of non-ATGC bases	271064	397342
	Percentage of non-ATGC bases	0.07%	0.10%


Average quality score at each base position of input reads

KU330797-16_C_L004_R1_040.fastq
32.55	32.79	32.86	36.30	36.20	36.21	36.21	36.19	37.94	37.93	37.91	37.89	37.90	39.38	39.36	39.35	39.30	39.29	39.28	39.25	39.24	39.21	39.17	39.14	39.08	39.01	38.95	38.82	38.80	38.71	38.67	38.58	38.51	38.41	38.35	38.28	38.21	38.08	38.03	37.95	37.87	38.00	37.98	37.99	37.97	37.85	37.81	37.69	37.66	37.76	37.78	37.81	37.69	37.60	37.56	37.50	37.42	37.34	37.26	37.14	37.02	36.88	36.76	36.63	36.48	36.36	36.17	36.01	35.80	35.55	35.40	35.18	34.96	34.75	34.54	33.66	33.91	34.01	33.87	33.72	33.59	33.40	33.21	33.03	32.83	32.60	32.44	32.32	32.17	32.02	31.84	31.64	31.50	31.33	31.14	30.97	30.83	30.62	30.38	29.08	

KU330797-16_C_L004_R2_040.fastq
36.68	36.71	36.74	36.77	30.77	31.51	31.99	35.72	35.76	35.79	35.79	35.78	37.47	37.45	37.42	37.36	37.36	38.82	38.79	38.77	38.72	38.67	38.72	38.69	38.67	38.61	38.58	38.56	38.48	38.45	38.39	38.35	38.29	38.25	38.17	38.14	38.05	38.00	37.93	37.89	37.81	37.75	37.69	37.61	37.54	37.47	37.54	37.54	37.52	37.47	37.42	37.36	37.29	37.20	36.28	36.62	36.84	36.91	36.90	36.85	36.78	36.62	36.53	36.37	36.29	36.12	35.95	36.11	36.04	35.99	35.89	35.76	35.64	35.49	35.28	35.11	34.92	34.75	34.53	34.32	34.10	33.92	33.62	33.44	33.23	33.04	32.86	32.67	32.49	32.30	32.14	31.95	31.78	31.60	31.46	31.29	31.12	30.94	30.80	30.59	





Read count (%) per base for different quality score ranges

	KU330797-16_C_L004_R1_040.fastq
Ranges	0-10	11-20	21-30	31-40
Base
1	0.16	0.27	7.31	92.26
2	0.08	0.30	6.74	92.88
3	0.07	0.23	6.69	93.01
4	0.07	0.21	1.93	97.79
5	0.12	0.29	2.44	97.15
6	0.09	0.32	2.37	97.22
7	0.09	0.32	2.42	97.16
8	0.10	0.33	2.45	97.13
9	0.11	0.35	2.55	96.99
10	0.11	0.35	2.57	96.97
11	0.12	0.36	2.61	96.92
12	0.13	0.37	2.65	96.85
13	0.12	0.36	2.64	96.88
14	0.31	0.85	4.82	94.01
15	0.34	0.86	4.81	93.99
16	0.33	0.88	4.82	93.97
17	0.37	0.92	5.00	93.71
18	0.35	0.91	4.89	93.85
19	0.42	0.98	5.18	93.42
20	0.43	0.97	5.15	93.45
21	0.43	0.95	5.12	93.49
22	0.48	0.96	5.13	93.43
23	0.51	0.96	5.16	93.37
24	0.58	1.02	5.38	93.03
25	0.65	1.00	5.42	92.92
26	0.89	1.09	5.39	92.64
27	0.98	1.10	5.46	92.46
28	1.15	1.19	5.77	91.90
29	1.15	1.13	5.72	92.00
30	1.27	1.16	5.93	91.63
31	1.31	1.12	6.00	91.57
32	1.41	1.14	6.23	91.23
33	1.48	1.17	6.38	90.97
34	1.55	1.19	6.59	90.67
35	1.61	1.18	6.65	90.56
36	1.67	1.21	6.73	90.40
37	1.70	1.20	6.78	90.32
38	1.82	1.25	6.97	89.96
39	1.84	1.23	6.95	89.97
40	1.91	1.26	7.01	89.82
41	1.97	1.28	7.07	89.68
42	2.06	1.29	7.25	89.39
43	2.18	1.33	7.32	89.18
44	2.24	1.32	7.21	89.24
45	2.32	1.33	7.16	89.19
46	2.44	1.40	7.42	88.74
47	2.46	1.38	7.33	88.83
48	2.60	1.45	7.56	88.38
49	2.62	1.44	7.47	88.47
50	2.66	1.39	7.38	88.57
51	2.77	1.42	7.32	88.48
52	2.83	1.35	7.27	88.55
53	3.00	1.42	7.42	88.16
54	3.10	1.46	7.49	87.95
55	3.11	1.45	7.51	87.93
56	3.15	1.41	7.43	88.01
57	3.22	1.41	7.45	87.92
58	3.24	1.41	7.44	87.91
59	3.29	1.37	7.43	87.91
60	3.37	1.39	7.47	87.77
61	3.44	1.40	7.57	87.58
62	3.48	1.42	7.68	87.42
63	3.53	1.42	7.71	87.34
64	3.56	1.41	7.73	87.30
65	3.63	1.42	7.81	87.14
66	3.65	1.42	7.80	87.13
67	3.72	1.46	7.91	86.91
68	3.73	1.43	7.98	86.86
69	3.80	1.44	8.13	86.64
70	4.12	1.43	8.10	86.35
71	4.11	1.43	8.15	86.32
72	4.18	1.46	8.30	86.06
73	4.23	1.47	8.47	85.82
74	4.23	1.51	8.59	85.67
75	4.28	1.52	8.68	85.52
76	4.01	1.55	10.98	83.46
77	4.13	1.44	9.26	85.17
78	4.21	1.39	8.61	85.79
79	4.36	1.43	8.51	85.70
80	4.42	1.43	8.44	85.70
81	4.45	1.39	8.29	85.87
82	4.54	1.42	8.32	85.72
83	4.65	1.46	8.37	85.52
84	4.78	1.46	8.47	85.29
85	4.92	1.52	8.62	84.95
86	5.13	1.61	8.90	84.36
87	5.26	1.62	9.01	84.11
88	5.40	1.60	8.90	84.10
89	5.59	1.62	8.95	83.85
90	5.80	1.64	9.08	83.49
91	6.06	1.68	9.23	83.03
92	6.39	1.76	9.50	82.35
93	6.68	1.75	9.52	82.06
94	7.05	1.74	9.60	81.61
95	7.49	1.74	9.68	81.08
96	7.93	1.69	9.69	80.69
97	8.40	1.51	9.50	80.59
98	9.00	1.44	9.53	80.03
99	9.69	1.37	9.46	79.48
100	10.68	2.84	15.57	70.91


	KU330797-16_C_L004_R2_040.fastq
Ranges	0-10	11-20	21-30	31-40
Base
1	0.62	0.34	0.21	98.83
2	0.65	0.29	0.20	98.86
3	0.55	0.23	0.16	99.07
4	0.47	0.20	0.14	99.19
5	1.34	1.66	19.26	77.74
6	0.92	1.01	11.85	86.23
7	0.84	0.78	9.59	88.79
8	0.84	0.69	3.33	95.13
9	0.86	0.66	3.27	95.21
10	0.77	0.77	3.25	95.21
11	0.77	0.77	3.24	95.22
12	0.82	0.75	3.18	95.25
13	0.90	0.73	3.15	95.21
14	0.96	0.72	3.18	95.13
15	1.03	0.73	3.18	95.06
16	1.05	0.81	3.29	94.84
17	1.07	0.78	3.29	94.86
18	2.30	1.80	5.87	90.03
19	2.35	1.83	5.90	89.92
20	2.39	1.71	5.89	90.00
21	2.32	1.89	6.01	89.79
22	2.38	1.90	6.06	89.67
23	2.49	1.79	6.19	89.53
24	2.53	1.79	6.20	89.48
25	2.56	1.74	6.21	89.48
26	2.64	1.77	6.25	89.33
27	2.69	1.73	6.28	89.30
28	2.86	1.77	6.54	88.84
29	2.98	1.78	6.68	88.56
30	2.97	1.73	6.70	88.60
31	3.03	1.70	6.73	88.54
32	3.07	1.64	6.83	88.45
33	3.14	1.60	6.93	88.33
34	3.19	1.56	6.95	88.31
35	3.31	1.59	7.17	87.93
36	3.29	1.51	7.25	87.95
37	3.37	1.57	7.46	87.60
38	3.43	1.54	7.52	87.51
39	3.55	1.51	7.59	87.34
40	3.61	1.50	7.64	87.25
41	3.69	1.53	7.74	87.04
42	3.75	1.51	7.76	86.98
43	3.78	1.54	7.81	86.87
44	3.76	1.60	7.84	86.81
45	3.81	1.60	7.91	86.69
46	3.81	1.61	7.91	86.67
47	3.97	1.69	8.14	86.20
48	4.03	1.66	8.14	86.17
49	4.10	1.64	8.11	86.15
50	4.18	1.64	8.08	86.09
51	4.26	1.64	8.05	86.04
52	4.30	1.64	8.11	85.95
53	4.36	1.65	8.15	85.84
54	4.45	1.67	8.18	85.70
55	3.25	1.34	7.47	87.94
56	3.51	1.32	6.90	88.27
57	4.11	1.51	7.48	86.91
58	4.48	1.65	7.92	85.94
59	4.67	1.69	8.15	85.50
60	4.76	1.67	8.19	85.39
61	4.82	1.66	8.15	85.37
62	4.91	1.73	8.32	85.04
63	4.95	1.72	8.38	84.95
64	5.04	1.81	8.52	84.63
65	4.97	1.75	8.58	84.70
66	5.03	1.82	8.68	84.48
67	5.06	1.86	8.84	84.24
68	5.02	1.74	8.58	84.66
69	5.13	1.67	8.48	84.72
70	5.16	1.61	8.32	84.91
71	5.18	1.57	8.21	85.03
72	5.19	1.55	8.15	85.10
73	5.16	1.52	8.09	85.23
74	5.16	1.48	8.04	85.32
75	5.19	1.49	8.10	85.22
76	5.15	1.49	8.14	85.23
77	5.15	1.46	8.11	85.28
78	5.13	1.45	8.06	85.36
79	5.14	1.45	8.14	85.27
80	5.16	1.45	8.13	85.27
81	5.22	1.45	8.19	85.13
82	5.22	1.43	8.15	85.20
83	5.37	1.52	8.42	84.68
84	5.40	1.52	8.43	84.65
85	5.46	1.54	8.49	84.50
86	5.56	1.52	8.52	84.40
87	5.67	1.53	8.51	84.29
88	5.83	1.54	8.55	84.08
89	5.99	1.56	8.58	83.87
90	6.18	1.60	8.67	83.56
91	6.36	1.59	8.69	83.36
92	6.61	1.61	8.78	83.00
93	6.88	1.61	8.80	82.72
94	7.18	1.64	8.94	82.24
95	7.47	1.58	8.86	82.10
96	7.84	1.53	8.81	81.82
97	8.26	1.46	8.75	81.52
98	8.69	1.39	8.79	81.13
99	9.07	1.30	8.76	80.87
100	9.46	1.52	8.87	80.16




