Parameters
	Library type	Paired-end
	Input files	KU330797-16_C_L004_R1_005.fastq	KU330797-16_C_L004_R2_005.fastq
	Primer/Adaptor library	Paired End DNA Library
	Cut-off read length for HQ	70%
	Cut-off quality score	20
	Only statistics	On
	Number of CPUs	2


QC statistics
	File name	KU330797-16_C_L004_R1_005.fastq	KU330797-16_C_L004_R2_005.fastq
	Total number of reads	4000000	4000000
	Total number of HQ reads	3763512	3763512
	Percentage of HQ reads	94.09%	94.09%
	Total number of bases	400000000	400000000
	Total number of bases in HQ reads	376351200	376351200
	Total number of HQ bases in HQ reads	371455204	370622436
	Percentage of HQ bases in HQ reads	98.70%	98.48%
	Number of Primer/Adaptor contaminated HQ reads	9	14
	Total number of HQ filtered reads	3763489	3763489
	Percentage of HQ filtered reads	94.09%	94.09%


Detailed QC statistics
	File name	KU330797-16_C_L004_R1_005.fastq	KU330797-16_C_L004_R2_005.fastq
	Minimum read length	100	100
	Maximum read length	100	100
	Average read length	100.00	100.00
	Total number of reads	4000000	4000000
	Total number of reads with non-ATGC bases	31360	29000
	Percentage of reads with non-ATGC bases	0.78%	0.73%
	Total number of bases	400000000	400000000
	Total number of HQ bases	388567508	384698393
	Percentage of HQ bases	97.14%	96.17%
	Total number of non-ATGC bases	675680	210717
	Percentage of non-ATGC bases	0.17%	0.05%


Average quality score at each base position of input reads

KU330797-16_C_L004_R1_005.fastq
32.42	32.63	32.69	36.16	36.06	36.03	36.04	36.05	37.76	37.73	37.74	37.68	37.67	39.14	39.13	39.04	39.01	39.02	39.03	39.02	39.01	38.93	38.93	38.91	38.85	38.78	38.74	38.68	38.62	38.56	38.52	38.46	38.35	38.27	38.22	38.17	38.15	38.06	37.98	37.93	37.84	38.02	38.07	38.01	38.00	37.98	37.92	37.83	37.77	37.83	37.79	37.77	37.75	37.69	37.60	37.54	37.42	37.32	37.20	37.14	37.05	36.96	36.82	36.68	36.51	36.42	36.26	36.07	35.88	35.51	35.34	35.15	34.95	34.46	34.49	33.31	33.89	34.09	34.05	33.92	33.77	33.59	33.37	33.12	32.99	32.85	32.72	32.58	32.45	32.30	32.09	31.92	31.81	31.63	31.50	31.35	31.20	31.05	30.80	29.46	

KU330797-16_C_L004_R2_005.fastq
36.29	36.50	36.54	36.57	31.76	32.04	32.08	35.45	35.45	35.49	35.52	35.50	37.14	37.16	37.16	37.11	37.10	38.51	38.47	38.44	38.40	38.35	38.43	38.37	38.34	38.33	38.27	38.22	38.20	38.18	38.16	38.10	38.06	38.00	37.96	37.89	37.82	37.74	37.71	37.71	37.61	37.53	37.47	37.45	37.34	37.29	37.43	37.44	37.39	37.36	37.33	37.23	37.17	37.13	35.97	36.44	36.77	36.93	36.91	36.87	36.80	36.71	36.61	36.51	36.39	36.29	36.13	36.12	36.07	36.01	35.88	35.74	35.61	35.47	35.34	35.15	34.93	34.78	34.55	34.38	34.19	33.95	33.73	33.54	33.35	33.15	32.94	32.81	32.64	32.41	32.25	32.08	31.93	31.75	31.58	31.43	31.26	31.11	31.00	30.85	





Read count (%) per base for different quality score ranges

	KU330797-16_C_L004_R1_005.fastq
Ranges	0-10	11-20	21-30	31-40
Base
1	0.12	0.32	8.78	90.78
2	0.10	0.30	8.25	91.35
3	0.09	0.29	8.09	91.53
4	0.09	0.27	2.49	97.15
5	0.15	0.35	3.00	96.50
6	0.12	0.43	3.10	96.34
7	0.12	0.41	3.07	96.40
8	0.12	0.40	3.04	96.44
9	0.13	0.41	3.09	96.37
10	0.14	0.43	3.20	96.22
11	0.13	0.42	3.11	96.34
12	0.16	0.48	3.32	96.04
13	0.16	0.47	3.37	96.01
14	0.32	0.96	5.35	93.38
15	0.33	0.95	5.33	93.39
16	0.40	1.06	5.60	92.94
17	0.41	1.09	5.68	92.83
18	0.38	1.01	5.53	93.09
19	0.45	1.09	5.77	92.68
20	0.43	1.06	5.72	92.78
21	0.44	1.05	5.66	92.85
22	0.50	1.12	5.88	92.50
23	0.49	1.06	5.76	92.69
24	0.53	1.06	5.93	92.47
25	0.59	1.11	6.09	92.21
26	0.85	1.18	6.07	91.90
27	0.88	1.20	6.08	91.84
28	0.95	1.21	6.22	91.62
29	1.03	1.21	6.34	91.42
30	1.09	1.21	6.52	91.18
31	1.12	1.19	6.58	91.10
32	1.16	1.19	6.74	90.91
33	1.26	1.26	7.04	90.44
34	1.33	1.29	7.26	90.12
35	1.34	1.30	7.36	90.00
36	1.36	1.28	7.44	89.92
37	1.36	1.25	7.40	89.99
38	1.41	1.28	7.50	89.81
39	1.49	1.32	7.65	89.55
40	1.49	1.31	7.62	89.58
41	1.56	1.34	7.68	89.42
42	1.54	1.33	7.82	89.31
43	1.57	1.31	7.75	89.37
44	1.70	1.37	7.84	89.09
45	1.74	1.40	7.81	89.05
46	1.74	1.38	7.81	89.07
47	1.81	1.40	7.84	88.95
48	1.88	1.44	7.99	88.69
49	1.91	1.46	7.99	88.64
50	1.86	1.42	7.90	88.83
51	1.99	1.44	7.94	88.63
52	2.04	1.43	7.90	88.63
53	2.06	1.41	7.84	88.68
54	2.12	1.41	7.84	88.63
55	2.20	1.45	7.93	88.42
56	2.21	1.45	7.90	88.45
57	2.29	1.47	8.02	88.22
58	2.36	1.50	8.09	88.06
59	2.41	1.50	8.23	87.86
60	2.39	1.46	8.10	88.04
61	2.44	1.46	8.11	88.00
62	2.47	1.44	8.10	87.99
63	2.55	1.47	8.20	87.77
64	2.59	1.48	8.30	87.63
65	2.67	1.52	8.44	87.38
66	2.66	1.46	8.36	87.51
67	2.73	1.48	8.42	87.37
68	2.85	1.50	8.52	87.13
69	2.95	1.49	8.59	86.96
70	3.59	1.50	8.71	86.20
71	3.69	1.47	8.69	86.15
72	3.71	1.53	8.83	85.94
73	3.58	1.68	8.99	85.75
74	3.78	1.81	10.08	84.33
75	3.64	1.65	9.47	85.24
76	3.37	1.83	13.30	81.51
77	3.36	1.42	10.21	85.01
78	3.49	1.37	9.09	86.05
79	3.59	1.36	8.78	86.27
80	3.66	1.37	8.69	86.28
81	3.71	1.36	8.58	86.35
82	3.79	1.39	8.59	86.22
83	3.94	1.47	8.82	85.78
84	4.17	1.57	9.06	85.21
85	4.17	1.59	9.09	85.14
86	4.27	1.57	9.10	85.05
87	4.40	1.56	9.08	84.96
88	4.55	1.57	9.11	84.76
89	4.71	1.57	9.08	84.64
90	4.93	1.60	9.15	84.31
91	5.21	1.72	9.49	83.59
92	5.48	1.75	9.65	83.11
93	5.72	1.73	9.60	82.96
94	6.07	1.76	9.73	82.43
95	6.40	1.70	9.73	82.16
96	6.82	1.63	9.69	81.86
97	7.28	1.51	9.56	81.65
98	7.79	1.35	9.35	81.51
99	8.45	1.33	9.42	80.81
100	9.41	2.91	15.83	71.85


	KU330797-16_C_L004_R2_005.fastq
Ranges	0-10	11-20	21-30	31-40
Base
1	1.18	0.22	0.23	98.37
2	1.20	0.19	0.15	98.46
3	1.15	0.18	0.15	98.52
4	1.06	0.17	0.14	98.63
5	1.19	0.89	12.02	85.90
6	1.08	0.89	10.40	87.63
7	1.14	0.87	10.30	87.70
8	1.25	0.89	4.27	93.59
9	1.24	0.88	4.22	93.67
10	1.06	1.01	4.06	93.87
11	0.82	1.25	4.13	93.80
12	0.85	1.24	4.18	93.73
13	0.88	1.05	4.25	93.82
14	0.89	1.02	4.20	93.89
15	0.89	0.99	4.16	93.96
16	0.94	1.04	4.32	93.70
17	0.95	1.05	4.30	93.69
18	1.85	1.99	6.70	89.47
19	1.88	2.02	6.78	89.32
20	1.94	1.99	6.82	89.24
21	1.98	2.04	6.84	89.14
22	2.08	2.06	6.92	88.93
23	2.15	2.03	6.96	88.85
24	2.22	2.07	7.03	88.68
25	2.21	2.10	7.08	88.62
26	2.21	2.02	7.04	88.72
27	2.30	2.00	7.17	88.52
28	2.47	2.12	7.55	87.85
29	2.49	2.00	7.50	88.00
30	2.54	1.96	7.50	88.00
31	2.53	1.90	7.52	88.05
32	2.61	1.89	7.64	87.86
33	2.69	1.78	7.73	87.80
34	2.70	1.82	7.87	87.61
35	2.71	1.78	8.11	87.40
36	2.79	1.77	8.27	87.18
37	2.86	1.79	8.52	86.84
38	2.90	1.79	8.71	86.60
39	2.90	1.77	8.77	86.56
40	2.86	1.74	8.72	86.69
41	3.01	1.78	8.89	86.32
42	3.07	1.81	9.03	86.09
43	3.10	1.83	9.07	86.00
44	3.10	1.79	9.03	86.08
45	3.19	1.83	9.09	85.89
46	3.21	1.84	9.06	85.89
47	3.22	1.81	9.22	85.75
48	3.30	1.81	9.14	85.75
49	3.43	1.85	9.19	85.54
50	3.48	1.85	9.16	85.51
51	3.55	1.83	9.09	85.54
52	3.65	1.91	9.24	85.20
53	3.70	1.92	9.29	85.10
54	3.71	1.89	9.25	85.15
55	2.70	1.59	8.99	86.72
56	2.87	1.53	7.90	87.69
57	3.38	1.72	8.48	86.42
58	3.69	1.79	8.84	85.68
59	3.91	1.87	9.15	85.06
60	3.99	1.88	9.17	84.96
61	4.04	1.89	9.22	84.85
62	4.09	1.90	9.25	84.75
63	4.15	1.88	9.34	84.63
64	4.19	1.90	9.34	84.58
65	4.24	1.92	9.42	84.42
66	4.23	1.90	9.41	84.45
67	4.32	1.93	9.54	84.20
68	4.29	1.90	9.51	84.30
69	4.35	1.82	9.30	84.53
70	4.37	1.77	9.10	84.76
71	4.43	1.72	9.05	84.79
72	4.51	1.70	9.00	84.79
73	4.47	1.71	8.92	84.90
74	4.42	1.71	8.91	84.96
75	4.36	1.64	8.80	85.20
76	4.42	1.61	8.85	85.12
77	4.43	1.64	9.00	84.93
78	4.41	1.60	8.88	85.11
79	4.48	1.61	8.98	84.93
80	4.46	1.58	8.95	85.01
81	4.50	1.56	8.89	85.05
82	4.57	1.60	9.00	84.84
83	4.65	1.61	9.08	84.66
84	4.71	1.62	9.10	84.56
85	4.78	1.61	9.11	84.50
86	4.91	1.64	9.14	84.32
87	5.07	1.70	9.22	84.01
88	5.12	1.63	9.12	84.13
89	5.32	1.64	9.07	83.97
90	5.56	1.73	9.29	83.42
91	5.75	1.73	9.26	83.26
92	5.98	1.73	9.33	82.96
93	6.24	1.70	9.27	82.80
94	6.59	1.69	9.30	82.42
95	6.92	1.68	9.29	82.11
96	7.29	1.61	9.19	81.90
97	7.70	1.55	9.18	81.57
98	8.08	1.45	9.09	81.38
99	8.42	1.31	8.96	81.31
100	8.75	1.47	8.82	80.96




