Parameters
	Library type	Paired-end
	Input files	KU330797-16_C_L004_R1_029.fastq	KU330797-16_C_L004_R2_029.fastq
	Primer/Adaptor library	Paired End DNA Library
	Cut-off read length for HQ	70%
	Cut-off quality score	20
	Only statistics	On
	Number of CPUs	2


QC statistics
	File name	KU330797-16_C_L004_R1_029.fastq	KU330797-16_C_L004_R2_029.fastq
	Total number of reads	4000000	4000000
	Total number of HQ reads	3732871	3732871
	Percentage of HQ reads	93.32%	93.32%
	Total number of bases	400000000	400000000
	Total number of bases in HQ reads	373287100	373287100
	Total number of HQ bases in HQ reads	366796254	366444292
	Percentage of HQ bases in HQ reads	98.26%	98.17%
	Number of Primer/Adaptor contaminated HQ reads	8	18
	Total number of HQ filtered reads	3732845	3732845
	Percentage of HQ filtered reads	93.32%	93.32%


Detailed QC statistics
	File name	KU330797-16_C_L004_R1_029.fastq	KU330797-16_C_L004_R2_029.fastq
	Minimum read length	100	100
	Maximum read length	100	100
	Average read length	100.00	100.00
	Total number of reads	4000000	4000000
	Total number of reads with non-ATGC bases	5919	10984
	Percentage of reads with non-ATGC bases	0.15%	0.27%
	Total number of bases	400000000	400000000
	Total number of HQ bases	385659574	381845764
	Percentage of HQ bases	96.41%	95.46%
	Total number of non-ATGC bases	9729	56994
	Percentage of non-ATGC bases	0.00%	0.01%


Average quality score at each base position of input reads

KU330797-16_C_L004_R1_029.fastq
31.68	32.00	32.25	35.89	35.81	35.82	35.80	35.81	37.49	37.50	37.48	37.44	37.46	38.50	38.60	38.65	38.66	38.65	38.72	38.72	38.72	38.67	38.65	38.57	38.54	38.41	38.10	38.12	38.15	38.14	38.11	38.04	37.99	37.93	37.87	37.78	37.69	37.62	37.54	37.49	37.37	37.53	37.56	37.55	37.50	37.16	37.24	37.26	37.23	37.30	37.36	37.29	37.29	37.24	37.19	37.06	36.98	36.72	36.69	36.62	36.52	36.40	36.32	36.17	36.02	35.85	35.71	35.55	35.39	35.20	34.98	34.82	34.65	34.39	34.21	33.30	33.60	33.71	33.63	33.46	33.31	33.11	32.91	32.68	32.54	32.33	32.12	31.97	31.59	31.49	31.37	31.23	31.09	30.98	30.80	30.63	30.44	30.24	30.04	28.56	

KU330797-16_C_L004_R2_029.fastq
36.70	36.76	36.80	36.83	30.89	31.38	31.61	35.00	35.12	35.17	35.20	35.21	36.83	36.85	36.79	36.83	36.81	38.07	38.07	38.06	37.97	37.87	37.97	38.01	37.95	37.81	37.88	37.85	37.82	37.73	37.65	37.64	37.64	37.56	37.45	37.47	37.40	37.37	37.33	37.29	37.21	37.15	37.13	37.08	36.81	36.84	36.88	36.95	36.94	36.85	36.87	36.76	36.70	36.67	35.66	36.08	36.36	36.45	36.44	36.37	36.25	36.17	36.09	36.00	35.92	35.79	35.60	35.60	35.58	35.51	35.40	35.23	35.09	34.94	34.76	34.59	34.41	34.22	34.03	33.89	33.63	33.44	33.23	33.03	32.86	32.65	32.45	32.28	32.11	31.90	31.75	31.54	31.38	30.86	30.81	30.72	30.60	30.47	30.29	30.15	





Read count (%) per base for different quality score ranges

	KU330797-16_C_L004_R1_029.fastq
Ranges	0-10	11-20	21-30	31-40
Base
1	1.09	1.34	11.85	85.71
2	0.42	1.75	10.98	86.85
3	0.12	1.04	11.07	87.77
4	0.12	0.50	3.24	96.14
5	0.20	0.55	3.79	95.45
6	0.16	0.61	3.81	95.43
7	0.17	0.62	3.93	95.28
8	0.17	0.59	3.86	95.38
9	0.18	0.57	3.87	95.38
10	0.17	0.55	3.85	95.42
11	0.18	0.55	3.87	95.40
12	0.20	0.60	4.02	95.19
13	0.19	0.56	3.93	95.32
14	1.22	2.23	6.12	90.43
15	0.41	1.90	6.59	91.10
16	0.41	1.45	6.14	91.99
17	0.44	1.38	6.12	92.06
18	0.45	1.36	6.10	92.09
19	0.45	1.31	6.22	92.02
20	0.47	1.24	6.20	92.08
21	0.48	1.20	6.18	92.14
22	0.53	1.21	6.27	91.99
23	0.54	1.20	6.23	92.03
24	0.65	1.30	6.64	91.41
25	0.67	1.27	6.64	91.42
26	0.96	1.37	6.71	90.97
27	1.55	2.04	6.93	89.48
28	1.13	1.99	7.32	89.56
29	1.19	1.55	7.20	90.06
30	1.25	1.45	7.19	90.11
31	1.31	1.41	7.27	90.00
32	1.41	1.42	7.51	89.66
33	1.44	1.41	7.68	89.46
34	1.51	1.41	7.83	89.25
35	1.55	1.41	7.97	89.06
36	1.64	1.48	8.16	88.73
37	1.68	1.48	8.33	88.51
38	1.73	1.48	8.37	88.41
39	1.81	1.50	8.46	88.23
40	1.83	1.50	8.42	88.25
41	1.95	1.55	8.64	87.85
42	1.94	1.57	8.74	87.75
43	2.02	1.57	8.69	87.72
44	2.10	1.55	8.66	87.69
45	2.19	1.61	8.69	87.51
46	3.33	2.02	8.84	85.81
47	2.28	2.29	9.36	86.07
48	2.35	1.82	9.22	86.61
49	2.42	1.79	8.96	86.83
50	2.42	1.74	8.85	86.99
51	2.48	1.64	8.68	87.20
52	2.56	1.65	8.76	87.03
53	2.59	1.59	8.61	87.21
54	2.68	1.60	8.59	87.14
55	2.74	1.60	8.60	87.05
56	2.84	1.65	8.73	86.78
57	2.87	1.65	8.78	86.71
58	3.10	1.80	9.23	85.88
59	3.04	1.70	9.15	86.11
60	3.09	1.67	9.08	86.16
61	3.14	1.68	9.09	86.09
62	3.21	1.70	9.16	85.93
63	3.21	1.65	9.16	85.98
64	3.30	1.68	9.28	85.74
65	3.37	1.69	9.36	85.58
66	3.42	1.73	9.53	85.32
67	3.46	1.72	9.60	85.21
68	3.54	1.74	9.65	85.07
69	3.55	1.73	9.76	84.96
70	3.63	1.73	9.86	84.78
71	3.70	1.77	10.13	84.40
72	3.79	1.75	10.13	84.33
73	3.82	1.76	10.15	84.27
74	4.01	1.78	10.36	83.85
75	3.96	1.87	10.45	83.73
76	3.78	1.96	13.26	81.00
77	3.81	1.71	11.34	83.13
78	3.92	1.65	10.55	83.87
79	4.03	1.65	10.22	84.10
80	4.17	1.70	10.22	83.90
81	4.25	1.67	10.09	83.99
82	4.38	1.72	10.19	83.70
83	4.51	1.76	10.37	83.37
84	4.70	1.82	10.58	82.89
85	4.81	1.82	10.53	82.84
86	5.02	1.89	10.72	82.37
87	5.26	1.98	10.94	81.82
88	5.47	1.98	10.95	81.60
89	6.30	2.25	10.97	80.47
90	6.11	2.52	11.26	80.11
91	6.33	2.28	11.66	79.73
92	6.64	2.22	11.60	79.54
93	6.97	2.19	11.54	79.30
94	7.32	2.07	11.37	79.25
95	7.79	2.03	11.31	78.87
96	8.31	1.93	11.17	78.59
97	8.89	1.81	11.10	78.20
98	9.51	1.67	10.99	77.83
99	10.24	1.49	10.60	77.67
100	11.41	3.40	17.58	67.61


	KU330797-16_C_L004_R2_029.fastq
Ranges	0-10	11-20	21-30	31-40
Base
1	0.52	0.21	0.21	99.07
2	0.51	0.20	0.16	99.13
3	0.39	0.18	0.16	99.27
4	0.35	0.13	0.13	99.39
5	1.60	1.67	18.08	78.66
6	1.39	1.24	14.05	83.31
7	1.45	1.10	12.79	84.66
8	1.90	1.32	5.01	91.77
9	1.48	1.29	5.04	92.19
10	1.30	1.30	4.94	92.46
11	1.08	1.55	4.97	92.40
12	1.09	1.52	4.90	92.48
13	1.11	1.27	4.96	92.66
14	1.11	1.22	4.88	92.79
15	1.19	1.26	5.02	92.53
16	1.15	1.21	4.89	92.75
17	1.18	1.22	4.94	92.67
18	2.21	2.24	7.36	88.18
19	2.24	2.22	7.26	88.28
20	2.24	2.18	7.28	88.31
21	2.33	2.24	7.51	87.92
22	2.46	2.35	7.61	87.58
23	2.47	2.33	7.61	87.59
24	2.44	2.20	7.50	87.85
25	2.51	2.21	7.62	87.65
26	2.69	2.33	7.87	87.11
27	2.57	2.17	7.61	87.66
28	2.74	2.23	7.99	87.04
29	2.80	2.18	8.02	87.00
30	2.88	2.19	8.20	86.73
31	2.96	2.18	8.32	86.53
32	3.00	2.07	8.32	86.61
33	3.02	1.98	8.34	86.66
34	3.10	1.98	8.57	86.35
35	3.24	2.00	8.89	85.87
36	3.17	1.92	8.91	86.00
37	3.24	1.93	9.15	85.68
38	3.25	1.90	9.28	85.57
39	3.28	1.89	9.40	85.44
40	3.31	1.89	9.42	85.39
41	3.39	1.91	9.56	85.14
42	3.40	1.92	9.66	85.02
43	3.42	1.90	9.61	85.07
44	3.48	1.89	9.60	85.02
45	4.03	2.21	9.84	83.93
46	3.58	2.15	9.97	84.30
47	3.71	2.17	10.19	83.92
48	3.73	2.10	9.97	84.20
49	3.82	2.10	9.86	84.22
50	3.99	2.14	10.01	83.86
51	3.96	2.05	9.92	84.07
52	4.12	2.08	10.05	83.75
53	4.15	2.09	10.08	83.67
54	4.21	2.07	10.04	83.68
55	3.26	1.80	9.85	85.09
56	3.42	1.72	8.89	85.97
57	3.88	1.85	9.28	84.99
58	4.21	1.98	9.67	84.14
59	4.37	2.04	9.86	83.73
60	4.48	2.06	9.98	83.48
61	4.61	2.11	10.13	83.15
62	4.63	2.11	10.15	83.12
63	4.69	2.08	10.18	83.05
64	4.72	2.08	10.19	83.01
65	4.74	2.05	10.14	83.07
66	4.81	2.06	10.23	82.90
67	4.92	2.15	10.44	82.50
68	4.85	2.09	10.43	82.62
69	4.91	2.00	10.20	82.89
70	4.94	1.95	10.06	83.05
71	4.99	1.91	9.97	83.13
72	5.13	1.90	9.98	82.99
73	5.07	1.97	10.00	82.96
74	5.09	1.93	10.04	82.94
75	5.10	1.89	10.17	82.84
76	5.10	1.88	10.21	82.81
77	5.13	1.88	10.20	82.79
78	5.15	1.84	10.23	82.77
79	5.18	1.86	10.23	82.73
80	5.17	1.78	10.07	82.97
81	5.30	1.86	10.26	82.59
82	5.34	1.84	10.31	82.51
83	5.41	1.85	10.35	82.39
84	5.51	1.86	10.41	82.23
85	5.59	1.84	10.31	82.27
86	5.74	1.87	10.40	82.00
87	5.89	1.90	10.45	81.76
88	6.04	1.88	10.39	81.69
89	6.22	1.90	10.38	81.50
90	6.48	1.94	10.53	81.05
91	6.69	1.92	10.46	80.94
92	7.01	1.95	10.56	80.47
93	7.34	1.90	10.45	80.30
94	8.48	2.25	10.83	78.44
95	8.26	2.41	10.91	78.42
96	8.62	1.99	10.92	78.46
97	9.07	1.77	10.52	78.64
98	9.51	1.60	10.24	78.65
99	9.95	1.58	10.32	78.15
100	10.31	1.70	9.98	78.01




