Parameters
	Library type	Paired-end
	Input files	KU330797-16_C_L004_R1_004.fastq	KU330797-16_C_L004_R2_004.fastq
	Primer/Adaptor library	Paired End DNA Library
	Cut-off read length for HQ	70%
	Cut-off quality score	20
	Only statistics	On
	Number of CPUs	2


QC statistics
	File name	KU330797-16_C_L004_R1_004.fastq	KU330797-16_C_L004_R2_004.fastq
	Total number of reads	4000000	4000000
	Total number of HQ reads	3763598	3763598
	Percentage of HQ reads	94.09%	94.09%
	Total number of bases	400000000	400000000
	Total number of bases in HQ reads	376359800	376359800
	Total number of HQ bases in HQ reads	371471164	370770553
	Percentage of HQ bases in HQ reads	98.70%	98.51%
	Number of Primer/Adaptor contaminated HQ reads	6	11
	Total number of HQ filtered reads	3763581	3763581
	Percentage of HQ filtered reads	94.09%	94.09%


Detailed QC statistics
	File name	KU330797-16_C_L004_R1_004.fastq	KU330797-16_C_L004_R2_004.fastq
	Minimum read length	100	100
	Maximum read length	100	100
	Average read length	100.00	100.00
	Total number of reads	4000000	4000000
	Total number of reads with non-ATGC bases	31317	28792
	Percentage of reads with non-ATGC bases	0.78%	0.72%
	Total number of bases	400000000	400000000
	Total number of HQ bases	388598733	384908944
	Percentage of HQ bases	97.15%	96.23%
	Total number of non-ATGC bases	675862	200841
	Percentage of non-ATGC bases	0.17%	0.05%


Average quality score at each base position of input reads

KU330797-16_C_L004_R1_004.fastq
32.42	32.64	32.71	36.17	36.07	36.05	36.05	36.05	37.77	37.74	37.74	37.71	37.72	39.12	39.12	39.11	39.11	39.05	39.09	39.05	39.04	39.01	38.98	38.95	38.90	38.82	38.72	38.67	38.64	38.57	38.55	38.48	38.41	38.36	38.30	38.21	38.18	38.09	38.02	37.93	37.85	38.00	38.03	37.99	38.01	37.92	37.84	37.80	37.76	37.83	37.82	37.82	37.77	37.72	37.63	37.52	37.45	37.39	37.25	37.12	37.01	36.88	36.78	36.67	36.52	36.40	36.27	36.09	35.84	35.50	35.31	35.14	34.96	34.37	34.39	33.27	33.86	34.09	34.06	33.94	33.80	33.62	33.38	33.17	33.00	32.88	32.74	32.60	32.45	32.30	32.14	31.99	31.82	31.68	31.53	31.36	31.18	31.01	30.77	29.45	

KU330797-16_C_L004_R2_004.fastq
36.29	36.50	36.54	36.57	31.84	32.08	32.16	35.58	35.55	35.56	35.57	35.57	37.26	37.27	37.24	37.21	37.16	38.61	38.52	38.51	38.47	38.43	38.46	38.40	38.39	38.38	38.35	38.30	38.19	38.22	38.16	38.11	38.06	38.02	37.99	37.92	37.90	37.83	37.71	37.66	37.60	37.59	37.45	37.43	37.42	37.39	37.45	37.43	37.39	37.32	37.31	37.26	37.18	37.07	35.98	36.43	36.84	37.00	36.97	36.90	36.80	36.73	36.62	36.52	36.46	36.33	36.18	36.20	36.14	36.04	35.93	35.80	35.66	35.53	35.35	35.19	34.95	34.78	34.61	34.44	34.15	33.98	33.78	33.53	33.36	33.16	32.96	32.77	32.66	32.51	32.35	32.15	31.95	31.78	31.61	31.47	31.34	31.13	31.00	30.82	





Read count (%) per base for different quality score ranges

	KU330797-16_C_L004_R1_004.fastq
Ranges	0-10	11-20	21-30	31-40
Base
1	0.13	0.31	8.61	90.95
2	0.10	0.29	8.03	91.59
3	0.09	0.26	7.81	91.84
4	0.10	0.26	2.45	97.19
5	0.15	0.34	2.96	96.55
6	0.12	0.41	3.01	96.45
7	0.12	0.41	3.01	96.46
8	0.12	0.40	2.95	96.52
9	0.13	0.41	3.02	96.44
10	0.14	0.43	3.13	96.30
11	0.14	0.42	3.12	96.32
12	0.15	0.44	3.23	96.17
13	0.14	0.43	3.15	96.28
14	0.35	0.97	5.37	93.32
15	0.35	0.96	5.35	93.34
16	0.36	0.95	5.27	93.42
17	0.35	0.95	5.27	93.43
18	0.38	1.00	5.42	93.19
19	0.39	1.01	5.53	93.07
20	0.42	1.03	5.56	92.99
21	0.43	1.00	5.53	93.03
22	0.44	1.01	5.57	92.98
23	0.48	1.02	5.60	92.91
24	0.53	1.05	5.80	92.62
25	0.58	1.06	5.91	92.45
26	0.82	1.14	5.84	92.20
27	0.89	1.17	5.92	92.01
28	0.95	1.18	6.09	91.78
29	1.00	1.17	6.17	91.66
30	1.07	1.17	6.34	91.42
31	1.10	1.15	6.40	91.36
32	1.16	1.18	6.61	91.04
33	1.22	1.19	6.81	90.79
34	1.25	1.18	6.93	90.64
35	1.28	1.21	7.04	90.47
36	1.37	1.25	7.25	90.14
37	1.35	1.22	7.25	90.18
38	1.41	1.25	7.33	90.02
39	1.47	1.24	7.30	89.98
40	1.50	1.28	7.53	89.69
41	1.56	1.31	7.53	89.60
42	1.55	1.31	7.70	89.43
43	1.63	1.31	7.67	89.39
44	1.72	1.35	7.78	89.15
45	1.72	1.34	7.62	89.32
46	1.83	1.41	7.79	88.97
47	1.89	1.43	7.92	88.76
48	1.93	1.45	7.91	88.72
49	1.93	1.45	7.86	88.76
50	1.90	1.39	7.77	88.95
51	1.99	1.38	7.72	88.92
52	2.02	1.37	7.64	88.97
53	2.07	1.38	7.65	88.90
54	2.10	1.36	7.60	88.94
55	2.21	1.39	7.74	88.66
56	2.29	1.44	7.84	88.42
57	2.28	1.42	7.84	88.46
58	2.32	1.40	7.79	88.49
59	2.41	1.43	7.92	88.23
60	2.46	1.45	8.03	88.06
61	2.52	1.46	8.09	87.92
62	2.54	1.46	8.14	87.86
63	2.55	1.45	8.19	87.81
64	2.60	1.44	8.19	87.78
65	2.68	1.48	8.28	87.56
66	2.71	1.45	8.34	87.50
67	2.76	1.42	8.30	87.52
68	2.86	1.44	8.42	87.27
69	3.05	1.50	8.58	86.88
70	3.62	1.48	8.68	86.22
71	3.73	1.47	8.68	86.12
72	3.73	1.50	8.75	86.03
73	3.60	1.64	8.89	85.87
74	3.89	1.87	10.26	83.98
75	3.74	1.73	9.72	84.80
76	3.42	1.85	13.41	81.32
77	3.40	1.44	10.23	84.92
78	3.52	1.37	9.04	86.08
79	3.61	1.34	8.73	86.32
80	3.66	1.35	8.57	86.42
81	3.71	1.34	8.44	86.52
82	3.79	1.36	8.41	86.44
83	3.96	1.46	8.70	85.88
84	4.11	1.49	8.87	85.53
85	4.18	1.58	9.03	85.22
86	4.26	1.54	8.93	85.28
87	4.39	1.52	8.97	85.12
88	4.54	1.53	8.99	84.94
89	4.71	1.56	9.06	84.66
90	4.92	1.59	9.16	84.33
91	5.15	1.64	9.29	83.92
92	5.41	1.67	9.39	83.53
93	5.70	1.70	9.54	83.06
94	6.00	1.70	9.59	82.71
95	6.36	1.64	9.61	82.39
96	6.80	1.62	9.63	81.95
97	7.29	1.54	9.67	81.50
98	7.81	1.42	9.57	81.21
99	8.47	1.36	9.58	80.59
100	9.42	2.88	15.91	71.79


	KU330797-16_C_L004_R2_004.fastq
Ranges	0-10	11-20	21-30	31-40
Base
1	1.15	0.25	0.24	98.36
2	1.17	0.21	0.16	98.45
3	1.14	0.18	0.16	98.52
4	1.04	0.19	0.15	98.62
5	1.09	0.83	11.42	86.66
6	1.04	0.84	10.03	88.09
7	1.05	0.81	9.74	88.40
8	1.09	0.78	3.87	94.26
9	1.13	0.78	3.93	94.16
10	1.00	0.92	3.87	94.21
11	0.79	1.20	3.98	94.03
12	0.79	1.16	3.93	94.12
13	0.80	0.95	3.95	94.31
14	0.80	0.90	3.91	94.39
15	0.84	0.93	3.97	94.26
16	0.87	0.95	4.05	94.13
17	0.91	0.98	4.14	93.97
18	1.75	1.84	6.37	90.05
19	1.94	1.95	6.63	89.48
20	1.92	1.94	6.51	89.63
21	1.96	1.96	6.62	89.46
22	2.02	1.89	6.53	89.56
23	2.13	1.94	6.76	89.17
24	2.20	1.98	6.86	88.95
25	2.16	1.99	6.85	89.00
26	2.20	1.93	6.81	89.06
27	2.27	1.90	6.85	88.99
28	2.45	1.99	7.22	88.34
29	2.59	2.03	7.43	87.95
30	2.53	1.86	7.26	88.34
31	2.59	1.88	7.40	88.13
32	2.64	1.84	7.47	88.05
33	2.73	1.77	7.61	87.89
34	2.72	1.76	7.72	87.80
35	2.76	1.71	7.79	87.74
36	2.83	1.69	8.05	87.44
37	2.80	1.68	8.09	87.43
38	2.85	1.67	8.31	87.17
39	3.01	1.75	8.57	86.67
40	2.99	1.73	8.67	86.61
41	3.04	1.72	8.72	86.52
42	3.02	1.70	8.65	86.62
43	3.19	1.76	8.89	86.15
44	3.16	1.75	8.86	86.23
45	3.14	1.72	8.71	86.42
46	3.15	1.69	8.61	86.56
47	3.29	1.75	8.93	86.03
48	3.37	1.76	8.96	85.91
49	3.50	1.80	8.96	85.75
50	3.57	1.84	9.01	85.58
51	3.61	1.80	8.96	85.63
52	3.62	1.82	9.00	85.56
53	3.72	1.85	9.07	85.36
54	3.87	1.91	9.11	85.12
55	2.76	1.57	8.82	86.85
56	2.93	1.50	7.80	87.77
57	3.30	1.59	8.06	87.05
58	3.65	1.65	8.45	86.24
59	3.91	1.75	8.82	85.52
60	4.03	1.81	8.95	85.20
61	4.09	1.85	9.04	85.02
62	4.12	1.84	9.05	85.00
63	4.18	1.85	9.15	84.82
64	4.23	1.85	9.18	84.74
65	4.20	1.81	9.09	84.91
66	4.24	1.84	9.14	84.78
67	4.31	1.85	9.27	84.58
68	4.23	1.78	9.16	84.83
69	4.33	1.73	9.00	84.94
70	4.39	1.70	8.90	85.01
71	4.43	1.66	8.84	85.08
72	4.50	1.63	8.73	85.15
73	4.47	1.63	8.69	85.20
74	4.39	1.65	8.60	85.36
75	4.39	1.63	8.71	85.27
76	4.40	1.56	8.69	85.35
77	4.42	1.60	8.88	85.10
78	4.43	1.59	8.84	85.14
79	4.41	1.54	8.78	85.26
80	4.43	1.50	8.69	85.38
81	4.56	1.58	8.94	84.92
82	4.55	1.56	8.88	85.00
83	4.61	1.55	8.90	84.94
84	4.75	1.62	9.07	84.56
85	4.77	1.60	9.10	84.53
86	4.88	1.62	9.15	84.35
87	5.02	1.64	9.19	84.16
88	5.14	1.69	9.26	83.91
89	5.24	1.64	9.03	84.09
90	5.40	1.63	8.99	83.98
91	5.61	1.61	8.95	83.82
92	5.88	1.66	9.07	83.39
93	6.19	1.71	9.24	82.86
94	6.50	1.68	9.23	82.58
95	6.85	1.66	9.24	82.24
96	7.20	1.56	9.08	82.15
97	7.59	1.46	8.89	82.07
98	8.03	1.43	9.01	81.52
99	8.40	1.33	8.98	81.28
100	8.76	1.52	8.97	80.76




