Parameters
	Library type	Paired-end
	Input files	KU330797-16_C_L004_R1_010.fastq	KU330797-16_C_L004_R2_010.fastq
	Primer/Adaptor library	Paired End DNA Library
	Cut-off read length for HQ	70%
	Cut-off quality score	20
	Only statistics	On
	Number of CPUs	2


QC statistics
	File name	KU330797-16_C_L004_R1_010.fastq	KU330797-16_C_L004_R2_010.fastq
	Total number of reads	4000000	4000000
	Total number of HQ reads	3768763	3768763
	Percentage of HQ reads	94.22%	94.22%
	Total number of bases	400000000	400000000
	Total number of bases in HQ reads	376876300	376876300
	Total number of HQ bases in HQ reads	371938120	371972643
	Percentage of HQ bases in HQ reads	98.69%	98.70%
	Number of Primer/Adaptor contaminated HQ reads	4	13
	Total number of HQ filtered reads	3768746	3768746
	Percentage of HQ filtered reads	94.22%	94.22%


Detailed QC statistics
	File name	KU330797-16_C_L004_R1_010.fastq	KU330797-16_C_L004_R2_010.fastq
	Minimum read length	100	100
	Maximum read length	100	100
	Average read length	100.00	100.00
	Total number of reads	4000000	4000000
	Total number of reads with non-ATGC bases	28704	30564
	Percentage of reads with non-ATGC bases	0.72%	0.76%
	Total number of bases	400000000	400000000
	Total number of HQ bases	388562274	385897002
	Percentage of HQ bases	97.14%	96.47%
	Total number of non-ATGC bases	384334	395558
	Percentage of non-ATGC bases	0.10%	0.10%


Average quality score at each base position of input reads

KU330797-16_C_L004_R1_010.fastq
32.65	32.87	32.93	36.34	36.25	36.25	36.24	36.24	37.99	37.99	37.96	37.95	37.95	39.45	39.44	39.40	39.37	39.36	39.38	39.36	39.32	39.27	39.23	39.21	39.16	39.11	39.04	38.97	38.92	38.80	38.75	38.72	38.64	38.59	38.49	38.41	38.32	38.27	38.18	38.07	38.02	38.21	38.17	38.17	38.11	38.07	37.99	37.93	37.85	37.98	38.01	37.99	37.90	37.84	37.75	37.67	37.60	37.50	37.34	37.23	37.16	37.05	36.92	36.76	36.61	36.47	36.28	36.14	35.95	35.67	35.49	35.29	34.95	34.42	34.44	33.18	33.83	34.08	34.04	33.95	33.80	33.60	33.35	33.17	32.99	32.82	32.67	32.51	32.35	32.20	32.05	31.92	31.73	31.57	31.40	31.23	31.06	30.87	30.65	29.22	

KU330797-16_C_L004_R2_010.fastq
36.36	36.56	36.58	36.62	31.99	32.35	32.46	35.85	35.85	35.88	35.85	35.82	37.54	37.48	37.50	37.43	37.44	38.86	38.86	38.88	38.83	38.85	38.88	38.80	38.77	38.75	38.70	38.68	38.65	38.62	38.55	38.51	38.44	38.37	38.31	38.23	38.22	38.13	38.10	38.01	37.98	37.89	37.82	37.78	37.73	37.64	37.75	37.74	37.69	37.65	37.58	37.53	37.49	37.38	36.32	36.77	37.09	37.17	37.23	37.17	37.05	36.95	36.83	36.76	36.65	36.50	36.36	36.42	36.38	36.35	36.17	36.09	35.89	35.76	35.59	35.44	35.23	35.07	34.85	34.64	34.43	34.16	33.96	33.75	33.59	33.34	33.19	33.00	32.79	32.65	32.50	32.33	32.13	31.95	31.79	31.59	31.42	31.27	31.13	31.01	





Read count (%) per base for different quality score ranges

	KU330797-16_C_L004_R1_010.fastq
Ranges	0-10	11-20	21-30	31-40
Base
1	0.12	0.24	6.73	92.91
2	0.07	0.25	6.26	93.43
3	0.06	0.20	6.15	93.59
4	0.06	0.19	1.81	97.94
5	0.10	0.26	2.28	97.37
6	0.08	0.29	2.27	97.35
7	0.08	0.30	2.31	97.30
8	0.09	0.29	2.28	97.34
9	0.10	0.32	2.41	97.18
10	0.10	0.32	2.42	97.17
11	0.11	0.33	2.49	97.07
12	0.11	0.34	2.51	97.04
13	0.11	0.33	2.49	97.07
14	0.27	0.78	4.60	94.34
15	0.28	0.80	4.60	94.31
16	0.34	0.80	4.61	94.25
17	0.32	0.87	4.74	94.07
18	0.32	0.83	4.67	94.19
19	0.36	0.88	4.81	93.96
20	0.36	0.84	4.77	94.02
21	0.38	0.86	4.85	93.91
22	0.43	0.89	4.93	93.75
23	0.46	0.89	4.95	93.70
24	0.50	0.92	5.12	93.46
25	0.56	0.92	5.15	93.37
26	0.74	0.96	5.10	93.20
27	0.84	1.00	5.21	92.95
28	0.91	1.01	5.31	92.77
29	0.97	0.99	5.34	92.70
30	1.07	1.04	5.65	92.24
31	1.10	1.03	5.73	92.14
32	1.12	1.00	5.79	92.09
33	1.21	1.03	5.95	91.82
34	1.23	1.03	6.04	91.70
35	1.30	1.06	6.22	91.42
36	1.35	1.08	6.38	91.18
37	1.41	1.11	6.46	91.03
38	1.42	1.09	6.44	91.05
39	1.49	1.11	6.55	90.84
40	1.56	1.16	6.67	90.61
41	1.58	1.15	6.67	90.60
42	1.60	1.16	6.75	90.49
43	1.73	1.21	6.88	90.19
44	1.78	1.19	6.82	90.21
45	1.89	1.24	6.89	89.98
46	1.92	1.25	6.91	89.91
47	1.98	1.27	7.02	89.73
48	2.02	1.28	7.06	89.64
49	2.11	1.32	7.16	89.41
50	2.04	1.24	6.95	89.76
51	2.14	1.23	6.81	89.82
52	2.22	1.23	6.82	89.73
53	2.32	1.27	6.98	89.44
54	2.37	1.28	6.96	89.38
55	2.44	1.30	7.04	89.21
56	2.47	1.30	7.08	89.15
57	2.52	1.29	7.07	89.12
58	2.57	1.30	7.09	89.03
59	2.68	1.34	7.32	88.66
60	2.71	1.35	7.36	88.58
61	2.73	1.32	7.28	88.67
62	2.78	1.32	7.34	88.56
63	2.80	1.32	7.41	88.47
64	2.89	1.35	7.53	88.23
65	2.94	1.36	7.66	88.04
66	2.98	1.36	7.72	87.94
67	3.06	1.40	7.88	87.66
68	3.06	1.37	7.90	87.67
69	3.15	1.36	7.96	87.53
70	3.42	1.41	8.16	87.01
71	3.48	1.41	8.23	86.88
72	3.54	1.42	8.32	86.71
73	3.89	1.46	8.61	86.04
74	3.93	1.81	9.84	84.42
75	3.80	1.76	9.23	85.21
76	3.48	1.90	13.56	81.07
77	3.54	1.48	9.99	85.00
78	3.63	1.37	8.81	86.19
79	3.75	1.36	8.48	86.41
80	3.78	1.33	8.25	86.64
81	3.84	1.33	8.12	86.71
82	3.96	1.36	8.16	86.52
83	4.13	1.45	8.49	85.94
84	4.25	1.46	8.56	85.73
85	4.34	1.52	8.63	85.50
86	4.47	1.57	8.81	85.15
87	4.61	1.56	8.89	84.94
88	4.77	1.59	9.02	84.63
89	4.96	1.64	9.12	84.28
90	5.15	1.65	9.21	83.99
91	5.39	1.68	9.30	83.63
92	5.63	1.67	9.32	83.39
93	5.97	1.72	9.48	82.84
94	6.30	1.73	9.60	82.37
95	6.68	1.70	9.70	81.91
96	7.12	1.65	9.69	81.53
97	7.61	1.55	9.68	81.16
98	8.15	1.44	9.68	80.73
99	8.82	1.34	9.50	80.34
100	9.89	3.05	16.39	70.67


	KU330797-16_C_L004_R2_010.fastq
Ranges	0-10	11-20	21-30	31-40
Base
1	0.98	0.27	0.24	98.51
2	1.06	0.22	0.17	98.54
3	1.02	0.21	0.16	98.61
4	0.88	0.26	0.14	98.72
5	1.06	0.72	9.77	88.46
6	0.85	0.70	8.12	90.34
7	0.81	0.66	7.79	90.75
8	0.80	0.64	3.09	95.46
9	0.81	0.65	3.10	95.45
10	0.72	0.69	2.97	95.62
11	0.75	0.71	3.07	95.47
12	0.79	0.73	3.13	95.35
13	0.82	0.70	3.03	95.45
14	0.88	0.73	3.18	95.20
15	0.91	0.70	3.03	95.37
16	0.98	0.74	3.19	95.10
17	0.96	0.76	3.13	95.15
18	2.11	1.82	5.88	90.20
19	2.07	1.80	5.71	90.42
20	2.09	1.61	5.64	90.65
21	2.10	1.73	5.81	90.36
22	2.04	1.73	5.65	90.58
23	2.13	1.70	5.88	90.30
24	2.23	1.70	6.03	90.05
25	2.26	1.68	6.01	90.05
26	2.28	1.65	5.96	90.11
27	2.35	1.64	6.02	89.99
28	2.47	1.68	6.34	89.51
29	2.50	1.64	6.32	89.54
30	2.53	1.58	6.33	89.55
31	2.61	1.57	6.47	89.35
32	2.63	1.53	6.47	89.37
33	2.72	1.51	6.61	89.16
34	2.78	1.49	6.75	88.98
35	2.83	1.50	6.91	88.77
36	2.88	1.50	7.16	88.47
37	2.88	1.46	7.12	88.55
38	2.98	1.48	7.34	88.20
39	3.01	1.44	7.29	88.26
40	3.14	1.44	7.40	88.02
41	3.14	1.45	7.45	87.96
42	3.24	1.46	7.53	87.77
43	3.29	1.45	7.58	87.67
44	3.25	1.52	7.50	87.74
45	3.26	1.49	7.55	87.70
46	3.31	1.52	7.57	87.61
47	3.31	1.56	7.77	87.36
48	3.45	1.55	7.75	87.25
49	3.56	1.54	7.87	87.03
50	3.61	1.56	7.80	87.03
51	3.68	1.56	7.88	86.88
52	3.72	1.58	7.90	86.79
53	3.78	1.55	7.83	86.84
54	3.87	1.60	7.93	86.59
55	2.73	1.30	7.39	88.58
56	2.91	1.23	6.53	89.34
57	3.41	1.36	6.99	88.24
58	3.83	1.54	7.60	87.03
59	3.97	1.54	7.70	86.79
60	4.10	1.54	7.79	86.57
61	4.19	1.62	7.92	86.27
62	4.25	1.63	7.97	86.14
63	4.32	1.63	8.15	85.90
64	4.28	1.60	8.08	86.03
65	4.33	1.60	8.11	85.96
66	4.32	1.67	8.22	85.79
67	4.32	1.69	8.32	85.67
68	4.29	1.59	8.20	85.92
69	4.37	1.52	7.97	86.13
70	4.39	1.43	7.76	86.43
71	4.46	1.47	7.86	86.20
72	4.41	1.40	7.69	86.50
73	4.46	1.43	7.78	86.32
74	4.40	1.40	7.71	86.48
75	4.40	1.40	7.74	86.47
76	4.37	1.35	7.67	86.61
77	4.37	1.35	7.70	86.58
78	4.34	1.31	7.62	86.73
79	4.38	1.33	7.70	86.59
80	4.41	1.35	7.69	86.55
81	4.42	1.33	7.73	86.52
82	4.54	1.39	7.93	86.14
83	4.56	1.42	8.00	86.03
84	4.62	1.42	8.03	85.93
85	4.66	1.39	8.00	85.95
86	4.81	1.47	8.18	85.54
87	4.86	1.42	8.12	85.60
88	5.00	1.44	8.17	85.39
89	5.18	1.50	8.33	84.99
90	5.31	1.48	8.30	84.90
91	5.47	1.45	8.28	84.79
92	5.69	1.48	8.33	84.50
93	5.97	1.52	8.47	84.03
94	6.27	1.53	8.58	83.61
95	6.56	1.51	8.64	83.29
96	6.98	1.52	8.71	82.79
97	7.35	1.48	8.76	82.41
98	7.73	1.37	8.72	82.18
99	8.07	1.30	8.70	81.92
100	8.39	1.35	8.42	81.83




