Parameters
	Library type	Paired-end
	Input files	KU330797-16_C_L004_R1_019.fastq	KU330797-16_C_L004_R2_019.fastq
	Primer/Adaptor library	Paired End DNA Library
	Cut-off read length for HQ	70%
	Cut-off quality score	20
	Only statistics	On
	Number of CPUs	2


QC statistics
	File name	KU330797-16_C_L004_R1_019.fastq	KU330797-16_C_L004_R2_019.fastq
	Total number of reads	4000000	4000000
	Total number of HQ reads	3777130	3777130
	Percentage of HQ reads	94.43%	94.43%
	Total number of bases	400000000	400000000
	Total number of bases in HQ reads	377713000	377713000
	Total number of HQ bases in HQ reads	372304310	372547513
	Percentage of HQ bases in HQ reads	98.57%	98.63%
	Number of Primer/Adaptor contaminated HQ reads	6	10
	Total number of HQ filtered reads	3777114	3777114
	Percentage of HQ filtered reads	94.43%	94.43%


Detailed QC statistics
	File name	KU330797-16_C_L004_R1_019.fastq	KU330797-16_C_L004_R2_019.fastq
	Minimum read length	100	100
	Maximum read length	100	100
	Average read length	100.00	100.00
	Total number of reads	4000000	4000000
	Total number of reads with non-ATGC bases	17046	17602
	Percentage of reads with non-ATGC bases	0.43%	0.44%
	Total number of bases	400000000	400000000
	Total number of HQ bases	388055043	386036279
	Percentage of HQ bases	97.01%	96.51%
	Total number of non-ATGC bases	187116	199238
	Percentage of non-ATGC bases	0.05%	0.05%


Average quality score at each base position of input reads

KU330797-16_C_L004_R1_019.fastq
32.47	32.71	32.79	36.23	36.15	36.14	36.10	36.13	37.89	37.85	37.82	37.80	37.81	39.28	39.28	39.21	39.18	39.18	39.22	39.18	39.16	39.13	39.01	39.03	38.97	38.91	38.88	38.77	38.73	38.65	38.59	38.52	38.46	38.44	38.36	38.30	38.22	38.11	38.05	37.97	37.90	38.08	38.09	38.09	38.08	38.03	37.96	37.87	37.80	37.82	37.86	37.85	37.79	37.73	37.65	37.57	37.46	37.38	37.27	37.18	37.05	36.93	36.75	36.66	36.51	36.31	36.14	35.97	35.83	35.48	35.28	35.05	34.80	34.22	34.28	33.14	33.66	33.91	33.91	33.77	33.62	33.46	33.25	33.07	32.82	32.59	32.42	32.31	32.19	32.02	31.88	31.68	31.59	31.42	31.27	31.10	30.91	30.72	30.50	29.09	

KU330797-16_C_L004_R2_019.fastq
36.45	36.65	36.69	36.73	31.38	31.96	32.17	35.72	35.71	35.76	35.75	35.73	37.37	37.35	37.32	37.28	37.26	38.71	38.67	38.69	38.65	38.65	38.69	38.66	38.66	38.57	38.55	38.53	38.43	38.44	38.40	38.34	38.28	38.27	38.20	38.14	38.07	37.99	37.92	37.90	37.84	37.78	37.75	37.67	37.61	37.51	37.63	37.65	37.66	37.60	37.58	37.45	37.42	37.37	36.25	36.75	37.04	37.17	37.20	37.12	37.02	36.88	36.74	36.65	36.58	36.49	36.34	36.36	36.30	36.18	36.08	36.01	35.86	35.71	35.54	35.36	35.14	34.97	34.75	34.55	34.34	34.13	33.96	33.75	33.56	33.35	33.20	32.99	32.80	32.62	32.47	32.28	32.09	31.92	31.74	31.62	31.46	31.30	31.16	31.02	





Read count (%) per base for different quality score ranges

	KU330797-16_C_L004_R1_019.fastq
Ranges	0-10	11-20	21-30	31-40
Base
1	0.16	0.33	8.04	91.46
2	0.08	0.29	7.41	92.21
3	0.08	0.24	7.15	92.53
4	0.08	0.24	2.21	97.46
5	0.12	0.31	2.63	96.94
6	0.11	0.36	2.70	96.84
7	0.12	0.40	2.83	96.65
8	0.11	0.36	2.68	96.85
9	0.11	0.35	2.67	96.87
10	0.12	0.38	2.80	96.70
11	0.13	0.40	2.89	96.58
12	0.14	0.41	2.90	96.55
13	0.13	0.40	2.91	96.56
14	0.30	0.88	4.96	93.87
15	0.32	0.86	4.88	93.94
16	0.35	0.90	5.08	93.68
17	0.36	0.95	5.13	93.56
18	0.35	0.93	5.01	93.71
19	0.38	0.92	5.09	93.62
20	0.41	0.96	5.20	93.43
21	0.40	0.94	5.20	93.46
22	0.44	0.95	5.22	93.39
23	0.50	1.04	5.51	92.95
24	0.52	1.01	5.55	92.92
25	0.59	1.03	5.65	92.72
26	0.80	1.09	5.52	92.59
27	0.84	1.09	5.54	92.53
28	0.96	1.15	5.84	92.04
29	1.00	1.12	5.85	92.03
30	1.09	1.14	6.06	91.71
31	1.13	1.14	6.20	91.52
32	1.19	1.14	6.36	91.31
33	1.24	1.16	6.50	91.11
34	1.21	1.12	6.50	91.17
35	1.27	1.15	6.71	90.86
36	1.31	1.15	6.78	90.76
37	1.37	1.17	6.91	90.55
38	1.44	1.21	7.02	90.34
39	1.47	1.20	7.04	90.30
40	1.49	1.23	7.12	90.16
41	1.53	1.25	7.10	90.12
42	1.55	1.24	7.26	89.95
43	1.64	1.28	7.29	89.79
44	1.70	1.27	7.27	89.76
45	1.75	1.29	7.26	89.70
46	1.79	1.29	7.35	89.57
47	1.87	1.33	7.36	89.44
48	1.94	1.37	7.52	89.17
49	1.98	1.41	7.59	89.02
50	1.98	1.40	7.63	88.99
51	2.02	1.34	7.40	89.24
52	2.07	1.33	7.32	89.27
53	2.18	1.34	7.37	89.11
54	2.23	1.35	7.41	89.01
55	2.28	1.39	7.45	88.88
56	2.32	1.37	7.50	88.81
57	2.41	1.41	7.57	88.62
58	2.44	1.41	7.58	88.58
59	2.51	1.39	7.69	88.40
60	2.53	1.36	7.65	88.46
61	2.60	1.39	7.74	88.28
62	2.66	1.38	7.74	88.22
63	2.77	1.46	8.00	87.77
64	2.76	1.42	7.97	87.86
65	2.83	1.43	8.04	87.71
66	2.94	1.47	8.23	87.35
67	3.01	1.49	8.32	87.18
68	3.10	1.48	8.38	87.04
69	3.11	1.44	8.36	87.09
70	3.38	1.59	8.87	86.16
71	3.45	1.61	9.05	85.89
72	3.57	1.65	9.27	85.51
73	3.76	1.63	9.34	85.27
74	3.98	1.93	10.66	83.42
75	3.79	1.86	9.94	84.41
76	3.55	2.01	13.71	80.74
77	3.60	1.64	10.81	83.95
78	3.69	1.51	9.54	85.26
79	3.77	1.47	9.10	85.66
80	3.89	1.48	8.96	85.68
81	3.97	1.49	8.88	85.67
82	4.03	1.46	8.81	85.69
83	4.18	1.52	8.92	85.38
84	4.32	1.53	9.00	85.15
85	4.51	1.66	9.32	84.51
86	4.72	1.76	9.65	83.87
87	4.89	1.79	9.78	83.54
88	5.00	1.77	9.71	83.52
89	5.17	1.75	9.61	83.47
90	5.43	1.80	9.76	83.01
91	5.66	1.81	9.82	82.71
92	5.99	1.89	10.02	82.09
93	6.22	1.82	9.87	82.08
94	6.56	1.82	10.02	81.59
95	6.95	1.76	9.99	81.30
96	7.42	1.67	9.95	80.97
97	7.95	1.61	9.93	80.51
98	8.53	1.47	9.87	80.13
99	9.22	1.37	9.70	79.71
100	10.26	3.07	16.43	70.25


	KU330797-16_C_L004_R2_019.fastq
Ranges	0-10	11-20	21-30	31-40
Base
1	0.72	0.24	0.25	98.79
2	0.77	0.20	0.17	98.85
3	0.70	0.19	0.16	98.95
4	0.59	0.20	0.15	99.06
5	1.25	1.05	13.59	84.11
6	0.90	0.85	10.06	88.20
7	0.90	0.76	9.36	88.98
8	0.82	0.75	3.47	94.96
9	0.83	0.79	3.61	94.77
10	0.70	0.83	3.45	95.02
11	0.74	0.81	3.48	94.97
12	0.76	0.82	3.51	94.91
13	0.83	0.81	3.55	94.81
14	0.89	0.82	3.56	94.73
15	0.93	0.82	3.57	94.68
16	0.96	0.86	3.65	94.53
17	0.96	0.89	3.71	94.45
18	1.89	1.88	6.06	90.18
19	1.92	1.88	6.13	90.07
20	1.92	1.78	6.06	90.24
21	1.88	1.87	6.17	90.08
22	1.84	1.86	6.07	90.23
23	1.95	1.81	6.32	89.93
24	2.00	1.77	6.23	90.00
25	1.97	1.74	6.20	90.10
26	2.06	1.77	6.44	89.73
27	2.07	1.73	6.38	89.82
28	2.21	1.79	6.70	89.31
29	2.32	1.81	6.88	88.99
30	2.29	1.71	6.77	89.23
31	2.36	1.69	6.79	89.16
32	2.41	1.65	6.92	89.02
33	2.47	1.61	7.09	88.82
34	2.46	1.55	7.09	88.90
35	2.52	1.53	7.28	88.66
36	2.57	1.53	7.42	88.48
37	2.65	1.55	7.64	88.15
38	2.75	1.55	7.78	87.92
39	2.82	1.55	7.89	87.74
40	2.83	1.53	7.87	87.77
41	2.91	1.55	7.95	87.59
42	2.96	1.55	8.02	87.46
43	2.97	1.54	7.97	87.52
44	3.03	1.57	8.06	87.33
45	3.00	1.61	8.10	87.28
46	3.10	1.63	8.14	87.13
47	3.07	1.70	8.35	86.88
48	3.13	1.68	8.25	86.94
49	3.18	1.60	8.20	87.01
50	3.27	1.65	8.24	86.84
51	3.29	1.61	8.18	86.92
52	3.41	1.66	8.44	86.49
53	3.47	1.64	8.33	86.55
54	3.47	1.67	8.35	86.51
55	2.51	1.39	7.98	88.12
56	2.67	1.31	7.00	89.02
57	3.19	1.48	7.60	87.72
58	3.53	1.59	8.02	86.86
59	3.65	1.64	8.19	86.52
60	3.76	1.69	8.31	86.24
61	3.85	1.72	8.38	86.05
62	3.95	1.78	8.57	85.69
63	4.07	1.80	8.78	85.35
64	4.04	1.80	8.75	85.41
65	4.00	1.77	8.73	85.50
66	4.01	1.73	8.69	85.57
67	4.01	1.76	8.79	85.44
68	3.96	1.70	8.71	85.63
69	4.05	1.64	8.48	85.82
70	4.14	1.64	8.54	85.68
71	4.13	1.61	8.43	85.82
72	4.09	1.52	8.22	86.16
73	4.13	1.51	8.19	86.17
74	4.12	1.49	8.16	86.24
75	4.11	1.47	8.21	86.20
76	4.12	1.46	8.19	86.24
77	4.14	1.48	8.29	86.09
78	4.13	1.45	8.27	86.16
79	4.17	1.48	8.38	85.98
80	4.20	1.48	8.38	85.94
81	4.24	1.47	8.41	85.88
82	4.30	1.47	8.42	85.81
83	4.31	1.45	8.34	85.90
84	4.40	1.48	8.41	85.71
85	4.47	1.46	8.42	85.65
86	4.60	1.49	8.51	85.39
87	4.68	1.47	8.42	85.43
88	4.85	1.51	8.52	85.11
89	5.00	1.55	8.62	84.83
90	5.18	1.57	8.67	84.57
91	5.37	1.56	8.67	84.40
92	5.61	1.59	8.77	84.03
93	5.89	1.62	8.85	83.64
94	6.20	1.63	8.93	83.25
95	6.53	1.62	8.97	82.89
96	6.85	1.51	8.80	82.83
97	7.24	1.45	8.77	82.54
98	7.63	1.37	8.78	82.22
99	7.97	1.29	8.78	81.96
100	8.29	1.40	8.61	81.69




