Parameters
	Library type	Paired-end
	Input files	KU330797-16_C_L004_R1_023.fastq	KU330797-16_C_L004_R2_023.fastq
	Primer/Adaptor library	Paired End DNA Library
	Cut-off read length for HQ	70%
	Cut-off quality score	20
	Only statistics	On
	Number of CPUs	2


QC statistics
	File name	KU330797-16_C_L004_R1_023.fastq	KU330797-16_C_L004_R2_023.fastq
	Total number of reads	4000000	4000000
	Total number of HQ reads	3698945	3698945
	Percentage of HQ reads	92.47%	92.47%
	Total number of bases	400000000	400000000
	Total number of bases in HQ reads	369894500	369894500
	Total number of HQ bases in HQ reads	363711543	361922453
	Percentage of HQ bases in HQ reads	98.33%	97.84%
	Number of Primer/Adaptor contaminated HQ reads	13	16
	Total number of HQ filtered reads	3698916	3698916
	Percentage of HQ filtered reads	92.47%	92.47%


Detailed QC statistics
	File name	KU330797-16_C_L004_R1_023.fastq	KU330797-16_C_L004_R2_023.fastq
	Minimum read length	100	100
	Maximum read length	100	100
	Average read length	100.00	100.00
	Total number of reads	4000000	4000000
	Total number of reads with non-ATGC bases	10587	9357
	Percentage of reads with non-ATGC bases	0.26%	0.23%
	Total number of bases	400000000	400000000
	Total number of HQ bases	385547607	378545688
	Percentage of HQ bases	96.39%	94.64%
	Total number of non-ATGC bases	44570	90719
	Percentage of non-ATGC bases	0.01%	0.02%


Average quality score at each base position of input reads

KU330797-16_C_L004_R1_023.fastq
32.05	32.29	32.40	35.91	35.83	35.86	35.80	35.77	37.48	37.43	37.41	37.46	37.44	38.72	38.73	38.68	38.68	38.63	38.62	38.64	38.65	38.57	38.54	38.51	38.48	38.39	38.31	38.26	38.14	38.08	38.09	38.01	37.77	37.84	37.63	37.59	37.55	37.52	37.44	37.44	37.31	37.50	37.56	37.57	37.53	37.46	37.30	37.37	37.30	37.35	37.32	37.30	37.09	37.08	36.99	36.97	36.89	36.80	36.52	36.44	36.41	36.27	36.15	35.95	35.91	35.74	35.58	35.36	35.14	34.89	34.73	34.50	34.16	33.64	33.74	32.55	33.00	33.14	33.12	33.07	33.05	32.91	32.68	32.40	32.28	32.03	31.91	31.79	31.68	31.44	31.33	31.10	30.91	30.70	30.54	30.37	30.11	29.87	29.63	28.01	

KU330797-16_C_L004_R2_023.fastq
36.46	36.66	36.76	36.79	30.48	31.09	31.19	34.91	34.89	34.93	34.95	34.84	36.38	36.35	36.37	36.44	36.31	37.51	37.59	37.62	37.45	37.61	37.66	37.59	37.56	37.57	37.43	37.39	37.34	37.29	37.31	37.26	37.19	37.13	37.11	37.10	36.93	36.88	36.69	36.66	36.61	36.48	36.59	36.52	36.51	36.40	36.42	36.45	36.46	36.40	36.32	36.30	36.29	36.26	35.20	35.61	35.95	36.12	36.03	35.98	35.85	35.70	35.67	35.59	35.39	35.29	35.26	34.94	35.00	34.77	34.66	34.64	34.49	34.29	34.04	33.85	33.70	33.57	33.44	33.20	33.12	32.81	32.58	32.52	32.36	32.10	31.90	31.76	31.53	31.21	31.11	30.83	30.65	30.52	30.32	30.12	29.91	29.67	29.41	29.18	





Read count (%) per base for different quality score ranges

	KU330797-16_C_L004_R1_023.fastq
Ranges	0-10	11-20	21-30	31-40
Base
1	0.21	0.42	11.62	87.74
2	0.16	0.40	10.80	88.64
3	0.13	0.36	10.32	89.19
4	0.15	0.37	3.38	96.10
5	0.19	0.45	3.87	95.49
6	0.14	0.49	3.73	95.64
7	0.17	0.57	4.02	95.24
8	0.18	0.60	4.07	95.15
9	0.17	0.55	3.89	95.39
10	0.18	0.58	4.10	95.14
11	0.20	0.59	4.11	95.11
12	0.17	0.55	3.95	95.33
13	0.18	0.55	4.01	95.25
14	0.40	1.17	6.23	92.20
15	0.40	1.12	6.05	92.43
16	0.41	1.18	6.17	92.24
17	0.43	1.15	6.06	92.36
18	0.45	1.20	6.22	92.13
19	0.49	1.29	6.52	91.70
20	0.47	1.21	6.35	91.97
21	0.48	1.18	6.28	92.07
22	0.52	1.25	6.48	91.75
23	0.54	1.22	6.46	91.78
24	0.58	1.26	6.65	91.51
25	0.61	1.24	6.68	91.46
26	0.88	1.33	6.65	91.13
27	0.98	1.39	6.78	90.85
28	1.03	1.39	6.91	90.67
29	1.18	1.45	7.23	90.14
30	1.22	1.44	7.38	89.97
31	1.19	1.34	7.28	90.18
32	1.26	1.37	7.52	89.85
33	1.52	1.54	8.18	88.76
34	1.34	1.41	8.01	89.24
35	1.58	1.57	8.50	88.35
36	1.57	1.55	8.60	88.28
37	1.54	1.52	8.60	88.34
38	1.54	1.50	8.56	88.40
39	1.63	1.53	8.61	88.23
40	1.58	1.48	8.48	88.46
41	1.69	1.54	8.64	88.13
42	1.66	1.53	8.84	87.97
43	1.71	1.53	8.75	88.01
44	1.78	1.53	8.68	88.01
45	1.87	1.59	8.77	87.77
46	1.95	1.62	8.82	87.61
47	2.11	1.73	9.18	86.98
48	1.98	1.61	8.88	87.53
49	2.08	1.66	8.91	87.35
50	2.02	1.60	8.84	87.54
51	2.13	1.61	8.77	87.50
52	2.17	1.59	8.74	87.51
53	2.40	1.74	9.10	86.76
54	2.37	1.69	9.03	86.92
55	2.46	1.73	9.14	86.67
56	2.43	1.66	9.02	86.89
57	2.53	1.67	8.97	86.82
58	2.58	1.67	8.99	86.76
59	2.82	1.83	9.58	85.78
60	2.82	1.78	9.56	85.83
61	2.79	1.71	9.36	86.15
62	2.89	1.75	9.49	85.87
63	2.97	1.74	9.56	85.73
64	3.08	1.83	9.81	85.28
65	3.06	1.73	9.64	85.58
66	3.18	1.75	9.80	85.27
67	3.25	1.77	9.89	85.09
68	3.40	1.82	10.10	84.67
69	3.51	1.87	10.36	84.26
70	3.64	1.93	10.73	83.71
71	3.71	1.90	10.76	83.63
72	3.86	1.93	10.99	83.22
73	4.13	2.03	11.44	82.39
74	4.42	2.30	12.60	80.68
75	4.12	2.19	11.81	81.88
76	4.00	2.47	16.26	77.28
77	4.17	2.13	13.30	80.39
78	4.36	2.08	12.36	81.19
79	4.45	2.07	11.95	81.53
80	4.48	2.00	11.61	81.92
81	4.43	1.83	11.05	82.69
82	4.53	1.81	10.92	82.74
83	4.73	1.90	11.11	82.26
84	4.99	2.05	11.52	81.44
85	5.06	2.00	11.47	81.47
86	5.35	2.14	11.81	80.70
87	5.48	2.11	11.68	80.73
88	5.66	2.11	11.59	80.64
89	5.85	2.05	11.46	80.64
90	6.22	2.18	11.81	79.79
91	6.45	2.12	11.65	79.77
92	6.89	2.20	11.84	79.06
93	7.30	2.23	12.02	78.45
94	7.78	2.27	12.10	77.84
95	8.25	2.15	11.98	77.63
96	8.80	2.02	11.80	77.39
97	9.53	1.94	11.83	76.70
98	10.28	1.80	11.75	76.17
99	11.13	1.63	11.33	75.91
100	12.51	3.85	18.82	64.83


	KU330797-16_C_L004_R2_023.fastq
Ranges	0-10	11-20	21-30	31-40
Base
1	0.58	0.26	0.29	98.88
2	0.52	0.26	0.26	98.96
3	0.42	0.19	0.19	99.20
4	0.38	0.15	0.19	99.28
5	2.32	2.01	20.48	75.19
6	1.56	1.61	16.33	80.50
7	1.82	1.58	15.66	80.94
8	1.51	1.47	5.94	91.07
9	1.61	1.46	6.11	90.81
10	1.29	1.71	6.03	90.97
11	1.29	1.68	5.95	91.08
12	1.44	1.81	6.25	90.50
13	1.43	1.73	6.08	90.76
14	1.52	1.71	6.12	90.65
15	1.52	1.66	6.01	90.82
16	1.46	1.57	5.80	91.17
17	1.55	1.72	6.16	90.57
18	2.51	2.89	8.26	86.34
19	2.40	2.77	8.00	86.83
20	2.39	2.64	7.95	87.03
21	2.56	2.90	8.40	86.15
22	2.34	2.60	7.88	87.18
23	2.48	2.63	8.16	86.74
24	2.57	2.64	8.27	86.52
25	2.59	2.61	8.30	86.50
26	2.57	2.54	8.21	86.68
27	2.75	2.64	8.52	86.08
28	2.88	2.71	8.83	85.58
29	2.96	2.64	8.87	85.54
30	3.02	2.61	8.96	85.41
31	3.01	2.47	8.92	85.60
32	3.11	2.40	9.01	85.48
33	3.22	2.35	9.18	85.25
34	3.26	2.31	9.40	85.03
35	3.30	2.25	9.46	84.99
36	3.27	2.17	9.58	84.97
37	3.47	2.24	10.05	84.24
38	3.47	2.23	10.19	84.10
39	3.78	2.35	10.60	83.28
40	3.72	2.32	10.61	83.36
41	3.80	2.30	10.70	83.20
42	3.91	2.39	10.90	82.80
43	3.72	2.25	10.63	83.40
44	3.81	2.24	10.61	83.34
45	3.79	2.23	10.52	83.47
46	3.92	2.24	10.64	83.20
47	4.00	2.43	11.02	82.55
48	4.04	2.39	10.97	82.60
49	4.11	2.36	10.90	82.63
50	4.23	2.35	10.93	82.49
51	4.33	2.39	10.98	82.30
52	4.34	2.36	10.93	82.37
53	4.41	2.31	10.83	82.46
54	4.42	2.31	10.76	82.52
55	3.51	2.07	10.99	83.44
56	3.82	2.00	9.90	84.28
57	4.19	2.07	10.08	83.65
58	4.49	2.10	10.24	83.17
59	4.81	2.25	10.68	82.26
60	4.88	2.29	10.74	82.08
61	5.06	2.33	10.89	81.71
62	5.19	2.40	11.02	81.39
63	5.21	2.30	10.98	81.51
64	5.24	2.28	10.90	81.58
65	5.44	2.37	11.13	81.05
66	5.44	2.38	11.16	81.03
67	5.35	2.28	11.01	81.36
68	5.59	2.48	11.56	80.37
69	5.52	2.29	11.21	80.98
70	5.83	2.36	11.36	80.44
71	5.82	2.36	11.38	80.44
72	5.73	2.20	11.09	80.98
73	5.85	2.19	11.06	80.90
74	5.89	2.22	11.23	80.65
75	6.02	2.30	11.54	80.14
76	6.08	2.30	11.59	80.02
77	6.07	2.25	11.58	80.10
78	6.04	2.18	11.51	80.28
79	6.04	2.12	11.39	80.46
80	6.14	2.15	11.53	80.18
81	6.06	2.00	11.26	80.68
82	6.31	2.13	11.58	79.98
83	6.42	2.20	11.75	79.63
84	6.36	2.04	11.41	80.20
85	6.49	1.98	11.24	80.29
86	6.74	2.07	11.46	79.73
87	6.93	2.10	11.49	79.49
88	7.06	2.03	11.37	79.54
89	7.36	2.10	11.43	79.11
90	7.79	2.29	11.89	78.04
91	7.95	2.19	11.64	78.23
92	8.42	2.31	11.93	77.35
93	8.77	2.27	11.91	77.05
94	9.13	2.16	11.65	77.06
95	9.61	2.12	11.59	76.69
96	10.16	2.02	11.37	76.45
97	10.79	1.90	11.23	76.08
98	11.41	1.83	11.30	75.46
99	12.01	1.82	11.56	74.61
100	12.49	2.08	11.57	73.86




