Parameters
	Library type	Paired-end
	Input files	KU330797-16_C_L004_R1_041.fastq	KU330797-16_C_L004_R2_041.fastq
	Primer/Adaptor library	Paired End DNA Library
	Cut-off read length for HQ	70%
	Cut-off quality score	20
	Only statistics	On
	Number of CPUs	2


QC statistics
	File name	KU330797-16_C_L004_R1_041.fastq	KU330797-16_C_L004_R2_041.fastq
	Total number of reads	4000000	4000000
	Total number of HQ reads	3744936	3744936
	Percentage of HQ reads	93.62%	93.62%
	Total number of bases	400000000	400000000
	Total number of bases in HQ reads	374493600	374493600
	Total number of HQ bases in HQ reads	369414359	368967832
	Percentage of HQ bases in HQ reads	98.64%	98.52%
	Number of Primer/Adaptor contaminated HQ reads	5	17
	Total number of HQ filtered reads	3744914	3744914
	Percentage of HQ filtered reads	93.62%	93.62%


Detailed QC statistics
	File name	KU330797-16_C_L004_R1_041.fastq	KU330797-16_C_L004_R2_041.fastq
	Minimum read length	100	100
	Maximum read length	100	100
	Average read length	100.00	100.00
	Total number of reads	4000000	4000000
	Total number of reads with non-ATGC bases	14273	11551
	Percentage of reads with non-ATGC bases	0.36%	0.29%
	Total number of bases	400000000	400000000
	Total number of HQ bases	387389825	384159638
	Percentage of HQ bases	96.85%	96.04%
	Total number of non-ATGC bases	278341	421649
	Percentage of non-ATGC bases	0.07%	0.11%


Average quality score at each base position of input reads

KU330797-16_C_L004_R1_041.fastq
32.46	32.72	32.79	36.25	36.14	36.14	36.13	36.12	37.85	37.87	37.86	37.86	37.82	39.27	39.25	39.22	39.20	39.19	39.18	39.16	39.14	39.08	39.04	39.01	38.96	38.90	38.87	38.79	38.71	38.66	38.60	38.53	38.48	38.38	38.30	38.24	38.15	38.05	38.01	37.91	37.83	37.94	37.93	37.90	37.90	37.85	37.81	37.73	37.65	37.70	37.76	37.76	37.72	37.66	37.56	37.49	37.42	37.28	37.19	37.12	36.98	36.88	36.76	36.63	36.50	36.37	36.19	35.97	35.78	35.58	35.42	35.20	35.03	34.76	34.60	33.74	33.99	34.07	33.97	33.81	33.67	33.46	33.22	33.03	32.84	32.68	32.51	32.35	32.17	31.98	31.84	31.70	31.56	31.42	31.24	31.09	30.89	30.73	30.54	29.26	

KU330797-16_C_L004_R2_041.fastq
36.67	36.71	36.75	36.78	30.67	31.39	31.87	35.64	35.67	35.68	35.69	35.69	37.35	37.32	37.26	37.24	37.23	38.69	38.64	38.66	38.61	38.54	38.61	38.57	38.52	38.43	38.42	38.45	38.41	38.35	38.31	38.23	38.19	38.13	38.08	38.05	37.98	37.95	37.85	37.78	37.73	37.66	37.59	37.58	37.45	37.40	37.51	37.50	37.45	37.41	37.36	37.27	37.27	37.17	36.24	36.58	36.83	36.93	36.89	36.85	36.73	36.60	36.52	36.41	36.31	36.19	36.00	36.05	36.05	35.90	35.87	35.76	35.64	35.50	35.32	35.14	34.89	34.73	34.54	34.35	34.11	33.92	33.70	33.51	33.32	33.10	32.89	32.69	32.57	32.36	32.17	31.98	31.82	31.62	31.45	31.30	31.08	30.90	30.78	30.61	





Read count (%) per base for different quality score ranges

	KU330797-16_C_L004_R1_041.fastq
Ranges	0-10	11-20	21-30	31-40
Base
1	0.19	0.29	7.88	91.64
2	0.08	0.33	7.21	92.38
3	0.08	0.25	7.22	92.46
4	0.07	0.23	2.10	97.60
5	0.13	0.32	2.67	96.88
6	0.10	0.35	2.63	96.92
7	0.11	0.38	2.69	96.83
8	0.11	0.38	2.73	96.78
9	0.12	0.38	2.79	96.71
10	0.12	0.36	2.72	96.80
11	0.12	0.37	2.73	96.79
12	0.12	0.37	2.75	96.75
13	0.13	0.39	2.85	96.64
14	0.33	0.91	5.07	93.68
15	0.36	0.93	5.02	93.69
16	0.35	0.97	5.12	93.56
17	0.37	0.97	5.10	93.56
18	0.37	0.95	5.09	93.59
19	0.41	0.99	5.33	93.26
20	0.43	1.00	5.26	93.31
21	0.45	0.99	5.30	93.26
22	0.51	1.04	5.50	92.95
23	0.51	1.04	5.50	92.95
24	0.60	1.09	5.71	92.60
25	0.64	1.07	5.75	92.54
26	0.89	1.13	5.60	92.38
27	0.96	1.15	5.63	92.26
28	1.07	1.17	5.80	91.95
29	1.13	1.19	5.96	91.72
30	1.20	1.15	6.06	91.59
31	1.26	1.15	6.18	91.41
32	1.33	1.16	6.32	91.19
33	1.39	1.14	6.39	91.08
34	1.50	1.19	6.68	90.63
35	1.56	1.23	6.80	90.41
36	1.59	1.23	6.89	90.29
37	1.65	1.26	7.03	90.06
38	1.75	1.27	7.14	89.84
39	1.75	1.24	7.08	89.93
40	1.83	1.28	7.19	89.71
41	1.89	1.30	7.26	89.56
42	1.99	1.38	7.51	89.12
43	2.11	1.37	7.54	88.98
44	2.22	1.41	7.57	88.80
45	2.24	1.42	7.51	88.83
46	2.29	1.41	7.54	88.75
47	2.39	1.39	7.53	88.69
48	2.43	1.43	7.62	88.52
49	2.54	1.47	7.70	88.29
50	2.59	1.46	7.68	88.27
51	2.61	1.46	7.49	88.44
52	2.69	1.41	7.51	88.39
53	2.78	1.39	7.49	88.34
54	2.83	1.39	7.45	88.32
55	2.92	1.44	7.57	88.07
56	2.96	1.44	7.56	88.04
57	3.02	1.41	7.53	88.04
58	3.11	1.46	7.65	87.78
59	3.16	1.43	7.70	87.72
60	3.18	1.41	7.65	87.76
61	3.28	1.45	7.76	87.51
62	3.29	1.44	7.77	87.50
63	3.32	1.44	7.83	87.42
64	3.36	1.45	7.86	87.33
65	3.41	1.43	7.92	87.24
66	3.46	1.41	7.90	87.23
67	3.53	1.46	8.03	86.99
68	3.63	1.49	8.22	86.65
69	3.65	1.50	8.38	86.46
70	3.93	1.43	8.21	86.43
71	3.94	1.44	8.23	86.38
72	4.01	1.48	8.40	86.10
73	4.02	1.45	8.45	86.09
74	4.07	1.55	8.75	85.63
75	4.07	1.51	8.73	85.69
76	3.85	1.56	10.96	83.64
77	3.91	1.40	9.32	85.37
78	4.02	1.37	8.65	85.97
79	4.11	1.36	8.43	86.10
80	4.20	1.39	8.38	86.03
81	4.24	1.34	8.24	86.18
82	4.35	1.41	8.37	85.87
83	4.51	1.50	8.58	85.41
84	4.62	1.54	8.71	85.13
85	4.76	1.56	8.84	84.84
86	4.89	1.55	8.89	84.67
87	5.06	1.61	8.96	84.37
88	5.26	1.64	9.04	84.06
89	5.47	1.71	9.22	83.61
90	5.72	1.78	9.48	83.02
91	5.93	1.76	9.52	82.79
92	6.20	1.76	9.59	82.45
93	6.48	1.75	9.59	82.18
94	6.82	1.70	9.54	81.95
95	7.23	1.72	9.59	81.46
96	7.64	1.62	9.56	81.18
97	8.16	1.61	9.64	80.58
98	8.68	1.42	9.54	80.36
99	9.32	1.32	9.28	80.09
100	10.25	2.77	15.32	71.65


	KU330797-16_C_L004_R2_041.fastq
Ranges	0-10	11-20	21-30	31-40
Base
1	0.58	0.34	0.22	98.86
2	0.63	0.28	0.20	98.89
3	0.53	0.21	0.16	99.10
4	0.44	0.20	0.14	99.22
5	1.41	1.79	20.27	76.54
6	1.01	1.13	12.87	84.99
7	0.91	0.87	10.47	87.75
8	0.88	0.76	3.59	94.77
9	0.91	0.72	3.61	94.76
10	0.82	0.87	3.58	94.73
11	0.82	0.85	3.60	94.73
12	0.86	0.83	3.50	94.81
13	0.94	0.82	3.47	94.77
14	0.99	0.81	3.53	94.66
15	1.09	0.85	3.60	94.46
16	1.08	0.91	3.66	94.36
17	1.10	0.88	3.66	94.36
18	2.19	1.84	6.05	89.91
19	2.29	1.91	6.20	89.60
20	2.28	1.76	6.09	89.87
21	2.22	1.92	6.22	89.64
22	2.32	1.97	6.38	89.33
23	2.35	1.85	6.40	89.39
24	2.43	1.87	6.45	89.25
25	2.47	1.88	6.47	89.18
26	2.58	1.90	6.68	88.84
27	2.59	1.88	6.64	88.89
28	2.68	1.85	6.80	88.67
29	2.75	1.83	6.82	88.60
30	2.78	1.78	6.92	88.52
31	2.86	1.73	6.98	88.43
32	2.93	1.72	7.13	88.22
33	2.95	1.66	7.19	88.20
34	3.02	1.64	7.31	88.03
35	3.09	1.61	7.48	87.81
36	3.11	1.58	7.51	87.80
37	3.19	1.60	7.72	87.49
38	3.22	1.56	7.80	87.42
39	3.37	1.57	7.97	87.09
40	3.48	1.59	8.08	86.85
41	3.48	1.61	8.09	86.81
42	3.58	1.60	8.11	86.71
43	3.59	1.63	8.19	86.59
44	3.50	1.64	8.08	86.78
45	3.63	1.68	8.30	86.39
46	3.61	1.70	8.30	86.39
47	3.67	1.75	8.46	86.12
48	3.80	1.70	8.48	86.02
49	3.88	1.73	8.49	85.91
50	3.94	1.73	8.48	85.85
51	3.99	1.71	8.48	85.83
52	4.09	1.76	8.57	85.58
53	4.09	1.72	8.46	85.73
54	4.21	1.76	8.55	85.48
55	3.08	1.43	7.91	87.59
56	3.37	1.42	7.28	87.93
57	3.86	1.59	7.88	86.67
58	4.19	1.70	8.18	85.93
59	4.43	1.75	8.49	85.33
60	4.48	1.76	8.50	85.27
61	4.59	1.77	8.63	85.01
62	4.67	1.84	8.70	84.79
63	4.70	1.80	8.76	84.74
64	4.73	1.82	8.85	84.61
65	4.71	1.82	8.88	84.59
66	4.73	1.82	8.87	84.58
67	4.81	1.90	9.10	84.19
68	4.77	1.84	9.03	84.36
69	4.82	1.73	8.78	84.67
70	4.94	1.75	8.81	84.50
71	4.86	1.64	8.62	84.88
72	4.88	1.60	8.44	85.08
73	4.87	1.56	8.42	85.15
74	4.85	1.53	8.30	85.32
75	4.84	1.51	8.36	85.29
76	4.85	1.50	8.35	85.30
77	4.91	1.56	8.53	84.99
78	4.87	1.52	8.46	85.15
79	4.86	1.50	8.46	85.18
80	4.88	1.49	8.39	85.24
81	4.97	1.51	8.54	84.98
82	4.97	1.50	8.50	85.02
83	5.06	1.53	8.55	84.87
84	5.10	1.52	8.57	84.82
85	5.18	1.51	8.53	84.78
86	5.32	1.55	8.65	84.48
87	5.46	1.59	8.77	84.18
88	5.63	1.60	8.84	83.93
89	5.72	1.54	8.66	84.09
90	5.94	1.60	8.73	83.73
91	6.17	1.62	8.85	83.36
92	6.44	1.64	8.95	82.97
93	6.70	1.64	8.91	82.74
94	7.04	1.66	9.09	82.21
95	7.38	1.63	9.06	81.93
96	7.75	1.54	8.94	81.77
97	8.23	1.55	9.07	81.16
98	8.67	1.47	9.11	80.75
99	9.04	1.34	8.97	80.65
100	9.40	1.50	8.94	80.16




