Parameters
	Library type	Paired-end
	Input files	KU330797-16_C_L004_R1_028.fastq	KU330797-16_C_L004_R2_028.fastq
	Primer/Adaptor library	Paired End DNA Library
	Cut-off read length for HQ	70%
	Cut-off quality score	20
	Only statistics	On
	Number of CPUs	2


QC statistics
	File name	KU330797-16_C_L004_R1_028.fastq	KU330797-16_C_L004_R2_028.fastq
	Total number of reads	4000000	4000000
	Total number of HQ reads	3750414	3750414
	Percentage of HQ reads	93.76%	93.76%
	Total number of bases	400000000	400000000
	Total number of bases in HQ reads	375041400	375041400
	Total number of HQ bases in HQ reads	369465429	369071047
	Percentage of HQ bases in HQ reads	98.51%	98.41%
	Number of Primer/Adaptor contaminated HQ reads	6	12
	Total number of HQ filtered reads	3750396	3750396
	Percentage of HQ filtered reads	93.76%	93.76%


Detailed QC statistics
	File name	KU330797-16_C_L004_R1_028.fastq	KU330797-16_C_L004_R2_028.fastq
	Minimum read length	100	100
	Maximum read length	100	100
	Average read length	100.00	100.00
	Total number of reads	4000000	4000000
	Total number of reads with non-ATGC bases	6277	11256
	Percentage of reads with non-ATGC bases	0.16%	0.28%
	Total number of bases	400000000	400000000
	Total number of HQ bases	387071435	383601941
	Percentage of HQ bases	96.77%	95.90%
	Total number of non-ATGC bases	10079	60761
	Percentage of non-ATGC bases	0.00%	0.02%


Average quality score at each base position of input reads

KU330797-16_C_L004_R1_028.fastq
32.30	32.55	32.61	36.09	35.99	35.99	35.98	35.96	37.67	37.67	37.65	37.47	37.54	39.00	38.99	38.98	38.98	38.92	38.96	38.93	38.92	38.88	38.83	38.83	38.77	38.65	38.61	38.56	38.46	38.19	38.26	38.24	38.20	37.92	37.96	37.98	37.95	37.88	37.83	37.77	37.67	37.81	37.77	37.76	37.78	37.77	37.74	37.61	37.53	37.64	37.67	37.64	37.58	37.50	37.41	37.33	37.24	37.14	37.06	36.98	36.86	36.73	36.61	36.44	36.33	36.18	36.02	35.87	35.68	35.49	35.29	35.05	34.86	34.62	34.39	33.52	33.81	33.93	33.88	33.73	33.57	33.38	33.19	33.01	32.79	32.62	32.41	32.31	32.12	32.01	31.86	31.68	31.53	31.34	31.20	31.01	30.83	30.62	30.40	28.99	

KU330797-16_C_L004_R2_028.fastq
36.71	36.76	36.79	36.82	31.03	31.57	31.79	35.36	35.34	35.40	35.45	35.47	37.13	37.10	37.06	37.05	37.02	38.40	38.38	38.35	38.31	38.27	38.34	38.28	38.27	38.23	38.21	38.22	38.16	38.07	38.03	37.98	37.68	37.72	37.73	37.75	37.72	37.63	37.61	37.53	37.52	37.46	37.38	37.32	37.28	37.21	37.32	37.28	37.28	37.24	37.21	37.08	37.06	37.02	36.03	36.40	36.66	36.78	36.70	36.71	36.65	36.55	36.46	36.32	36.19	36.02	35.87	35.91	35.88	35.86	35.66	35.55	35.46	35.33	35.11	34.95	34.76	34.55	34.37	34.16	33.98	33.76	33.56	33.36	33.17	32.96	32.73	32.58	32.41	32.29	32.10	31.96	31.81	31.63	31.47	31.32	31.17	30.97	30.82	30.66	





Read count (%) per base for different quality score ranges

	KU330797-16_C_L004_R1_028.fastq
Ranges	0-10	11-20	21-30	31-40
Base
1	0.16	0.38	9.73	89.73
2	0.11	0.36	8.80	90.74
3	0.10	0.33	8.68	90.89
4	0.11	0.31	2.71	96.87
5	0.18	0.40	3.21	96.21
6	0.14	0.47	3.23	96.16
7	0.14	0.48	3.30	96.09
8	0.15	0.48	3.35	96.01
9	0.15	0.48	3.34	96.03
10	0.15	0.47	3.32	96.05
11	0.16	0.48	3.41	95.95
12	0.40	0.84	3.57	95.19
13	0.18	0.75	3.61	95.46
14	0.36	1.18	5.57	92.90
15	0.39	1.17	5.65	92.80
16	0.40	1.15	5.65	92.80
17	0.39	1.11	5.64	92.86
18	0.45	1.16	5.81	92.59
19	0.46	1.17	5.94	92.42
20	0.47	1.16	5.94	92.42
21	0.49	1.14	5.92	92.45
22	0.53	1.18	5.99	92.30
23	0.57	1.19	6.06	92.19
24	0.61	1.19	6.19	92.01
25	0.66	1.20	6.25	91.89
26	0.97	1.34	6.35	91.35
27	1.04	1.34	6.41	91.21
28	1.12	1.33	6.51	91.04
29	1.25	1.39	6.71	90.64
30	2.12	1.73	6.87	89.28
31	1.31	1.83	7.26	89.60
32	1.40	1.45	7.27	89.88
33	1.45	1.41	7.33	89.80
34	2.25	1.79	7.61	88.35
35	1.57	1.79	8.11	88.53
36	1.58	1.47	7.91	89.04
37	1.63	1.41	7.74	89.21
38	1.71	1.42	7.83	89.04
39	1.75	1.43	7.84	88.97
40	1.78	1.42	7.86	88.94
41	1.91	1.45	8.01	88.63
42	1.91	1.46	8.25	88.38
43	2.06	1.53	8.38	88.03
44	2.14	1.54	8.37	87.95
45	2.15	1.52	8.23	88.10
46	2.16	1.51	8.17	88.16
47	2.24	1.48	8.13	88.15
48	2.37	1.57	8.36	87.70
49	2.44	1.62	8.45	87.49
50	2.39	1.54	8.30	87.77
51	2.45	1.51	8.16	87.89
52	2.49	1.49	8.09	87.92
53	2.57	1.49	8.11	87.83
54	2.69	1.54	8.12	87.65
55	2.77	1.55	8.25	87.43
56	2.82	1.55	8.24	87.40
57	2.88	1.57	8.28	87.27
58	2.95	1.59	8.27	87.19
59	2.97	1.54	8.31	87.18
60	3.02	1.51	8.27	87.21
61	3.08	1.52	8.30	87.10
62	3.13	1.53	8.43	86.91
63	3.19	1.55	8.46	86.80
64	3.26	1.57	8.59	86.57
65	3.26	1.55	8.57	86.62
66	3.32	1.55	8.65	86.48
67	3.39	1.58	8.72	86.31
68	3.42	1.58	8.81	86.19
69	3.49	1.58	8.93	86.01
70	3.52	1.58	9.03	85.87
71	3.60	1.59	9.15	85.66
72	3.73	1.64	9.39	85.25
73	3.77	1.66	9.45	85.12
74	3.90	1.66	9.60	84.83
75	3.89	1.81	9.81	84.49
76	3.66	1.87	12.30	82.17
77	3.68	1.61	10.55	84.16
78	3.78	1.54	9.69	84.99
79	3.85	1.51	9.30	85.33
80	3.94	1.51	9.24	85.30
81	4.02	1.51	9.16	85.31
82	4.11	1.54	9.24	85.12
83	4.23	1.56	9.30	84.91
84	4.35	1.60	9.38	84.67
85	4.54	1.67	9.57	84.22
86	4.69	1.69	9.66	83.96
87	4.90	1.79	9.92	83.39
88	5.01	1.75	9.79	83.45
89	5.26	1.84	9.99	82.91
90	5.44	1.79	9.90	82.87
91	5.69	1.81	9.95	82.55
92	6.01	1.86	10.09	82.04
93	6.33	1.84	10.11	81.73
94	6.75	1.88	10.23	81.13
95	7.12	1.79	10.15	80.95
96	7.63	1.75	10.15	80.48
97	8.17	1.63	10.11	80.09
98	8.76	1.51	10.11	79.63
99	9.46	1.42	9.90	79.22
100	10.51	3.13	16.61	69.75


	KU330797-16_C_L004_R2_028.fastq
Ranges	0-10	11-20	21-30	31-40
Base
1	0.51	0.20	0.21	99.07
2	0.54	0.19	0.15	99.13
3	0.42	0.18	0.16	99.24
4	0.36	0.14	0.14	99.36
5	1.52	1.48	16.51	80.49
6	1.27	1.08	12.57	85.09
7	1.38	0.98	11.48	86.17
8	1.35	0.91	4.30	93.44
9	1.42	0.92	4.40	93.25
10	1.20	1.07	4.22	93.50
11	0.93	1.30	4.21	93.56
12	0.93	1.25	4.14	93.68
13	0.95	1.01	4.17	93.87
14	1.01	1.02	4.27	93.70
15	1.04	1.04	4.33	93.59
16	1.05	1.05	4.34	93.56
17	1.09	1.08	4.41	93.42
18	2.13	2.05	6.87	88.95
19	2.15	2.05	6.85	88.94
20	2.18	2.07	6.87	88.88
21	2.24	2.07	6.94	88.74
22	2.31	2.08	7.03	88.58
23	2.33	2.09	7.06	88.51
24	2.41	2.11	7.19	88.28
25	2.42	2.04	7.17	88.37
26	2.49	2.05	7.22	88.24
27	2.48	2.00	7.16	88.36
28	2.60	2.02	7.42	87.95
29	2.69	1.99	7.57	87.74
30	2.79	2.05	7.73	87.43
31	2.82	1.99	7.77	87.42
32	2.90	1.95	7.82	87.33
33	3.72	2.51	8.08	85.68
34	3.02	2.32	8.65	86.01
35	3.08	2.00	8.49	86.43
36	3.04	1.90	8.41	86.65
37	3.07	1.85	8.55	86.53
38	3.22	1.87	8.83	86.08
39	3.21	1.83	8.92	86.04
40	3.30	1.86	9.07	85.77
41	3.30	1.81	9.05	85.84
42	3.34	1.82	9.09	85.75
43	3.44	1.84	9.20	85.51
44	3.45	1.87	9.23	85.46
45	3.46	1.84	9.18	85.53
46	3.54	1.83	9.21	85.42
47	3.56	1.86	9.35	85.23
48	3.72	1.91	9.42	84.96
49	3.76	1.90	9.32	85.02
50	3.83	1.92	9.34	84.91
51	3.89	1.88	9.28	84.95
52	4.04	1.96	9.49	84.51
53	4.03	1.93	9.41	84.63
54	4.07	1.92	9.33	84.68
55	3.01	1.58	8.85	86.55
56	3.27	1.59	8.14	87.01
57	3.78	1.77	8.74	85.71
58	4.11	1.84	9.04	85.01
59	4.36	1.97	9.38	84.28
60	4.35	1.91	9.32	84.43
61	4.43	1.91	9.33	84.33
62	4.50	1.94	9.39	84.17
63	4.53	1.91	9.45	84.11
64	4.59	1.95	9.54	83.92
65	4.65	1.97	9.61	83.77
66	4.73	2.00	9.78	83.49
67	4.78	2.05	9.92	83.24
68	4.69	1.97	9.80	83.53
69	4.76	1.88	9.54	83.82
70	4.75	1.77	9.25	84.23
71	4.88	1.80	9.35	83.97
72	4.91	1.75	9.22	84.12
73	4.80	1.78	9.07	84.35
74	4.82	1.72	9.01	84.45
75	4.86	1.72	9.22	84.21
76	4.85	1.68	9.22	84.26
77	4.86	1.68	9.21	84.25
78	4.87	1.68	9.27	84.18
79	4.88	1.65	9.26	84.20
80	4.92	1.67	9.27	84.14
81	4.93	1.65	9.27	84.16
82	5.00	1.65	9.31	84.05
83	5.05	1.66	9.36	83.93
84	5.13	1.66	9.35	83.85
85	5.21	1.67	9.32	83.80
86	5.34	1.71	9.39	83.56
87	5.50	1.78	9.61	83.10
88	5.61	1.75	9.55	83.09
89	5.76	1.76	9.55	82.93
90	5.89	1.71	9.38	83.02
91	6.13	1.76	9.47	82.64
92	6.31	1.71	9.40	82.58
93	6.59	1.70	9.35	82.36
94	6.89	1.71	9.41	81.99
95	7.24	1.66	9.36	81.74
96	7.61	1.61	9.22	81.56
97	8.02	1.49	9.07	81.42
98	8.47	1.47	9.19	80.87
99	8.84	1.38	9.21	80.57
100	9.19	1.55	9.14	80.12




