Parameters
	Library type	Paired-end
	Input files	KU330797-16_C_L004_R1_046.fastq	KU330797-16_C_L004_R2_046.fastq
	Primer/Adaptor library	Paired End DNA Library
	Cut-off read length for HQ	70%
	Cut-off quality score	20
	Only statistics	On
	Number of CPUs	2


QC statistics
	File name	KU330797-16_C_L004_R1_046.fastq	KU330797-16_C_L004_R2_046.fastq
	Total number of reads	4000000	4000000
	Total number of HQ reads	3663128	3663128
	Percentage of HQ reads	91.58%	91.58%
	Total number of bases	400000000	400000000
	Total number of bases in HQ reads	366312800	366312800
	Total number of HQ bases in HQ reads	359764608	354250092
	Percentage of HQ bases in HQ reads	98.21%	96.71%
	Number of Primer/Adaptor contaminated HQ reads	7	12
	Total number of HQ filtered reads	3663109	3663109
	Percentage of HQ filtered reads	91.58%	91.58%


Detailed QC statistics
	File name	KU330797-16_C_L004_R1_046.fastq	KU330797-16_C_L004_R2_046.fastq
	Minimum read length	100	100
	Maximum read length	100	100
	Average read length	100.00	100.00
	Total number of reads	4000000	4000000
	Total number of reads with non-ATGC bases	11063	1979282
	Percentage of reads with non-ATGC bases	0.28%	49.48%
	Total number of bases	400000000	400000000
	Total number of HQ bases	384078454	372757372
	Percentage of HQ bases	96.02%	93.19%
	Total number of non-ATGC bases	226967	2271181
	Percentage of non-ATGC bases	0.06%	0.57%


Average quality score at each base position of input reads

KU330797-16_C_L004_R1_046.fastq
31.64	32.07	32.16	35.85	35.66	35.69	35.63	35.66	37.32	37.26	37.27	37.21	37.25	38.59	38.39	38.46	38.41	38.38	38.40	38.40	38.39	38.40	38.16	38.25	38.19	38.19	38.08	38.01	37.95	37.86	37.85	37.72	37.64	37.52	37.42	37.37	37.36	37.22	37.20	37.12	37.03	37.18	37.26	37.18	37.19	37.16	37.11	36.99	36.95	37.03	36.95	36.98	36.88	36.85	36.80	36.73	36.63	36.48	36.46	36.30	36.18	35.82	35.82	35.72	35.59	35.44	35.22	34.58	34.52	34.46	34.43	34.38	34.23	34.03	33.79	32.87	33.15	33.19	33.22	33.13	32.93	32.71	32.46	32.39	32.15	31.84	31.73	31.60	31.46	31.21	31.03	30.81	30.71	30.65	30.43	30.20	29.98	29.73	29.53	28.10	

KU330797-16_C_L004_R2_046.fastq
32.03	34.66	19.60	27.26	29.68	30.53	30.95	34.72	34.87	34.96	34.86	34.75	36.14	36.15	36.02	36.06	36.23	37.39	37.38	37.31	37.37	37.27	37.39	37.44	37.28	37.29	37.24	37.20	37.18	36.97	36.96	36.95	36.85	36.88	36.85	36.81	36.80	36.65	36.63	36.26	36.29	36.31	36.32	36.33	36.30	36.08	36.32	36.29	36.20	36.24	36.23	35.90	35.91	36.00	35.03	35.35	35.62	35.66	35.54	35.58	35.51	35.42	35.34	35.28	35.16	34.94	34.84	34.85	34.80	34.68	34.66	34.48	34.32	34.16	34.00	33.79	33.57	33.36	33.13	32.99	32.83	32.65	32.44	32.27	31.96	31.81	31.65	31.48	31.30	31.03	30.84	30.63	30.46	30.09	29.90	29.70	29.46	29.27	29.14	28.98	





Read count (%) per base for different quality score ranges

	KU330797-16_C_L004_R1_046.fastq
Ranges	0-10	11-20	21-30	31-40
Base
1	0.82	0.93	13.38	84.86
2	0.14	0.96	12.07	86.83
3	0.17	0.53	12.39	86.91
4	0.12	0.40	3.43	96.05
5	0.23	0.58	4.53	94.67
6	0.18	0.64	4.33	94.86
7	0.21	0.69	4.62	94.48
8	0.20	0.66	4.46	94.68
9	0.19	0.62	4.37	94.81
10	0.21	0.66	4.59	94.54
11	0.21	0.65	4.51	94.63
12	0.24	0.71	4.70	94.35
13	0.21	0.66	4.58	94.55
14	0.38	1.13	6.20	92.29
15	0.53	1.39	6.84	91.24
16	0.44	1.26	6.45	91.84
17	0.49	1.32	6.63	91.56
18	0.60	1.41	6.50	91.49
19	0.50	1.51	6.89	91.11
20	0.53	1.34	6.82	91.31
21	0.53	1.32	6.76	91.39
22	0.53	1.26	6.65	91.56
23	0.70	1.51	7.39	90.40
24	0.65	1.38	7.08	90.89
25	0.72	1.39	7.26	90.63
26	0.95	1.39	6.94	90.72
27	1.08	1.49	7.23	90.21
28	1.19	1.52	7.36	89.94
29	1.27	1.52	7.49	89.72
30	1.37	1.53	7.74	89.36
31	1.40	1.47	7.75	89.38
32	1.50	1.52	8.16	88.81
33	1.56	1.55	8.40	88.50
34	1.65	1.61	8.74	88.00
35	1.75	1.65	8.96	87.64
36	1.78	1.65	9.08	87.49
37	1.75	1.60	9.00	87.65
38	1.92	1.69	9.26	87.14
39	1.93	1.66	9.20	87.21
40	1.96	1.70	9.28	87.07
41	2.02	1.71	9.39	86.88
42	2.06	1.71	9.51	86.73
43	2.06	1.67	9.37	86.90
44	2.25	1.75	9.47	86.54
45	2.26	1.73	9.40	86.61
46	2.30	1.73	9.43	86.54
47	2.36	1.75	9.40	86.49
48	2.51	1.82	9.64	86.04
49	2.55	1.83	9.58	86.05
50	2.49	1.76	9.49	86.27
51	2.64	1.82	9.55	85.99
52	2.65	1.76	9.42	86.17
53	2.79	1.82	9.55	85.85
54	2.82	1.79	9.47	85.92
55	2.86	1.78	9.48	85.87
56	2.92	1.77	9.48	85.83
57	3.00	1.76	9.55	85.68
58	3.10	1.85	9.73	85.33
59	3.11	1.75	9.62	85.52
60	3.25	1.82	9.80	85.13
61	3.32	1.85	9.90	84.93
62	4.01	2.18	10.16	83.66
63	3.49	2.23	10.39	83.89
64	3.55	2.02	10.42	84.01
65	3.64	2.00	10.41	83.95
66	3.73	1.98	10.50	83.78
67	3.85	2.03	10.76	83.37
68	4.57	2.89	11.77	80.77
69	4.13	3.15	11.53	81.19
70	4.28	2.63	11.52	81.57
71	4.26	2.28	11.45	82.01
72	4.27	2.00	11.22	82.51
73	4.32	1.96	11.16	82.56
74	4.40	1.97	11.30	82.33
75	4.51	2.01	11.55	81.93
76	4.33	2.14	14.65	78.88
77	4.39	1.94	12.67	81.00
78	4.61	1.96	11.93	81.50
79	4.58	1.85	11.39	82.19
80	4.67	1.78	11.05	82.50
81	4.83	1.84	11.09	82.24
82	4.97	1.90	11.28	81.84
83	5.18	2.03	11.57	81.22
84	5.20	1.92	11.33	81.55
85	5.46	2.01	11.52	81.01
86	5.78	2.22	12.11	79.89
87	5.92	2.18	11.98	79.92
88	6.11	2.17	11.90	79.81
89	6.34	2.17	11.86	79.63
90	6.73	2.30	12.22	78.75
91	7.03	2.35	12.43	78.18
92	7.44	2.43	12.63	77.50
93	7.75	2.34	12.45	77.46
94	8.09	2.12	11.89	77.90
95	8.65	2.14	11.92	77.29
96	9.25	2.10	12.02	76.63
97	9.91	1.98	11.94	76.17
98	10.65	1.85	11.91	75.58
99	11.45	1.63	11.42	75.50
100	12.64	3.53	17.94	65.88


	KU330797-16_C_L004_R2_046.fastq
Ranges	0-10	11-20	21-30	31-40
Base
1	0.64	2.67	46.62	50.07
2	0.62	0.68	0.92	97.78
3	49.56	0.11	0.09	50.24
4	0.59	49.03	0.09	50.30
5	2.81	3.24	28.13	65.82
6	1.83	2.13	20.45	75.59
7	1.69	1.67	17.35	79.29
8	1.70	1.50	6.44	90.37
9	1.56	1.37	6.05	91.02
10	1.27	1.53	5.86	91.34
11	1.42	1.67	6.21	90.70
12	1.55	1.80	6.49	90.16
13	1.69	1.86	6.67	89.78
14	1.66	1.82	6.60	89.92
15	1.98	2.11	6.39	89.52
16	1.67	2.13	6.72	89.47
17	1.58	1.73	6.21	90.48
18	2.63	2.80	8.29	86.28
19	2.66	2.78	8.28	86.28
20	2.76	2.80	8.49	85.96
21	2.62	2.76	8.26	86.36
22	2.77	2.82	8.56	85.85
23	2.78	2.73	8.53	85.96
24	2.75	2.62	8.41	86.22
25	2.93	2.74	8.77	85.57
26	2.92	2.68	8.66	85.74
27	2.97	2.65	8.75	85.63
28	3.12	2.70	9.08	85.09
29	3.20	2.65	9.10	85.05
30	3.62	2.89	9.39	84.10
31	3.41	2.81	9.56	84.22
32	3.44	2.60	9.56	84.39
33	3.60	2.55	9.78	84.07
34	3.54	2.40	9.81	84.25
35	3.63	2.33	9.95	84.09
36	3.73	2.31	10.11	83.86
37	3.67	2.27	10.26	83.80
38	3.86	2.35	10.68	83.10
39	3.87	2.30	10.71	83.12
40	4.83	2.77	10.92	81.49
41	4.13	2.85	11.67	81.36
42	4.09	2.49	11.47	81.95
43	4.17	2.41	11.13	82.29
44	4.10	2.39	11.04	82.48
45	4.15	2.32	10.98	82.54
46	4.39	2.47	11.38	81.76
47	4.21	2.41	11.25	82.14
48	4.37	2.40	11.29	81.94
49	4.54	2.44	11.39	81.62
50	4.52	2.37	11.23	81.88
51	4.57	2.33	11.08	82.03
52	4.96	2.58	11.67	80.79
53	4.90	2.53	11.64	80.93
54	4.79	2.39	11.30	81.52
55	4.01	2.19	11.42	82.39
56	4.30	2.17	10.56	82.97
57	4.68	2.27	10.82	82.23
58	5.07	2.42	11.12	81.39
59	5.37	2.55	11.59	80.48
60	5.33	2.45	11.43	80.79
61	5.43	2.45	11.43	80.69
62	5.51	2.46	11.44	80.59
63	5.62	2.41	11.49	80.47
64	5.60	2.43	11.42	80.54
65	5.70	2.44	11.52	80.34
66	5.86	2.54	11.81	79.79
67	5.83	2.53	11.84	79.80
68	5.79	2.44	11.81	79.97
69	5.89	2.36	11.61	80.14
70	6.01	2.36	11.57	80.05
71	5.94	2.24	11.38	80.43
72	6.07	2.26	11.45	80.22
73	6.11	2.27	11.55	80.08
74	6.14	2.25	11.55	80.06
75	6.19	2.20	11.59	80.03
76	6.29	2.25	11.73	79.73
77	6.39	2.27	11.84	79.49
78	6.42	2.30	12.04	79.24
79	6.52	2.32	12.17	78.99
80	6.50	2.27	12.13	79.10
81	6.57	2.20	12.03	79.20
82	6.65	2.19	11.96	79.20
83	6.79	2.19	12.01	79.00
84	6.86	2.19	11.96	79.00
85	7.16	2.31	12.31	78.22
86	7.22	2.27	12.23	78.28
87	7.38	2.24	12.16	78.23
88	7.59	2.19	12.04	78.18
89	7.85	2.20	11.98	77.97
90	8.26	2.31	12.17	77.26
91	8.56	2.31	12.16	76.97
92	8.94	2.30	12.19	76.57
93	9.34	2.24	12.00	76.41
94	10.00	2.45	12.52	75.04
95	10.46	2.36	12.52	74.66
96	11.05	2.25	12.28	74.41
97	11.70	2.18	12.24	73.88
98	12.26	2.04	12.13	73.57
99	12.75	1.83	11.86	73.57
100	13.20	1.98	11.43	73.39




