Parameters
	Library type	Paired-end
	Input files	KU330797-16_C_L004_R1_014.fastq	KU330797-16_C_L004_R2_014.fastq
	Primer/Adaptor library	Paired End DNA Library
	Cut-off read length for HQ	70%
	Cut-off quality score	20
	Only statistics	On
	Number of CPUs	2


QC statistics
	File name	KU330797-16_C_L004_R1_014.fastq	KU330797-16_C_L004_R2_014.fastq
	Total number of reads	4000000	4000000
	Total number of HQ reads	3753134	3753134
	Percentage of HQ reads	93.83%	93.83%
	Total number of bases	400000000	400000000
	Total number of bases in HQ reads	375313400	375313400
	Total number of HQ bases in HQ reads	369430264	369051367
	Percentage of HQ bases in HQ reads	98.43%	98.33%
	Number of Primer/Adaptor contaminated HQ reads	12	12
	Total number of HQ filtered reads	3753110	3753110
	Percentage of HQ filtered reads	93.83%	93.83%


Detailed QC statistics
	File name	KU330797-16_C_L004_R1_014.fastq	KU330797-16_C_L004_R2_014.fastq
	Minimum read length	100	100
	Maximum read length	100	100
	Average read length	100.00	100.00
	Total number of reads	4000000	4000000
	Total number of reads with non-ATGC bases	25620	28485
	Percentage of reads with non-ATGC bases	0.64%	0.71%
	Total number of bases	400000000	400000000
	Total number of HQ bases	387224695	383454455
	Percentage of HQ bases	96.81%	95.86%
	Total number of non-ATGC bases	371803	280271
	Percentage of non-ATGC bases	0.09%	0.07%


Average quality score at each base position of input reads

KU330797-16_C_L004_R1_014.fastq
32.29	32.53	32.60	36.12	36.01	36.02	35.98	35.98	37.67	37.64	37.64	37.62	37.59	38.92	38.96	38.94	38.93	38.91	38.96	38.90	38.89	38.85	38.81	38.70	38.73	38.66	38.60	38.54	38.46	38.36	38.28	38.24	38.19	38.11	38.00	37.97	37.92	37.80	37.71	37.64	37.58	37.77	37.74	37.74	37.78	37.73	37.68	37.55	37.53	37.52	37.56	37.55	37.52	37.45	37.43	37.16	37.18	37.05	36.97	36.76	36.60	36.49	36.42	36.19	36.11	36.01	35.83	35.68	35.38	35.12	34.90	34.80	34.52	33.99	34.06	32.90	33.41	33.63	33.65	33.55	33.37	33.19	32.97	32.79	32.54	32.38	32.21	32.01	31.86	31.78	31.63	31.44	31.25	31.06	30.83	30.67	30.54	30.36	30.07	28.42	

KU330797-16_C_L004_R2_014.fastq
36.51	36.61	36.61	36.65	31.42	31.83	31.98	35.39	35.41	35.42	35.44	35.42	37.02	37.00	36.95	36.92	36.88	38.26	38.27	38.25	38.15	38.15	38.23	38.25	38.18	38.12	38.04	38.00	38.00	37.89	37.88	37.88	37.89	37.78	37.72	37.75	37.66	37.60	37.52	37.42	37.36	37.28	37.22	37.06	36.99	36.98	37.11	37.10	37.18	37.13	37.15	37.02	36.93	36.86	35.77	36.22	36.54	36.69	36.68	36.50	36.42	36.31	36.31	36.26	36.12	36.07	35.86	35.82	35.81	35.73	35.64	35.50	35.31	35.22	35.02	34.83	34.57	34.42	34.14	33.99	33.84	33.65	33.48	33.28	33.10	32.89	32.66	32.51	32.30	32.16	31.97	31.70	31.60	31.44	31.27	31.06	30.86	30.73	30.54	30.38	





Read count (%) per base for different quality score ranges

	KU330797-16_C_L004_R1_014.fastq
Ranges	0-10	11-20	21-30	31-40
Base
1	0.15	0.35	9.55	89.96
2	0.12	0.31	8.81	90.75
3	0.10	0.31	8.59	91.00
4	0.09	0.26	2.60	97.04
5	0.14	0.36	3.18	96.32
6	0.11	0.40	3.13	96.36
7	0.13	0.44	3.30	96.13
8	0.13	0.44	3.28	96.15
9	0.14	0.45	3.34	96.08
10	0.15	0.46	3.44	95.95
11	0.15	0.46	3.42	95.98
12	0.15	0.47	3.47	95.90
13	0.16	0.50	3.56	95.79
14	0.38	1.07	5.76	92.80
15	0.34	1.00	5.53	93.13
16	0.39	0.99	5.51	93.11
17	0.37	1.03	5.52	93.08
18	0.37	1.01	5.60	93.03
19	0.39	1.02	5.61	92.97
20	0.43	1.06	5.75	92.77
21	0.42	1.02	5.69	92.87
22	0.45	1.05	5.79	92.71
23	0.46	1.04	5.80	92.70
24	0.58	1.17	6.26	91.99
25	0.56	1.06	6.03	92.35
26	0.78	1.14	5.99	92.09
27	0.84	1.19	6.11	91.86
28	0.91	1.19	6.22	91.68
29	1.00	1.20	6.39	91.42
30	1.07	1.23	6.66	91.04
31	1.12	1.25	6.82	90.81
32	1.14	1.21	6.93	90.72
33	1.17	1.20	7.00	90.63
34	1.22	1.24	7.19	90.35
35	1.30	1.29	7.49	89.92
36	1.28	1.27	7.46	89.98
37	1.31	1.26	7.51	89.92
38	1.40	1.31	7.75	89.54
39	1.45	1.35	7.82	89.38
40	1.49	1.34	7.81	89.36
41	1.51	1.35	7.81	89.33
42	1.51	1.37	7.98	89.13
43	1.61	1.42	8.20	88.77
44	1.66	1.43	8.13	88.78
45	1.66	1.40	7.99	88.95
46	1.73	1.41	8.07	88.79
47	1.78	1.44	8.10	88.68
48	1.87	1.51	8.34	88.28
49	1.90	1.51	8.23	88.36
50	1.89	1.52	8.30	88.29
51	1.93	1.46	8.15	88.46
52	2.01	1.44	8.12	88.44
53	2.06	1.44	8.02	88.49
54	2.10	1.46	8.03	88.41
55	2.11	1.42	7.99	88.48
56	2.32	1.58	8.46	87.64
57	2.25	1.48	8.22	88.05
58	2.36	1.52	8.36	87.77
59	2.39	1.50	8.38	87.72
60	2.53	1.59	8.71	87.17
61	2.61	1.64	8.90	86.85
62	2.64	1.63	8.97	86.76
63	2.65	1.59	8.87	86.89
64	2.82	1.69	9.20	86.29
65	2.80	1.66	9.17	86.37
66	2.82	1.61	9.16	86.41
67	2.93	1.65	9.31	86.12
68	2.96	1.64	9.38	86.02
69	3.17	1.74	9.78	85.31
70	3.41	1.78	10.07	84.75
71	3.54	1.81	10.24	84.42
72	3.52	1.73	10.16	84.60
73	3.83	1.75	10.29	84.14
74	3.83	2.26	11.66	82.26
75	3.78	1.93	10.98	83.31
76	3.58	2.07	15.22	79.12
77	3.64	1.75	12.04	82.58
78	3.74	1.65	10.79	83.82
79	3.80	1.62	10.27	84.32
80	3.88	1.60	10.05	84.47
81	3.99	1.63	10.09	84.29
82	4.10	1.66	10.11	84.12
83	4.26	1.74	10.30	83.70
84	4.43	1.73	10.35	83.48
85	4.62	1.90	10.71	82.77
86	4.76	1.91	10.78	82.54
87	4.94	1.95	10.93	82.17
88	5.19	2.03	11.20	81.58
89	5.36	2.06	11.27	81.30
90	5.53	1.98	11.08	81.42
91	5.81	1.99	11.10	81.11
92	6.17	2.05	11.22	80.57
93	6.54	2.07	11.35	80.04
94	6.94	2.10	11.49	79.47
95	7.47	2.13	11.71	78.69
96	7.94	2.02	11.59	78.44
97	8.48	1.82	11.24	78.46
98	9.12	1.60	10.98	78.31
99	9.97	1.55	10.89	77.59
100	11.28	3.73	18.77	66.22


	KU330797-16_C_L004_R2_014.fastq
Ranges	0-10	11-20	21-30	31-40
Base
1	0.93	0.20	0.22	98.65
2	0.93	0.21	0.17	98.69
3	0.87	0.20	0.17	98.76
4	0.80	0.18	0.16	98.86
5	1.45	1.09	13.93	83.53
6	1.10	1.05	11.54	86.31
7	1.05	0.95	10.97	87.02
8	1.13	0.98	4.64	93.25
9	1.09	0.99	4.54	93.38
10	0.96	1.11	4.51	93.42
11	0.94	1.10	4.41	93.55
12	0.97	1.12	4.48	93.43
13	1.01	1.08	4.45	93.46
14	1.05	1.08	4.52	93.35
15	1.12	1.11	4.62	93.16
16	1.16	1.13	4.63	93.08
17	1.17	1.20	4.71	92.93
18	2.02	2.18	6.88	88.91
19	1.99	2.17	6.87	88.96
20	2.06	2.08	6.90	88.96
21	2.09	2.22	7.12	88.57
22	2.07	2.20	7.05	88.68
23	2.12	2.17	7.12	88.60
24	2.10	2.05	7.04	88.81
25	2.19	2.08	7.20	88.53
26	2.23	2.09	7.23	88.45
27	2.32	2.10	7.40	88.17
28	2.46	2.16	7.78	87.60
29	2.44	2.10	7.65	87.81
30	2.56	2.12	7.90	87.42
31	2.58	2.03	7.82	87.57
32	2.57	1.93	7.82	87.69
33	2.58	1.81	7.82	87.79
34	2.74	1.84	8.15	87.26
35	2.76	1.84	8.29	87.11
36	2.73	1.75	8.29	87.24
37	2.82	1.77	8.54	86.87
38	2.87	1.78	8.72	86.64
39	2.98	1.78	8.85	86.39
40	3.09	1.81	9.03	86.07
41	3.12	1.84	9.15	85.89
42	3.21	1.84	9.19	85.76
43	3.27	1.84	9.21	85.67
44	3.38	1.96	9.46	85.21
45	3.34	1.94	9.44	85.28
46	3.29	1.93	9.45	85.32
47	3.34	1.96	9.56	85.14
48	3.43	1.96	9.60	85.00
49	3.42	1.87	9.38	85.32
50	3.53	1.89	9.36	85.22
51	3.53	1.81	9.21	85.45
52	3.67	1.91	9.43	84.99
53	3.78	1.94	9.51	84.77
54	3.83	1.97	9.49	84.71
55	2.88	1.70	9.45	85.97
56	3.06	1.62	8.37	86.96
57	3.48	1.73	8.74	86.05
58	3.79	1.85	9.11	85.26
59	4.00	1.90	9.39	84.70
60	4.23	2.06	9.74	83.96
61	4.26	2.08	9.85	83.81
62	4.35	2.09	9.92	83.64
63	4.33	1.97	9.77	83.92
64	4.35	1.97	9.68	84.00
65	4.47	1.98	9.74	83.82
66	4.37	1.97	9.69	83.97
67	4.49	2.06	9.95	83.49
68	4.41	2.01	9.97	83.62
69	4.46	1.88	9.71	83.96
70	4.54	1.84	9.54	84.08
71	4.53	1.80	9.49	84.17
72	4.59	1.79	9.48	84.14
73	4.64	1.80	9.59	83.97
74	4.59	1.72	9.43	84.26
75	4.64	1.75	9.54	84.06
76	4.69	1.75	9.56	84.00
77	4.76	1.82	9.81	83.60
78	4.74	1.76	9.81	83.68
79	4.88	1.86	10.02	83.24
80	4.83	1.80	10.00	83.37
81	4.82	1.76	9.91	83.51
82	4.93	1.72	9.81	83.54
83	4.94	1.74	9.75	83.57
84	5.03	1.74	9.78	83.45
85	5.11	1.72	9.76	83.41
86	5.25	1.74	9.86	83.15
87	5.43	1.82	10.05	82.71
88	5.54	1.78	9.95	82.73
89	5.76	1.83	10.08	82.33
90	5.93	1.81	9.99	82.27
91	6.18	1.83	10.02	81.97
92	6.54	1.97	10.45	81.03
93	6.75	1.86	10.17	81.22
94	7.08	1.83	10.12	80.97
95	7.44	1.79	10.08	80.69
96	7.92	1.76	10.17	80.15
97	8.40	1.71	10.19	79.70
98	8.84	1.56	9.92	79.69
99	9.28	1.52	10.04	79.17
100	9.65	1.67	9.90	78.78




