Parameters
	Library type	Paired-end
	Input files	KU330797-16_C_L004_R1_044.fastq	KU330797-16_C_L004_R2_044.fastq
	Primer/Adaptor library	Paired End DNA Library
	Cut-off read length for HQ	70%
	Cut-off quality score	20
	Only statistics	On
	Number of CPUs	2


QC statistics
	File name	KU330797-16_C_L004_R1_044.fastq	KU330797-16_C_L004_R2_044.fastq
	Total number of reads	4000000	4000000
	Total number of HQ reads	3740433	3740433
	Percentage of HQ reads	93.51%	93.51%
	Total number of bases	400000000	400000000
	Total number of bases in HQ reads	374043300	374043300
	Total number of HQ bases in HQ reads	368511445	367726872
	Percentage of HQ bases in HQ reads	98.52%	98.31%
	Number of Primer/Adaptor contaminated HQ reads	5	10
	Total number of HQ filtered reads	3740418	3740418
	Percentage of HQ filtered reads	93.51%	93.51%


Detailed QC statistics
	File name	KU330797-16_C_L004_R1_044.fastq	KU330797-16_C_L004_R2_044.fastq
	Minimum read length	100	100
	Maximum read length	100	100
	Average read length	100.00	100.00
	Total number of reads	4000000	4000000
	Total number of reads with non-ATGC bases	12669	10812
	Percentage of reads with non-ATGC bases	0.32%	0.27%
	Total number of bases	400000000	400000000
	Total number of HQ bases	386951837	382711666
	Percentage of HQ bases	96.74%	95.68%
	Total number of non-ATGC bases	261453	392837
	Percentage of non-ATGC bases	0.07%	0.10%


Average quality score at each base position of input reads

KU330797-16_C_L004_R1_044.fastq
32.13	32.42	32.52	36.07	35.99	35.96	35.98	35.97	37.67	37.64	37.63	37.62	37.56	38.97	38.95	38.92	38.91	38.85	38.89	38.91	38.88	38.80	38.76	38.78	38.71	38.62	38.57	38.50	38.44	38.37	38.32	38.21	38.16	38.07	38.03	37.98	37.86	37.78	37.75	37.65	37.56	37.75	37.79	37.78	37.74	37.65	37.63	37.53	37.46	37.52	37.55	37.52	37.46	37.43	37.34	37.26	37.18	37.04	37.00	36.87	36.77	36.62	36.51	36.37	36.24	36.12	35.99	35.81	35.57	35.35	35.19	35.04	34.83	34.55	34.38	33.51	33.74	33.87	33.78	33.62	33.47	33.29	33.05	32.86	32.70	32.51	32.32	32.22	32.05	31.88	31.71	31.54	31.39	31.26	31.03	30.89	30.72	30.51	30.30	28.95	

KU330797-16_C_L004_R2_044.fastq
36.70	36.74	36.77	36.80	30.48	31.19	31.61	35.35	35.40	35.42	35.45	35.46	37.02	37.03	36.92	36.96	36.92	38.27	38.27	38.25	38.23	38.19	37.94	38.01	38.08	38.07	38.09	38.08	38.08	38.02	37.96	37.88	37.61	37.61	37.67	37.62	37.55	37.56	37.51	37.37	37.38	37.33	37.24	37.21	37.13	37.07	37.20	37.19	37.15	37.10	37.07	36.99	36.93	36.85	35.93	36.29	36.51	36.63	36.60	36.58	36.48	36.36	36.24	36.15	36.02	35.91	35.78	35.76	35.73	35.67	35.52	35.38	35.30	35.14	34.94	34.76	34.59	34.42	34.22	33.99	33.82	33.62	33.38	33.21	33.00	32.79	32.58	32.41	32.26	32.13	31.89	31.74	31.57	31.37	31.20	31.03	30.90	30.73	30.57	30.37	





Read count (%) per base for different quality score ranges

	KU330797-16_C_L004_R1_044.fastq
Ranges	0-10	11-20	21-30	31-40
Base
1	0.52	0.56	9.79	89.13
2	0.11	0.72	9.18	90.00
3	0.12	0.39	9.34	90.16
4	0.10	0.32	2.70	96.88
5	0.15	0.40	3.21	96.24
6	0.14	0.48	3.32	96.07
7	0.13	0.46	3.25	96.17
8	0.13	0.45	3.27	96.15
9	0.14	0.45	3.32	96.09
10	0.15	0.48	3.42	95.96
11	0.16	0.48	3.45	95.91
12	0.15	0.47	3.44	95.94
13	0.17	0.51	3.64	95.67
14	0.36	1.04	5.60	93.00
15	0.38	1.03	5.65	92.93
16	0.40	1.10	5.70	92.80
17	0.40	1.08	5.64	92.88
18	0.44	1.14	5.81	92.62
19	0.43	1.16	5.88	92.52
20	0.44	1.10	5.75	92.71
21	0.46	1.10	5.81	92.62
22	0.52	1.16	6.01	92.31
23	0.54	1.14	6.02	92.30
24	0.58	1.12	6.07	92.23
25	0.65	1.18	6.26	91.91
26	0.90	1.27	6.27	91.56
27	0.98	1.29	6.27	91.46
28	1.06	1.29	6.43	91.22
29	1.14	1.29	6.54	91.04
30	1.21	1.28	6.67	90.84
31	1.25	1.26	6.79	90.69
32	1.36	1.30	7.12	90.22
33	1.40	1.30	7.22	90.08
34	1.48	1.32	7.48	89.72
35	1.49	1.32	7.52	89.66
36	1.55	1.32	7.57	89.55
37	1.66	1.37	7.79	89.18
38	1.69	1.40	7.89	89.02
39	1.69	1.38	7.79	89.14
40	1.77	1.41	7.92	88.89
41	1.83	1.44	8.03	88.70
42	1.84	1.44	8.11	88.61
43	1.89	1.42	8.08	88.61
44	1.99	1.45	8.06	88.50
45	2.07	1.48	8.08	88.37
46	2.17	1.51	8.26	88.06
47	2.18	1.51	8.18	88.12
48	2.28	1.56	8.35	87.81
49	2.33	1.59	8.37	87.71
50	2.33	1.54	8.37	87.77
51	2.38	1.55	8.16	87.91
52	2.45	1.51	8.20	87.83
53	2.52	1.54	8.24	87.70
54	2.58	1.52	8.16	87.74
55	2.68	1.53	8.24	87.54
56	2.69	1.57	8.25	87.48
57	2.75	1.56	8.31	87.38
58	2.83	1.62	8.48	87.08
59	2.85	1.53	8.39	87.24
60	2.94	1.56	8.48	87.02
61	3.00	1.55	8.47	86.97
62	3.05	1.59	8.65	86.71
63	3.07	1.59	8.70	86.64
64	3.14	1.60	8.79	86.47
65	3.19	1.60	8.81	86.40
66	3.23	1.59	8.84	86.34
67	3.26	1.57	8.85	86.32
68	3.32	1.58	8.99	86.10
69	3.43	1.65	9.22	85.69
70	3.69	1.60	9.21	85.49
71	3.72	1.62	9.24	85.42
72	3.76	1.58	9.25	85.42
73	3.81	1.62	9.40	85.17
74	3.92	1.70	9.74	84.64
75	3.93	1.68	9.79	84.59
76	3.73	1.75	12.32	82.21
77	3.81	1.62	10.62	83.94
78	3.88	1.54	9.76	84.83
79	4.01	1.54	9.51	84.94
80	4.10	1.57	9.46	84.88
81	4.16	1.54	9.36	84.94
82	4.25	1.57	9.42	84.76
83	4.42	1.68	9.66	84.24
84	4.54	1.70	9.80	83.96
85	4.67	1.69	9.83	83.81
86	4.86	1.74	9.95	83.45
87	5.05	1.81	10.11	83.03
88	5.18	1.77	9.97	83.08
89	5.40	1.82	10.11	82.66
90	5.64	1.86	10.25	82.25
91	5.93	1.90	10.35	81.81
92	6.24	1.93	10.51	81.32
93	6.56	1.93	10.51	80.99
94	6.91	1.86	10.35	80.88
95	7.41	1.90	10.60	80.09
96	7.84	1.78	10.45	79.93
97	8.37	1.67	10.32	79.63
98	8.98	1.57	10.34	79.10
99	9.68	1.44	10.04	78.85
100	10.70	3.07	16.49	69.74


	KU330797-16_C_L004_R2_044.fastq
Ranges	0-10	11-20	21-30	31-40
Base
1	0.56	0.27	0.21	98.96
2	0.58	0.25	0.17	99.00
3	0.46	0.19	0.16	99.19
4	0.40	0.14	0.15	99.30
5	1.76	2.02	21.47	74.75
6	1.23	1.37	14.86	82.54
7	1.15	1.09	12.62	85.14
8	1.12	1.00	4.54	93.34
9	1.11	0.93	4.48	93.47
10	0.97	1.11	4.44	93.49
11	0.94	1.07	4.38	93.61
12	0.98	1.03	4.29	93.70
13	1.07	1.06	4.41	93.45
14	1.09	1.03	4.35	93.53
15	1.22	1.11	4.60	93.07
16	1.16	1.12	4.45	93.28
17	1.20	1.11	4.57	93.13
18	2.22	2.14	6.94	88.70
19	2.23	2.10	6.87	88.81
20	2.27	2.05	6.90	88.77
21	2.24	2.17	6.97	88.63
22	2.28	2.14	7.00	88.58
23	3.27	2.95	7.32	86.45
24	2.47	2.71	7.81	87.02
25	2.44	2.34	7.32	87.90
26	2.49	2.29	7.28	87.95
27	2.49	2.13	7.25	88.13
28	2.67	2.16	7.59	87.58
29	2.67	2.04	7.55	87.74
30	2.74	1.99	7.68	87.60
31	2.82	1.95	7.77	87.46
32	2.90	1.95	7.94	87.21
33	3.50	2.42	8.16	85.91
34	3.06	2.31	8.62	86.01
35	3.05	2.02	8.42	86.51
36	3.13	1.95	8.58	86.35
37	3.23	1.94	8.78	86.06
38	3.18	1.88	8.83	86.10
39	3.30	1.82	8.93	85.95
40	3.48	1.88	9.18	85.46
41	3.42	1.83	9.12	85.63
42	3.50	1.80	9.10	85.59
43	3.60	1.89	9.23	85.28
44	3.54	1.90	9.21	85.35
45	3.62	1.91	9.31	85.15
46	3.62	1.92	9.32	85.14
47	3.62	1.95	9.47	84.96
48	3.76	1.91	9.48	84.85
49	3.87	1.92	9.46	84.75
50	3.92	1.94	9.49	84.65
51	3.98	1.92	9.43	84.67
52	4.05	1.95	9.52	84.47
53	4.15	1.97	9.54	84.34
54	4.20	1.98	9.59	84.23
55	3.12	1.64	9.05	86.20
56	3.40	1.61	8.32	86.67
57	3.95	1.83	8.92	85.30
58	4.20	1.90	9.18	84.72
59	4.41	1.96	9.49	84.14
60	4.46	1.95	9.45	84.14
61	4.57	1.95	9.52	83.95
62	4.64	1.99	9.63	83.74
63	4.74	1.98	9.74	83.53
64	4.75	2.02	9.74	83.49
65	4.81	2.05	9.84	83.30
66	4.80	2.05	9.84	83.31
67	4.85	2.07	9.94	83.14
68	4.82	2.06	10.00	83.12
69	4.88	1.95	9.75	83.42
70	4.91	1.87	9.60	83.61
71	4.98	1.87	9.63	83.52
72	5.01	1.86	9.65	83.48
73	4.95	1.76	9.47	83.82
74	4.99	1.76	9.45	83.80
75	5.03	1.79	9.53	83.64
76	5.03	1.78	9.62	83.57
77	5.05	1.75	9.57	83.63
78	5.03	1.73	9.53	83.71
79	5.09	1.70	9.57	83.64
80	5.14	1.74	9.67	83.46
81	5.16	1.71	9.58	83.55
82	5.21	1.71	9.60	83.48
83	5.33	1.75	9.69	83.23
84	5.37	1.74	9.68	83.21
85	5.48	1.76	9.74	83.01
86	5.63	1.80	9.80	82.77
87	5.77	1.82	9.91	82.50
88	5.90	1.81	9.92	82.37
89	6.05	1.79	9.85	82.30
90	6.21	1.75	9.71	82.33
91	6.52	1.85	9.89	81.75
92	6.75	1.82	9.86	81.57
93	7.05	1.81	9.82	81.31
94	7.39	1.84	9.95	80.81
95	7.75	1.79	9.98	80.47
96	8.16	1.72	9.86	80.26
97	8.58	1.58	9.58	80.27
98	9.04	1.49	9.49	79.98
99	9.45	1.43	9.52	79.60
100	9.83	1.64	9.61	78.92




