Parameters
	Library type	Paired-end
	Input files	KU330797-16_C_L004_R1_026.fastq	KU330797-16_C_L004_R2_026.fastq
	Primer/Adaptor library	Paired End DNA Library
	Cut-off read length for HQ	70%
	Cut-off quality score	20
	Only statistics	On
	Number of CPUs	2


QC statistics
	File name	KU330797-16_C_L004_R1_026.fastq	KU330797-16_C_L004_R2_026.fastq
	Total number of reads	4000000	4000000
	Total number of HQ reads	3758332	3758332
	Percentage of HQ reads	93.96%	93.96%
	Total number of bases	400000000	400000000
	Total number of bases in HQ reads	375833200	375833200
	Total number of HQ bases in HQ reads	370495052	369964267
	Percentage of HQ bases in HQ reads	98.58%	98.44%
	Number of Primer/Adaptor contaminated HQ reads	4	22
	Total number of HQ filtered reads	3758306	3758306
	Percentage of HQ filtered reads	93.96%	93.96%


Detailed QC statistics
	File name	KU330797-16_C_L004_R1_026.fastq	KU330797-16_C_L004_R2_026.fastq
	Minimum read length	100	100
	Maximum read length	100	100
	Average read length	100.00	100.00
	Total number of reads	4000000	4000000
	Total number of reads with non-ATGC bases	6115	11385
	Percentage of reads with non-ATGC bases	0.15%	0.28%
	Total number of bases	400000000	400000000
	Total number of HQ bases	387436033	384514177
	Percentage of HQ bases	96.86%	96.13%
	Total number of non-ATGC bases	9304	58355
	Percentage of non-ATGC bases	0.00%	0.01%


Average quality score at each base position of input reads

KU330797-16_C_L004_R1_026.fastq
32.39	32.64	32.71	36.18	36.06	36.04	36.04	36.03	37.76	37.75	37.75	37.72	37.69	39.17	39.14	39.11	39.10	39.05	39.10	39.08	39.03	39.00	38.97	38.95	38.90	38.79	38.73	38.69	38.61	38.54	38.47	38.42	38.37	38.31	38.24	38.18	38.10	38.01	37.96	37.89	37.81	37.94	37.92	37.91	37.89	37.79	37.77	37.66	37.57	37.65	37.68	37.69	37.67	37.60	37.55	37.47	37.38	37.30	37.17	37.06	36.90	36.85	36.71	36.53	36.35	36.25	36.12	35.99	35.82	35.59	35.41	35.23	35.03	34.73	34.56	33.72	33.99	34.07	34.00	33.83	33.63	33.41	33.19	33.00	32.82	32.68	32.55	32.38	32.22	32.07	31.92	31.76	31.56	31.42	31.27	31.07	30.92	30.75	30.55	29.20	

KU330797-16_C_L004_R2_026.fastq
36.71	36.75	36.78	36.81	31.12	31.67	31.94	35.50	35.55	35.57	35.57	35.61	37.31	37.23	37.30	37.26	37.18	38.58	38.60	38.54	38.50	38.52	38.50	38.46	38.48	38.40	38.39	38.37	38.33	38.27	38.27	38.21	38.16	38.10	38.05	38.00	37.95	37.90	37.78	37.76	37.62	37.64	37.60	37.53	37.48	37.33	37.43	37.43	37.45	37.37	37.33	37.26	37.23	37.16	36.16	36.53	36.87	36.94	36.87	36.78	36.72	36.59	35.12	35.73	35.93	36.05	35.99	36.06	36.06	36.03	35.92	35.77	35.61	35.49	35.33	35.14	34.95	34.74	34.54	34.37	34.12	33.97	33.74	33.54	33.31	33.12	32.96	32.79	32.62	32.44	32.27	32.09	31.92	31.77	31.59	31.45	31.31	31.15	31.01	30.82	





Read count (%) per base for different quality score ranges

	KU330797-16_C_L004_R1_026.fastq
Ranges	0-10	11-20	21-30	31-40
Base
1	0.15	0.33	8.92	90.60
2	0.10	0.31	8.06	91.53
3	0.09	0.28	7.89	91.74
4	0.09	0.26	2.34	97.31
5	0.16	0.36	2.95	96.54
6	0.13	0.43	3.03	96.41
7	0.13	0.43	3.04	96.40
8	0.14	0.44	3.04	96.38
9	0.14	0.44	3.07	96.35
10	0.15	0.43	3.12	96.30
11	0.15	0.43	3.08	96.34
12	0.15	0.47	3.16	96.22
13	0.17	0.47	3.28	96.08
14	0.34	0.98	5.27	93.42
15	0.36	1.01	5.37	93.26
16	0.38	1.03	5.43	93.17
17	0.38	1.01	5.38	93.23
18	0.41	1.05	5.53	93.01
19	0.41	1.07	5.55	92.97
20	0.43	1.04	5.59	92.94
21	0.47	1.09	5.67	92.77
22	0.51	1.11	5.75	92.64
23	0.53	1.08	5.71	92.68
24	0.58	1.10	5.85	92.47
25	0.66	1.11	5.95	92.29
26	0.94	1.24	6.01	91.80
27	1.02	1.28	6.09	91.61
28	1.10	1.26	6.15	91.50
29	1.22	1.28	6.32	91.18
30	1.27	1.27	6.52	90.94
31	1.33	1.26	6.66	90.76
32	1.40	1.25	6.79	90.56
33	1.43	1.24	6.90	90.43
34	1.50	1.25	7.09	90.16
35	1.56	1.28	7.21	89.95
36	1.59	1.30	7.29	89.82
37	1.65	1.29	7.38	89.69
38	1.74	1.34	7.48	89.44
39	1.77	1.32	7.49	89.42
40	1.83	1.34	7.48	89.35
41	1.91	1.37	7.57	89.15
42	1.99	1.41	7.79	88.81
43	2.11	1.44	7.89	88.56
44	2.14	1.42	7.85	88.59
45	2.20	1.44	7.78	88.58
46	2.33	1.50	8.00	88.16
47	2.33	1.47	7.93	88.27
48	2.47	1.54	8.10	87.90
49	2.56	1.60	8.19	87.66
50	2.53	1.56	8.17	87.74
51	2.61	1.52	8.03	87.83
52	2.64	1.49	7.90	87.97
53	2.71	1.46	7.83	88.00
54	2.81	1.48	7.84	87.87
55	2.81	1.46	7.84	87.89
56	2.90	1.46	7.85	87.79
57	2.97	1.46	7.85	87.71
58	3.02	1.47	7.88	87.63
59	3.10	1.48	8.03	87.39
60	3.15	1.50	8.05	87.30
61	3.27	1.54	8.19	87.00
62	3.21	1.48	8.12	87.19
63	3.29	1.50	8.19	87.03
64	3.39	1.54	8.34	86.74
65	3.47	1.58	8.50	86.45
66	3.44	1.54	8.46	86.56
67	3.47	1.52	8.46	86.55
68	3.48	1.48	8.44	86.60
69	3.52	1.49	8.51	86.48
70	3.59	1.52	8.67	86.21
71	3.64	1.53	8.75	86.08
72	3.70	1.52	8.77	86.00
73	3.74	1.54	8.87	85.85
74	3.96	1.60	9.12	85.32
75	3.86	1.69	9.18	85.27
76	3.57	1.67	11.49	83.28
77	3.67	1.49	9.75	85.10
78	3.80	1.45	9.08	85.67
79	3.88	1.43	8.78	85.91
80	3.99	1.46	8.73	85.83
81	4.09	1.48	8.77	85.66
82	4.22	1.56	8.91	85.32
83	4.33	1.61	9.15	84.90
84	4.47	1.65	9.25	84.63
85	4.60	1.68	9.36	84.37
86	4.70	1.66	9.36	84.28
87	4.83	1.64	9.29	84.23
88	5.03	1.68	9.35	83.94
89	5.23	1.73	9.44	83.60
90	5.46	1.75	9.53	83.26
91	5.70	1.75	9.60	82.94
92	5.99	1.78	9.63	82.60
93	6.34	1.86	9.92	81.88
94	6.67	1.81	9.90	81.62
95	7.05	1.74	9.85	81.35
96	7.55	1.75	9.94	80.76
97	8.02	1.59	9.81	80.58
98	8.55	1.45	9.69	80.31
99	9.22	1.36	9.43	80.00
100	10.22	2.90	15.81	71.07


	KU330797-16_C_L004_R2_026.fastq
Ranges	0-10	11-20	21-30	31-40
Base
1	0.49	0.25	0.25	99.01
2	0.55	0.20	0.17	99.07
3	0.46	0.20	0.16	99.19
4	0.37	0.19	0.14	99.30
5	1.24	1.36	16.00	81.40
6	1.09	0.94	11.72	86.25
7	1.17	0.85	10.44	87.55
8	1.20	0.80	3.92	94.08
9	1.15	0.77	3.75	94.33
10	1.04	0.89	3.76	94.31
11	0.82	1.19	3.90	94.10
12	0.80	1.13	3.73	94.34
13	0.81	0.87	3.76	94.57
14	0.89	0.93	3.95	94.23
15	0.84	0.87	3.75	94.54
16	0.90	0.88	3.85	94.38
17	0.96	0.95	4.05	94.04
18	1.95	1.93	6.52	89.61
19	1.93	1.86	6.37	89.84
20	2.03	1.90	6.50	89.57
21	2.07	1.90	6.56	89.46
22	2.05	1.85	6.43	89.67
23	2.21	1.96	6.77	89.06
24	2.25	1.96	6.80	88.98
25	2.21	1.88	6.68	89.23
26	2.34	1.92	6.85	88.89
27	2.33	1.84	6.79	89.05
28	2.50	1.92	7.10	88.48
29	2.55	1.89	7.13	88.43
30	2.62	1.88	7.25	88.25
31	2.57	1.77	7.18	88.49
32	2.68	1.73	7.29	88.30
33	2.73	1.70	7.40	88.17
34	2.78	1.65	7.55	88.02
35	2.84	1.65	7.68	87.84
36	2.87	1.63	7.85	87.66
37	2.94	1.63	8.02	87.40
38	2.97	1.63	8.14	87.26
39	3.11	1.71	8.43	86.74
40	3.08	1.68	8.44	86.80
41	3.22	1.76	8.74	86.28
42	3.14	1.68	8.58	86.60
43	3.21	1.67	8.56	86.57
44	3.24	1.67	8.56	86.53
45	3.27	1.67	8.56	86.50
46	3.43	1.76	8.79	86.02
47	3.47	1.79	8.99	85.75
48	3.57	1.78	8.96	85.69
49	3.56	1.75	8.81	85.87
50	3.75	1.81	8.89	85.55
51	3.74	1.78	8.86	85.61
52	3.84	1.81	8.94	85.41
53	3.86	1.81	8.88	85.45
54	3.94	1.81	8.91	85.34
55	2.93	1.52	8.40	87.15
56	3.17	1.50	7.78	87.55
57	3.54	1.60	8.12	86.74
58	3.94	1.72	8.54	85.81
59	4.16	1.83	8.92	85.08
60	4.26	1.88	9.07	84.79
61	4.33	1.87	9.07	84.73
62	4.32	1.88	9.08	84.72
63	8.72	3.44	9.99	77.85
64	4.34	3.66	12.05	79.95
65	4.42	2.36	10.60	82.62
66	4.34	2.06	9.54	84.06
67	4.42	1.98	9.37	84.23
68	4.41	1.90	9.28	84.40
69	4.47	1.78	9.04	84.71
70	4.49	1.66	8.80	85.05
71	4.54	1.62	8.73	85.12
72	4.66	1.60	8.65	85.09
73	4.63	1.72	8.71	84.93
74	4.55	1.66	8.69	85.10
75	4.54	1.58	8.67	85.21
76	4.56	1.57	8.70	85.16
77	4.58	1.57	8.72	85.13
78	4.59	1.60	8.74	85.07
79	4.62	1.60	8.81	84.98
80	4.57	1.55	8.74	85.14
81	4.68	1.57	8.89	84.86
82	4.66	1.53	8.80	85.02
83	4.74	1.57	8.86	84.83
84	4.81	1.58	8.90	84.71
85	4.95	1.61	9.02	84.42
86	5.02	1.63	9.08	84.27
87	5.12	1.61	9.01	84.26
88	5.24	1.62	9.01	84.13
89	5.39	1.64	8.96	84.02
90	5.57	1.65	9.07	83.71
91	5.77	1.66	9.09	83.49
92	6.01	1.68	9.16	83.15
93	6.28	1.69	9.23	82.80
94	6.55	1.67	9.18	82.60
95	6.89	1.66	9.25	82.20
96	7.24	1.58	9.11	82.07
97	7.64	1.49	8.94	81.93
98	8.03	1.40	8.93	81.64
99	8.41	1.31	8.88	81.41
100	8.77	1.52	8.94	80.77




