Parameters
	Library type	Paired-end
	Input files	KU330797-16_C_L004_R1_025.fastq	KU330797-16_C_L004_R2_025.fastq
	Primer/Adaptor library	Paired End DNA Library
	Cut-off read length for HQ	70%
	Cut-off quality score	20
	Only statistics	On
	Number of CPUs	2


QC statistics
	File name	KU330797-16_C_L004_R1_025.fastq	KU330797-16_C_L004_R2_025.fastq
	Total number of reads	4000000	4000000
	Total number of HQ reads	3745720	3745720
	Percentage of HQ reads	93.64%	93.64%
	Total number of bases	400000000	400000000
	Total number of bases in HQ reads	374572000	374572000
	Total number of HQ bases in HQ reads	368482661	369187242
	Percentage of HQ bases in HQ reads	98.37%	98.56%
	Number of Primer/Adaptor contaminated HQ reads	4	9
	Total number of HQ filtered reads	3745707	3745707
	Percentage of HQ filtered reads	93.64%	93.64%


Detailed QC statistics
	File name	KU330797-16_C_L004_R1_025.fastq	KU330797-16_C_L004_R2_025.fastq
	Minimum read length	100	100
	Maximum read length	100	100
	Average read length	100.00	100.00
	Total number of reads	4000000	4000000
	Total number of reads with non-ATGC bases	5499	11373
	Percentage of reads with non-ATGC bases	0.14%	0.28%
	Total number of bases	400000000	400000000
	Total number of HQ bases	386349632	384459440
	Percentage of HQ bases	96.59%	96.11%
	Total number of non-ATGC bases	7230	56661
	Percentage of non-ATGC bases	0.00%	0.01%


Average quality score at each base position of input reads

KU330797-16_C_L004_R1_025.fastq
32.31	32.58	32.59	36.14	36.09	34.52	35.61	35.90	37.76	37.79	37.81	37.78	37.80	39.27	39.25	39.22	39.18	39.16	39.20	39.18	39.11	39.10	39.07	39.04	38.98	38.92	38.84	38.78	38.66	38.62	38.56	38.51	38.43	38.40	38.32	38.23	38.16	38.06	37.99	37.89	37.82	37.96	37.96	37.95	37.92	37.87	37.80	37.69	37.64	37.72	37.81	37.80	37.70	37.58	37.54	37.46	37.43	37.34	37.25	37.13	37.03	36.88	36.75	36.59	36.44	36.00	32.02	33.76	34.66	35.04	35.11	35.06	34.95	34.70	34.53	33.72	34.01	34.08	33.99	33.83	33.65	33.45	33.24	33.06	32.89	32.72	32.51	32.40	32.18	32.05	31.92	31.77	31.59	31.46	31.28	31.07	30.92	30.78	30.56	29.21	

KU330797-16_C_L004_R2_025.fastq
36.69	36.74	36.77	36.80	31.20	31.77	32.07	35.63	35.63	35.63	35.67	35.67	37.37	37.37	37.33	37.31	37.31	38.72	38.64	38.61	38.61	38.57	38.64	38.58	38.56	38.55	38.53	38.48	38.45	38.36	38.33	38.29	38.25	38.17	38.09	38.05	37.98	37.96	37.90	37.85	37.77	37.73	37.70	37.63	37.55	37.47	37.57	37.55	37.50	37.43	37.37	37.31	37.25	37.14	36.19	36.56	36.84	36.95	36.92	36.90	36.79	36.73	36.61	36.50	36.37	36.26	36.09	36.14	36.13	36.08	35.92	35.71	35.64	35.46	35.33	35.12	34.94	34.75	34.56	34.36	34.15	33.96	33.72	33.55	33.37	33.14	32.97	32.79	32.60	32.39	32.22	32.04	31.89	31.70	31.51	31.41	31.24	31.08	30.91	30.74	





Read count (%) per base for different quality score ranges

	KU330797-16_C_L004_R1_025.fastq
Ranges	0-10	11-20	21-30	31-40
Base
1	0.12	0.53	9.39	89.96
2	0.10	0.45	7.94	91.51
3	0.37	0.61	7.76	91.26
4	0.09	0.48	2.35	97.08
5	0.14	0.42	2.71	96.73
6	2.73	3.09	4.92	89.25
7	0.14	1.33	3.99	94.54
8	0.13	0.66	2.97	96.24
9	0.13	0.56	2.87	96.43
10	0.13	0.49	2.92	96.46
11	0.14	0.45	2.85	96.56
12	0.14	0.45	2.96	96.44
13	0.14	0.42	2.92	96.52
14	0.32	0.91	5.02	93.75
15	0.33	0.94	5.08	93.65
16	0.37	0.96	5.13	93.54
17	0.39	1.01	5.27	93.34
18	0.39	0.98	5.22	93.42
19	0.42	1.02	5.33	93.22
20	0.42	1.00	5.35	93.23
21	0.50	1.11	5.53	92.86
22	0.49	1.05	5.45	93.01
23	0.52	1.04	5.41	93.02
24	0.61	1.06	5.66	92.67
25	0.66	1.08	5.70	92.56
26	0.91	1.15	5.66	92.29
27	1.03	1.19	5.80	91.99
28	1.12	1.19	5.89	91.79
29	1.28	1.26	6.19	91.27
30	1.29	1.23	6.26	91.22
31	1.35	1.22	6.34	91.09
32	1.42	1.20	6.49	90.90
33	1.51	1.23	6.71	90.55
34	1.49	1.19	6.72	90.60
35	1.58	1.21	6.89	90.32
36	1.66	1.26	7.04	90.04
37	1.71	1.26	7.10	89.94
38	1.81	1.29	7.26	89.64
39	1.87	1.31	7.33	89.48
40	1.97	1.35	7.42	89.27
41	1.99	1.35	7.47	89.19
42	2.03	1.37	7.61	88.99
43	2.14	1.37	7.57	88.91
44	2.23	1.38	7.53	88.86
45	2.29	1.40	7.54	88.77
46	2.35	1.41	7.58	88.66
47	2.45	1.42	7.64	88.50
48	2.55	1.48	7.87	88.10
49	2.59	1.49	7.81	88.12
50	2.60	1.47	7.80	88.12
51	2.65	1.38	7.51	88.45
52	2.74	1.37	7.42	88.47
53	2.89	1.44	7.58	88.09
54	2.99	1.47	7.71	87.84
55	3.03	1.46	7.71	87.81
56	3.08	1.47	7.69	87.76
57	3.09	1.39	7.60	87.92
58	3.17	1.41	7.58	87.84
59	3.22	1.38	7.59	87.81
60	3.31	1.41	7.71	87.57
61	3.35	1.38	7.67	87.61
62	3.46	1.42	7.75	87.37
63	3.48	1.42	7.86	87.25
64	3.54	1.43	7.95	87.07
65	3.60	1.44	8.00	86.96
66	3.83	1.64	8.65	85.89
67	13.03	5.20	12.21	69.56
68	4.11	5.69	15.18	75.01
69	3.75	2.77	12.43	81.04
70	3.77	1.98	9.96	84.29
71	3.82	1.76	9.22	85.21
72	3.90	1.62	8.90	85.57
73	3.93	1.56	8.80	85.71
74	4.11	1.56	8.95	85.38
75	4.02	1.65	9.02	85.32
76	3.68	1.60	11.24	83.48
77	3.79	1.39	9.39	85.44
78	3.94	1.39	8.73	85.95
79	4.02	1.39	8.49	86.10
80	4.09	1.40	8.43	86.08
81	4.17	1.41	8.45	85.97
82	4.27	1.45	8.53	85.76
83	4.39	1.49	8.69	85.42
84	4.50	1.52	8.73	85.25
85	4.62	1.54	8.77	85.07
86	4.78	1.56	8.89	84.77
87	4.98	1.67	9.12	84.23
88	5.11	1.63	9.03	84.24
89	5.38	1.74	9.31	83.58
90	5.56	1.74	9.32	83.38
91	5.78	1.72	9.34	83.15
92	6.06	1.75	9.39	82.80
93	6.39	1.77	9.55	82.29
94	6.69	1.71	9.59	82.01
95	7.11	1.69	9.61	81.58
96	7.62	1.73	9.73	80.92
97	8.07	1.59	9.64	80.70
98	8.58	1.40	9.43	80.59
99	9.25	1.32	9.27	80.16
100	10.26	2.90	15.59	71.26


	KU330797-16_C_L004_R2_025.fastq
Ranges	0-10	11-20	21-30	31-40
Base
1	0.53	0.28	0.24	98.96
2	0.59	0.22	0.19	99.00
3	0.47	0.22	0.16	99.16
4	0.38	0.21	0.14	99.27
5	1.23	1.29	15.06	82.42
6	1.03	0.87	10.85	87.24
7	1.09	0.75	9.53	88.62
8	1.10	0.70	3.45	94.75
9	1.13	0.70	3.48	94.69
10	1.04	0.85	3.51	94.60
11	0.79	1.10	3.50	94.61
12	0.81	1.08	3.48	94.64
13	0.84	0.85	3.53	94.78
14	0.86	0.82	3.50	94.82
15	0.91	0.85	3.61	94.64
16	0.94	0.85	3.65	94.56
17	0.95	0.84	3.60	94.61
18	2.06	1.80	6.21	89.92
19	2.17	1.90	6.36	89.57
20	2.24	1.90	6.36	89.50
21	2.20	1.85	6.26	89.69
22	2.29	1.85	6.35	89.51
23	2.31	1.82	6.38	89.49
24	2.42	1.87	6.50	89.21
25	2.43	1.83	6.49	89.25
26	2.47	1.77	6.44	89.32
27	2.51	1.72	6.38	89.39
28	2.70	1.84	6.78	88.69
29	2.71	1.77	6.79	88.74
30	2.86	1.77	6.99	88.38
31	2.86	1.72	6.94	88.49
32	2.92	1.68	7.04	88.35
33	2.97	1.63	7.11	88.30
34	3.05	1.62	7.28	88.04
35	3.15	1.61	7.49	87.75
36	3.15	1.60	7.60	87.66
37	3.22	1.62	7.82	87.34
38	3.23	1.58	7.83	87.37
39	3.24	1.58	7.95	87.22
40	3.30	1.58	8.04	87.08
41	3.39	1.62	8.15	86.84
42	3.41	1.60	8.20	86.80
43	3.42	1.58	8.13	86.86
44	3.46	1.59	8.16	86.78
45	3.52	1.61	8.22	86.65
46	3.60	1.63	8.25	86.52
47	3.68	1.64	8.46	86.22
48	3.77	1.65	8.41	86.18
49	3.89	1.67	8.39	86.05
50	4.00	1.70	8.49	85.80
51	4.06	1.74	8.52	85.68
52	4.10	1.73	8.59	85.58
53	4.15	1.73	8.56	85.57
54	4.30	1.78	8.68	85.25
55	3.14	1.46	8.01	87.40
56	3.33	1.42	7.33	87.92
57	3.87	1.56	7.84	86.73
58	4.20	1.64	8.20	85.97
59	4.39	1.72	8.48	85.40
60	4.45	1.72	8.44	85.39
61	4.56	1.74	8.56	85.15
62	4.54	1.72	8.46	85.27
63	4.61	1.74	8.67	84.98
64	4.63	1.74	8.64	85.00
65	4.71	1.77	8.76	84.75
66	4.70	1.77	8.81	84.72
67	4.76	1.80	8.92	84.53
68	4.76	1.74	8.87	84.63
69	4.81	1.66	8.59	84.94
70	4.86	1.59	8.41	85.14
71	4.94	1.60	8.46	85.01
72	5.10	1.65	8.53	84.72
73	4.93	1.65	8.37	85.05
74	4.94	1.64	8.45	84.97
75	4.89	1.54	8.39	85.19
76	4.92	1.55	8.47	85.07
77	4.89	1.53	8.44	85.14
78	4.89	1.52	8.45	85.14
79	4.88	1.51	8.47	85.14
80	4.90	1.49	8.43	85.17
81	4.92	1.50	8.48	85.10
82	4.93	1.48	8.46	85.12
83	5.03	1.52	8.58	84.88
84	5.06	1.49	8.52	84.94
85	5.11	1.48	8.45	84.96
86	5.25	1.54	8.62	84.59
87	5.35	1.52	8.57	84.57
88	5.48	1.52	8.60	84.40
89	5.65	1.56	8.61	84.18
90	5.86	1.61	8.78	83.74
91	6.06	1.63	8.85	83.45
92	6.30	1.65	8.95	83.10
93	6.55	1.62	8.88	82.95
94	6.86	1.64	8.98	82.52
95	7.22	1.66	9.06	82.05
96	7.53	1.52	8.82	82.13
97	7.93	1.47	8.74	81.86
98	8.33	1.37	8.72	81.58
99	8.72	1.32	8.82	81.14
100	9.08	1.48	8.75	80.69




