Parameters
	Library type	Paired-end
	Input files	KU330797-16_C_L004_R1_031.fastq	KU330797-16_C_L004_R2_031.fastq
	Primer/Adaptor library	Paired End DNA Library
	Cut-off read length for HQ	70%
	Cut-off quality score	20
	Only statistics	On
	Number of CPUs	2


QC statistics
	File name	KU330797-16_C_L004_R1_031.fastq	KU330797-16_C_L004_R2_031.fastq
	Total number of reads	4000000	4000000
	Total number of HQ reads	3669597	3669597
	Percentage of HQ reads	91.74%	91.74%
	Total number of bases	400000000	400000000
	Total number of bases in HQ reads	366959700	366959700
	Total number of HQ bases in HQ reads	360521985	359009376
	Percentage of HQ bases in HQ reads	98.25%	97.83%
	Number of Primer/Adaptor contaminated HQ reads	10	12
	Total number of HQ filtered reads	3669575	3669575
	Percentage of HQ filtered reads	91.74%	91.74%


Detailed QC statistics
	File name	KU330797-16_C_L004_R1_031.fastq	KU330797-16_C_L004_R2_031.fastq
	Minimum read length	100	100
	Maximum read length	100	100
	Average read length	100.00	100.00
	Total number of reads	4000000	4000000
	Total number of reads with non-ATGC bases	9487	11461
	Percentage of reads with non-ATGC bases	0.24%	0.29%
	Total number of bases	400000000	400000000
	Total number of HQ bases	384185336	377868424
	Percentage of HQ bases	96.05%	94.47%
	Total number of non-ATGC bases	105315	158383
	Percentage of non-ATGC bases	0.03%	0.04%


Average quality score at each base position of input reads

KU330797-16_C_L004_R1_031.fastq
32.09	32.38	32.47	35.99	35.89	35.87	35.84	35.83	37.53	37.47	37.48	37.08	37.27	38.69	38.75	38.69	38.68	38.67	38.72	38.69	38.61	38.62	38.63	38.49	38.48	38.33	38.24	38.15	37.87	37.93	37.90	37.94	37.87	37.77	37.62	37.61	37.56	37.51	37.39	37.31	37.31	37.37	37.40	37.34	37.34	37.23	37.18	37.16	37.07	37.21	37.21	37.17	37.08	37.02	36.95	36.83	36.80	36.71	36.56	36.43	36.32	36.26	36.14	35.81	35.72	35.61	35.43	34.97	34.91	34.75	34.63	34.46	34.34	34.01	33.85	32.72	33.08	33.28	33.29	33.15	32.96	32.84	32.62	32.36	32.24	32.02	31.84	31.61	31.54	31.31	31.08	31.00	30.82	30.63	30.38	30.17	29.97	29.67	29.42	27.94	

KU330797-16_C_L004_R2_031.fastq
36.15	36.55	36.72	36.77	30.39	31.09	31.43	35.06	35.09	35.17	35.18	35.16	36.76	36.70	36.40	36.51	36.61	37.78	37.85	37.82	37.74	37.53	37.73	37.70	37.74	37.43	37.48	37.53	37.53	37.44	37.43	37.26	37.25	37.20	37.09	37.21	37.06	36.87	36.95	36.71	36.77	36.69	36.70	36.64	36.67	36.43	36.52	36.54	36.57	36.64	36.50	36.40	36.30	36.12	35.15	35.56	35.53	35.81	35.86	35.68	35.74	35.65	35.47	35.36	35.27	35.11	35.16	35.21	35.06	34.87	34.68	34.65	34.45	34.37	34.13	33.92	33.80	33.50	33.23	33.15	32.92	32.76	32.62	32.28	32.21	31.95	31.74	31.49	31.35	31.19	30.86	30.74	30.63	30.45	30.22	30.05	29.87	29.66	29.47	29.32	





Read count (%) per base for different quality score ranges

	KU330797-16_C_L004_R1_031.fastq
Ranges	0-10	11-20	21-30	31-40
Base
1	0.20	0.40	11.27	88.14
2	0.12	0.36	10.10	89.41
3	0.12	0.32	9.87	89.69
4	0.12	0.33	3.10	96.46
5	0.18	0.42	3.63	95.77
6	0.14	0.50	3.69	95.67
7	0.16	0.54	3.82	95.47
8	0.18	0.56	3.84	95.42
9	0.16	0.53	3.78	95.53
10	0.18	0.58	4.00	95.23
11	0.18	0.55	3.89	95.37
12	0.71	1.27	4.38	93.64
13	0.20	1.09	4.38	94.32
14	0.41	1.44	6.27	91.88
15	0.40	1.31	6.05	92.24
16	0.44	1.32	6.29	91.95
17	0.45	1.27	6.27	92.01
18	0.45	1.24	6.29	92.01
19	0.48	1.24	6.36	91.91
20	0.50	1.24	6.41	91.85
21	0.55	1.30	6.61	91.54
22	0.55	1.24	6.43	91.77
23	0.56	1.18	6.33	91.93
24	0.72	1.38	6.93	90.97
25	0.73	1.30	6.81	91.17
26	1.08	1.46	6.93	90.53
27	1.18	1.52	7.12	90.18
28	1.32	1.56	7.28	89.84
29	2.08	1.93	7.46	88.53
30	1.47	1.97	7.74	88.82
31	1.59	1.64	7.94	88.83
32	1.54	1.51	7.73	89.22
33	1.61	1.48	7.91	89.00
34	1.74	1.52	8.20	88.55
35	1.92	1.63	8.55	87.91
36	1.89	1.58	8.50	88.03
37	1.88	1.54	8.56	88.02
38	1.91	1.52	8.51	88.06
39	2.05	1.57	8.70	87.68
40	2.08	1.58	8.73	87.60
41	2.06	1.52	8.56	87.86
42	2.20	1.62	8.97	87.21
43	2.25	1.61	8.88	87.26
44	2.42	1.66	8.98	86.93
45	2.42	1.65	8.91	87.02
46	2.55	1.71	9.14	86.59
47	2.61	1.71	9.11	86.57
48	2.62	1.71	9.00	86.68
49	2.74	1.75	9.14	86.36
50	2.70	1.67	8.95	86.69
51	2.80	1.67	8.86	86.67
52	2.90	1.70	8.89	86.52
53	3.02	1.72	8.99	86.27
54	3.10	1.72	8.99	86.20
55	3.16	1.75	9.03	86.06
56	3.29	1.77	9.19	85.75
57	3.26	1.72	9.06	85.96
58	3.33	1.69	9.04	85.94
59	3.45	1.71	9.24	85.60
60	3.55	1.76	9.35	85.34
61	3.59	1.77	9.42	85.23
62	3.60	1.72	9.27	85.41
63	3.69	1.72	9.32	85.27
64	3.93	1.90	9.91	84.26
65	3.87	1.85	9.93	84.36
66	3.92	1.83	9.88	84.38
67	4.03	1.86	9.98	84.13
68	4.91	2.18	10.29	82.62
69	4.20	2.37	10.70	82.73
70	4.33	2.04	10.89	82.75
71	4.37	1.95	10.69	82.99
72	4.46	1.94	10.70	82.90
73	4.45	1.84	10.61	83.09
74	4.71	2.00	11.07	82.22
75	4.62	2.01	11.17	82.19
76	4.99	2.36	14.16	78.49
77	4.51	2.38	12.27	80.84
78	4.61	1.94	11.63	81.82
79	4.67	1.81	10.94	82.58
80	4.80	1.81	10.72	82.66
81	4.93	1.84	10.82	82.41
82	4.98	1.78	10.61	82.64
83	5.14	1.85	10.81	82.20
84	5.36	1.97	11.19	81.47
85	5.46	1.91	11.02	81.61
86	5.71	2.00	11.21	81.08
87	5.92	2.06	11.33	80.68
88	6.22	2.18	11.60	79.99
89	6.36	2.07	11.36	80.22
90	6.71	2.20	11.62	79.47
91	7.07	2.29	12.00	78.63
92	7.31	2.16	11.72	78.80
93	7.73	2.16	11.72	78.38
94	8.19	2.16	11.74	77.91
95	8.77	2.18	12.00	77.05
96	9.39	2.09	11.88	76.64
97	10.05	1.92	11.67	76.36
98	10.89	1.84	11.76	75.51
99	11.74	1.71	11.44	75.11
100	13.01	3.65	18.14	65.19


	KU330797-16_C_L004_R2_031.fastq
Ranges	0-10	11-20	21-30	31-40
Base
1	0.55	0.47	0.52	98.46
2	0.57	0.29	0.27	98.87
3	0.43	0.24	0.19	99.14
4	0.40	0.19	0.20	99.21
5	2.16	2.20	21.50	74.13
6	1.51	1.57	15.82	81.10
7	1.50	1.29	13.86	83.34
8	1.54	1.19	5.29	91.98
9	1.55	1.17	5.29	91.99
10	1.27	1.32	5.02	92.39
11	1.15	1.51	5.10	92.24
12	1.19	1.50	5.09	92.22
13	1.22	1.34	5.08	92.36
14	1.30	1.35	5.25	92.10
15	1.88	1.84	5.31	90.97
16	1.38	1.89	5.47	91.26
17	1.35	1.47	5.26	91.92
18	2.58	2.73	7.97	86.71
19	2.52	2.55	7.63	87.31
20	2.60	2.55	7.76	87.08
21	2.66	2.64	7.98	86.73
22	3.15	3.15	8.07	85.62
23	2.75	2.99	8.30	85.96
24	2.84	2.63	8.24	86.28
25	2.80	2.46	7.99	86.74
26	3.39	3.00	8.52	85.10
27	3.09	2.77	8.45	85.69
28	3.19	2.68	8.60	85.53
29	3.16	2.56	8.51	85.77
30	3.37	2.58	8.74	85.31
31	3.34	2.43	8.74	85.49
32	3.58	2.44	9.10	84.88
33	3.57	2.32	9.14	84.97
34	3.66	2.28	9.27	84.78
35	3.83	2.28	9.65	84.24
36	3.59	2.11	9.41	84.90
37	3.83	2.18	9.78	84.21
38	4.05	2.31	10.30	83.34
39	3.85	2.16	10.09	83.89
40	4.60	2.42	10.24	82.74
41	4.00	2.43	10.57	83.01
42	4.13	2.29	10.53	83.04
43	4.10	2.23	10.29	83.38
44	4.13	2.21	10.35	83.31
45	4.08	2.12	10.17	83.64
46	4.40	2.27	10.52	82.81
47	4.37	2.30	10.79	82.54
48	4.49	2.26	10.69	82.56
49	4.49	2.22	10.49	82.80
50	4.47	2.09	10.23	83.21
51	4.70	2.16	10.35	82.79
52	4.81	2.22	10.45	82.53
53	4.90	2.26	10.58	82.25
54	5.11	2.36	10.76	81.77
55	4.10	2.08	10.69	83.13
56	4.22	1.99	9.55	84.24
57	5.44	2.54	10.20	81.82
58	5.03	2.65	10.61	81.71
59	5.29	2.38	10.64	81.70
60	5.65	2.52	10.91	80.93
61	5.51	2.37	10.70	81.42
62	5.61	2.31	10.73	81.35
63	5.80	2.38	11.02	80.81
64	5.84	2.37	11.06	80.73
65	5.87	2.35	11.01	80.77
66	5.94	2.38	11.14	80.54
67	5.77	2.19	10.80	81.23
68	5.84	2.13	10.62	81.40
69	6.08	2.15	10.75	81.01
70	6.22	2.22	10.93	80.63
71	6.31	2.26	11.08	80.36
72	6.30	2.13	10.76	80.82
73	6.38	2.20	10.89	80.53
74	6.29	2.09	10.77	80.85
75	6.40	2.13	11.00	80.47
76	6.50	2.15	11.11	80.23
77	6.45	2.08	10.97	80.51
78	6.60	2.16	11.33	79.91
79	6.71	2.25	11.59	79.45
80	6.59	2.11	11.36	79.94
81	6.71	2.13	11.39	79.76
82	6.75	2.08	11.30	79.87
83	6.77	2.00	11.12	80.11
84	7.06	2.17	11.56	79.21
85	7.02	2.02	11.22	79.74
86	7.28	2.11	11.38	79.23
87	7.46	2.15	11.48	78.91
88	7.73	2.22	11.68	78.37
89	7.88	2.17	11.56	78.39
90	8.11	2.15	11.43	78.31
91	8.60	2.36	11.90	77.13
92	8.78	2.28	11.80	77.13
93	9.08	2.17	11.47	77.28
94	9.50	2.13	11.38	77.00
95	9.99	2.16	11.45	76.40
96	10.45	2.03	11.29	76.22
97	10.99	1.91	11.05	76.06
98	11.55	1.83	11.11	75.51
99	12.04	1.75	11.12	75.09
100	12.46	1.83	10.80	74.91




