Parameters
	Library type	Paired-end
	Input files	KU330797-16_C_L004_R1_007.fastq	KU330797-16_C_L004_R2_007.fastq
	Primer/Adaptor library	Paired End DNA Library
	Cut-off read length for HQ	70%
	Cut-off quality score	20
	Only statistics	On
	Number of CPUs	2


QC statistics
	File name	KU330797-16_C_L004_R1_007.fastq	KU330797-16_C_L004_R2_007.fastq
	Total number of reads	4000000	4000000
	Total number of HQ reads	3698326	3698326
	Percentage of HQ reads	92.46%	92.46%
	Total number of bases	400000000	400000000
	Total number of bases in HQ reads	369832600	369832600
	Total number of HQ bases in HQ reads	363720364	361929624
	Percentage of HQ bases in HQ reads	98.35%	97.86%
	Number of Primer/Adaptor contaminated HQ reads	5	12
	Total number of HQ filtered reads	3698309	3698309
	Percentage of HQ filtered reads	92.46%	92.46%


Detailed QC statistics
	File name	KU330797-16_C_L004_R1_007.fastq	KU330797-16_C_L004_R2_007.fastq
	Minimum read length	100	100
	Maximum read length	100	100
	Average read length	100.00	100.00
	Total number of reads	4000000	4000000
	Total number of reads with non-ATGC bases	31469	29304
	Percentage of reads with non-ATGC bases	0.79%	0.73%
	Total number of bases	400000000	400000000
	Total number of HQ bases	385638624	379177905
	Percentage of HQ bases	96.41%	94.79%
	Total number of non-ATGC bases	705147	254395
	Percentage of non-ATGC bases	0.18%	0.06%


Average quality score at each base position of input reads

KU330797-16_C_L004_R1_007.fastq
32.07	32.30	32.38	35.95	35.81	35.78	35.73	35.76	37.39	37.41	37.39	37.40	37.34	38.72	38.56	38.60	38.48	38.56	38.61	38.59	38.64	38.56	38.46	38.47	38.42	38.37	38.21	38.05	38.14	38.11	38.05	37.86	37.86	37.66	37.57	37.55	37.51	37.37	37.40	37.37	37.30	37.55	37.50	37.36	37.42	37.39	37.30	37.26	37.10	37.20	37.24	37.20	37.09	37.01	36.95	36.89	36.71	36.58	36.61	36.48	36.36	36.15	35.99	35.93	35.84	35.77	35.55	35.20	35.02	34.76	34.59	34.40	34.18	33.73	33.66	32.37	32.99	33.26	33.37	33.31	33.16	33.06	32.77	32.46	32.29	32.02	31.88	31.86	31.75	31.51	31.45	31.26	31.06	30.92	30.76	30.60	30.33	29.95	29.79	28.25	

KU330797-16_C_L004_R2_007.fastq
36.33	36.49	36.51	36.55	30.95	31.32	31.45	34.93	34.98	34.90	34.89	34.80	36.51	36.51	36.48	36.57	36.56	37.77	37.76	37.71	37.74	37.57	37.68	37.64	37.42	37.51	37.40	37.31	37.15	37.20	37.21	37.29	37.20	37.24	37.13	37.05	36.90	36.89	36.79	36.85	36.75	36.65	36.62	36.51	36.48	36.32	36.37	36.43	36.34	36.34	36.27	36.10	36.19	36.23	35.11	35.53	35.92	36.16	36.00	36.01	35.95	35.80	35.80	35.72	35.63	35.53	35.30	35.21	35.06	34.88	34.85	34.76	34.49	34.53	34.28	34.20	33.90	33.91	33.53	33.27	33.18	33.06	32.82	32.66	32.45	32.17	32.07	31.79	31.51	31.32	31.15	30.92	30.78	30.72	30.42	30.19	29.98	29.78	29.67	29.46	





Read count (%) per base for different quality score ranges

	KU330797-16_C_L004_R1_007.fastq
Ranges	0-10	11-20	21-30	31-40
Base
1	0.17	0.41	11.60	87.82
2	0.13	0.37	10.81	88.69
3	0.12	0.35	10.47	89.06
4	0.11	0.32	3.21	96.36
5	0.21	0.45	3.94	95.39
6	0.17	0.57	4.07	95.19
7	0.19	0.62	4.29	94.90
8	0.18	0.59	4.10	95.13
9	0.19	0.60	4.20	95.02
10	0.19	0.58	4.08	95.16
11	0.19	0.59	4.17	95.05
12	0.18	0.58	4.11	95.12
13	0.21	0.62	4.28	94.89
14	0.36	1.09	6.00	92.56
15	0.48	1.30	6.51	91.72
16	0.43	1.20	6.22	92.15
17	0.52	1.34	6.65	91.49
18	0.43	1.21	6.30	92.05
19	0.46	1.25	6.45	91.84
20	0.49	1.24	6.45	91.81
21	0.45	1.13	6.15	92.28
22	0.50	1.21	6.43	91.86
23	0.56	1.27	6.71	91.46
24	0.58	1.25	6.70	91.46
25	0.63	1.26	6.84	91.27
26	0.86	1.30	6.62	91.22
27	1.04	1.45	7.04	90.47
28	1.20	1.55	7.49	89.76
29	1.08	1.39	7.09	90.44
30	1.12	1.35	7.20	90.32
31	1.20	1.36	7.43	90.01
32	1.40	1.49	7.94	89.17
33	1.34	1.43	7.93	89.31
34	1.53	1.56	8.57	88.35
35	1.60	1.60	8.76	88.03
36	1.57	1.54	8.75	88.14
37	1.57	1.54	8.81	88.08
38	1.70	1.63	9.08	87.59
39	1.63	1.55	8.85	87.97
40	1.63	1.53	8.78	88.06
41	1.68	1.55	8.87	87.90
42	1.61	1.48	8.71	88.20
43	1.74	1.56	8.92	87.78
44	1.93	1.68	9.26	87.13
45	1.87	1.63	8.98	87.52
46	1.93	1.63	9.01	87.44
47	2.02	1.68	9.13	87.17
48	2.04	1.67	9.18	87.11
49	2.20	1.80	9.45	86.55
50	2.06	1.71	9.32	86.91
51	2.12	1.64	9.07	87.17
52	2.23	1.66	9.06	87.05
53	2.30	1.71	9.28	86.72
54	2.37	1.73	9.28	86.62
55	2.43	1.75	9.28	86.55
56	2.47	1.72	9.32	86.49
57	2.62	1.81	9.59	85.98
58	2.69	1.87	9.73	85.71
59	2.61	1.74	9.46	86.19
60	2.74	1.75	9.55	85.96
61	2.82	1.77	9.65	85.75
62	2.96	1.88	10.02	85.15
63	3.03	1.94	10.18	84.84
64	3.02	1.86	10.06	85.06
65	3.06	1.83	10.04	85.07
66	3.07	1.75	9.91	85.26
67	3.23	1.81	10.12	84.84
68	3.45	1.99	10.82	83.74
69	3.58	1.96	10.83	83.63
70	4.09	1.89	10.73	83.29
71	4.24	1.87	10.74	83.15
72	4.28	1.95	10.91	82.86
73	4.24	2.10	11.22	82.44
74	4.44	2.26	12.27	81.03
75	4.44	2.19	11.98	81.39
76	4.09	2.46	17.15	76.29
77	4.17	2.00	13.34	80.49
78	4.27	1.90	11.91	81.91
79	4.25	1.73	11.06	82.96
80	4.31	1.69	10.63	83.36
81	4.40	1.70	10.57	83.32
82	4.44	1.63	10.29	83.64
83	4.69	1.78	10.70	82.83
84	4.97	1.96	11.28	81.79
85	5.06	2.05	11.41	81.48
86	5.34	2.22	11.90	80.54
87	5.48	2.19	11.94	80.39
88	5.55	2.03	11.48	80.94
89	5.72	2.00	11.33	80.95
90	6.07	2.15	11.70	80.08
91	6.22	2.03	11.42	80.33
92	6.58	2.09	11.61	79.73
93	6.97	2.16	11.81	79.06
94	7.33	2.10	11.65	78.92
95	7.78	2.02	11.61	78.58
96	8.32	1.88	11.32	78.48
97	9.06	1.86	11.41	77.67
98	9.94	1.92	11.93	76.21
99	10.70	1.59	11.29	76.42
100	11.98	3.67	18.34	66.01


	KU330797-16_C_L004_R2_007.fastq
Ranges	0-10	11-20	21-30	31-40
Base
1	1.21	0.21	0.21	98.36
2	1.15	0.24	0.21	98.40
3	1.10	0.21	0.19	98.51
4	1.05	0.17	0.17	98.61
5	2.06	1.54	17.28	79.12
6	1.68	1.46	14.92	81.94
7	1.65	1.36	14.26	82.73
8	1.71	1.32	5.79	91.18
9	1.63	1.26	5.64	91.47
10	1.52	1.62	5.95	90.91
11	1.31	1.93	6.02	90.75
12	1.44	2.02	6.24	90.30
13	1.22	1.61	5.79	91.37
14	1.28	1.54	5.85	91.33
15	1.33	1.58	5.91	91.18
16	1.23	1.47	5.63	91.67
17	1.25	1.45	5.67	91.63
18	2.21	2.48	7.82	87.49
19	2.25	2.50	7.80	87.45
20	2.26	2.51	7.89	87.33
21	2.25	2.41	7.74	87.60
22	2.50	2.57	8.16	86.76
23	2.50	2.54	8.11	86.85
24	2.54	2.54	8.13	86.79
25	2.79	2.80	8.59	85.82
26	2.62	2.55	8.26	86.57
27	2.78	2.61	8.47	86.14
28	3.01	2.75	9.00	85.23
29	3.28	2.86	9.26	84.60
30	3.11	2.67	9.13	85.08
31	3.10	2.56	9.07	85.27
32	3.02	2.34	8.93	85.70
33	3.20	2.33	9.21	85.26
34	3.10	2.20	9.14	85.56
35	3.27	2.23	9.51	84.99
36	3.33	2.23	9.77	84.67
37	3.48	2.30	10.20	84.03
38	3.43	2.25	10.30	84.02
39	3.56	2.30	10.53	83.62
40	3.42	2.17	10.44	83.98
41	3.58	2.22	10.60	83.61
42	3.62	2.24	10.73	83.40
43	3.64	2.22	10.68	83.46
44	3.78	2.27	10.81	83.15
45	3.76	2.24	10.73	83.28
46	3.94	2.33	10.99	82.74
47	3.96	2.39	11.27	82.38
48	4.01	2.34	11.08	82.57
49	4.25	2.44	11.21	82.10
50	4.27	2.42	11.12	82.19
51	4.40	2.45	11.13	82.03
52	4.51	2.57	11.44	81.48
53	4.37	2.42	11.16	82.04
54	4.35	2.32	10.92	82.41
55	3.43	2.07	11.25	83.25
56	3.67	2.00	9.93	84.40
57	4.04	2.10	10.18	83.68
58	4.21	2.06	10.17	83.56
59	4.68	2.30	10.82	82.20
60	4.68	2.27	10.79	82.26
61	4.75	2.26	10.85	82.14
62	4.93	2.32	10.94	81.81
63	4.85	2.24	10.86	82.05
64	4.91	2.22	10.82	82.05
65	4.96	2.19	10.84	82.00
66	4.97	2.16	10.82	82.06
67	5.16	2.28	11.10	81.47
68	5.18	2.32	11.23	81.27
69	5.31	2.32	11.33	81.04
70	5.50	2.35	11.42	80.73
71	5.46	2.24	11.19	81.10
72	5.54	2.18	11.04	81.24
73	5.71	2.33	11.37	80.58
74	5.43	2.13	11.01	81.43
75	5.63	2.21	11.19	80.97
76	5.51	2.07	11.07	81.35
77	5.69	2.18	11.40	80.73
78	5.51	1.95	10.93	81.61
79	5.80	2.15	11.42	80.63
80	5.90	2.23	11.74	80.13
81	5.83	2.10	11.51	80.57
82	5.84	2.01	11.29	80.87
83	5.97	2.05	11.41	80.57
84	6.06	2.00	11.34	80.60
85	6.22	2.02	11.35	80.41
86	6.49	2.14	11.60	79.77
87	6.54	2.04	11.34	80.08
88	6.88	2.17	11.61	79.35
89	7.22	2.30	11.94	78.55
90	7.46	2.33	11.96	78.25
91	7.78	2.30	11.86	78.07
92	8.08	2.39	12.07	77.46
93	8.41	2.27	11.89	77.42
94	8.70	2.05	11.36	77.89
95	9.34	2.13	11.52	77.02
96	9.91	2.11	11.51	76.48
97	10.47	2.01	11.48	76.04
98	11.03	1.90	11.46	75.61
99	11.47	1.66	11.05	75.81
100	11.93	1.93	11.00	75.14




