Parameters
	Library type	Paired-end
	Input files	KU330797-16_C_L004_R1_016.fastq	KU330797-16_C_L004_R2_016.fastq
	Primer/Adaptor library	Paired End DNA Library
	Cut-off read length for HQ	70%
	Cut-off quality score	20
	Only statistics	On
	Number of CPUs	2


QC statistics
	File name	KU330797-16_C_L004_R1_016.fastq	KU330797-16_C_L004_R2_016.fastq
	Total number of reads	4000000	4000000
	Total number of HQ reads	3705182	3705182
	Percentage of HQ reads	92.63%	92.63%
	Total number of bases	400000000	400000000
	Total number of bases in HQ reads	370518200	370518200
	Total number of HQ bases in HQ reads	364817759	364013777
	Percentage of HQ bases in HQ reads	98.46%	98.24%
	Number of Primer/Adaptor contaminated HQ reads	3	10
	Total number of HQ filtered reads	3705169	3705169
	Percentage of HQ filtered reads	92.63%	92.63%


Detailed QC statistics
	File name	KU330797-16_C_L004_R1_016.fastq	KU330797-16_C_L004_R2_016.fastq
	Minimum read length	100	100
	Maximum read length	100	100
	Average read length	100.00	100.00
	Total number of reads	4000000	4000000
	Total number of reads with non-ATGC bases	25398	27345
	Percentage of reads with non-ATGC bases	0.63%	0.68%
	Total number of bases	400000000	400000000
	Total number of HQ bases	386122072	381202983
	Percentage of HQ bases	96.53%	95.30%
	Total number of non-ATGC bases	325715	276312
	Percentage of non-ATGC bases	0.08%	0.07%


Average quality score at each base position of input reads

KU330797-16_C_L004_R1_016.fastq
32.46	32.69	32.78	36.23	36.10	36.14	36.08	36.07	37.84	37.86	37.81	37.82	37.80	39.28	39.20	39.11	39.12	39.15	39.17	39.17	39.01	38.96	38.94	38.97	38.94	38.83	38.76	38.61	38.52	38.50	38.38	38.41	38.32	38.28	38.14	38.10	37.99	37.81	37.84	37.71	37.67	37.75	37.82	37.84	37.85	37.75	37.61	37.56	37.49	37.64	37.63	37.63	37.50	37.34	37.33	37.27	37.09	37.06	36.99	36.78	36.69	36.56	36.43	36.28	36.16	36.02	35.86	35.64	35.52	35.16	34.97	34.77	34.44	33.88	33.91	32.81	33.34	33.54	33.58	33.37	33.30	33.13	32.86	32.66	32.45	32.17	32.03	31.93	31.70	31.54	31.40	31.29	31.11	30.91	30.75	30.63	30.43	30.18	29.87	28.40	

KU330797-16_C_L004_R2_016.fastq
36.25	36.54	36.60	36.63	31.35	31.81	32.05	35.53	35.49	35.56	35.53	35.47	37.17	37.13	37.04	37.04	37.11	38.46	38.30	38.12	38.31	38.30	38.26	38.31	38.25	38.26	38.20	38.21	38.06	38.04	37.97	37.89	37.81	37.83	37.79	37.70	37.68	37.54	37.42	37.39	37.40	37.23	37.24	37.03	37.05	36.94	37.04	36.94	36.91	36.94	36.97	36.77	36.78	36.75	35.65	36.15	36.53	36.54	36.59	36.42	36.36	36.26	36.13	35.94	35.89	35.72	35.65	35.72	35.65	35.57	35.47	35.30	34.90	34.90	34.83	34.64	34.42	34.18	34.03	33.90	33.58	33.47	33.23	33.02	32.81	32.59	32.39	32.16	32.03	31.81	31.61	31.23	31.13	30.92	30.76	30.52	30.26	30.03	29.94	29.71	





Read count (%) per base for different quality score ranges

	KU330797-16_C_L004_R1_016.fastq
Ranges	0-10	11-20	21-30	31-40
Base
1	0.16	0.29	8.25	91.29
2	0.09	0.31	7.72	91.88
3	0.08	0.23	7.40	92.29
4	0.08	0.21	2.20	97.51
5	0.14	0.34	2.89	96.64
6	0.09	0.34	2.64	96.94
7	0.12	0.41	2.96	96.50
8	0.13	0.41	2.95	96.51
9	0.12	0.38	2.83	96.67
10	0.11	0.36	2.79	96.74
11	0.13	0.40	2.92	96.55
12	0.12	0.37	2.88	96.62
13	0.12	0.39	2.92	96.57
14	0.29	0.84	4.91	93.96
15	0.33	0.94	5.28	93.46
16	0.40	1.03	5.45	93.12
17	0.37	1.00	5.26	93.36
18	0.35	0.90	5.10	93.65
19	0.39	0.96	5.28	93.37
20	0.38	0.92	5.17	93.53
21	0.50	1.09	5.73	92.68
22	0.52	1.10	5.73	92.64
23	0.54	1.08	5.64	92.74
24	0.57	1.02	5.63	92.78
25	0.62	1.00	5.61	92.76
26	0.89	1.11	5.66	92.34
27	0.96	1.17	5.85	92.02
28	1.12	1.26	6.22	91.40
29	1.24	1.29	6.41	91.06
30	1.23	1.22	6.41	91.15
31	1.37	1.27	6.68	90.69
32	1.30	1.19	6.54	90.97
33	1.38	1.21	6.80	90.61
34	1.40	1.17	6.83	90.60
35	1.57	1.29	7.17	89.97
36	1.54	1.26	7.18	90.02
37	1.64	1.30	7.33	89.74
38	1.79	1.40	7.68	89.13
39	1.68	1.29	7.46	89.57
40	1.80	1.35	7.62	89.23
41	1.80	1.33	7.55	89.31
42	2.00	1.42	7.90	88.68
43	1.96	1.38	7.77	88.89
44	2.03	1.35	7.62	89.00
45	2.06	1.35	7.51	89.09
46	2.18	1.40	7.71	88.71
47	2.30	1.48	7.94	88.28
48	2.31	1.49	7.90	88.30
49	2.39	1.51	7.98	88.11
50	2.33	1.42	7.81	88.43
51	2.50	1.43	7.73	88.34
52	2.51	1.40	7.67	88.41
53	2.67	1.49	7.91	87.92
54	2.87	1.60	8.21	87.33
55	2.82	1.55	8.11	87.53
56	2.83	1.50	8.06	87.62
57	3.04	1.62	8.30	87.03
58	2.99	1.55	8.19	87.27
59	3.01	1.50	8.15	87.34
60	3.18	1.58	8.47	86.77
61	3.21	1.57	8.46	86.77
62	3.29	1.60	8.53	86.58
63	3.34	1.59	8.59	86.48
64	3.41	1.62	8.71	86.26
65	3.45	1.60	8.71	86.23
66	3.51	1.58	8.78	86.12
67	3.58	1.60	8.83	85.99
68	3.71	1.64	9.06	85.59
69	3.70	1.57	8.96	85.77
70	4.02	1.69	9.43	84.87
71	4.09	1.68	9.52	84.71
72	4.17	1.69	9.66	84.48
73	4.49	1.76	9.98	83.77
74	4.63	2.11	11.28	81.98
75	4.50	2.01	10.67	82.81
76	4.21	2.15	14.44	79.20
77	4.23	1.73	11.40	82.64
78	4.40	1.67	10.29	83.65
79	4.44	1.56	9.70	84.30
80	4.64	1.67	9.79	83.91
81	4.61	1.57	9.46	84.36
82	4.73	1.56	9.41	84.30
83	4.92	1.68	9.79	83.61
84	5.11	1.71	9.90	83.28
85	5.25	1.81	10.06	82.88
86	5.56	1.99	10.55	81.89
87	5.67	1.97	10.59	81.77
88	5.80	1.90	10.47	81.82
89	6.11	2.03	10.78	81.07
90	6.35	2.06	10.89	80.70
91	6.58	2.06	10.91	80.44
92	6.84	2.02	10.79	80.35
93	7.19	2.04	10.91	79.86
94	7.61	2.07	11.10	79.22
95	8.03	2.00	11.06	78.90
96	8.49	1.83	10.74	78.94
97	9.10	1.71	10.63	78.57
98	9.81	1.60	10.64	77.95
99	10.68	1.58	10.67	77.07
100	11.93	3.47	17.41	67.19


	KU330797-16_C_L004_R2_016.fastq
Ranges	0-10	11-20	21-30	31-40
Base
1	0.93	0.28	0.26	98.53
2	0.95	0.26	0.19	98.59
3	0.86	0.22	0.18	98.73
4	0.77	0.24	0.18	98.81
5	1.48	1.15	13.80	83.58
6	1.19	1.04	11.10	86.67
7	1.08	0.92	10.21	87.80
8	1.07	0.91	4.05	93.97
9	1.14	0.94	4.19	93.72
10	0.93	1.02	3.94	94.11
11	0.98	1.06	4.05	93.92
12	1.05	1.11	4.19	93.65
13	1.05	1.02	3.96	93.98
14	1.12	1.03	4.02	93.84
15	1.24	1.07	4.20	93.49
16	1.24	1.06	4.14	93.55
17	1.17	1.02	3.95	93.86
18	2.37	2.15	6.63	88.84
19	2.51	2.33	6.95	88.21
20	2.68	2.45	7.36	87.51
21	2.39	2.20	6.70	88.71
22	2.48	2.22	6.83	88.47
23	2.69	2.32	7.28	87.72
24	2.65	2.17	6.99	88.18
25	2.71	2.18	7.08	88.03
26	2.70	2.08	6.96	88.26
27	2.77	2.07	7.02	88.14
28	2.88	2.06	7.26	87.80
29	3.09	2.16	7.58	87.17
30	3.08	2.07	7.51	87.33
31	3.18	2.02	7.60	87.20
32	3.31	2.02	7.75	86.91
33	3.41	2.01	7.96	86.62
34	3.29	1.84	7.85	87.01
35	3.39	1.80	7.94	86.87
36	3.48	1.83	8.29	86.40
37	3.46	1.79	8.32	86.44
38	3.65	1.84	8.64	85.87
39	3.81	1.89	8.86	85.44
40	3.84	1.86	8.85	85.45
41	3.74	1.81	8.74	85.71
42	3.99	1.87	8.96	85.18
43	3.90	1.81	8.88	85.41
44	4.14	1.97	9.19	84.69
45	3.97	1.91	9.07	85.06
46	4.11	1.91	9.11	84.88
47	4.13	2.01	9.31	84.55
48	4.31	2.05	9.48	84.15
49	4.39	2.04	9.51	84.06
50	4.39	1.97	9.29	84.35
51	4.35	1.89	9.11	84.65
52	4.63	2.01	9.45	83.90
53	4.64	1.97	9.30	84.09
54	4.60	1.93	9.14	84.32
55	3.44	1.66	9.06	85.83
56	3.65	1.54	7.85	86.97
57	4.12	1.60	8.07	86.21
58	4.68	1.81	8.73	84.77
59	4.78	1.81	8.84	84.57
60	5.08	1.97	9.21	83.74
61	5.08	1.94	9.25	83.73
62	5.17	1.93	9.22	83.68
63	5.25	1.93	9.31	83.51
64	5.36	2.03	9.64	82.97
65	5.30	1.99	9.46	83.25
66	5.41	2.03	9.65	82.91
67	5.31	1.97	9.58	83.14
68	5.35	1.89	9.47	83.29
69	5.52	1.85	9.36	83.26
70	5.56	1.82	9.24	83.39
71	5.59	1.77	9.14	83.50
72	5.66	1.78	9.19	83.37
73	6.02	2.04	9.81	82.13
74	5.71	1.87	9.54	82.88
75	5.60	1.72	9.27	83.41
76	5.65	1.70	9.27	83.39
77	5.67	1.73	9.31	83.29
78	5.75	1.78	9.54	82.93
79	5.70	1.72	9.43	83.15
80	5.69	1.62	9.24	83.45
81	5.87	1.75	9.55	82.84
82	5.81	1.63	9.30	83.26
83	5.91	1.68	9.41	83.00
84	6.02	1.68	9.45	82.85
85	6.12	1.70	9.54	82.64
86	6.29	1.73	9.64	82.34
87	6.45	1.73	9.68	82.14
88	6.67	1.80	9.82	81.71
89	6.81	1.74	9.67	81.78
90	7.07	1.79	9.77	81.37
91	7.37	1.78	9.80	81.05
92	7.90	2.05	10.52	79.52
93	8.10	1.92	10.32	79.66
94	8.53	1.93	10.29	79.25
95	8.95	1.83	10.15	79.07
96	9.53	1.83	10.19	78.46
97	10.09	1.82	10.36	77.73
98	10.65	1.79	10.53	77.04
99	11.06	1.51	10.13	77.29
100	11.52	1.79	10.14	76.55




