Parameters
	Library type	Paired-end
	Input files	KU330797-16_C_L004_R1_017.fastq	KU330797-16_C_L004_R2_017.fastq
	Primer/Adaptor library	Paired End DNA Library
	Cut-off read length for HQ	70%
	Cut-off quality score	20
	Only statistics	On
	Number of CPUs	2


QC statistics
	File name	KU330797-16_C_L004_R1_017.fastq	KU330797-16_C_L004_R2_017.fastq
	Total number of reads	4000000	4000000
	Total number of HQ reads	3755628	3755628
	Percentage of HQ reads	93.89%	93.89%
	Total number of bases	400000000	400000000
	Total number of bases in HQ reads	375562800	375562800
	Total number of HQ bases in HQ reads	370383837	370645729
	Percentage of HQ bases in HQ reads	98.62%	98.69%
	Number of Primer/Adaptor contaminated HQ reads	5	13
	Total number of HQ filtered reads	3755610	3755610
	Percentage of HQ filtered reads	93.89%	93.89%


Detailed QC statistics
	File name	KU330797-16_C_L004_R1_017.fastq	KU330797-16_C_L004_R2_017.fastq
	Minimum read length	100	100
	Maximum read length	100	100
	Average read length	100.00	100.00
	Total number of reads	4000000	4000000
	Total number of reads with non-ATGC bases	22014	22944
	Percentage of reads with non-ATGC bases	0.55%	0.57%
	Total number of bases	400000000	400000000
	Total number of HQ bases	387782714	385396834
	Percentage of HQ bases	96.95%	96.35%
	Total number of non-ATGC bases	251327	267312
	Percentage of non-ATGC bases	0.06%	0.07%


Average quality score at each base position of input reads

KU330797-16_C_L004_R1_017.fastq
32.65	32.87	32.92	36.32	36.25	36.25	36.22	36.24	37.98	37.98	37.97	37.96	37.95	39.45	39.45	39.37	39.38	39.31	39.37	39.37	39.32	39.29	39.23	39.20	39.14	39.06	38.95	38.91	38.84	38.80	38.75	38.64	38.57	38.52	38.45	38.36	38.28	38.20	38.14	38.05	37.98	38.16	38.13	38.10	38.09	38.04	37.97	37.84	37.78	37.90	37.85	37.85	37.83	37.78	37.72	37.64	37.53	37.44	37.30	37.17	37.10	37.02	36.85	36.67	36.57	36.40	36.20	36.05	35.84	35.50	35.34	35.12	34.85	34.29	34.34	33.19	33.75	33.99	33.96	33.81	33.65	33.47	33.26	33.01	32.81	32.67	32.53	32.35	32.21	32.05	31.88	31.74	31.57	31.40	31.23	31.06	30.89	30.67	30.45	29.16	

KU330797-16_C_L004_R2_017.fastq
36.43	36.62	36.65	36.68	31.67	32.21	32.37	35.86	35.88	35.87	35.87	35.83	37.52	37.47	37.44	37.45	37.43	38.92	38.87	38.82	38.81	38.82	38.84	38.76	38.79	38.73	38.71	38.66	38.63	38.60	38.55	38.48	38.40	38.34	38.31	38.22	38.17	38.10	38.03	37.97	37.93	37.83	37.82	37.75	37.61	37.59	37.65	37.68	37.65	37.60	37.56	37.47	37.42	37.36	36.29	36.72	37.06	37.16	37.14	37.10	37.01	36.91	36.80	36.62	36.55	36.40	36.28	36.34	36.33	36.22	36.16	36.00	35.87	35.74	35.58	35.36	35.17	34.97	34.78	34.52	34.33	34.10	33.94	33.70	33.50	33.29	33.10	32.94	32.76	32.57	32.37	32.17	31.97	31.83	31.71	31.54	31.35	31.21	31.05	30.86	





Read count (%) per base for different quality score ranges

	KU330797-16_C_L004_R1_017.fastq
Ranges	0-10	11-20	21-30	31-40
Base
1	0.13	0.24	6.69	92.94
2	0.07	0.26	6.23	93.44
3	0.07	0.21	6.24	93.47
4	0.07	0.21	1.94	97.78
5	0.10	0.26	2.26	97.38
6	0.08	0.30	2.25	97.37
7	0.10	0.33	2.40	97.18
8	0.09	0.30	2.30	97.31
9	0.10	0.33	2.46	97.10
10	0.10	0.32	2.42	97.16
11	0.11	0.33	2.43	97.14
12	0.11	0.34	2.47	97.08
13	0.11	0.32	2.48	97.09
14	0.28	0.80	4.61	94.31
15	0.28	0.78	4.58	94.35
16	0.33	0.87	4.79	94.01
17	0.33	0.85	4.68	94.14
18	0.38	0.92	4.94	93.75
19	0.37	0.87	4.87	93.88
20	0.37	0.85	4.78	93.99
21	0.41	0.88	4.88	93.83
22	0.44	0.88	4.94	93.74
23	0.48	0.92	5.01	93.58
24	0.54	0.95	5.16	93.35
25	0.60	0.96	5.28	93.16
26	0.83	1.02	5.28	92.87
27	0.96	1.12	5.48	92.44
28	0.99	1.09	5.51	92.41
29	1.09	1.11	5.69	92.10
30	1.11	1.07	5.73	92.08
31	1.17	1.05	5.78	91.99
32	1.27	1.09	6.07	91.56
33	1.31	1.09	6.22	91.38
34	1.36	1.09	6.30	91.25
35	1.40	1.10	6.44	91.05
36	1.46	1.14	6.55	90.84
37	1.53	1.14	6.63	90.69
38	1.57	1.17	6.70	90.56
39	1.61	1.16	6.67	90.57
40	1.66	1.19	6.77	90.38
41	1.71	1.19	6.83	90.27
42	1.73	1.19	6.89	90.19
43	1.86	1.24	7.01	89.90
44	1.95	1.25	7.03	89.77
45	1.99	1.28	6.95	89.79
46	2.04	1.28	7.03	89.65
47	2.11	1.29	7.04	89.56
48	2.20	1.36	7.28	89.16
49	2.25	1.37	7.31	89.06
50	2.23	1.31	7.15	89.32
51	2.40	1.35	7.22	89.03
52	2.45	1.35	7.16	89.05
53	2.50	1.34	7.08	89.08
54	2.55	1.31	7.09	89.04
55	2.62	1.32	7.13	88.93
56	2.66	1.32	7.12	88.90
57	2.74	1.35	7.20	88.71
58	2.79	1.34	7.20	88.67
59	2.87	1.35	7.42	88.36
60	2.94	1.38	7.51	88.17
61	2.95	1.35	7.43	88.27
62	2.98	1.30	7.34	88.37
63	3.08	1.36	7.47	88.08
64	3.17	1.41	7.67	87.75
65	3.16	1.38	7.69	87.78
66	3.26	1.38	7.77	87.60
67	3.33	1.42	7.95	87.30
68	3.38	1.40	7.96	87.26
69	3.47	1.41	8.08	87.04
70	3.72	1.55	8.49	86.24
71	3.75	1.52	8.57	86.17
72	3.86	1.55	8.75	85.84
73	4.08	1.56	8.90	85.46
74	4.27	1.81	10.09	83.82
75	4.04	1.82	9.38	84.76
76	3.76	1.94	13.06	81.24
77	3.82	1.52	10.03	84.63
78	3.90	1.40	8.91	85.79
79	4.03	1.39	8.52	86.06
80	4.14	1.42	8.41	86.03
81	4.21	1.41	8.36	86.02
82	4.29	1.43	8.32	85.96
83	4.42	1.46	8.55	85.57
84	4.63	1.57	8.76	85.04
85	4.74	1.63	8.93	84.70
86	4.85	1.61	8.96	84.58
87	4.99	1.61	8.96	84.43
88	5.19	1.67	9.12	84.03
89	5.37	1.69	9.16	83.79
90	5.58	1.71	9.25	83.46
91	5.84	1.74	9.41	83.01
92	6.11	1.76	9.45	82.68
93	6.45	1.78	9.59	82.19
94	6.78	1.78	9.68	81.76
95	7.19	1.75	9.78	81.28
96	7.63	1.68	9.77	80.91
97	8.14	1.57	9.66	80.63
98	8.74	1.48	9.69	80.09
99	9.41	1.39	9.62	79.58
100	10.38	2.87	15.69	71.05


	KU330797-16_C_L004_R2_017.fastq
Ranges	0-10	11-20	21-30	31-40
Base
1	0.86	0.29	0.23	98.63
2	0.88	0.25	0.19	98.68
3	0.83	0.21	0.15	98.81
4	0.71	0.25	0.14	98.91
5	1.05	0.87	11.46	86.63
6	0.80	0.68	8.51	90.00
7	0.83	0.66	8.06	90.46
8	0.76	0.64	3.00	95.60
9	0.74	0.63	2.96	95.66
10	0.69	0.72	3.04	95.54
11	0.71	0.71	3.04	95.54
12	0.76	0.73	3.09	95.41
13	0.83	0.72	3.09	95.35
14	0.91	0.74	3.15	95.21
15	0.98	0.75	3.19	95.09
16	0.97	0.73	3.11	95.18
17	0.97	0.76	3.15	95.12
18	2.09	1.76	5.63	90.52
19	2.15	1.78	5.75	90.31
20	2.19	1.74	5.82	90.25
21	2.14	1.78	5.79	90.29
22	2.15	1.74	5.72	90.38
23	2.25	1.70	5.96	90.09
24	2.37	1.74	6.08	89.81
25	2.31	1.67	5.87	90.15
26	2.40	1.64	6.01	89.95
27	2.41	1.61	5.97	90.01
28	2.61	1.71	6.34	89.34
29	2.63	1.64	6.36	89.37
30	2.65	1.59	6.33	89.43
31	2.72	1.56	6.36	89.37
32	2.78	1.53	6.52	89.16
33	2.87	1.52	6.65	88.96
34	2.90	1.51	6.76	88.82
35	2.96	1.47	6.86	88.71
36	3.03	1.49	7.10	88.37
37	3.05	1.48	7.22	88.25
38	3.12	1.46	7.31	88.11
39	3.22	1.47	7.39	87.92
40	3.29	1.47	7.44	87.80
41	3.32	1.47	7.44	87.76
42	3.44	1.48	7.59	87.49
43	3.43	1.48	7.52	87.58
44	3.44	1.50	7.54	87.52
45	3.50	1.58	7.77	87.15
46	3.51	1.53	7.67	87.29
47	3.59	1.65	7.96	86.79
48	3.62	1.61	7.79	86.97
49	3.72	1.56	7.85	86.88
50	3.80	1.57	7.81	86.82
51	3.83	1.56	7.77	86.84
52	3.92	1.60	7.88	86.61
53	4.00	1.57	7.86	86.57
54	4.00	1.60	7.84	86.55
55	2.92	1.33	7.38	88.36
56	3.07	1.25	6.63	89.05
57	3.54	1.34	6.93	88.18
58	4.01	1.49	7.44	87.07
59	4.20	1.58	7.79	86.44
60	4.26	1.58	7.78	86.37
61	4.34	1.60	7.89	86.17
62	4.39	1.60	7.90	86.11
63	4.47	1.60	8.00	85.93
64	4.56	1.68	8.21	85.55
65	4.49	1.65	8.18	85.68
66	4.57	1.67	8.30	85.46
67	4.50	1.71	8.36	85.43
68	4.51	1.63	8.23	85.62
69	4.59	1.53	7.98	85.90
70	4.68	1.54	7.96	85.82
71	4.63	1.46	7.77	86.15
72	4.65	1.45	7.78	86.11
73	4.63	1.42	7.72	86.23
74	4.60	1.39	7.61	86.41
75	4.59	1.35	7.58	86.48
76	4.62	1.38	7.69	86.32
77	4.58	1.36	7.73	86.33
78	4.60	1.35	7.74	86.31
79	4.60	1.35	7.73	86.32
80	4.67	1.39	7.88	86.07
81	4.66	1.38	7.90	86.05
82	4.72	1.40	7.94	85.93
83	4.72	1.37	7.84	86.07
84	4.85	1.41	7.96	85.78
85	4.90	1.43	8.04	85.63
86	5.02	1.43	8.11	85.44
87	5.12	1.45	8.17	85.27
88	5.23	1.44	8.12	85.21
89	5.38	1.45	8.13	85.03
90	5.58	1.47	8.24	84.71
91	5.79	1.54	8.37	84.30
92	6.01	1.57	8.61	83.81
93	6.31	1.61	8.74	83.33
94	6.56	1.60	8.69	83.15
95	6.83	1.50	8.57	83.10
96	7.21	1.47	8.56	82.76
97	7.61	1.46	8.60	82.32
98	7.98	1.33	8.56	82.13
99	8.37	1.27	8.58	81.77
100	8.74	1.44	8.66	81.16




