Parameters
	Library type	Paired-end
	Input files	KU330797-16_C_L004_R1_035.fastq	KU330797-16_C_L004_R2_035.fastq
	Primer/Adaptor library	Paired End DNA Library
	Cut-off read length for HQ	70%
	Cut-off quality score	20
	Only statistics	On
	Number of CPUs	2


QC statistics
	File name	KU330797-16_C_L004_R1_035.fastq	KU330797-16_C_L004_R2_035.fastq
	Total number of reads	4000000	4000000
	Total number of HQ reads	3772965	3772965
	Percentage of HQ reads	94.32%	94.32%
	Total number of bases	400000000	400000000
	Total number of bases in HQ reads	377296500	377296500
	Total number of HQ bases in HQ reads	372464412	372172508
	Percentage of HQ bases in HQ reads	98.72%	98.64%
	Number of Primer/Adaptor contaminated HQ reads	4	11
	Total number of HQ filtered reads	3772950	3772950
	Percentage of HQ filtered reads	94.32%	94.32%


Detailed QC statistics
	File name	KU330797-16_C_L004_R1_035.fastq	KU330797-16_C_L004_R2_035.fastq
	Minimum read length	100	100
	Maximum read length	100	100
	Average read length	100.00	100.00
	Total number of reads	4000000	4000000
	Total number of reads with non-ATGC bases	12946	9910
	Percentage of reads with non-ATGC bases	0.32%	0.25%
	Total number of bases	400000000	400000000
	Total number of HQ bases	388623840	385700729
	Percentage of HQ bases	97.16%	96.43%
	Total number of non-ATGC bases	245948	305436
	Percentage of non-ATGC bases	0.06%	0.08%


Average quality score at each base position of input reads

KU330797-16_C_L004_R1_035.fastq
32.48	32.72	32.79	36.24	36.16	36.14	36.15	36.14	37.87	37.87	37.83	37.83	37.81	39.30	39.24	39.23	39.22	39.21	39.26	39.22	39.20	39.14	39.07	39.04	39.04	38.95	38.89	38.83	38.76	38.69	38.64	38.56	38.53	38.45	38.37	38.30	38.18	38.14	38.05	37.99	37.90	38.11	38.09	38.09	38.07	38.03	37.94	37.88	37.84	37.84	37.89	37.87	37.83	37.80	37.73	37.62	37.52	37.38	37.32	37.22	37.10	36.98	36.89	36.74	36.60	36.42	36.29	36.08	35.90	35.65	35.51	35.31	35.09	34.89	34.70	33.85	34.14	34.22	34.12	33.97	33.76	33.58	33.38	33.22	33.03	32.87	32.69	32.54	32.35	32.22	32.10	31.95	31.81	31.65	31.51	31.38	31.19	30.95	30.71	29.28	

KU330797-16_C_L004_R2_035.fastq
36.69	36.73	36.77	36.80	31.12	31.72	32.06	35.69	35.71	35.75	35.75	35.72	37.40	37.38	37.33	37.30	37.27	38.74	38.68	38.68	38.66	38.64	38.70	38.61	38.56	38.57	38.51	38.52	38.48	38.43	38.40	38.34	38.31	38.27	38.18	38.10	38.06	38.01	37.96	37.88	37.85	37.78	37.76	37.73	37.66	37.57	37.65	37.64	37.64	37.61	37.55	37.48	37.44	37.37	36.45	36.80	37.06	37.13	37.09	37.03	36.94	36.86	36.79	36.64	36.55	36.39	36.26	36.35	36.30	36.23	36.09	35.92	35.80	35.67	35.50	35.33	35.15	34.97	34.78	34.58	34.36	34.15	33.93	33.72	33.49	33.33	33.15	32.95	32.79	32.59	32.44	32.27	32.10	31.95	31.79	31.65	31.49	31.33	31.19	31.01	





Read count (%) per base for different quality score ranges

	KU330797-16_C_L004_R1_035.fastq
Ranges	0-10	11-20	21-30	31-40
Base
1	0.15	0.31	7.84	91.70
2	0.08	0.32	7.27	92.33
3	0.08	0.26	7.17	92.49
4	0.08	0.24	2.15	97.53
5	0.11	0.31	2.60	96.98
6	0.10	0.37	2.66	96.87
7	0.10	0.36	2.65	96.89
8	0.11	0.36	2.67	96.87
9	0.11	0.37	2.74	96.78
10	0.11	0.37	2.72	96.80
11	0.13	0.39	2.87	96.61
12	0.12	0.39	2.83	96.66
13	0.13	0.39	2.89	96.58
14	0.30	0.86	4.93	93.91
15	0.35	0.92	5.08	93.66
16	0.34	0.93	5.02	93.71
17	0.33	0.90	5.07	93.70
18	0.34	0.89	5.01	93.77
19	0.37	0.92	5.08	93.64
20	0.39	0.92	5.13	93.57
21	0.40	0.92	5.13	93.55
22	0.44	0.94	5.25	93.37
23	0.50	0.98	5.38	93.15
24	0.54	1.03	5.56	92.87
25	0.56	0.98	5.44	93.02
26	0.80	1.07	5.48	92.65
27	0.87	1.12	5.62	92.39
28	0.95	1.10	5.69	92.26
29	1.02	1.12	5.85	92.01
30	1.10	1.12	6.03	91.76
31	1.12	1.11	6.10	91.68
32	1.20	1.13	6.30	91.37
33	1.21	1.09	6.36	91.34
34	1.28	1.11	6.48	91.12
35	1.34	1.15	6.64	90.87
36	1.39	1.17	6.76	90.67
37	1.47	1.22	6.97	90.33
38	1.46	1.19	6.91	90.44
39	1.55	1.21	7.00	90.25
40	1.57	1.21	7.00	90.23
41	1.64	1.25	7.10	90.00
42	1.66	1.25	7.21	89.88
43	1.79	1.27	7.35	89.59
44	1.83	1.28	7.26	89.62
45	1.90	1.31	7.26	89.53
46	1.94	1.32	7.31	89.43
47	2.02	1.35	7.40	89.22
48	2.08	1.36	7.47	89.09
49	2.10	1.36	7.42	89.11
50	2.16	1.36	7.47	89.01
51	2.17	1.36	7.33	89.14
52	2.26	1.34	7.31	89.09
53	2.33	1.34	7.30	89.04
54	2.39	1.31	7.18	89.12
55	2.44	1.33	7.26	88.97
56	2.49	1.35	7.34	88.82
57	2.56	1.36	7.41	88.68
58	2.64	1.41	7.56	88.39
59	2.64	1.37	7.55	88.44
60	2.70	1.37	7.58	88.35
61	2.76	1.38	7.60	88.26
62	2.79	1.38	7.65	88.18
63	2.81	1.35	7.62	88.21
64	2.86	1.39	7.69	88.05
65	2.91	1.39	7.77	87.93
66	2.98	1.42	7.96	87.64
67	3.00	1.41	7.97	87.62
68	3.10	1.45	8.19	87.26
69	3.14	1.46	8.28	87.13
70	3.44	1.45	8.31	86.80
71	3.42	1.45	8.29	86.84
72	3.49	1.46	8.42	86.63
73	3.55	1.46	8.59	86.40
74	3.55	1.48	8.72	86.25
75	3.60	1.50	8.79	86.11
76	3.35	1.53	11.04	84.08
77	3.39	1.34	9.22	86.05
78	3.51	1.31	8.56	86.62
79	3.61	1.34	8.42	86.63
80	3.67	1.35	8.31	86.67
81	3.79	1.38	8.43	86.39
82	3.86	1.42	8.48	86.24
83	3.95	1.46	8.65	85.94
84	4.04	1.46	8.65	85.84
85	4.18	1.50	8.80	85.51
86	4.32	1.52	8.83	85.33
87	4.49	1.58	9.02	84.91
88	4.63	1.61	9.11	84.65
89	4.83	1.69	9.32	84.15
90	5.01	1.70	9.40	83.89
91	5.21	1.67	9.38	83.74
92	5.45	1.70	9.47	83.38
93	5.72	1.69	9.49	83.09
94	6.06	1.71	9.58	82.65
95	6.42	1.67	9.60	82.32
96	6.81	1.55	9.38	82.25
97	7.35	1.48	9.42	81.75
98	7.95	1.43	9.58	81.04
99	8.64	1.36	9.56	80.44
100	9.67	3.04	16.54	70.75


	KU330797-16_C_L004_R2_035.fastq
Ranges	0-10	11-20	21-30	31-40
Base
1	0.55	0.30	0.22	98.92
2	0.59	0.27	0.18	98.96
3	0.48	0.22	0.15	99.15
4	0.41	0.17	0.14	99.28
5	1.29	1.28	15.43	82.00
6	0.92	1.06	11.04	86.97
7	0.89	0.83	9.93	88.36
8	0.86	0.74	3.56	94.85
9	0.86	0.72	3.54	94.88
10	0.74	0.82	3.42	95.02
11	0.75	0.80	3.46	95.00
12	0.81	0.82	3.52	94.86
13	0.85	0.80	3.43	94.92
14	0.88	0.81	3.48	94.83
15	0.96	0.81	3.52	94.71
16	0.96	0.87	3.60	94.56
17	1.00	0.86	3.71	94.43
18	2.03	1.78	6.05	90.14
19	2.12	1.81	6.25	89.82
20	2.11	1.82	6.12	89.95
21	2.03	1.90	6.17	89.91
22	2.06	1.87	6.18	89.89
23	2.11	1.77	6.31	89.81
24	2.22	1.83	6.53	89.42
25	2.27	1.84	6.53	89.36
26	2.25	1.78	6.44	89.53
27	2.33	1.79	6.54	89.34
28	2.45	1.79	6.78	88.98
29	2.48	1.77	6.85	88.90
30	2.52	1.74	6.92	88.82
31	2.56	1.69	6.88	88.86
32	2.62	1.65	7.01	88.72
33	2.65	1.61	7.08	88.66
34	2.69	1.55	7.15	88.61
35	2.80	1.60	7.41	88.19
36	2.87	1.60	7.62	87.91
37	2.89	1.58	7.73	87.80
38	2.93	1.57	7.83	87.68
39	3.06	1.56	7.86	87.51
40	3.12	1.58	7.99	87.30
41	3.15	1.57	8.03	87.25
42	3.21	1.60	8.10	87.09
43	3.21	1.57	8.04	87.18
44	3.18	1.58	8.01	87.23
45	3.23	1.57	8.03	87.18
46	3.26	1.61	8.12	87.01
47	3.32	1.70	8.40	86.58
48	3.43	1.68	8.42	86.47
49	3.49	1.65	8.35	86.51
50	3.52	1.64	8.27	86.57
51	3.62	1.65	8.28	86.45
52	3.66	1.67	8.40	86.26
53	3.73	1.65	8.36	86.25
54	3.76	1.71	8.33	86.21
55	2.73	1.38	7.64	88.25
56	2.99	1.35	7.11	88.54
57	3.45	1.52	7.64	87.39
58	3.78	1.64	8.07	86.51
59	3.99	1.70	8.36	85.95
60	4.06	1.74	8.45	85.74
61	4.13	1.80	8.54	85.53
62	4.17	1.74	8.52	85.58
63	4.18	1.73	8.53	85.57
64	4.26	1.75	8.65	85.34
65	4.23	1.77	8.67	85.33
66	4.30	1.83	8.78	85.08
67	4.28	1.82	8.93	84.97
68	4.23	1.69	8.71	85.37
69	4.29	1.63	8.50	85.57
70	4.34	1.57	8.33	85.76
71	4.36	1.58	8.34	85.72
72	4.41	1.58	8.35	85.66
73	4.37	1.55	8.28	85.80
74	4.34	1.50	8.20	85.96
75	4.35	1.50	8.22	85.93
76	4.32	1.47	8.21	86.00
77	4.32	1.45	8.21	86.01
78	4.31	1.43	8.15	86.11
79	4.32	1.41	8.13	86.13
80	4.34	1.41	8.12	86.12
81	4.38	1.42	8.23	85.97
82	4.45	1.42	8.25	85.88
83	4.50	1.46	8.31	85.73
84	4.56	1.48	8.38	85.58
85	4.67	1.52	8.54	85.27
86	4.73	1.49	8.47	85.30
87	4.85	1.50	8.46	85.18
88	4.99	1.54	8.57	84.90
89	5.13	1.53	8.53	84.81
90	5.32	1.57	8.67	84.44
91	5.48	1.57	8.67	84.28
92	5.71	1.58	8.73	83.98
93	5.96	1.61	8.76	83.68
94	6.21	1.57	8.75	83.47
95	6.52	1.54	8.73	83.20
96	6.87	1.47	8.64	83.02
97	7.24	1.41	8.62	82.72
98	7.63	1.36	8.60	82.41
99	7.98	1.28	8.62	82.12
100	8.32	1.44	8.66	81.58




