Parameters
	Library type	Paired-end
	Input files	KU330797-16_C_L004_R1_022.fastq	KU330797-16_C_L004_R2_022.fastq
	Primer/Adaptor library	Paired End DNA Library
	Cut-off read length for HQ	70%
	Cut-off quality score	20
	Only statistics	On
	Number of CPUs	2


QC statistics
	File name	KU330797-16_C_L004_R1_022.fastq	KU330797-16_C_L004_R2_022.fastq
	Total number of reads	4000000	4000000
	Total number of HQ reads	3749508	3749508
	Percentage of HQ reads	93.74%	93.74%
	Total number of bases	400000000	400000000
	Total number of bases in HQ reads	374950800	374950800
	Total number of HQ bases in HQ reads	368905483	368722139
	Percentage of HQ bases in HQ reads	98.39%	98.34%
	Number of Primer/Adaptor contaminated HQ reads	6	12
	Total number of HQ filtered reads	3749490	3749490
	Percentage of HQ filtered reads	93.74%	93.74%


Detailed QC statistics
	File name	KU330797-16_C_L004_R1_022.fastq	KU330797-16_C_L004_R2_022.fastq
	Minimum read length	100	100
	Maximum read length	100	100
	Average read length	100.00	100.00
	Total number of reads	4000000	4000000
	Total number of reads with non-ATGC bases	10396	9020
	Percentage of reads with non-ATGC bases	0.26%	0.23%
	Total number of bases	400000000	400000000
	Total number of HQ bases	386604575	383377964
	Percentage of HQ bases	96.65%	95.84%
	Total number of non-ATGC bases	53270	109056
	Percentage of non-ATGC bases	0.01%	0.03%


Average quality score at each base position of input reads

KU330797-16_C_L004_R1_022.fastq
32.21	32.40	32.49	36.05	35.94	35.91	35.91	35.90	37.46	37.54	37.57	37.53	37.53	38.94	38.90	38.84	38.82	38.76	38.85	38.79	38.78	38.76	38.76	38.72	38.62	38.56	38.49	38.41	38.38	38.28	38.22	38.19	38.10	38.02	37.91	37.82	37.72	37.72	37.57	37.57	37.50	37.72	37.72	37.76	37.71	37.67	37.60	37.52	37.36	37.39	37.46	37.45	37.38	37.29	37.24	37.16	37.07	36.99	36.94	36.73	36.68	36.44	36.36	36.09	35.93	35.83	35.70	35.54	35.35	35.11	34.86	34.70	34.45	33.93	33.94	32.79	33.37	33.59	33.55	33.35	33.26	33.11	32.91	32.75	32.53	32.38	32.21	32.07	31.88	31.73	31.52	31.34	31.21	31.04	30.88	30.71	30.54	30.30	30.09	28.57	

KU330797-16_C_L004_R2_022.fastq
36.44	36.69	36.76	36.79	31.02	31.57	31.80	35.39	35.40	35.41	35.41	35.42	36.97	36.92	36.92	36.94	36.85	38.24	38.23	38.14	38.15	38.12	38.14	38.16	38.11	38.09	38.06	38.04	37.97	37.95	37.86	37.80	37.78	37.78	37.69	37.65	37.58	37.53	37.47	37.35	37.31	37.25	37.23	37.17	37.06	36.98	37.11	37.04	37.12	37.16	36.98	36.90	36.86	36.82	35.70	36.15	36.52	36.64	36.69	36.64	36.58	36.48	36.25	36.21	36.08	35.99	35.83	35.89	35.83	35.69	35.62	35.49	35.31	35.13	35.00	34.73	34.60	34.44	34.26	34.04	33.83	33.60	33.39	33.21	32.96	32.81	32.62	32.47	32.26	32.14	31.93	31.77	31.63	31.40	31.23	31.04	30.92	30.73	30.56	30.42	





Read count (%) per base for different quality score ranges

	KU330797-16_C_L004_R1_022.fastq
Ranges	0-10	11-20	21-30	31-40
Base
1	0.13	0.34	10.27	89.26
2	0.16	0.36	9.73	89.75
3	0.13	0.39	9.49	90.00
4	0.10	0.31	2.82	96.77
5	0.17	0.41	3.47	95.95
6	0.16	0.51	3.56	95.77
7	0.15	0.50	3.55	95.80
8	0.16	0.51	3.58	95.75
9	0.21	0.62	4.04	95.13
10	0.17	0.54	3.72	95.58
11	0.15	0.50	3.60	95.75
12	0.18	0.53	3.75	95.54
13	0.17	0.52	3.74	95.56
14	0.34	1.01	5.61	93.03
15	0.37	1.07	5.78	92.78
16	0.41	1.14	5.93	92.52
17	0.42	1.11	5.91	92.56
18	0.46	1.20	6.06	92.28
19	0.43	1.13	5.95	92.50
20	0.48	1.18	6.13	92.21
21	0.48	1.14	6.03	92.35
22	0.50	1.14	6.02	92.34
23	0.49	1.10	5.92	92.49
24	0.54	1.14	6.20	92.12
25	0.62	1.21	6.43	91.74
26	0.86	1.27	6.32	91.56
27	0.95	1.32	6.43	91.30
28	1.01	1.33	6.58	91.08
29	1.05	1.29	6.61	91.04
30	1.16	1.33	6.96	90.55
31	1.20	1.30	7.03	90.46
32	1.22	1.28	7.12	90.38
33	1.29	1.33	7.41	89.97
34	1.35	1.33	7.60	89.71
35	1.41	1.41	7.87	89.31
36	1.49	1.44	8.03	89.04
37	1.55	1.46	8.21	88.79
38	1.47	1.38	8.01	89.15
39	1.62	1.48	8.31	88.59
40	1.56	1.43	8.13	88.88
41	1.60	1.44	8.18	88.79
42	1.58	1.42	8.24	88.77
43	1.75	1.46	8.33	88.46
44	1.71	1.44	8.23	88.62
45	1.82	1.49	8.30	88.40
46	1.86	1.49	8.31	88.34
47	1.95	1.51	8.34	88.21
48	2.01	1.55	8.50	87.94
49	2.18	1.67	8.78	87.37
50	2.11	1.62	8.75	87.52
51	2.14	1.55	8.45	87.87
52	2.20	1.54	8.37	87.89
53	2.27	1.55	8.43	87.75
54	2.34	1.57	8.51	87.58
55	2.39	1.57	8.50	87.54
56	2.44	1.55	8.49	87.52
57	2.50	1.58	8.59	87.32
58	2.55	1.57	8.56	87.31
59	2.57	1.52	8.51	87.40
60	2.72	1.59	8.82	86.87
61	2.72	1.56	8.66	87.07
62	2.91	1.67	9.05	86.37
63	2.92	1.63	8.99	86.45
64	3.16	1.78	9.40	85.67
65	3.21	1.80	9.59	85.40
66	3.21	1.75	9.55	85.50
67	3.27	1.72	9.55	85.46
68	3.35	1.74	9.63	85.28
69	3.41	1.75	9.80	85.03
70	3.56	1.79	10.04	84.61
71	3.71	1.88	10.34	84.07
72	3.73	1.85	10.41	84.01
73	3.91	1.86	10.59	83.63
74	4.14	2.10	11.73	82.03
75	3.98	2.10	11.16	82.76
76	3.76	2.32	15.38	78.55
77	3.73	1.82	12.15	82.29
78	3.87	1.70	10.87	83.57
79	4.01	1.70	10.49	83.81
80	4.21	1.79	10.57	83.44
81	4.20	1.74	10.36	83.71
82	4.29	1.73	10.28	83.71
83	4.44	1.77	10.36	83.43
84	4.55	1.76	10.39	83.31
85	4.74	1.87	10.60	82.79
86	4.88	1.87	10.68	82.57
87	5.08	1.89	10.70	82.33
88	5.27	1.92	10.70	82.12
89	5.54	1.99	10.85	81.63
90	5.76	2.00	10.92	81.31
91	6.10	2.07	11.15	80.68
92	6.44	2.14	11.30	80.12
93	6.74	2.09	11.26	79.92
94	7.14	2.07	11.27	79.53
95	7.57	2.00	11.23	79.20
96	8.07	1.91	11.09	78.94
97	8.63	1.75	10.90	78.71
98	9.31	1.67	11.01	78.01
99	10.05	1.51	10.68	77.76
100	11.24	3.46	17.83	67.47


	KU330797-16_C_L004_R2_022.fastq
Ranges	0-10	11-20	21-30	31-40
Base
1	0.59	0.23	0.25	98.94
2	0.54	0.24	0.22	99.00
3	0.43	0.19	0.18	99.19
4	0.40	0.14	0.17	99.29
5	1.56	1.41	16.73	80.30
6	1.13	1.13	12.91	84.83
7	1.14	1.01	11.92	85.92
8	1.06	1.01	4.59	93.34
9	1.05	0.99	4.61	93.34
10	0.91	1.15	4.59	93.34
11	0.93	1.12	4.59	93.37
12	0.93	1.11	4.54	93.42
13	1.02	1.13	4.61	93.24
14	1.09	1.15	4.72	93.04
15	1.12	1.13	4.69	93.06
16	1.11	1.10	4.56	93.23
17	1.18	1.20	4.84	92.78
18	2.01	2.17	6.93	88.88
19	2.03	2.16	6.90	88.91
20	2.15	2.21	7.15	88.49
21	2.04	2.22	7.07	88.67
22	2.09	2.18	7.12	88.62
23	2.17	2.22	7.38	88.23
24	2.16	2.12	7.22	88.50
25	2.24	2.12	7.34	88.30
26	2.26	2.11	7.35	88.28
27	2.31	2.05	7.37	88.27
28	2.42	2.12	7.67	87.79
29	2.50	2.12	7.79	87.59
30	2.51	2.06	7.78	87.65
31	2.64	2.04	7.98	87.34
32	2.68	2.01	8.07	87.24
33	2.71	1.93	8.14	87.22
34	2.71	1.85	8.15	87.29
35	2.84	1.85	8.44	86.87
36	2.82	1.82	8.60	86.76
37	2.90	1.83	8.79	86.47
38	2.94	1.81	8.89	86.36
39	3.03	1.83	9.04	86.10
40	3.13	1.91	9.26	85.71
41	3.15	1.86	9.30	85.69
42	3.20	1.88	9.35	85.57
43	3.21	1.85	9.30	85.64
44	3.25	1.85	9.36	85.54
45	3.34	1.93	9.44	85.29
46	3.38	1.95	9.55	85.11
47	3.34	2.01	9.68	84.97
48	3.49	2.06	9.83	84.63
49	3.46	1.95	9.62	84.97
50	3.46	1.87	9.37	85.31
51	3.71	2.01	9.71	84.58
52	3.75	2.02	9.80	84.44
53	3.82	2.01	9.73	84.44
54	3.81	2.03	9.72	84.44
55	2.92	1.78	9.75	85.54
56	3.11	1.69	8.62	86.59
57	3.48	1.77	8.93	85.81
58	3.86	1.88	9.33	84.93
59	3.96	1.94	9.47	84.63
60	4.07	1.97	9.51	84.45
61	4.14	1.95	9.60	84.30
62	4.22	1.97	9.59	84.22
63	4.46	2.06	9.99	83.48
64	4.36	2.03	9.86	83.75
65	4.44	2.04	9.98	83.54
66	4.44	2.01	9.90	83.65
67	4.48	2.09	10.13	83.30
68	4.38	1.97	9.87	83.78
69	4.46	1.90	9.74	83.90
70	4.60	1.89	9.69	83.82
71	4.55	1.82	9.54	84.09
72	4.57	1.81	9.54	84.08
73	4.63	1.81	9.61	83.95
74	4.66	1.82	9.68	83.84
75	4.65	1.77	9.60	83.98
76	4.76	1.86	9.89	83.49
77	4.69	1.79	9.81	83.70
78	4.72	1.74	9.71	83.83
79	4.74	1.72	9.71	83.83
80	4.81	1.74	9.79	83.65
81	4.87	1.73	9.87	83.52
82	4.98	1.76	9.92	83.34
83	5.04	1.81	10.05	83.11
84	5.12	1.77	10.00	83.11
85	5.29	1.86	10.21	82.65
86	5.37	1.82	10.10	82.71
87	5.50	1.84	10.12	82.53
88	5.63	1.83	10.06	82.49
89	5.84	1.86	10.21	82.08
90	5.98	1.79	10.00	82.23
91	6.26	1.87	10.15	81.72
92	6.49	1.86	10.13	81.51
93	6.75	1.81	10.02	81.43
94	7.16	1.87	10.18	80.79
95	7.53	1.82	10.17	80.49
96	7.97	1.79	10.18	80.05
97	8.37	1.62	9.88	80.13
98	8.84	1.57	9.93	79.65
99	9.26	1.51	9.99	79.24
100	9.61	1.62	9.75	79.02




