Parameters
	Library type	Paired-end
	Input files	KU330797-16_C_L004_R1_008.fastq	KU330797-16_C_L004_R2_008.fastq
	Primer/Adaptor library	Paired End DNA Library
	Cut-off read length for HQ	70%
	Cut-off quality score	20
	Only statistics	On
	Number of CPUs	2


QC statistics
	File name	KU330797-16_C_L004_R1_008.fastq	KU330797-16_C_L004_R2_008.fastq
	Total number of reads	4000000	4000000
	Total number of HQ reads	3675406	3675406
	Percentage of HQ reads	91.89%	91.89%
	Total number of bases	400000000	400000000
	Total number of bases in HQ reads	367540600	367540600
	Total number of HQ bases in HQ reads	361596541	359590453
	Percentage of HQ bases in HQ reads	98.38%	97.84%
	Number of Primer/Adaptor contaminated HQ reads	6	7
	Total number of HQ filtered reads	3675393	3675393
	Percentage of HQ filtered reads	91.88%	91.88%


Detailed QC statistics
	File name	KU330797-16_C_L004_R1_008.fastq	KU330797-16_C_L004_R2_008.fastq
	Minimum read length	100	100
	Maximum read length	100	100
	Average read length	100.00	100.00
	Total number of reads	4000000	4000000
	Total number of reads with non-ATGC bases	30852	30141
	Percentage of reads with non-ATGC bases	0.77%	0.75%
	Total number of bases	400000000	400000000
	Total number of HQ bases	385318991	378092820
	Percentage of HQ bases	96.33%	94.52%
	Total number of non-ATGC bases	587828	328913
	Percentage of non-ATGC bases	0.15%	0.08%


Average quality score at each base position of input reads

KU330797-16_C_L004_R1_008.fastq
32.15	32.46	32.55	36.05	35.91	35.94	35.84	35.85	37.54	37.54	37.53	37.53	37.40	38.86	38.83	38.75	38.80	38.77	38.82	38.85	38.71	38.75	38.66	38.53	38.55	38.51	38.44	38.25	38.25	38.23	38.15	38.11	38.01	37.98	37.77	37.72	37.68	37.57	37.57	37.45	37.37	37.56	37.42	37.47	37.46	37.43	37.33	37.29	37.18	37.17	37.21	37.14	37.13	37.11	37.06	36.97	36.98	36.84	36.59	36.60	36.53	36.37	36.09	35.94	35.89	35.67	35.47	35.28	35.04	34.67	34.70	34.46	34.19	33.72	33.78	32.56	33.12	33.39	33.38	33.34	33.13	32.88	32.67	32.49	32.34	32.16	31.96	31.79	31.65	31.38	31.22	31.01	30.91	30.75	30.60	30.38	30.25	30.03	29.64	28.17	

KU330797-16_C_L004_R2_008.fastq
36.32	36.48	36.54	36.57	31.29	31.59	31.77	35.17	35.06	35.10	35.19	35.09	36.58	36.74	36.68	36.73	36.74	37.94	37.92	37.94	37.93	37.88	37.81	37.86	37.48	37.62	37.53	37.57	37.54	37.51	37.42	37.43	37.48	37.25	37.32	36.99	37.09	36.96	37.04	36.84	36.75	36.86	36.76	36.58	36.53	36.43	36.69	36.58	36.55	36.62	36.51	36.34	36.36	36.24	35.01	35.57	35.94	36.17	36.02	35.86	35.86	35.69	35.78	35.62	35.34	35.21	35.24	35.19	35.02	34.83	34.79	34.69	34.46	34.44	34.33	33.83	33.73	33.48	33.49	33.29	32.98	32.88	32.69	32.51	32.12	31.92	31.67	31.64	31.45	31.17	31.01	30.35	30.31	30.13	29.79	29.65	29.44	29.27	29.23	29.11	





Read count (%) per base for different quality score ranges

	KU330797-16_C_L004_R1_008.fastq
Ranges	0-10	11-20	21-30	31-40
Base
1	0.23	0.41	10.86	88.50
2	0.11	0.33	9.54	90.02
3	0.10	0.28	9.20	90.41
4	0.10	0.28	2.85	96.77
5	0.20	0.42	3.61	95.77
6	0.12	0.44	3.37	96.06
7	0.18	0.56	3.85	95.42
8	0.17	0.55	3.75	95.54
9	0.17	0.54	3.78	95.51
10	0.16	0.53	3.75	95.56
11	0.17	0.53	3.76	95.54
12	0.17	0.52	3.74	95.57
13	0.23	0.65	4.21	94.91
14	0.37	1.08	5.88	92.68
15	0.41	1.13	6.00	92.46
16	0.46	1.19	6.17	92.18
17	0.40	1.15	5.94	92.52
18	0.43	1.14	6.05	92.38
19	0.44	1.15	6.10	92.32
20	0.42	1.08	5.87	92.64
21	0.51	1.23	6.33	91.93
22	0.49	1.11	5.98	92.42
23	0.54	1.19	6.30	91.97
24	0.68	1.36	6.83	91.12
25	0.67	1.25	6.58	91.50
26	0.89	1.26	6.36	91.49
27	1.00	1.32	6.58	91.11
28	1.20	1.47	7.07	90.25
29	1.21	1.39	6.94	90.47
30	1.23	1.34	6.97	90.46
31	1.31	1.35	7.26	90.08
32	1.33	1.31	7.26	90.10
33	1.44	1.37	7.59	89.60
34	1.43	1.34	7.66	89.58
35	1.64	1.51	8.21	88.64
36	1.64	1.48	8.27	88.61
37	1.61	1.45	8.27	88.67
38	1.71	1.51	8.43	88.35
39	1.68	1.45	8.28	88.59
40	1.81	1.49	8.44	88.26
41	1.84	1.52	8.53	88.11
42	1.83	1.50	8.56	88.12
43	2.09	1.65	8.99	87.26
44	2.06	1.61	8.80	87.54
45	2.11	1.61	8.72	87.56
46	2.15	1.59	8.67	87.59
47	2.26	1.66	8.82	87.26
48	2.27	1.63	8.80	87.30
49	2.40	1.71	8.97	86.92
50	2.44	1.78	9.19	86.58
51	2.51	1.72	8.98	86.79
52	2.64	1.77	9.11	86.49
53	2.60	1.73	9.05	86.63
54	2.64	1.67	8.93	86.76
55	2.68	1.65	8.89	86.77
56	2.81	1.69	8.94	86.57
57	2.71	1.58	8.67	87.03
58	2.83	1.63	8.78	86.76
59	3.06	1.76	9.32	85.85
60	2.93	1.65	9.07	86.35
61	2.99	1.61	8.94	86.45
62	3.12	1.67	9.13	86.07
63	3.34	1.84	9.61	85.20
64	3.39	1.86	9.80	84.95
65	3.35	1.77	9.68	85.19
66	3.54	1.85	9.92	84.70
67	3.60	1.86	10.12	84.42
68	3.70	1.89	10.29	84.12
69	3.87	1.96	10.46	83.71
70	4.36	2.02	10.89	82.73
71	4.24	1.77	10.36	83.64
72	4.39	1.86	10.60	83.15
73	4.52	1.98	10.86	82.63
74	4.69	2.21	11.95	81.15
75	4.50	2.04	11.31	82.15
76	4.27	2.32	15.81	77.61
77	4.29	1.87	12.50	81.34
78	4.38	1.73	11.10	82.80
79	4.48	1.70	10.62	83.21
80	4.50	1.61	10.16	83.73
81	4.65	1.69	10.30	83.37
82	4.84	1.80	10.57	82.79
83	4.98	1.86	10.79	82.37
84	5.14	1.85	10.79	82.23
85	5.23	1.88	10.80	82.09
86	5.43	1.91	10.89	81.77
87	5.65	1.98	11.11	81.26
88	5.88	2.03	11.19	80.89
89	6.08	2.01	11.14	80.77
90	6.46	2.20	11.62	79.72
91	6.70	2.21	11.82	79.27
92	7.11	2.30	12.04	78.55
93	7.38	2.20	11.80	78.62
94	7.80	2.18	11.75	78.28
95	8.24	2.08	11.66	78.02
96	8.81	2.04	11.74	77.41
97	9.36	1.79	11.28	77.57
98	10.08	1.64	11.14	77.14
99	11.04	1.73	11.43	75.80
100	12.28	3.59	18.31	65.82


	KU330797-16_C_L004_R2_008.fastq
Ranges	0-10	11-20	21-30	31-40
Base
1	1.15	0.26	0.24	98.35
2	1.14	0.23	0.19	98.44
3	1.06	0.21	0.18	98.55
4	1.00	0.19	0.16	98.65
5	1.73	1.27	15.01	82.00
6	1.48	1.25	13.13	84.14
7	1.36	1.12	12.31	85.20
8	1.48	1.13	5.15	92.24
9	1.64	1.23	5.51	91.62
10	1.35	1.46	5.31	91.88
11	1.12	1.50	5.05	92.33
12	1.27	1.61	5.34	91.77
13	1.37	1.57	5.57	91.49
14	1.23	1.36	5.10	92.31
15	1.31	1.38	5.24	92.07
16	1.28	1.32	5.09	92.31
17	1.27	1.31	5.04	92.38
18	2.45	2.53	7.70	87.33
19	2.46	2.53	7.69	87.31
20	2.42	2.40	7.55	87.62
21	2.46	2.38	7.57	87.59
22	2.55	2.44	7.55	87.47
23	2.75	2.62	8.03	86.60
24	2.71	2.44	7.84	87.01
25	3.18	2.92	8.67	85.23
26	2.90	2.67	8.16	86.27
27	3.05	2.67	8.34	85.94
28	3.09	2.63	8.53	85.75
29	3.14	2.52	8.60	85.75
30	3.23	2.46	8.64	85.66
31	3.35	2.45	8.76	85.44
32	3.33	2.34	8.75	85.58
33	3.30	2.13	8.56	86.01
34	3.61	2.30	9.21	84.88
35	3.45	2.10	9.07	85.39
36	3.93	2.35	9.87	83.85
37	3.60	2.17	9.74	84.48
38	3.81	2.21	9.98	83.99
39	3.66	2.10	9.83	84.41
40	3.94	2.22	10.29	83.55
41	4.03	2.25	10.45	83.27
42	3.78	2.09	10.06	84.08
43	4.00	2.11	10.14	83.75
44	4.17	2.25	10.47	83.11
45	4.12	2.23	10.48	83.16
46	4.18	2.24	10.52	83.06
47	4.03	2.15	10.29	83.53
48	4.39	2.23	10.45	82.93
49	4.46	2.26	10.51	82.78
50	4.35	2.15	10.25	83.26
51	4.55	2.18	10.33	82.94
52	4.74	2.30	10.65	82.31
53	4.68	2.22	10.49	82.62
54	4.85	2.26	10.46	82.42
55	3.87	2.12	10.99	83.03
56	3.95	1.94	9.50	84.61
57	4.37	2.00	9.62	84.01
58	4.67	2.01	9.81	83.51
59	5.13	2.22	10.34	82.31
60	5.38	2.33	10.68	81.61
61	5.31	2.26	10.57	81.87
62	5.54	2.34	10.72	81.40
63	5.29	2.09	10.31	82.31
64	5.46	2.17	10.48	81.89
65	5.73	2.33	10.95	80.98
66	5.74	2.34	11.00	80.91
67	5.60	2.18	10.67	81.55
68	5.74	2.18	10.73	81.34
69	5.97	2.25	10.95	80.84
70	6.15	2.31	11.11	80.43
71	6.08	2.20	10.92	80.80
72	6.15	2.12	10.76	80.97
73	6.30	2.22	10.92	80.56
74	6.13	2.07	10.63	81.17
75	6.12	1.96	10.47	81.45
76	6.54	2.28	11.30	79.88
77	6.36	2.20	11.28	80.16
78	6.57	2.22	11.41	79.81
79	6.29	1.99	11.01	80.71
80	6.40	1.97	10.94	80.69
81	6.64	2.10	11.23	80.03
82	6.57	1.95	11.01	80.47
83	6.67	1.96	10.92	80.45
84	6.77	1.92	10.86	80.44
85	7.16	2.14	11.38	79.32
86	7.27	2.17	11.50	79.07
87	7.57	2.22	11.64	78.57
88	7.55	2.00	11.20	79.26
89	7.84	2.01	11.05	79.09
90	8.24	2.11	11.29	78.36
91	8.55	2.03	11.14	78.28
92	9.57	2.66	12.47	75.31
93	9.65	2.42	12.19	75.74
94	10.17	2.33	11.95	75.56
95	10.87	2.48	12.28	74.38
96	11.29	2.29	12.00	74.43
97	11.89	2.18	11.91	74.01
98	12.41	2.01	11.77	73.81
99	12.78	1.66	11.20	74.36
100	13.18	1.76	10.50	74.56




