Parameters
	Library type	Paired-end
	Input files	KU330797-16_C_L004_R1_020.fastq	KU330797-16_C_L004_R2_020.fastq
	Primer/Adaptor library	Paired End DNA Library
	Cut-off read length for HQ	70%
	Cut-off quality score	20
	Only statistics	On
	Number of CPUs	2


QC statistics
	File name	KU330797-16_C_L004_R1_020.fastq	KU330797-16_C_L004_R2_020.fastq
	Total number of reads	4000000	4000000
	Total number of HQ reads	3771322	3771322
	Percentage of HQ reads	94.28%	94.28%
	Total number of bases	400000000	400000000
	Total number of bases in HQ reads	377132200	377132200
	Total number of HQ bases in HQ reads	371710373	371689080
	Percentage of HQ bases in HQ reads	98.56%	98.56%
	Number of Primer/Adaptor contaminated HQ reads	4	10
	Total number of HQ filtered reads	3771308	3771308
	Percentage of HQ filtered reads	94.28%	94.28%


Detailed QC statistics
	File name	KU330797-16_C_L004_R1_020.fastq	KU330797-16_C_L004_R2_020.fastq
	Minimum read length	100	100
	Maximum read length	100	100
	Average read length	100.00	100.00
	Total number of reads	4000000	4000000
	Total number of reads with non-ATGC bases	15246	15832
	Percentage of reads with non-ATGC bases	0.38%	0.40%
	Total number of bases	400000000	400000000
	Total number of HQ bases	388016287	385228829
	Percentage of HQ bases	97.00%	96.31%
	Total number of non-ATGC bases	151577	177226
	Percentage of non-ATGC bases	0.04%	0.04%


Average quality score at each base position of input reads

KU330797-16_C_L004_R1_020.fastq
32.43	32.65	32.72	36.18	36.07	36.08	36.07	36.08	37.78	37.69	37.73	37.73	37.73	39.18	39.18	39.13	39.10	39.11	39.12	39.04	39.04	38.99	38.94	38.95	38.92	38.79	38.74	38.71	38.64	38.56	38.51	38.45	38.36	38.34	38.28	38.22	38.14	38.05	38.03	37.92	37.81	38.00	38.01	38.00	38.00	37.95	37.90	37.82	37.77	37.80	37.80	37.75	37.76	37.67	37.64	37.56	37.48	37.33	37.27	37.12	37.03	36.96	36.82	36.66	36.52	36.38	36.24	36.03	35.83	35.52	35.28	35.03	34.80	34.24	34.30	33.10	33.69	33.94	33.89	33.72	33.52	33.37	33.23	33.03	32.82	32.63	32.49	32.39	32.17	31.97	31.88	31.74	31.62	31.45	31.34	31.17	30.94	30.75	30.53	29.13	

KU330797-16_C_L004_R2_020.fastq
36.43	36.65	36.71	36.75	31.30	31.83	32.07	35.61	35.60	35.63	35.64	35.62	37.23	37.20	37.21	37.16	37.18	38.56	38.53	38.52	38.51	38.51	38.53	38.45	38.42	38.40	38.38	38.37	38.34	38.30	38.25	38.23	38.16	38.10	38.07	38.00	37.95	37.86	37.78	37.70	37.64	37.60	37.55	37.50	37.42	37.38	37.47	37.49	37.47	37.42	37.37	37.30	37.29	37.21	36.16	36.57	36.91	37.06	37.01	36.93	36.89	36.83	36.69	36.55	36.43	36.33	36.24	36.22	36.17	36.10	35.84	35.80	35.71	35.59	35.42	35.20	35.01	34.83	34.66	34.44	34.23	34.02	33.87	33.61	33.42	33.24	33.08	32.90	32.74	32.52	32.32	32.18	32.01	31.87	31.71	31.53	31.38	31.27	31.07	30.92	





Read count (%) per base for different quality score ranges

	KU330797-16_C_L004_R1_020.fastq
Ranges	0-10	11-20	21-30	31-40
Base
1	0.15	0.32	8.54	91.00
2	0.10	0.31	7.98	91.61
3	0.09	0.27	7.73	91.92
4	0.09	0.25	2.39	97.27
5	0.15	0.35	2.96	96.54
6	0.11	0.40	2.92	96.57
7	0.11	0.40	2.93	96.56
8	0.11	0.39	2.90	96.60
9	0.13	0.41	3.01	96.45
10	0.16	0.48	3.32	96.05
11	0.14	0.44	3.16	96.25
12	0.14	0.43	3.14	96.29
13	0.14	0.43	3.15	96.28
14	0.32	0.93	5.27	93.49
15	0.31	0.91	5.17	93.60
16	0.36	0.97	5.31	93.36
17	0.38	1.00	5.42	93.20
18	0.37	0.97	5.26	93.41
19	0.39	1.00	5.45	93.15
20	0.45	1.06	5.67	92.82
21	0.44	1.01	5.54	93.01
22	0.47	1.05	5.68	92.80
23	0.51	1.09	5.74	92.66
24	0.53	1.06	5.85	92.56
25	0.57	1.07	5.84	92.51
26	0.85	1.19	5.97	91.99
27	0.91	1.21	6.02	91.86
28	0.95	1.20	6.06	91.78
29	1.02	1.19	6.19	91.60
30	1.10	1.21	6.40	91.29
31	1.15	1.19	6.51	91.15
32	1.17	1.20	6.67	90.96
33	1.27	1.24	6.91	90.58
34	1.24	1.18	6.91	90.66
35	1.29	1.21	7.04	90.46
36	1.33	1.21	7.15	90.32
37	1.36	1.22	7.26	90.15
38	1.44	1.28	7.38	89.91
39	1.44	1.24	7.31	90.01
40	1.51	1.29	7.46	89.74
41	1.58	1.33	7.58	89.51
42	1.57	1.33	7.71	89.40
43	1.64	1.37	7.76	89.23
44	1.73	1.35	7.75	89.17
45	1.74	1.35	7.66	89.25
46	1.81	1.37	7.72	89.09
47	1.89	1.40	7.71	89.01
48	1.93	1.43	7.84	88.80
49	1.97	1.44	7.89	88.71
50	1.95	1.42	7.88	88.75
51	2.04	1.41	7.73	88.82
52	2.11	1.42	7.81	88.66
53	2.12	1.38	7.68	88.82
54	2.21	1.43	7.76	88.61
55	2.22	1.41	7.75	88.63
56	2.27	1.39	7.69	88.65
57	2.32	1.40	7.71	88.57
58	2.45	1.47	7.89	88.19
59	2.44	1.40	7.91	88.25
60	2.52	1.45	8.01	88.02
61	2.55	1.43	7.98	88.04
62	2.58	1.39	7.90	88.13
63	2.66	1.42	7.97	87.95
64	2.75	1.45	8.13	87.68
65	2.80	1.46	8.24	87.51
66	2.84	1.44	8.23	87.49
67	2.90	1.43	8.25	87.42
68	3.01	1.46	8.43	87.10
69	3.12	1.49	8.50	86.89
70	3.31	1.60	8.96	86.13
71	3.44	1.64	9.25	85.67
72	3.57	1.71	9.48	85.24
73	3.71	1.68	9.58	85.03
74	3.96	1.96	10.76	83.31
75	3.74	1.91	10.07	84.29
76	3.55	2.14	14.04	80.27
77	3.48	1.66	10.98	83.88
78	3.61	1.51	9.68	85.21
79	3.75	1.52	9.31	85.41
80	3.89	1.57	9.29	85.25
81	4.02	1.62	9.36	85.00
82	4.05	1.62	9.35	84.98
83	4.13	1.57	9.26	85.04
84	4.29	1.62	9.31	84.78
85	4.46	1.70	9.57	84.28
86	4.63	1.76	9.71	83.89
87	4.77	1.75	9.67	83.81
88	4.89	1.71	9.54	83.85
89	5.17	1.83	9.80	83.21
90	5.45	1.90	10.06	82.59
91	5.61	1.85	9.94	82.60
92	5.88	1.86	9.94	82.32
93	6.16	1.80	9.87	82.17
94	6.53	1.83	9.97	81.67
95	6.86	1.72	9.81	81.61
96	7.34	1.64	9.74	81.29
97	7.91	1.60	9.85	80.65
98	8.49	1.48	9.77	80.26
99	9.19	1.39	9.61	79.82
100	10.24	3.06	16.21	70.49


	KU330797-16_C_L004_R2_020.fastq
Ranges	0-10	11-20	21-30	31-40
Base
1	0.68	0.23	0.25	98.84
2	0.71	0.20	0.17	98.92
3	0.65	0.17	0.15	99.02
4	0.54	0.19	0.15	99.12
5	1.36	1.18	14.42	83.04
6	1.02	0.98	11.17	86.83
7	0.97	0.86	10.22	87.94
8	0.91	0.83	3.85	94.41
9	0.92	0.87	3.94	94.27
10	0.78	0.96	3.87	94.38
11	0.80	0.92	3.83	94.46
12	0.83	0.92	3.88	94.37
13	0.91	0.94	3.95	94.20
14	0.97	0.94	3.96	94.13
15	0.99	0.91	3.87	94.24
16	1.03	0.96	4.02	93.99
17	1.00	0.95	3.95	94.10
18	1.99	2.05	6.53	89.43
19	2.01	2.03	6.54	89.41
20	2.02	1.94	6.54	89.50
21	1.92	2.04	6.50	89.53
22	1.93	1.98	6.47	89.62
23	2.04	1.95	6.77	89.25
24	2.16	1.99	6.88	88.97
25	2.14	2.02	6.87	88.96
26	2.17	1.97	6.89	88.97
27	2.20	1.92	6.81	89.07
28	2.33	1.95	7.17	88.56
29	2.36	1.90	7.15	88.58
30	2.41	1.84	7.23	88.52
31	2.46	1.83	7.31	88.39
32	2.49	1.75	7.27	88.50
33	2.58	1.71	7.45	88.26
34	2.63	1.71	7.62	88.04
35	2.67	1.67	7.72	87.93
36	2.72	1.66	7.91	87.71
37	2.76	1.67	8.07	87.50
38	2.88	1.68	8.24	87.20
39	2.99	1.70	8.39	86.91
40	3.06	1.72	8.54	86.69
41	3.12	1.72	8.61	86.55
42	3.14	1.70	8.64	86.52
43	3.18	1.73	8.68	86.40
44	3.20	1.72	8.66	86.42
45	3.23	1.75	8.75	86.27
46	3.24	1.74	8.68	86.34
47	3.28	1.85	8.91	85.97
48	3.32	1.84	8.86	85.98
49	3.41	1.78	8.89	85.92
50	3.51	1.80	8.88	85.82
51	3.56	1.80	8.92	85.72
52	3.62	1.81	8.96	85.61
53	3.65	1.79	8.85	85.71
54	3.68	1.82	8.87	85.62
55	2.60	1.47	8.39	87.54
56	2.90	1.44	7.60	88.06
57	3.33	1.59	8.06	87.02
58	3.68	1.67	8.46	86.20
59	3.90	1.79	8.80	85.51
60	3.99	1.87	8.93	85.21
61	4.00	1.82	8.87	85.31
62	4.05	1.79	8.81	85.35
63	4.19	1.81	8.99	85.02
64	4.21	1.86	9.11	84.82
65	4.24	1.89	9.18	84.69
66	4.24	1.86	9.17	84.73
67	4.19	1.86	9.15	84.81
68	4.19	1.84	9.15	84.82
69	4.27	1.76	8.98	85.00
70	4.30	1.69	8.84	85.16
71	4.45	1.81	9.11	84.62
72	4.33	1.69	8.90	85.08
73	4.31	1.64	8.68	85.37
74	4.29	1.57	8.58	85.56
75	4.30	1.56	8.57	85.58
76	4.36	1.59	8.66	85.39
77	4.31	1.57	8.74	85.38
78	4.33	1.55	8.75	85.37
79	4.32	1.53	8.67	85.47
80	4.38	1.54	8.73	85.35
81	4.44	1.55	8.75	85.25
82	4.49	1.54	8.76	85.20
83	4.48	1.52	8.65	85.36
84	4.62	1.59	8.81	84.98
85	4.71	1.59	8.86	84.84
86	4.78	1.58	8.84	84.80
87	4.87	1.56	8.82	84.74
88	5.02	1.57	8.80	84.60
89	5.16	1.56	8.80	84.49
90	5.39	1.64	8.96	84.01
91	5.61	1.70	9.07	83.62
92	5.80	1.66	9.10	83.43
93	6.07	1.65	9.10	83.18
94	6.33	1.61	9.03	83.03
95	6.67	1.61	8.99	82.74
96	7.04	1.56	9.01	82.39
97	7.43	1.50	8.90	82.16
98	7.78	1.33	8.70	82.19
99	8.19	1.35	8.96	81.50
100	8.53	1.47	8.84	81.15




