Parameters
	Library type	Paired-end
	Input files	KU330797-16_C_L004_R1_027.fastq	KU330797-16_C_L004_R2_027.fastq
	Primer/Adaptor library	Paired End DNA Library
	Cut-off read length for HQ	70%
	Cut-off quality score	20
	Only statistics	On
	Number of CPUs	2


QC statistics
	File name	KU330797-16_C_L004_R1_027.fastq	KU330797-16_C_L004_R2_027.fastq
	Total number of reads	4000000	4000000
	Total number of HQ reads	3755939	3755939
	Percentage of HQ reads	93.90%	93.90%
	Total number of bases	400000000	400000000
	Total number of bases in HQ reads	375593900	375593900
	Total number of HQ bases in HQ reads	370262836	369716993
	Percentage of HQ bases in HQ reads	98.58%	98.44%
	Number of Primer/Adaptor contaminated HQ reads	6	19
	Total number of HQ filtered reads	3755914	3755914
	Percentage of HQ filtered reads	93.90%	93.90%


Detailed QC statistics
	File name	KU330797-16_C_L004_R1_027.fastq	KU330797-16_C_L004_R2_027.fastq
	Minimum read length	100	100
	Maximum read length	100	100
	Average read length	100.00	100.00
	Total number of reads	4000000	4000000
	Total number of reads with non-ATGC bases	6106	11120
	Percentage of reads with non-ATGC bases	0.15%	0.28%
	Total number of bases	400000000	400000000
	Total number of HQ bases	387547200	384156572
	Percentage of HQ bases	96.89%	96.04%
	Total number of non-ATGC bases	9780	58723
	Percentage of non-ATGC bases	0.00%	0.01%


Average quality score at each base position of input reads

KU330797-16_C_L004_R1_027.fastq
32.33	32.56	32.63	36.12	36.01	36.00	35.98	35.99	37.70	37.69	37.67	37.61	37.65	39.06	39.06	39.03	39.03	38.97	38.98	38.97	38.96	38.91	38.88	38.85	38.80	38.71	38.66	38.57	38.50	38.47	38.42	38.35	38.29	38.21	38.14	38.11	37.99	37.92	37.88	37.81	37.71	37.90	37.90	37.86	37.87	37.78	37.68	37.64	37.60	37.67	37.70	37.66	37.59	37.54	37.43	37.36	37.31	37.24	37.13	37.04	36.90	36.77	36.62	36.51	36.39	36.22	36.05	35.86	35.75	35.51	35.33	35.13	34.95	34.73	34.55	33.69	33.97	34.07	34.00	33.81	33.59	33.41	33.21	33.06	32.88	32.63	32.48	32.40	32.23	32.08	31.97	31.77	31.61	31.48	31.32	31.15	30.95	30.78	30.58	29.22	

KU330797-16_C_L004_R2_027.fastq
36.71	36.76	36.79	36.82	31.10	31.59	31.83	35.40	35.44	35.47	35.50	35.47	37.17	37.17	37.10	37.13	37.10	38.44	38.43	38.36	38.37	38.34	38.26	38.32	38.27	38.28	38.27	38.21	38.23	38.18	38.12	38.08	38.02	38.00	37.90	37.85	37.81	37.77	37.74	37.68	37.64	37.53	37.46	37.41	37.37	37.27	37.34	37.36	37.37	37.32	37.27	37.21	37.14	37.07	36.07	36.44	36.74	36.82	36.79	36.73	36.58	36.55	36.50	36.36	36.27	36.12	35.96	36.00	35.96	35.91	35.79	35.67	35.52	35.38	35.23	35.02	34.87	34.67	34.41	34.24	34.04	33.84	33.62	33.42	33.18	33.05	32.86	32.68	32.52	32.36	32.19	32.04	31.88	31.69	31.51	31.37	31.23	31.03	30.86	30.74	





Read count (%) per base for different quality score ranges

	KU330797-16_C_L004_R1_027.fastq
Ranges	0-10	11-20	21-30	31-40
Base
1	0.14	0.34	9.40	90.11
2	0.10	0.34	8.63	90.93
3	0.11	0.30	8.49	91.10
4	0.10	0.29	2.59	97.03
5	0.17	0.38	3.17	96.27
6	0.13	0.46	3.17	96.23
7	0.14	0.48	3.29	96.09
8	0.14	0.46	3.21	96.19
9	0.14	0.45	3.25	96.15
10	0.14	0.45	3.28	96.13
11	0.16	0.47	3.34	96.03
12	0.18	0.52	3.52	95.79
13	0.16	0.47	3.37	95.99
14	0.37	1.04	5.59	93.00
15	0.36	0.99	5.51	93.13
16	0.39	1.07	5.62	92.93
17	0.38	1.03	5.51	93.08
18	0.41	1.08	5.66	92.85
19	0.45	1.14	5.87	92.54
20	0.46	1.11	5.83	92.60
21	0.48	1.11	5.81	92.61
22	0.52	1.13	5.91	92.45
23	0.55	1.12	5.92	92.41
24	0.61	1.17	6.13	92.09
25	0.66	1.17	6.22	91.95
26	0.94	1.25	6.21	91.60
27	1.01	1.29	6.23	91.46
28	1.12	1.32	6.44	91.12
29	1.22	1.35	6.61	90.83
30	1.24	1.29	6.67	90.80
31	1.32	1.28	6.77	90.62
32	1.38	1.28	6.99	90.35
33	1.45	1.30	7.16	90.09
34	1.51	1.31	7.37	89.80
35	1.56	1.34	7.52	89.58
36	1.55	1.31	7.53	89.61
37	1.69	1.36	7.68	89.27
38	1.72	1.37	7.72	89.19
39	1.76	1.36	7.77	89.12
40	1.81	1.37	7.80	89.01
41	1.90	1.42	7.92	88.75
42	1.88	1.40	8.00	88.71
43	1.99	1.42	8.02	88.58
44	2.11	1.45	8.03	88.40
45	2.12	1.45	7.97	88.47
46	2.24	1.50	8.10	88.17
47	2.31	1.53	8.25	87.90
48	2.34	1.53	8.24	87.89
49	2.38	1.52	8.20	87.90
50	2.36	1.48	8.13	88.03
51	2.45	1.47	7.94	88.14
52	2.55	1.48	7.99	87.98
53	2.61	1.50	8.03	87.85
54	2.67	1.48	8.03	87.82
55	2.76	1.52	8.18	87.55
56	2.81	1.53	8.15	87.51
57	2.85	1.52	8.09	87.54
58	2.90	1.50	8.10	87.51
59	2.95	1.48	8.16	87.40
60	3.00	1.47	8.12	87.41
61	3.08	1.52	8.23	87.18
62	3.12	1.54	8.34	87.00
63	3.21	1.56	8.48	86.75
64	3.22	1.54	8.48	86.76
65	3.25	1.52	8.49	86.74
66	3.31	1.56	8.59	86.54
67	3.40	1.58	8.69	86.33
68	3.47	1.61	8.87	86.05
69	3.41	1.54	8.82	86.23
70	3.52	1.59	9.02	85.86
71	3.56	1.58	9.09	85.76
72	3.65	1.62	9.19	85.54
73	3.66	1.61	9.24	85.49
74	3.80	1.60	9.34	85.26
75	3.72	1.69	9.35	85.24
76	3.46	1.70	11.79	83.04
77	3.55	1.50	10.02	84.93
78	3.66	1.45	9.29	85.59
79	3.73	1.44	8.95	85.89
80	3.87	1.49	8.98	85.66
81	3.98	1.54	9.12	85.36
82	4.07	1.57	9.18	85.18
83	4.17	1.60	9.31	84.92
84	4.27	1.58	9.30	84.85
85	4.40	1.61	9.36	84.63
86	4.64	1.75	9.70	83.92
87	4.78	1.79	9.77	83.67
88	4.86	1.70	9.57	83.87
89	5.09	1.76	9.68	83.46
90	5.30	1.78	9.72	83.20
91	5.50	1.76	9.69	83.06
92	5.84	1.82	9.89	82.45
93	6.15	1.84	9.99	82.03
94	6.46	1.79	9.95	81.79
95	6.88	1.76	9.94	81.42
96	7.34	1.68	9.90	81.09
97	7.87	1.62	9.97	80.54
98	8.41	1.47	9.85	80.27
99	9.06	1.36	9.57	80.01
100	10.07	2.96	16.02	70.96


	KU330797-16_C_L004_R2_027.fastq
Ranges	0-10	11-20	21-30	31-40
Base
1	0.49	0.23	0.22	99.06
2	0.55	0.18	0.16	99.11
3	0.45	0.18	0.15	99.23
4	0.37	0.16	0.14	99.33
5	1.35	1.42	16.23	81.00
6	1.22	1.05	12.43	85.30
7	1.28	0.95	11.27	86.50
8	1.28	0.89	4.23	93.59
9	1.26	0.86	4.14	93.74
10	1.10	0.99	4.07	93.83
11	0.87	1.26	4.11	93.77
12	0.90	1.28	4.14	93.68
13	0.89	0.99	4.11	94.01
14	0.92	0.97	4.11	94.00
15	0.99	1.03	4.29	93.70
16	0.97	0.99	4.17	93.88
17	1.01	1.00	4.24	93.75
18	2.03	2.02	6.83	89.12
19	2.04	1.99	6.80	89.17
20	2.13	2.08	6.87	88.92
21	2.12	2.01	6.78	89.08
22	2.17	2.00	6.83	89.00
23	2.62	2.51	7.01	87.85
24	2.24	2.28	7.15	88.32
25	2.36	2.12	7.11	88.41
26	2.34	2.03	7.00	88.63
27	2.37	1.95	6.99	88.68
28	2.57	2.06	7.43	87.93
29	2.53	1.94	7.31	88.22
30	2.63	1.92	7.44	88.00
31	2.70	1.91	7.55	87.84
32	2.73	1.82	7.60	87.85
33	2.84	1.79	7.74	87.63
34	2.82	1.75	7.79	87.64
35	2.95	1.76	8.11	87.18
36	2.97	1.73	8.25	87.04
37	3.00	1.73	8.34	86.93
38	3.02	1.72	8.47	86.79
39	3.04	1.70	8.55	86.71
40	3.12	1.72	8.64	86.52
41	3.11	1.70	8.75	86.44
42	3.25	1.75	8.87	86.13
43	3.29	1.78	8.96	85.96
44	3.30	1.76	8.97	85.97
45	3.34	1.74	8.89	86.03
46	3.44	1.79	8.98	85.78
47	3.52	1.86	9.29	85.32
48	3.56	1.83	9.20	85.42
49	3.64	1.82	9.09	85.45
50	3.72	1.82	9.14	85.31
51	3.78	1.82	9.07	85.33
52	3.83	1.85	9.15	85.17
53	3.94	1.86	9.17	85.03
54	4.01	1.87	9.23	84.89
55	2.94	1.56	8.74	86.76
56	3.22	1.55	8.03	87.21
57	3.64	1.68	8.51	86.17
58	3.99	1.80	8.88	85.34
59	4.20	1.88	9.16	84.76
60	4.30	1.90	9.23	84.57
61	4.46	2.00	9.45	84.09
62	4.37	1.95	9.42	84.26
63	4.39	1.88	9.33	84.40
64	4.50	1.91	9.39	84.20
65	4.50	1.91	9.41	84.18
66	4.59	1.95	9.54	83.92
67	4.62	1.99	9.67	83.72
68	4.55	1.91	9.60	83.94
69	4.62	1.82	9.39	84.17
70	4.63	1.76	9.16	84.45
71	4.68	1.74	9.13	84.45
72	4.78	1.68	8.98	84.57
73	4.70	1.78	8.97	84.55
74	4.69	1.72	8.98	84.61
75	4.67	1.64	8.98	84.71
76	4.71	1.65	9.09	84.55
77	4.67	1.61	8.98	84.74
78	4.70	1.61	9.03	84.65
79	4.79	1.68	9.20	84.34
80	4.77	1.65	9.17	84.42
81	4.79	1.64	9.18	84.40
82	4.85	1.62	9.17	84.36
83	4.92	1.64	9.24	84.21
84	4.99	1.65	9.26	84.09
85	5.14	1.71	9.41	83.74
86	5.16	1.66	9.29	83.89
87	5.30	1.67	9.26	83.76
88	5.43	1.68	9.27	83.61
89	5.57	1.69	9.26	83.48
90	5.73	1.68	9.25	83.33
91	5.93	1.70	9.29	83.08
92	6.15	1.67	9.28	82.89
93	6.43	1.68	9.24	82.66
94	6.75	1.69	9.29	82.26
95	7.12	1.67	9.36	81.85
96	7.48	1.60	9.20	81.73
97	7.88	1.48	9.01	81.63
98	8.33	1.44	9.14	81.09
99	8.71	1.41	9.23	80.65
100	9.03	1.49	8.95	80.52




