Parameters
	Library type	Paired-end
	Input files	KU330797-16_C_L004_R1_024.fastq	KU330797-16_C_L004_R2_024.fastq
	Primer/Adaptor library	Paired End DNA Library
	Cut-off read length for HQ	70%
	Cut-off quality score	20
	Only statistics	On
	Number of CPUs	2


QC statistics
	File name	KU330797-16_C_L004_R1_024.fastq	KU330797-16_C_L004_R2_024.fastq
	Total number of reads	4000000	4000000
	Total number of HQ reads	3726372	3726372
	Percentage of HQ reads	93.16%	93.16%
	Total number of bases	400000000	400000000
	Total number of bases in HQ reads	372637200	372637200
	Total number of HQ bases in HQ reads	367303260	367164346
	Percentage of HQ bases in HQ reads	98.57%	98.53%
	Number of Primer/Adaptor contaminated HQ reads	5	11
	Total number of HQ filtered reads	3726356	3726356
	Percentage of HQ filtered reads	93.16%	93.16%


Detailed QC statistics
	File name	KU330797-16_C_L004_R1_024.fastq	KU330797-16_C_L004_R2_024.fastq
	Minimum read length	100	100
	Maximum read length	100	100
	Average read length	100.00	100.00
	Total number of reads	4000000	4000000
	Total number of reads with non-ATGC bases	5539	11454
	Percentage of reads with non-ATGC bases	0.14%	0.29%
	Total number of bases	400000000	400000000
	Total number of HQ bases	386641020	383637309
	Percentage of HQ bases	96.66%	95.91%
	Total number of non-ATGC bases	6880	56946
	Percentage of non-ATGC bases	0.00%	0.01%


Average quality score at each base position of input reads

KU330797-16_C_L004_R1_024.fastq
32.48	32.74	32.81	36.25	36.18	36.15	36.13	36.15	37.92	37.86	37.86	37.88	37.87	39.37	39.18	39.21	39.21	39.21	39.22	39.20	39.19	39.16	39.12	39.08	39.05	38.95	38.85	38.79	38.72	38.67	38.60	38.52	38.42	38.38	38.29	38.25	38.15	38.10	38.00	37.88	37.79	37.95	37.94	37.92	37.84	37.76	37.72	37.63	37.57	37.73	37.76	37.77	37.72	37.66	37.56	37.48	37.38	37.29	37.13	37.05	36.96	36.83	36.72	36.53	36.41	36.25	36.09	35.94	35.73	35.49	35.31	35.13	34.88	34.65	34.50	33.64	33.93	34.00	33.92	33.76	33.52	33.36	33.17	32.96	32.73	32.56	32.38	32.25	32.09	31.93	31.74	31.60	31.42	31.24	31.04	30.86	30.71	30.54	30.31	28.98	

KU330797-16_C_L004_R2_024.fastq
36.65	36.72	36.76	36.79	31.26	31.81	32.11	35.68	35.68	35.71	35.74	35.73	37.43	37.41	37.38	37.37	37.37	38.80	38.72	38.72	38.67	38.65	38.68	38.63	38.59	38.59	38.50	38.49	38.45	38.45	38.33	38.25	38.23	38.12	38.11	38.07	38.00	37.93	37.89	37.85	37.82	37.73	37.66	37.52	37.48	37.43	37.50	37.47	37.47	37.42	37.33	37.22	37.16	36.93	36.03	36.46	36.73	36.86	36.87	36.81	36.68	36.58	36.46	36.33	36.27	36.13	35.97	36.08	36.07	35.98	35.87	35.72	35.58	35.44	35.22	35.06	34.87	34.69	34.45	34.26	34.05	33.85	33.61	33.43	33.22	32.97	32.78	32.64	32.50	32.26	32.01	31.85	31.66	31.52	31.39	31.21	31.06	30.83	30.62	30.48	





Read count (%) per base for different quality score ranges

	KU330797-16_C_L004_R1_024.fastq
Ranges	0-10	11-20	21-30	31-40
Base
1	0.12	0.29	8.00	91.59
2	0.09	0.28	7.23	92.40
3	0.08	0.25	7.08	92.59
4	0.08	0.24	2.11	97.57
5	0.13	0.30	2.51	97.06
6	0.11	0.38	2.60	96.91
7	0.12	0.39	2.69	96.80
8	0.11	0.36	2.59	96.94
9	0.11	0.36	2.59	96.94
10	0.13	0.40	2.80	96.67
11	0.14	0.39	2.75	96.72
12	0.12	0.38	2.69	96.80
13	0.13	0.37	2.72	96.78
14	0.30	0.88	4.86	93.95
15	0.82	1.54	5.11	92.53
16	0.35	1.49	5.27	92.88
17	0.38	1.13	5.16	93.33
18	0.39	1.08	5.10	93.42
19	0.44	1.14	5.35	93.07
20	0.46	1.08	5.36	93.11
21	0.47	1.03	5.30	93.19
22	0.50	1.02	5.33	93.15
23	0.54	1.02	5.37	93.06
24	0.62	1.06	5.61	92.71
25	0.69	1.03	5.63	92.65
26	0.96	1.15	5.65	92.24
27	1.09	1.21	5.85	91.85
28	1.16	1.20	5.91	91.74
29	1.26	1.19	6.03	91.52
30	1.33	1.19	6.10	91.38
31	1.43	1.18	6.26	91.13
32	1.50	1.22	6.44	90.85
33	1.60	1.24	6.70	90.46
34	1.61	1.21	6.78	90.40
35	1.71	1.26	6.92	90.11
36	1.73	1.24	6.91	90.13
37	1.83	1.28	7.07	89.81
38	1.86	1.25	7.08	89.80
39	1.97	1.30	7.20	89.53
40	2.10	1.35	7.33	89.22
41	2.14	1.36	7.45	89.05
42	2.18	1.34	7.52	88.97
43	2.30	1.37	7.51	88.83
44	2.39	1.37	7.41	88.83
45	2.51	1.44	7.59	88.47
46	2.59	1.47	7.69	88.25
47	2.63	1.46	7.67	88.23
48	2.72	1.51	7.79	87.99
49	2.79	1.51	7.78	87.92
50	2.77	1.43	7.60	88.20
51	2.92	1.43	7.55	88.11
52	2.99	1.38	7.44	88.19
53	3.09	1.40	7.44	88.08
54	3.15	1.40	7.41	88.04
55	3.27	1.45	7.52	87.75
56	3.34	1.45	7.55	87.66
57	3.40	1.45	7.59	87.56
58	3.43	1.45	7.58	87.53
59	3.57	1.49	7.79	87.16
60	3.61	1.45	7.76	87.18
61	3.63	1.44	7.73	87.20
62	3.69	1.44	7.79	87.08
63	3.71	1.43	7.78	87.08
64	3.82	1.47	7.95	86.76
65	3.84	1.45	7.98	86.74
66	3.88	1.46	8.07	86.59
67	3.94	1.46	8.12	86.49
68	3.98	1.46	8.14	86.42
69	4.05	1.50	8.33	86.12
70	4.14	1.55	8.52	85.79
71	4.16	1.56	8.65	85.64
72	4.19	1.55	8.69	85.58
73	4.29	1.58	8.89	85.24
74	4.42	1.60	8.97	85.01
75	4.30	1.64	8.96	85.11
76	3.96	1.60	11.21	83.23
77	4.07	1.40	9.36	85.16
78	4.23	1.40	8.72	85.66
79	4.33	1.40	8.46	85.81
80	4.40	1.41	8.37	85.82
81	4.56	1.48	8.51	85.46
82	4.60	1.46	8.53	85.41
83	4.71	1.48	8.60	85.20
84	4.86	1.54	8.74	84.85
85	5.06	1.62	8.98	84.33
86	5.19	1.65	9.04	84.11
87	5.37	1.68	9.21	83.74
88	5.52	1.67	9.16	83.65
89	5.74	1.70	9.23	83.32
90	5.97	1.73	9.33	82.97
91	6.25	1.79	9.53	82.42
92	6.51	1.78	9.51	82.20
93	6.88	1.80	9.67	81.66
94	7.25	1.81	9.80	81.14
95	7.70	1.81	9.95	80.55
96	8.19	1.76	9.92	80.14
97	8.66	1.61	9.74	79.99
98	9.23	1.45	9.61	79.72
99	9.92	1.37	9.46	79.25
100	10.94	2.91	15.66	70.49


	KU330797-16_C_L004_R2_024.fastq
Ranges	0-10	11-20	21-30	31-40
Base
1	0.57	0.30	0.22	98.91
2	0.64	0.23	0.18	98.96
3	0.50	0.23	0.16	99.10
4	0.42	0.22	0.14	99.23
5	1.12	1.26	14.60	83.03
6	1.01	0.85	10.56	87.58
7	1.07	0.74	9.31	88.87
8	1.05	0.67	3.30	94.97
9	1.11	0.67	3.35	94.87
10	0.99	0.77	3.24	95.00
11	0.75	1.03	3.26	94.95
12	0.78	1.02	3.31	94.89
13	0.83	0.81	3.39	94.97
14	0.87	0.80	3.42	94.91
15	0.91	0.83	3.47	94.80
16	0.93	0.83	3.45	94.79
17	0.94	0.82	3.43	94.81
18	2.14	1.78	6.07	90.01
19	2.24	1.87	6.19	89.70
20	2.25	1.81	6.11	89.82
21	2.33	1.84	6.19	89.64
22	2.37	1.80	6.18	89.65
23	2.48	1.85	6.32	89.35
24	2.56	1.84	6.40	89.20
25	2.62	1.84	6.43	89.11
26	2.63	1.76	6.30	89.31
27	2.74	1.84	6.50	88.92
28	2.90	1.86	6.75	88.49
29	2.95	1.82	6.77	88.46
30	2.97	1.72	6.72	88.60
31	3.10	1.75	6.93	88.22
32	3.18	1.75	7.05	88.02
33	3.19	1.66	7.09	88.05
34	3.31	1.68	7.35	87.67
35	3.32	1.61	7.39	87.68
36	3.33	1.57	7.45	87.65
37	3.42	1.59	7.68	87.31
38	3.47	1.61	7.82	87.09
39	3.50	1.59	7.90	87.01
40	3.52	1.56	7.92	87.00
41	3.56	1.55	7.93	86.96
42	3.66	1.56	8.00	86.78
43	3.70	1.60	8.02	86.68
44	3.85	1.67	8.26	86.22
45	3.82	1.64	8.23	86.31
46	3.84	1.62	8.14	86.40
47	3.98	1.67	8.33	86.02
48	4.11	1.67	8.36	85.85
49	4.16	1.67	8.26	85.91
50	4.26	1.67	8.22	85.85
51	4.35	1.69	8.30	85.66
52	4.50	1.75	8.52	85.23
53	4.50	1.75	8.50	85.25
54	4.75	1.89	8.86	84.50
55	3.29	1.45	8.05	87.21
56	3.51	1.37	7.14	87.98
57	4.11	1.54	7.66	86.69
58	4.48	1.63	7.99	85.89
59	4.68	1.68	8.23	85.42
60	4.78	1.69	8.28	85.25
61	4.92	1.76	8.46	84.87
62	4.94	1.76	8.50	84.80
63	5.02	1.78	8.62	84.58
64	5.04	1.80	8.75	84.41
65	5.01	1.73	8.67	84.60
66	5.05	1.77	8.73	84.45
67	5.09	1.80	8.87	84.24
68	5.10	1.70	8.70	84.49
69	5.19	1.62	8.46	84.73
70	5.25	1.60	8.36	84.79
71	5.27	1.56	8.29	84.88
72	5.39	1.54	8.17	84.89
73	5.29	1.63	8.20	84.88
74	5.27	1.56	8.17	85.01
75	5.30	1.56	8.32	84.81
76	5.25	1.52	8.31	84.92
77	5.25	1.51	8.31	84.93
78	5.23	1.48	8.29	85.00
79	5.29	1.51	8.38	84.83
80	5.26	1.50	8.35	84.90
81	5.29	1.49	8.39	84.83
82	5.33	1.47	8.37	84.84
83	5.41	1.53	8.51	84.55
84	5.44	1.49	8.45	84.62
85	5.54	1.51	8.48	84.46
86	5.71	1.58	8.67	84.04
87	5.81	1.59	8.75	83.85
88	5.89	1.54	8.65	83.93
89	6.02	1.50	8.51	83.96
90	6.30	1.60	8.69	83.41
91	6.60	1.70	9.01	82.69
92	6.80	1.69	9.03	82.49
93	7.09	1.71	9.13	82.07
94	7.37	1.67	9.05	81.91
95	7.67	1.59	8.88	81.87
96	8.07	1.55	8.88	81.50
97	8.49	1.45	8.72	81.34
98	8.98	1.44	8.89	80.69
99	9.42	1.44	9.17	79.97
100	9.79	1.50	8.93	79.78




