Parameters
	Library type	Paired-end
	Input files	KU330797-16_C_L004_R1_001.fastq	KU330797-16_C_L004_R2_001.fastq
	Primer/Adaptor library	Paired End DNA Library
	Cut-off read length for HQ	70%
	Cut-off quality score	20
	Only statistics	On
	Number of CPUs	2


QC statistics
	File name	KU330797-16_C_L004_R1_001.fastq	KU330797-16_C_L004_R2_001.fastq
	Total number of reads	4000000	4000000
	Total number of HQ reads	3734795	3734795
	Percentage of HQ reads	93.37%	93.37%
	Total number of bases	400000000	400000000
	Total number of bases in HQ reads	373479500	373479500
	Total number of HQ bases in HQ reads	368528219	368296491
	Percentage of HQ bases in HQ reads	98.67%	98.61%
	Number of Primer/Adaptor contaminated HQ reads	7	16
	Total number of HQ filtered reads	3734772	3734772
	Percentage of HQ filtered reads	93.37%	93.37%


Detailed QC statistics
	File name	KU330797-16_C_L004_R1_001.fastq	KU330797-16_C_L004_R2_001.fastq
	Minimum read length	100	100
	Maximum read length	100	100
	Average read length	100.00	100.00
	Total number of reads	4000000	4000000
	Total number of reads with non-ATGC bases	33342	30301
	Percentage of reads with non-ATGC bases	0.83%	0.76%
	Total number of bases	400000000	400000000
	Total number of HQ bases	387490381	384543555
	Percentage of HQ bases	96.87%	96.14%
	Total number of non-ATGC bases	704148	195397
	Percentage of non-ATGC bases	0.18%	0.05%


Average quality score at each base position of input reads

KU330797-16_C_L004_R1_001.fastq
32.57	32.81	32.89	36.31	36.22	36.19	36.20	36.20	38.00	37.96	37.92	37.90	37.93	39.40	39.38	39.34	39.34	39.31	39.34	39.26	39.26	39.22	39.17	39.14	39.08	39.00	38.91	38.85	38.80	38.74	38.68	38.62	38.57	38.46	38.38	38.32	38.25	38.13	38.09	38.04	37.94	38.08	37.98	37.97	37.99	37.91	37.87	37.79	37.70	37.86	37.88	37.82	37.74	37.71	37.69	37.62	37.45	37.33	37.21	37.14	37.06	36.91	36.75	36.65	36.53	36.35	36.18	36.02	35.81	35.42	35.23	35.05	34.85	34.30	34.38	33.28	33.79	33.97	33.94	33.84	33.68	33.46	33.25	33.01	32.83	32.70	32.57	32.35	32.18	32.07	31.87	31.72	31.55	31.32	31.23	31.10	30.90	30.76	30.51	29.22	

KU330797-16_C_L004_R2_001.fastq
36.18	36.47	36.50	36.54	32.12	32.31	32.38	35.74	35.75	35.71	35.78	35.76	37.51	37.51	37.47	37.46	37.42	38.89	38.80	38.80	38.79	38.69	38.73	38.72	38.72	38.62	38.64	38.60	38.55	38.52	38.46	38.40	38.34	38.30	38.24	38.14	38.09	37.97	37.95	37.88	37.84	37.75	37.72	37.65	37.59	37.50	37.53	37.57	37.55	37.44	37.35	37.35	37.29	37.19	36.12	36.57	36.88	36.97	36.97	36.85	36.82	36.70	36.60	36.55	36.43	36.28	36.08	36.17	36.18	36.09	35.93	35.81	35.66	35.51	35.32	35.14	34.92	34.79	34.56	34.34	34.18	34.00	33.75	33.57	33.38	33.15	32.96	32.80	32.64	32.45	32.23	32.07	31.87	31.69	31.55	31.39	31.21	31.04	30.85	30.69	





Read count (%) per base for different quality score ranges

	KU330797-16_C_L004_R1_001.fastq
Ranges	0-10	11-20	21-30	31-40
Base
1	0.13	0.25	7.25	92.37
2	0.07	0.25	6.68	93.01
3	0.07	0.20	6.39	93.34
4	0.06	0.20	1.87	97.87
5	0.12	0.27	2.34	97.27
6	0.10	0.35	2.44	97.11
7	0.09	0.33	2.43	97.14
8	0.10	0.32	2.42	97.16
9	0.09	0.31	2.35	97.25
10	0.11	0.33	2.46	97.10
11	0.11	0.35	2.58	96.95
12	0.12	0.37	2.63	96.89
13	0.11	0.34	2.54	97.01
14	0.28	0.82	4.70	94.19
15	0.30	0.84	4.75	94.12
16	0.35	0.89	4.83	93.93
17	0.31	0.86	4.77	94.05
18	0.35	0.86	4.81	93.99
19	0.36	0.88	4.93	93.82
20	0.44	0.96	5.12	93.48
21	0.42	0.92	5.02	93.63
22	0.46	0.93	5.08	93.52
23	0.52	0.95	5.17	93.36
24	0.58	1.00	5.40	93.02
25	0.65	1.01	5.44	92.90
26	0.88	1.07	5.41	92.64
27	0.98	1.12	5.44	92.47
28	1.02	1.10	5.62	92.26
29	1.11	1.09	5.68	92.12
30	1.20	1.09	5.85	91.87
31	1.27	1.11	5.99	91.63
32	1.31	1.09	6.10	91.49
33	1.34	1.09	6.23	91.34
34	1.44	1.12	6.38	91.06
35	1.47	1.15	6.61	90.77
36	1.53	1.17	6.69	90.61
37	1.60	1.17	6.77	90.47
38	1.69	1.22	6.97	90.11
39	1.70	1.20	6.93	90.17
40	1.73	1.20	6.90	90.17
41	1.82	1.25	6.98	89.96
42	1.86	1.24	7.13	89.77
43	2.04	1.34	7.34	89.29
44	2.08	1.32	7.29	89.31
45	2.10	1.31	7.12	89.47
46	2.21	1.34	7.26	89.19
47	2.24	1.35	7.27	89.14
48	2.31	1.36	7.39	88.94
49	2.40	1.41	7.48	88.71
50	2.33	1.34	7.29	89.04
51	2.46	1.32	7.17	89.05
52	2.58	1.35	7.27	88.80
53	2.68	1.40	7.36	88.56
54	2.71	1.35	7.31	88.63
55	2.73	1.34	7.25	88.68
56	2.79	1.33	7.23	88.66
57	2.90	1.39	7.37	88.34
58	2.91	1.42	7.51	88.16
59	2.99	1.40	7.61	88.00
60	3.02	1.39	7.52	88.06
61	3.07	1.37	7.52	88.05
62	3.18	1.41	7.64	87.77
63	3.24	1.45	7.83	87.48
64	3.24	1.43	7.84	87.49
65	3.28	1.41	7.83	87.48
66	3.38	1.44	7.97	87.21
67	3.43	1.43	8.10	87.04
68	3.50	1.44	8.10	86.96
69	3.63	1.44	8.18	86.75
70	4.28	1.45	8.32	85.95
71	4.38	1.45	8.35	85.82
72	4.38	1.50	8.44	85.69
73	4.27	1.64	8.60	85.48
74	4.44	1.87	9.87	83.81
75	4.29	1.61	9.14	84.96
76	3.95	1.67	12.52	81.87
77	4.00	1.37	9.60	85.04
78	4.17	1.35	8.62	85.85
79	4.25	1.32	8.31	86.12
80	4.29	1.29	8.08	86.34
81	4.35	1.30	7.98	86.37
82	4.46	1.35	8.12	86.07
83	4.58	1.40	8.29	85.72
84	4.78	1.46	8.49	85.26
85	4.87	1.56	8.65	84.92
86	4.96	1.53	8.60	84.91
87	5.09	1.50	8.60	84.80
88	5.33	1.60	8.87	84.20
89	5.51	1.64	9.04	83.80
90	5.68	1.61	9.00	83.70
91	5.96	1.69	9.28	83.08
92	6.23	1.72	9.34	82.72
93	6.53	1.74	9.48	82.25
94	6.94	1.85	9.81	81.39
95	7.23	1.72	9.72	81.33
96	7.63	1.62	9.53	81.22
97	8.12	1.57	9.62	80.69
98	8.63	1.38	9.38	80.61
99	9.31	1.36	9.45	79.88
100	10.29	2.81	15.50	71.40


	KU330797-16_C_L004_R2_001.fastq
Ranges	0-10	11-20	21-30	31-40
Base
1	1.25	0.31	0.23	98.22
2	1.29	0.26	0.17	98.28
3	1.23	0.23	0.17	98.37
4	1.13	0.24	0.14	98.50
5	0.93	0.67	9.43	88.97
6	0.93	0.70	8.51	89.87
7	0.96	0.68	8.29	90.08
8	1.01	0.66	3.29	95.04
9	1.02	0.65	3.17	95.16
10	0.97	0.80	3.32	94.91
11	0.70	1.01	3.19	95.10
12	0.73	0.99	3.26	95.02
13	0.74	0.76	3.21	95.28
14	0.76	0.74	3.20	95.29
15	0.81	0.75	3.26	95.17
16	0.83	0.76	3.24	95.17
17	0.86	0.80	3.32	95.02
18	1.91	1.69	5.83	90.57
19	2.02	1.75	5.97	90.26
20	2.05	1.74	5.92	90.29
21	2.10	1.70	5.92	90.29
22	2.22	1.80	6.14	89.84
23	2.31	1.81	6.19	89.69
24	2.35	1.75	6.14	89.76
25	2.33	1.73	6.07	89.87
26	2.45	1.76	6.28	89.51
27	2.45	1.68	6.12	89.75
28	2.62	1.75	6.46	89.17
29	2.70	1.71	6.51	89.07
30	2.75	1.66	6.55	89.04
31	2.79	1.65	6.62	88.95
32	2.87	1.61	6.72	88.80
33	2.94	1.58	6.84	88.64
34	2.97	1.53	6.90	88.60
35	3.03	1.52	7.05	88.40
36	3.14	1.53	7.31	88.02
37	3.13	1.53	7.41	87.93
38	3.24	1.59	7.68	87.49
39	3.22	1.54	7.66	87.58
40	3.28	1.54	7.79	87.38
41	3.31	1.55	7.78	87.36
42	3.38	1.56	7.87	87.19
43	3.42	1.55	7.84	87.19
44	3.42	1.56	7.88	87.13
45	3.49	1.54	7.90	87.07
46	3.55	1.59	7.96	86.90
47	3.72	1.64	8.25	86.39
48	3.74	1.60	8.12	86.54
49	3.85	1.61	8.07	86.47
50	3.97	1.67	8.19	86.17
51	4.09	1.68	8.27	85.96
52	4.03	1.64	8.17	86.17
53	4.12	1.66	8.17	86.05
54	4.23	1.70	8.22	85.85
55	3.00	1.35	7.74	87.91
56	3.23	1.31	6.82	88.64
57	3.74	1.43	7.31	87.53
58	4.19	1.59	7.83	86.40
59	4.38	1.66	8.09	85.87
60	4.55	1.72	8.35	85.37
61	4.55	1.70	8.28	85.47
62	4.64	1.74	8.34	85.28
63	4.66	1.72	8.51	85.11
64	4.64	1.66	8.40	85.31
65	4.70	1.67	8.40	85.23
66	4.74	1.71	8.55	85.00
67	4.81	1.77	8.80	84.62
68	4.77	1.69	8.64	84.90
69	4.86	1.58	8.32	85.24
70	4.94	1.56	8.21	85.29
71	5.03	1.57	8.23	85.18
72	5.07	1.53	8.10	85.30
73	5.05	1.54	8.10	85.32
74	4.99	1.57	8.06	85.38
75	4.98	1.59	8.19	85.23
76	4.97	1.52	8.25	85.26
77	4.97	1.54	8.32	85.17
78	4.89	1.46	8.20	85.45
79	4.96	1.50	8.26	85.29
80	4.99	1.49	8.36	85.16
81	4.96	1.46	8.23	85.35
82	4.96	1.43	8.16	85.46
83	5.07	1.47	8.30	85.16
84	5.10	1.46	8.29	85.15
85	5.16	1.44	8.28	85.12
86	5.30	1.49	8.42	84.79
87	5.42	1.53	8.45	84.60
88	5.51	1.51	8.41	84.57
89	5.66	1.51	8.37	84.47
90	5.86	1.52	8.45	84.18
91	6.11	1.58	8.63	83.68
92	6.32	1.59	8.65	83.44
93	6.63	1.61	8.78	82.98
94	6.93	1.63	8.89	82.55
95	7.22	1.55	8.76	82.47
96	7.61	1.50	8.69	82.19
97	8.01	1.46	8.72	81.81
98	8.43	1.38	8.73	81.46
99	8.84	1.34	8.92	80.90
100	9.21	1.48	8.80	80.50




