Parameters
	Library type	Paired-end
	Input files	KU330797-16_C_L004_R1_047.fastq	KU330797-16_C_L004_R2_047.fastq
	Primer/Adaptor library	Paired End DNA Library
	Cut-off read length for HQ	70%
	Cut-off quality score	20
	Only statistics	On
	Number of CPUs	2


QC statistics
	File name	KU330797-16_C_L004_R1_047.fastq	KU330797-16_C_L004_R2_047.fastq
	Total number of reads	224544	224544
	Total number of HQ reads	201565	201565
	Percentage of HQ reads	89.77%	89.77%
	Total number of bases	22454400	22454400
	Total number of bases in HQ reads	20156500	20156500
	Total number of HQ bases in HQ reads	19800947	19119090
	Percentage of HQ bases in HQ reads	98.24%	94.85%
	Number of Primer/Adaptor contaminated HQ reads	0	0
	Total number of HQ filtered reads	201565	201565
	Percentage of HQ filtered reads	89.77%	89.77%


Detailed QC statistics
	File name	KU330797-16_C_L004_R1_047.fastq	KU330797-16_C_L004_R2_047.fastq
	Minimum read length	100	100
	Maximum read length	100	100
	Average read length	100.00	100.00
	Total number of reads	224544	224544
	Total number of reads with non-ATGC bases	792	224544
	Percentage of reads with non-ATGC bases	0.35%	100.00%
	Total number of bases	22454400	22454400
	Total number of HQ bases	21520914	20342897
	Percentage of HQ bases	95.84%	90.60%
	Total number of non-ATGC bases	14458	244512
	Percentage of non-ATGC bases	0.06%	1.09%


Average quality score at each base position of input reads

KU330797-16_C_L004_R1_047.fastq
31.21	31.57	31.45	35.61	35.10	35.53	35.65	35.59	37.21	36.96	37.07	36.82	37.14	38.45	38.20	37.96	38.13	38.26	38.10	38.26	38.10	38.26	38.01	38.07	38.24	37.93	37.73	36.66	37.49	37.50	37.55	37.40	36.73	37.02	37.14	37.09	37.29	37.07	37.09	37.13	36.65	36.87	37.22	37.07	36.83	36.60	36.58	36.73	36.64	36.66	36.76	35.84	36.40	36.10	36.31	36.40	36.48	36.27	35.94	36.12	35.76	35.95	35.39	35.60	34.97	34.67	34.82	34.47	34.47	34.15	34.19	33.73	33.85	33.52	33.64	32.97	33.27	33.14	32.71	31.84	32.31	32.29	32.16	31.89	32.02	31.68	31.65	31.19	31.17	30.77	30.70	30.81	30.83	30.80	30.55	30.10	29.78	29.81	29.64	28.19	

KU330797-16_C_L004_R2_047.fastq
27.03	32.48	2.00	17.42	29.09	30.18	30.22	34.28	34.31	34.65	34.67	34.22	36.08	35.23	35.44	35.90	35.87	37.12	37.09	37.09	35.45	36.15	34.68	36.03	36.08	36.79	36.48	36.63	36.98	36.58	36.53	36.59	36.41	36.25	36.30	35.94	36.31	36.35	36.46	35.93	36.16	36.06	36.28	36.08	35.86	35.52	35.77	35.78	35.37	35.69	35.36	35.05	34.85	34.55	33.48	34.78	34.13	34.40	33.13	34.32	34.62	34.97	34.72	34.54	34.19	33.95	33.69	33.93	33.46	33.87	33.24	33.73	33.42	33.77	33.61	32.84	32.38	32.21	32.13	32.52	30.69	31.28	30.85	31.34	31.41	31.10	30.60	30.31	29.84	29.64	29.52	29.29	29.28	28.23	28.25	27.73	27.43	27.06	26.34	26.72	





Read count (%) per base for different quality score ranges

	KU330797-16_C_L004_R1_047.fastq
Ranges	0-10	11-20	21-30	31-40
Base
1	0.61	0.87	18.65	79.87
2	0.33	0.82	16.65	82.19
3	0.48	0.97	17.77	80.78
4	0.14	0.43	4.07	95.37
5	0.50	1.03	6.93	91.54
6	0.19	0.67	4.64	94.51
7	0.18	0.57	4.06	95.18
8	0.20	0.61	4.59	94.61
9	0.17	0.60	4.59	94.64
10	0.24	0.80	5.57	93.38
11	0.25	0.71	5.01	94.03
12	0.31	0.92	6.01	92.76
13	0.22	0.69	4.66	94.43
14	0.30	1.03	5.95	92.73
15	0.56	1.29	6.72	91.44
16	0.55	1.60	7.31	90.54
17	0.45	1.31	6.76	91.48
18	0.40	1.16	6.29	92.15
19	0.53	1.45	7.32	90.69
20	0.44	1.22	6.51	91.83
21	0.51	1.39	7.13	90.97
22	0.46	1.15	6.46	91.93
23	0.60	1.37	7.32	90.71
24	0.59	1.31	7.17	90.93
25	0.57	1.09	6.46	91.88
26	0.95	1.43	7.34	90.28
27	1.11	1.67	7.68	89.54
28	2.28	2.61	10.34	84.78
29	1.22	1.69	8.06	89.03
30	1.31	1.57	8.19	88.92
31	1.34	1.51	8.11	89.05
32	1.50	1.67	8.54	88.29
33	2.17	2.15	10.39	85.29
34	1.72	1.83	9.74	86.70
35	1.63	1.74	9.34	87.29
36	1.69	1.71	9.53	87.07
37	1.58	1.48	8.78	88.17
38	1.79	1.73	9.34	87.13
39	1.82	1.55	9.10	87.53
40	1.74	1.54	8.83	87.88
41	2.16	1.91	10.02	85.92
42	2.07	1.76	10.09	86.08
43	1.86	1.56	9.06	87.52
44	2.13	1.69	9.40	86.78
45	2.28	1.94	10.00	85.77
46	2.53	2.10	10.45	84.92
47	2.52	1.99	10.51	84.98
48	2.37	1.81	10.05	85.77
49	2.56	1.85	10.09	85.50
50	2.49	1.82	10.20	85.49
51	2.47	1.77	9.70	86.07
52	3.52	2.57	11.69	82.23
53	2.64	2.01	10.69	84.66
54	3.12	2.25	10.91	83.72
55	2.86	1.94	10.49	84.72
56	2.85	1.87	10.05	85.23
57	2.83	1.71	9.62	85.83
58	3.01	1.89	9.99	85.12
59	3.31	2.06	10.64	83.98
60	3.12	1.81	9.98	85.09
61	3.39	2.05	10.69	83.87
62	3.13	1.72	10.03	85.12
63	3.66	2.12	11.22	83.00
64	3.38	1.84	10.51	84.27
65	3.97	2.30	11.93	81.80
66	4.10	2.55	12.43	80.92
67	3.84	2.18	11.87	82.11
68	4.19	2.44	12.44	80.93
69	4.07	2.27	12.17	81.49
70	4.53	2.37	12.44	80.66
71	4.30	2.16	12.22	81.32
72	4.71	2.38	13.02	79.89
73	4.36	2.18	12.50	80.97
74	4.63	2.41	12.88	80.08
75	4.39	2.03	12.26	81.32
76	4.14	1.88	14.39	79.59
77	4.21	1.69	12.22	81.88
78	4.56	1.90	12.16	81.37
79	4.97	2.28	13.13	79.62
80	6.02	3.09	15.41	75.48
81	5.02	2.51	14.14	78.33
82	5.14	2.31	13.20	79.34
83	5.25	2.29	13.13	79.33
84	5.58	2.42	13.50	78.51
85	5.32	2.06	12.66	79.96
86	5.75	2.34	13.14	78.76
87	5.79	2.17	12.78	79.26
88	6.39	2.63	13.90	77.08
89	6.35	2.47	13.76	77.42
90	6.99	2.83	14.67	75.51
91	7.05	2.90	14.42	75.64
92	7.13	2.45	13.39	77.03
93	7.30	2.15	12.64	77.90
94	7.67	1.90	11.83	78.59
95	8.27	1.96	12.02	77.75
96	9.08	2.26	13.11	75.55
97	9.74	2.39	13.62	74.26
98	10.23	1.79	12.48	75.50
99	10.97	1.56	11.78	75.69
100	12.16	3.55	18.48	65.80


	KU330797-16_C_L004_R2_047.fastq
Ranges	0-10	11-20	21-30	31-40
Base
1	0.66	9.20	90.14	0.00
2	0.57	1.35	2.22	95.86
3	100.00	0.00	0.00	0.00
4	0.77	99.23	0.00	0.00
5	3.68	4.03	32.89	59.41
6	2.10	2.44	24.19	71.27
7	2.57	2.32	22.27	72.84
8	2.06	1.87	7.60	88.46
9	2.17	1.84	7.78	88.21
10	1.43	1.83	6.64	90.10
11	1.44	1.76	6.73	90.07
12	1.99	2.34	8.23	87.44
13	1.56	1.85	6.67	89.92
14	2.33	2.63	9.31	85.73
15	2.13	2.45	8.45	86.98
16	1.68	2.00	7.04	89.28
17	1.75	1.91	7.33	89.01
18	2.52	2.65	8.41	86.42
19	2.55	2.69	8.59	86.17
20	2.63	2.55	8.48	86.33
21	4.19	4.64	11.74	79.42
22	3.10	3.63	9.88	83.38
23	5.33	5.59	12.80	76.27
24	3.17	3.78	10.20	82.85
25	3.35	3.67	10.40	82.58
26	2.67	2.71	8.77	85.85
27	3.23	3.06	9.83	83.89
28	3.13	3.02	9.65	84.20
29	2.99	2.48	8.90	85.62
30	3.49	2.87	9.96	83.68
31	3.39	2.75	10.15	83.71
32	3.44	2.62	9.81	84.13
33	3.62	2.61	10.33	83.45
34	3.78	2.62	10.77	82.83
35	3.75	2.53	10.62	83.11
36	4.21	2.73	11.65	81.41
37	3.64	2.43	10.99	82.94
38	3.66	2.32	11.02	83.00
39	3.55	2.20	10.88	83.37
40	4.17	2.48	11.87	81.48
41	3.94	2.26	11.37	82.43
42	4.02	2.39	11.50	82.09
43	3.82	2.15	10.85	83.18
44	4.06	2.27	11.19	82.48
45	4.33	2.32	11.66	81.69
46	4.66	2.65	12.50	80.19
47	4.30	2.52	12.26	80.92
48	4.51	2.49	12.11	80.89
49	5.20	2.85	12.84	79.11
50	4.68	2.53	12.35	80.44
51	5.20	2.69	12.59	79.52
52	5.60	2.98	13.28	78.14
53	5.86	3.05	13.64	77.45
54	6.09	3.25	14.00	76.66
55	5.34	3.29	15.57	75.79
56	4.44	2.24	11.88	81.43
57	6.13	3.05	13.40	77.42
58	6.04	3.02	13.66	77.28
59	8.06	4.33	15.55	72.06
60	5.75	3.24	14.20	76.80
61	5.90	2.79	12.97	78.34
62	5.64	2.33	12.14	79.89
63	6.12	2.55	12.48	78.86
64	6.25	2.68	12.63	78.44
65	6.65	2.93	13.32	77.10
66	6.79	3.03	13.57	76.60
67	6.99	3.20	13.97	75.83
68	6.52	2.91	13.65	76.93
69	7.22	3.16	14.24	75.38
70	6.52	2.63	13.35	77.50
71	7.40	3.11	14.17	75.32
72	6.68	2.49	13.07	77.75
73	7.02	2.59	13.42	76.97
74	6.55	2.12	12.18	79.15
75	6.86	2.10	11.81	79.23
76	7.53	2.72	13.61	76.13
77	7.85	3.03	14.53	74.59
78	7.79	2.97	14.93	74.31
79	7.69	2.81	14.86	74.63
80	7.28	2.14	13.00	77.58
81	9.85	3.90	16.76	69.49
82	8.21	3.23	16.07	72.49
83	8.87	3.39	16.50	71.24
84	8.20	2.50	14.64	74.67
85	8.23	2.18	13.52	76.07
86	8.76	2.28	13.41	75.55
87	9.32	2.69	14.32	73.67
88	9.75	2.73	14.64	72.89
89	10.44	3.11	15.44	71.01
90	10.77	3.09	15.45	70.70
91	11.19	2.84	14.95	71.02
92	11.77	2.82	14.63	70.78
93	12.17	2.34	13.62	71.87
94	13.98	3.38	15.98	66.66
95	14.33	2.82	14.98	67.87
96	15.59	2.99	15.33	66.09
97	16.56	2.78	15.05	65.61
98	17.72	2.64	14.86	64.78
99	18.81	3.42	16.95	60.82
100	19.19	2.14	13.60	65.07




