Parameters
	Library type	Paired-end
	Input files	KU330797-16_C_L004_R1_042.fastq	KU330797-16_C_L004_R2_042.fastq
	Primer/Adaptor library	Paired End DNA Library
	Cut-off read length for HQ	70%
	Cut-off quality score	20
	Only statistics	On
	Number of CPUs	2


QC statistics
	File name	KU330797-16_C_L004_R1_042.fastq	KU330797-16_C_L004_R2_042.fastq
	Total number of reads	4000000	4000000
	Total number of HQ reads	3749727	3749727
	Percentage of HQ reads	93.74%	93.74%
	Total number of bases	400000000	400000000
	Total number of bases in HQ reads	374972700	374972700
	Total number of HQ bases in HQ reads	369825207	369298711
	Percentage of HQ bases in HQ reads	98.63%	98.49%
	Number of Primer/Adaptor contaminated HQ reads	5	13
	Total number of HQ filtered reads	3749709	3749709
	Percentage of HQ filtered reads	93.74%	93.74%


Detailed QC statistics
	File name	KU330797-16_C_L004_R1_042.fastq	KU330797-16_C_L004_R2_042.fastq
	Minimum read length	100	100
	Maximum read length	100	100
	Average read length	100.00	100.00
	Total number of reads	4000000	4000000
	Total number of reads with non-ATGC bases	13371	10692
	Percentage of reads with non-ATGC bases	0.33%	0.27%
	Total number of bases	400000000	400000000
	Total number of HQ bases	387481280	384126080
	Percentage of HQ bases	96.87%	96.03%
	Total number of non-ATGC bases	276871	434039
	Percentage of non-ATGC bases	0.07%	0.11%


Average quality score at each base position of input reads

KU330797-16_C_L004_R1_042.fastq
32.40	32.62	32.71	36.19	36.08	36.07	36.07	36.07	37.80	37.79	37.77	37.74	37.73	39.20	39.15	39.12	39.13	39.07	39.13	39.12	39.07	39.04	38.99	38.97	38.90	38.84	38.77	38.72	38.63	38.48	38.46	38.41	38.38	38.31	38.25	38.16	38.10	38.04	37.97	37.87	37.72	37.94	37.93	37.92	37.88	37.85	37.78	37.61	37.59	37.68	37.74	37.75	37.69	37.62	37.49	37.42	37.35	37.29	37.17	37.08	36.94	36.82	36.73	36.63	36.48	36.37	36.20	36.02	35.80	35.53	35.33	35.18	34.98	34.75	34.59	33.71	33.95	34.01	33.96	33.81	33.66	33.46	33.24	33.04	32.87	32.66	32.49	32.34	32.11	32.00	31.87	31.70	31.60	31.47	31.31	31.16	30.97	30.73	30.52	29.24	

KU330797-16_C_L004_R2_042.fastq
36.69	36.72	36.75	36.78	30.53	31.32	31.76	35.52	35.56	35.60	35.63	35.61	37.25	37.26	37.21	37.16	37.19	38.58	38.56	38.54	38.51	38.44	38.45	38.40	38.42	38.42	38.34	38.33	38.27	38.26	38.22	38.11	38.11	38.02	38.00	37.88	37.85	37.84	37.74	37.71	37.64	37.57	37.53	37.49	37.43	37.35	37.42	37.42	37.39	37.37	37.31	37.23	37.20	37.09	36.16	36.56	36.84	36.88	36.78	36.77	36.68	36.59	36.47	36.39	36.23	36.17	36.02	36.06	36.05	35.98	35.82	35.72	35.61	35.45	35.25	35.06	34.89	34.69	34.49	34.26	34.00	33.86	33.67	33.46	33.25	33.04	32.81	32.67	32.49	32.30	32.18	31.98	31.81	31.64	31.47	31.34	31.19	30.99	30.84	30.67	





Read count (%) per base for different quality score ranges

	KU330797-16_C_L004_R1_042.fastq
Ranges	0-10	11-20	21-30	31-40
Base
1	0.20	0.31	8.48	91.01
2	0.10	0.38	7.98	91.55
3	0.09	0.27	7.83	91.81
4	0.09	0.26	2.30	97.36
5	0.14	0.35	2.90	96.61
6	0.12	0.41	2.98	96.49
7	0.12	0.40	2.92	96.56
8	0.12	0.39	2.89	96.60
9	0.12	0.39	2.94	96.55
10	0.12	0.40	2.98	96.49
11	0.13	0.41	3.03	96.43
12	0.15	0.43	3.11	96.31
13	0.15	0.44	3.16	96.25
14	0.32	0.92	5.14	93.62
15	0.36	0.95	5.29	93.40
16	0.37	1.02	5.32	93.30
17	0.36	0.96	5.25	93.43
18	0.39	1.01	5.44	93.16
19	0.40	1.00	5.40	93.20
20	0.41	0.98	5.36	93.24
21	0.45	1.01	5.52	93.02
22	0.47	1.02	5.53	92.98
23	0.52	1.05	5.62	92.81
24	0.56	1.06	5.74	92.63
25	0.63	1.10	5.92	92.34
26	0.86	1.16	5.79	92.18
27	1.00	1.22	5.92	91.87
28	1.05	1.22	5.98	91.75
29	1.14	1.22	6.20	91.44
30	1.32	1.31	6.60	90.77
31	1.31	1.25	6.58	90.86
32	1.37	1.25	6.70	90.68
33	1.39	1.22	6.75	90.64
34	1.46	1.23	6.98	90.32
35	1.52	1.25	7.07	90.15
36	1.60	1.28	7.22	89.91
37	1.63	1.26	7.24	89.87
38	1.66	1.27	7.23	89.84
39	1.72	1.27	7.29	89.71
40	1.81	1.31	7.41	89.47
41	1.92	1.38	7.67	89.02
42	1.92	1.35	7.66	89.07
43	2.03	1.37	7.70	88.90
44	2.11	1.40	7.66	88.83
45	2.17	1.43	7.74	88.65
46	2.22	1.42	7.75	88.62
47	2.29	1.44	7.79	88.48
48	2.46	1.57	8.11	87.86
49	2.45	1.55	8.03	87.97
50	2.47	1.47	7.89	88.18
51	2.49	1.49	7.69	88.34
52	2.53	1.40	7.66	88.40
53	2.66	1.41	7.68	88.25
54	2.75	1.44	7.67	88.14
55	2.90	1.51	7.87	87.72
56	2.86	1.53	7.86	87.75
57	2.92	1.49	7.90	87.68
58	2.94	1.45	7.83	87.79
59	3.02	1.46	7.96	87.56
60	3.08	1.47	7.89	87.56
61	3.16	1.50	8.03	87.31
62	3.19	1.52	8.12	87.17
63	3.19	1.48	8.10	87.23
64	3.23	1.45	8.04	87.28
65	3.29	1.47	8.12	87.12
66	3.30	1.44	8.09	87.17
67	3.35	1.46	8.18	87.01
68	3.41	1.47	8.27	86.85
69	3.51	1.51	8.46	86.52
70	3.82	1.50	8.56	86.12
71	3.85	1.57	8.67	85.91
72	3.86	1.51	8.71	85.93
73	3.90	1.52	8.76	85.83
74	3.95	1.57	8.94	85.53
75	3.94	1.54	8.91	85.61
76	3.75	1.60	11.26	83.38
77	3.80	1.47	9.63	85.10
78	3.94	1.46	9.06	85.53
79	3.99	1.42	8.71	85.87
80	4.08	1.41	8.58	85.92
81	4.13	1.38	8.45	86.03
82	4.23	1.44	8.57	85.77
83	4.38	1.50	8.76	85.36
84	4.49	1.54	8.89	85.08
85	4.61	1.55	8.96	84.88
86	4.82	1.62	9.17	84.39
87	4.97	1.65	9.28	84.10
88	5.15	1.68	9.29	83.88
89	5.42	1.81	9.67	83.10
90	5.56	1.78	9.65	83.01
91	5.79	1.78	9.67	82.77
92	6.09	1.82	9.81	82.28
93	6.32	1.77	9.68	82.23
94	6.64	1.72	9.60	82.04
95	7.04	1.68	9.62	81.67
96	7.46	1.60	9.51	81.42
97	7.99	1.51	9.48	81.02
98	8.61	1.46	9.67	80.26
99	9.27	1.36	9.48	79.89
100	10.21	2.85	15.51	71.42


	KU330797-16_C_L004_R2_042.fastq
Ranges	0-10	11-20	21-30	31-40
Base
1	0.57	0.30	0.22	98.91
2	0.65	0.24	0.17	98.94
3	0.54	0.19	0.15	99.11
4	0.46	0.18	0.14	99.22
5	1.57	1.96	21.66	74.81
6	1.02	1.18	13.67	84.13
7	0.99	0.92	11.27	86.82
8	0.98	0.84	3.94	94.24
9	0.99	0.80	3.94	94.26
10	0.86	0.94	3.87	94.34
11	0.85	0.90	3.78	94.47
12	0.90	0.90	3.82	94.39
13	0.98	0.89	3.78	94.36
14	0.99	0.86	3.73	94.42
15	1.07	0.88	3.80	94.26
16	1.08	0.95	3.93	94.05
17	1.07	0.90	3.83	94.20
18	2.15	1.91	6.34	89.60
19	2.18	1.92	6.35	89.55
20	2.25	1.86	6.37	89.52
21	2.19	2.00	6.42	89.39
22	2.23	2.02	6.55	89.19
23	2.35	1.99	6.79	88.88
24	2.41	2.01	6.88	88.70
25	2.38	1.90	6.71	89.01
26	2.40	1.84	6.65	89.10
27	2.51	1.89	6.82	88.77
28	2.65	1.95	7.15	88.25
29	2.68	1.91	7.21	88.20
30	2.70	1.83	7.17	88.31
31	2.76	1.79	7.21	88.24
32	2.90	1.80	7.43	87.87
33	2.87	1.72	7.42	88.00
34	2.98	1.71	7.63	87.68
35	2.99	1.65	7.74	87.61
36	3.12	1.71	8.03	87.14
37	3.12	1.69	8.13	87.05
38	3.13	1.66	8.13	87.09
39	3.34	1.70	8.33	86.63
40	3.35	1.67	8.35	86.63
41	3.40	1.67	8.44	86.50
42	3.50	1.67	8.47	86.37
43	3.51	1.71	8.51	86.26
44	3.44	1.70	8.52	86.34
45	3.49	1.71	8.52	86.28
46	3.51	1.75	8.60	86.15
47	3.61	1.81	8.85	85.73
48	3.70	1.78	8.87	85.65
49	3.77	1.80	8.84	85.58
50	3.80	1.76	8.77	85.67
51	3.90	1.76	8.72	85.61
52	3.99	1.80	8.88	85.33
53	4.01	1.82	8.85	85.32
54	4.15	1.86	8.99	85.01
55	3.00	1.49	8.31	87.20
56	3.24	1.45	7.54	87.77
57	3.71	1.58	8.04	86.66
58	4.07	1.76	8.53	85.64
59	4.36	1.86	8.99	84.79
60	4.40	1.85	8.94	84.82
61	4.48	1.88	8.99	84.66
62	4.50	1.88	9.04	84.58
63	4.61	1.87	9.14	84.37
64	4.59	1.89	9.06	84.47
65	4.64	1.93	9.22	84.20
66	4.56	1.87	9.15	84.42
67	4.63	1.91	9.25	84.20
68	4.62	1.86	9.21	84.31
69	4.67	1.74	8.92	84.67
70	4.71	1.69	8.78	84.82
71	4.76	1.68	8.86	84.70
72	4.75	1.64	8.72	84.89
73	4.74	1.58	8.59	85.08
74	4.73	1.57	8.59	85.11
75	4.77	1.58	8.70	84.95
76	4.77	1.58	8.74	84.91
77	4.77	1.56	8.67	84.99
78	4.78	1.58	8.74	84.90
79	4.82	1.57	8.73	84.88
80	4.86	1.59	8.81	84.74
81	4.98	1.63	9.02	84.37
82	4.93	1.56	8.87	84.64
83	4.99	1.56	8.78	84.68
84	5.06	1.59	8.89	84.45
85	5.15	1.60	8.95	84.30
86	5.30	1.61	9.04	84.05
87	5.47	1.69	9.18	83.66
88	5.55	1.65	9.11	83.70
89	5.72	1.65	9.08	83.54
90	5.92	1.69	9.19	83.20
91	6.07	1.63	9.07	83.23
92	6.35	1.70	9.16	82.79
93	6.63	1.70	9.22	82.45
94	6.91	1.69	9.22	82.18
95	7.25	1.67	9.26	81.82
96	7.60	1.56	9.07	81.77
97	8.01	1.47	8.95	81.58
98	8.45	1.44	9.03	81.09
99	8.84	1.36	9.06	80.74
100	9.18	1.51	9.00	80.30




