Parameters
	Library type	Paired-end
	Input files	KU330797-16_C_L004_R1_032.fastq	KU330797-16_C_L004_R2_032.fastq
	Primer/Adaptor library	Paired End DNA Library
	Cut-off read length for HQ	70%
	Cut-off quality score	20
	Only statistics	On
	Number of CPUs	2


QC statistics
	File name	KU330797-16_C_L004_R1_032.fastq	KU330797-16_C_L004_R2_032.fastq
	Total number of reads	4000000	4000000
	Total number of HQ reads	3743432	3743432
	Percentage of HQ reads	93.59%	93.59%
	Total number of bases	400000000	400000000
	Total number of bases in HQ reads	374343200	374343200
	Total number of HQ bases in HQ reads	369570518	369581068
	Percentage of HQ bases in HQ reads	98.73%	98.73%
	Number of Primer/Adaptor contaminated HQ reads	3	16
	Total number of HQ filtered reads	3743413	3743413
	Percentage of HQ filtered reads	93.59%	93.59%


Detailed QC statistics
	File name	KU330797-16_C_L004_R1_032.fastq	KU330797-16_C_L004_R2_032.fastq
	Minimum read length	100	100
	Maximum read length	100	100
	Average read length	100.00	100.00
	Total number of reads	4000000	4000000
	Total number of reads with non-ATGC bases	15141	11559
	Percentage of reads with non-ATGC bases	0.38%	0.29%
	Total number of bases	400000000	400000000
	Total number of HQ bases	387849612	385055363
	Percentage of HQ bases	96.96%	96.26%
	Total number of non-ATGC bases	275140	349488
	Percentage of non-ATGC bases	0.07%	0.09%


Average quality score at each base position of input reads

KU330797-16_C_L004_R1_032.fastq
32.66	32.92	32.98	36.38	36.31	36.31	36.30	36.30	38.08	38.07	38.05	38.04	38.02	39.57	39.51	39.49	39.47	39.44	39.46	39.45	39.40	39.37	39.30	39.30	39.22	39.17	39.10	39.02	38.94	38.90	38.80	38.72	38.68	38.61	38.54	38.49	38.37	38.28	38.22	38.11	38.03	38.19	38.18	38.15	38.12	38.07	37.98	37.86	37.82	37.95	37.99	37.98	37.96	37.90	37.83	37.74	37.61	37.50	37.42	37.33	37.20	37.04	36.91	36.77	36.58	36.44	36.28	36.14	35.94	35.66	35.47	35.30	35.10	34.88	34.67	33.82	34.10	34.16	34.06	33.89	33.69	33.50	33.29	33.06	32.88	32.72	32.58	32.41	32.22	32.06	31.93	31.78	31.62	31.44	31.29	31.13	30.94	30.70	30.47	29.06	

KU330797-16_C_L004_R2_032.fastq
36.66	36.70	36.73	36.77	31.16	31.87	32.29	35.91	35.92	35.93	35.93	35.94	37.60	37.59	37.55	37.50	37.49	38.96	38.95	38.85	38.88	38.89	38.93	38.90	38.87	38.81	38.80	38.79	38.71	38.67	38.62	38.55	38.46	38.47	38.40	38.33	38.25	38.23	38.15	38.04	37.97	37.93	37.85	37.79	37.74	37.67	37.75	37.74	37.71	37.64	37.57	37.52	37.44	37.36	36.43	36.78	37.06	37.13	37.10	37.02	36.95	36.85	36.70	36.58	36.46	36.35	36.19	36.29	36.30	36.22	36.13	35.98	35.86	35.69	35.54	35.35	35.11	34.92	34.71	34.50	34.29	34.03	33.83	33.66	33.47	33.25	33.02	32.86	32.72	32.52	32.33	32.16	31.98	31.80	31.66	31.48	31.32	31.20	31.03	30.82	





Read count (%) per base for different quality score ranges

	KU330797-16_C_L004_R1_032.fastq
Ranges	0-10	11-20	21-30	31-40
Base
1	0.14	0.24	6.38	93.24
2	0.06	0.26	5.79	93.89
3	0.06	0.19	5.74	94.01
4	0.06	0.19	1.69	98.06
5	0.09	0.23	2.02	97.66
6	0.07	0.26	2.02	97.65
7	0.08	0.27	2.07	97.58
8	0.08	0.27	2.08	97.57
9	0.09	0.28	2.15	97.48
10	0.09	0.28	2.16	97.48
11	0.09	0.29	2.19	97.43
12	0.10	0.30	2.22	97.38
13	0.10	0.30	2.28	97.32
14	0.25	0.73	4.32	94.69
15	0.33	0.79	4.49	94.39
16	0.31	0.84	4.46	94.40
17	0.31	0.81	4.46	94.42
18	0.34	0.82	4.55	94.29
19	0.36	0.85	4.70	94.09
20	0.37	0.82	4.58	94.23
21	0.42	0.85	4.72	94.01
22	0.44	0.86	4.70	93.99
23	0.50	0.88	4.79	93.84
24	0.54	0.89	4.89	93.68
25	0.62	0.93	5.06	93.39
26	0.82	0.98	4.99	93.21
27	0.94	1.01	5.08	92.98
28	1.02	1.03	5.21	92.74
29	1.11	1.04	5.34	92.52
30	1.15	1.00	5.38	92.47
31	1.27	1.04	5.57	92.12
32	1.33	1.04	5.75	91.88
33	1.36	1.03	5.81	91.80
34	1.41	1.03	5.93	91.62
35	1.48	1.06	6.04	91.42
36	1.51	1.03	6.05	91.40
37	1.61	1.08	6.21	91.11
38	1.66	1.09	6.31	90.95
39	1.71	1.10	6.32	90.86
40	1.79	1.14	6.42	90.65
41	1.85	1.16	6.47	90.52
42	1.93	1.16	6.61	90.30
43	2.06	1.18	6.62	90.15
44	2.16	1.22	6.66	89.97
45	2.22	1.22	6.67	89.89
46	2.28	1.23	6.72	89.78
47	2.35	1.25	6.77	89.64
48	2.47	1.32	6.96	89.25
49	2.49	1.31	6.94	89.26
50	2.53	1.27	6.83	89.37
51	2.62	1.27	6.65	89.46
52	2.72	1.24	6.67	89.38
53	2.80	1.23	6.64	89.33
54	2.87	1.21	6.59	89.33
55	2.93	1.24	6.68	89.15
56	2.99	1.25	6.69	89.07
57	3.07	1.28	6.82	88.83
58	3.11	1.30	6.87	88.72
59	3.16	1.26	6.90	88.68
60	3.21	1.26	6.89	88.64
61	3.28	1.27	6.98	88.47
62	3.34	1.31	7.11	88.24
63	3.37	1.30	7.18	88.15
64	3.41	1.30	7.24	88.05
65	3.50	1.36	7.43	87.71
66	3.53	1.34	7.47	87.66
67	3.57	1.37	7.54	87.53
68	3.58	1.33	7.51	87.57
69	3.67	1.35	7.64	87.34
70	4.01	1.34	7.74	86.91
71	4.00	1.39	7.82	86.79
72	4.03	1.38	7.87	86.72
73	4.07	1.38	7.97	86.58
74	4.08	1.42	8.14	86.36
75	4.13	1.42	8.24	86.21
76	3.82	1.41	10.35	84.42
77	3.90	1.26	8.55	86.29
78	4.05	1.26	8.02	86.67
79	4.14	1.28	7.86	86.73
80	4.22	1.30	7.84	86.64
81	4.32	1.32	7.89	86.47
82	4.39	1.36	7.94	86.30
83	4.51	1.40	8.15	85.94
84	4.65	1.48	8.42	85.45
85	4.76	1.51	8.52	85.21
86	4.90	1.50	8.56	85.04
87	5.03	1.52	8.57	84.88
88	5.21	1.56	8.67	84.56
89	5.42	1.63	8.93	84.02
90	5.62	1.66	9.11	83.60
91	5.83	1.66	9.17	83.35
92	6.09	1.68	9.19	83.04
93	6.39	1.68	9.34	82.59
94	6.73	1.71	9.50	82.07
95	7.10	1.67	9.55	81.69
96	7.54	1.60	9.47	81.39
97	8.07	1.51	9.46	80.95
98	8.68	1.43	9.63	80.25
99	9.38	1.36	9.56	79.70
100	10.45	3.01	16.24	70.30


	KU330797-16_C_L004_R2_032.fastq
Ranges	0-10	11-20	21-30	31-40
Base
1	0.64	0.36	0.21	98.78
2	0.70	0.32	0.19	98.79
3	0.57	0.27	0.16	99.00
4	0.48	0.22	0.14	99.15
5	1.20	1.18	14.68	82.94
6	0.77	0.87	9.40	88.97
7	0.73	0.64	8.04	90.59
8	0.73	0.56	2.77	95.94
9	0.75	0.56	2.80	95.89
10	0.69	0.66	2.81	95.85
11	0.70	0.65	2.81	95.85
12	0.71	0.63	2.70	95.96
13	0.83	0.66	2.84	95.66
14	0.87	0.66	2.84	95.63
15	0.97	0.65	2.85	95.52
16	0.98	0.73	2.94	95.35
17	1.00	0.70	2.97	95.34
18	2.31	1.69	5.57	90.44
19	2.36	1.62	5.53	90.49
20	2.42	1.75	5.74	90.09
21	2.26	1.81	5.58	90.35
22	2.31	1.70	5.51	90.48
23	2.42	1.63	5.67	90.27
24	2.47	1.61	5.71	90.21
25	2.52	1.58	5.67	90.22
26	2.58	1.61	5.80	90.02
27	2.60	1.55	5.72	90.13
28	2.78	1.58	6.00	89.64
29	2.87	1.60	6.12	89.41
30	2.89	1.55	6.12	89.44
31	2.96	1.50	6.15	89.39
32	3.01	1.49	6.23	89.26
33	3.10	1.49	6.42	88.98
34	3.07	1.39	6.34	89.21
35	3.18	1.38	6.50	88.94
36	3.24	1.38	6.67	88.71
37	3.30	1.41	6.87	88.41
38	3.32	1.35	6.88	88.46
39	3.48	1.36	6.94	88.23
40	3.59	1.40	7.13	87.88
41	3.62	1.43	7.21	87.74
42	3.67	1.41	7.15	87.77
43	3.74	1.44	7.23	87.60
44	3.68	1.48	7.27	87.56
45	3.72	1.46	7.24	87.58
46	3.73	1.45	7.28	87.53
47	3.83	1.53	7.46	87.18
48	3.92	1.51	7.45	87.12
49	4.03	1.46	7.45	87.05
50	4.11	1.49	7.45	86.95
51	4.19	1.50	7.54	86.78
52	4.22	1.51	7.54	86.73
53	4.31	1.52	7.59	86.58
54	4.35	1.57	7.61	86.47
55	3.08	1.21	6.84	88.87
56	3.39	1.20	6.29	89.12
57	3.91	1.36	6.72	88.01
58	4.31	1.50	7.21	86.98
59	4.54	1.53	7.49	86.45
60	4.62	1.57	7.64	86.17
61	4.65	1.58	7.63	86.14
62	4.73	1.55	7.64	86.07
63	4.82	1.62	7.91	85.65
64	4.82	1.63	7.98	85.57
65	4.81	1.64	8.00	85.55
66	4.79	1.65	8.04	85.51
67	4.84	1.68	8.19	85.29
68	4.86	1.57	8.04	85.53
69	4.93	1.48	7.72	85.86
70	5.00	1.44	7.64	85.92
71	4.98	1.40	7.52	86.09
72	5.01	1.39	7.52	86.08
73	4.97	1.36	7.39	86.29
74	4.95	1.36	7.41	86.27
75	4.92	1.32	7.34	86.42
76	4.92	1.31	7.39	86.38
77	4.93	1.35	7.53	86.19
78	4.91	1.34	7.57	86.18
79	4.90	1.34	7.58	86.18
80	4.92	1.33	7.63	86.11
81	4.94	1.33	7.67	86.05
82	5.03	1.37	7.80	85.79
83	5.05	1.39	7.83	85.73
84	5.07	1.38	7.80	85.75
85	5.14	1.37	7.78	85.71
86	5.25	1.40	7.88	85.46
87	5.39	1.45	8.07	85.08
88	5.49	1.43	8.07	85.02
89	5.59	1.40	7.95	85.05
90	5.80	1.45	8.12	84.63
91	5.98	1.50	8.23	84.29
92	6.18	1.50	8.33	83.99
93	6.45	1.53	8.44	83.58
94	6.73	1.54	8.53	83.21
95	7.01	1.51	8.47	83.01
96	7.37	1.48	8.53	82.61
97	7.73	1.42	8.57	82.28
98	8.08	1.29	8.41	82.22
99	8.48	1.26	8.50	81.76
100	8.85	1.46	8.63	81.05




