Parameters
	Library type	Paired-end
	Input files	KU330797-16_C_L004_R1_003.fastq	KU330797-16_C_L004_R2_003.fastq
	Primer/Adaptor library	Paired End DNA Library
	Cut-off read length for HQ	70%
	Cut-off quality score	20
	Only statistics	On
	Number of CPUs	2


QC statistics
	File name	KU330797-16_C_L004_R1_003.fastq	KU330797-16_C_L004_R2_003.fastq
	Total number of reads	4000000	4000000
	Total number of HQ reads	3767829	3767829
	Percentage of HQ reads	94.20%	94.20%
	Total number of bases	400000000	400000000
	Total number of bases in HQ reads	376782900	376782900
	Total number of HQ bases in HQ reads	371801816	371449306
	Percentage of HQ bases in HQ reads	98.68%	98.58%
	Number of Primer/Adaptor contaminated HQ reads	10	13
	Total number of HQ filtered reads	3767806	3767806
	Percentage of HQ filtered reads	94.20%	94.20%


Detailed QC statistics
	File name	KU330797-16_C_L004_R1_003.fastq	KU330797-16_C_L004_R2_003.fastq
	Minimum read length	100	100
	Maximum read length	100	100
	Average read length	100.00	100.00
	Total number of reads	4000000	4000000
	Total number of reads with non-ATGC bases	32134	29353
	Percentage of reads with non-ATGC bases	0.80%	0.73%
	Total number of bases	400000000	400000000
	Total number of HQ bases	388339342	385772392
	Percentage of HQ bases	97.08%	96.44%
	Total number of non-ATGC bases	693251	191503
	Percentage of non-ATGC bases	0.17%	0.05%


Average quality score at each base position of input reads

KU330797-16_C_L004_R1_003.fastq
32.51	32.74	32.80	36.26	36.13	36.13	36.11	36.11	37.84	37.84	37.83	37.83	37.81	39.25	39.24	39.19	39.18	39.16	39.21	39.16	39.15	39.12	39.04	39.01	38.95	38.92	38.86	38.76	38.74	38.64	38.58	38.56	38.46	38.41	38.32	38.29	38.22	38.15	38.10	37.99	37.89	38.07	38.10	38.06	37.97	37.94	37.95	37.87	37.73	37.82	37.87	37.84	37.79	37.70	37.60	37.52	37.41	37.34	37.31	37.18	37.10	36.86	36.77	36.64	36.51	36.37	36.19	36.09	35.85	35.44	35.26	35.09	34.89	34.30	34.42	33.30	33.89	34.11	34.05	33.92	33.73	33.59	33.35	33.14	32.98	32.85	32.72	32.51	32.33	32.14	32.02	31.86	31.74	31.61	31.43	31.31	31.12	30.96	30.73	29.39	

KU330797-16_C_L004_R2_003.fastq
36.36	36.52	36.53	36.56	31.94	32.23	32.28	35.69	35.65	35.66	35.71	35.66	37.34	37.33	37.38	37.32	37.36	38.70	38.71	38.69	38.62	38.57	38.63	38.58	38.51	38.53	38.51	38.42	38.39	38.33	38.33	38.26	38.16	38.15	38.10	38.09	38.05	37.96	37.91	37.90	37.80	37.76	37.70	37.63	37.59	37.52	37.53	37.54	37.51	37.51	37.46	37.36	37.34	37.31	36.21	36.67	36.98	37.11	37.08	37.11	37.02	36.90	36.78	36.73	36.61	36.46	36.32	36.35	36.28	36.18	36.03	35.95	35.80	35.67	35.48	35.30	35.09	34.89	34.70	34.52	34.31	34.06	33.85	33.66	33.48	33.26	33.06	32.94	32.76	32.55	32.38	32.22	32.09	31.90	31.74	31.59	31.43	31.29	31.10	30.97	





Read count (%) per base for different quality score ranges

	KU330797-16_C_L004_R1_003.fastq
Ranges	0-10	11-20	21-30	31-40
Base
1	0.13	0.30	7.95	91.62
2	0.08	0.26	7.28	92.38
3	0.08	0.25	7.16	92.52
4	0.07	0.22	2.09	97.62
5	0.14	0.31	2.74	96.81
6	0.11	0.37	2.70	96.82
7	0.12	0.39	2.80	96.69
8	0.11	0.37	2.76	96.76
9	0.12	0.38	2.84	96.66
10	0.12	0.38	2.84	96.66
11	0.12	0.38	2.84	96.66
12	0.12	0.38	2.86	96.64
13	0.13	0.39	2.89	96.59
14	0.32	0.90	5.10	93.67
15	0.32	0.90	5.05	93.74
16	0.36	0.93	5.18	93.54
17	0.34	0.97	5.17	93.52
18	0.36	0.94	5.20	93.49
19	0.38	0.95	5.23	93.43
20	0.41	0.99	5.29	93.31
21	0.41	0.95	5.27	93.37
22	0.43	0.95	5.25	93.37
23	0.50	1.01	5.50	92.98
24	0.54	1.05	5.70	92.71
25	0.60	1.06	5.79	92.55
26	0.78	1.08	5.58	92.56
27	0.87	1.13	5.71	92.29
28	0.98	1.16	5.92	91.94
29	0.97	1.08	5.75	92.19
30	1.09	1.15	6.12	91.64
31	1.15	1.16	6.25	91.44
32	1.14	1.11	6.29	91.45
33	1.27	1.18	6.63	90.92
34	1.28	1.17	6.76	90.79
35	1.35	1.20	6.97	90.48
36	1.34	1.20	6.98	90.47
37	1.39	1.19	7.03	90.39
38	1.42	1.20	7.12	90.27
39	1.47	1.21	7.12	90.21
40	1.56	1.27	7.24	89.93
41	1.62	1.30	7.38	89.70
42	1.61	1.29	7.50	89.61
43	1.65	1.29	7.39	89.67
44	1.77	1.31	7.47	89.45
45	1.90	1.40	7.65	89.05
46	1.91	1.39	7.65	89.06
47	1.88	1.34	7.48	89.30
48	1.96	1.37	7.60	89.07
49	2.10	1.49	7.86	88.55
50	1.99	1.40	7.72	88.89
51	2.04	1.33	7.44	89.19
52	2.10	1.34	7.45	89.12
53	2.18	1.36	7.46	89.00
54	2.28	1.39	7.58	88.76
55	2.36	1.45	7.75	88.45
56	2.41	1.44	7.74	88.41
57	2.49	1.50	7.88	88.14
58	2.50	1.48	7.86	88.15
59	2.47	1.39	7.73	88.41
60	2.56	1.41	7.79	88.24
61	2.57	1.38	7.75	88.30
62	2.77	1.52	8.13	87.58
63	2.76	1.50	8.11	87.63
64	2.79	1.50	8.15	87.55
65	2.86	1.50	8.25	87.39
66	2.90	1.48	8.28	87.33
67	2.99	1.51	8.40	87.10
68	2.97	1.45	8.26	87.33
69	3.16	1.50	8.46	86.89
70	3.82	1.53	8.68	85.98
71	3.91	1.51	8.69	85.88
72	3.91	1.53	8.77	85.79
73	3.79	1.68	8.94	85.59
74	4.04	1.92	10.32	83.72
75	3.80	1.67	9.47	85.05
76	3.50	1.77	13.08	81.64
77	3.51	1.39	9.87	85.23
78	3.63	1.30	8.76	86.31
79	3.75	1.33	8.51	86.41
80	3.81	1.32	8.38	86.48
81	3.89	1.37	8.42	86.32
82	3.95	1.35	8.33	86.36
83	4.11	1.42	8.57	85.90
84	4.27	1.48	8.72	85.53
85	4.33	1.55	8.80	85.32
86	4.43	1.52	8.76	85.28
87	4.55	1.49	8.75	85.20
88	4.80	1.59	8.99	84.63
89	4.99	1.65	9.20	84.16
90	5.22	1.74	9.51	83.53
91	5.41	1.71	9.52	83.37
92	5.70	1.75	9.61	82.94
93	5.93	1.74	9.54	82.79
94	6.22	1.70	9.51	82.57
95	6.61	1.70	9.70	81.99
96	6.99	1.60	9.50	81.90
97	7.48	1.55	9.60	81.37
98	8.00	1.39	9.48	81.13
99	8.66	1.35	9.42	80.58
100	9.64	2.89	15.80	71.67


	KU330797-16_C_L004_R2_003.fastq
Ranges	0-10	11-20	21-30	31-40
Base
1	1.17	0.25	0.24	98.33
2	1.16	0.24	0.19	98.41
3	1.15	0.20	0.16	98.50
4	1.06	0.20	0.14	98.60
5	0.98	0.75	10.71	87.56
6	0.89	0.72	9.15	89.25
7	0.95	0.70	8.94	89.41
8	0.99	0.68	3.55	94.78
9	1.05	0.71	3.63	94.60
10	0.93	0.85	3.61	94.61
11	0.68	1.04	3.52	94.76
12	0.74	1.08	3.71	94.48
13	0.76	0.88	3.76	94.60
14	0.78	0.87	3.74	94.60
15	0.75	0.82	3.59	94.83
16	0.81	0.86	3.76	94.57
17	0.78	0.82	3.61	94.79
18	1.76	1.83	6.31	90.10
19	1.73	1.77	6.17	90.33
20	1.78	1.77	6.18	90.27
21	1.86	1.85	6.35	89.94
22	1.87	1.80	6.27	90.06
23	1.95	1.81	6.34	89.90
24	2.04	1.83	6.46	89.67
25	2.05	1.93	6.62	89.40
26	2.04	1.82	6.47	89.66
27	2.11	1.76	6.48	89.66
28	2.31	1.92	7.02	88.74
29	2.36	1.87	6.97	88.79
30	2.43	1.83	7.09	88.65
31	2.36	1.75	6.99	88.90
32	2.47	1.74	7.22	88.57
33	2.58	1.70	7.35	88.36
34	2.53	1.67	7.37	88.43
35	2.59	1.65	7.56	88.20
36	2.58	1.60	7.60	88.22
37	2.63	1.58	7.70	88.09
38	2.73	1.59	8.03	87.64
39	2.75	1.61	8.09	87.55
40	2.71	1.58	8.12	87.59
41	2.83	1.59	8.23	87.36
42	2.83	1.60	8.24	87.34
43	2.88	1.59	8.28	87.24
44	2.93	1.62	8.35	87.10
45	2.92	1.60	8.31	87.17
46	2.98	1.62	8.33	87.07
47	3.15	1.71	8.66	86.49
48	3.17	1.71	8.64	86.48
49	3.27	1.74	8.65	86.34
50	3.29	1.71	8.54	86.46
51	3.36	1.71	8.54	86.39
52	3.47	1.79	8.71	86.04
53	3.47	1.76	8.67	86.10
54	3.48	1.71	8.58	86.23
55	2.54	1.43	8.17	87.85
56	2.70	1.39	7.27	88.64
57	3.16	1.53	7.79	87.53
58	3.49	1.63	8.21	86.67
59	3.71	1.73	8.57	85.99
60	3.71	1.69	8.43	86.17
61	3.81	1.70	8.49	86.00
62	3.91	1.75	8.62	85.72
63	3.96	1.76	8.81	85.47
64	3.91	1.73	8.70	85.66
65	3.98	1.74	8.75	85.53
66	4.04	1.75	8.87	85.34
67	4.06	1.78	8.93	85.23
68	4.02	1.71	8.80	85.47
69	4.11	1.66	8.67	85.56
70	4.18	1.62	8.55	85.65
71	4.24	1.64	8.61	85.51
72	4.24	1.54	8.37	85.85
73	4.24	1.58	8.32	85.86
74	4.16	1.56	8.27	86.00
75	4.21	1.57	8.36	85.87
76	4.21	1.52	8.42	85.85
77	4.21	1.54	8.49	85.75
78	4.24	1.54	8.52	85.70
79	4.24	1.51	8.57	85.67
80	4.25	1.48	8.51	85.75
81	4.29	1.49	8.55	85.68
82	4.39	1.54	8.68	85.39
83	4.42	1.55	8.77	85.25
84	4.49	1.54	8.75	85.21
85	4.58	1.53	8.74	85.15
86	4.70	1.59	8.84	84.87
87	4.83	1.62	8.92	84.63
88	4.90	1.56	8.76	84.79
89	5.07	1.59	8.78	84.56
90	5.27	1.63	8.97	84.13
91	5.48	1.67	9.02	83.84
92	5.68	1.66	9.06	83.61
93	5.90	1.61	8.97	83.52
94	6.24	1.62	9.02	83.13
95	6.55	1.59	8.97	82.89
96	6.90	1.53	8.89	82.68
97	7.29	1.45	8.83	82.43
98	7.69	1.36	8.74	82.21
99	8.09	1.35	8.95	81.61
100	8.41	1.44	8.72	81.42




