Parameters
	Library type	Paired-end
	Input files	KU330797-16_C_L004_R1_012.fastq	KU330797-16_C_L004_R2_012.fastq
	Primer/Adaptor library	Paired End DNA Library
	Cut-off read length for HQ	70%
	Cut-off quality score	20
	Only statistics	On
	Number of CPUs	2


QC statistics
	File name	KU330797-16_C_L004_R1_012.fastq	KU330797-16_C_L004_R2_012.fastq
	Total number of reads	4000000	4000000
	Total number of HQ reads	3780074	3780074
	Percentage of HQ reads	94.50%	94.50%
	Total number of bases	400000000	400000000
	Total number of bases in HQ reads	378007400	378007400
	Total number of HQ bases in HQ reads	373129302	372843993
	Percentage of HQ bases in HQ reads	98.71%	98.63%
	Number of Primer/Adaptor contaminated HQ reads	3	11
	Total number of HQ filtered reads	3780060	3780060
	Percentage of HQ filtered reads	94.50%	94.50%


Detailed QC statistics
	File name	KU330797-16_C_L004_R1_012.fastq	KU330797-16_C_L004_R2_012.fastq
	Minimum read length	100	100
	Maximum read length	100	100
	Average read length	100.00	100.00
	Total number of reads	4000000	4000000
	Total number of reads with non-ATGC bases	27159	29772
	Percentage of reads with non-ATGC bases	0.68%	0.74%
	Total number of bases	400000000	400000000
	Total number of HQ bases	389074933	385889329
	Percentage of HQ bases	97.27%	96.47%
	Total number of non-ATGC bases	377882	338736
	Percentage of non-ATGC bases	0.09%	0.08%


Average quality score at each base position of input reads

KU330797-16_C_L004_R1_012.fastq
32.55	32.77	32.84	36.28	36.17	36.17	36.17	36.15	37.87	37.86	37.86	37.83	37.83	39.32	39.31	39.27	39.25	39.25	39.28	39.23	39.19	39.16	39.10	39.09	39.02	38.98	38.89	38.84	38.81	38.74	38.66	38.62	38.57	38.51	38.42	38.35	38.30	38.18	38.15	38.06	37.95	38.19	38.16	38.16	38.12	38.09	38.03	37.99	37.91	37.96	37.99	37.91	37.91	37.84	37.77	37.70	37.57	37.50	37.41	37.26	37.17	37.10	36.92	36.78	36.65	36.51	36.35	36.15	35.98	35.71	35.51	35.31	35.03	34.47	34.50	33.40	33.92	34.17	34.14	34.03	33.87	33.68	33.47	33.25	33.06	32.87	32.73	32.59	32.45	32.30	32.16	32.00	31.85	31.67	31.50	31.38	31.21	31.01	30.78	29.34	

KU330797-16_C_L004_R2_012.fastq
36.43	36.58	36.60	36.63	31.86	32.21	32.31	35.74	35.72	35.76	35.74	35.73	37.39	37.36	37.35	37.27	37.27	38.73	38.69	38.69	38.68	38.65	38.68	38.65	38.61	38.59	38.58	38.57	38.53	38.49	38.38	38.35	38.33	38.25	38.20	38.12	38.06	38.04	37.95	37.80	37.81	37.74	37.70	37.62	37.58	37.48	37.59	37.61	37.60	37.58	37.47	37.41	37.42	37.36	36.30	36.70	37.06	37.16	37.16	37.11	37.01	36.96	36.88	36.76	36.59	36.47	36.31	36.35	36.34	36.26	36.16	36.04	35.87	35.75	35.57	35.37	35.13	34.95	34.75	34.58	34.40	34.17	33.95	33.77	33.50	33.32	33.14	32.99	32.86	32.69	32.54	32.35	32.17	32.01	31.84	31.66	31.53	31.34	31.19	31.07	





Read count (%) per base for different quality score ranges

	KU330797-16_C_L004_R1_012.fastq
Ranges	0-10	11-20	21-30	31-40
Base
1	0.14	0.28	7.57	92.01
2	0.08	0.29	7.04	92.60
3	0.07	0.23	6.82	92.88
4	0.07	0.22	2.05	97.67
5	0.12	0.30	2.61	96.97
6	0.09	0.34	2.58	96.99
7	0.10	0.34	2.58	96.98
8	0.11	0.34	2.65	96.91
9	0.11	0.37	2.78	96.73
10	0.11	0.37	2.78	96.74
11	0.12	0.37	2.76	96.75
12	0.13	0.39	2.89	96.60
13	0.13	0.38	2.88	96.61
14	0.28	0.85	4.97	93.90
15	0.30	0.86	4.97	93.87
16	0.36	0.87	5.00	93.76
17	0.33	0.92	5.03	93.72
18	0.33	0.87	4.96	93.84
19	0.35	0.89	5.11	93.65
20	0.37	0.92	5.15	93.56
21	0.40	0.93	5.24	93.42
22	0.43	0.95	5.28	93.35
23	0.46	0.96	5.40	93.18
24	0.50	0.97	5.51	93.02
25	0.55	1.01	5.63	92.81
26	0.74	1.05	5.50	92.70
27	0.84	1.12	5.63	92.41
28	0.89	1.10	5.76	92.25
29	0.93	1.07	5.78	92.21
30	1.00	1.08	5.93	91.98
31	1.06	1.10	6.11	91.73
32	1.08	1.07	6.21	91.64
33	1.12	1.08	6.32	91.48
34	1.16	1.08	6.44	91.31
35	1.23	1.13	6.64	91.00
36	1.25	1.13	6.76	90.85
37	1.27	1.13	6.77	90.82
38	1.37	1.16	6.96	90.51
39	1.37	1.16	6.87	90.60
40	1.41	1.19	6.99	90.41
41	1.50	1.25	7.13	90.13
42	1.45	1.19	7.12	90.25
43	1.58	1.24	7.30	89.89
44	1.63	1.25	7.26	89.86
45	1.70	1.29	7.27	89.74
46	1.74	1.30	7.32	89.65
47	1.79	1.30	7.36	89.55
48	1.81	1.32	7.35	89.52
49	1.90	1.36	7.42	89.31
50	1.86	1.32	7.36	89.46
51	1.91	1.26	7.20	89.62
52	2.03	1.33	7.34	89.30
53	2.02	1.28	7.26	89.43
54	2.10	1.31	7.26	89.33
55	2.15	1.32	7.32	89.21
56	2.18	1.31	7.32	89.20
57	2.25	1.36	7.42	88.97
58	2.27	1.34	7.41	88.97
59	2.34	1.34	7.47	88.85
60	2.41	1.37	7.58	88.64
61	2.43	1.35	7.57	88.64
62	2.44	1.30	7.54	88.71
63	2.52	1.36	7.71	88.41
64	2.57	1.38	7.79	88.26
65	2.61	1.38	7.86	88.15
66	2.67	1.39	7.89	88.05
67	2.71	1.39	8.01	87.89
68	2.80	1.42	8.15	87.62
69	2.85	1.41	8.17	87.57
70	3.09	1.45	8.40	87.06
71	3.19	1.46	8.52	86.83
72	3.26	1.46	8.62	86.66
73	3.55	1.48	8.76	86.21
74	3.58	1.93	10.06	84.43
75	3.49	1.74	9.50	85.27
76	3.24	1.82	13.06	81.88
77	3.24	1.46	10.11	85.19
78	3.30	1.35	8.94	86.41
79	3.41	1.34	8.56	86.69
80	3.47	1.33	8.36	86.84
81	3.52	1.32	8.33	86.83
82	3.63	1.36	8.34	86.67
83	3.75	1.43	8.50	86.31
84	3.95	1.47	8.67	85.91
85	4.04	1.55	8.85	85.56
86	4.19	1.61	9.03	85.17
87	4.31	1.59	9.12	84.98
88	4.45	1.61	9.18	84.77
89	4.62	1.62	9.20	84.56
90	4.82	1.64	9.28	84.26
91	5.05	1.67	9.35	83.93
92	5.32	1.69	9.41	83.58
93	5.61	1.69	9.53	83.17
94	5.96	1.74	9.70	82.61
95	6.34	1.74	9.82	82.09
96	6.72	1.62	9.62	82.05
97	7.22	1.50	9.54	81.74
98	7.78	1.41	9.59	81.22
99	8.45	1.34	9.47	80.74
100	9.49	3.06	16.48	70.97


	KU330797-16_C_L004_R2_012.fastq
Ranges	0-10	11-20	21-30	31-40
Base
1	0.95	0.23	0.23	98.58
2	1.01	0.20	0.16	98.63
3	0.97	0.19	0.15	98.69
4	0.86	0.22	0.14	98.78
5	1.15	0.81	10.88	87.16
6	0.91	0.82	9.12	89.16
7	0.89	0.77	8.89	89.46
8	0.86	0.74	3.50	94.90
9	0.88	0.74	3.52	94.86
10	0.77	0.81	3.39	95.04
11	0.78	0.83	3.48	94.91
12	0.80	0.81	3.45	94.93
13	0.85	0.81	3.48	94.85
14	0.89	0.82	3.55	94.74
15	0.93	0.81	3.51	94.75
16	1.01	0.87	3.71	94.41
17	0.99	0.90	3.69	94.42
18	1.98	1.91	6.15	89.96
19	2.01	1.94	6.25	89.81
20	2.03	1.78	6.20	89.99
21	1.98	1.86	6.22	89.94
22	1.99	1.90	6.22	89.89
23	2.09	1.88	6.45	89.58
24	2.11	1.85	6.46	89.59
25	2.13	1.83	6.52	89.52
26	2.16	1.79	6.49	89.56
27	2.17	1.74	6.45	89.64
28	2.34	1.78	6.73	89.15
29	2.36	1.73	6.76	89.15
30	2.40	1.73	6.78	89.09
31	2.51	1.76	7.02	88.71
32	2.53	1.68	7.04	88.75
33	2.55	1.62	7.04	88.79
34	2.66	1.60	7.21	88.52
35	2.69	1.61	7.41	88.29
36	2.76	1.61	7.65	87.99
37	2.80	1.61	7.81	87.77
38	2.80	1.57	7.86	87.77
39	2.95	1.58	7.96	87.51
40	3.13	1.66	8.25	86.96
41	3.03	1.61	8.17	87.19
42	3.11	1.61	8.21	87.08
43	3.17	1.61	8.21	87.00
44	3.17	1.66	8.27	86.89
45	3.16	1.67	8.29	86.89
46	3.22	1.72	8.35	86.70
47	3.26	1.75	8.61	86.39
48	3.31	1.72	8.50	86.47
49	3.41	1.68	8.49	86.42
50	3.43	1.70	8.42	86.44
51	3.56	1.73	8.57	86.14
52	3.60	1.75	8.63	86.02
53	3.60	1.69	8.46	86.25
54	3.68	1.71	8.42	86.20
55	2.54	1.37	7.87	88.22
56	2.82	1.35	7.12	88.71
57	3.25	1.47	7.52	87.76
58	3.62	1.65	8.07	86.66
59	3.83	1.66	8.31	86.20
60	3.92	1.69	8.40	85.99
61	4.00	1.75	8.48	85.77
62	4.00	1.69	8.45	85.86
63	4.07	1.67	8.46	85.80
64	4.11	1.71	8.53	85.65
65	4.20	1.75	8.74	85.30
66	4.16	1.80	8.79	85.25
67	4.20	1.84	8.91	85.05
68	4.13	1.76	8.76	85.35
69	4.17	1.63	8.48	85.72
70	4.20	1.59	8.35	85.86
71	4.21	1.54	8.26	86.00
72	4.22	1.51	8.18	86.09
73	4.24	1.50	8.18	86.08
74	4.19	1.46	8.04	86.31
75	4.21	1.45	8.07	86.26
76	4.22	1.46	8.16	86.16
77	4.27	1.51	8.30	85.92
78	4.25	1.49	8.32	85.94
79	4.26	1.48	8.32	85.94
80	4.25	1.45	8.24	86.06
81	4.25	1.41	8.17	86.17
82	4.35	1.41	8.26	85.98
83	4.40	1.47	8.30	85.83
84	4.46	1.45	8.32	85.77
85	4.61	1.55	8.59	85.26
86	4.66	1.55	8.63	85.17
87	4.76	1.54	8.62	85.07
88	4.84	1.52	8.62	85.02
89	4.95	1.49	8.44	85.12
90	5.12	1.51	8.45	84.92
91	5.30	1.49	8.45	84.76
92	5.54	1.53	8.55	84.38
93	5.81	1.56	8.67	83.96
94	6.07	1.55	8.69	83.69
95	6.40	1.53	8.70	83.37
96	6.77	1.50	8.73	82.99
97	7.13	1.41	8.60	82.86
98	7.55	1.38	8.65	82.42
99	7.90	1.32	8.79	81.99
100	8.20	1.39	8.51	81.90




