Parameters
	Library type	Paired-end
	Input files	KU330797-16_C_L004_R1_034.fastq	KU330797-16_C_L004_R2_034.fastq
	Primer/Adaptor library	Paired End DNA Library
	Cut-off read length for HQ	70%
	Cut-off quality score	20
	Only statistics	On
	Number of CPUs	2


QC statistics
	File name	KU330797-16_C_L004_R1_034.fastq	KU330797-16_C_L004_R2_034.fastq
	Total number of reads	4000000	4000000
	Total number of HQ reads	3770629	3770629
	Percentage of HQ reads	94.27%	94.27%
	Total number of bases	400000000	400000000
	Total number of bases in HQ reads	377062900	377062900
	Total number of HQ bases in HQ reads	372136217	371990520
	Percentage of HQ bases in HQ reads	98.69%	98.65%
	Number of Primer/Adaptor contaminated HQ reads	10	15
	Total number of HQ filtered reads	3770604	3770604
	Percentage of HQ filtered reads	94.27%	94.27%


Detailed QC statistics
	File name	KU330797-16_C_L004_R1_034.fastq	KU330797-16_C_L004_R2_034.fastq
	Minimum read length	100	100
	Maximum read length	100	100
	Average read length	100.00	100.00
	Total number of reads	4000000	4000000
	Total number of reads with non-ATGC bases	13802	10580
	Percentage of reads with non-ATGC bases	0.35%	0.26%
	Total number of bases	400000000	400000000
	Total number of HQ bases	388322611	385890067
	Percentage of HQ bases	97.08%	96.47%
	Total number of non-ATGC bases	262897	326136
	Percentage of non-ATGC bases	0.07%	0.08%


Average quality score at each base position of input reads

KU330797-16_C_L004_R1_034.fastq
32.51	32.75	32.81	36.26	36.18	36.15	36.17	36.15	37.92	37.90	37.88	37.85	37.84	39.32	39.30	39.29	39.25	39.21	39.29	39.25	39.21	39.14	39.11	39.09	39.04	38.97	38.92	38.85	38.79	38.68	38.60	38.56	38.50	38.46	38.39	38.32	38.23	38.15	38.08	38.01	37.89	38.11	38.09	38.04	38.05	37.99	37.89	37.81	37.77	37.86	37.89	37.89	37.85	37.78	37.68	37.64	37.56	37.43	37.35	37.24	37.11	36.96	36.85	36.71	36.58	36.46	36.30	36.13	35.93	35.70	35.47	35.34	35.13	34.91	34.72	33.86	34.08	34.19	34.09	33.96	33.76	33.58	33.35	33.18	32.96	32.78	32.60	32.46	32.26	32.11	32.01	31.84	31.67	31.55	31.40	31.25	31.07	30.87	30.67	29.24	

KU330797-16_C_L004_R2_034.fastq
36.69	36.72	36.76	36.79	31.06	31.67	32.09	35.73	35.76	35.78	35.79	35.79	37.45	37.41	37.36	37.37	37.35	38.83	38.77	38.75	38.72	38.70	38.73	38.69	38.66	38.62	38.59	38.59	38.56	38.45	38.45	38.40	38.35	38.31	38.23	38.18	38.14	38.08	38.00	37.96	37.84	37.82	37.78	37.75	37.69	37.60	37.70	37.68	37.64	37.60	37.58	37.51	37.43	37.38	36.45	36.81	37.07	37.14	37.12	37.05	36.99	36.87	36.80	36.66	36.51	36.41	36.26	36.32	36.30	36.21	36.12	35.99	35.83	35.68	35.51	35.35	35.12	34.95	34.75	34.55	34.34	34.11	33.91	33.74	33.52	33.35	33.14	32.94	32.79	32.60	32.44	32.28	32.08	31.91	31.78	31.61	31.47	31.32	31.15	30.97	





Read count (%) per base for different quality score ranges

	KU330797-16_C_L004_R1_034.fastq
Ranges	0-10	11-20	21-30	31-40
Base
1	0.14	0.28	7.53	92.05
2	0.08	0.29	6.97	92.66
3	0.08	0.24	6.93	92.75
4	0.07	0.22	2.06	97.64
5	0.11	0.30	2.52	97.07
6	0.10	0.36	2.63	96.90
7	0.10	0.34	2.54	97.02
8	0.11	0.35	2.61	96.93
9	0.10	0.34	2.61	96.95
10	0.11	0.35	2.63	96.91
11	0.11	0.35	2.69	96.85
12	0.12	0.37	2.77	96.73
13	0.13	0.38	2.81	96.68
14	0.29	0.85	4.87	94.00
15	0.33	0.86	4.90	93.92
16	0.31	0.88	4.85	93.96
17	0.34	0.91	5.01	93.75
18	0.36	0.92	5.06	93.67
19	0.35	0.89	4.93	93.84
20	0.38	0.91	5.03	93.68
21	0.40	0.92	5.10	93.58
22	0.46	0.97	5.24	93.34
23	0.47	0.96	5.22	93.35
24	0.53	0.98	5.45	93.05
25	0.59	1.00	5.47	92.94
26	0.80	1.05	5.44	92.71
27	0.89	1.10	5.50	92.51
28	0.96	1.10	5.61	92.33
29	1.04	1.09	5.69	92.17
30	1.17	1.13	5.99	91.71
31	1.21	1.15	6.19	91.44
32	1.24	1.11	6.23	91.42
33	1.29	1.12	6.35	91.25
34	1.33	1.11	6.42	91.14
35	1.37	1.13	6.54	90.96
36	1.43	1.14	6.60	90.83
37	1.51	1.17	6.74	90.58
38	1.54	1.18	6.80	90.47
39	1.58	1.19	6.83	90.40
40	1.62	1.18	6.87	90.32
41	1.73	1.25	7.04	89.98
42	1.72	1.21	7.05	90.02
43	1.88	1.25	7.16	89.71
44	1.98	1.31	7.28	89.43
45	2.00	1.31	7.19	89.50
46	2.04	1.32	7.23	89.41
47	2.17	1.35	7.34	89.14
48	2.21	1.39	7.46	88.95
49	2.25	1.38	7.41	88.96
50	2.25	1.34	7.30	89.11
51	2.30	1.34	7.18	89.18
52	2.37	1.30	7.11	89.22
53	2.45	1.31	7.13	89.11
54	2.54	1.30	7.13	89.03
55	2.59	1.36	7.29	88.75
56	2.59	1.33	7.19	88.89
57	2.66	1.31	7.19	88.84
58	2.71	1.34	7.33	88.61
59	2.77	1.34	7.39	88.49
60	2.82	1.34	7.43	88.41
61	2.92	1.36	7.49	88.23
62	2.94	1.39	7.62	88.05
63	2.99	1.37	7.66	87.98
64	3.02	1.39	7.73	87.86
65	3.06	1.38	7.78	87.77
66	3.09	1.36	7.76	87.79
67	3.14	1.39	7.86	87.61
68	3.20	1.39	7.92	87.49
69	3.26	1.40	8.06	87.28
70	3.57	1.36	7.99	87.09
71	3.60	1.47	8.26	86.67
72	3.58	1.41	8.22	86.78
73	3.65	1.41	8.37	86.57
74	3.67	1.44	8.53	86.36
75	3.72	1.44	8.59	86.26
76	3.45	1.45	10.81	84.29
77	3.61	1.39	9.20	85.80
78	3.66	1.32	8.51	86.51
79	3.76	1.33	8.33	86.58
80	3.81	1.33	8.18	86.69
81	3.91	1.33	8.23	86.52
82	3.99	1.38	8.28	86.35
83	4.11	1.44	8.56	85.88
84	4.22	1.45	8.61	85.72
85	4.39	1.53	8.83	85.26
86	4.53	1.56	8.96	84.94
87	4.71	1.62	9.11	84.57
88	4.85	1.63	9.14	84.38
89	5.07	1.72	9.40	83.81
90	5.27	1.73	9.54	83.46
91	5.44	1.71	9.46	83.39
92	5.73	1.75	9.63	82.89
93	6.03	1.80	9.77	82.40
94	6.32	1.74	9.74	82.20
95	6.69	1.71	9.72	81.88
96	7.11	1.64	9.63	81.62
97	7.62	1.53	9.61	81.24
98	8.20	1.42	9.65	80.73
99	8.85	1.31	9.40	80.45
100	9.89	3.01	16.29	70.80


	KU330797-16_C_L004_R2_034.fastq
Ranges	0-10	11-20	21-30	31-40
Base
1	0.58	0.31	0.22	98.88
2	0.62	0.28	0.18	98.92
3	0.51	0.22	0.15	99.11
4	0.43	0.19	0.14	99.24
5	1.26	1.29	16.02	81.43
6	0.90	1.04	11.20	86.85
7	0.80	0.76	9.64	88.80
8	0.81	0.68	3.40	95.11
9	0.81	0.66	3.38	95.15
10	0.71	0.77	3.34	95.18
11	0.71	0.75	3.32	95.21
12	0.73	0.74	3.28	95.25
13	0.80	0.75	3.32	95.13
14	0.85	0.77	3.41	94.96
15	0.93	0.78	3.45	94.84
16	0.90	0.80	3.41	94.89
17	0.94	0.78	3.45	94.82
18	1.96	1.65	5.77	90.62
19	2.08	1.68	6.00	90.24
20	2.06	1.72	5.93	90.29
21	1.99	1.84	6.00	90.17
22	2.01	1.78	6.01	90.20
23	2.07	1.69	6.14	90.10
24	2.12	1.70	6.21	89.97
25	2.16	1.68	6.18	89.98
26	2.20	1.68	6.21	89.91
27	2.24	1.66	6.25	89.86
28	2.37	1.68	6.49	89.46
29	2.41	1.65	6.50	89.44
30	2.51	1.70	6.72	89.07
31	2.52	1.61	6.64	89.23
32	2.56	1.58	6.76	89.10
33	2.62	1.54	6.86	88.99
34	2.65	1.48	6.93	88.94
35	2.74	1.50	7.09	88.67
36	2.78	1.49	7.27	88.47
37	2.79	1.47	7.40	88.34
38	2.88	1.47	7.48	88.18
39	3.00	1.49	7.60	87.91
40	3.02	1.48	7.63	87.87
41	3.14	1.53	7.88	87.45
42	3.14	1.50	7.81	87.56
43	3.14	1.51	7.82	87.52
44	3.11	1.51	7.78	87.60
45	3.17	1.50	7.77	87.56
46	3.20	1.54	7.88	87.38
47	3.26	1.62	8.07	87.05
48	3.36	1.59	8.10	86.95
49	3.47	1.59	8.14	86.80
50	3.51	1.59	8.12	86.78
51	3.55	1.59	8.00	86.86
52	3.61	1.61	8.12	86.66
53	3.70	1.61	8.18	86.50
54	3.71	1.66	8.15	86.48
55	2.71	1.33	7.51	88.45
56	2.96	1.30	6.92	88.81
57	3.44	1.48	7.44	87.64
58	3.74	1.59	7.92	86.75
59	3.93	1.62	8.12	86.33
60	4.00	1.69	8.22	86.09
61	4.04	1.69	8.21	86.06
62	4.14	1.70	8.30	85.86
63	4.14	1.67	8.35	85.84
64	4.22	1.69	8.46	85.62
65	4.24	1.76	8.65	85.35
66	4.20	1.77	8.63	85.40
67	4.25	1.78	8.77	85.20
68	4.20	1.69	8.59	85.52
69	4.28	1.59	8.37	85.76
70	4.33	1.57	8.23	85.86
71	4.31	1.54	8.11	86.05
72	4.34	1.50	8.08	86.08
73	4.34	1.50	8.13	86.04
74	4.31	1.48	8.09	86.12
75	4.31	1.46	8.09	86.14
76	4.30	1.43	8.04	86.23
77	4.33	1.47	8.17	86.03
78	4.31	1.44	8.17	86.07
79	4.33	1.45	8.16	86.05
80	4.34	1.41	8.18	86.06
81	4.37	1.42	8.24	85.97
82	4.47	1.45	8.30	85.78
83	4.50	1.47	8.31	85.72
84	4.51	1.45	8.28	85.77
85	4.62	1.47	8.40	85.50
86	4.70	1.46	8.36	85.48
87	4.84	1.49	8.45	85.22
88	4.97	1.52	8.58	84.93
89	5.09	1.52	8.54	84.85
90	5.28	1.56	8.64	84.53
91	5.45	1.56	8.67	84.32
92	5.66	1.55	8.69	84.10
93	5.94	1.60	8.84	83.62
94	6.22	1.61	8.94	83.22
95	6.50	1.55	8.83	83.12
96	6.87	1.51	8.83	82.80
97	7.23	1.42	8.72	82.64
98	7.61	1.34	8.66	82.39
99	8.00	1.31	8.80	81.89
100	8.35	1.47	8.82	81.36




