Parameters
	Library type	Paired-end
	Input files	KU330797-16_C_L004_R1_011.fastq	KU330797-16_C_L004_R2_011.fastq
	Primer/Adaptor library	Paired End DNA Library
	Cut-off read length for HQ	70%
	Cut-off quality score	20
	Only statistics	On
	Number of CPUs	2


QC statistics
	File name	KU330797-16_C_L004_R1_011.fastq	KU330797-16_C_L004_R2_011.fastq
	Total number of reads	4000000	4000000
	Total number of HQ reads	3786447	3786447
	Percentage of HQ reads	94.66%	94.66%
	Total number of bases	400000000	400000000
	Total number of bases in HQ reads	378644700	378644700
	Total number of HQ bases in HQ reads	373478324	373700286
	Percentage of HQ bases in HQ reads	98.64%	98.69%
	Number of Primer/Adaptor contaminated HQ reads	2	16
	Total number of HQ filtered reads	3786429	3786429
	Percentage of HQ filtered reads	94.66%	94.66%


Detailed QC statistics
	File name	KU330797-16_C_L004_R1_011.fastq	KU330797-16_C_L004_R2_011.fastq
	Minimum read length	100	100
	Maximum read length	100	100
	Average read length	100.00	100.00
	Total number of reads	4000000	4000000
	Total number of reads with non-ATGC bases	27520	29755
	Percentage of reads with non-ATGC bases	0.69%	0.74%
	Total number of bases	400000000	400000000
	Total number of HQ bases	388737165	386665191
	Percentage of HQ bases	97.18%	96.67%
	Total number of non-ATGC bases	382102	359994
	Percentage of non-ATGC bases	0.10%	0.09%


Average quality score at each base position of input reads

KU330797-16_C_L004_R1_011.fastq
32.61	32.83	32.90	36.31	36.23	36.23	36.22	36.21	37.96	37.95	37.94	37.91	37.89	39.41	39.35	39.26	39.26	39.28	39.32	39.29	39.27	39.22	39.12	39.14	39.06	39.01	38.92	38.90	38.82	38.79	38.71	38.61	38.56	38.49	38.42	38.36	38.29	38.20	38.16	38.07	37.95	38.17	38.16	38.15	38.07	38.06	38.04	37.95	37.86	37.92	37.98	37.88	37.84	37.80	37.76	37.63	37.51	37.39	37.27	37.22	37.11	37.00	36.89	36.71	36.56	36.44	36.22	36.08	35.84	35.59	35.39	35.17	34.91	34.29	34.36	33.27	33.84	34.08	34.00	33.91	33.73	33.57	33.36	33.17	32.96	32.79	32.64	32.43	32.31	32.17	32.01	31.79	31.67	31.51	31.30	31.18	31.00	30.78	30.53	29.02	

KU330797-16_C_L004_R2_011.fastq
36.42	36.58	36.60	36.64	31.91	32.28	32.40	35.84	35.81	35.84	35.83	35.80	37.43	37.47	37.45	37.35	37.39	38.85	38.81	38.75	38.77	38.73	38.75	38.75	38.69	38.69	38.63	38.61	38.57	38.54	38.48	38.47	38.38	38.34	38.26	38.25	38.22	38.10	38.05	38.02	37.95	37.87	37.82	37.76	37.65	37.64	37.78	37.74	37.73	37.67	37.65	37.57	37.55	37.43	36.44	36.83	37.17	37.27	37.30	37.22	37.15	37.04	36.96	36.84	36.74	36.59	36.46	36.49	36.42	36.40	36.27	36.11	35.96	35.84	35.69	35.49	35.28	35.10	34.87	34.67	34.46	34.23	34.02	33.83	33.66	33.44	33.28	33.10	32.93	32.72	32.55	32.37	32.19	32.02	31.85	31.68	31.55	31.41	31.27	31.14	





Read count (%) per base for different quality score ranges

	KU330797-16_C_L004_R1_011.fastq
Ranges	0-10	11-20	21-30	31-40
Base
1	0.12	0.26	6.92	92.69
2	0.07	0.25	6.51	93.17
3	0.06	0.21	6.31	93.42
4	0.06	0.20	1.92	97.82
5	0.10	0.26	2.34	97.30
6	0.08	0.30	2.36	97.26
7	0.09	0.31	2.38	97.22
8	0.09	0.31	2.40	97.20
9	0.10	0.31	2.46	97.13
10	0.10	0.32	2.52	97.05
11	0.10	0.33	2.52	97.04
12	0.11	0.34	2.59	96.96
13	0.12	0.35	2.65	96.88
14	0.27	0.77	4.55	94.42
15	0.31	0.84	4.76	94.09
16	0.38	0.90	4.97	93.75
17	0.33	0.93	4.87	93.87
18	0.32	0.84	4.78	94.06
19	0.35	0.83	4.81	94.01
20	0.36	0.83	4.82	93.98
21	0.38	0.85	4.85	93.92
22	0.41	0.89	4.93	93.77
23	0.46	0.94	5.19	93.42
24	0.48	0.91	5.19	93.42
25	0.54	0.97	5.35	93.13
26	0.73	1.00	5.23	93.04
27	0.83	1.06	5.41	92.70
28	0.86	1.03	5.39	92.73
29	0.94	1.05	5.54	92.46
30	0.95	1.02	5.57	92.46
31	1.02	1.01	5.73	92.23
32	1.10	1.05	6.00	91.85
33	1.11	1.05	6.07	91.76
34	1.17	1.05	6.26	91.52
35	1.20	1.07	6.38	91.35
36	1.22	1.07	6.45	91.26
37	1.27	1.09	6.45	91.19
38	1.33	1.11	6.59	90.97
39	1.34	1.11	6.51	91.04
40	1.40	1.13	6.61	90.87
41	1.48	1.19	6.79	90.55
42	1.46	1.14	6.83	90.57
43	1.57	1.19	6.89	90.36
44	1.62	1.19	6.90	90.28
45	1.74	1.27	7.08	89.92
46	1.72	1.25	7.05	89.98
47	1.75	1.22	6.95	90.08
48	1.83	1.27	7.04	89.86
49	1.92	1.30	7.18	89.59
50	1.86	1.28	7.13	89.73
51	1.92	1.21	6.90	89.97
52	2.05	1.28	7.06	89.61
53	2.08	1.29	7.08	89.55
54	2.11	1.27	6.99	89.63
55	2.13	1.25	6.98	89.65
56	2.23	1.30	7.11	89.36
57	2.31	1.32	7.26	89.11
58	2.36	1.39	7.36	88.89
59	2.43	1.37	7.54	88.65
60	2.39	1.31	7.41	88.89
61	2.45	1.31	7.41	88.83
62	2.49	1.30	7.46	88.75
63	2.53	1.31	7.47	88.69
64	2.62	1.36	7.66	88.36
65	2.69	1.38	7.85	88.08
66	2.68	1.35	7.83	88.15
67	2.81	1.43	8.08	87.67
68	2.81	1.39	8.12	87.68
69	2.95	1.44	8.31	87.30
70	3.16	1.46	8.47	86.91
71	3.28	1.48	8.60	86.63
72	3.37	1.50	8.81	86.32
73	3.65	1.49	8.89	85.97
74	3.76	1.96	10.46	83.82
75	3.61	1.78	9.75	84.86
76	3.38	1.87	13.31	81.44
77	3.35	1.48	10.21	84.95
78	3.44	1.37	9.00	86.19
79	3.58	1.40	8.83	86.19
80	3.61	1.37	8.60	86.42
81	3.71	1.40	8.64	86.25
82	3.77	1.41	8.58	86.24
83	3.92	1.46	8.76	85.86
84	4.07	1.46	8.78	85.69
85	4.19	1.58	9.06	85.16
86	4.32	1.60	9.18	84.90
87	4.46	1.60	9.25	84.69
88	4.68	1.70	9.60	84.02
89	4.81	1.68	9.62	83.89
90	5.02	1.69	9.59	83.70
91	5.29	1.74	9.70	83.27
92	5.60	1.85	10.10	82.45
93	5.87	1.79	10.04	82.30
94	6.22	1.79	10.11	81.88
95	6.66	1.84	10.34	81.16
96	7.04	1.71	10.20	81.06
97	7.57	1.58	10.07	80.77
98	8.18	1.49	10.16	80.16
99	8.91	1.43	10.12	79.55
100	10.04	3.28	17.52	69.17


	KU330797-16_C_L004_R2_011.fastq
Ranges	0-10	11-20	21-30	31-40
Base
1	0.94	0.23	0.24	98.59
2	0.99	0.21	0.17	98.63
3	0.97	0.19	0.16	98.68
4	0.85	0.22	0.14	98.78
5	1.04	0.72	10.19	88.05
6	0.85	0.70	8.39	90.06
7	0.81	0.67	8.12	90.40
8	0.78	0.63	3.12	95.47
9	0.82	0.66	3.25	95.28
10	0.72	0.71	3.12	95.45
11	0.72	0.72	3.18	95.37
12	0.76	0.74	3.24	95.26
13	0.84	0.78	3.36	95.03
14	0.83	0.74	3.22	95.21
15	0.88	0.72	3.19	95.21
16	0.97	0.79	3.45	94.79
17	0.92	0.78	3.30	95.00
18	1.87	1.73	5.69	90.71
19	1.91	1.75	5.83	90.50
20	1.98	1.72	5.92	90.39
21	1.88	1.72	5.81	90.59
22	1.89	1.76	5.85	90.49
23	1.96	1.76	6.05	90.23
24	1.96	1.65	5.97	90.42
25	2.03	1.67	6.12	90.18
26	2.01	1.61	6.01	90.36
27	2.10	1.63	6.14	90.13
28	2.22	1.67	6.40	89.70
29	2.27	1.65	6.43	89.66
30	2.28	1.61	6.43	89.68
31	2.34	1.59	6.50	89.58
32	2.34	1.52	6.52	89.62
33	2.43	1.50	6.69	89.38
34	2.48	1.46	6.76	89.30
35	2.54	1.48	6.96	89.01
36	2.50	1.44	6.99	89.08
37	2.55	1.41	7.08	88.96
38	2.65	1.44	7.38	88.53
39	2.72	1.43	7.40	88.45
40	2.76	1.42	7.38	88.44
41	2.83	1.43	7.51	88.23
42	2.89	1.45	7.62	88.04
43	2.96	1.45	7.57	88.03
44	2.92	1.52	7.60	87.97
45	2.98	1.56	7.83	87.64
46	2.93	1.51	7.67	87.89
47	2.94	1.54	7.77	87.76
48	3.08	1.55	7.82	87.56
49	3.14	1.53	7.86	87.47
50	3.23	1.56	7.88	87.33
51	3.23	1.53	7.79	87.45
52	3.30	1.56	7.91	87.24
53	3.32	1.53	7.83	87.31
54	3.44	1.61	7.95	87.00
55	2.40	1.27	7.39	88.93
56	2.61	1.23	6.63	89.54
57	3.03	1.35	7.03	88.58
58	3.41	1.51	7.59	87.49
59	3.56	1.53	7.79	87.12
60	3.69	1.57	7.97	86.77
61	3.72	1.60	7.99	86.69
62	3.81	1.62	8.03	86.54
63	3.84	1.59	8.11	86.47
64	3.85	1.63	8.18	86.34
65	3.89	1.60	8.20	86.31
66	3.89	1.64	8.29	86.19
67	3.88	1.68	8.35	86.10
68	3.84	1.60	8.23	86.33
69	3.92	1.53	8.13	86.42
70	3.92	1.45	7.82	86.80
71	3.94	1.45	7.81	86.81
72	3.97	1.44	7.87	86.72
73	3.98	1.42	7.83	86.77
74	3.93	1.38	7.77	86.92
75	3.93	1.36	7.71	87.01
76	3.96	1.35	7.73	86.96
77	3.97	1.37	7.86	86.80
78	3.96	1.36	7.85	86.84
79	4.03	1.40	7.95	86.62
80	4.02	1.39	7.98	86.61
81	4.07	1.39	8.06	86.48
82	4.14	1.39	8.09	86.38
83	4.19	1.44	8.17	86.20
84	4.24	1.43	8.21	86.12
85	4.29	1.41	8.16	86.14
86	4.40	1.44	8.31	85.85
87	4.47	1.42	8.26	85.85
88	4.60	1.43	8.29	85.68
89	4.75	1.46	8.31	85.49
90	4.96	1.51	8.46	85.07
91	5.15	1.53	8.56	84.76
92	5.36	1.54	8.68	84.43
93	5.62	1.58	8.79	84.00
94	5.90	1.58	8.84	83.69
95	6.22	1.57	8.88	83.33
96	6.57	1.54	8.98	82.90
97	6.92	1.43	8.77	82.88
98	7.29	1.36	8.72	82.64
99	7.63	1.28	8.74	82.36
100	7.95	1.37	8.53	82.15




