Parameters
	Library type	Paired-end
	Input files	KU330797-16_C_L004_R1_036.fastq	KU330797-16_C_L004_R2_036.fastq
	Primer/Adaptor library	Paired End DNA Library
	Cut-off read length for HQ	70%
	Cut-off quality score	20
	Only statistics	On
	Number of CPUs	2


QC statistics
	File name	KU330797-16_C_L004_R1_036.fastq	KU330797-16_C_L004_R2_036.fastq
	Total number of reads	4000000	4000000
	Total number of HQ reads	3756742	3756742
	Percentage of HQ reads	93.92%	93.92%
	Total number of bases	400000000	400000000
	Total number of bases in HQ reads	375674200	375674200
	Total number of HQ bases in HQ reads	370341361	370086654
	Percentage of HQ bases in HQ reads	98.58%	98.51%
	Number of Primer/Adaptor contaminated HQ reads	5	9
	Total number of HQ filtered reads	3756728	3756728
	Percentage of HQ filtered reads	93.92%	93.92%


Detailed QC statistics
	File name	KU330797-16_C_L004_R1_036.fastq	KU330797-16_C_L004_R2_036.fastq
	Minimum read length	100	100
	Maximum read length	100	100
	Average read length	100.00	100.00
	Total number of reads	4000000	4000000
	Total number of reads with non-ATGC bases	13211	10452
	Percentage of reads with non-ATGC bases	0.33%	0.26%
	Total number of bases	400000000	400000000
	Total number of HQ bases	387577484	384378468
	Percentage of HQ bases	96.89%	96.09%
	Total number of non-ATGC bases	254949	313457
	Percentage of non-ATGC bases	0.06%	0.08%


Average quality score at each base position of input reads

KU330797-16_C_L004_R1_036.fastq
32.34	32.60	32.68	36.17	36.05	36.07	36.06	36.05	37.78	37.76	37.73	37.73	37.71	39.17	39.10	39.05	39.06	39.02	39.08	39.02	39.00	38.96	38.91	38.92	38.85	38.77	38.69	38.62	38.55	38.51	38.45	38.40	38.33	38.24	38.15	38.02	37.95	37.89	37.81	37.77	37.67	37.89	37.89	37.89	37.87	37.80	37.76	37.70	37.63	37.62	37.69	37.67	37.60	37.56	37.49	37.39	37.30	37.16	37.08	36.97	36.87	36.71	36.62	36.49	36.32	36.18	36.05	35.90	35.68	35.43	35.25	35.07	34.85	34.58	34.37	33.53	33.84	33.95	33.87	33.74	33.53	33.35	33.13	32.95	32.77	32.60	32.41	32.24	32.05	31.87	31.75	31.58	31.47	31.31	31.14	30.99	30.80	30.54	30.33	28.81	

KU330797-16_C_L004_R2_036.fastq
36.67	36.73	36.78	36.80	30.94	31.56	31.88	35.52	35.56	35.58	35.55	35.57	37.18	37.16	37.15	37.13	37.11	38.53	38.49	38.43	38.43	38.40	38.43	38.41	38.38	38.36	38.32	38.32	38.25	38.20	38.16	38.11	37.96	37.97	37.92	37.88	37.85	37.81	37.73	37.67	37.60	37.56	37.50	37.43	37.39	37.33	37.46	37.40	37.38	37.38	37.27	37.25	37.18	37.13	36.17	36.51	36.79	36.92	36.84	36.83	36.73	36.64	36.53	36.45	36.36	36.18	36.05	36.07	36.05	35.99	35.85	35.73	35.60	35.44	35.27	35.07	34.87	34.65	34.46	34.22	34.06	33.82	33.62	33.43	33.23	33.06	32.85	32.68	32.52	32.35	32.13	32.02	31.85	31.66	31.54	31.38	31.20	31.08	30.91	30.72	





Read count (%) per base for different quality score ranges

	KU330797-16_C_L004_R1_036.fastq
Ranges	0-10	11-20	21-30	31-40
Base
1	0.16	0.32	8.76	90.75
2	0.09	0.34	8.00	91.56
3	0.09	0.29	7.92	91.71
4	0.09	0.26	2.39	97.27
5	0.14	0.35	3.01	96.49
6	0.11	0.40	2.92	96.57
7	0.12	0.40	2.96	96.53
8	0.13	0.41	3.00	96.47
9	0.12	0.39	3.01	96.47
10	0.13	0.41	3.05	96.41
11	0.14	0.43	3.13	96.31
12	0.14	0.42	3.10	96.34
13	0.15	0.44	3.18	96.24
14	0.30	0.89	5.08	93.72
15	0.36	0.97	5.26	93.41
16	0.36	1.00	5.41	93.23
17	0.35	0.95	5.29	93.41
18	0.38	1.00	5.40	93.21
19	0.39	0.98	5.34	93.29
20	0.43	1.03	5.52	93.02
21	0.44	1.01	5.51	93.04
22	0.46	1.03	5.56	92.95
23	0.51	1.05	5.66	92.78
24	0.53	1.04	5.67	92.76
25	0.60	1.07	5.82	92.51
26	0.83	1.14	5.81	92.22
27	0.91	1.18	5.94	91.97
28	1.00	1.21	6.08	91.72
29	1.07	1.19	6.21	91.52
30	1.11	1.16	6.27	91.47
31	1.17	1.16	6.40	91.28
32	1.21	1.16	6.49	91.15
33	1.26	1.16	6.73	90.86
34	1.33	1.19	6.85	90.64
35	1.39	1.23	7.04	90.34
36	1.49	1.29	7.33	89.90
37	1.52	1.28	7.38	89.82
38	1.54	1.29	7.39	89.79
39	1.61	1.32	7.43	89.64
40	1.63	1.30	7.39	89.68
41	1.70	1.33	7.54	89.43
42	1.70	1.31	7.62	89.36
43	1.81	1.35	7.70	89.14
44	1.87	1.35	7.62	89.16
45	1.93	1.37	7.64	89.05
46	2.00	1.40	7.76	88.83
47	2.03	1.39	7.74	88.85
48	2.09	1.42	7.78	88.71
49	2.17	1.44	7.84	88.55
50	2.22	1.47	7.91	88.41
51	2.20	1.42	7.68	88.70
52	2.28	1.39	7.72	88.61
53	2.37	1.44	7.76	88.43
54	2.44	1.41	7.70	88.45
55	2.50	1.45	7.73	88.33
56	2.53	1.45	7.82	88.19
57	2.60	1.45	7.84	88.10
58	2.69	1.49	8.00	87.81
59	2.72	1.46	8.10	87.73
60	2.79	1.48	8.12	87.61
61	2.81	1.47	8.15	87.56
62	2.89	1.51	8.28	87.32
63	2.90	1.48	8.23	87.39
64	2.95	1.49	8.29	87.27
65	3.03	1.53	8.50	86.94
66	3.07	1.51	8.55	86.86
67	3.11	1.50	8.56	86.84
68	3.16	1.49	8.61	86.74
69	3.27	1.53	8.82	86.38
70	3.57	1.51	8.86	86.06
71	3.60	1.58	8.96	85.86
72	3.63	1.57	9.10	85.70
73	3.73	1.58	9.25	85.44
74	3.81	1.67	9.61	84.90
75	3.88	1.70	9.77	84.65
76	3.57	1.69	12.25	82.49
77	3.64	1.49	10.19	84.68
78	3.74	1.46	9.43	85.37
79	3.85	1.47	9.19	85.49
80	3.92	1.45	9.08	85.56
81	4.05	1.51	9.17	85.28
82	4.14	1.53	9.22	85.11
83	4.27	1.59	9.46	84.69
84	4.37	1.63	9.54	84.46
85	4.52	1.66	9.65	84.18
86	4.67	1.68	9.73	83.92
87	4.87	1.73	9.86	83.53
88	5.07	1.81	10.00	83.12
89	5.29	1.87	10.26	82.57
90	5.54	1.93	10.47	82.07
91	5.74	1.89	10.44	81.93
92	6.05	1.95	10.57	81.43
93	6.30	1.89	10.52	81.29
94	6.68	1.87	10.52	80.94
95	7.09	1.83	10.58	80.50
96	7.55	1.76	10.38	80.31
97	8.11	1.64	10.34	79.91
98	8.78	1.58	10.55	79.10
99	9.49	1.43	10.21	78.87
100	10.62	3.32	17.63	68.44


	KU330797-16_C_L004_R2_036.fastq
Ranges	0-10	11-20	21-30	31-40
Base
1	0.54	0.30	0.22	98.94
2	0.56	0.28	0.18	98.99
3	0.44	0.21	0.15	99.19
4	0.39	0.16	0.15	99.31
5	1.54	1.45	16.92	80.09
6	1.05	1.21	12.30	85.43
7	1.04	0.95	11.08	86.93
8	1.00	0.86	4.03	94.11
9	0.99	0.82	3.96	94.23
10	0.87	0.97	3.95	94.21
11	0.90	1.00	4.09	94.00
12	0.89	0.95	3.93	94.23
13	0.98	0.96	4.01	94.06
14	1.00	0.96	4.03	94.02
15	1.06	0.94	3.97	94.04
16	1.04	1.01	4.01	93.94
17	1.08	0.97	4.06	93.89
18	2.11	1.91	6.42	89.56
19	2.17	1.92	6.54	89.37
20	2.19	1.98	6.61	89.22
21	2.11	2.04	6.53	89.33
22	2.14	2.02	6.60	89.24
23	2.26	1.98	6.81	88.96
24	2.26	1.92	6.78	89.03
25	2.30	1.93	6.81	88.96
26	2.33	1.92	6.77	88.98
27	2.36	1.88	6.85	88.91
28	2.50	1.94	7.11	88.46
29	2.59	1.92	7.22	88.26
30	2.61	1.88	7.33	88.18
31	2.66	1.82	7.34	88.18
32	2.72	1.80	7.42	88.05
33	3.12	2.02	7.56	87.29
34	2.79	1.91	7.89	87.41
35	2.88	1.77	7.90	87.45
36	2.95	1.73	7.98	87.33
37	2.94	1.70	8.11	87.25
38	3.00	1.65	8.24	87.10
39	3.14	1.66	8.35	86.85
40	3.20	1.69	8.43	86.68
41	3.25	1.69	8.60	86.45
42	3.26	1.68	8.55	86.50
43	3.33	1.72	8.63	86.32
44	3.34	1.76	8.67	86.23
45	3.33	1.73	8.64	86.31
46	3.37	1.74	8.66	86.24
47	3.39	1.78	8.77	86.07
48	3.56	1.82	8.90	85.72
49	3.64	1.79	8.91	85.66
50	3.64	1.76	8.79	85.80
51	3.78	1.81	8.94	85.46
52	3.76	1.79	8.89	85.56
53	3.89	1.80	8.90	85.40
54	3.91	1.84	8.89	85.36
55	2.97	1.55	8.46	87.02
56	3.18	1.52	7.81	87.48
57	3.62	1.67	8.27	86.43
58	3.87	1.73	8.55	85.85
59	4.17	1.81	8.91	85.11
60	4.18	1.84	8.84	85.15
61	4.27	1.86	8.96	84.92
62	4.34	1.84	8.97	84.85
63	4.41	1.88	9.13	84.58
64	4.41	1.83	9.12	84.64
65	4.39	1.83	9.06	84.71
66	4.50	1.90	9.28	84.33
67	4.51	1.90	9.39	84.21
68	4.46	1.83	9.28	84.43
69	4.51	1.74	9.03	84.71
70	4.54	1.68	8.89	84.89
71	4.58	1.67	8.86	84.89
72	4.61	1.62	8.76	85.01
73	4.59	1.60	8.74	85.08
74	4.60	1.59	8.70	85.11
75	4.62	1.59	8.71	85.08
76	4.64	1.59	8.82	84.95
77	4.66	1.60	8.88	84.86
78	4.68	1.62	8.98	84.72
79	4.70	1.61	8.97	84.72
80	4.77	1.64	9.12	84.46
81	4.75	1.59	9.05	84.61
82	4.88	1.61	9.10	84.41
83	4.90	1.64	9.15	84.30
84	4.97	1.65	9.16	84.23
85	5.08	1.66	9.21	84.05
86	5.16	1.64	9.16	84.05
87	5.31	1.68	9.23	83.78
88	5.42	1.67	9.29	83.62
89	5.57	1.67	9.25	83.51
90	5.73	1.69	9.24	83.34
91	6.00	1.76	9.46	82.78
92	6.15	1.69	9.37	82.79
93	6.42	1.71	9.38	82.50
94	6.73	1.72	9.50	82.06
95	7.01	1.63	9.31	82.05
96	7.40	1.59	9.25	81.76
97	7.82	1.53	9.22	81.43
98	8.20	1.40	9.06	81.35
99	8.59	1.37	9.13	80.91
100	8.95	1.55	9.22	80.28




