Parameters
	Library type	Paired-end
	Input files	KU330797-16_C_L004_R1_006.fastq	KU330797-16_C_L004_R2_006.fastq
	Primer/Adaptor library	Paired End DNA Library
	Cut-off read length for HQ	70%
	Cut-off quality score	20
	Only statistics	On
	Number of CPUs	2


QC statistics
	File name	KU330797-16_C_L004_R1_006.fastq	KU330797-16_C_L004_R2_006.fastq
	Total number of reads	4000000	4000000
	Total number of HQ reads	3730201	3730201
	Percentage of HQ reads	93.26%	93.26%
	Total number of bases	400000000	400000000
	Total number of bases in HQ reads	373020100	373020100
	Total number of HQ bases in HQ reads	367398558	366243930
	Percentage of HQ bases in HQ reads	98.49%	98.18%
	Number of Primer/Adaptor contaminated HQ reads	5	10
	Total number of HQ filtered reads	3730186	3730186
	Percentage of HQ filtered reads	93.25%	93.25%


Detailed QC statistics
	File name	KU330797-16_C_L004_R1_006.fastq	KU330797-16_C_L004_R2_006.fastq
	Minimum read length	100	100
	Maximum read length	100	100
	Average read length	100.00	100.00
	Total number of reads	4000000	4000000
	Total number of reads with non-ATGC bases	31549	28747
	Percentage of reads with non-ATGC bases	0.79%	0.72%
	Total number of bases	400000000	400000000
	Total number of HQ bases	386936169	382038738
	Percentage of HQ bases	96.73%	95.51%
	Total number of non-ATGC bases	687542	220654
	Percentage of non-ATGC bases	0.17%	0.06%


Average quality score at each base position of input reads

KU330797-16_C_L004_R1_006.fastq
32.16	32.41	32.52	36.04	35.88	35.89	35.88	35.88	37.54	37.53	37.56	37.50	37.53	38.92	38.88	38.81	38.78	38.80	38.79	38.78	38.77	38.73	38.68	38.66	38.62	38.55	38.50	38.39	38.38	38.26	38.22	38.16	38.11	38.04	37.97	37.91	37.80	37.76	37.71	37.65	37.54	37.76	37.67	37.68	37.69	37.62	37.50	37.47	37.37	37.47	37.48	37.42	37.42	37.39	37.32	37.15	37.11	37.05	36.83	36.67	36.55	36.48	36.42	36.33	36.23	36.07	35.91	35.73	35.51	35.10	34.88	34.74	34.50	33.98	34.02	32.91	33.46	33.73	33.68	33.55	33.39	33.20	33.00	32.69	32.57	32.43	32.25	32.13	31.96	31.83	31.63	31.44	31.29	31.19	31.02	30.89	30.70	30.45	30.20	28.80	

KU330797-16_C_L004_R2_006.fastq
36.17	36.48	36.54	36.57	31.50	31.70	31.77	35.21	35.18	35.18	35.30	35.19	36.82	36.84	36.77	36.82	36.75	38.10	38.04	38.04	37.95	37.96	38.02	38.04	38.03	37.90	37.86	37.81	37.69	37.77	37.72	37.65	37.63	37.55	37.53	37.45	37.38	37.29	37.30	37.13	37.20	37.13	37.07	36.97	36.91	36.83	36.94	36.87	36.94	36.84	36.79	36.75	36.64	36.53	35.39	35.89	36.29	36.41	36.47	36.45	36.29	36.27	36.15	36.01	35.89	35.78	35.70	35.62	35.62	35.60	35.42	35.30	35.18	35.01	34.78	34.67	34.40	34.26	34.09	33.88	33.67	33.51	33.30	33.03	32.87	32.72	32.49	32.33	32.07	31.88	31.69	31.50	31.34	31.13	31.00	30.80	30.60	30.49	30.31	30.11	





Read count (%) per base for different quality score ranges

	KU330797-16_C_L004_R1_006.fastq
Ranges	0-10	11-20	21-30	31-40
Base
1	0.17	0.39	10.76	88.68
2	0.12	0.35	9.86	89.67
3	0.11	0.31	9.36	90.21
4	0.10	0.30	2.89	96.71
5	0.20	0.44	3.70	95.66
6	0.15	0.50	3.62	95.73
7	0.15	0.51	3.66	95.68
8	0.16	0.50	3.62	95.72
9	0.16	0.52	3.74	95.57
10	0.17	0.53	3.78	95.52
11	0.16	0.50	3.66	95.68
12	0.18	0.54	3.85	95.43
13	0.16	0.52	3.74	95.58
14	0.34	1.02	5.66	92.99
15	0.36	1.06	5.81	92.77
16	0.42	1.12	5.95	92.51
17	0.43	1.17	6.02	92.38
18	0.40	1.09	5.86	92.65
19	0.46	1.17	6.16	92.21
20	0.45	1.15	6.12	92.28
21	0.46	1.13	6.05	92.36
22	0.49	1.13	6.16	92.23
23	0.52	1.15	6.27	92.06
24	0.56	1.18	6.39	91.88
25	0.60	1.19	6.46	91.76
26	0.84	1.24	6.35	91.57
27	0.90	1.28	6.42	91.39
28	1.04	1.33	6.72	90.91
29	1.04	1.27	6.72	90.97
30	1.18	1.34	7.01	90.48
31	1.20	1.33	7.16	90.32
32	1.24	1.31	7.30	90.16
33	1.28	1.31	7.47	89.94
34	1.32	1.32	7.59	89.77
35	1.36	1.34	7.82	89.47
36	1.40	1.36	7.96	89.28
37	1.47	1.40	8.15	88.98
38	1.48	1.38	8.12	89.02
39	1.51	1.39	8.13	88.98
40	1.56	1.39	8.13	88.93
41	1.65	1.46	8.29	88.60
42	1.56	1.41	8.30	88.72
43	1.76	1.51	8.57	88.16
44	1.76	1.51	8.53	88.20
45	1.79	1.50	8.42	88.29
46	1.87	1.53	8.53	88.07
47	1.98	1.59	8.74	87.69
48	1.97	1.59	8.73	87.71
49	2.07	1.66	8.87	87.40
50	1.98	1.57	8.71	87.73
51	2.04	1.56	8.57	87.82
52	2.14	1.58	8.60	87.68
53	2.14	1.54	8.55	87.77
54	2.17	1.50	8.42	87.90
55	2.24	1.54	8.53	87.69
56	2.38	1.64	8.74	87.24
57	2.37	1.58	8.70	87.35
58	2.40	1.58	8.62	87.40
59	2.58	1.67	8.99	86.75
60	2.67	1.73	9.22	86.38
61	2.73	1.74	9.32	86.21
62	2.72	1.70	9.29	86.29
63	2.74	1.66	9.14	86.46
64	2.75	1.64	9.12	86.49
65	2.80	1.60	9.09	86.51
66	2.88	1.62	9.20	86.30
67	2.97	1.63	9.29	86.11
68	3.07	1.63	9.36	85.94
69	3.24	1.66	9.49	85.61
70	3.90	1.72	9.76	84.62
71	4.04	1.73	9.99	84.23
72	4.02	1.75	9.97	84.26
73	3.99	1.93	10.28	83.80
74	4.25	2.13	11.45	82.17
75	4.07	1.95	10.94	83.04
76	3.79	2.10	14.86	79.24
77	3.77	1.68	11.67	82.89
78	3.85	1.53	10.30	84.32
79	3.99	1.56	10.01	84.44
80	4.09	1.56	9.85	84.51
81	4.16	1.58	9.79	84.47
82	4.29	1.62	9.86	84.24
83	4.41	1.66	9.97	83.95
84	4.71	1.83	10.48	82.97
85	4.74	1.84	10.42	82.99
86	4.88	1.83	10.37	82.92
87	5.07	1.87	10.54	82.52
88	5.23	1.85	10.48	82.45
89	5.45	1.90	10.60	82.05
90	5.65	1.89	10.58	81.87
91	5.97	1.99	10.84	81.20
92	6.29	2.03	11.04	80.64
93	6.61	2.06	11.06	80.27
94	6.89	1.96	10.87	80.28
95	7.33	1.91	10.87	79.89
96	7.76	1.78	10.61	79.85
97	8.33	1.70	10.56	79.41
98	9.01	1.62	10.71	78.67
99	9.75	1.52	10.56	78.16
100	10.84	3.27	17.21	68.68


	KU330797-16_C_L004_R2_006.fastq
Ranges	0-10	11-20	21-30	31-40
Base
1	1.19	0.23	0.23	98.35
2	1.19	0.19	0.15	98.46
3	1.13	0.18	0.15	98.53
4	1.05	0.16	0.15	98.64
5	1.35	1.10	13.93	83.63
6	1.34	1.13	12.51	85.01
7	1.38	1.11	12.22	85.29
8	1.42	1.08	5.03	92.47
9	1.47	1.10	5.09	92.34
10	1.27	1.33	5.09	92.31
11	0.94	1.46	4.80	92.81
12	1.07	1.56	5.19	92.18
13	1.05	1.31	5.08	92.56
14	1.06	1.28	4.97	92.69
15	1.12	1.34	5.16	92.38
16	1.09	1.29	4.99	92.64
17	1.16	1.35	5.16	92.33
18	2.00	2.29	7.35	88.36
19	2.10	2.32	7.48	88.10
20	2.11	2.26	7.38	88.24
21	2.25	2.37	7.60	87.78
22	2.25	2.29	7.46	88.00
23	2.33	2.31	7.59	87.76
24	2.31	2.22	7.52	87.94
25	2.29	2.21	7.49	88.01
26	2.48	2.29	7.74	87.49
27	2.50	2.25	7.79	87.46
28	2.68	2.35	8.15	86.82
29	2.82	2.41	8.35	86.42
30	2.72	2.18	8.13	86.97
31	2.78	2.16	8.21	86.84
32	2.87	2.13	8.43	86.57
33	2.92	2.02	8.42	86.64
34	2.98	2.04	8.69	86.29
35	2.97	1.99	8.77	86.27
36	3.06	2.00	9.09	85.85
37	3.11	1.97	9.26	85.66
38	3.19	2.02	9.54	85.25
39	3.14	1.96	9.49	85.42
40	3.33	2.05	9.85	84.77
41	3.18	1.96	9.68	85.18
42	3.28	1.96	9.72	85.04
43	3.34	1.96	9.78	84.91
44	3.44	2.01	9.91	84.64
45	3.41	1.99	9.84	84.77
46	3.48	2.03	9.93	84.56
47	3.50	2.04	10.09	84.37
48	3.71	2.10	10.21	83.98
49	3.65	2.03	9.99	84.33
50	3.86	2.09	10.11	83.93
51	3.93	2.11	10.11	83.85
52	3.95	2.12	10.16	83.78
53	4.11	2.19	10.28	83.43
54	4.19	2.23	10.37	83.21
55	3.10	1.92	10.50	84.48
56	3.25	1.78	9.05	85.92
57	3.65	1.87	9.30	85.18
58	4.04	2.01	9.79	84.16
59	4.19	2.05	9.93	83.84
60	4.33	2.03	9.95	83.70
61	4.46	2.14	10.19	83.21
62	4.44	2.09	10.08	83.39
63	4.54	2.10	10.24	83.12
64	4.62	2.13	10.35	82.90
65	4.68	2.15	10.46	82.71
66	4.70	2.14	10.46	82.69
67	4.68	2.10	10.41	82.81
68	4.74	2.12	10.52	82.62
69	4.74	2.00	10.25	83.01
70	4.75	1.91	9.92	83.41
71	4.88	1.92	10.02	83.17
72	4.93	1.88	9.93	83.25
73	4.91	1.88	9.85	83.36
74	4.91	1.91	9.93	83.25
75	4.99	1.96	10.11	82.95
76	4.93	1.83	10.04	83.21
77	5.05	1.91	10.28	82.76
78	5.01	1.88	10.21	82.91
79	5.03	1.83	10.18	82.96
80	5.09	1.83	10.23	82.85
81	5.16	1.85	10.26	82.73
82	5.18	1.79	10.15	82.88
83	5.27	1.80	10.18	82.75
84	5.46	1.89	10.44	82.22
85	5.49	1.85	10.41	82.24
86	5.59	1.82	10.26	82.33
87	5.79	1.87	10.37	81.97
88	5.95	1.86	10.32	81.87
89	6.25	1.96	10.55	81.24
90	6.46	1.99	10.65	80.89
91	6.73	2.02	10.64	80.61
92	7.04	2.04	10.72	80.20
93	7.34	2.01	10.65	80.00
94	7.75	2.00	10.71	79.54
95	8.09	1.89	10.48	79.54
96	8.58	1.87	10.43	79.12
97	9.08	1.81	10.46	78.65
98	9.50	1.59	10.11	78.81
99	9.95	1.53	10.11	78.41
100	10.35	1.75	10.14	77.76




