Parameters
	Library type	Single-end
	Input file	/Volumes/wdhd/users/joaks1/projects/gekgo/data/genomes/msg/plate2/demultiplexed-trimmed/CDS_1112_Cyrtodactylus_philippinicus_Polillo_R1.trimmed.fq
	Primer/Adaptor library	NA
	Cut-off read length for HQ	70%
	Cut-off quality score	20
	Only statistics	On
	Number of processes	2


QC statistics
	File name	CDS_1112_Cyrtodactylus_philippinicus_Polillo_R1.trimmed.fq
	Total number of reads	1044274
	Total number of HQ reads	1043626
	Percentage of HQ reads	99.94%
	Total number of bases	95749899
	Total number of bases in HQ reads	95730549
	Total number of HQ bases in HQ reads	95431979
	Percentage of HQ bases in HQ reads	99.69%
	Number of Primer/Adaptor contaminated HQ reads	NA
	Total number of HQ filtered reads	1043626
	Percentage of HQ filtered reads	99.94%


Detailed QC statistics
	File name	CDS_1112_Cyrtodactylus_philippinicus_Polillo_R1.trimmed.fq
	Minimum read length	7
	Maximum read length	95
	Average read length	91.69
	Total number of reads	1044274
	Total number of reads with non-ATGC bases	0
	Percentage of reads with non-ATGC bases	0.00%
	Total number of bases	95749899
	Total number of HQ bases	95443726
	Percentage of HQ bases	99.68%
	Total number of non-ATGC bases	0
	Percentage of non-ATGC bases	0.00%


Average quality score at each base position of input reads

CDS_1112_Cyrtodactylus_philippinicus_Polillo_R1.trimmed.fq
36.28	36.74	36.81	36.85	36.71	36.66	36.65	38.98	38.96	38.93	38.87	38.84	38.91	38.91	38.89	38.87	38.84	38.77	38.84	38.77	38.72	38.75	38.75	38.74	38.67	38.58	38.55	38.52	38.54	38.45	38.46	38.43	38.32	38.32	38.25	38.14	38.13	38.10	38.01	37.95	37.90	37.82	37.74	37.67	37.60	37.69	37.68	37.61	37.54	37.45	37.35	37.24	37.16	37.05	36.95	36.83	36.79	36.69	36.58	36.48	36.38	36.26	36.11	35.93	35.80	35.63	35.48	35.35	35.16	33.40	34.09	34.47	34.47	34.36	34.25	34.12	34.00	33.90	33.79	33.71	33.64	33.56	33.49	33.43	33.34	33.27	33.21	33.16	33.12	33.04	32.97	32.94	32.91	32.88	32.27	




Read count (%) per base for different quality score ranges

	CDS_1112_Cyrtodactylus_philippinicus_Polillo_R1.trimmed.fq
Ranges	0-10	11-20	21-30	31-40
Base
1	0.00	0.93	1.62	97.45
2	0.00	0.36	0.82	98.82
3	0.00	0.25	0.64	99.11
4	0.00	0.19	0.57	99.24
5	0.00	0.24	1.16	98.60
6	0.00	0.34	1.23	98.42
7	0.00	0.36	1.30	98.35
8	0.00	0.39	1.34	98.27
9	0.00	0.41	1.39	98.21
10	0.00	0.43	1.48	98.09
11	0.00	0.45	1.45	98.09
12	0.00	0.46	1.49	98.04
13	0.00	0.47	1.48	98.04
14	0.00	0.46	1.52	98.02
15	0.00	0.46	1.56	97.98
16	0.00	0.46	1.49	98.05
17	0.00	0.53	1.53	97.94
18	0.00	0.56	1.68	97.75
19	0.00	0.47	1.55	97.98
20	0.00	0.60	1.58	97.82
21	0.00	0.61	1.63	97.76
22	0.00	0.56	1.56	97.88
23	0.00	0.55	1.60	97.85
24	0.00	0.54	1.58	97.88
25	0.00	0.57	1.66	97.77
26	0.00	0.57	1.75	97.68
27	0.00	0.58	1.74	97.68
28	0.00	0.50	1.74	97.76
29	0.00	0.42	1.62	97.96
30	0.00	0.43	1.73	97.84
31	0.00	0.38	1.64	97.97
32	0.00	0.35	1.65	98.00
33	0.00	0.39	1.75	97.86
34	0.00	0.32	1.64	98.04
35	0.00	0.34	1.68	97.98
36	0.00	0.34	1.72	97.93
37	0.00	0.32	1.65	98.03
38	0.00	0.31	1.65	98.03
39	0.00	0.32	1.71	97.97
40	0.00	0.32	1.71	97.97
41	0.00	0.31	1.70	97.99
42	0.00	0.33	1.80	97.87
43	0.00	0.32	1.81	97.88
44	0.00	0.31	1.80	97.88
45	0.00	0.32	1.86	97.82
46	0.00	0.26	1.54	98.20
47	0.00	0.24	1.55	98.20
48	0.00	0.26	1.59	98.15
49	0.00	0.24	1.57	98.19
50	0.00	0.25	1.62	98.14
51	0.00	0.23	1.63	98.14
52	0.00	0.23	1.68	98.09
53	0.00	0.21	1.64	98.15
54	0.00	0.22	1.74	98.04
55	0.00	0.22	1.74	98.04
56	0.00	0.22	1.77	98.02
57	0.00	0.19	1.54	98.27
58	0.00	0.18	1.60	98.22
59	0.00	0.20	1.70	98.10
60	0.00	0.19	1.66	98.15
61	0.00	0.18	1.62	98.20
62	0.00	0.17	1.67	98.16
63	0.00	0.17	1.71	98.13
64	0.00	0.19	1.94	97.88
65	0.00	0.17	1.77	98.06
66	0.00	0.19	1.87	97.94
67	0.00	0.17	1.89	97.94
68	0.00	0.18	1.84	97.99
69	0.00	0.19	2.00	97.81
70	0.00	0.30	5.17	94.54
71	0.00	0.21	2.80	96.99
72	0.00	0.18	2.24	97.58
73	0.00	0.18	2.05	97.77
74	0.00	0.17	2.02	97.81
75	0.00	0.17	2.05	97.78
76	0.00	0.18	2.15	97.67
77	0.00	0.19	2.18	97.63
78	0.00	0.20	2.17	97.63
79	0.00	0.19	2.25	97.56
80	0.00	0.18	2.26	97.57
81	0.00	0.18	2.29	97.53
82	0.00	0.19	2.38	97.43
83	0.00	0.20	2.42	97.37
84	0.00	0.20	2.49	97.31
85	0.00	0.23	2.56	97.21
86	0.00	0.23	2.64	97.14
87	0.00	0.24	2.66	97.10
88	0.00	0.23	2.72	97.05
89	0.00	0.24	2.66	97.10
90	0.00	0.27	2.82	96.91
91	0.00	0.28	2.93	96.79
92	0.00	0.27	2.89	96.84
93	0.00	0.28	2.85	96.87
94	0.00	0.28	2.82	96.91
95	0.00	0.54	4.52	94.94




