Parameters
	Library type	Single-end
	Input file	/Volumes/wdhd/users/joaks1/projects/gekgo/data/genomes/msg/plate2/demultiplexed-trimmed/CDS_6052_Gekko_mindorensis_Luzon_R1.trimmed.fq
	Primer/Adaptor library	NA
	Cut-off read length for HQ	70%
	Cut-off quality score	20
	Only statistics	On
	Number of processes	2


QC statistics
	File name	CDS_6052_Gekko_mindorensis_Luzon_R1.trimmed.fq
	Total number of reads	1601207
	Total number of HQ reads	1600362
	Percentage of HQ reads	99.95%
	Total number of bases	145912772
	Total number of bases in HQ reads	145889954
	Total number of HQ bases in HQ reads	145411341
	Percentage of HQ bases in HQ reads	99.67%
	Number of Primer/Adaptor contaminated HQ reads	NA
	Total number of HQ filtered reads	1600362
	Percentage of HQ filtered reads	99.95%


Detailed QC statistics
	File name	CDS_6052_Gekko_mindorensis_Luzon_R1.trimmed.fq
	Minimum read length	7
	Maximum read length	95
	Average read length	91.13
	Total number of reads	1601207
	Total number of reads with non-ATGC bases	0
	Percentage of reads with non-ATGC bases	0.00%
	Total number of bases	145912772
	Total number of HQ bases	145425301
	Percentage of HQ bases	99.67%
	Total number of non-ATGC bases	0
	Percentage of non-ATGC bases	0.00%


Average quality score at each base position of input reads

CDS_6052_Gekko_mindorensis_Luzon_R1.trimmed.fq
35.46	36.63	36.75	36.79	36.66	36.62	36.60	38.80	38.83	38.83	38.79	38.69	38.69	38.72	38.74	38.68	38.69	38.64	38.71	38.62	38.59	38.59	38.53	38.52	38.45	38.35	38.29	38.27	38.26	38.15	38.16	38.12	38.00	38.00	37.93	37.81	37.82	37.70	37.64	37.50	37.52	37.43	37.35	37.29	37.16	37.22	37.24	37.19	37.09	36.98	36.81	36.69	36.56	36.44	36.31	36.12	36.05	35.95	35.80	35.61	35.44	35.26	35.06	34.87	34.65	34.46	34.30	34.12	33.94	32.23	32.99	33.37	33.41	33.37	33.34	33.27	33.22	33.16	33.09	33.04	33.00	32.94	32.90	32.84	32.80	32.76	32.69	32.65	32.60	32.54	32.51	32.47	32.44	32.34	31.68	




Read count (%) per base for different quality score ranges

	CDS_6052_Gekko_mindorensis_Luzon_R1.trimmed.fq
Ranges	0-10	11-20	21-30	31-40
Base
1	0.00	1.20	2.71	96.09
2	0.00	0.42	1.22	98.36
3	0.00	0.30	0.95	98.75
4	0.00	0.25	0.83	98.92
5	0.00	0.27	1.37	98.36
6	0.00	0.37	1.45	98.18
7	0.00	0.39	1.51	98.10
8	0.00	0.47	1.64	97.89
9	0.00	0.44	1.58	97.98
10	0.00	0.47	1.70	97.83
11	0.00	0.48	1.72	97.80
12	0.00	0.53	1.81	97.66
13	0.00	0.52	1.79	97.69
14	0.00	0.52	1.78	97.70
15	0.00	0.50	1.75	97.76
16	0.00	0.51	1.77	97.72
17	0.00	0.54	1.78	97.67
18	0.00	0.56	1.94	97.49
19	0.00	0.46	1.81	97.73
20	0.00	0.57	1.87	97.56
21	0.00	0.54	1.85	97.61
22	0.00	0.48	1.83	97.69
23	0.00	0.47	1.91	97.61
24	0.00	0.40	1.84	97.76
25	0.00	0.40	1.87	97.72
26	0.00	0.41	1.97	97.62
27	0.00	0.43	2.00	97.57
28	0.00	0.38	1.92	97.70
29	0.00	0.35	1.81	97.83
30	0.00	0.38	1.96	97.66
31	0.00	0.38	1.89	97.73
32	0.00	0.35	1.89	97.75
33	0.00	0.40	2.00	97.60
34	0.00	0.34	1.86	97.80
35	0.00	0.36	1.94	97.70
36	0.00	0.37	2.04	97.59
37	0.00	0.32	1.96	97.72
38	0.00	0.35	2.06	97.60
39	0.00	0.35	2.07	97.58
40	0.00	0.36	2.24	97.39
41	0.00	0.33	2.04	97.64
42	0.00	0.35	2.13	97.51
43	0.00	0.34	2.17	97.48
44	0.00	0.32	2.20	97.48
45	0.00	0.34	2.46	97.20
46	0.00	0.29	1.98	97.73
47	0.00	0.26	1.95	97.80
48	0.00	0.25	1.99	97.75
49	0.00	0.25	2.03	97.73
50	0.00	0.26	2.04	97.69
51	0.00	0.27	2.13	97.60
52	0.00	0.25	2.24	97.51
53	0.00	0.24	2.24	97.52
54	0.00	0.23	2.17	97.60
55	0.00	0.24	2.17	97.60
56	0.00	0.25	2.30	97.45
57	0.00	0.21	1.98	97.81
58	0.00	0.19	1.89	97.91
59	0.00	0.20	1.93	97.87
60	0.00	0.20	1.93	97.87
61	0.00	0.20	1.96	97.84
62	0.00	0.21	2.04	97.75
63	0.00	0.20	2.03	97.78
64	0.00	0.20	2.11	97.68
65	0.00	0.19	2.21	97.60
66	0.00	0.20	2.32	97.48
67	0.00	0.20	2.23	97.57
68	0.00	0.21	2.23	97.57
69	0.00	0.20	2.25	97.55
70	0.00	0.33	6.30	93.37
71	0.00	0.23	3.39	96.38
72	0.00	0.20	2.71	97.09
73	0.00	0.20	2.50	97.30
74	0.00	0.19	2.44	97.37
75	0.00	0.18	2.30	97.52
76	0.00	0.19	2.40	97.41
77	0.00	0.20	2.43	97.37
78	0.00	0.19	2.44	97.37
79	0.00	0.21	2.53	97.26
80	0.00	0.20	2.56	97.25
81	0.00	0.21	2.58	97.21
82	0.00	0.23	2.65	97.12
83	0.00	0.22	2.67	97.12
84	0.00	0.25	2.72	97.03
85	0.00	0.24	2.67	97.09
86	0.00	0.24	2.72	97.04
87	0.00	0.26	2.81	96.93
88	0.00	0.27	2.79	96.94
89	0.00	0.29	2.80	96.92
90	0.00	0.31	2.88	96.81
91	0.00	0.32	2.87	96.81
92	0.00	0.32	2.85	96.83
93	0.00	0.31	2.85	96.84
94	0.00	0.36	3.02	96.62
95	0.00	0.61	4.66	94.73




