Parameters
	Library type	Single-end
	Input file	/Volumes/wdhd/users/joaks1/projects/gekgo/data/genomes/msg/plate2/demultiplexed-trimmed/CDS_31_Gekko_gigante_SouthGigante_R1.trimmed.fq
	Primer/Adaptor library	NA
	Cut-off read length for HQ	70%
	Cut-off quality score	20
	Only statistics	On
	Number of processes	2


QC statistics
	File name	CDS_31_Gekko_gigante_SouthGigante_R1.trimmed.fq
	Total number of reads	86857
	Total number of HQ reads	86800
	Percentage of HQ reads	99.93%
	Total number of bases	7641609
	Total number of bases in HQ reads	7640263
	Total number of HQ bases in HQ reads	7596858
	Percentage of HQ bases in HQ reads	99.43%
	Number of Primer/Adaptor contaminated HQ reads	NA
	Total number of HQ filtered reads	86800
	Percentage of HQ filtered reads	99.93%


Detailed QC statistics
	File name	CDS_31_Gekko_gigante_SouthGigante_R1.trimmed.fq
	Minimum read length	9
	Maximum read length	95
	Average read length	87.98
	Total number of reads	86857
	Total number of reads with non-ATGC bases	0
	Percentage of reads with non-ATGC bases	0.00%
	Total number of bases	7641609
	Total number of HQ bases	7597663
	Percentage of HQ bases	99.42%
	Total number of non-ATGC bases	0
	Percentage of non-ATGC bases	0.00%


Average quality score at each base position of input reads

CDS_31_Gekko_gigante_SouthGigante_R1.trimmed.fq
35.26	36.07	36.35	36.45	36.37	36.30	36.29	38.08	38.10	38.02	37.94	37.80	37.83	37.87	37.87	37.82	37.85	37.74	37.77	37.62	37.55	37.50	37.43	37.36	37.26	37.07	36.97	36.93	36.84	36.69	36.67	36.64	36.42	36.41	36.29	36.07	36.06	35.91	35.82	35.57	35.57	35.40	35.28	35.18	35.01	35.29	35.35	35.27	35.12	34.99	34.75	34.53	34.34	34.09	33.91	33.62	33.52	33.32	33.09	32.87	32.65	32.44	32.20	32.01	31.77	31.61	31.46	31.32	31.14	29.35	30.05	30.51	30.60	30.59	30.56	30.48	30.42	30.31	30.22	30.15	30.06	30.00	29.96	29.89	29.83	29.76	29.65	29.58	29.49	29.41	29.36	29.29	29.25	29.13	28.44	




Read count (%) per base for different quality score ranges

	CDS_31_Gekko_gigante_SouthGigante_R1.trimmed.fq
Ranges	0-10	11-20	21-30	31-40
Base
1	0.00	2.25	5.60	92.16
2	0.00	1.02	3.37	95.61
3	0.00	0.69	2.36	96.95
4	0.00	0.54	2.06	97.41
5	0.00	0.54	2.40	97.07
6	0.00	0.62	2.71	96.67
7	0.00	0.66	2.78	96.56
8	0.00	0.76	2.88	96.36
9	0.00	0.69	2.82	96.49
10	0.00	0.78	3.02	96.20
11	0.00	0.87	3.10	96.04
12	0.00	0.94	3.45	95.61
13	0.00	0.85	3.20	95.95
14	0.00	0.77	3.14	96.08
15	0.00	0.74	3.14	96.12
16	0.00	0.76	3.19	96.05
17	0.00	0.69	3.20	96.11
18	0.00	0.78	3.42	95.80
19	0.00	0.64	3.30	96.06
20	0.00	0.72	3.50	95.78
21	0.00	0.67	3.46	95.88
22	0.00	0.67	3.30	96.03
23	0.00	0.65	3.36	95.99
24	0.00	0.64	3.42	95.94
25	0.00	0.62	3.47	95.91
26	0.00	0.68	3.65	95.66
27	0.00	0.67	3.71	95.61
28	0.00	0.61	3.53	95.85
29	0.00	0.64	3.52	95.84
30	0.00	0.65	3.76	95.59
31	0.00	0.61	3.56	95.83
32	0.00	0.58	3.55	95.87
33	0.00	0.67	3.92	95.41
34	0.00	0.57	3.57	95.87
35	0.00	0.69	3.60	95.71
36	0.00	0.67	4.08	95.25
37	0.00	0.57	3.84	95.59
38	0.00	0.65	4.09	95.26
39	0.00	0.67	4.10	95.23
40	0.00	0.73	4.50	94.77
41	0.00	0.63	4.30	95.07
42	0.00	0.68	4.54	94.77
43	0.00	0.64	4.66	94.70
44	0.00	0.63	4.65	94.72
45	0.00	0.68	5.02	94.29
46	0.00	0.45	3.87	95.69
47	0.00	0.42	3.59	95.99
48	0.00	0.44	3.58	95.98
49	0.00	0.39	3.57	96.04
50	0.00	0.41	3.45	96.14
51	0.00	0.44	3.64	95.93
52	0.00	0.46	3.57	95.98
53	0.00	0.41	3.63	95.96
54	0.00	0.42	3.65	95.92
55	0.00	0.37	3.59	96.03
56	0.00	0.38	3.91	95.71
57	0.00	0.31	3.18	96.51
58	0.00	0.36	3.14	96.50
59	0.00	0.38	3.28	96.33
60	0.00	0.33	3.38	96.29
61	0.00	0.34	3.38	96.28
62	0.00	0.33	3.40	96.27
63	0.00	0.33	3.62	96.04
64	0.00	0.32	3.61	96.07
65	0.00	0.35	3.99	95.66
66	0.00	0.31	3.85	95.84
67	0.00	0.35	3.84	95.81
68	0.00	0.36	3.92	95.72
69	0.00	0.38	4.02	95.61
70	0.00	0.46	10.71	88.83
71	0.00	0.36	5.94	93.70
72	0.00	0.33	4.66	95.01
73	0.00	0.37	4.13	95.50
74	0.00	0.31	4.13	95.56
75	0.00	0.29	3.87	95.83
76	0.00	0.30	3.85	95.86
77	0.00	0.33	3.82	95.85
78	0.00	0.37	4.02	95.62
79	0.00	0.35	4.08	95.57
80	0.00	0.36	4.22	95.42
81	0.00	0.39	4.40	95.21
82	0.00	0.38	4.46	95.16
83	0.00	0.40	4.27	95.34
84	0.00	0.42	4.26	95.32
85	0.00	0.43	4.34	95.23
86	0.00	0.49	4.31	95.20
87	0.00	0.55	4.54	94.91
88	0.00	0.51	4.60	94.89
89	0.00	0.58	4.72	94.69
90	0.00	0.60	4.75	94.65
91	0.00	0.65	4.71	94.64
92	0.00	0.63	4.74	94.64
93	0.00	0.63	4.69	94.68
94	0.00	0.73	4.68	94.59
95	0.00	1.15	6.97	91.88




