Parameters
	Library type	Single-end
	Input file	/Volumes/wdhd/users/joaks1/projects/gekgo/data/genomes/msg/plate2/demultiplexed-trimmed/CDS_101_Gekko_mindorensis_CamiguinSur_R1.trimmed.fq
	Primer/Adaptor library	NA
	Cut-off read length for HQ	70%
	Cut-off quality score	20
	Only statistics	On
	Number of processes	2


QC statistics
	File name	CDS_101_Gekko_mindorensis_CamiguinSur_R1.trimmed.fq
	Total number of reads	252925
	Total number of HQ reads	252548
	Percentage of HQ reads	99.85%
	Total number of bases	23009107
	Total number of bases in HQ reads	22998891
	Total number of HQ bases in HQ reads	22916357
	Percentage of HQ bases in HQ reads	99.64%
	Number of Primer/Adaptor contaminated HQ reads	NA
	Total number of HQ filtered reads	252548
	Percentage of HQ filtered reads	99.85%


Detailed QC statistics
	File name	CDS_101_Gekko_mindorensis_CamiguinSur_R1.trimmed.fq
	Minimum read length	7
	Maximum read length	95
	Average read length	90.97
	Total number of reads	252925
	Total number of reads with non-ATGC bases	0
	Percentage of reads with non-ATGC bases	0.00%
	Total number of bases	23009107
	Total number of HQ bases	22922272
	Percentage of HQ bases	99.62%
	Total number of non-ATGC bases	0
	Percentage of non-ATGC bases	0.00%


Average quality score at each base position of input reads

CDS_101_Gekko_mindorensis_CamiguinSur_R1.trimmed.fq
35.65	36.61	36.73	36.79	36.64	36.61	36.58	38.58	38.69	38.77	38.78	38.58	38.71	38.75	38.76	38.57	38.62	38.59	38.66	38.51	38.55	38.56	38.48	38.48	38.41	38.37	38.29	38.30	38.28	38.19	38.17	38.06	37.93	37.93	37.91	37.76	37.76	37.61	37.59	37.39	37.35	37.35	37.32	37.25	37.12	37.24	37.31	37.29	37.22	37.13	36.92	36.85	36.78	36.69	36.57	36.42	36.37	36.33	36.25	36.11	35.93	35.83	35.62	35.40	35.23	35.07	34.93	34.73	34.43	32.53	33.38	33.83	33.87	33.81	33.72	33.57	33.45	33.34	33.26	33.17	33.09	33.01	32.95	32.88	32.82	32.74	32.63	32.61	32.54	32.46	32.42	32.41	32.37	32.28	31.61	




Read count (%) per base for different quality score ranges

	CDS_101_Gekko_mindorensis_CamiguinSur_R1.trimmed.fq
Ranges	0-10	11-20	21-30	31-40
Base
1	0.00	1.54	2.42	96.05
2	0.00	0.58	1.13	98.29
3	0.00	0.41	0.85	98.74
4	0.00	0.32	0.72	98.96
5	0.00	0.35	1.34	98.32
6	0.00	0.41	1.37	98.22
7	0.00	0.45	1.48	98.07
8	0.00	0.61	1.81	97.58
9	0.00	0.50	1.60	97.90
10	0.00	0.50	1.64	97.85
11	0.00	0.52	1.64	97.84
12	0.00	0.62	1.87	97.51
13	0.00	0.60	1.82	97.58
14	0.00	0.58	1.77	97.65
15	0.00	0.57	1.74	97.69
16	0.00	0.60	1.83	97.57
17	0.00	0.63	1.83	97.54
18	0.00	0.66	1.92	97.43
19	0.00	0.57	1.86	97.57
20	0.00	0.79	1.85	97.35
21	0.00	0.77	1.89	97.34
22	0.00	0.74	1.75	97.50
23	0.00	0.73	1.90	97.36
24	0.00	0.68	1.87	97.45
25	0.00	0.70	1.91	97.39
26	0.00	0.66	1.97	97.37
27	0.00	0.67	2.00	97.33
28	0.00	0.58	1.90	97.52
29	0.00	0.49	1.87	97.64
30	0.00	0.48	1.95	97.57
31	0.00	0.45	1.88	97.66
32	0.00	0.43	1.95	97.62
33	0.00	0.45	2.05	97.50
34	0.00	0.37	1.96	97.67
35	0.00	0.37	1.89	97.74
36	0.00	0.39	2.05	97.56
37	0.00	0.35	1.94	97.71
38	0.00	0.39	2.02	97.59
39	0.00	0.36	1.94	97.70
40	0.00	0.39	2.13	97.48
41	0.00	0.35	1.96	97.68
42	0.00	0.36	1.97	97.67
43	0.00	0.35	1.97	97.68
44	0.00	0.32	1.96	97.71
45	0.00	0.37	2.20	97.43
46	0.00	0.29	1.70	98.01
47	0.00	0.26	1.63	98.12
48	0.00	0.25	1.67	98.07
49	0.00	0.23	1.67	98.10
50	0.00	0.24	1.69	98.07
51	0.00	0.27	1.84	97.89
52	0.00	0.23	1.90	97.87
53	0.00	0.24	1.89	97.87
54	0.00	0.21	1.86	97.93
55	0.00	0.24	1.88	97.89
56	0.00	0.24	1.99	97.77
57	0.00	0.22	1.69	98.09
58	0.00	0.19	1.57	98.24
59	0.00	0.17	1.66	98.17
60	0.00	0.18	1.72	98.09
61	0.00	0.18	1.71	98.10
62	0.00	0.19	1.77	98.05
63	0.00	0.17	1.75	98.07
64	0.00	0.19	1.79	98.03
65	0.00	0.19	1.93	97.88
66	0.00	0.19	1.97	97.84
67	0.00	0.19	1.99	97.82
68	0.00	0.22	2.06	97.72
69	0.00	0.23	2.36	97.41
70	0.00	0.33	6.61	93.06
71	0.00	0.22	3.12	96.65
72	0.00	0.20	2.36	97.44
73	0.00	0.19	2.20	97.61
74	0.00	0.18	2.09	97.73
75	0.00	0.16	2.02	97.81
76	0.00	0.17	2.16	97.67
77	0.00	0.17	2.21	97.61
78	0.00	0.18	2.23	97.58
79	0.00	0.18	2.29	97.53
80	0.00	0.19	2.39	97.43
81	0.00	0.19	2.45	97.36
82	0.00	0.21	2.36	97.43
83	0.00	0.22	2.54	97.25
84	0.00	0.22	2.59	97.19
85	0.00	0.23	2.54	97.23
86	0.00	0.21	2.62	97.17
87	0.00	0.26	2.80	96.95
88	0.00	0.24	2.68	97.08
89	0.00	0.25	2.83	96.92
90	0.00	0.26	2.86	96.88
91	0.00	0.25	2.88	96.87
92	0.00	0.28	2.83	96.89
93	0.00	0.27	2.90	96.83
94	0.00	0.29	3.06	96.65
95	0.00	0.54	4.69	94.77




