Parameters
	Library type	Single-end
	Input file	/Volumes/wdhd/users/joaks1/projects/gekgo/data/genomes/msg/plate2/demultiplexed-trimmed/CDS_607_Gekko_mindorensis_Caluya_R1.trimmed.fq
	Primer/Adaptor library	NA
	Cut-off read length for HQ	70%
	Cut-off quality score	20
	Only statistics	On
	Number of processes	2


QC statistics
	File name	CDS_607_Gekko_mindorensis_Caluya_R1.trimmed.fq
	Total number of reads	170952
	Total number of HQ reads	170834
	Percentage of HQ reads	99.93%
	Total number of bases	15641338
	Total number of bases in HQ reads	15637822
	Total number of HQ bases in HQ reads	15588631
	Percentage of HQ bases in HQ reads	99.69%
	Number of Primer/Adaptor contaminated HQ reads	NA
	Total number of HQ filtered reads	170834
	Percentage of HQ filtered reads	99.93%


Detailed QC statistics
	File name	CDS_607_Gekko_mindorensis_Caluya_R1.trimmed.fq
	Minimum read length	9
	Maximum read length	95
	Average read length	91.50
	Total number of reads	170952
	Total number of reads with non-ATGC bases	0
	Percentage of reads with non-ATGC bases	0.00%
	Total number of bases	15641338
	Total number of HQ bases	15590754
	Percentage of HQ bases	99.68%
	Total number of non-ATGC bases	0
	Percentage of non-ATGC bases	0.00%


Average quality score at each base position of input reads

CDS_607_Gekko_mindorensis_Caluya_R1.trimmed.fq
36.39	36.74	36.81	36.84	36.71	36.67	36.65	38.89	38.92	38.93	38.89	38.79	38.87	38.89	38.90	38.82	38.84	38.78	38.84	38.74	38.72	38.70	38.67	38.66	38.61	38.53	38.49	38.50	38.49	38.40	38.39	38.35	38.25	38.24	38.17	38.06	38.06	37.94	37.91	37.77	37.81	37.73	37.68	37.63	37.52	37.58	37.60	37.57	37.49	37.40	37.26	37.16	37.07	36.97	36.89	36.73	36.69	36.64	36.53	36.43	36.31	36.18	36.02	35.88	35.72	35.56	35.43	35.27	35.06	33.23	33.99	34.40	34.39	34.32	34.22	34.06	33.92	33.81	33.72	33.62	33.55	33.47	33.42	33.33	33.28	33.20	33.14	33.08	33.02	32.94	32.90	32.86	32.83	32.75	32.16	




Read count (%) per base for different quality score ranges

	CDS_607_Gekko_mindorensis_Caluya_R1.trimmed.fq
Ranges	0-10	11-20	21-30	31-40
Base
1	0.00	0.89	1.51	97.60
2	0.00	0.37	0.80	98.83
3	0.00	0.26	0.66	99.09
4	0.00	0.21	0.58	99.21
5	0.00	0.24	1.11	98.65
6	0.00	0.33	1.21	98.47
7	0.00	0.35	1.28	98.37
8	0.00	0.43	1.40	98.17
9	0.00	0.42	1.33	98.24
10	0.00	0.46	1.46	98.07
11	0.00	0.45	1.50	98.04
12	0.00	0.48	1.52	98.00
13	0.00	0.49	1.54	97.96
14	0.00	0.48	1.56	97.96
15	0.00	0.48	1.47	98.05
16	0.00	0.50	1.51	97.99
17	0.00	0.53	1.58	97.88
18	0.00	0.55	1.73	97.72
19	0.00	0.50	1.54	97.96
20	0.00	0.63	1.61	97.76
21	0.00	0.63	1.59	97.77
22	0.00	0.61	1.62	97.77
23	0.00	0.62	1.66	97.72
24	0.00	0.56	1.68	97.76
25	0.00	0.59	1.64	97.76
26	0.00	0.62	1.73	97.65
27	0.00	0.61	1.79	97.60
28	0.00	0.51	1.70	97.79
29	0.00	0.44	1.62	97.94
30	0.00	0.44	1.73	97.83
31	0.00	0.41	1.69	97.91
32	0.00	0.38	1.69	97.93
33	0.00	0.42	1.74	97.84
34	0.00	0.34	1.68	97.98
35	0.00	0.33	1.64	98.03
36	0.00	0.37	1.71	97.92
37	0.00	0.33	1.67	98.00
38	0.00	0.33	1.79	97.88
39	0.00	0.30	1.74	97.96
40	0.00	0.36	1.83	97.81
41	0.00	0.30	1.71	97.99
42	0.00	0.32	1.80	97.88
43	0.00	0.32	1.71	97.97
44	0.00	0.31	1.71	97.98
45	0.00	0.32	1.87	97.81
46	0.00	0.25	1.54	98.21
47	0.00	0.23	1.52	98.25
48	0.00	0.24	1.52	98.24
49	0.00	0.23	1.52	98.25
50	0.00	0.24	1.57	98.19
51	0.00	0.24	1.66	98.10
52	0.00	0.21	1.74	98.05
53	0.00	0.23	1.73	98.04
54	0.00	0.21	1.76	98.03
55	0.00	0.21	1.65	98.14
56	0.00	0.24	1.87	97.89
57	0.00	0.20	1.57	98.24
58	0.00	0.19	1.52	98.29
59	0.00	0.19	1.61	98.21
60	0.00	0.17	1.56	98.27
61	0.00	0.19	1.56	98.25
62	0.00	0.19	1.65	98.16
63	0.00	0.17	1.67	98.16
64	0.00	0.18	1.70	98.11
65	0.00	0.18	1.78	98.04
66	0.00	0.19	1.86	97.94
67	0.00	0.18	1.78	98.04
68	0.00	0.18	1.83	97.99
69	0.00	0.18	1.79	98.03
70	0.00	0.28	4.99	94.73
71	0.00	0.20	2.67	97.13
72	0.00	0.18	2.20	97.62
73	0.00	0.20	2.05	97.75
74	0.00	0.16	2.01	97.83
75	0.00	0.13	1.91	97.96
76	0.00	0.17	2.04	97.79
77	0.00	0.15	2.05	97.80
78	0.00	0.15	2.14	97.71
79	0.00	0.16	2.14	97.70
80	0.00	0.15	2.24	97.60
81	0.00	0.18	2.25	97.57
82	0.00	0.19	2.34	97.48
83	0.00	0.17	2.31	97.52
84	0.00	0.22	2.41	97.36
85	0.00	0.19	2.42	97.38
86	0.00	0.22	2.46	97.32
87	0.00	0.22	2.56	97.22
88	0.00	0.22	2.57	97.21
89	0.00	0.24	2.64	97.11
90	0.00	0.26	2.78	96.96
91	0.00	0.27	2.77	96.96
92	0.00	0.27	2.78	96.95
93	0.00	0.24	2.72	97.03
94	0.00	0.30	2.92	96.78
95	0.00	0.50	4.33	95.17




