Parameters
	Library type	Single-end
	Input file	/Volumes/wdhd/users/joaks1/projects/gekgo/data/genomes/msg/plate2/demultiplexed-trimmed/CDS_2844_Cyrtodactylus_sumuroi_Samar_R1.trimmed.fq
	Primer/Adaptor library	NA
	Cut-off read length for HQ	70%
	Cut-off quality score	20
	Only statistics	On
	Number of processes	2


QC statistics
	File name	CDS_2844_Cyrtodactylus_sumuroi_Samar_R1.trimmed.fq
	Total number of reads	6485881
	Total number of HQ reads	6481731
	Percentage of HQ reads	99.94%
	Total number of bases	595555640
	Total number of bases in HQ reads	595427977
	Total number of HQ bases in HQ reads	593637882
	Percentage of HQ bases in HQ reads	99.70%
	Number of Primer/Adaptor contaminated HQ reads	NA
	Total number of HQ filtered reads	6481731
	Percentage of HQ filtered reads	99.94%


Detailed QC statistics
	File name	CDS_2844_Cyrtodactylus_sumuroi_Samar_R1.trimmed.fq
	Minimum read length	7
	Maximum read length	95
	Average read length	91.82
	Total number of reads	6485881
	Total number of reads with non-ATGC bases	0
	Percentage of reads with non-ATGC bases	0.00%
	Total number of bases	595555640
	Total number of HQ bases	593716322
	Percentage of HQ bases	99.69%
	Total number of non-ATGC bases	0
	Percentage of non-ATGC bases	0.00%


Average quality score at each base position of input reads

CDS_2844_Cyrtodactylus_sumuroi_Samar_R1.trimmed.fq
36.34	36.74	36.81	36.85	36.72	36.68	36.66	39.02	38.99	38.97	38.92	38.87	38.95	38.95	38.93	38.92	38.89	38.82	38.89	38.82	38.78	38.78	38.80	38.78	38.71	38.63	38.58	38.55	38.56	38.49	38.51	38.48	38.36	38.37	38.30	38.21	38.21	38.17	38.08	38.02	37.97	37.88	37.82	37.74	37.65	37.74	37.74	37.68	37.60	37.51	37.44	37.31	37.23	37.13	37.03	36.92	36.89	36.82	36.70	36.59	36.48	36.37	36.22	36.06	35.92	35.76	35.62	35.49	35.31	33.54	34.23	34.61	34.63	34.53	34.41	34.28	34.15	34.05	33.94	33.85	33.77	33.69	33.62	33.57	33.49	33.42	33.37	33.31	33.26	33.20	33.13	33.09	33.07	33.04	32.45	




Read count (%) per base for different quality score ranges

	CDS_2844_Cyrtodactylus_sumuroi_Samar_R1.trimmed.fq
Ranges	0-10	11-20	21-30	31-40
Base
1	0.00	0.93	1.55	97.51
2	0.00	0.36	0.81	98.83
3	0.00	0.25	0.65	99.11
4	0.00	0.19	0.56	99.25
5	0.00	0.23	1.11	98.67
6	0.00	0.32	1.17	98.51
7	0.00	0.35	1.24	98.42
8	0.00	0.36	1.27	98.38
9	0.00	0.40	1.33	98.27
10	0.00	0.41	1.39	98.19
11	0.00	0.43	1.40	98.17
12	0.00	0.45	1.43	98.13
13	0.00	0.44	1.43	98.13
14	0.00	0.45	1.43	98.11
15	0.00	0.45	1.48	98.07
16	0.00	0.45	1.43	98.12
17	0.00	0.50	1.48	98.02
18	0.00	0.55	1.61	97.84
19	0.00	0.45	1.47	98.09
20	0.00	0.57	1.52	97.91
21	0.00	0.60	1.55	97.86
22	0.00	0.55	1.52	97.93
23	0.00	0.55	1.52	97.93
24	0.00	0.53	1.54	97.93
25	0.00	0.55	1.58	97.86
26	0.00	0.54	1.68	97.78
27	0.00	0.58	1.69	97.73
28	0.00	0.49	1.67	97.84
29	0.00	0.43	1.58	98.00
30	0.00	0.42	1.66	97.92
31	0.00	0.39	1.59	98.01
32	0.00	0.34	1.61	98.05
33	0.00	0.39	1.68	97.93
34	0.00	0.32	1.58	98.10
35	0.00	0.33	1.59	98.09
36	0.00	0.32	1.65	98.03
37	0.00	0.31	1.58	98.11
38	0.00	0.30	1.59	98.10
39	0.00	0.31	1.65	98.04
40	0.00	0.30	1.64	98.06
41	0.00	0.29	1.63	98.08
42	0.00	0.32	1.72	97.96
43	0.00	0.31	1.74	97.96
44	0.00	0.30	1.76	97.94
45	0.00	0.32	1.80	97.88
46	0.00	0.25	1.50	98.25
47	0.00	0.23	1.48	98.28
48	0.00	0.25	1.52	98.23
49	0.00	0.22	1.58	98.20
50	0.00	0.23	1.57	98.20
51	0.00	0.21	1.52	98.26
52	0.00	0.22	1.59	98.18
53	0.00	0.21	1.60	98.19
54	0.00	0.21	1.68	98.10
55	0.00	0.21	1.69	98.11
56	0.00	0.21	1.69	98.10
57	0.00	0.18	1.46	98.36
58	0.00	0.17	1.50	98.32
59	0.00	0.19	1.64	98.17
60	0.00	0.18	1.59	98.23
61	0.00	0.18	1.59	98.24
62	0.00	0.16	1.60	98.24
63	0.00	0.16	1.63	98.21
64	0.00	0.17	1.85	97.98
65	0.00	0.17	1.70	98.13
66	0.00	0.17	1.80	98.03
67	0.00	0.17	1.79	98.04
68	0.00	0.17	1.77	98.06
69	0.00	0.18	1.92	97.90
70	0.00	0.28	4.99	94.73
71	0.00	0.20	2.71	97.08
72	0.00	0.17	2.20	97.63
73	0.00	0.17	1.96	97.88
74	0.00	0.16	1.93	97.92
75	0.00	0.16	1.95	97.89
76	0.00	0.17	2.02	97.81
77	0.00	0.18	2.05	97.77
78	0.00	0.18	2.07	97.75
79	0.00	0.18	2.11	97.71
80	0.00	0.17	2.19	97.64
81	0.00	0.18	2.20	97.63
82	0.00	0.19	2.29	97.52
83	0.00	0.19	2.32	97.49
84	0.00	0.19	2.36	97.44
85	0.00	0.21	2.43	97.35
86	0.00	0.22	2.53	97.25
87	0.00	0.21	2.55	97.24
88	0.00	0.23	2.63	97.14
89	0.00	0.24	2.60	97.16
90	0.00	0.25	2.72	97.03
91	0.00	0.27	2.81	96.92
92	0.00	0.27	2.79	96.94
93	0.00	0.26	2.75	96.99
94	0.00	0.25	2.77	96.97
95	0.00	0.50	4.28	95.22




