Parameters
	Library type	Single-end
	Input file	/Volumes/wdhd/users/joaks1/projects/gekgo/data/genomes/msg/plate2/demultiplexed-trimmed/CDS_3935_Gekko_mindorensis_Lubang_R1.trimmed.fq
	Primer/Adaptor library	NA
	Cut-off read length for HQ	70%
	Cut-off quality score	20
	Only statistics	On
	Number of processes	2


QC statistics
	File name	CDS_3935_Gekko_mindorensis_Lubang_R1.trimmed.fq
	Total number of reads	2678843
	Total number of HQ reads	2676933
	Percentage of HQ reads	99.93%
	Total number of bases	244843921
	Total number of bases in HQ reads	244787741
	Total number of HQ bases in HQ reads	243975578
	Percentage of HQ bases in HQ reads	99.67%
	Number of Primer/Adaptor contaminated HQ reads	NA
	Total number of HQ filtered reads	2676933
	Percentage of HQ filtered reads	99.93%


Detailed QC statistics
	File name	CDS_3935_Gekko_mindorensis_Lubang_R1.trimmed.fq
	Minimum read length	7
	Maximum read length	95
	Average read length	91.40
	Total number of reads	2678843
	Total number of reads with non-ATGC bases	0
	Percentage of reads with non-ATGC bases	0.00%
	Total number of bases	244843921
	Total number of HQ bases	244009935
	Percentage of HQ bases	99.66%
	Total number of non-ATGC bases	0
	Percentage of non-ATGC bases	0.00%


Average quality score at each base position of input reads

CDS_3935_Gekko_mindorensis_Lubang_R1.trimmed.fq
34.76	36.63	36.78	36.83	36.69	36.65	36.63	38.85	38.87	38.87	38.84	38.73	38.81	38.83	38.83	38.76	38.77	38.71	38.77	38.68	38.65	38.65	38.61	38.60	38.55	38.46	38.42	38.42	38.40	38.31	38.31	38.28	38.16	38.16	38.09	37.97	37.98	37.86	37.82	37.69	37.71	37.63	37.57	37.52	37.41	37.50	37.52	37.47	37.40	37.30	37.16	37.06	36.96	36.87	36.76	36.61	36.55	36.49	36.38	36.26	36.12	35.97	35.81	35.67	35.49	35.34	35.18	35.01	34.80	32.99	33.74	34.13	34.13	34.05	33.94	33.80	33.69	33.60	33.51	33.43	33.37	33.29	33.23	33.16	33.11	33.05	32.96	32.92	32.87	32.80	32.76	32.72	32.68	32.61	32.00	




Read count (%) per base for different quality score ranges

	CDS_3935_Gekko_mindorensis_Lubang_R1.trimmed.fq
Ranges	0-10	11-20	21-30	31-40
Base
1	0.00	1.50	3.27	95.23
2	0.00	0.48	1.05	98.47
3	0.00	0.29	0.75	98.96
4	0.00	0.21	0.63	99.16
5	0.00	0.25	1.22	98.53
6	0.00	0.34	1.28	98.38
7	0.00	0.37	1.36	98.27
8	0.00	0.44	1.49	98.07
9	0.00	0.42	1.44	98.14
10	0.00	0.46	1.55	97.99
11	0.00	0.46	1.55	97.99
12	0.00	0.52	1.65	97.83
13	0.00	0.52	1.63	97.85
14	0.00	0.51	1.63	97.86
15	0.00	0.49	1.61	97.90
16	0.00	0.50	1.63	97.87
17	0.00	0.54	1.66	97.80
18	0.00	0.58	1.78	97.64
19	0.00	0.49	1.65	97.85
20	0.00	0.64	1.72	97.64
21	0.00	0.64	1.72	97.64
22	0.00	0.60	1.68	97.72
23	0.00	0.61	1.73	97.66
24	0.00	0.57	1.72	97.71
25	0.00	0.58	1.75	97.67
26	0.00	0.58	1.85	97.57
27	0.00	0.60	1.86	97.54
28	0.00	0.50	1.79	97.70
29	0.00	0.43	1.72	97.84
30	0.00	0.44	1.84	97.72
31	0.00	0.40	1.77	97.82
32	0.00	0.36	1.75	97.90
33	0.00	0.40	1.87	97.73
34	0.00	0.33	1.75	97.92
35	0.00	0.36	1.78	97.86
36	0.00	0.36	1.87	97.77
37	0.00	0.33	1.76	97.90
38	0.00	0.35	1.88	97.77
39	0.00	0.34	1.84	97.83
40	0.00	0.37	1.94	97.70
41	0.00	0.32	1.82	97.86
42	0.00	0.34	1.88	97.78
43	0.00	0.33	1.88	97.78
44	0.00	0.31	1.85	97.83
45	0.00	0.35	2.01	97.64
46	0.00	0.27	1.64	98.09
47	0.00	0.24	1.59	98.16
48	0.00	0.25	1.64	98.11
49	0.00	0.24	1.63	98.13
50	0.00	0.25	1.66	98.09
51	0.00	0.24	1.73	98.02
52	0.00	0.23	1.79	97.98
53	0.00	0.22	1.81	97.97
54	0.00	0.22	1.82	97.97
55	0.00	0.22	1.82	97.97
56	0.00	0.23	1.97	97.80
57	0.00	0.21	1.70	98.09
58	0.00	0.19	1.65	98.16
59	0.00	0.19	1.72	98.10
60	0.00	0.19	1.73	98.07
61	0.00	0.19	1.74	98.08
62	0.00	0.20	1.83	97.97
63	0.00	0.18	1.77	98.04
64	0.00	0.18	1.84	97.97
65	0.00	0.19	1.93	97.89
66	0.00	0.19	1.97	97.85
67	0.00	0.19	1.94	97.87
68	0.00	0.19	1.96	97.85
69	0.00	0.19	2.00	97.81
70	0.00	0.30	5.42	94.27
71	0.00	0.21	2.97	96.82
72	0.00	0.19	2.40	97.42
73	0.00	0.20	2.25	97.55
74	0.00	0.17	2.17	97.67
75	0.00	0.17	2.07	97.76
76	0.00	0.18	2.15	97.67
77	0.00	0.19	2.22	97.59
78	0.00	0.18	2.25	97.57
79	0.00	0.19	2.30	97.51
80	0.00	0.18	2.34	97.48
81	0.00	0.19	2.39	97.42
82	0.00	0.22	2.48	97.29
83	0.00	0.20	2.54	97.26
84	0.00	0.22	2.58	97.21
85	0.00	0.22	2.55	97.23
86	0.00	0.22	2.62	97.16
87	0.00	0.24	2.76	97.00
88	0.00	0.24	2.75	97.01
89	0.00	0.26	2.76	96.99
90	0.00	0.27	2.85	96.88
91	0.00	0.27	2.87	96.86
92	0.00	0.28	2.86	96.87
93	0.00	0.27	2.85	96.88
94	0.00	0.31	2.98	96.72
95	0.00	0.53	4.54	94.94




