Parameters
	Library type	Single-end
	Input file	/Volumes/wdhd/users/joaks1/projects/gekgo/data/genomes/msg/plate2/demultiplexed-trimmed/CDS_3866_Gekko_mindorensis_Lubang_R1.trimmed.fq
	Primer/Adaptor library	NA
	Cut-off read length for HQ	70%
	Cut-off quality score	20
	Only statistics	On
	Number of processes	2


QC statistics
	File name	CDS_3866_Gekko_mindorensis_Lubang_R1.trimmed.fq
	Total number of reads	479422
	Total number of HQ reads	479179
	Percentage of HQ reads	99.95%
	Total number of bases	43851506
	Total number of bases in HQ reads	43844179
	Total number of HQ bases in HQ reads	43704466
	Percentage of HQ bases in HQ reads	99.68%
	Number of Primer/Adaptor contaminated HQ reads	NA
	Total number of HQ filtered reads	479179
	Percentage of HQ filtered reads	99.95%


Detailed QC statistics
	File name	CDS_3866_Gekko_mindorensis_Lubang_R1.trimmed.fq
	Minimum read length	9
	Maximum read length	95
	Average read length	91.47
	Total number of reads	479422
	Total number of reads with non-ATGC bases	0
	Percentage of reads with non-ATGC bases	0.00%
	Total number of bases	43851506
	Total number of HQ bases	43709020
	Percentage of HQ bases	99.68%
	Total number of non-ATGC bases	0
	Percentage of non-ATGC bases	0.00%


Average quality score at each base position of input reads

CDS_3866_Gekko_mindorensis_Lubang_R1.trimmed.fq
35.59	36.66	36.79	36.84	36.71	36.67	36.65	38.85	38.89	38.90	38.87	38.75	38.83	38.85	38.85	38.78	38.79	38.73	38.80	38.70	38.69	38.69	38.64	38.63	38.57	38.50	38.46	38.46	38.45	38.35	38.35	38.33	38.21	38.21	38.14	38.02	38.03	37.89	37.86	37.73	37.75	37.68	37.62	37.57	37.44	37.52	37.55	37.52	37.45	37.35	37.20	37.10	37.00	36.89	36.80	36.64	36.58	36.52	36.42	36.29	36.15	36.01	35.84	35.70	35.51	35.35	35.19	35.02	34.81	33.00	33.75	34.14	34.15	34.06	33.94	33.80	33.70	33.60	33.51	33.42	33.37	33.29	33.22	33.15	33.10	33.03	32.94	32.90	32.84	32.76	32.74	32.69	32.66	32.57	31.95	




Read count (%) per base for different quality score ranges

	CDS_3866_Gekko_mindorensis_Lubang_R1.trimmed.fq
Ranges	0-10	11-20	21-30	31-40
Base
1	0.00	1.37	2.35	96.28
2	0.00	0.48	0.99	98.53
3	0.00	0.27	0.75	98.98
4	0.00	0.19	0.59	99.22
5	0.00	0.22	1.12	98.67
6	0.00	0.29	1.19	98.52
7	0.00	0.34	1.28	98.39
8	0.00	0.40	1.42	98.18
9	0.00	0.36	1.36	98.28
10	0.00	0.41	1.45	98.14
11	0.00	0.38	1.45	98.17
12	0.00	0.47	1.59	97.94
13	0.00	0.46	1.54	98.00
14	0.00	0.46	1.51	98.03
15	0.00	0.43	1.55	98.01
16	0.00	0.45	1.54	98.01
17	0.00	0.50	1.54	97.95
18	0.00	0.53	1.70	97.77
19	0.00	0.44	1.55	98.01
20	0.00	0.57	1.66	97.77
21	0.00	0.58	1.61	97.81
22	0.00	0.53	1.62	97.85
23	0.00	0.57	1.68	97.75
24	0.00	0.52	1.67	97.81
25	0.00	0.54	1.70	97.76
26	0.00	0.53	1.80	97.67
27	0.00	0.55	1.81	97.64
28	0.00	0.46	1.73	97.81
29	0.00	0.40	1.68	97.92
30	0.00	0.40	1.80	97.80
31	0.00	0.37	1.75	97.88
32	0.00	0.34	1.70	97.97
33	0.00	0.39	1.81	97.80
34	0.00	0.31	1.73	97.95
35	0.00	0.33	1.75	97.91
36	0.00	0.35	1.84	97.81
37	0.00	0.32	1.75	97.93
38	0.00	0.34	1.89	97.76
39	0.00	0.32	1.83	97.85
40	0.00	0.37	1.94	97.69
41	0.00	0.32	1.83	97.86
42	0.00	0.33	1.88	97.79
43	0.00	0.32	1.89	97.79
44	0.00	0.31	1.83	97.86
45	0.00	0.35	2.04	97.61
46	0.00	0.28	1.66	98.06
47	0.00	0.24	1.62	98.13
48	0.00	0.23	1.66	98.11
49	0.00	0.24	1.65	98.11
50	0.00	0.25	1.67	98.09
51	0.00	0.25	1.75	98.00
52	0.00	0.23	1.84	97.94
53	0.00	0.23	1.86	97.90
54	0.00	0.23	1.89	97.89
55	0.00	0.22	1.86	97.93
56	0.00	0.23	2.01	97.76
57	0.00	0.21	1.77	98.02
58	0.00	0.19	1.67	98.14
59	0.00	0.20	1.73	98.08
60	0.00	0.19	1.80	98.00
61	0.00	0.19	1.79	98.02
62	0.00	0.21	1.87	97.92
63	0.00	0.19	1.84	97.97
64	0.00	0.19	1.89	97.92
65	0.00	0.20	2.05	97.75
66	0.00	0.22	2.02	97.75
67	0.00	0.19	2.07	97.73
68	0.00	0.20	2.05	97.75
69	0.00	0.19	2.08	97.73
70	0.00	0.31	5.54	94.15
71	0.00	0.21	3.05	96.74
72	0.00	0.19	2.43	97.38
73	0.00	0.19	2.31	97.50
74	0.00	0.17	2.24	97.59
75	0.00	0.16	2.13	97.71
76	0.00	0.18	2.14	97.68
77	0.00	0.19	2.19	97.62
78	0.00	0.18	2.31	97.51
79	0.00	0.21	2.37	97.42
80	0.00	0.20	2.43	97.38
81	0.00	0.19	2.46	97.35
82	0.00	0.21	2.50	97.29
83	0.00	0.21	2.57	97.22
84	0.00	0.22	2.63	97.15
85	0.00	0.22	2.61	97.17
86	0.00	0.21	2.69	97.10
87	0.00	0.24	2.81	96.95
88	0.00	0.24	2.80	96.96
89	0.00	0.25	2.83	96.92
90	0.00	0.29	2.92	96.79
91	0.00	0.28	2.91	96.81
92	0.00	0.28	2.97	96.75
93	0.00	0.29	2.92	96.79
94	0.00	0.33	3.08	96.59
95	0.00	0.54	4.69	94.77




