Parameters
	Library type	Single-end
	Input file	/Volumes/wdhd/users/joaks1/projects/gekgo/data/genomes/msg/plate2/demultiplexed-trimmed/CDS_3867_Gekko_mindorensis_Lubang_R1.trimmed.fq
	Primer/Adaptor library	NA
	Cut-off read length for HQ	70%
	Cut-off quality score	20
	Only statistics	On
	Number of processes	2


QC statistics
	File name	CDS_3867_Gekko_mindorensis_Lubang_R1.trimmed.fq
	Total number of reads	494682
	Total number of HQ reads	494428
	Percentage of HQ reads	99.95%
	Total number of bases	45274272
	Total number of bases in HQ reads	45266461
	Total number of HQ bases in HQ reads	45126360
	Percentage of HQ bases in HQ reads	99.69%
	Number of Primer/Adaptor contaminated HQ reads	NA
	Total number of HQ filtered reads	494428
	Percentage of HQ filtered reads	99.95%


Detailed QC statistics
	File name	CDS_3867_Gekko_mindorensis_Lubang_R1.trimmed.fq
	Minimum read length	9
	Maximum read length	95
	Average read length	91.52
	Total number of reads	494682
	Total number of reads with non-ATGC bases	0
	Percentage of reads with non-ATGC bases	0.00%
	Total number of bases	45274272
	Total number of HQ bases	45131103
	Percentage of HQ bases	99.68%
	Total number of non-ATGC bases	0
	Percentage of non-ATGC bases	0.00%


Average quality score at each base position of input reads

CDS_3867_Gekko_mindorensis_Lubang_R1.trimmed.fq
36.58	36.76	36.82	36.85	36.72	36.67	36.65	38.90	38.92	38.92	38.88	38.77	38.86	38.88	38.89	38.82	38.83	38.77	38.82	38.72	38.70	38.69	38.65	38.64	38.58	38.50	38.45	38.45	38.44	38.36	38.37	38.34	38.22	38.21	38.15	38.04	38.04	37.93	37.88	37.74	37.77	37.70	37.65	37.60	37.49	37.55	37.59	37.56	37.48	37.39	37.26	37.14	37.05	36.95	36.86	36.69	36.66	36.60	36.50	36.39	36.26	36.11	35.96	35.83	35.65	35.49	35.35	35.18	34.98	33.16	33.92	34.32	34.32	34.25	34.15	33.99	33.86	33.76	33.67	33.58	33.52	33.44	33.38	33.31	33.27	33.21	33.12	33.08	33.02	32.95	32.92	32.87	32.84	32.76	32.14	




Read count (%) per base for different quality score ranges

	CDS_3867_Gekko_mindorensis_Lubang_R1.trimmed.fq
Ranges	0-10	11-20	21-30	31-40
Base
1	0.00	0.75	1.31	97.94
2	0.00	0.34	0.78	98.88
3	0.00	0.24	0.64	99.12
4	0.00	0.20	0.57	99.23
5	0.00	0.23	1.10	98.67
6	0.00	0.31	1.22	98.47
7	0.00	0.34	1.31	98.35
8	0.00	0.39	1.40	98.20
9	0.00	0.38	1.37	98.25
10	0.00	0.42	1.50	98.08
11	0.00	0.42	1.48	98.10
12	0.00	0.49	1.59	97.92
13	0.00	0.49	1.54	97.97
14	0.00	0.48	1.52	98.00
15	0.00	0.45	1.53	98.02
16	0.00	0.47	1.52	98.01
17	0.00	0.49	1.56	97.95
18	0.00	0.54	1.68	97.78
19	0.00	0.47	1.61	97.92
20	0.00	0.60	1.68	97.71
21	0.00	0.60	1.65	97.75
22	0.00	0.59	1.60	97.81
23	0.00	0.58	1.69	97.74
24	0.00	0.57	1.64	97.79
25	0.00	0.56	1.70	97.74
26	0.00	0.56	1.79	97.65
27	0.00	0.59	1.82	97.59
28	0.00	0.51	1.74	97.75
29	0.00	0.43	1.64	97.94
30	0.00	0.45	1.76	97.79
31	0.00	0.41	1.70	97.89
32	0.00	0.34	1.68	97.98
33	0.00	0.40	1.76	97.84
34	0.00	0.33	1.67	97.99
35	0.00	0.34	1.69	97.96
36	0.00	0.35	1.79	97.86
37	0.00	0.34	1.73	97.93
38	0.00	0.33	1.77	97.90
39	0.00	0.33	1.76	97.92
40	0.00	0.35	1.85	97.79
41	0.00	0.31	1.73	97.96
42	0.00	0.31	1.79	97.90
43	0.00	0.32	1.77	97.91
44	0.00	0.27	1.75	97.98
45	0.00	0.32	1.91	97.77
46	0.00	0.25	1.56	98.18
47	0.00	0.23	1.53	98.24
48	0.00	0.24	1.56	98.20
49	0.00	0.24	1.58	98.18
50	0.00	0.25	1.58	98.16
51	0.00	0.24	1.66	98.10
52	0.00	0.22	1.77	98.01
53	0.00	0.22	1.84	97.94
54	0.00	0.21	1.80	97.99
55	0.00	0.23	1.75	98.03
56	0.00	0.22	1.99	97.79
57	0.00	0.20	1.66	98.14
58	0.00	0.19	1.60	98.22
59	0.00	0.18	1.68	98.14
60	0.00	0.18	1.68	98.14
61	0.00	0.18	1.70	98.12
62	0.00	0.19	1.71	98.10
63	0.00	0.18	1.71	98.12
64	0.00	0.17	1.77	98.05
65	0.00	0.19	1.90	97.91
66	0.00	0.20	1.93	97.87
67	0.00	0.18	1.85	97.97
68	0.00	0.19	1.90	97.92
69	0.00	0.18	1.93	97.89
70	0.00	0.30	5.28	94.42
71	0.00	0.21	2.88	96.91
72	0.00	0.19	2.27	97.54
73	0.00	0.19	2.17	97.64
74	0.00	0.17	2.03	97.80
75	0.00	0.16	1.93	97.91
76	0.00	0.17	2.07	97.76
77	0.00	0.18	2.09	97.73
78	0.00	0.17	2.20	97.63
79	0.00	0.18	2.26	97.56
80	0.00	0.19	2.28	97.54
81	0.00	0.18	2.33	97.49
82	0.00	0.21	2.37	97.42
83	0.00	0.19	2.43	97.38
84	0.00	0.21	2.48	97.32
85	0.00	0.20	2.44	97.36
86	0.00	0.20	2.46	97.34
87	0.00	0.23	2.62	97.15
88	0.00	0.23	2.62	97.15
89	0.00	0.24	2.69	97.07
90	0.00	0.26	2.80	96.94
91	0.00	0.25	2.74	97.01
92	0.00	0.25	2.75	97.00
93	0.00	0.26	2.76	96.98
94	0.00	0.30	2.89	96.81
95	0.00	0.51	4.50	95.00




