Parameters
	Library type	Single-end
	Input file	/Volumes/wdhd/users/joaks1/projects/gekgo/data/genomes/msg/plate2/demultiplexed-trimmed/CDS_173_Cyrtodactylus_philippinicus_Panay_R1.trimmed.fq
	Primer/Adaptor library	NA
	Cut-off read length for HQ	70%
	Cut-off quality score	20
	Only statistics	On
	Number of processes	2


QC statistics
	File name	CDS_173_Cyrtodactylus_philippinicus_Panay_R1.trimmed.fq
	Total number of reads	7245636
	Total number of HQ reads	7240474
	Percentage of HQ reads	99.93%
	Total number of bases	663431382
	Total number of bases in HQ reads	663275842
	Total number of HQ bases in HQ reads	661164712
	Percentage of HQ bases in HQ reads	99.68%
	Number of Primer/Adaptor contaminated HQ reads	NA
	Total number of HQ filtered reads	7240474
	Percentage of HQ filtered reads	99.93%


Detailed QC statistics
	File name	CDS_173_Cyrtodactylus_philippinicus_Panay_R1.trimmed.fq
	Minimum read length	6
	Maximum read length	95
	Average read length	91.56
	Total number of reads	7245636
	Total number of reads with non-ATGC bases	0
	Percentage of reads with non-ATGC bases	0.00%
	Total number of bases	663431382
	Total number of HQ bases	661259564
	Percentage of HQ bases	99.67%
	Total number of non-ATGC bases	0
	Percentage of non-ATGC bases	0.00%


Average quality score at each base position of input reads

CDS_173_Cyrtodactylus_philippinicus_Panay_R1.trimmed.fq
36.57	36.75	36.81	36.84	36.71	36.66	36.64	38.97	38.95	38.91	38.86	38.81	38.88	38.89	38.86	38.85	38.82	38.74	38.81	38.73	38.69	38.70	38.71	38.70	38.63	38.53	38.49	38.46	38.47	38.38	38.39	38.35	38.24	38.23	38.15	38.07	38.05	38.01	37.93	37.85	37.81	37.72	37.65	37.58	37.50	37.62	37.61	37.55	37.48	37.38	37.29	37.16	37.07	36.96	36.87	36.73	36.71	36.61	36.47	36.38	36.28	36.15	35.99	35.80	35.68	35.50	35.37	35.22	35.02	33.26	33.96	34.36	34.36	34.26	34.15	34.02	33.89	33.79	33.69	33.58	33.51	33.43	33.36	33.30	33.22	33.16	33.10	33.04	33.00	32.93	32.87	32.83	32.80	32.77	32.15	




Read count (%) per base for different quality score ranges

	CDS_173_Cyrtodactylus_philippinicus_Panay_R1.trimmed.fq
Ranges	0-10	11-20	21-30	31-40
Base
1	0.00	0.81	1.34	97.85
2	0.00	0.37	0.81	98.82
3	0.00	0.26	0.66	99.08
4	0.00	0.20	0.57	99.22
5	0.00	0.23	1.14	98.63
6	0.00	0.34	1.26	98.40
7	0.00	0.37	1.32	98.31
8	0.00	0.39	1.36	98.25
9	0.00	0.42	1.42	98.17
10	0.00	0.44	1.49	98.06
11	0.00	0.45	1.51	98.04
12	0.00	0.48	1.53	97.99
13	0.00	0.48	1.52	98.00
14	0.00	0.48	1.53	97.98
15	0.00	0.48	1.58	97.93
16	0.00	0.48	1.53	97.99
17	0.00	0.53	1.59	97.88
18	0.00	0.59	1.73	97.68
19	0.00	0.48	1.58	97.94
20	0.00	0.61	1.65	97.73
21	0.00	0.64	1.66	97.70
22	0.00	0.59	1.65	97.76
23	0.00	0.59	1.66	97.76
24	0.00	0.56	1.64	97.80
25	0.00	0.58	1.71	97.70
26	0.00	0.58	1.81	97.61
27	0.00	0.60	1.81	97.59
28	0.00	0.52	1.79	97.69
29	0.00	0.45	1.68	97.88
30	0.00	0.44	1.80	97.76
31	0.00	0.41	1.70	97.89
32	0.00	0.36	1.72	97.92
33	0.00	0.41	1.79	97.79
34	0.00	0.35	1.70	97.95
35	0.00	0.36	1.75	97.90
36	0.00	0.34	1.78	97.88
37	0.00	0.33	1.71	97.96
38	0.00	0.32	1.73	97.95
39	0.00	0.33	1.76	97.91
40	0.00	0.32	1.76	97.91
41	0.00	0.32	1.77	97.91
42	0.00	0.34	1.84	97.82
43	0.00	0.33	1.88	97.79
44	0.00	0.32	1.90	97.78
45	0.00	0.34	1.92	97.74
46	0.00	0.26	1.57	98.16
47	0.00	0.25	1.58	98.17
48	0.00	0.25	1.63	98.12
49	0.00	0.24	1.61	98.15
50	0.00	0.25	1.64	98.12
51	0.00	0.23	1.65	98.12
52	0.00	0.23	1.72	98.05
53	0.00	0.22	1.70	98.08
54	0.00	0.22	1.75	98.02
55	0.00	0.21	1.75	98.04
56	0.00	0.23	1.82	97.96
57	0.00	0.19	1.56	98.25
58	0.00	0.19	1.64	98.17
59	0.00	0.21	1.80	97.99
60	0.00	0.20	1.73	98.07
61	0.00	0.19	1.69	98.12
62	0.00	0.18	1.72	98.10
63	0.00	0.18	1.75	98.07
64	0.00	0.20	2.15	97.65
65	0.00	0.18	1.84	97.98
66	0.00	0.19	1.96	97.86
67	0.00	0.18	1.91	97.92
68	0.00	0.18	1.89	97.93
69	0.00	0.20	2.12	97.68
70	0.00	0.29	5.35	94.37
71	0.00	0.21	2.83	96.97
72	0.00	0.18	2.24	97.58
73	0.00	0.18	2.08	97.74
74	0.00	0.17	2.06	97.77
75	0.00	0.17	2.05	97.78
76	0.00	0.18	2.10	97.72
77	0.00	0.19	2.19	97.62
78	0.00	0.18	2.17	97.65
79	0.00	0.19	2.21	97.59
80	0.00	0.20	2.40	97.40
81	0.00	0.19	2.36	97.45
82	0.00	0.20	2.46	97.34
83	0.00	0.21	2.50	97.28
84	0.00	0.22	2.51	97.27
85	0.00	0.23	2.61	97.16
86	0.00	0.24	2.69	97.08
87	0.00	0.24	2.72	97.04
88	0.00	0.24	2.75	97.01
89	0.00	0.25	2.73	97.02
90	0.00	0.27	2.85	96.89
91	0.00	0.28	2.92	96.80
92	0.00	0.29	2.93	96.78
93	0.00	0.29	2.86	96.85
94	0.00	0.28	2.88	96.84
95	0.00	0.54	4.57	94.89




