Parameters
	Library type	Single-end
	Input file	/Volumes/wdhd/users/joaks1/projects/gekgo/data/genomes/msg/plate2/demultiplexed-trimmed/CDS_99_Gekko_mindorensis_CamiguinSur_R1.trimmed.fq
	Primer/Adaptor library	NA
	Cut-off read length for HQ	70%
	Cut-off quality score	20
	Only statistics	On
	Number of processes	2


QC statistics
	File name	CDS_99_Gekko_mindorensis_CamiguinSur_R1.trimmed.fq
	Total number of reads	4928944
	Total number of HQ reads	4926215
	Percentage of HQ reads	99.94%
	Total number of bases	449865871
	Total number of bases in HQ reads	449783438
	Total number of HQ bases in HQ reads	448289140
	Percentage of HQ bases in HQ reads	99.67%
	Number of Primer/Adaptor contaminated HQ reads	NA
	Total number of HQ filtered reads	4926215
	Percentage of HQ filtered reads	99.94%


Detailed QC statistics
	File name	CDS_99_Gekko_mindorensis_CamiguinSur_R1.trimmed.fq
	Minimum read length	7
	Maximum read length	95
	Average read length	91.27
	Total number of reads	4928944
	Total number of reads with non-ATGC bases	0
	Percentage of reads with non-ATGC bases	0.00%
	Total number of bases	449865871
	Total number of HQ bases	448339632
	Percentage of HQ bases	99.66%
	Total number of non-ATGC bases	0
	Percentage of non-ATGC bases	0.00%


Average quality score at each base position of input reads

CDS_99_Gekko_mindorensis_CamiguinSur_R1.trimmed.fq
36.03	36.69	36.79	36.83	36.70	36.67	36.64	38.72	38.81	38.84	38.85	38.68	38.78	38.81	38.82	38.68	38.71	38.65	38.72	38.58	38.61	38.62	38.53	38.54	38.47	38.42	38.34	38.36	38.34	38.24	38.24	38.15	38.03	38.03	37.99	37.85	37.85	37.73	37.70	37.48	37.45	37.44	37.40	37.34	37.21	37.40	37.47	37.45	37.38	37.29	37.09	37.01	36.96	36.84	36.74	36.57	36.54	36.50	36.41	36.29	36.13	36.00	35.80	35.58	35.40	35.24	35.09	34.90	34.62	32.75	33.56	34.04	34.04	33.97	33.88	33.74	33.61	33.50	33.41	33.32	33.23	33.15	33.08	33.01	32.95	32.87	32.77	32.74	32.65	32.58	32.53	32.50	32.45	32.36	31.69	




Read count (%) per base for different quality score ranges

	CDS_99_Gekko_mindorensis_CamiguinSur_R1.trimmed.fq
Ranges	0-10	11-20	21-30	31-40
Base
1	0.00	1.13	2.00	96.86
2	0.00	0.42	0.95	98.63
3	0.00	0.26	0.71	99.03
4	0.00	0.21	0.61	99.18
5	0.00	0.23	1.16	98.60
6	0.00	0.31	1.22	98.47
7	0.00	0.34	1.30	98.35
8	0.00	0.45	1.55	98.01
9	0.00	0.38	1.38	98.23
10	0.00	0.41	1.47	98.12
11	0.00	0.42	1.48	98.10
12	0.00	0.50	1.63	97.87
13	0.00	0.50	1.59	97.91
14	0.00	0.49	1.59	97.92
15	0.00	0.45	1.57	97.99
16	0.00	0.49	1.61	97.90
17	0.00	0.52	1.61	97.87
18	0.00	0.58	1.75	97.68
19	0.00	0.49	1.65	97.86
20	0.00	0.64	1.72	97.63
21	0.00	0.63	1.69	97.68
22	0.00	0.58	1.65	97.78
23	0.00	0.62	1.77	97.60
24	0.00	0.55	1.70	97.76
25	0.00	0.57	1.78	97.65
26	0.00	0.56	1.86	97.58
27	0.00	0.60	1.90	97.50
28	0.00	0.51	1.81	97.69
29	0.00	0.44	1.74	97.82
30	0.00	0.45	1.87	97.68
31	0.00	0.41	1.80	97.79
32	0.00	0.39	1.85	97.77
33	0.00	0.42	1.93	97.65
34	0.00	0.36	1.82	97.83
35	0.00	0.36	1.83	97.81
36	0.00	0.37	1.95	97.68
37	0.00	0.34	1.86	97.80
38	0.00	0.36	1.94	97.70
39	0.00	0.35	1.90	97.75
40	0.00	0.40	2.10	97.49
41	0.00	0.35	1.94	97.71
42	0.00	0.36	1.98	97.67
43	0.00	0.35	1.97	97.68
44	0.00	0.33	1.96	97.71
45	0.00	0.37	2.13	97.50
46	0.00	0.27	1.63	98.10
47	0.00	0.24	1.58	98.18
48	0.00	0.24	1.62	98.14
49	0.00	0.23	1.62	98.14
50	0.00	0.24	1.65	98.11
51	0.00	0.26	1.79	97.95
52	0.00	0.23	1.82	97.95
53	0.00	0.22	1.77	98.00
54	0.00	0.22	1.80	97.98
55	0.00	0.23	1.80	97.97
56	0.00	0.24	2.03	97.73
57	0.00	0.21	1.68	98.12
58	0.00	0.19	1.62	98.20
59	0.00	0.19	1.67	98.14
60	0.00	0.20	1.69	98.12
61	0.00	0.19	1.73	98.07
62	0.00	0.20	1.78	98.02
63	0.00	0.19	1.77	98.04
64	0.00	0.19	1.84	97.97
65	0.00	0.20	1.95	97.85
66	0.00	0.20	2.05	97.75
67	0.00	0.21	2.03	97.76
68	0.00	0.21	2.06	97.72
69	0.00	0.23	2.31	97.47
70	0.00	0.31	6.39	93.30
71	0.00	0.22	3.08	96.70
72	0.00	0.19	2.39	97.42
73	0.00	0.19	2.23	97.58
74	0.00	0.17	2.15	97.67
75	0.00	0.17	2.06	97.77
76	0.00	0.19	2.15	97.66
77	0.00	0.20	2.23	97.57
78	0.00	0.19	2.31	97.51
79	0.00	0.20	2.33	97.48
80	0.00	0.19	2.40	97.41
81	0.00	0.20	2.48	97.33
82	0.00	0.23	2.52	97.25
83	0.00	0.22	2.65	97.13
84	0.00	0.23	2.67	97.10
85	0.00	0.22	2.67	97.11
86	0.00	0.23	2.74	97.03
87	0.00	0.26	2.91	96.83
88	0.00	0.25	2.81	96.94
89	0.00	0.28	2.92	96.80
90	0.00	0.29	3.00	96.71
91	0.00	0.30	3.02	96.69
92	0.00	0.30	2.98	96.72
93	0.00	0.30	3.08	96.62
94	0.00	0.34	3.28	96.38
95	0.00	0.58	4.93	94.50




