Parameters
	Library type	Single-end
	Input file	/Volumes/wdhd/users/joaks1/projects/gekgo/data/genomes/msg/plate2/demultiplexed-trimmed/CDS_1442_Cyrtodactylus_philippinicus_Sibuyan_R1.trimmed.fq
	Primer/Adaptor library	NA
	Cut-off read length for HQ	70%
	Cut-off quality score	20
	Only statistics	On
	Number of processes	2


QC statistics
	File name	CDS_1442_Cyrtodactylus_philippinicus_Sibuyan_R1.trimmed.fq
	Total number of reads	2979847
	Total number of HQ reads	2978240
	Percentage of HQ reads	99.95%
	Total number of bases	271866177
	Total number of bases in HQ reads	271820364
	Total number of HQ bases in HQ reads	270901224
	Percentage of HQ bases in HQ reads	99.66%
	Number of Primer/Adaptor contaminated HQ reads	NA
	Total number of HQ filtered reads	2978240
	Percentage of HQ filtered reads	99.95%


Detailed QC statistics
	File name	CDS_1442_Cyrtodactylus_philippinicus_Sibuyan_R1.trimmed.fq
	Minimum read length	7
	Maximum read length	95
	Average read length	91.23
	Total number of reads	2979847
	Total number of reads with non-ATGC bases	0
	Percentage of reads with non-ATGC bases	0.00%
	Total number of bases	271866177
	Total number of HQ bases	270929437
	Percentage of HQ bases	99.66%
	Total number of non-ATGC bases	0
	Percentage of non-ATGC bases	0.00%


Average quality score at each base position of input reads

CDS_1442_Cyrtodactylus_philippinicus_Sibuyan_R1.trimmed.fq
36.46	36.68	36.77	36.81	36.67	36.62	36.60	38.88	38.85	38.82	38.75	38.72	38.77	38.76	38.72	38.70	38.68	38.61	38.70	38.62	38.58	38.58	38.59	38.58	38.50	38.40	38.34	38.30	38.30	38.20	38.21	38.17	38.04	38.04	37.97	37.86	37.84	37.80	37.70	37.62	37.58	37.48	37.40	37.32	37.23	37.36	37.36	37.28	37.20	37.10	36.99	36.84	36.74	36.61	36.49	36.35	36.32	36.22	36.07	35.95	35.81	35.66	35.48	35.27	35.11	34.90	34.74	34.58	34.37	32.65	33.35	33.71	33.73	33.64	33.55	33.46	33.37	33.30	33.23	33.15	33.08	33.01	32.95	32.89	32.83	32.78	32.72	32.66	32.61	32.56	32.49	32.46	32.43	32.40	31.75	




Read count (%) per base for different quality score ranges

	CDS_1442_Cyrtodactylus_philippinicus_Sibuyan_R1.trimmed.fq
Ranges	0-10	11-20	21-30	31-40
Base
1	0.00	0.96	1.69	97.34
2	0.00	0.46	1.04	98.50
3	0.00	0.30	0.85	98.85
4	0.00	0.24	0.73	99.04
5	0.00	0.27	1.32	98.41
6	0.00	0.36	1.42	98.21
7	0.00	0.39	1.48	98.12
8	0.00	0.42	1.53	98.05
9	0.00	0.45	1.60	97.95
10	0.00	0.48	1.68	97.85
11	0.00	0.49	1.71	97.80
12	0.00	0.50	1.71	97.79
13	0.00	0.51	1.71	97.78
14	0.00	0.51	1.71	97.78
15	0.00	0.51	1.78	97.71
16	0.00	0.51	1.72	97.77
17	0.00	0.56	1.78	97.66
18	0.00	0.62	1.93	97.45
19	0.00	0.50	1.77	97.73
20	0.00	0.63	1.85	97.52
21	0.00	0.63	1.87	97.50
22	0.00	0.57	1.84	97.59
23	0.00	0.55	1.84	97.61
24	0.00	0.51	1.81	97.68
25	0.00	0.51	1.89	97.60
26	0.00	0.49	2.00	97.51
27	0.00	0.50	2.00	97.50
28	0.00	0.44	1.96	97.60
29	0.00	0.39	1.84	97.77
30	0.00	0.41	1.98	97.61
31	0.00	0.39	1.89	97.72
32	0.00	0.36	1.88	97.75
33	0.00	0.42	1.99	97.59
34	0.00	0.36	1.87	97.77
35	0.00	0.36	1.91	97.73
36	0.00	0.36	2.01	97.62
37	0.00	0.35	1.93	97.72
38	0.00	0.34	1.93	97.73
39	0.00	0.35	2.04	97.60
40	0.00	0.36	2.03	97.61
41	0.00	0.34	2.02	97.64
42	0.00	0.36	2.13	97.51
43	0.00	0.35	2.15	97.50
44	0.00	0.35	2.20	97.45
45	0.00	0.37	2.23	97.40
46	0.00	0.28	1.83	97.88
47	0.00	0.27	1.84	97.88
48	0.00	0.28	1.91	97.81
49	0.00	0.26	1.91	97.83
50	0.00	0.27	1.94	97.79
51	0.00	0.25	1.95	97.79
52	0.00	0.26	2.06	97.68
53	0.00	0.24	2.02	97.74
54	0.00	0.24	2.09	97.67
55	0.00	0.24	2.08	97.69
56	0.00	0.24	2.16	97.60
57	0.00	0.20	1.82	97.98
58	0.00	0.20	1.87	97.93
59	0.00	0.22	2.03	97.75
60	0.00	0.21	1.94	97.85
61	0.00	0.20	1.90	97.90
62	0.00	0.19	1.96	97.84
63	0.00	0.19	1.98	97.83
64	0.00	0.21	2.31	97.48
65	0.00	0.19	2.07	97.74
66	0.00	0.20	2.19	97.60
67	0.00	0.20	2.19	97.62
68	0.00	0.20	2.14	97.66
69	0.00	0.21	2.35	97.44
70	0.00	0.31	6.06	93.63
71	0.00	0.22	3.28	96.50
72	0.00	0.20	2.58	97.22
73	0.00	0.20	2.38	97.43
74	0.00	0.19	2.35	97.46
75	0.00	0.19	2.33	97.48
76	0.00	0.21	2.39	97.40
77	0.00	0.20	2.47	97.33
78	0.00	0.21	2.45	97.34
79	0.00	0.21	2.53	97.26
80	0.00	0.22	2.61	97.17
81	0.00	0.22	2.65	97.13
82	0.00	0.22	2.72	97.05
83	0.00	0.25	2.76	97.00
84	0.00	0.24	2.79	96.96
85	0.00	0.26	2.88	96.87
86	0.00	0.26	2.93	96.82
87	0.00	0.27	2.94	96.80
88	0.00	0.28	2.98	96.74
89	0.00	0.30	3.01	96.69
90	0.00	0.30	3.06	96.64
91	0.00	0.32	3.15	96.53
92	0.00	0.33	3.15	96.52
93	0.00	0.32	3.10	96.58
94	0.00	0.31	3.05	96.64
95	0.00	0.63	4.94	94.43




