Parameters
	Library type	Single-end
	Input file	/Volumes/wdhd/users/joaks1/projects/gekgo/data/genomes/msg/plate2/demultiplexed-trimmed/CDS_3868_Gekko_mindorensis_Lubang_R1.trimmed.fq
	Primer/Adaptor library	NA
	Cut-off read length for HQ	70%
	Cut-off quality score	20
	Only statistics	On
	Number of processes	2


QC statistics
	File name	CDS_3868_Gekko_mindorensis_Lubang_R1.trimmed.fq
	Total number of reads	3506
	Total number of HQ reads	3486
	Percentage of HQ reads	99.43%
	Total number of bases	310615
	Total number of bases in HQ reads	310099
	Total number of HQ bases in HQ reads	308407
	Percentage of HQ bases in HQ reads	99.45%
	Number of Primer/Adaptor contaminated HQ reads	NA
	Total number of HQ filtered reads	3486
	Percentage of HQ filtered reads	99.43%


Detailed QC statistics
	File name	CDS_3868_Gekko_mindorensis_Lubang_R1.trimmed.fq
	Minimum read length	9
	Maximum read length	95
	Average read length	88.60
	Total number of reads	3506
	Total number of reads with non-ATGC bases	0
	Percentage of reads with non-ATGC bases	0.00%
	Total number of bases	310615
	Total number of HQ bases	308683
	Percentage of HQ bases	99.38%
	Total number of non-ATGC bases	0
	Percentage of non-ATGC bases	0.00%


Average quality score at each base position of input reads

CDS_3868_Gekko_mindorensis_Lubang_R1.trimmed.fq
35.67	36.35	36.43	36.59	36.39	36.30	36.32	38.30	38.37	38.25	38.20	38.12	38.24	38.30	38.21	38.09	38.06	37.96	38.03	37.88	37.86	38.00	37.81	37.95	37.70	37.60	37.50	37.51	37.42	37.39	37.23	37.28	36.98	36.94	36.80	36.67	36.68	36.46	36.32	36.22	36.13	36.12	35.98	36.06	35.89	36.03	36.02	35.94	35.77	35.71	35.56	35.41	35.30	35.19	35.00	34.78	34.73	34.69	34.55	34.37	34.31	34.18	34.00	33.81	33.53	33.35	33.19	32.98	32.72	31.00	31.64	31.99	31.94	31.83	31.81	31.70	31.58	31.42	31.33	31.29	31.21	31.10	31.07	31.00	31.00	30.88	30.80	30.79	30.68	30.63	30.55	30.46	30.47	30.27	29.68	




Read count (%) per base for different quality score ranges

	CDS_3868_Gekko_mindorensis_Lubang_R1.trimmed.fq
Ranges	0-10	11-20	21-30	31-40
Base
1	0.00	2.48	2.97	94.55
2	0.00	1.43	1.57	97.01
3	0.00	1.40	1.03	97.58
4	0.00	0.66	1.31	98.03
5	0.00	0.86	1.91	97.23
6	0.00	0.83	2.71	96.46
7	0.00	0.86	2.37	96.78
8	0.00	1.17	2.62	96.21
9	0.00	0.97	2.28	96.75
10	0.00	1.23	2.37	96.41
11	0.00	1.11	2.77	96.12
12	0.00	1.31	2.28	96.40
13	0.00	1.43	2.46	96.12
14	0.00	1.11	2.34	96.54
15	0.00	1.06	3.03	95.92
16	0.00	1.26	2.77	95.97
17	0.00	1.31	3.03	95.66
18	0.00	1.34	3.09	95.57
19	0.00	1.17	3.03	95.79
20	0.00	1.49	3.15	95.36
21	0.00	1.52	3.01	95.47
22	0.00	1.23	2.52	96.24
23	0.00	1.29	2.96	95.75
24	0.00	0.86	2.19	96.95
25	0.00	1.15	3.25	95.60
26	0.00	1.18	2.86	95.96
27	0.00	0.78	2.81	96.40
28	0.00	0.99	2.15	96.86
29	0.00	0.82	2.36	96.82
30	0.00	0.44	2.37	97.19
31	0.00	0.85	2.37	96.78
32	0.00	0.53	2.14	97.33
33	0.00	0.62	2.65	96.73
34	0.00	0.47	2.16	97.37
35	0.00	0.44	2.52	97.04
36	0.00	0.53	2.94	96.53
37	0.00	0.51	2.29	97.20
38	0.00	0.63	2.39	96.98
39	0.00	0.39	2.67	96.95
40	0.00	0.54	2.55	96.91
41	0.00	0.54	2.71	96.75
42	0.00	0.42	2.68	96.90
43	0.00	0.48	2.86	96.65
44	0.00	0.36	2.15	97.49
45	0.00	0.24	3.27	96.49
46	0.00	0.24	2.15	97.60
47	0.00	0.24	2.16	97.60
48	0.00	0.30	2.47	97.23
49	0.00	0.28	2.81	96.91
50	0.00	0.43	2.05	97.52
51	0.00	0.28	2.34	97.39
52	0.00	0.31	2.43	97.26
53	0.00	0.31	2.69	97.00
54	0.00	0.31	2.57	97.12
55	0.00	0.28	3.02	96.70
56	0.00	0.44	2.81	96.76
57	0.00	0.22	2.47	97.31
58	0.00	0.19	2.29	97.52
59	0.00	0.41	2.45	97.14
60	0.00	0.50	2.24	97.26
61	0.00	0.32	2.46	97.22
62	0.00	0.29	2.00	97.72
63	0.00	0.41	2.19	97.39
64	0.00	0.06	1.92	98.02
65	0.00	0.38	2.43	97.18
66	0.00	0.19	2.73	97.08
67	0.00	0.26	2.73	97.02
68	0.00	0.19	2.48	97.33
69	0.00	0.26	2.91	96.83
70	0.00	0.42	6.68	92.90
71	0.00	0.26	3.96	95.78
72	0.00	0.29	2.93	96.78
73	0.00	0.13	2.67	97.20
74	0.00	0.20	2.64	97.16
75	0.00	0.20	2.45	97.36
76	0.00	0.26	2.22	97.52
77	0.00	0.26	3.01	96.73
78	0.00	0.36	3.05	96.59
79	0.00	0.20	3.05	96.75
80	0.00	0.20	2.79	97.01
81	0.00	0.23	2.66	97.11
82	0.00	0.26	3.29	96.45
83	0.00	0.23	3.19	96.58
84	0.00	0.36	3.29	96.34
85	0.00	0.33	2.87	96.80
86	0.00	0.33	3.43	96.24
87	0.00	0.23	3.93	95.84
88	0.00	0.33	2.91	96.76
89	0.00	0.20	4.08	95.73
90	0.00	0.20	3.25	96.55
91	0.00	0.17	3.26	96.57
92	0.00	0.47	3.53	96.00
93	0.00	0.27	2.90	96.83
94	0.00	0.64	3.95	95.42
95	0.00	0.84	5.37	93.80




