Parameters
	Library type	Single-end
	Input file	/Volumes/wdhd/users/joaks1/projects/gekgo/data/genomes/msg/plate2/demultiplexed-trimmed/CDS_590_Gekko_mindorensis_Caluya_R1.trimmed.fq
	Primer/Adaptor library	NA
	Cut-off read length for HQ	70%
	Cut-off quality score	20
	Only statistics	On
	Number of processes	2


QC statistics
	File name	CDS_590_Gekko_mindorensis_Caluya_R1.trimmed.fq
	Total number of reads	816231
	Total number of HQ reads	815607
	Percentage of HQ reads	99.92%
	Total number of bases	74411750
	Total number of bases in HQ reads	74393840
	Total number of HQ bases in HQ reads	74140463
	Percentage of HQ bases in HQ reads	99.66%
	Number of Primer/Adaptor contaminated HQ reads	NA
	Total number of HQ filtered reads	815607
	Percentage of HQ filtered reads	99.92%


Detailed QC statistics
	File name	CDS_590_Gekko_mindorensis_Caluya_R1.trimmed.fq
	Minimum read length	8
	Maximum read length	95
	Average read length	91.17
	Total number of reads	816231
	Total number of reads with non-ATGC bases	0
	Percentage of reads with non-ATGC bases	0.00%
	Total number of bases	74411750
	Total number of HQ bases	74151275
	Percentage of HQ bases	99.65%
	Total number of non-ATGC bases	0
	Percentage of non-ATGC bases	0.00%


Average quality score at each base position of input reads

CDS_590_Gekko_mindorensis_Caluya_R1.trimmed.fq
36.38	36.69	36.77	36.82	36.68	36.63	36.61	38.76	38.81	38.82	38.79	38.67	38.76	38.78	38.78	38.70	38.72	38.64	38.71	38.61	38.60	38.59	38.55	38.52	38.47	38.39	38.34	38.33	38.32	38.23	38.22	38.17	38.06	38.06	37.98	37.86	37.87	37.70	37.68	37.54	37.57	37.49	37.41	37.35	37.22	37.32	37.37	37.34	37.27	37.17	37.01	36.90	36.79	36.69	36.61	36.44	36.39	36.32	36.22	36.11	35.98	35.83	35.66	35.52	35.34	35.15	34.99	34.83	34.61	32.78	33.53	33.94	33.95	33.86	33.76	33.60	33.49	33.39	33.30	33.21	33.14	33.07	33.01	32.93	32.87	32.79	32.71	32.65	32.59	32.52	32.47	32.43	32.40	32.31	31.67	




Read count (%) per base for different quality score ranges

	CDS_590_Gekko_mindorensis_Caluya_R1.trimmed.fq
Ranges	0-10	11-20	21-30	31-40
Base
1	0.00	1.02	1.72	97.26
2	0.00	0.46	0.96	98.58
3	0.00	0.31	0.77	98.91
4	0.00	0.23	0.67	99.09
5	0.00	0.27	1.24	98.49
6	0.00	0.36	1.33	98.30
7	0.00	0.39	1.41	98.20
8	0.00	0.48	1.57	97.95
9	0.00	0.44	1.48	98.08
10	0.00	0.47	1.59	97.94
11	0.00	0.47	1.60	97.94
12	0.00	0.55	1.72	97.73
13	0.00	0.53	1.69	97.78
14	0.00	0.52	1.66	97.82
15	0.00	0.49	1.65	97.86
16	0.00	0.53	1.67	97.80
17	0.00	0.55	1.67	97.78
18	0.00	0.62	1.84	97.53
19	0.00	0.52	1.73	97.75
20	0.00	0.66	1.78	97.55
21	0.00	0.65	1.76	97.59
22	0.00	0.62	1.73	97.65
23	0.00	0.62	1.82	97.56
24	0.00	0.58	1.79	97.62
25	0.00	0.60	1.81	97.59
26	0.00	0.59	1.95	97.46
27	0.00	0.61	1.94	97.45
28	0.00	0.54	1.90	97.56
29	0.00	0.44	1.80	97.76
30	0.00	0.44	1.91	97.64
31	0.00	0.40	1.88	97.72
32	0.00	0.39	1.88	97.73
33	0.00	0.43	1.93	97.64
34	0.00	0.34	1.80	97.85
35	0.00	0.37	1.84	97.79
36	0.00	0.38	1.97	97.66
37	0.00	0.34	1.84	97.82
38	0.00	0.37	2.06	97.58
39	0.00	0.35	1.94	97.71
40	0.00	0.39	2.08	97.53
41	0.00	0.32	1.91	97.77
42	0.00	0.36	1.98	97.66
43	0.00	0.34	2.01	97.64
44	0.00	0.32	2.02	97.67
45	0.00	0.37	2.18	97.46
46	0.00	0.28	1.72	98.00
47	0.00	0.26	1.67	98.07
48	0.00	0.26	1.71	98.03
49	0.00	0.25	1.71	98.03
50	0.00	0.27	1.72	98.01
51	0.00	0.27	1.82	97.91
52	0.00	0.24	2.00	97.76
53	0.00	0.24	2.04	97.72
54	0.00	0.23	1.98	97.79
55	0.00	0.23	1.93	97.84
56	0.00	0.25	2.10	97.65
57	0.00	0.22	1.78	98.01
58	0.00	0.20	1.75	98.06
59	0.00	0.20	1.79	98.01
60	0.00	0.21	1.78	98.01
61	0.00	0.19	1.79	98.01
62	0.00	0.20	1.87	97.93
63	0.00	0.19	1.88	97.93
64	0.00	0.20	1.90	97.90
65	0.00	0.20	2.01	97.79
66	0.00	0.21	2.13	97.66
67	0.00	0.21	2.03	97.76
68	0.00	0.21	2.05	97.74
69	0.00	0.20	2.10	97.69
70	0.00	0.31	5.65	94.03
71	0.00	0.23	3.06	96.71
72	0.00	0.20	2.43	97.38
73	0.00	0.20	2.31	97.49
74	0.00	0.18	2.23	97.59
75	0.00	0.17	2.10	97.73
76	0.00	0.19	2.27	97.54
77	0.00	0.19	2.27	97.53
78	0.00	0.19	2.31	97.50
79	0.00	0.20	2.41	97.39
80	0.00	0.19	2.48	97.33
81	0.00	0.20	2.53	97.27
82	0.00	0.22	2.58	97.20
83	0.00	0.21	2.66	97.13
84	0.00	0.23	2.71	97.06
85	0.00	0.22	2.73	97.05
86	0.00	0.23	2.76	97.01
87	0.00	0.25	2.90	96.86
88	0.00	0.25	2.92	96.83
89	0.00	0.27	2.93	96.80
90	0.00	0.29	3.04	96.68
91	0.00	0.30	3.03	96.67
92	0.00	0.30	3.01	96.69
93	0.00	0.29	3.04	96.67
94	0.00	0.33	3.20	96.47
95	0.00	0.58	4.87	94.55




