Parameters
	Library type	Single-end
	Input file	/Volumes/wdhd/users/joaks1/projects/gekgo/data/genomes/msg/plate2/demultiplexed-trimmed/CDS_1511_Cyrtodactylus_philippinicus_Panay_R1.trimmed.fq
	Primer/Adaptor library	NA
	Cut-off read length for HQ	70%
	Cut-off quality score	20
	Only statistics	On
	Number of processes	2


QC statistics
	File name	CDS_1511_Cyrtodactylus_philippinicus_Panay_R1.trimmed.fq
	Total number of reads	111245
	Total number of HQ reads	111168
	Percentage of HQ reads	99.93%
	Total number of bases	10196482
	Total number of bases in HQ reads	10194153
	Total number of HQ bases in HQ reads	10162311
	Percentage of HQ bases in HQ reads	99.69%
	Number of Primer/Adaptor contaminated HQ reads	NA
	Total number of HQ filtered reads	111168
	Percentage of HQ filtered reads	99.93%


Detailed QC statistics
	File name	CDS_1511_Cyrtodactylus_philippinicus_Panay_R1.trimmed.fq
	Minimum read length	10
	Maximum read length	95
	Average read length	91.66
	Total number of reads	111245
	Total number of reads with non-ATGC bases	0
	Percentage of reads with non-ATGC bases	0.00%
	Total number of bases	10196482
	Total number of HQ bases	10163680
	Percentage of HQ bases	99.68%
	Total number of non-ATGC bases	0
	Percentage of non-ATGC bases	0.00%


Average quality score at each base position of input reads

CDS_1511_Cyrtodactylus_philippinicus_Panay_R1.trimmed.fq
36.50	36.72	36.80	36.83	36.71	36.66	36.65	38.98	38.95	38.93	38.87	38.84	38.91	38.91	38.88	38.87	38.85	38.77	38.83	38.75	38.72	38.72	38.73	38.75	38.67	38.57	38.53	38.49	38.53	38.46	38.46	38.42	38.30	38.30	38.22	38.13	38.10	38.08	37.99	37.91	37.87	37.80	37.72	37.63	37.56	37.65	37.64	37.57	37.50	37.43	37.34	37.21	37.14	37.02	36.95	36.81	36.78	36.69	36.57	36.47	36.36	36.24	36.08	35.95	35.80	35.59	35.46	35.31	35.13	33.37	34.06	34.45	34.45	34.36	34.24	34.12	33.99	33.89	33.77	33.68	33.60	33.53	33.45	33.40	33.33	33.27	33.20	33.11	33.10	33.03	32.96	32.92	32.90	32.85	32.25	




Read count (%) per base for different quality score ranges

	CDS_1511_Cyrtodactylus_philippinicus_Panay_R1.trimmed.fq
Ranges	0-10	11-20	21-30	31-40
Base
1	0.00	0.98	1.43	97.58
2	0.00	0.45	0.83	98.72
3	0.00	0.31	0.67	99.03
4	0.00	0.22	0.61	99.17
5	0.00	0.25	1.09	98.65
6	0.00	0.32	1.24	98.44
7	0.00	0.36	1.25	98.39
8	0.00	0.43	1.33	98.25
9	0.00	0.41	1.45	98.14
10	0.00	0.40	1.52	98.08
11	0.00	0.43	1.46	98.12
12	0.00	0.44	1.52	98.05
13	0.00	0.49	1.45	98.06
14	0.00	0.48	1.52	98.01
15	0.00	0.47	1.56	97.96
16	0.00	0.47	1.45	98.08
17	0.00	0.51	1.56	97.94
18	0.00	0.54	1.71	97.74
19	0.00	0.47	1.55	97.98
20	0.00	0.59	1.61	97.80
21	0.00	0.63	1.58	97.80
22	0.00	0.58	1.57	97.85
23	0.00	0.60	1.62	97.78
24	0.00	0.55	1.59	97.86
25	0.00	0.56	1.60	97.83
26	0.00	0.56	1.75	97.69
27	0.00	0.60	1.79	97.61
28	0.00	0.49	1.84	97.67
29	0.00	0.42	1.59	97.99
30	0.00	0.38	1.73	97.90
31	0.00	0.38	1.67	97.95
32	0.00	0.37	1.67	97.96
33	0.00	0.40	1.77	97.83
34	0.00	0.32	1.66	98.02
35	0.00	0.33	1.67	98.00
36	0.00	0.31	1.73	97.96
37	0.00	0.30	1.72	97.98
38	0.00	0.29	1.70	98.01
39	0.00	0.31	1.71	97.98
40	0.00	0.32	1.72	97.95
41	0.00	0.33	1.76	97.92
42	0.00	0.32	1.82	97.86
43	0.00	0.33	1.79	97.89
44	0.00	0.31	1.86	97.83
45	0.00	0.30	1.85	97.85
46	0.00	0.25	1.52	98.24
47	0.00	0.26	1.52	98.22
48	0.00	0.25	1.65	98.10
49	0.00	0.24	1.64	98.12
50	0.00	0.23	1.59	98.18
51	0.00	0.22	1.63	98.15
52	0.00	0.24	1.63	98.13
53	0.00	0.22	1.66	98.12
54	0.00	0.26	1.73	98.01
55	0.00	0.20	1.75	98.05
56	0.00	0.22	1.80	97.97
57	0.00	0.18	1.52	98.30
58	0.00	0.18	1.67	98.15
59	0.00	0.20	1.69	98.11
60	0.00	0.17	1.67	98.16
61	0.00	0.14	1.67	98.19
62	0.00	0.17	1.67	98.16
63	0.00	0.16	1.74	98.10
64	0.00	0.17	1.88	97.95
65	0.00	0.16	1.76	98.07
66	0.00	0.18	1.95	97.87
67	0.00	0.16	1.89	97.94
68	0.00	0.16	1.91	97.93
69	0.00	0.18	1.98	97.84
70	0.00	0.27	5.11	94.63
71	0.00	0.20	2.78	97.02
72	0.00	0.18	2.17	97.65
73	0.00	0.18	2.14	97.68
74	0.00	0.17	2.01	97.83
75	0.00	0.15	2.05	97.81
76	0.00	0.18	2.10	97.72
77	0.00	0.20	2.16	97.64
78	0.00	0.20	2.06	97.75
79	0.00	0.19	2.24	97.56
80	0.00	0.22	2.26	97.51
81	0.00	0.20	2.26	97.54
82	0.00	0.21	2.43	97.36
83	0.00	0.21	2.47	97.32
84	0.00	0.21	2.48	97.30
85	0.00	0.22	2.53	97.25
86	0.00	0.24	2.53	97.23
87	0.00	0.26	2.59	97.15
88	0.00	0.26	2.79	96.95
89	0.00	0.23	2.69	97.07
90	0.00	0.24	2.80	96.96
91	0.00	0.26	2.84	96.89
92	0.00	0.30	2.89	96.81
93	0.00	0.31	2.78	96.91
94	0.00	0.29	2.95	96.76
95	0.00	0.56	4.56	94.88




