Parameters
	Library type	Single-end
	Input file	/Volumes/wdhd/users/joaks1/projects/gekgo/data/genomes/msg/plate2/demultiplexed-trimmed/CDS_2984_Cyrtodactylus_sumuroi_Samar_R1.trimmed.fq
	Primer/Adaptor library	NA
	Cut-off read length for HQ	70%
	Cut-off quality score	20
	Only statistics	On
	Number of processes	2


QC statistics
	File name	CDS_2984_Cyrtodactylus_sumuroi_Samar_R1.trimmed.fq
	Total number of reads	861365
	Total number of HQ reads	860809
	Percentage of HQ reads	99.94%
	Total number of bases	79032526
	Total number of bases in HQ reads	79015575
	Total number of HQ bases in HQ reads	78770590
	Percentage of HQ bases in HQ reads	99.69%
	Number of Primer/Adaptor contaminated HQ reads	NA
	Total number of HQ filtered reads	860809
	Percentage of HQ filtered reads	99.94%


Detailed QC statistics
	File name	CDS_2984_Cyrtodactylus_sumuroi_Samar_R1.trimmed.fq
	Minimum read length	9
	Maximum read length	95
	Average read length	91.75
	Total number of reads	861365
	Total number of reads with non-ATGC bases	0
	Percentage of reads with non-ATGC bases	0.00%
	Total number of bases	79032526
	Total number of HQ bases	78780893
	Percentage of HQ bases	99.68%
	Total number of non-ATGC bases	0
	Percentage of non-ATGC bases	0.00%


Average quality score at each base position of input reads

CDS_2984_Cyrtodactylus_sumuroi_Samar_R1.trimmed.fq
35.97	36.72	36.81	36.85	36.71	36.67	36.64	38.98	38.95	38.92	38.87	38.83	38.90	38.90	38.87	38.86	38.83	38.76	38.83	38.76	38.72	38.73	38.74	38.73	38.66	38.58	38.52	38.49	38.50	38.43	38.44	38.41	38.30	38.30	38.24	38.15	38.14	38.10	38.00	37.93	37.90	37.81	37.74	37.66	37.55	37.66	37.67	37.62	37.52	37.44	37.36	37.24	37.16	37.04	36.93	36.83	36.80	36.73	36.60	36.50	36.38	36.27	36.12	35.94	35.81	35.64	35.50	35.37	35.19	33.41	34.09	34.47	34.49	34.39	34.27	34.15	34.04	33.94	33.84	33.74	33.67	33.59	33.53	33.47	33.39	33.33	33.27	33.21	33.16	33.09	33.03	32.99	32.97	32.94	32.35	




Read count (%) per base for different quality score ranges

	CDS_2984_Cyrtodactylus_sumuroi_Samar_R1.trimmed.fq
Ranges	0-10	11-20	21-30	31-40
Base
1	0.00	1.06	1.85	97.09
2	0.00	0.38	0.86	98.76
3	0.00	0.25	0.66	99.09
4	0.00	0.19	0.57	99.24
5	0.00	0.22	1.16	98.62
6	0.00	0.32	1.22	98.46
7	0.00	0.36	1.30	98.34
8	0.00	0.37	1.31	98.32
9	0.00	0.40	1.38	98.23
10	0.00	0.43	1.44	98.13
11	0.00	0.44	1.47	98.08
12	0.00	0.46	1.50	98.04
13	0.00	0.46	1.49	98.05
14	0.00	0.46	1.51	98.03
15	0.00	0.47	1.54	97.99
16	0.00	0.47	1.49	98.04
17	0.00	0.52	1.56	97.92
18	0.00	0.56	1.70	97.74
19	0.00	0.46	1.54	98.00
20	0.00	0.58	1.61	97.81
21	0.00	0.61	1.63	97.76
22	0.00	0.57	1.61	97.83
23	0.00	0.56	1.59	97.85
24	0.00	0.54	1.60	97.86
25	0.00	0.54	1.68	97.78
26	0.00	0.54	1.73	97.73
27	0.00	0.58	1.79	97.63
28	0.00	0.51	1.75	97.74
29	0.00	0.42	1.65	97.93
30	0.00	0.43	1.74	97.83
31	0.00	0.40	1.65	97.95
32	0.00	0.35	1.68	97.98
33	0.00	0.39	1.73	97.88
34	0.00	0.32	1.67	98.01
35	0.00	0.32	1.68	97.99
36	0.00	0.33	1.75	97.92
37	0.00	0.31	1.67	98.02
38	0.00	0.30	1.70	98.01
39	0.00	0.33	1.77	97.89
40	0.00	0.31	1.75	97.94
41	0.00	0.30	1.71	97.99
42	0.00	0.32	1.83	97.85
43	0.00	0.33	1.84	97.83
44	0.00	0.32	1.88	97.80
45	0.00	0.34	1.95	97.70
46	0.00	0.27	1.60	98.13
47	0.00	0.25	1.57	98.18
48	0.00	0.26	1.60	98.14
49	0.00	0.24	1.68	98.08
50	0.00	0.25	1.67	98.09
51	0.00	0.22	1.60	98.18
52	0.00	0.23	1.68	98.08
53	0.00	0.22	1.70	98.08
54	0.00	0.22	1.79	97.99
55	0.00	0.22	1.77	98.01
56	0.00	0.20	1.80	98.00
57	0.00	0.19	1.55	98.26
58	0.00	0.17	1.61	98.22
59	0.00	0.20	1.73	98.07
60	0.00	0.18	1.68	98.14
61	0.00	0.19	1.69	98.12
62	0.00	0.17	1.69	98.14
63	0.00	0.17	1.70	98.13
64	0.00	0.18	1.92	97.90
65	0.00	0.18	1.79	98.03
66	0.00	0.18	1.88	97.94
67	0.00	0.17	1.90	97.93
68	0.00	0.18	1.86	97.96
69	0.00	0.19	1.96	97.86
70	0.00	0.30	5.13	94.57
71	0.00	0.22	2.91	96.87
72	0.00	0.20	2.31	97.49
73	0.00	0.18	2.07	97.76
74	0.00	0.17	2.04	97.79
75	0.00	0.17	2.06	97.77
76	0.00	0.18	2.12	97.70
77	0.00	0.19	2.12	97.69
78	0.00	0.19	2.15	97.66
79	0.00	0.18	2.17	97.65
80	0.00	0.18	2.28	97.54
81	0.00	0.19	2.30	97.51
82	0.00	0.19	2.36	97.45
83	0.00	0.19	2.38	97.43
84	0.00	0.21	2.45	97.34
85	0.00	0.22	2.51	97.27
86	0.00	0.21	2.61	97.18
87	0.00	0.22	2.61	97.18
88	0.00	0.24	2.69	97.07
89	0.00	0.24	2.70	97.05
90	0.00	0.26	2.81	96.93
91	0.00	0.28	2.91	96.81
92	0.00	0.28	2.88	96.84
93	0.00	0.27	2.81	96.92
94	0.00	0.26	2.86	96.89
95	0.00	0.49	4.44	95.07




