Parameters
	Library type	Single-end
	Input file	/Volumes/wdhd/users/joaks1/projects/gekgo/data/genomes/msg/plate2/demultiplexed-trimmed/CDS_161_Gekko_ernstkelleri_Panay_R1.trimmed.fq
	Primer/Adaptor library	NA
	Cut-off read length for HQ	70%
	Cut-off quality score	20
	Only statistics	On
	Number of processes	2


QC statistics
	File name	CDS_161_Gekko_ernstkelleri_Panay_R1.trimmed.fq
	Total number of reads	14276
	Total number of HQ reads	14262
	Percentage of HQ reads	99.90%
	Total number of bases	1294458
	Total number of bases in HQ reads	1294042
	Total number of HQ bases in HQ reads	1289220
	Percentage of HQ bases in HQ reads	99.63%
	Number of Primer/Adaptor contaminated HQ reads	NA
	Total number of HQ filtered reads	14262
	Percentage of HQ filtered reads	99.90%


Detailed QC statistics
	File name	CDS_161_Gekko_ernstkelleri_Panay_R1.trimmed.fq
	Minimum read length	14
	Maximum read length	95
	Average read length	90.67
	Total number of reads	14276
	Total number of reads with non-ATGC bases	0
	Percentage of reads with non-ATGC bases	0.00%
	Total number of bases	1294458
	Total number of HQ bases	1289471
	Percentage of HQ bases	99.61%
	Total number of non-ATGC bases	0
	Percentage of non-ATGC bases	0.00%


Average quality score at each base position of input reads

CDS_161_Gekko_ernstkelleri_Panay_R1.trimmed.fq
36.37	36.69	36.77	36.80	36.63	36.60	36.58	38.86	38.83	38.78	38.75	38.68	38.74	38.76	38.73	38.67	38.66	38.61	38.66	38.59	38.53	38.47	38.45	38.46	38.38	38.26	38.20	38.19	38.10	37.98	37.98	37.96	37.82	37.79	37.74	37.61	37.59	37.55	37.46	37.35	37.33	37.23	37.18	37.09	37.01	37.10	37.11	37.04	36.97	36.88	36.78	36.60	36.54	36.38	36.26	36.09	36.05	35.97	35.84	35.73	35.57	35.38	35.18	35.06	34.86	34.68	34.50	34.32	34.15	32.42	33.11	33.45	33.44	33.36	33.29	33.17	33.04	32.98	32.87	32.80	32.74	32.68	32.67	32.62	32.52	32.51	32.42	32.35	32.28	32.21	32.12	32.14	32.11	32.05	31.49	




Read count (%) per base for different quality score ranges

	CDS_161_Gekko_ernstkelleri_Panay_R1.trimmed.fq
Ranges	0-10	11-20	21-30	31-40
Base
1	0.00	0.95	1.90	97.15
2	0.00	0.41	1.06	98.53
3	0.00	0.29	0.83	98.87
4	0.00	0.27	0.65	99.08
5	0.00	0.34	1.52	98.14
6	0.00	0.43	1.44	98.13
7	0.00	0.42	1.67	97.91
8	0.00	0.46	1.65	97.89
9	0.00	0.56	1.69	97.75
10	0.00	0.64	1.75	97.60
11	0.00	0.48	1.91	97.60
12	0.00	0.62	1.91	97.48
13	0.00	0.58	1.95	97.46
14	0.00	0.56	1.76	97.68
15	0.00	0.52	1.98	97.50
16	0.00	0.62	1.82	97.55
17	0.00	0.64	1.89	97.47
18	0.00	0.60	1.95	97.45
19	0.00	0.55	1.90	97.55
20	0.00	0.69	2.01	97.30
21	0.00	0.86	1.85	97.29
22	0.00	0.86	2.03	97.11
23	0.00	0.76	2.11	97.13
24	0.00	0.65	1.92	97.44
25	0.00	0.65	1.83	97.53
26	0.00	0.63	2.21	97.16
27	0.00	0.57	2.11	97.32
28	0.00	0.46	2.00	97.53
29	0.00	0.53	2.07	97.40
30	0.00	0.57	2.14	97.29
31	0.00	0.53	1.82	97.65
32	0.00	0.43	1.97	97.60
33	0.00	0.51	1.97	97.51
34	0.00	0.36	2.17	97.47
35	0.00	0.41	1.93	97.67
36	0.00	0.42	2.05	97.53
37	0.00	0.43	2.00	97.56
38	0.00	0.33	2.06	97.61
39	0.00	0.37	2.23	97.40
40	0.00	0.39	2.16	97.45
41	0.00	0.33	2.22	97.45
42	0.00	0.40	2.18	97.41
43	0.00	0.43	2.06	97.51
44	0.00	0.39	2.13	97.47
45	0.00	0.35	2.30	97.35
46	0.00	0.28	1.71	98.00
47	0.00	0.28	1.87	97.86
48	0.00	0.23	1.79	97.98
49	0.00	0.23	1.96	97.81
50	0.00	0.30	1.75	97.95
51	0.00	0.24	1.90	97.87
52	0.00	0.28	2.06	97.66
53	0.00	0.23	1.96	97.82
54	0.00	0.33	2.16	97.51
55	0.00	0.29	1.88	97.83
56	0.00	0.28	2.22	97.51
57	0.00	0.22	1.84	97.93
58	0.00	0.24	2.03	97.73
59	0.00	0.30	1.87	97.83
60	0.00	0.15	1.81	98.04
61	0.00	0.18	1.91	97.91
62	0.00	0.25	2.21	97.54
63	0.00	0.25	2.13	97.62
64	0.00	0.17	2.17	97.66
65	0.00	0.21	2.31	97.48
66	0.00	0.20	2.20	97.59
67	0.00	0.20	2.21	97.59
68	0.00	0.22	2.39	97.39
69	0.00	0.21	2.25	97.54
70	0.00	0.32	5.83	93.85
71	0.00	0.26	3.27	96.47
72	0.00	0.27	2.48	97.25
73	0.00	0.22	2.29	97.48
74	0.00	0.15	2.33	97.52
75	0.00	0.19	2.21	97.59
76	0.00	0.15	2.56	97.29
77	0.00	0.27	2.40	97.33
78	0.00	0.22	2.49	97.29
79	0.00	0.22	2.59	97.19
80	0.00	0.21	2.86	96.93
81	0.00	0.34	2.65	97.01
82	0.00	0.30	2.59	97.10
83	0.00	0.23	2.48	97.29
84	0.00	0.24	2.57	97.19
85	0.00	0.28	2.93	96.79
86	0.00	0.17	2.79	97.04
87	0.00	0.29	2.86	96.86
88	0.00	0.26	2.97	96.78
89	0.00	0.28	3.06	96.66
90	0.00	0.34	3.11	96.55
91	0.00	0.43	3.23	96.34
92	0.00	0.34	3.01	96.66
93	0.00	0.34	2.91	96.75
94	0.00	0.25	3.04	96.71
95	0.00	0.57	4.13	95.31




