Parameters
	Library type	Single-end
	Input file	/Volumes/wdhd/users/joaks1/projects/gekgo/data/genomes/msg/plate2/demultiplexed-trimmed/CDS_51_Gekko_gigante_NorthGigante_R1.trimmed.fq
	Primer/Adaptor library	NA
	Cut-off read length for HQ	70%
	Cut-off quality score	20
	Only statistics	On
	Number of processes	2


QC statistics
	File name	CDS_51_Gekko_gigante_NorthGigante_R1.trimmed.fq
	Total number of reads	1720746
	Total number of HQ reads	1719862
	Percentage of HQ reads	99.95%
	Total number of bases	156789902
	Total number of bases in HQ reads	156763945
	Total number of HQ bases in HQ reads	156213012
	Percentage of HQ bases in HQ reads	99.65%
	Number of Primer/Adaptor contaminated HQ reads	NA
	Total number of HQ filtered reads	1719862
	Percentage of HQ filtered reads	99.95%


Detailed QC statistics
	File name	CDS_51_Gekko_gigante_NorthGigante_R1.trimmed.fq
	Minimum read length	8
	Maximum read length	95
	Average read length	91.12
	Total number of reads	1720746
	Total number of reads with non-ATGC bases	0
	Percentage of reads with non-ATGC bases	0.00%
	Total number of bases	156789902
	Total number of HQ bases	156228992
	Percentage of HQ bases	99.64%
	Total number of non-ATGC bases	0
	Percentage of non-ATGC bases	0.00%


Average quality score at each base position of input reads

CDS_51_Gekko_gigante_NorthGigante_R1.trimmed.fq
33.80	36.56	36.77	36.83	36.69	36.64	36.62	38.88	38.87	38.82	38.77	38.63	38.72	38.76	38.76	38.71	38.72	38.64	38.70	38.62	38.57	38.56	38.55	38.53	38.47	38.35	38.31	38.31	38.28	38.17	38.18	38.17	38.02	38.02	37.94	37.75	37.79	37.67	37.63	37.47	37.51	37.38	37.33	37.27	37.17	37.35	37.39	37.35	37.24	37.14	37.03	36.90	36.81	36.71	36.61	36.43	36.41	36.31	36.18	36.05	35.89	35.75	35.58	35.44	35.24	35.07	34.91	34.72	34.54	32.73	33.43	33.81	33.80	33.71	33.62	33.51	33.39	33.29	33.19	33.11	33.02	32.95	32.90	32.84	32.77	32.71	32.62	32.56	32.49	32.42	32.37	32.32	32.27	32.20	31.57	




Read count (%) per base for different quality score ranges

	CDS_51_Gekko_gigante_NorthGigante_R1.trimmed.fq
Ranges	0-10	11-20	21-30	31-40
Base
1	0.00	1.78	5.46	92.76
2	0.00	0.49	1.15	98.36
3	0.00	0.28	0.77	98.95
4	0.00	0.20	0.65	99.15
5	0.00	0.24	1.21	98.55
6	0.00	0.34	1.30	98.36
7	0.00	0.38	1.36	98.26
8	0.00	0.40	1.45	98.15
9	0.00	0.41	1.47	98.12
10	0.00	0.45	1.58	97.97
11	0.00	0.46	1.60	97.95
12	0.00	0.54	1.74	97.72
13	0.00	0.54	1.68	97.78
14	0.00	0.50	1.65	97.85
15	0.00	0.48	1.66	97.87
16	0.00	0.50	1.65	97.85
17	0.00	0.54	1.67	97.80
18	0.00	0.59	1.82	97.59
19	0.00	0.49	1.70	97.80
20	0.00	0.62	1.76	97.61
21	0.00	0.64	1.77	97.59
22	0.00	0.58	1.75	97.67
23	0.00	0.60	1.76	97.64
24	0.00	0.56	1.78	97.66
25	0.00	0.57	1.84	97.59
26	0.00	0.59	1.94	97.47
27	0.00	0.59	1.95	97.46
28	0.00	0.50	1.92	97.58
29	0.00	0.43	1.82	97.75
30	0.00	0.44	1.94	97.62
31	0.00	0.39	1.89	97.72
32	0.00	0.36	1.86	97.78
33	0.00	0.42	1.97	97.61
34	0.00	0.35	1.85	97.80
35	0.00	0.37	1.92	97.70
36	0.00	0.40	2.10	97.50
37	0.00	0.35	1.90	97.75
38	0.00	0.37	2.00	97.62
39	0.00	0.35	2.01	97.63
40	0.00	0.40	2.14	97.45
41	0.00	0.35	1.95	97.70
42	0.00	0.38	2.10	97.52
43	0.00	0.37	2.09	97.55
44	0.00	0.36	2.07	97.57
45	0.00	0.37	2.20	97.43
46	0.00	0.27	1.74	97.99
47	0.00	0.25	1.71	98.04
48	0.00	0.25	1.71	98.04
49	0.00	0.26	1.74	98.00
50	0.00	0.26	1.75	97.99
51	0.00	0.25	1.81	97.94
52	0.00	0.25	1.86	97.89
53	0.00	0.24	1.88	97.89
54	0.00	0.23	1.88	97.89
55	0.00	0.23	1.88	97.89
56	0.00	0.25	2.12	97.63
57	0.00	0.21	1.70	98.09
58	0.00	0.20	1.72	98.08
59	0.00	0.21	1.81	97.98
60	0.00	0.21	1.82	97.98
61	0.00	0.20	1.84	97.96
62	0.00	0.21	1.93	97.86
63	0.00	0.21	1.90	97.89
64	0.00	0.20	1.95	97.85
65	0.00	0.20	2.04	97.76
66	0.00	0.21	2.05	97.74
67	0.00	0.21	2.07	97.73
68	0.00	0.21	2.13	97.66
69	0.00	0.22	2.11	97.67
70	0.00	0.32	5.66	94.02
71	0.00	0.24	3.17	96.59
72	0.00	0.21	2.55	97.24
73	0.00	0.21	2.41	97.38
74	0.00	0.18	2.38	97.44
75	0.00	0.18	2.25	97.56
76	0.00	0.20	2.30	97.50
77	0.00	0.21	2.39	97.39
78	0.00	0.19	2.44	97.37
79	0.00	0.20	2.45	97.35
80	0.00	0.20	2.51	97.29
81	0.00	0.22	2.69	97.09
82	0.00	0.24	2.69	97.07
83	0.00	0.22	2.68	97.09
84	0.00	0.24	2.75	97.01
85	0.00	0.25	2.82	96.94
86	0.00	0.25	2.85	96.89
87	0.00	0.29	2.98	96.73
88	0.00	0.27	3.01	96.72
89	0.00	0.30	3.04	96.66
90	0.00	0.31	3.14	96.55
91	0.00	0.32	3.19	96.49
92	0.00	0.33	3.14	96.53
93	0.00	0.32	3.21	96.46
94	0.00	0.33	3.21	96.46
95	0.00	0.61	5.04	94.35




