Parameters
	Library type	Single-end
	Input file	/Volumes/wdhd/users/joaks1/projects/gekgo/data/genomes/msg/plate2/demultiplexed-trimmed/CDS_53_Gekko_gigante_NorthGigante_R1.trimmed.fq
	Primer/Adaptor library	NA
	Cut-off read length for HQ	70%
	Cut-off quality score	20
	Only statistics	On
	Number of processes	2


QC statistics
	File name	CDS_53_Gekko_gigante_NorthGigante_R1.trimmed.fq
	Total number of reads	1018714
	Total number of HQ reads	1017844
	Percentage of HQ reads	99.91%
	Total number of bases	92997698
	Total number of bases in HQ reads	92971750
	Total number of HQ bases in HQ reads	92661801
	Percentage of HQ bases in HQ reads	99.67%
	Number of Primer/Adaptor contaminated HQ reads	NA
	Total number of HQ filtered reads	1017844
	Percentage of HQ filtered reads	99.91%


Detailed QC statistics
	File name	CDS_53_Gekko_gigante_NorthGigante_R1.trimmed.fq
	Minimum read length	6
	Maximum read length	95
	Average read length	91.29
	Total number of reads	1018714
	Total number of reads with non-ATGC bases	0
	Percentage of reads with non-ATGC bases	0.00%
	Total number of bases	92997698
	Total number of HQ bases	92677466
	Percentage of HQ bases	99.66%
	Total number of non-ATGC bases	0
	Percentage of non-ATGC bases	0.00%


Average quality score at each base position of input reads

CDS_53_Gekko_gigante_NorthGigante_R1.trimmed.fq
36.12	36.69	36.79	36.82	36.69	36.65	36.63	38.94	38.94	38.90	38.85	38.71	38.81	38.85	38.86	38.81	38.82	38.75	38.80	38.71	38.67	38.67	38.66	38.64	38.59	38.48	38.44	38.45	38.42	38.32	38.33	38.32	38.19	38.18	38.11	37.94	37.97	37.86	37.82	37.66	37.71	37.60	37.56	37.52	37.43	37.50	37.51	37.46	37.35	37.26	37.16	37.03	36.96	36.87	36.77	36.60	36.59	36.52	36.40	36.27	36.13	36.00	35.83	35.69	35.52	35.36	35.20	35.02	34.84	33.06	33.76	34.13	34.12	34.03	33.93	33.80	33.68	33.57	33.46	33.38	33.28	33.22	33.17	33.11	33.04	32.98	32.91	32.84	32.77	32.70	32.65	32.61	32.55	32.50	31.89	




Read count (%) per base for different quality score ranges

	CDS_53_Gekko_gigante_NorthGigante_R1.trimmed.fq
Ranges	0-10	11-20	21-30	31-40
Base
1	0.00	1.11	1.84	97.05
2	0.00	0.44	0.92	98.64
3	0.00	0.30	0.72	98.98
4	0.00	0.24	0.64	99.13
5	0.00	0.28	1.22	98.51
6	0.00	0.35	1.28	98.37
7	0.00	0.40	1.33	98.27
8	0.00	0.42	1.42	98.16
9	0.00	0.43	1.42	98.15
10	0.00	0.46	1.53	98.01
11	0.00	0.47	1.54	97.99
12	0.00	0.54	1.66	97.80
13	0.00	0.54	1.60	97.87
14	0.00	0.52	1.59	97.89
15	0.00	0.49	1.56	97.95
16	0.00	0.53	1.58	97.90
17	0.00	0.55	1.60	97.84
18	0.00	0.60	1.75	97.65
19	0.00	0.51	1.64	97.85
20	0.00	0.66	1.70	97.64
21	0.00	0.67	1.69	97.64
22	0.00	0.61	1.64	97.75
23	0.00	0.61	1.67	97.72
24	0.00	0.59	1.70	97.71
25	0.00	0.60	1.71	97.69
26	0.00	0.61	1.83	97.57
27	0.00	0.62	1.85	97.53
28	0.00	0.53	1.77	97.70
29	0.00	0.46	1.71	97.83
30	0.00	0.47	1.80	97.73
31	0.00	0.42	1.74	97.84
32	0.00	0.37	1.72	97.91
33	0.00	0.42	1.80	97.78
34	0.00	0.35	1.71	97.94
35	0.00	0.35	1.71	97.94
36	0.00	0.37	1.86	97.77
37	0.00	0.34	1.72	97.94
38	0.00	0.35	1.79	97.86
39	0.00	0.34	1.77	97.89
40	0.00	0.37	1.88	97.75
41	0.00	0.33	1.74	97.94
42	0.00	0.35	1.81	97.84
43	0.00	0.33	1.82	97.85
44	0.00	0.30	1.81	97.89
45	0.00	0.33	1.88	97.79
46	0.00	0.26	1.59	98.15
47	0.00	0.25	1.57	98.19
48	0.00	0.25	1.59	98.16
49	0.00	0.25	1.65	98.10
50	0.00	0.25	1.63	98.12
51	0.00	0.24	1.67	98.09
52	0.00	0.24	1.74	98.02
53	0.00	0.22	1.68	98.09
54	0.00	0.22	1.71	98.07
55	0.00	0.22	1.75	98.03
56	0.00	0.24	1.95	97.81
57	0.00	0.21	1.59	98.21
58	0.00	0.19	1.59	98.21
59	0.00	0.20	1.65	98.16
60	0.00	0.20	1.68	98.12
61	0.00	0.19	1.67	98.13
62	0.00	0.19	1.77	98.03
63	0.00	0.19	1.76	98.05
64	0.00	0.19	1.81	98.00
65	0.00	0.19	1.85	97.96
66	0.00	0.19	1.91	97.90
67	0.00	0.19	1.93	97.88
68	0.00	0.20	1.98	97.82
69	0.00	0.21	1.98	97.81
70	0.00	0.31	5.23	94.46
71	0.00	0.22	2.97	96.81
72	0.00	0.19	2.36	97.44
73	0.00	0.20	2.26	97.54
74	0.00	0.19	2.21	97.60
75	0.00	0.18	2.08	97.75
76	0.00	0.20	2.14	97.67
77	0.00	0.20	2.28	97.53
78	0.00	0.18	2.27	97.55
79	0.00	0.18	2.29	97.52
80	0.00	0.19	2.32	97.49
81	0.00	0.21	2.52	97.27
82	0.00	0.21	2.51	97.27
83	0.00	0.20	2.47	97.33
84	0.00	0.21	2.53	97.26
85	0.00	0.22	2.61	97.17
86	0.00	0.22	2.64	97.15
87	0.00	0.25	2.75	97.00
88	0.00	0.26	2.75	96.99
89	0.00	0.28	2.83	96.89
90	0.00	0.28	2.91	96.81
91	0.00	0.29	2.95	96.77
92	0.00	0.29	2.89	96.82
93	0.00	0.29	2.96	96.75
94	0.00	0.29	2.94	96.77
95	0.00	0.54	4.61	94.85




