Parameters
	Library type	Single-end
	Input file	/Volumes/wdhd/users/joaks1/projects/gekgo/data/genomes/msg/plate2/demultiplexed-trimmed/CDS_49_Gekko_gigante_NorthGigante_R1.trimmed.fq
	Primer/Adaptor library	NA
	Cut-off read length for HQ	70%
	Cut-off quality score	20
	Only statistics	On
	Number of processes	2


QC statistics
	File name	CDS_49_Gekko_gigante_NorthGigante_R1.trimmed.fq
	Total number of reads	758977
	Total number of HQ reads	758562
	Percentage of HQ reads	99.95%
	Total number of bases	69283624
	Total number of bases in HQ reads	69271091
	Total number of HQ bases in HQ reads	69041534
	Percentage of HQ bases in HQ reads	99.67%
	Number of Primer/Adaptor contaminated HQ reads	NA
	Total number of HQ filtered reads	758562
	Percentage of HQ filtered reads	99.95%


Detailed QC statistics
	File name	CDS_49_Gekko_gigante_NorthGigante_R1.trimmed.fq
	Minimum read length	9
	Maximum read length	95
	Average read length	91.29
	Total number of reads	758977
	Total number of reads with non-ATGC bases	0
	Percentage of reads with non-ATGC bases	0.00%
	Total number of bases	69283624
	Total number of HQ bases	69049217
	Percentage of HQ bases	99.66%
	Total number of non-ATGC bases	0
	Percentage of non-ATGC bases	0.00%


Average quality score at each base position of input reads

CDS_49_Gekko_gigante_NorthGigante_R1.trimmed.fq
36.54	36.73	36.80	36.83	36.70	36.65	36.63	38.90	38.90	38.85	38.79	38.67	38.75	38.79	38.77	38.74	38.75	38.67	38.71	38.63	38.59	38.58	38.56	38.55	38.49	38.38	38.33	38.34	38.31	38.21	38.21	38.21	38.07	38.06	37.99	37.82	37.85	37.75	37.70	37.55	37.58	37.47	37.41	37.35	37.26	37.43	37.47	37.44	37.33	37.24	37.14	37.00	36.91	36.81	36.71	36.54	36.54	36.46	36.33	36.20	36.06	35.92	35.76	35.62	35.44	35.28	35.12	34.94	34.76	32.93	33.63	34.02	34.02	33.93	33.83	33.69	33.56	33.47	33.35	33.26	33.16	33.09	33.04	32.97	32.90	32.83	32.76	32.68	32.62	32.54	32.49	32.44	32.39	32.33	31.69	




Read count (%) per base for different quality score ranges

	CDS_49_Gekko_gigante_NorthGigante_R1.trimmed.fq
Ranges	0-10	11-20	21-30	31-40
Base
1	0.00	0.83	1.46	97.71
2	0.00	0.38	0.89	98.73
3	0.00	0.26	0.71	99.03
4	0.00	0.20	0.61	99.19
5	0.00	0.23	1.16	98.61
6	0.00	0.34	1.26	98.40
7	0.00	0.36	1.33	98.31
8	0.00	0.38	1.40	98.22
9	0.00	0.40	1.41	98.19
10	0.00	0.43	1.52	98.06
11	0.00	0.45	1.55	98.00
12	0.00	0.51	1.65	97.84
13	0.00	0.49	1.61	97.89
14	0.00	0.48	1.57	97.94
15	0.00	0.47	1.61	97.92
16	0.00	0.48	1.61	97.92
17	0.00	0.52	1.62	97.86
18	0.00	0.56	1.78	97.66
19	0.00	0.49	1.64	97.87
20	0.00	0.59	1.74	97.67
21	0.00	0.61	1.69	97.70
22	0.00	0.57	1.67	97.76
23	0.00	0.58	1.71	97.71
24	0.00	0.53	1.72	97.75
25	0.00	0.57	1.76	97.67
26	0.00	0.58	1.89	97.53
27	0.00	0.60	1.88	97.52
28	0.00	0.51	1.85	97.64
29	0.00	0.46	1.77	97.77
30	0.00	0.44	1.90	97.66
31	0.00	0.41	1.83	97.76
32	0.00	0.36	1.81	97.83
33	0.00	0.41	1.93	97.66
34	0.00	0.35	1.80	97.85
35	0.00	0.37	1.87	97.77
36	0.00	0.38	2.03	97.59
37	0.00	0.35	1.86	97.79
38	0.00	0.37	1.95	97.68
39	0.00	0.35	1.92	97.73
40	0.00	0.38	2.07	97.55
41	0.00	0.34	1.92	97.74
42	0.00	0.37	2.03	97.60
43	0.00	0.36	2.04	97.60
44	0.00	0.35	2.02	97.62
45	0.00	0.36	2.14	97.50
46	0.00	0.26	1.70	98.04
47	0.00	0.25	1.64	98.11
48	0.00	0.25	1.67	98.08
49	0.00	0.26	1.73	98.01
50	0.00	0.25	1.72	98.03
51	0.00	0.25	1.73	98.02
52	0.00	0.25	1.81	97.95
53	0.00	0.24	1.81	97.95
54	0.00	0.22	1.84	97.94
55	0.00	0.23	1.85	97.92
56	0.00	0.24	2.07	97.69
57	0.00	0.20	1.65	98.15
58	0.00	0.19	1.67	98.14
59	0.00	0.20	1.74	98.06
60	0.00	0.20	1.78	98.02
61	0.00	0.19	1.82	97.99
62	0.00	0.21	1.90	97.89
63	0.00	0.20	1.86	97.95
64	0.00	0.20	1.91	97.89
65	0.00	0.19	2.00	97.81
66	0.00	0.20	2.01	97.79
67	0.00	0.20	2.06	97.75
68	0.00	0.21	2.06	97.74
69	0.00	0.20	2.05	97.75
70	0.00	0.33	5.48	94.19
71	0.00	0.23	3.10	96.66
72	0.00	0.21	2.47	97.32
73	0.00	0.21	2.31	97.47
74	0.00	0.18	2.31	97.50
75	0.00	0.19	2.15	97.66
76	0.00	0.20	2.25	97.55
77	0.00	0.23	2.41	97.37
78	0.00	0.19	2.40	97.41
79	0.00	0.21	2.43	97.37
80	0.00	0.20	2.46	97.34
81	0.00	0.21	2.67	97.12
82	0.00	0.23	2.70	97.07
83	0.00	0.22	2.66	97.12
84	0.00	0.23	2.69	97.09
85	0.00	0.24	2.77	96.99
86	0.00	0.25	2.85	96.90
87	0.00	0.27	2.96	96.77
88	0.00	0.28	2.99	96.73
89	0.00	0.29	3.03	96.69
90	0.00	0.32	3.20	96.48
91	0.00	0.31	3.25	96.44
92	0.00	0.32	3.17	96.52
93	0.00	0.30	3.19	96.51
94	0.00	0.33	3.19	96.48
95	0.00	0.60	5.03	94.37




