Parameters
	Library type	Single-end
	Input file	/Volumes/wdhd/users/joaks1/projects/gekgo/data/genomes/msg/plate2/demultiplexed-trimmed/CDS_212_Gekko_ernstkelleri_Panay_R1.trimmed.fq
	Primer/Adaptor library	NA
	Cut-off read length for HQ	70%
	Cut-off quality score	20
	Only statistics	On
	Number of processes	2


QC statistics
	File name	CDS_212_Gekko_ernstkelleri_Panay_R1.trimmed.fq
	Total number of reads	180796
	Total number of HQ reads	180630
	Percentage of HQ reads	99.91%
	Total number of bases	16389800
	Total number of bases in HQ reads	16385824
	Total number of HQ bases in HQ reads	16327827
	Percentage of HQ bases in HQ reads	99.65%
	Number of Primer/Adaptor contaminated HQ reads	NA
	Total number of HQ filtered reads	180630
	Percentage of HQ filtered reads	99.91%


Detailed QC statistics
	File name	CDS_212_Gekko_ernstkelleri_Panay_R1.trimmed.fq
	Minimum read length	7
	Maximum read length	95
	Average read length	90.65
	Total number of reads	180796
	Total number of reads with non-ATGC bases	0
	Percentage of reads with non-ATGC bases	0.00%
	Total number of bases	16389800
	Total number of HQ bases	16330161
	Percentage of HQ bases	99.64%
	Total number of non-ATGC bases	0
	Percentage of non-ATGC bases	0.00%


Average quality score at each base position of input reads

CDS_212_Gekko_ernstkelleri_Panay_R1.trimmed.fq
36.35	36.64	36.73	36.78	36.65	36.60	36.58	38.85	38.83	38.79	38.73	38.68	38.67	38.67	38.67	38.65	38.65	38.58	38.62	38.54	38.49	38.45	38.45	38.43	38.34	38.22	38.17	38.17	38.12	38.03	38.02	38.00	37.86	37.85	37.76	37.63	37.63	37.55	37.48	37.36	37.33	37.21	37.14	37.09	37.01	37.08	37.08	37.01	36.89	36.79	36.66	36.53	36.39	36.25	36.12	35.93	35.88	35.77	35.58	35.43	35.27	35.09	34.87	34.70	34.49	34.30	34.10	33.89	33.74	32.10	32.77	33.12	33.13	33.08	33.03	32.96	32.87	32.82	32.76	32.68	32.62	32.57	32.53	32.50	32.44	32.37	32.32	32.25	32.18	32.12	32.06	32.04	32.00	31.94	31.30	




Read count (%) per base for different quality score ranges

	CDS_212_Gekko_ernstkelleri_Panay_R1.trimmed.fq
Ranges	0-10	11-20	21-30	31-40
Base
1	0.00	1.09	1.99	96.92
2	0.00	0.52	1.15	98.33
3	0.00	0.38	0.94	98.68
4	0.00	0.30	0.80	98.90
5	0.00	0.32	1.39	98.29
6	0.00	0.38	1.49	98.13
7	0.00	0.44	1.54	98.02
8	0.00	0.43	1.64	97.93
9	0.00	0.49	1.66	97.85
10	0.00	0.51	1.75	97.74
11	0.00	0.53	1.80	97.67
12	0.00	0.56	1.77	97.67
13	0.00	0.56	1.81	97.63
14	0.00	0.56	1.82	97.62
15	0.00	0.55	1.85	97.60
16	0.00	0.54	1.88	97.58
17	0.00	0.62	1.83	97.55
18	0.00	0.63	2.01	97.36
19	0.00	0.52	1.91	97.57
20	0.00	0.64	1.95	97.41
21	0.00	0.68	1.91	97.41
22	0.00	0.60	1.94	97.46
23	0.00	0.55	1.86	97.60
24	0.00	0.47	1.92	97.61
25	0.00	0.47	1.95	97.58
26	0.00	0.48	2.06	97.46
27	0.00	0.47	2.04	97.49
28	0.00	0.40	1.97	97.64
29	0.00	0.36	1.93	97.71
30	0.00	0.38	2.06	97.55
31	0.00	0.36	1.98	97.65
32	0.00	0.38	1.90	97.72
33	0.00	0.42	2.10	97.48
34	0.00	0.40	1.94	97.67
35	0.00	0.39	2.07	97.54
36	0.00	0.40	2.04	97.57
37	0.00	0.34	2.01	97.65
38	0.00	0.34	2.15	97.52
39	0.00	0.35	2.08	97.57
40	0.00	0.37	2.19	97.45
41	0.00	0.37	2.12	97.52
42	0.00	0.37	2.22	97.41
43	0.00	0.36	2.25	97.39
44	0.00	0.36	2.19	97.45
45	0.00	0.36	2.30	97.34
46	0.00	0.27	1.99	97.74
47	0.00	0.25	1.96	97.79
48	0.00	0.25	1.98	97.77
49	0.00	0.26	2.05	97.69
50	0.00	0.28	2.02	97.70
51	0.00	0.28	2.09	97.63
52	0.00	0.26	2.09	97.65
53	0.00	0.27	2.13	97.60
54	0.00	0.24	2.19	97.57
55	0.00	0.23	2.20	97.57
56	0.00	0.27	2.41	97.32
57	0.00	0.22	1.98	97.79
58	0.00	0.21	2.01	97.77
59	0.00	0.26	2.20	97.55
60	0.00	0.24	2.10	97.66
61	0.00	0.23	2.04	97.73
62	0.00	0.20	2.16	97.64
63	0.00	0.22	2.14	97.64
64	0.00	0.22	2.22	97.56
65	0.00	0.23	2.31	97.46
66	0.00	0.21	2.32	97.46
67	0.00	0.24	2.39	97.37
68	0.00	0.31	2.55	97.14
69	0.00	0.21	2.41	97.38
70	0.00	0.36	6.23	93.41
71	0.00	0.23	3.57	96.20
72	0.00	0.20	2.82	96.98
73	0.00	0.23	2.65	97.12
74	0.00	0.21	2.57	97.22
75	0.00	0.19	2.47	97.34
76	0.00	0.22	2.50	97.29
77	0.00	0.23	2.60	97.17
78	0.00	0.19	2.60	97.21
79	0.00	0.22	2.57	97.21
80	0.00	0.24	2.76	97.00
81	0.00	0.23	2.89	96.89
82	0.00	0.26	2.85	96.90
83	0.00	0.26	2.83	96.92
84	0.00	0.24	2.85	96.91
85	0.00	0.27	2.86	96.87
86	0.00	0.29	2.94	96.77
87	0.00	0.27	2.89	96.84
88	0.00	0.27	3.04	96.68
89	0.00	0.34	3.09	96.57
90	0.00	0.34	3.12	96.53
91	0.00	0.37	3.20	96.43
92	0.00	0.36	3.08	96.56
93	0.00	0.35	3.13	96.53
94	0.00	0.38	3.04	96.59
95	0.00	0.65	4.89	94.46




