Parameters
	Library type	Single-end
	Input file	/Volumes/wdhd/users/joaks1/projects/gekgo/data/genomes/msg/plate2/demultiplexed-trimmed/CDS_2967_Cyrtodactylus_sumuroi_Samar_R1.trimmed.fq
	Primer/Adaptor library	NA
	Cut-off read length for HQ	70%
	Cut-off quality score	20
	Only statistics	On
	Number of processes	2


QC statistics
	File name	CDS_2967_Cyrtodactylus_sumuroi_Samar_R1.trimmed.fq
	Total number of reads	422398
	Total number of HQ reads	422110
	Percentage of HQ reads	99.93%
	Total number of bases	38543496
	Total number of bases in HQ reads	38535773
	Total number of HQ bases in HQ reads	38405759
	Percentage of HQ bases in HQ reads	99.66%
	Number of Primer/Adaptor contaminated HQ reads	NA
	Total number of HQ filtered reads	422110
	Percentage of HQ filtered reads	99.93%


Detailed QC statistics
	File name	CDS_2967_Cyrtodactylus_sumuroi_Samar_R1.trimmed.fq
	Minimum read length	8
	Maximum read length	95
	Average read length	91.25
	Total number of reads	422398
	Total number of reads with non-ATGC bases	0
	Percentage of reads with non-ATGC bases	0.00%
	Total number of bases	38543496
	Total number of HQ bases	38410350
	Percentage of HQ bases	99.65%
	Total number of non-ATGC bases	0
	Percentage of non-ATGC bases	0.00%


Average quality score at each base position of input reads

CDS_2967_Cyrtodactylus_sumuroi_Samar_R1.trimmed.fq
36.39	36.68	36.76	36.80	36.66	36.61	36.59	38.87	38.84	38.81	38.74	38.72	38.77	38.76	38.72	38.70	38.68	38.62	38.70	38.63	38.59	38.59	38.60	38.58	38.50	38.41	38.35	38.30	38.30	38.20	38.22	38.18	38.06	38.06	37.99	37.89	37.88	37.84	37.73	37.66	37.62	37.52	37.45	37.37	37.26	37.37	37.37	37.30	37.21	37.11	37.01	36.86	36.76	36.63	36.50	36.37	36.34	36.25	36.10	35.99	35.86	35.71	35.53	35.35	35.19	34.99	34.83	34.67	34.45	32.75	33.44	33.78	33.81	33.72	33.62	33.53	33.44	33.37	33.29	33.23	33.16	33.07	33.02	32.97	32.91	32.86	32.80	32.74	32.69	32.64	32.57	32.53	32.52	32.49	31.87	




Read count (%) per base for different quality score ranges

	CDS_2967_Cyrtodactylus_sumuroi_Samar_R1.trimmed.fq
Ranges	0-10	11-20	21-30	31-40
Base
1	0.00	1.04	1.79	97.17
2	0.00	0.49	1.03	98.49
3	0.00	0.33	0.87	98.79
4	0.00	0.25	0.74	99.01
5	0.00	0.29	1.37	98.34
6	0.00	0.39	1.47	98.15
7	0.00	0.41	1.53	98.06
8	0.00	0.42	1.57	98.01
9	0.00	0.45	1.63	97.93
10	0.00	0.51	1.70	97.79
11	0.00	0.54	1.71	97.75
12	0.00	0.52	1.70	97.78
13	0.00	0.53	1.73	97.74
14	0.00	0.54	1.75	97.71
15	0.00	0.54	1.80	97.66
16	0.00	0.52	1.70	97.77
17	0.00	0.57	1.77	97.66
18	0.00	0.63	1.91	97.46
19	0.00	0.50	1.77	97.73
20	0.00	0.62	1.81	97.57
21	0.00	0.66	1.85	97.50
22	0.00	0.58	1.85	97.57
23	0.00	0.60	1.80	97.60
24	0.00	0.55	1.82	97.63
25	0.00	0.55	1.90	97.54
26	0.00	0.51	2.04	97.45
27	0.00	0.53	2.02	97.45
28	0.00	0.46	1.99	97.55
29	0.00	0.38	1.85	97.76
30	0.00	0.41	2.01	97.58
31	0.00	0.37	1.87	97.75
32	0.00	0.35	1.88	97.78
33	0.00	0.41	1.97	97.62
34	0.00	0.35	1.86	97.79
35	0.00	0.36	1.89	97.75
36	0.00	0.36	1.98	97.67
37	0.00	0.34	1.83	97.83
38	0.00	0.33	1.91	97.76
39	0.00	0.36	1.99	97.65
40	0.00	0.34	2.00	97.66
41	0.00	0.33	1.98	97.69
42	0.00	0.36	2.09	97.54
43	0.00	0.33	2.11	97.56
44	0.00	0.36	2.13	97.51
45	0.00	0.36	2.21	97.42
46	0.00	0.29	1.84	97.86
47	0.00	0.27	1.84	97.89
48	0.00	0.28	1.88	97.84
49	0.00	0.26	1.90	97.84
50	0.00	0.26	1.92	97.82
51	0.00	0.24	1.90	97.86
52	0.00	0.27	2.01	97.73
53	0.00	0.24	1.96	97.80
54	0.00	0.24	2.10	97.66
55	0.00	0.25	2.07	97.68
56	0.00	0.24	2.13	97.63
57	0.00	0.20	1.80	97.99
58	0.00	0.20	1.82	97.99
59	0.00	0.20	1.95	97.84
60	0.00	0.20	1.82	97.98
61	0.00	0.19	1.86	97.95
62	0.00	0.19	1.91	97.90
63	0.00	0.19	1.94	97.87
64	0.00	0.20	2.15	97.65
65	0.00	0.20	1.96	97.83
66	0.00	0.20	2.10	97.69
67	0.00	0.20	2.08	97.71
68	0.00	0.19	2.07	97.73
69	0.00	0.20	2.27	97.54
70	0.00	0.32	5.87	93.80
71	0.00	0.23	3.21	96.56
72	0.00	0.20	2.54	97.26
73	0.00	0.18	2.27	97.55
74	0.00	0.18	2.25	97.57
75	0.00	0.18	2.28	97.55
76	0.00	0.19	2.35	97.46
77	0.00	0.20	2.39	97.42
78	0.00	0.19	2.33	97.48
79	0.00	0.21	2.39	97.40
80	0.00	0.18	2.48	97.34
81	0.00	0.20	2.50	97.30
82	0.00	0.20	2.58	97.22
83	0.00	0.23	2.62	97.15
84	0.00	0.21	2.63	97.15
85	0.00	0.23	2.70	97.07
86	0.00	0.24	2.76	97.00
87	0.00	0.24	2.86	96.90
88	0.00	0.27	2.87	96.87
89	0.00	0.27	2.85	96.88
90	0.00	0.29	3.00	96.71
91	0.00	0.31	3.11	96.57
92	0.00	0.30	3.07	96.62
93	0.00	0.30	3.05	96.65
94	0.00	0.28	2.92	96.80
95	0.00	0.57	4.73	94.70




