Parameters
	Library type	Single-end
	Input file	/Volumes/wdhd/users/joaks1/projects/gekgo/data/genomes/msg/plate2/demultiplexed-trimmed/CDS_4384_Cyrtodactylus_philippinicus_Negros_R1.trimmed.fq
	Primer/Adaptor library	NA
	Cut-off read length for HQ	70%
	Cut-off quality score	20
	Only statistics	On
	Number of processes	2


QC statistics
	File name	CDS_4384_Cyrtodactylus_philippinicus_Negros_R1.trimmed.fq
	Total number of reads	175903
	Total number of HQ reads	175794
	Percentage of HQ reads	99.94%
	Total number of bases	16056278
	Total number of bases in HQ reads	16053172
	Total number of HQ bases in HQ reads	15996320
	Percentage of HQ bases in HQ reads	99.65%
	Number of Primer/Adaptor contaminated HQ reads	NA
	Total number of HQ filtered reads	175794
	Percentage of HQ filtered reads	99.94%


Detailed QC statistics
	File name	CDS_4384_Cyrtodactylus_philippinicus_Negros_R1.trimmed.fq
	Minimum read length	10
	Maximum read length	95
	Average read length	91.28
	Total number of reads	175903
	Total number of reads with non-ATGC bases	0
	Percentage of reads with non-ATGC bases	0.00%
	Total number of bases	16056278
	Total number of HQ bases	15998185
	Percentage of HQ bases	99.64%
	Total number of non-ATGC bases	0
	Percentage of non-ATGC bases	0.00%


Average quality score at each base position of input reads

CDS_4384_Cyrtodactylus_philippinicus_Negros_R1.trimmed.fq
36.32	36.63	36.74	36.79	36.67	36.62	36.61	38.83	38.81	38.78	38.71	38.67	38.74	38.74	38.69	38.70	38.67	38.60	38.65	38.56	38.52	38.53	38.53	38.51	38.45	38.35	38.28	38.24	38.25	38.16	38.18	38.15	38.03	38.01	37.91	37.82	37.80	37.73	37.65	37.58	37.52	37.41	37.32	37.25	37.15	37.36	37.42	37.36	37.28	37.19	37.08	36.94	36.85	36.74	36.64	36.51	36.48	36.38	36.24	36.13	36.02	35.92	35.76	35.58	35.44	35.25	35.11	34.97	34.75	32.94	33.63	34.05	34.08	33.98	33.87	33.74	33.61	33.49	33.39	33.27	33.17	33.09	33.02	32.96	32.86	32.78	32.70	32.63	32.59	32.50	32.44	32.40	32.36	32.32	31.68	




Read count (%) per base for different quality score ranges

	CDS_4384_Cyrtodactylus_philippinicus_Negros_R1.trimmed.fq
Ranges	0-10	11-20	21-30	31-40
Base
1	0.00	1.22	1.91	96.87
2	0.00	0.60	1.09	98.31
3	0.00	0.37	0.88	98.74
4	0.00	0.27	0.74	98.99
5	0.00	0.28	1.30	98.42
6	0.00	0.36	1.40	98.24
7	0.00	0.37	1.40	98.23
8	0.00	0.42	1.47	98.11
9	0.00	0.41	1.54	98.04
10	0.00	0.47	1.62	97.92
11	0.00	0.47	1.69	97.84
12	0.00	0.52	1.66	97.83
13	0.00	0.51	1.66	97.83
14	0.00	0.50	1.70	97.79
15	0.00	0.51	1.79	97.71
16	0.00	0.49	1.66	97.85
17	0.00	0.57	1.76	97.67
18	0.00	0.59	1.88	97.53
19	0.00	0.52	1.75	97.73
20	0.00	0.64	1.84	97.52
21	0.00	0.64	1.86	97.51
22	0.00	0.59	1.76	97.65
23	0.00	0.56	1.87	97.57
24	0.00	0.57	1.83	97.60
25	0.00	0.58	1.92	97.50
26	0.00	0.58	2.05	97.37
27	0.00	0.65	2.12	97.23
28	0.00	0.56	2.03	97.42
29	0.00	0.48	1.89	97.63
30	0.00	0.48	2.03	97.49
31	0.00	0.44	1.93	97.63
32	0.00	0.39	1.94	97.66
33	0.00	0.45	2.05	97.50
34	0.00	0.38	1.88	97.73
35	0.00	0.42	2.01	97.58
36	0.00	0.39	2.08	97.54
37	0.00	0.36	1.96	97.68
38	0.00	0.38	2.05	97.57
39	0.00	0.37	2.03	97.59
40	0.00	0.34	2.08	97.58
41	0.00	0.36	2.03	97.61
42	0.00	0.42	2.18	97.40
43	0.00	0.39	2.22	97.39
44	0.00	0.38	2.22	97.40
45	0.00	0.38	2.37	97.25
46	0.00	0.29	1.82	97.88
47	0.00	0.25	1.71	98.04
48	0.00	0.30	1.76	97.94
49	0.00	0.25	1.77	97.97
50	0.00	0.27	1.80	97.93
51	0.00	0.27	1.80	97.93
52	0.00	0.26	1.88	97.86
53	0.00	0.25	1.83	97.92
54	0.00	0.24	1.87	97.89
55	0.00	0.22	1.87	97.90
56	0.00	0.24	1.91	97.84
57	0.00	0.20	1.69	98.11
58	0.00	0.21	1.75	98.04
59	0.00	0.23	1.98	97.79
60	0.00	0.21	1.94	97.85
61	0.00	0.21	1.87	97.92
62	0.00	0.20	1.83	97.97
63	0.00	0.18	1.87	97.95
64	0.00	0.21	2.28	97.51
65	0.00	0.19	1.95	97.86
66	0.00	0.20	2.11	97.69
67	0.00	0.20	2.13	97.67
68	0.00	0.21	2.05	97.75
69	0.00	0.25	2.41	97.34
70	0.00	0.35	5.80	93.85
71	0.00	0.25	3.11	96.64
72	0.00	0.19	2.45	97.36
73	0.00	0.20	2.30	97.50
74	0.00	0.18	2.30	97.52
75	0.00	0.18	2.24	97.58
76	0.00	0.20	2.34	97.45
77	0.00	0.21	2.37	97.43
78	0.00	0.20	2.40	97.40
79	0.00	0.18	2.44	97.37
80	0.00	0.22	2.62	97.17
81	0.00	0.23	2.69	97.08
82	0.00	0.21	2.75	97.03
83	0.00	0.24	2.70	97.05
84	0.00	0.23	2.76	97.01
85	0.00	0.26	2.91	96.83
86	0.00	0.27	3.03	96.70
87	0.00	0.26	3.06	96.67
88	0.00	0.25	3.11	96.64
89	0.00	0.30	2.99	96.70
90	0.00	0.31	3.23	96.46
91	0.00	0.31	3.21	96.49
92	0.00	0.31	3.23	96.46
93	0.00	0.34	3.27	96.39
94	0.00	0.29	3.32	96.39
95	0.00	0.64	5.18	94.18




