Parameters
	Library type	Single-end
	Input file	/Volumes/wdhd/users/joaks1/projects/gekgo/data/genomes/msg/plate2/demultiplexed-trimmed/CDS_55_Gekko_gigante_SouthGigante_R1.trimmed.fq
	Primer/Adaptor library	NA
	Cut-off read length for HQ	70%
	Cut-off quality score	20
	Only statistics	On
	Number of processes	2


QC statistics
	File name	CDS_55_Gekko_gigante_SouthGigante_R1.trimmed.fq
	Total number of reads	638717
	Total number of HQ reads	638362
	Percentage of HQ reads	99.94%
	Total number of bases	58171842
	Total number of bases in HQ reads	58162145
	Total number of HQ bases in HQ reads	57966551
	Percentage of HQ bases in HQ reads	99.66%
	Number of Primer/Adaptor contaminated HQ reads	NA
	Total number of HQ filtered reads	638362
	Percentage of HQ filtered reads	99.94%


Detailed QC statistics
	File name	CDS_55_Gekko_gigante_SouthGigante_R1.trimmed.fq
	Minimum read length	8
	Maximum read length	95
	Average read length	91.08
	Total number of reads	638717
	Total number of reads with non-ATGC bases	0
	Percentage of reads with non-ATGC bases	0.00%
	Total number of bases	58171842
	Total number of HQ bases	57972483
	Percentage of HQ bases	99.66%
	Total number of non-ATGC bases	0
	Percentage of non-ATGC bases	0.00%


Average quality score at each base position of input reads

CDS_55_Gekko_gigante_SouthGigante_R1.trimmed.fq
35.77	36.62	36.75	36.80	36.67	36.63	36.61	38.89	38.89	38.84	38.79	38.66	38.73	38.74	38.74	38.71	38.72	38.66	38.72	38.64	38.59	38.59	38.57	38.56	38.49	38.38	38.31	38.31	38.27	38.16	38.17	38.17	38.03	38.03	37.95	37.78	37.81	37.69	37.64	37.50	37.53	37.43	37.37	37.31	37.22	37.31	37.32	37.26	37.15	37.05	36.94	36.80	36.70	36.60	36.46	36.28	36.24	36.14	36.00	35.84	35.67	35.49	35.31	35.13	34.92	34.74	34.57	34.38	34.18	32.46	33.17	33.52	33.51	33.45	33.39	33.31	33.23	33.17	33.10	33.04	32.97	32.92	32.88	32.83	32.77	32.72	32.65	32.59	32.54	32.47	32.42	32.39	32.33	32.28	31.66	




Read count (%) per base for different quality score ranges

	CDS_55_Gekko_gigante_SouthGigante_R1.trimmed.fq
Ranges	0-10	11-20	21-30	31-40
Base
1	0.00	1.35	2.38	96.26
2	0.00	0.51	1.19	98.31
3	0.00	0.32	0.90	98.78
4	0.00	0.25	0.76	98.99
5	0.00	0.28	1.28	98.44
6	0.00	0.36	1.38	98.26
7	0.00	0.39	1.43	98.18
8	0.00	0.43	1.49	98.09
9	0.00	0.43	1.51	98.06
10	0.00	0.46	1.64	97.90
11	0.00	0.46	1.65	97.89
12	0.00	0.55	1.77	97.68
13	0.00	0.54	1.72	97.74
14	0.00	0.51	1.71	97.78
15	0.00	0.51	1.70	97.79
16	0.00	0.50	1.67	97.84
17	0.00	0.55	1.73	97.72
18	0.00	0.60	1.84	97.56
19	0.00	0.50	1.78	97.72
20	0.00	0.62	1.80	97.58
21	0.00	0.61	1.85	97.54
22	0.00	0.53	1.77	97.70
23	0.00	0.53	1.81	97.66
24	0.00	0.48	1.82	97.70
25	0.00	0.47	1.85	97.68
26	0.00	0.45	1.94	97.61
27	0.00	0.47	1.94	97.59
28	0.00	0.38	1.88	97.74
29	0.00	0.36	1.79	97.85
30	0.00	0.38	1.92	97.71
31	0.00	0.36	1.87	97.77
32	0.00	0.33	1.82	97.84
33	0.00	0.40	1.92	97.68
34	0.00	0.33	1.80	97.87
35	0.00	0.35	1.87	97.78
36	0.00	0.37	2.04	97.59
37	0.00	0.34	1.90	97.76
38	0.00	0.36	1.96	97.68
39	0.00	0.34	1.96	97.69
40	0.00	0.37	2.07	97.56
41	0.00	0.33	1.93	97.73
42	0.00	0.34	2.03	97.63
43	0.00	0.33	2.09	97.57
44	0.00	0.33	2.08	97.59
45	0.00	0.34	2.17	97.50
46	0.00	0.28	1.84	97.88
47	0.00	0.26	1.80	97.95
48	0.00	0.26	1.83	97.90
49	0.00	0.25	1.89	97.86
50	0.00	0.26	1.90	97.84
51	0.00	0.25	1.92	97.83
52	0.00	0.25	1.96	97.79
53	0.00	0.24	2.01	97.75
54	0.00	0.23	1.97	97.80
55	0.00	0.24	2.03	97.74
56	0.00	0.25	2.19	97.56
57	0.00	0.21	1.79	98.00
58	0.00	0.20	1.80	98.00
59	0.00	0.21	1.87	97.92
60	0.00	0.21	1.90	97.89
61	0.00	0.21	1.91	97.88
62	0.00	0.22	2.02	97.76
63	0.00	0.20	1.99	97.80
64	0.00	0.20	1.97	97.83
65	0.00	0.20	2.09	97.72
66	0.00	0.19	2.13	97.68
67	0.00	0.20	2.15	97.65
68	0.00	0.22	2.20	97.58
69	0.00	0.21	2.22	97.57
70	0.00	0.32	6.03	93.65
71	0.00	0.23	3.32	96.45
72	0.00	0.20	2.62	97.17
73	0.00	0.21	2.47	97.32
74	0.00	0.20	2.45	97.35
75	0.00	0.17	2.29	97.53
76	0.00	0.20	2.36	97.43
77	0.00	0.22	2.46	97.32
78	0.00	0.19	2.46	97.35
79	0.00	0.21	2.46	97.33
80	0.00	0.21	2.55	97.24
81	0.00	0.21	2.72	97.08
82	0.00	0.22	2.67	97.10
83	0.00	0.21	2.68	97.11
84	0.00	0.23	2.71	97.06
85	0.00	0.24	2.76	97.00
86	0.00	0.26	2.77	96.97
87	0.00	0.28	2.90	96.82
88	0.00	0.27	2.90	96.83
89	0.00	0.29	2.93	96.78
90	0.00	0.31	3.03	96.66
91	0.00	0.32	3.05	96.64
92	0.00	0.32	2.98	96.70
93	0.00	0.34	3.01	96.66
94	0.00	0.33	3.02	96.65
95	0.00	0.61	4.72	94.67




