Parameters
	Library type	Single-end
	Input file	/Volumes/wdhd/users/joaks1/projects/gekgo/data/genomes/msg/plate2/demultiplexed-trimmed/CDS_3936_Gekko_mindorensis_Lubang_R1.trimmed.fq
	Primer/Adaptor library	NA
	Cut-off read length for HQ	70%
	Cut-off quality score	20
	Only statistics	On
	Number of processes	2


QC statistics
	File name	CDS_3936_Gekko_mindorensis_Lubang_R1.trimmed.fq
	Total number of reads	337375
	Total number of HQ reads	337151
	Percentage of HQ reads	99.93%
	Total number of bases	30842773
	Total number of bases in HQ reads	30835917
	Total number of HQ bases in HQ reads	30737567
	Percentage of HQ bases in HQ reads	99.68%
	Number of Primer/Adaptor contaminated HQ reads	NA
	Total number of HQ filtered reads	337151
	Percentage of HQ filtered reads	99.93%


Detailed QC statistics
	File name	CDS_3936_Gekko_mindorensis_Lubang_R1.trimmed.fq
	Minimum read length	9
	Maximum read length	95
	Average read length	91.42
	Total number of reads	337375
	Total number of reads with non-ATGC bases	0
	Percentage of reads with non-ATGC bases	0.00%
	Total number of bases	30842773
	Total number of HQ bases	30741722
	Percentage of HQ bases	99.67%
	Total number of non-ATGC bases	0
	Percentage of non-ATGC bases	0.00%


Average quality score at each base position of input reads

CDS_3936_Gekko_mindorensis_Lubang_R1.trimmed.fq
36.52	36.72	36.79	36.84	36.70	36.67	36.65	38.88	38.91	38.92	38.89	38.76	38.85	38.87	38.87	38.82	38.81	38.76	38.82	38.71	38.69	38.68	38.64	38.64	38.59	38.51	38.47	38.47	38.46	38.37	38.37	38.35	38.22	38.21	38.14	38.02	38.02	37.88	37.83	37.72	37.74	37.68	37.61	37.57	37.45	37.51	37.55	37.51	37.43	37.34	37.20	37.09	37.01	36.91	36.81	36.64	36.61	36.53	36.45	36.33	36.21	36.06	35.91	35.77	35.60	35.46	35.31	35.15	34.94	33.13	33.88	34.28	34.29	34.21	34.10	33.94	33.80	33.69	33.60	33.51	33.43	33.35	33.29	33.21	33.15	33.09	33.00	32.94	32.89	32.83	32.79	32.74	32.71	32.64	32.03	




Read count (%) per base for different quality score ranges

	CDS_3936_Gekko_mindorensis_Lubang_R1.trimmed.fq
Ranges	0-10	11-20	21-30	31-40
Base
1	0.00	0.95	1.39	97.66
2	0.00	0.44	0.84	98.72
3	0.00	0.32	0.68	98.99
4	0.00	0.22	0.58	99.20
5	0.00	0.25	1.16	98.60
6	0.00	0.31	1.23	98.46
7	0.00	0.35	1.29	98.36
8	0.00	0.41	1.42	98.17
9	0.00	0.39	1.37	98.23
10	0.00	0.42	1.48	98.10
11	0.00	0.43	1.43	98.15
12	0.00	0.49	1.58	97.92
13	0.00	0.50	1.58	97.92
14	0.00	0.48	1.57	97.95
15	0.00	0.46	1.55	97.98
16	0.00	0.47	1.56	97.98
17	0.00	0.53	1.55	97.92
18	0.00	0.57	1.66	97.77
19	0.00	0.47	1.55	97.99
20	0.00	0.62	1.66	97.73
21	0.00	0.60	1.67	97.72
22	0.00	0.59	1.60	97.81
23	0.00	0.59	1.67	97.74
24	0.00	0.56	1.66	97.79
25	0.00	0.57	1.64	97.79
26	0.00	0.59	1.80	97.61
27	0.00	0.59	1.85	97.56
28	0.00	0.50	1.79	97.71
29	0.00	0.43	1.68	97.88
30	0.00	0.45	1.78	97.76
31	0.00	0.42	1.74	97.84
32	0.00	0.36	1.64	98.00
33	0.00	0.39	1.81	97.80
34	0.00	0.34	1.68	97.98
35	0.00	0.33	1.76	97.91
36	0.00	0.35	1.80	97.85
37	0.00	0.33	1.70	97.97
38	0.00	0.33	1.79	97.88
39	0.00	0.33	1.83	97.85
40	0.00	0.35	1.85	97.80
41	0.00	0.32	1.75	97.93
42	0.00	0.33	1.81	97.87
43	0.00	0.31	1.81	97.88
44	0.00	0.31	1.77	97.92
45	0.00	0.36	1.91	97.73
46	0.00	0.29	1.61	98.10
47	0.00	0.24	1.55	98.22
48	0.00	0.25	1.55	98.20
49	0.00	0.22	1.56	98.22
50	0.00	0.24	1.59	98.17
51	0.00	0.23	1.67	98.09
52	0.00	0.22	1.76	98.03
53	0.00	0.22	1.79	97.99
54	0.00	0.21	1.76	98.03
55	0.00	0.22	1.76	98.02
56	0.00	0.24	1.95	97.80
57	0.00	0.20	1.65	98.15
58	0.00	0.20	1.64	98.17
59	0.00	0.18	1.66	98.16
60	0.00	0.20	1.65	98.15
61	0.00	0.19	1.67	98.14
62	0.00	0.19	1.73	98.09
63	0.00	0.18	1.73	98.09
64	0.00	0.19	1.77	98.03
65	0.00	0.20	1.91	97.89
66	0.00	0.19	1.95	97.86
67	0.00	0.19	1.93	97.89
68	0.00	0.18	1.92	97.90
69	0.00	0.19	1.99	97.83
70	0.00	0.31	5.21	94.48
71	0.00	0.20	2.88	96.92
72	0.00	0.19	2.30	97.51
73	0.00	0.19	2.15	97.66
74	0.00	0.17	2.05	97.78
75	0.00	0.17	1.99	97.84
76	0.00	0.18	2.09	97.74
77	0.00	0.19	2.14	97.67
78	0.00	0.16	2.19	97.65
79	0.00	0.18	2.20	97.62
80	0.00	0.18	2.29	97.54
81	0.00	0.20	2.33	97.47
82	0.00	0.22	2.43	97.36
83	0.00	0.20	2.45	97.35
84	0.00	0.22	2.48	97.31
85	0.00	0.22	2.50	97.28
86	0.00	0.23	2.50	97.27
87	0.00	0.26	2.63	97.12
88	0.00	0.26	2.78	96.96
89	0.00	0.26	2.77	96.97
90	0.00	0.27	2.82	96.90
91	0.00	0.26	2.81	96.93
92	0.00	0.28	2.80	96.92
93	0.00	0.26	2.76	96.98
94	0.00	0.29	2.88	96.83
95	0.00	0.49	4.45	95.06




