Parameters
	Library type	Single-end
	Input file	/Volumes/wdhd/users/joaks1/projects/gekgo/data/genomes/msg/plate2/demultiplexed-trimmed/CDS_1550_Cyrtodactylus_philippinicus_Panay_R1.trimmed.fq
	Primer/Adaptor library	NA
	Cut-off read length for HQ	70%
	Cut-off quality score	20
	Only statistics	On
	Number of processes	2


QC statistics
	File name	CDS_1550_Cyrtodactylus_philippinicus_Panay_R1.trimmed.fq
	Total number of reads	922177
	Total number of HQ reads	921646
	Percentage of HQ reads	99.94%
	Total number of bases	84495962
	Total number of bases in HQ reads	84480292
	Total number of HQ bases in HQ reads	84216066
	Percentage of HQ bases in HQ reads	99.69%
	Number of Primer/Adaptor contaminated HQ reads	NA
	Total number of HQ filtered reads	921646
	Percentage of HQ filtered reads	99.94%


Detailed QC statistics
	File name	CDS_1550_Cyrtodactylus_philippinicus_Panay_R1.trimmed.fq
	Minimum read length	9
	Maximum read length	95
	Average read length	91.63
	Total number of reads	922177
	Total number of reads with non-ATGC bases	0
	Percentage of reads with non-ATGC bases	0.00%
	Total number of bases	84495962
	Total number of HQ bases	84225710
	Percentage of HQ bases	99.68%
	Total number of non-ATGC bases	0
	Percentage of non-ATGC bases	0.00%


Average quality score at each base position of input reads

CDS_1550_Cyrtodactylus_philippinicus_Panay_R1.trimmed.fq
36.48	36.74	36.80	36.84	36.70	36.66	36.64	38.99	38.96	38.93	38.86	38.83	38.89	38.89	38.85	38.83	38.81	38.73	38.81	38.74	38.70	38.71	38.72	38.71	38.64	38.55	38.51	38.46	38.49	38.39	38.41	38.37	38.26	38.26	38.18	38.09	38.07	38.04	37.96	37.89	37.85	37.76	37.68	37.61	37.53	37.62	37.62	37.55	37.49	37.39	37.30	37.17	37.08	36.97	36.87	36.74	36.70	36.61	36.48	36.37	36.26	36.13	35.94	35.77	35.63	35.39	35.25	35.11	34.92	33.20	33.90	34.26	34.28	34.18	34.08	33.94	33.83	33.75	33.67	33.58	33.52	33.44	33.37	33.32	33.26	33.20	33.14	33.06	33.04	32.98	32.92	32.89	32.86	32.83	32.23	




Read count (%) per base for different quality score ranges

	CDS_1550_Cyrtodactylus_philippinicus_Panay_R1.trimmed.fq
Ranges	0-10	11-20	21-30	31-40
Base
1	0.00	0.85	1.50	97.65
2	0.00	0.36	0.86	98.79
3	0.00	0.25	0.72	99.03
4	0.00	0.20	0.62	99.18
5	0.00	0.24	1.18	98.58
6	0.00	0.33	1.23	98.44
7	0.00	0.35	1.33	98.32
8	0.00	0.37	1.36	98.27
9	0.00	0.40	1.41	98.19
10	0.00	0.44	1.47	98.09
11	0.00	0.45	1.52	98.03
12	0.00	0.46	1.53	98.01
13	0.00	0.47	1.51	98.02
14	0.00	0.46	1.55	97.99
15	0.00	0.47	1.60	97.93
16	0.00	0.48	1.53	97.99
17	0.00	0.52	1.56	97.92
18	0.00	0.58	1.75	97.67
19	0.00	0.47	1.60	97.93
20	0.00	0.59	1.68	97.73
21	0.00	0.62	1.68	97.70
22	0.00	0.56	1.64	97.80
23	0.00	0.57	1.66	97.77
24	0.00	0.52	1.64	97.84
25	0.00	0.54	1.72	97.74
26	0.00	0.51	1.82	97.67
27	0.00	0.53	1.82	97.65
28	0.00	0.48	1.80	97.72
29	0.00	0.39	1.65	97.96
30	0.00	0.40	1.80	97.80
31	0.00	0.37	1.70	97.93
32	0.00	0.35	1.72	97.94
33	0.00	0.39	1.80	97.81
34	0.00	0.33	1.67	98.00
35	0.00	0.35	1.73	97.92
36	0.00	0.34	1.79	97.86
37	0.00	0.33	1.73	97.94
38	0.00	0.32	1.73	97.95
39	0.00	0.34	1.77	97.90
40	0.00	0.32	1.79	97.88
41	0.00	0.31	1.79	97.89
42	0.00	0.34	1.86	97.81
43	0.00	0.33	1.89	97.78
44	0.00	0.32	1.91	97.77
45	0.00	0.34	1.96	97.70
46	0.00	0.27	1.65	98.08
47	0.00	0.25	1.65	98.09
48	0.00	0.26	1.68	98.06
49	0.00	0.23	1.64	98.13
50	0.00	0.24	1.70	98.06
51	0.00	0.23	1.68	98.09
52	0.00	0.22	1.78	98.00
53	0.00	0.22	1.75	98.03
54	0.00	0.22	1.82	97.96
55	0.00	0.21	1.81	97.98
56	0.00	0.22	1.88	97.90
57	0.00	0.19	1.62	98.19
58	0.00	0.19	1.68	98.13
59	0.00	0.20	1.81	97.99
60	0.00	0.20	1.72	98.09
61	0.00	0.19	1.72	98.09
62	0.00	0.19	1.76	98.05
63	0.00	0.18	1.80	98.02
64	0.00	0.19	2.07	97.75
65	0.00	0.18	1.86	97.96
66	0.00	0.19	1.98	97.83
67	0.00	0.18	1.98	97.84
68	0.00	0.18	1.93	97.89
69	0.00	0.19	2.10	97.70
70	0.00	0.30	5.36	94.34
71	0.00	0.21	2.89	96.90
72	0.00	0.18	2.29	97.53
73	0.00	0.18	2.11	97.70
74	0.00	0.17	2.11	97.71
75	0.00	0.17	2.12	97.71
76	0.00	0.19	2.20	97.61
77	0.00	0.20	2.28	97.53
78	0.00	0.18	2.25	97.57
79	0.00	0.19	2.26	97.55
80	0.00	0.19	2.40	97.40
81	0.00	0.19	2.38	97.43
82	0.00	0.20	2.45	97.34
83	0.00	0.22	2.51	97.28
84	0.00	0.21	2.52	97.27
85	0.00	0.22	2.58	97.20
86	0.00	0.23	2.67	97.11
87	0.00	0.24	2.72	97.04
88	0.00	0.25	2.80	96.95
89	0.00	0.25	2.70	97.05
90	0.00	0.25	2.82	96.93
91	0.00	0.27	2.87	96.86
92	0.00	0.28	2.89	96.83
93	0.00	0.29	2.86	96.85
94	0.00	0.28	2.82	96.90
95	0.00	0.54	4.49	94.97




