Parameters
	Library type	Single-end
	Input file	/Volumes/wdhd/users/joaks1/projects/gekgo/data/genomes/msg/plate2/demultiplexed-trimmed/CDS_46_Gekko_gigante_SouthGigante_R1.trimmed.fq
	Primer/Adaptor library	NA
	Cut-off read length for HQ	70%
	Cut-off quality score	20
	Only statistics	On
	Number of processes	2


QC statistics
	File name	CDS_46_Gekko_gigante_SouthGigante_R1.trimmed.fq
	Total number of reads	904419
	Total number of HQ reads	903940
	Percentage of HQ reads	99.95%
	Total number of bases	82834190
	Total number of bases in HQ reads	82819972
	Total number of HQ bases in HQ reads	82570639
	Percentage of HQ bases in HQ reads	99.70%
	Number of Primer/Adaptor contaminated HQ reads	NA
	Total number of HQ filtered reads	903940
	Percentage of HQ filtered reads	99.95%


Detailed QC statistics
	File name	CDS_46_Gekko_gigante_SouthGigante_R1.trimmed.fq
	Minimum read length	8
	Maximum read length	95
	Average read length	91.59
	Total number of reads	904419
	Total number of reads with non-ATGC bases	0
	Percentage of reads with non-ATGC bases	0.00%
	Total number of bases	82834190
	Total number of HQ bases	82579131
	Percentage of HQ bases	99.69%
	Total number of non-ATGC bases	0
	Percentage of non-ATGC bases	0.00%


Average quality score at each base position of input reads

CDS_46_Gekko_gigante_SouthGigante_R1.trimmed.fq
36.37	36.72	36.81	36.85	36.74	36.69	36.67	38.97	38.97	38.92	38.88	38.74	38.85	38.88	38.89	38.85	38.85	38.78	38.83	38.74	38.70	38.69	38.68	38.67	38.61	38.51	38.46	38.47	38.45	38.35	38.37	38.37	38.24	38.23	38.16	37.99	38.04	37.93	37.90	37.75	37.79	37.69	37.65	37.60	37.51	37.63	37.66	37.61	37.51	37.43	37.33	37.20	37.13	37.04	36.94	36.76	36.76	36.68	36.56	36.43	36.28	36.15	36.00	35.86	35.68	35.52	35.35	35.18	34.99	33.19	33.89	34.27	34.27	34.18	34.08	33.95	33.83	33.72	33.60	33.52	33.43	33.36	33.31	33.24	33.18	33.11	33.03	32.97	32.90	32.84	32.78	32.73	32.67	32.63	32.00	




Read count (%) per base for different quality score ranges

	CDS_46_Gekko_gigante_SouthGigante_R1.trimmed.fq
Ranges	0-10	11-20	21-30	31-40
Base
1	0.00	0.93	1.60	97.46
2	0.00	0.39	0.85	98.76
3	0.00	0.25	0.65	99.10
4	0.00	0.18	0.54	99.28
5	0.00	0.20	1.01	98.78
6	0.00	0.29	1.12	98.58
7	0.00	0.31	1.19	98.50
8	0.00	0.33	1.24	98.43
9	0.00	0.34	1.25	98.41
10	0.00	0.38	1.35	98.27
11	0.00	0.39	1.35	98.27
12	0.00	0.46	1.50	98.05
13	0.00	0.44	1.42	98.14
14	0.00	0.41	1.41	98.18
15	0.00	0.39	1.39	98.22
16	0.00	0.40	1.40	98.20
17	0.00	0.45	1.42	98.13
18	0.00	0.49	1.57	97.93
19	0.00	0.42	1.46	98.12
20	0.00	0.52	1.53	97.95
21	0.00	0.54	1.54	97.92
22	0.00	0.51	1.49	97.99
23	0.00	0.52	1.53	97.95
24	0.00	0.49	1.53	97.98
25	0.00	0.50	1.59	97.91
26	0.00	0.50	1.68	97.82
27	0.00	0.53	1.69	97.78
28	0.00	0.45	1.63	97.92
29	0.00	0.38	1.61	98.00
30	0.00	0.39	1.70	97.92
31	0.00	0.37	1.64	98.00
32	0.00	0.31	1.61	98.08
33	0.00	0.38	1.74	97.88
34	0.00	0.33	1.59	98.08
35	0.00	0.32	1.66	98.02
36	0.00	0.35	1.83	97.81
37	0.00	0.31	1.66	98.03
38	0.00	0.33	1.73	97.94
39	0.00	0.32	1.74	97.94
40	0.00	0.35	1.88	97.77
41	0.00	0.30	1.73	97.97
42	0.00	0.34	1.82	97.84
43	0.00	0.30	1.81	97.89
44	0.00	0.31	1.81	97.88
45	0.00	0.32	1.91	97.76
46	0.00	0.24	1.54	98.22
47	0.00	0.23	1.49	98.28
48	0.00	0.24	1.55	98.21
49	0.00	0.23	1.58	98.19
50	0.00	0.23	1.57	98.20
51	0.00	0.23	1.62	98.14
52	0.00	0.23	1.65	98.11
53	0.00	0.21	1.67	98.12
54	0.00	0.21	1.67	98.12
55	0.00	0.21	1.70	98.09
56	0.00	0.23	1.98	97.79
57	0.00	0.19	1.57	98.24
58	0.00	0.18	1.57	98.25
59	0.00	0.19	1.65	98.16
60	0.00	0.19	1.66	98.16
61	0.00	0.19	1.71	98.10
62	0.00	0.19	1.81	98.00
63	0.00	0.19	1.72	98.09
64	0.00	0.19	1.80	98.02
65	0.00	0.19	1.89	97.92
66	0.00	0.19	1.89	97.92
67	0.00	0.19	1.94	97.87
68	0.00	0.20	1.98	97.83
69	0.00	0.20	1.98	97.82
70	0.00	0.29	5.30	94.42
71	0.00	0.21	2.95	96.84
72	0.00	0.20	2.36	97.44
73	0.00	0.20	2.26	97.54
74	0.00	0.18	2.18	97.64
75	0.00	0.17	2.07	97.76
76	0.00	0.18	2.10	97.71
77	0.00	0.20	2.24	97.56
78	0.00	0.17	2.26	97.57
79	0.00	0.19	2.30	97.50
80	0.00	0.19	2.36	97.45
81	0.00	0.20	2.53	97.27
82	0.00	0.22	2.54	97.24
83	0.00	0.20	2.50	97.30
84	0.00	0.23	2.56	97.22
85	0.00	0.22	2.65	97.13
86	0.00	0.25	2.68	97.07
87	0.00	0.27	2.80	96.93
88	0.00	0.25	2.83	96.92
89	0.00	0.28	2.86	96.86
90	0.00	0.28	2.95	96.76
91	0.00	0.29	3.01	96.70
92	0.00	0.30	2.93	96.76
93	0.00	0.30	3.05	96.65
94	0.00	0.30	2.99	96.71
95	0.00	0.55	4.78	94.67




