Parameters
	Library type	Single-end
	Input file	/Volumes/wdhd/users/joaks1/projects/gekgo/data/genomes/msg/plate2/demultiplexed-trimmed/CDS_4342_Cyrtodactylus_philippinicus_Negros_R1.trimmed.fq
	Primer/Adaptor library	NA
	Cut-off read length for HQ	70%
	Cut-off quality score	20
	Only statistics	On
	Number of processes	2


QC statistics
	File name	CDS_4342_Cyrtodactylus_philippinicus_Negros_R1.trimmed.fq
	Total number of reads	44819
	Total number of HQ reads	44751
	Percentage of HQ reads	99.85%
	Total number of bases	4089506
	Total number of bases in HQ reads	4087692
	Total number of HQ bases in HQ reads	4071961
	Percentage of HQ bases in HQ reads	99.62%
	Number of Primer/Adaptor contaminated HQ reads	NA
	Total number of HQ filtered reads	44751
	Percentage of HQ filtered reads	99.85%


Detailed QC statistics
	File name	CDS_4342_Cyrtodactylus_philippinicus_Negros_R1.trimmed.fq
	Minimum read length	10
	Maximum read length	95
	Average read length	91.24
	Total number of reads	44819
	Total number of reads with non-ATGC bases	0
	Percentage of reads with non-ATGC bases	0.00%
	Total number of bases	4089506
	Total number of HQ bases	4073064
	Percentage of HQ bases	99.60%
	Total number of non-ATGC bases	0
	Percentage of non-ATGC bases	0.00%


Average quality score at each base position of input reads

CDS_4342_Cyrtodactylus_philippinicus_Negros_R1.trimmed.fq
34.76	36.36	36.60	36.72	36.63	36.60	36.59	38.88	38.86	38.84	38.78	38.74	38.80	38.78	38.76	38.75	38.70	38.64	38.71	38.64	38.62	38.59	38.59	38.62	38.54	38.46	38.38	38.35	38.30	38.23	38.24	38.24	38.10	38.08	38.01	37.90	37.88	37.86	37.73	37.67	37.59	37.50	37.45	37.40	37.30	37.39	37.39	37.34	37.24	37.14	37.03	36.92	36.84	36.73	36.62	36.48	36.46	36.36	36.24	36.15	36.03	35.91	35.74	35.56	35.41	35.20	35.05	34.93	34.76	33.00	33.71	34.08	34.06	33.96	33.84	33.73	33.62	33.54	33.44	33.35	33.27	33.19	33.12	33.06	32.99	32.91	32.88	32.83	32.76	32.69	32.63	32.59	32.50	32.52	31.93	




Read count (%) per base for different quality score ranges

	CDS_4342_Cyrtodactylus_philippinicus_Negros_R1.trimmed.fq
Ranges	0-10	11-20	21-30	31-40
Base
1	0.00	3.30	3.57	93.13
2	0.00	1.40	1.41	97.19
3	0.00	0.84	1.12	98.05
4	0.00	0.55	0.79	98.67
5	0.00	0.36	1.36	98.28
6	0.00	0.41	1.45	98.14
7	0.00	0.43	1.49	98.07
8	0.00	0.48	1.56	97.96
9	0.00	0.53	1.54	97.93
10	0.00	0.50	1.61	97.88
11	0.00	0.51	1.64	97.85
12	0.00	0.52	1.68	97.80
13	0.00	0.58	1.63	97.79
14	0.00	0.58	1.75	97.67
15	0.00	0.54	1.79	97.67
16	0.00	0.57	1.75	97.68
17	0.00	0.63	1.91	97.45
18	0.00	0.69	1.92	97.38
19	0.00	0.55	1.77	97.69
20	0.00	0.59	1.97	97.44
21	0.00	0.69	1.77	97.54
22	0.00	0.68	1.79	97.54
23	0.00	0.66	1.84	97.50
24	0.00	0.65	1.81	97.54
25	0.00	0.63	1.89	97.48
26	0.00	0.58	2.13	97.29
27	0.00	0.71	2.10	97.19
28	0.00	0.56	1.91	97.53
29	0.00	0.46	1.97	97.56
30	0.00	0.42	1.99	97.59
31	0.00	0.49	1.86	97.65
32	0.00	0.30	1.89	97.81
33	0.00	0.43	1.99	97.57
34	0.00	0.37	1.94	97.69
35	0.00	0.37	1.89	97.74
36	0.00	0.39	1.90	97.71
37	0.00	0.33	1.95	97.71
38	0.00	0.28	1.83	97.89
39	0.00	0.37	1.96	97.67
40	0.00	0.30	2.04	97.67
41	0.00	0.40	2.00	97.60
42	0.00	0.36	2.17	97.47
43	0.00	0.37	2.06	97.57
44	0.00	0.34	1.97	97.69
45	0.00	0.41	2.10	97.49
46	0.00	0.27	1.74	97.99
47	0.00	0.30	1.75	97.96
48	0.00	0.27	1.81	97.92
49	0.00	0.30	1.65	98.05
50	0.00	0.27	1.85	97.88
51	0.00	0.23	1.91	97.86
52	0.00	0.23	1.93	97.84
53	0.00	0.28	1.83	97.89
54	0.00	0.25	1.96	97.79
55	0.00	0.23	1.83	97.94
56	0.00	0.26	1.97	97.77
57	0.00	0.17	1.80	98.03
58	0.00	0.21	1.77	98.03
59	0.00	0.24	1.87	97.89
60	0.00	0.24	1.88	97.88
61	0.00	0.19	1.84	97.97
62	0.00	0.18	1.78	98.04
63	0.00	0.19	1.91	97.90
64	0.00	0.18	2.08	97.75
65	0.00	0.19	1.88	97.93
66	0.00	0.21	2.21	97.58
67	0.00	0.21	2.09	97.70
68	0.00	0.20	1.92	97.87
69	0.00	0.17	2.10	97.73
70	0.00	0.33	5.07	94.61
71	0.00	0.20	2.87	96.93
72	0.00	0.20	2.29	97.51
73	0.00	0.22	2.28	97.49
74	0.00	0.17	2.35	97.48
75	0.00	0.16	2.18	97.66
76	0.00	0.18	2.21	97.61
77	0.00	0.17	2.11	97.72
78	0.00	0.15	2.17	97.69
79	0.00	0.18	2.24	97.58
80	0.00	0.18	2.28	97.53
81	0.00	0.23	2.36	97.41
82	0.00	0.21	2.62	97.17
83	0.00	0.24	2.55	97.21
84	0.00	0.23	2.50	97.27
85	0.00	0.21	2.56	97.23
86	0.00	0.19	2.73	97.09
87	0.00	0.21	2.73	97.05
88	0.00	0.22	2.62	97.16
89	0.00	0.30	2.80	96.90
90	0.00	0.24	2.79	96.97
91	0.00	0.25	2.93	96.82
92	0.00	0.26	2.87	96.87
93	0.00	0.32	3.08	96.60
94	0.00	0.28	2.84	96.88
95	0.00	0.52	4.52	94.96




