Parameters
	Library type	Single-end
	Input file	/Volumes/wdhd/users/joaks1/projects/gekgo/data/genomes/msg/plate2/demultiplexed-trimmed/CDS_3030_Cyrtodactylus_sumuroi_Samar_R1.trimmed.fq
	Primer/Adaptor library	NA
	Cut-off read length for HQ	70%
	Cut-off quality score	20
	Only statistics	On
	Number of processes	2


QC statistics
	File name	CDS_3030_Cyrtodactylus_sumuroi_Samar_R1.trimmed.fq
	Total number of reads	292411
	Total number of HQ reads	292236
	Percentage of HQ reads	99.94%
	Total number of bases	26812541
	Total number of bases in HQ reads	26807621
	Total number of HQ bases in HQ reads	26724052
	Percentage of HQ bases in HQ reads	99.69%
	Number of Primer/Adaptor contaminated HQ reads	NA
	Total number of HQ filtered reads	292236
	Percentage of HQ filtered reads	99.94%


Detailed QC statistics
	File name	CDS_3030_Cyrtodactylus_sumuroi_Samar_R1.trimmed.fq
	Minimum read length	9
	Maximum read length	95
	Average read length	91.69
	Total number of reads	292411
	Total number of reads with non-ATGC bases	0
	Percentage of reads with non-ATGC bases	0.00%
	Total number of bases	26812541
	Total number of HQ bases	26727026
	Percentage of HQ bases	99.68%
	Total number of non-ATGC bases	0
	Percentage of non-ATGC bases	0.00%


Average quality score at each base position of input reads

CDS_3030_Cyrtodactylus_sumuroi_Samar_R1.trimmed.fq
34.85	36.64	36.79	36.84	36.71	36.67	36.65	38.99	38.97	38.94	38.88	38.85	38.92	38.91	38.88	38.87	38.83	38.76	38.84	38.77	38.73	38.74	38.75	38.74	38.67	38.58	38.53	38.50	38.50	38.42	38.43	38.40	38.30	38.30	38.23	38.14	38.14	38.09	37.99	37.92	37.89	37.81	37.73	37.66	37.55	37.65	37.66	37.60	37.52	37.41	37.33	37.20	37.12	37.01	36.89	36.77	36.75	36.67	36.54	36.43	36.31	36.19	36.02	35.86	35.72	35.55	35.39	35.25	35.06	33.33	34.00	34.35	34.36	34.28	34.15	34.03	33.93	33.84	33.75	33.66	33.59	33.52	33.45	33.39	33.32	33.26	33.21	33.15	33.10	33.03	32.96	32.93	32.92	32.88	32.30	




Read count (%) per base for different quality score ranges

	CDS_3030_Cyrtodactylus_sumuroi_Samar_R1.trimmed.fq
Ranges	0-10	11-20	21-30	31-40
Base
1	0.00	1.52	3.09	95.39
2	0.00	0.48	1.00	98.52
3	0.00	0.29	0.71	99.00
4	0.00	0.19	0.58	99.23
5	0.00	0.22	1.13	98.65
6	0.00	0.32	1.23	98.46
7	0.00	0.34	1.27	98.39
8	0.00	0.34	1.25	98.41
9	0.00	0.37	1.36	98.27
10	0.00	0.41	1.42	98.17
11	0.00	0.43	1.45	98.12
12	0.00	0.44	1.45	98.11
13	0.00	0.45	1.44	98.11
14	0.00	0.46	1.46	98.08
15	0.00	0.45	1.53	98.02
16	0.00	0.42	1.44	98.13
17	0.00	0.51	1.51	97.98
18	0.00	0.54	1.66	97.80
19	0.00	0.43	1.51	98.06
20	0.00	0.57	1.57	97.86
21	0.00	0.59	1.56	97.85
22	0.00	0.55	1.56	97.89
23	0.00	0.54	1.56	97.90
24	0.00	0.50	1.60	97.90
25	0.00	0.53	1.64	97.83
26	0.00	0.52	1.73	97.75
27	0.00	0.52	1.75	97.73
28	0.00	0.43	1.71	97.86
29	0.00	0.38	1.59	98.03
30	0.00	0.38	1.73	97.89
31	0.00	0.39	1.63	97.98
32	0.00	0.32	1.69	97.99
33	0.00	0.36	1.73	97.91
34	0.00	0.31	1.62	98.07
35	0.00	0.31	1.65	98.04
36	0.00	0.34	1.68	97.98
37	0.00	0.29	1.65	98.07
38	0.00	0.29	1.67	98.04
39	0.00	0.32	1.69	97.99
40	0.00	0.31	1.75	97.94
41	0.00	0.31	1.74	97.96
42	0.00	0.32	1.80	97.88
43	0.00	0.31	1.82	97.87
44	0.00	0.30	1.88	97.82
45	0.00	0.34	1.91	97.75
46	0.00	0.26	1.58	98.15
47	0.00	0.25	1.58	98.17
48	0.00	0.25	1.61	98.14
49	0.00	0.24	1.65	98.10
50	0.00	0.25	1.64	98.11
51	0.00	0.22	1.63	98.15
52	0.00	0.24	1.69	98.07
53	0.00	0.22	1.70	98.08
54	0.00	0.23	1.78	97.99
55	0.00	0.22	1.80	97.98
56	0.00	0.24	1.82	97.94
57	0.00	0.19	1.51	98.31
58	0.00	0.18	1.60	98.22
59	0.00	0.20	1.72	98.08
60	0.00	0.18	1.69	98.14
61	0.00	0.18	1.66	98.16
62	0.00	0.18	1.66	98.16
63	0.00	0.17	1.71	98.11
64	0.00	0.18	1.85	97.97
65	0.00	0.18	1.79	98.03
66	0.00	0.17	1.83	98.00
67	0.00	0.18	1.88	97.94
68	0.00	0.17	1.81	98.02
69	0.00	0.18	1.94	97.88
70	0.00	0.27	5.08	94.65
71	0.00	0.22	2.83	96.95
72	0.00	0.17	2.25	97.58
73	0.00	0.18	2.09	97.73
74	0.00	0.17	2.00	97.83
75	0.00	0.17	2.05	97.78
76	0.00	0.18	2.16	97.66
77	0.00	0.20	2.18	97.61
78	0.00	0.20	2.20	97.60
79	0.00	0.19	2.19	97.63
80	0.00	0.19	2.31	97.50
81	0.00	0.19	2.29	97.51
82	0.00	0.20	2.38	97.42
83	0.00	0.21	2.43	97.36
84	0.00	0.23	2.45	97.31
85	0.00	0.24	2.53	97.23
86	0.00	0.22	2.69	97.09
87	0.00	0.22	2.64	97.13
88	0.00	0.25	2.73	97.02
89	0.00	0.24	2.74	97.02
90	0.00	0.29	2.80	96.91
91	0.00	0.29	2.95	96.77
92	0.00	0.27	2.95	96.77
93	0.00	0.29	2.80	96.91
94	0.00	0.28	2.84	96.88
95	0.00	0.52	4.33	95.15




