Parameters
	Library type	Single-end
	Input file	/Volumes/wdhd/users/joaks1/projects/gekgo/data/genomes/msg/plate2/demultiplexed-trimmed/CDS_100_Gekko_mindorensis_CamiguinSur_R1.trimmed.fq
	Primer/Adaptor library	NA
	Cut-off read length for HQ	70%
	Cut-off quality score	20
	Only statistics	On
	Number of processes	2


QC statistics
	File name	CDS_100_Gekko_mindorensis_CamiguinSur_R1.trimmed.fq
	Total number of reads	18200109
	Total number of HQ reads	18187701
	Percentage of HQ reads	99.93%
	Total number of bases	1658571952
	Total number of bases in HQ reads	1658226030
	Total number of HQ bases in HQ reads	1652814838
	Percentage of HQ bases in HQ reads	99.67%
	Number of Primer/Adaptor contaminated HQ reads	NA
	Total number of HQ filtered reads	18187701
	Percentage of HQ filtered reads	99.93%


Detailed QC statistics
	File name	CDS_100_Gekko_mindorensis_CamiguinSur_R1.trimmed.fq
	Minimum read length	5
	Maximum read length	95
	Average read length	91.13
	Total number of reads	18200109
	Total number of reads with non-ATGC bases	0
	Percentage of reads with non-ATGC bases	0.00%
	Total number of bases	1658571952
	Total number of HQ bases	1653025999
	Percentage of HQ bases	99.67%
	Total number of non-ATGC bases	0
	Percentage of non-ATGC bases	0.00%


Average quality score at each base position of input reads

CDS_100_Gekko_mindorensis_CamiguinSur_R1.trimmed.fq
36.38	36.69	36.77	36.82	36.68	36.64	36.61	38.82	38.85	38.88	38.87	38.75	38.78	38.80	38.81	38.70	38.74	38.71	38.76	38.64	38.65	38.64	38.57	38.58	38.51	38.43	38.36	38.34	38.33	38.23	38.22	38.17	38.04	38.04	37.99	37.87	37.88	37.77	37.73	37.54	37.52	37.49	37.45	37.40	37.28	37.33	37.35	37.30	37.21	37.11	36.92	36.84	36.75	36.65	36.52	36.31	36.27	36.19	36.07	35.88	35.69	35.51	35.34	35.16	34.94	34.77	34.60	34.45	34.19	32.42	33.23	33.60	33.63	33.59	33.52	33.44	33.37	33.31	33.24	33.18	33.13	33.06	33.01	32.96	32.93	32.86	32.79	32.77	32.72	32.65	32.60	32.58	32.55	32.47	31.84	




Read count (%) per base for different quality score ranges

	CDS_100_Gekko_mindorensis_CamiguinSur_R1.trimmed.fq
Ranges	0-10	11-20	21-30	31-40
Base
1	0.00	1.03	1.75	97.22
2	0.00	0.45	1.02	98.53
3	0.00	0.30	0.82	98.88
4	0.00	0.23	0.70	99.07
5	0.00	0.26	1.30	98.44
6	0.00	0.35	1.37	98.27
7	0.00	0.40	1.47	98.13
8	0.00	0.48	1.61	97.91
9	0.00	0.45	1.55	98.00
10	0.00	0.47	1.60	97.93
11	0.00	0.47	1.63	97.90
12	0.00	0.54	1.73	97.73
13	0.00	0.54	1.71	97.75
14	0.00	0.53	1.71	97.75
15	0.00	0.50	1.70	97.80
16	0.00	0.53	1.73	97.73
17	0.00	0.57	1.74	97.69
18	0.00	0.59	1.85	97.56
19	0.00	0.52	1.78	97.70
20	0.00	0.66	1.85	97.49
21	0.00	0.63	1.80	97.57
22	0.00	0.57	1.76	97.67
23	0.00	0.58	1.85	97.58
24	0.00	0.48	1.78	97.74
25	0.00	0.47	1.84	97.70
26	0.00	0.44	1.89	97.67
27	0.00	0.45	1.93	97.62
28	0.00	0.40	1.82	97.79
29	0.00	0.36	1.75	97.89
30	0.00	0.38	1.86	97.76
31	0.00	0.37	1.79	97.84
32	0.00	0.36	1.80	97.85
33	0.00	0.40	1.90	97.70
34	0.00	0.34	1.81	97.85
35	0.00	0.34	1.80	97.85
36	0.00	0.36	1.89	97.75
37	0.00	0.33	1.82	97.85
38	0.00	0.34	1.87	97.79
39	0.00	0.33	1.87	97.81
40	0.00	0.37	2.07	97.56
41	0.00	0.33	1.94	97.73
42	0.00	0.34	1.98	97.68
43	0.00	0.33	1.94	97.73
44	0.00	0.30	1.96	97.74
45	0.00	0.34	2.15	97.51
46	0.00	0.28	1.78	97.94
47	0.00	0.25	1.76	97.99
48	0.00	0.25	1.80	97.95
49	0.00	0.24	1.84	97.92
50	0.00	0.25	1.86	97.88
51	0.00	0.26	2.01	97.73
52	0.00	0.23	2.01	97.76
53	0.00	0.23	1.99	97.78
54	0.00	0.22	1.97	97.82
55	0.00	0.23	2.00	97.78
56	0.00	0.25	2.17	97.58
57	0.00	0.21	1.84	97.95
58	0.00	0.19	1.76	98.05
59	0.00	0.19	1.81	98.00
60	0.00	0.20	1.83	97.97
61	0.00	0.20	1.88	97.92
62	0.00	0.20	1.91	97.89
63	0.00	0.19	1.88	97.93
64	0.00	0.20	1.96	97.85
65	0.00	0.20	2.03	97.77
66	0.00	0.20	2.10	97.70
67	0.00	0.20	2.11	97.68
68	0.00	0.20	2.11	97.68
69	0.00	0.22	2.25	97.53
70	0.00	0.32	6.51	93.17
71	0.00	0.22	3.21	96.57
72	0.00	0.19	2.53	97.28
73	0.00	0.19	2.32	97.49
74	0.00	0.17	2.21	97.63
75	0.00	0.17	2.13	97.70
76	0.00	0.18	2.21	97.61
77	0.00	0.19	2.29	97.52
78	0.00	0.18	2.30	97.51
79	0.00	0.19	2.34	97.47
80	0.00	0.19	2.42	97.40
81	0.00	0.19	2.46	97.34
82	0.00	0.22	2.51	97.27
83	0.00	0.22	2.58	97.20
84	0.00	0.23	2.60	97.17
85	0.00	0.22	2.56	97.22
86	0.00	0.23	2.63	97.14
87	0.00	0.25	2.73	97.02
88	0.00	0.25	2.63	97.12
89	0.00	0.27	2.70	97.03
90	0.00	0.28	2.77	96.95
91	0.00	0.29	2.79	96.92
92	0.00	0.30	2.75	96.96
93	0.00	0.29	2.78	96.92
94	0.00	0.34	2.93	96.73
95	0.00	0.58	4.44	94.98




