Parameters
	Library type	Single-end
	Input file	/Volumes/wdhd/users/joaks1/projects/gekgo/data/genomes/msg/plate2/demultiplexed-trimmed/CDS_6054_Gekko_mindorensis_Luzon_R1.trimmed.fq
	Primer/Adaptor library	NA
	Cut-off read length for HQ	70%
	Cut-off quality score	20
	Only statistics	On
	Number of processes	2


QC statistics
	File name	CDS_6054_Gekko_mindorensis_Luzon_R1.trimmed.fq
	Total number of reads	724140
	Total number of HQ reads	723625
	Percentage of HQ reads	99.93%
	Total number of bases	66131710
	Total number of bases in HQ reads	66116399
	Total number of HQ bases in HQ reads	65897904
	Percentage of HQ bases in HQ reads	99.67%
	Number of Primer/Adaptor contaminated HQ reads	NA
	Total number of HQ filtered reads	723625
	Percentage of HQ filtered reads	99.93%


Detailed QC statistics
	File name	CDS_6054_Gekko_mindorensis_Luzon_R1.trimmed.fq
	Minimum read length	7
	Maximum read length	95
	Average read length	91.32
	Total number of reads	724140
	Total number of reads with non-ATGC bases	0
	Percentage of reads with non-ATGC bases	0.00%
	Total number of bases	66131710
	Total number of HQ bases	65907311
	Percentage of HQ bases	99.66%
	Total number of non-ATGC bases	0
	Percentage of non-ATGC bases	0.00%


Average quality score at each base position of input reads

CDS_6054_Gekko_mindorensis_Luzon_R1.trimmed.fq
36.45	36.72	36.80	36.84	36.70	36.65	36.63	38.85	38.88	38.88	38.85	38.74	38.82	38.84	38.84	38.77	38.78	38.72	38.78	38.68	38.66	38.64	38.60	38.60	38.55	38.47	38.42	38.43	38.41	38.31	38.31	38.27	38.14	38.15	38.08	37.96	37.97	37.85	37.81	37.67	37.69	37.62	37.55	37.50	37.37	37.44	37.47	37.43	37.36	37.26	37.12	37.00	36.90	36.81	36.71	36.55	36.50	36.44	36.33	36.20	36.07	35.94	35.77	35.64	35.46	35.29	35.14	34.98	34.77	32.95	33.69	34.10	34.10	34.02	33.91	33.75	33.65	33.54	33.45	33.37	33.31	33.22	33.17	33.09	33.04	32.98	32.90	32.85	32.78	32.71	32.68	32.63	32.60	32.52	31.90	




Read count (%) per base for different quality score ranges

	CDS_6054_Gekko_mindorensis_Luzon_R1.trimmed.fq
Ranges	0-10	11-20	21-30	31-40
Base
1	0.00	0.94	1.55	97.50
2	0.00	0.41	0.89	98.70
3	0.00	0.28	0.71	99.01
4	0.00	0.21	0.59	99.20
5	0.00	0.25	1.18	98.57
6	0.00	0.34	1.29	98.37
7	0.00	0.38	1.37	98.25
8	0.00	0.43	1.49	98.09
9	0.00	0.42	1.44	98.14
10	0.00	0.45	1.56	97.99
11	0.00	0.46	1.52	98.02
12	0.00	0.52	1.66	97.82
13	0.00	0.52	1.61	97.87
14	0.00	0.51	1.63	97.86
15	0.00	0.48	1.59	97.93
16	0.00	0.51	1.62	97.87
17	0.00	0.54	1.63	97.83
18	0.00	0.58	1.76	97.65
19	0.00	0.49	1.67	97.84
20	0.00	0.64	1.73	97.62
21	0.00	0.65	1.68	97.67
22	0.00	0.63	1.70	97.68
23	0.00	0.61	1.78	97.61
24	0.00	0.58	1.73	97.69
25	0.00	0.58	1.76	97.66
26	0.00	0.58	1.87	97.55
27	0.00	0.62	1.88	97.51
28	0.00	0.51	1.79	97.70
29	0.00	0.44	1.74	97.82
30	0.00	0.44	1.87	97.70
31	0.00	0.41	1.79	97.80
32	0.00	0.36	1.78	97.85
33	0.00	0.40	1.88	97.71
34	0.00	0.34	1.78	97.88
35	0.00	0.36	1.79	97.85
36	0.00	0.37	1.90	97.72
37	0.00	0.33	1.80	97.87
38	0.00	0.35	1.87	97.79
39	0.00	0.35	1.85	97.81
40	0.00	0.38	1.97	97.64
41	0.00	0.33	1.83	97.84
42	0.00	0.33	1.87	97.80
43	0.00	0.33	1.87	97.80
44	0.00	0.31	1.88	97.81
45	0.00	0.37	2.04	97.59
46	0.00	0.29	1.71	98.01
47	0.00	0.27	1.67	98.06
48	0.00	0.25	1.65	98.10
49	0.00	0.25	1.64	98.11
50	0.00	0.26	1.70	98.05
51	0.00	0.26	1.76	97.98
52	0.00	0.23	1.90	97.87
53	0.00	0.24	1.91	97.85
54	0.00	0.21	1.88	97.91
55	0.00	0.22	1.85	97.93
56	0.00	0.25	2.00	97.75
57	0.00	0.21	1.71	98.07
58	0.00	0.20	1.67	98.13
59	0.00	0.20	1.76	98.04
60	0.00	0.20	1.76	98.04
61	0.00	0.19	1.76	98.04
62	0.00	0.20	1.83	97.96
63	0.00	0.19	1.82	97.98
64	0.00	0.19	1.88	97.93
65	0.00	0.19	1.96	97.85
66	0.00	0.19	2.07	97.74
67	0.00	0.20	1.97	97.83
68	0.00	0.19	1.99	97.82
69	0.00	0.20	2.06	97.74
70	0.00	0.32	5.52	94.17
71	0.00	0.23	2.99	96.78
72	0.00	0.19	2.38	97.44
73	0.00	0.20	2.29	97.52
74	0.00	0.18	2.21	97.61
75	0.00	0.17	2.06	97.77
76	0.00	0.19	2.22	97.60
77	0.00	0.20	2.23	97.58
78	0.00	0.19	2.28	97.53
79	0.00	0.20	2.35	97.45
80	0.00	0.19	2.41	97.40
81	0.00	0.19	2.44	97.37
82	0.00	0.22	2.49	97.28
83	0.00	0.21	2.55	97.23
84	0.00	0.22	2.62	97.16
85	0.00	0.22	2.60	97.18
86	0.00	0.23	2.67	97.11
87	0.00	0.25	2.72	97.03
88	0.00	0.25	2.79	96.96
89	0.00	0.26	2.83	96.91
90	0.00	0.28	2.93	96.78
91	0.00	0.28	2.88	96.85
92	0.00	0.29	2.89	96.82
93	0.00	0.28	2.90	96.83
94	0.00	0.31	3.05	96.65
95	0.00	0.53	4.66	94.80




