Parameters
	Library type	Single-end
	Input file	/Volumes/wdhd/users/joaks1/projects/gekgo/data/genomes/msg/plate2/demultiplexed-trimmed/CDS_6047_Gekko_mindorensis_Luzon_R1.trimmed.fq
	Primer/Adaptor library	NA
	Cut-off read length for HQ	70%
	Cut-off quality score	20
	Only statistics	On
	Number of processes	2


QC statistics
	File name	CDS_6047_Gekko_mindorensis_Luzon_R1.trimmed.fq
	Total number of reads	1555753
	Total number of HQ reads	1554575
	Percentage of HQ reads	99.92%
	Total number of bases	142313114
	Total number of bases in HQ reads	142277632
	Total number of HQ bases in HQ reads	141822085
	Percentage of HQ bases in HQ reads	99.68%
	Number of Primer/Adaptor contaminated HQ reads	NA
	Total number of HQ filtered reads	1554575
	Percentage of HQ filtered reads	99.92%


Detailed QC statistics
	File name	CDS_6047_Gekko_mindorensis_Luzon_R1.trimmed.fq
	Minimum read length	5
	Maximum read length	95
	Average read length	91.48
	Total number of reads	1555753
	Total number of reads with non-ATGC bases	0
	Percentage of reads with non-ATGC bases	0.00%
	Total number of bases	142313114
	Total number of HQ bases	141843686
	Percentage of HQ bases	99.67%
	Total number of non-ATGC bases	0
	Percentage of non-ATGC bases	0.00%


Average quality score at each base position of input reads

CDS_6047_Gekko_mindorensis_Luzon_R1.trimmed.fq
35.73	36.72	36.81	36.84	36.70	36.67	36.65	38.91	38.93	38.94	38.91	38.80	38.87	38.90	38.91	38.84	38.85	38.79	38.85	38.75	38.73	38.71	38.67	38.67	38.62	38.53	38.49	38.50	38.49	38.40	38.40	38.36	38.24	38.24	38.18	38.06	38.06	37.95	37.90	37.77	37.78	37.72	37.65	37.61	37.50	37.56	37.58	37.55	37.47	37.38	37.24	37.13	37.04	36.96	36.87	36.71	36.67	36.60	36.51	36.39	36.26	36.13	35.97	35.83	35.66	35.50	35.36	35.20	35.00	33.19	33.94	34.34	34.34	34.25	34.15	33.99	33.86	33.76	33.65	33.57	33.50	33.43	33.37	33.30	33.25	33.17	33.10	33.06	33.00	32.93	32.89	32.85	32.82	32.74	32.13	




Read count (%) per base for different quality score ranges

	CDS_6047_Gekko_mindorensis_Luzon_R1.trimmed.fq
Ranges	0-10	11-20	21-30	31-40
Base
1	0.00	1.10	1.98	96.93
2	0.00	0.38	0.86	98.76
3	0.00	0.26	0.66	99.08
4	0.00	0.19	0.59	99.21
5	0.00	0.24	1.16	98.59
6	0.00	0.33	1.23	98.44
7	0.00	0.36	1.29	98.36
8	0.00	0.42	1.40	98.18
9	0.00	0.40	1.37	98.23
10	0.00	0.44	1.47	98.10
11	0.00	0.45	1.45	98.10
12	0.00	0.50	1.54	97.96
13	0.00	0.51	1.54	97.95
14	0.00	0.50	1.53	97.96
15	0.00	0.47	1.53	98.00
16	0.00	0.50	1.52	97.99
17	0.00	0.54	1.55	97.91
18	0.00	0.58	1.65	97.77
19	0.00	0.49	1.57	97.95
20	0.00	0.64	1.62	97.74
21	0.00	0.64	1.62	97.73
22	0.00	0.62	1.60	97.78
23	0.00	0.63	1.64	97.72
24	0.00	0.57	1.64	97.79
25	0.00	0.59	1.67	97.75
26	0.00	0.58	1.77	97.64
27	0.00	0.62	1.78	97.60
28	0.00	0.53	1.71	97.76
29	0.00	0.45	1.62	97.93
30	0.00	0.45	1.74	97.81
31	0.00	0.43	1.69	97.89
32	0.00	0.37	1.67	97.96
33	0.00	0.40	1.75	97.85
34	0.00	0.34	1.66	98.00
35	0.00	0.34	1.66	98.00
36	0.00	0.35	1.75	97.90
37	0.00	0.32	1.66	98.02
38	0.00	0.33	1.73	97.94
39	0.00	0.32	1.71	97.97
40	0.00	0.34	1.80	97.85
41	0.00	0.31	1.71	97.98
42	0.00	0.33	1.72	97.95
43	0.00	0.32	1.76	97.92
44	0.00	0.30	1.72	97.99
45	0.00	0.32	1.85	97.83
46	0.00	0.27	1.53	98.20
47	0.00	0.24	1.52	98.24
48	0.00	0.24	1.50	98.26
49	0.00	0.22	1.51	98.27
50	0.00	0.25	1.55	98.20
51	0.00	0.24	1.65	98.11
52	0.00	0.22	1.75	98.03
53	0.00	0.22	1.75	98.02
54	0.00	0.21	1.72	98.07
55	0.00	0.21	1.68	98.10
56	0.00	0.22	1.83	97.95
57	0.00	0.20	1.57	98.24
58	0.00	0.18	1.54	98.28
59	0.00	0.19	1.61	98.20
60	0.00	0.19	1.61	98.20
61	0.00	0.19	1.63	98.18
62	0.00	0.19	1.69	98.12
63	0.00	0.19	1.68	98.14
64	0.00	0.20	1.75	98.05
65	0.00	0.19	1.82	97.99
66	0.00	0.19	1.89	97.92
67	0.00	0.19	1.84	97.97
68	0.00	0.19	1.83	97.97
69	0.00	0.17	1.89	97.93
70	0.00	0.29	5.19	94.52
71	0.00	0.21	2.78	97.01
72	0.00	0.18	2.25	97.57
73	0.00	0.18	2.11	97.71
74	0.00	0.17	2.07	97.77
75	0.00	0.17	1.95	97.89
76	0.00	0.18	2.08	97.74
77	0.00	0.19	2.10	97.71
78	0.00	0.17	2.14	97.69
79	0.00	0.19	2.20	97.60
80	0.00	0.18	2.26	97.56
81	0.00	0.18	2.30	97.51
82	0.00	0.21	2.36	97.43
83	0.00	0.20	2.38	97.42
84	0.00	0.21	2.44	97.36
85	0.00	0.21	2.44	97.34
86	0.00	0.22	2.52	97.26
87	0.00	0.23	2.57	97.20
88	0.00	0.23	2.60	97.17
89	0.00	0.25	2.63	97.12
90	0.00	0.26	2.72	97.01
91	0.00	0.26	2.71	97.03
92	0.00	0.26	2.72	97.02
93	0.00	0.26	2.71	97.03
94	0.00	0.29	2.85	96.86
95	0.00	0.52	4.44	95.04




