Parameters
	Library type	Single-end
	Input file	/Volumes/wdhd/users/joaks1/projects/gekgo/data/genomes/msg/plate2/demultiplexed-trimmed/CDS_156_Gekko_ernstkelleri_Panay_R1.trimmed.fq
	Primer/Adaptor library	NA
	Cut-off read length for HQ	70%
	Cut-off quality score	20
	Only statistics	On
	Number of processes	2


QC statistics
	File name	CDS_156_Gekko_ernstkelleri_Panay_R1.trimmed.fq
	Total number of reads	1859
	Total number of HQ reads	1851
	Percentage of HQ reads	99.57%
	Total number of bases	164171
	Total number of bases in HQ reads	163974
	Total number of HQ bases in HQ reads	163219
	Percentage of HQ bases in HQ reads	99.54%
	Number of Primer/Adaptor contaminated HQ reads	NA
	Total number of HQ filtered reads	1851
	Percentage of HQ filtered reads	99.57%


Detailed QC statistics
	File name	CDS_156_Gekko_ernstkelleri_Panay_R1.trimmed.fq
	Minimum read length	18
	Maximum read length	95
	Average read length	88.31
	Total number of reads	1859
	Total number of reads with non-ATGC bases	0
	Percentage of reads with non-ATGC bases	0.00%
	Total number of bases	164171
	Total number of HQ bases	163311
	Percentage of HQ bases	99.48%
	Total number of non-ATGC bases	0
	Percentage of non-ATGC bases	0.00%


Average quality score at each base position of input reads

CDS_156_Gekko_ernstkelleri_Panay_R1.trimmed.fq
36.13	36.50	36.61	36.70	36.50	36.49	36.50	38.66	38.73	38.60	38.57	38.57	38.63	38.60	38.51	38.54	38.49	38.49	38.36	38.32	38.29	38.08	38.11	38.13	37.75	37.44	37.36	37.11	37.03	36.86	36.75	36.82	36.74	36.67	36.58	36.38	36.46	36.36	36.21	36.22	36.12	36.02	36.05	35.89	35.94	35.91	35.98	35.89	35.75	35.69	35.53	35.46	35.08	35.01	34.92	34.70	34.78	34.71	34.51	34.34	34.17	33.97	33.73	33.52	33.29	33.24	33.00	32.78	32.59	30.97	31.64	32.01	31.99	31.95	31.86	31.76	31.66	31.51	31.52	31.43	31.32	31.30	31.14	31.16	31.02	30.95	30.95	30.92	30.90	30.63	30.68	30.69	30.58	30.62	29.98	




Read count (%) per base for different quality score ranges

	CDS_156_Gekko_ernstkelleri_Panay_R1.trimmed.fq
Ranges	0-10	11-20	21-30	31-40
Base
1	0.00	1.88	2.26	95.86
2	0.00	0.81	1.67	97.53
3	0.00	0.75	1.18	98.06
4	0.00	0.48	0.86	98.66
5	0.00	0.59	2.21	97.20
6	0.00	0.65	1.88	97.47
7	0.00	0.59	1.83	97.58
8	0.00	0.70	2.26	97.04
9	0.00	0.48	2.15	97.36
10	0.00	0.86	1.94	97.20
11	0.00	0.81	2.21	96.99
12	0.00	0.86	1.78	97.36
13	0.00	0.70	2.15	97.15
14	0.00	0.75	1.99	97.26
15	0.00	1.18	1.99	96.83
16	0.00	0.86	1.99	97.15
17	0.00	1.24	2.21	96.56
18	0.00	0.86	2.37	96.77
19	0.00	1.02	2.53	96.45
20	0.00	1.13	2.37	96.50
21	0.00	1.03	2.22	96.76
22	0.00	1.41	2.17	96.42
23	0.00	0.98	2.55	96.47
24	0.00	0.82	1.80	97.38
25	0.00	0.98	2.41	96.61
26	0.00	1.21	1.93	96.86
27	0.00	0.78	2.27	96.95
28	0.00	0.95	2.01	97.05
29	0.00	1.01	2.18	96.82
30	0.00	0.84	2.24	96.92
31	0.00	0.56	2.70	96.73
32	0.00	0.40	1.81	97.80
33	0.00	0.73	1.47	97.80
34	0.00	0.45	1.98	97.57
35	0.00	0.62	2.21	97.17
36	0.00	0.28	2.72	96.99
37	0.00	0.28	2.05	97.67
38	0.00	0.34	1.94	97.72
39	0.00	0.63	1.94	97.43
40	0.00	0.34	1.54	98.11
41	0.00	0.40	2.29	97.31
42	0.00	0.46	2.35	97.19
43	0.00	0.40	1.61	97.99
44	0.00	0.52	2.30	97.18
45	0.00	0.40	1.78	97.81
46	0.00	0.35	1.73	97.92
47	0.00	0.12	2.08	97.80
48	0.00	0.29	1.50	98.21
49	0.00	0.52	1.91	97.57
50	0.00	0.35	1.80	97.85
51	0.00	0.47	1.81	97.72
52	0.00	0.18	1.87	97.95
53	0.00	0.24	2.36	97.41
54	0.00	0.30	2.30	97.40
55	0.00	0.30	1.71	97.99
56	0.00	0.30	2.43	97.28
57	0.00	0.00	1.96	98.04
58	0.00	0.18	2.14	97.69
59	0.00	0.18	2.44	97.38
60	0.00	0.18	2.38	97.44
61	0.00	0.36	2.21	97.43
62	0.00	0.18	2.63	97.19
63	0.00	0.30	2.52	97.18
64	0.00	0.36	2.11	97.53
65	0.00	0.54	2.60	96.86
66	0.00	0.12	1.94	97.94
67	0.00	0.30	2.48	97.22
68	0.00	0.43	2.07	97.51
69	0.00	0.30	2.50	97.20
70	0.00	0.24	6.52	93.24
71	0.00	0.43	3.05	96.52
72	0.00	0.37	2.81	96.82
73	0.00	0.18	3.05	96.76
74	0.00	0.31	2.75	96.94
75	0.00	0.18	2.69	97.12
76	0.00	0.18	2.58	97.24
77	0.00	0.55	2.46	96.99
78	0.00	0.06	3.20	96.74
79	0.00	0.12	2.10	97.78
80	0.00	0.06	2.60	97.34
81	0.00	0.31	2.29	97.40
82	0.00	0.19	2.84	96.97
83	0.00	0.25	3.59	96.16
84	0.00	0.12	3.23	96.65
85	0.00	0.50	2.67	96.83
86	0.00	0.25	3.49	96.26
87	0.00	0.25	2.74	97.01
88	0.00	0.19	3.37	96.45
89	0.00	0.19	1.94	97.87
90	0.00	0.88	3.13	95.99
91	0.00	0.31	2.88	96.80
92	0.00	0.50	2.26	97.23
93	0.00	0.13	3.02	96.86
94	0.00	0.25	3.27	96.48
95	0.00	0.63	4.78	94.59




