Parameters
	Library type	Single-end
	Input file	/Volumes/wdhd/users/joaks1/projects/gekgo/data/genomes/msg/plate2/demultiplexed-trimmed/CDS_159_Gekko_ernstkelleri_Panay_R1.trimmed.fq
	Primer/Adaptor library	NA
	Cut-off read length for HQ	70%
	Cut-off quality score	20
	Only statistics	On
	Number of processes	2


QC statistics
	File name	CDS_159_Gekko_ernstkelleri_Panay_R1.trimmed.fq
	Total number of reads	632176
	Total number of HQ reads	631710
	Percentage of HQ reads	99.93%
	Total number of bases	57699094
	Total number of bases in HQ reads	57685658
	Total number of HQ bases in HQ reads	57502281
	Percentage of HQ bases in HQ reads	99.68%
	Number of Primer/Adaptor contaminated HQ reads	NA
	Total number of HQ filtered reads	631710
	Percentage of HQ filtered reads	99.93%


Detailed QC statistics
	File name	CDS_159_Gekko_ernstkelleri_Panay_R1.trimmed.fq
	Minimum read length	8
	Maximum read length	95
	Average read length	91.27
	Total number of reads	632176
	Total number of reads with non-ATGC bases	0
	Percentage of reads with non-ATGC bases	0.00%
	Total number of bases	57699094
	Total number of HQ bases	57510279
	Percentage of HQ bases	99.67%
	Total number of non-ATGC bases	0
	Percentage of non-ATGC bases	0.00%


Average quality score at each base position of input reads

CDS_159_Gekko_ernstkelleri_Panay_R1.trimmed.fq
36.38	36.72	36.80	36.84	36.72	36.68	36.66	38.98	38.96	38.92	38.87	38.78	38.84	38.86	38.87	38.84	38.82	38.74	38.79	38.70	38.65	38.64	38.64	38.62	38.56	38.45	38.40	38.42	38.38	38.30	38.29	38.29	38.14	38.15	38.06	37.93	37.94	37.85	37.79	37.67	37.67	37.56	37.49	37.46	37.38	37.51	37.52	37.48	37.40	37.31	37.21	37.09	36.97	36.87	36.76	36.58	36.58	36.49	36.30	36.22	36.11	35.97	35.79	35.65	35.48	35.33	35.16	34.95	34.81	33.02	33.72	34.09	34.10	33.99	33.89	33.74	33.61	33.51	33.40	33.30	33.21	33.13	33.07	33.00	32.94	32.86	32.80	32.72	32.65	32.59	32.52	32.48	32.42	32.37	31.76	




Read count (%) per base for different quality score ranges

	CDS_159_Gekko_ernstkelleri_Panay_R1.trimmed.fq
Ranges	0-10	11-20	21-30	31-40
Base
1	0.00	0.98	1.62	97.40
2	0.00	0.40	0.87	98.73
3	0.00	0.27	0.68	99.04
4	0.00	0.20	0.58	99.22
5	0.00	0.23	1.06	98.70
6	0.00	0.31	1.19	98.51
7	0.00	0.33	1.21	98.47
8	0.00	0.34	1.28	98.38
9	0.00	0.37	1.29	98.34
10	0.00	0.40	1.41	98.20
11	0.00	0.41	1.42	98.17
12	0.00	0.46	1.50	98.04
13	0.00	0.45	1.46	98.08
14	0.00	0.44	1.44	98.12
15	0.00	0.42	1.45	98.13
16	0.00	0.45	1.45	98.10
17	0.00	0.51	1.48	98.02
18	0.00	0.54	1.65	97.81
19	0.00	0.44	1.51	98.05
20	0.00	0.60	1.60	97.80
21	0.00	0.62	1.60	97.79
22	0.00	0.57	1.58	97.85
23	0.00	0.57	1.58	97.85
24	0.00	0.55	1.57	97.88
25	0.00	0.56	1.63	97.81
26	0.00	0.56	1.75	97.70
27	0.00	0.57	1.77	97.66
28	0.00	0.47	1.71	97.82
29	0.00	0.45	1.64	97.91
30	0.00	0.42	1.76	97.82
31	0.00	0.38	1.74	97.89
32	0.00	0.34	1.65	98.02
33	0.00	0.40	1.78	97.82
34	0.00	0.32	1.66	98.02
35	0.00	0.34	1.71	97.95
36	0.00	0.34	1.78	97.87
37	0.00	0.31	1.69	98.00
38	0.00	0.34	1.78	97.89
39	0.00	0.33	1.79	97.87
40	0.00	0.36	1.88	97.76
41	0.00	0.33	1.81	97.85
42	0.00	0.35	1.87	97.78
43	0.00	0.33	1.93	97.73
44	0.00	0.32	1.82	97.87
45	0.00	0.33	1.90	97.76
46	0.00	0.24	1.56	98.20
47	0.00	0.24	1.53	98.23
48	0.00	0.24	1.54	98.23
49	0.00	0.22	1.56	98.22
50	0.00	0.24	1.56	98.20
51	0.00	0.23	1.60	98.17
52	0.00	0.22	1.66	98.11
53	0.00	0.24	1.70	98.07
54	0.00	0.22	1.75	98.03
55	0.00	0.22	1.78	98.00
56	0.00	0.25	2.01	97.74
57	0.00	0.20	1.62	98.18
58	0.00	0.20	1.66	98.14
59	0.00	0.34	1.90	97.76
60	0.00	0.20	1.81	97.98
61	0.00	0.20	1.71	98.09
62	0.00	0.20	1.82	97.98
63	0.00	0.20	1.83	97.98
64	0.00	0.20	1.88	97.92
65	0.00	0.19	1.95	97.86
66	0.00	0.21	1.94	97.85
67	0.00	0.21	2.00	97.79
68	0.00	0.31	2.16	97.53
69	0.00	0.20	2.04	97.76
70	0.00	0.28	5.27	94.45
71	0.00	0.21	2.94	96.84
72	0.00	0.19	2.37	97.45
73	0.00	0.19	2.22	97.60
74	0.00	0.18	2.19	97.63
75	0.00	0.18	2.10	97.71
76	0.00	0.19	2.20	97.61
77	0.00	0.21	2.30	97.50
78	0.00	0.18	2.27	97.55
79	0.00	0.19	2.32	97.49
80	0.00	0.20	2.43	97.38
81	0.00	0.21	2.51	97.28
82	0.00	0.22	2.57	97.21
83	0.00	0.20	2.55	97.25
84	0.00	0.21	2.64	97.15
85	0.00	0.23	2.66	97.11
86	0.00	0.24	2.75	97.01
87	0.00	0.23	2.81	96.96
88	0.00	0.28	2.90	96.82
89	0.00	0.27	2.97	96.76
90	0.00	0.28	3.03	96.69
91	0.00	0.31	3.10	96.59
92	0.00	0.30	3.06	96.64
93	0.00	0.31	3.15	96.54
94	0.00	0.30	3.12	96.58
95	0.00	0.57	4.87	94.56




