Parameters
	Library type	Single-end
	Input file	/Volumes/wdhd/users/joaks1/projects/gekgo/data/genomes/msg/plate2/demultiplexed-trimmed/CDS_3047_Cyrtodactylus_sumuroi_Samar_R1.trimmed.fq
	Primer/Adaptor library	NA
	Cut-off read length for HQ	70%
	Cut-off quality score	20
	Only statistics	On
	Number of processes	2


QC statistics
	File name	CDS_3047_Cyrtodactylus_sumuroi_Samar_R1.trimmed.fq
	Total number of reads	4980
	Total number of HQ reads	4821
	Percentage of HQ reads	96.81%
	Total number of bases	355238
	Total number of bases in HQ reads	351288
	Total number of HQ bases in HQ reads	343724
	Percentage of HQ bases in HQ reads	97.85%
	Number of Primer/Adaptor contaminated HQ reads	NA
	Total number of HQ filtered reads	4821
	Percentage of HQ filtered reads	96.81%


Detailed QC statistics
	File name	CDS_3047_Cyrtodactylus_sumuroi_Samar_R1.trimmed.fq
	Minimum read length	8
	Maximum read length	95
	Average read length	71.33
	Total number of reads	4980
	Total number of reads with non-ATGC bases	0
	Percentage of reads with non-ATGC bases	0.00%
	Total number of bases	355238
	Total number of HQ bases	345941
	Percentage of HQ bases	97.38%
	Total number of non-ATGC bases	0
	Percentage of non-ATGC bases	0.00%


Average quality score at each base position of input reads

CDS_3047_Cyrtodactylus_sumuroi_Samar_R1.trimmed.fq
33.14	34.58	34.82	35.18	34.53	34.38	34.37	35.52	35.52	35.50	35.40	35.27	35.27	35.26	35.20	35.21	35.09	34.93	35.06	34.44	34.24	34.15	33.98	33.76	33.37	32.90	32.44	31.96	31.79	31.29	31.07	30.72	30.26	30.03	29.58	29.11	28.84	28.54	28.28	27.93	27.70	27.44	27.10	26.92	26.49	26.57	26.49	26.22	25.87	25.66	25.32	24.92	24.67	24.37	24.17	23.90	23.73	23.52	23.34	23.06	22.80	22.67	22.46	22.17	21.98	21.82	21.59	21.38	21.20	20.00	20.37	20.57	20.57	20.47	20.42	20.31	20.20	20.18	20.08	19.93	19.86	19.81	19.69	19.58	19.59	19.48	19.34	19.28	19.16	19.09	18.98	18.93	18.88	18.79	18.26	




Read count (%) per base for different quality score ranges

	CDS_3047_Cyrtodactylus_sumuroi_Samar_R1.trimmed.fq
Ranges	0-10	11-20	21-30	31-40
Base
1	0.00	9.64	9.16	81.20
2	0.00	5.64	6.22	88.13
3	0.00	4.56	6.67	88.78
4	0.00	3.45	5.94	90.60
5	0.00	4.08	8.47	87.45
6	0.00	4.10	9.62	86.29
7	0.00	4.04	9.76	86.20
8	0.00	4.20	9.70	86.10
9	0.00	4.12	9.56	86.32
10	0.00	4.26	9.40	86.34
11	0.00	4.44	9.79	85.77
12	0.00	4.85	9.75	85.40
13	0.00	4.79	9.46	85.74
14	0.00	4.59	10.13	85.27
15	0.00	4.64	9.84	85.52
16	0.00	4.10	10.08	85.81
17	0.00	4.43	9.84	85.73
18	0.00	4.53	10.17	85.31
19	0.00	4.41	9.11	86.48
20	0.00	5.94	10.51	83.54
21	0.00	5.95	10.20	83.85
22	0.00	5.80	10.18	84.02
23	0.00	5.22	9.49	85.29
24	0.00	5.11	9.95	84.94
25	0.00	4.40	10.25	85.34
26	0.00	4.15	9.84	86.01
27	0.00	3.71	9.71	86.57
28	0.00	3.48	10.72	85.80
29	0.00	2.56	10.15	87.29
30	0.00	2.81	9.96	87.24
31	0.00	2.26	9.24	88.50
32	0.00	2.42	9.25	88.32
33	0.00	2.51	9.14	88.35
34	0.00	2.20	8.39	89.42
35	0.00	1.94	9.34	88.72
36	0.00	2.29	9.50	88.21
37	0.00	2.64	8.17	89.19
38	0.00	1.99	8.74	89.27
39	0.00	1.67	8.42	89.90
40	0.00	1.74	8.51	89.74
41	0.00	1.47	8.75	89.78
42	0.00	1.86	8.25	89.89
43	0.00	2.20	8.00	89.79
44	0.00	1.55	8.73	89.72
45	0.00	2.06	8.53	89.42
46	0.00	1.35	7.26	91.38
47	0.00	1.31	6.87	91.82
48	0.00	1.10	7.62	91.28
49	0.00	1.48	7.82	90.70
50	0.00	1.12	7.34	91.54
51	0.00	1.14	6.77	92.09
52	0.00	1.30	7.14	91.56
53	0.00	1.26	6.63	92.11
54	0.00	1.30	6.36	92.34
55	0.00	1.07	7.05	91.88
56	0.00	1.14	6.77	92.09
57	0.00	0.72	6.46	92.82
58	0.00	0.69	6.11	93.19
59	0.00	0.79	5.34	93.87
60	0.00	1.06	6.24	92.70
61	0.00	1.13	6.39	92.48
62	0.00	0.71	5.87	93.41
63	0.00	0.82	5.56	93.63
64	0.00	1.09	6.30	92.61
65	0.00	0.73	5.81	93.46
66	0.00	0.87	5.44	93.69
67	0.00	0.87	5.91	93.21
68	0.00	0.68	6.46	92.86
69	0.00	0.75	5.45	93.80
70	0.00	0.86	11.88	87.26
71	0.00	0.65	7.82	91.53
72	0.00	0.48	7.46	92.06
73	0.00	0.42	6.28	93.30
74	0.00	0.77	5.98	93.25
75	0.00	0.35	5.90	93.75
76	0.00	0.67	5.99	93.35
77	0.00	0.63	6.39	92.98
78	0.00	0.42	5.81	93.77
79	0.00	0.49	6.13	93.38
80	0.00	0.85	6.54	92.61
81	0.00	0.82	6.78	92.40
82	0.00	0.46	6.94	92.60
83	0.00	0.57	7.28	92.15
84	0.00	1.25	6.48	92.27
85	0.00	0.72	6.46	92.82
86	0.00	0.68	7.17	92.15
87	0.00	0.72	7.81	91.46
88	0.00	0.94	6.93	92.13
89	0.00	0.84	7.91	91.26
90	0.00	0.95	7.68	91.37
91	0.00	1.00	6.82	92.19
92	0.00	0.81	6.62	92.56
93	0.00	0.71	6.64	92.65
94	0.00	0.86	6.73	92.41
95	0.00	1.65	8.85	89.51




