Parameters
	Library type	Single-end
	Input file	/Volumes/wdhd/users/joaks1/projects/gekgo/data/genomes/msg/plate2/demultiplexed-trimmed/CDS_591_Gekko_mindorensis_Caluya_R1.trimmed.fq
	Primer/Adaptor library	NA
	Cut-off read length for HQ	70%
	Cut-off quality score	20
	Only statistics	On
	Number of processes	2


QC statistics
	File name	CDS_591_Gekko_mindorensis_Caluya_R1.trimmed.fq
	Total number of reads	1220974
	Total number of HQ reads	1220413
	Percentage of HQ reads	99.95%
	Total number of bases	111241908
	Total number of bases in HQ reads	111226364
	Total number of HQ bases in HQ reads	110865885
	Percentage of HQ bases in HQ reads	99.68%
	Number of Primer/Adaptor contaminated HQ reads	NA
	Total number of HQ filtered reads	1220413
	Percentage of HQ filtered reads	99.95%


Detailed QC statistics
	File name	CDS_591_Gekko_mindorensis_Caluya_R1.trimmed.fq
	Minimum read length	5
	Maximum read length	95
	Average read length	91.11
	Total number of reads	1220974
	Total number of reads with non-ATGC bases	0
	Percentage of reads with non-ATGC bases	0.00%
	Total number of bases	111241908
	Total number of HQ bases	110875368
	Percentage of HQ bases	99.67%
	Total number of non-ATGC bases	0
	Percentage of non-ATGC bases	0.00%


Average quality score at each base position of input reads

CDS_591_Gekko_mindorensis_Caluya_R1.trimmed.fq
36.47	36.69	36.77	36.82	36.70	36.65	36.63	38.84	38.87	38.87	38.81	38.71	38.77	38.77	38.76	38.70	38.71	38.67	38.71	38.60	38.60	38.57	38.51	38.50	38.43	38.35	38.28	38.28	38.25	38.15	38.15	38.11	37.99	37.98	37.92	37.80	37.80	37.69	37.64	37.46	37.50	37.40	37.32	37.28	37.16	37.26	37.30	37.27	37.17	37.06	36.92	36.79	36.69	36.56	36.45	36.25	36.22	36.16	36.02	35.89	35.74	35.58	35.39	35.21	35.00	34.80	34.64	34.47	34.24	32.47	33.22	33.58	33.59	33.53	33.47	33.37	33.29	33.22	33.14	33.07	33.01	32.96	32.90	32.82	32.78	32.72	32.64	32.59	32.53	32.47	32.42	32.37	32.34	32.25	31.60	




Read count (%) per base for different quality score ranges

	CDS_591_Gekko_mindorensis_Caluya_R1.trimmed.fq
Ranges	0-10	11-20	21-30	31-40
Base
1	0.00	0.95	1.66	97.40
2	0.00	0.44	1.02	98.54
3	0.00	0.30	0.80	98.90
4	0.00	0.23	0.67	99.10
5	0.00	0.24	1.20	98.56
6	0.00	0.33	1.31	98.36
7	0.00	0.36	1.37	98.27
8	0.00	0.41	1.49	98.10
9	0.00	0.38	1.46	98.16
10	0.00	0.41	1.55	98.03
11	0.00	0.43	1.56	98.01
12	0.00	0.48	1.67	97.85
13	0.00	0.48	1.63	97.88
14	0.00	0.47	1.65	97.88
15	0.00	0.45	1.65	97.90
16	0.00	0.47	1.63	97.89
17	0.00	0.52	1.68	97.80
18	0.00	0.54	1.80	97.66
19	0.00	0.48	1.70	97.82
20	0.00	0.60	1.76	97.64
21	0.00	0.58	1.73	97.69
22	0.00	0.54	1.73	97.73
23	0.00	0.56	1.81	97.63
24	0.00	0.49	1.75	97.76
25	0.00	0.48	1.81	97.71
26	0.00	0.45	1.89	97.66
27	0.00	0.46	1.92	97.62
28	0.00	0.39	1.81	97.80
29	0.00	0.34	1.74	97.92
30	0.00	0.36	1.86	97.77
31	0.00	0.36	1.81	97.83
32	0.00	0.34	1.81	97.85
33	0.00	0.39	1.92	97.68
34	0.00	0.33	1.79	97.88
35	0.00	0.34	1.83	97.83
36	0.00	0.34	1.93	97.72
37	0.00	0.33	1.85	97.82
38	0.00	0.33	1.98	97.70
39	0.00	0.34	1.94	97.72
40	0.00	0.39	2.18	97.43
41	0.00	0.32	1.95	97.73
42	0.00	0.36	2.07	97.57
43	0.00	0.34	2.08	97.58
44	0.00	0.32	2.06	97.62
45	0.00	0.36	2.26	97.38
46	0.00	0.28	1.81	97.91
47	0.00	0.25	1.76	97.99
48	0.00	0.26	1.80	97.94
49	0.00	0.24	1.84	97.91
50	0.00	0.26	1.85	97.88
51	0.00	0.26	1.93	97.81
52	0.00	0.24	2.08	97.68
53	0.00	0.25	2.05	97.70
54	0.00	0.23	2.09	97.68
55	0.00	0.23	2.07	97.70
56	0.00	0.25	2.30	97.45
57	0.00	0.21	1.89	97.89
58	0.00	0.20	1.80	98.00
59	0.00	0.20	1.89	97.91
60	0.00	0.20	1.87	97.92
61	0.00	0.19	1.87	97.94
62	0.00	0.21	1.92	97.87
63	0.00	0.19	1.92	97.89
64	0.00	0.20	1.99	97.81
65	0.00	0.19	2.10	97.70
66	0.00	0.21	2.25	97.54
67	0.00	0.21	2.17	97.62
68	0.00	0.21	2.15	97.65
69	0.00	0.20	2.22	97.58
70	0.00	0.32	6.12	93.56
71	0.00	0.23	3.23	96.53
72	0.00	0.19	2.59	97.22
73	0.00	0.19	2.42	97.39
74	0.00	0.18	2.34	97.48
75	0.00	0.17	2.18	97.65
76	0.00	0.20	2.31	97.50
77	0.00	0.21	2.34	97.45
78	0.00	0.19	2.44	97.36
79	0.00	0.20	2.50	97.31
80	0.00	0.20	2.59	97.21
81	0.00	0.21	2.61	97.18
82	0.00	0.23	2.64	97.13
83	0.00	0.24	2.73	97.03
84	0.00	0.25	2.81	96.94
85	0.00	0.23	2.76	97.01
86	0.00	0.25	2.82	96.93
87	0.00	0.26	2.95	96.79
88	0.00	0.28	2.89	96.83
89	0.00	0.30	2.95	96.75
90	0.00	0.31	3.03	96.66
91	0.00	0.31	3.04	96.65
92	0.00	0.34	3.02	96.64
93	0.00	0.32	3.06	96.62
94	0.00	0.38	3.23	96.39
95	0.00	0.63	4.89	94.48




