Parameters
	Library type	Single-end
	Input file	/Volumes/wdhd/users/joaks1/projects/gekgo/data/genomes/msg/plate2/demultiplexed-trimmed/CDS_102_Gekko_mindorensis_CamiguinSur_R1.trimmed.fq
	Primer/Adaptor library	NA
	Cut-off read length for HQ	70%
	Cut-off quality score	20
	Only statistics	On
	Number of processes	2


QC statistics
	File name	CDS_102_Gekko_mindorensis_CamiguinSur_R1.trimmed.fq
	Total number of reads	6459874
	Total number of HQ reads	6455002
	Percentage of HQ reads	99.92%
	Total number of bases	591022064
	Total number of bases in HQ reads	590874850
	Total number of HQ bases in HQ reads	589000311
	Percentage of HQ bases in HQ reads	99.68%
	Number of Primer/Adaptor contaminated HQ reads	NA
	Total number of HQ filtered reads	6455002
	Percentage of HQ filtered reads	99.92%


Detailed QC statistics
	File name	CDS_102_Gekko_mindorensis_CamiguinSur_R1.trimmed.fq
	Minimum read length	6
	Maximum read length	95
	Average read length	91.49
	Total number of reads	6459874
	Total number of reads with non-ATGC bases	0
	Percentage of reads with non-ATGC bases	0.00%
	Total number of bases	591022064
	Total number of HQ bases	589091214
	Percentage of HQ bases	99.67%
	Total number of non-ATGC bases	0
	Percentage of non-ATGC bases	0.00%


Average quality score at each base position of input reads

CDS_102_Gekko_mindorensis_CamiguinSur_R1.trimmed.fq
36.58	36.75	36.81	36.84	36.70	36.66	36.63	38.83	38.87	38.91	38.89	38.78	38.87	38.88	38.88	38.76	38.79	38.76	38.80	38.69	38.70	38.70	38.64	38.65	38.60	38.54	38.47	38.47	38.47	38.38	38.37	38.31	38.19	38.20	38.15	38.03	38.04	37.94	37.91	37.73	37.71	37.70	37.67	37.62	37.51	37.57	37.59	37.55	37.46	37.39	37.20	37.13	37.06	36.98	36.88	36.70	36.68	36.65	36.55	36.43	36.25	36.13	35.95	35.74	35.58	35.42	35.25	35.09	34.84	33.00	33.80	34.22	34.24	34.17	34.08	33.94	33.84	33.75	33.66	33.57	33.49	33.42	33.37	33.30	33.26	33.18	33.10	33.07	33.02	32.95	32.90	32.88	32.85	32.76	32.11	




Read count (%) per base for different quality score ranges

	CDS_102_Gekko_mindorensis_CamiguinSur_R1.trimmed.fq
Ranges	0-10	11-20	21-30	31-40
Base
1	0.00	0.80	1.31	97.88
2	0.00	0.36	0.81	98.82
3	0.00	0.25	0.67	99.07
4	0.00	0.20	0.59	99.21
5	0.00	0.24	1.20	98.56
6	0.00	0.33	1.27	98.40
7	0.00	0.37	1.37	98.26
8	0.00	0.47	1.53	98.00
9	0.00	0.42	1.44	98.13
10	0.00	0.44	1.51	98.05
11	0.00	0.45	1.52	98.03
12	0.00	0.52	1.64	97.84
13	0.00	0.51	1.60	97.89
14	0.00	0.52	1.60	97.88
15	0.00	0.49	1.58	97.93
16	0.00	0.52	1.62	97.86
17	0.00	0.55	1.62	97.83
18	0.00	0.58	1.74	97.69
19	0.00	0.51	1.66	97.83
20	0.00	0.67	1.73	97.60
21	0.00	0.65	1.68	97.67
22	0.00	0.61	1.64	97.75
23	0.00	0.64	1.73	97.63
24	0.00	0.57	1.67	97.76
25	0.00	0.59	1.72	97.70
26	0.00	0.56	1.79	97.66
27	0.00	0.60	1.84	97.57
28	0.00	0.51	1.76	97.74
29	0.00	0.43	1.67	97.90
30	0.00	0.44	1.79	97.78
31	0.00	0.40	1.71	97.89
32	0.00	0.37	1.73	97.90
33	0.00	0.41	1.82	97.78
34	0.00	0.34	1.72	97.94
35	0.00	0.34	1.72	97.94
36	0.00	0.36	1.79	97.85
37	0.00	0.33	1.73	97.95
38	0.00	0.33	1.77	97.90
39	0.00	0.32	1.75	97.92
40	0.00	0.36	1.88	97.76
41	0.00	0.31	1.77	97.92
42	0.00	0.32	1.79	97.88
43	0.00	0.31	1.74	97.95
44	0.00	0.29	1.76	97.95
45	0.00	0.33	1.91	97.76
46	0.00	0.27	1.58	98.15
47	0.00	0.24	1.55	98.21
48	0.00	0.24	1.58	98.19
49	0.00	0.23	1.60	98.16
50	0.00	0.24	1.62	98.14
51	0.00	0.26	1.76	97.99
52	0.00	0.22	1.78	98.00
53	0.00	0.22	1.75	98.03
54	0.00	0.21	1.75	98.04
55	0.00	0.22	1.76	98.02
56	0.00	0.24	1.96	97.80
57	0.00	0.20	1.65	98.15
58	0.00	0.18	1.56	98.26
59	0.00	0.18	1.61	98.20
60	0.00	0.19	1.66	98.15
61	0.00	0.19	1.70	98.11
62	0.00	0.19	1.75	98.06
63	0.00	0.18	1.70	98.12
64	0.00	0.18	1.80	98.02
65	0.00	0.19	1.87	97.94
66	0.00	0.19	1.92	97.89
67	0.00	0.19	1.91	97.90
68	0.00	0.20	1.94	97.86
69	0.00	0.21	2.10	97.69
70	0.00	0.31	5.81	93.88
71	0.00	0.22	2.95	96.83
72	0.00	0.18	2.29	97.53
73	0.00	0.18	2.12	97.70
74	0.00	0.15	2.01	97.83
75	0.00	0.15	1.95	97.90
76	0.00	0.17	2.02	97.81
77	0.00	0.17	2.10	97.73
78	0.00	0.17	2.13	97.71
79	0.00	0.17	2.16	97.66
80	0.00	0.17	2.26	97.57
81	0.00	0.17	2.30	97.53
82	0.00	0.19	2.34	97.47
83	0.00	0.19	2.43	97.37
84	0.00	0.20	2.48	97.32
85	0.00	0.20	2.45	97.36
86	0.00	0.21	2.52	97.27
87	0.00	0.23	2.61	97.16
88	0.00	0.22	2.55	97.23
89	0.00	0.24	2.61	97.15
90	0.00	0.25	2.72	97.03
91	0.00	0.26	2.73	97.01
92	0.00	0.26	2.69	97.06
93	0.00	0.25	2.71	97.03
94	0.00	0.29	2.90	96.81
95	0.00	0.52	4.44	95.04




