Parameters
	Library type	Single-end
	Input file	/Volumes/wdhd/users/joaks1/projects/gekgo/data/genomes/msg/plate2/demultiplexed-trimmed/CDS_610_Gekko_mindorensis_Caluya_R1.trimmed.fq
	Primer/Adaptor library	NA
	Cut-off read length for HQ	70%
	Cut-off quality score	20
	Only statistics	On
	Number of processes	2


QC statistics
	File name	CDS_610_Gekko_mindorensis_Caluya_R1.trimmed.fq
	Total number of reads	1574912
	Total number of HQ reads	1573828
	Percentage of HQ reads	99.93%
	Total number of bases	143475165
	Total number of bases in HQ reads	143444737
	Total number of HQ bases in HQ reads	142961739
	Percentage of HQ bases in HQ reads	99.66%
	Number of Primer/Adaptor contaminated HQ reads	NA
	Total number of HQ filtered reads	1573828
	Percentage of HQ filtered reads	99.93%


Detailed QC statistics
	File name	CDS_610_Gekko_mindorensis_Caluya_R1.trimmed.fq
	Minimum read length	8
	Maximum read length	95
	Average read length	91.10
	Total number of reads	1574912
	Total number of reads with non-ATGC bases	0
	Percentage of reads with non-ATGC bases	0.00%
	Total number of bases	143475165
	Total number of HQ bases	142980314
	Percentage of HQ bases	99.66%
	Total number of non-ATGC bases	0
	Percentage of non-ATGC bases	0.00%


Average quality score at each base position of input reads

CDS_610_Gekko_mindorensis_Caluya_R1.trimmed.fq
36.44	36.70	36.78	36.82	36.68	36.63	36.61	38.81	38.84	38.84	38.81	38.68	38.76	38.77	38.77	38.70	38.71	38.66	38.71	38.61	38.59	38.58	38.53	38.52	38.46	38.37	38.32	38.31	38.29	38.18	38.18	38.14	38.02	38.01	37.95	37.82	37.82	37.70	37.65	37.50	37.53	37.44	37.37	37.32	37.20	37.28	37.31	37.28	37.18	37.08	36.93	36.81	36.71	36.61	36.49	36.31	36.27	36.21	36.09	35.96	35.81	35.66	35.49	35.32	35.11	34.92	34.77	34.60	34.37	32.61	33.35	33.72	33.71	33.62	33.57	33.45	33.37	33.28	33.21	33.13	33.06	33.01	32.96	32.89	32.84	32.78	32.70	32.65	32.60	32.53	32.49	32.44	32.41	32.33	31.69	




Read count (%) per base for different quality score ranges

	CDS_610_Gekko_mindorensis_Caluya_R1.trimmed.fq
Ranges	0-10	11-20	21-30	31-40
Base
1	0.00	0.97	1.64	97.39
2	0.00	0.44	0.97	98.59
3	0.00	0.30	0.78	98.92
4	0.00	0.23	0.68	99.09
5	0.00	0.27	1.29	98.45
6	0.00	0.36	1.38	98.26
7	0.00	0.39	1.45	98.16
8	0.00	0.45	1.57	97.98
9	0.00	0.43	1.54	98.02
10	0.00	0.47	1.64	97.90
11	0.00	0.47	1.64	97.89
12	0.00	0.55	1.74	97.71
13	0.00	0.56	1.72	97.72
14	0.00	0.53	1.72	97.75
15	0.00	0.51	1.71	97.79
16	0.00	0.51	1.73	97.76
17	0.00	0.56	1.73	97.71
18	0.00	0.60	1.86	97.54
19	0.00	0.53	1.77	97.71
20	0.00	0.66	1.83	97.51
21	0.00	0.66	1.80	97.54
22	0.00	0.62	1.76	97.63
23	0.00	0.62	1.85	97.52
24	0.00	0.55	1.80	97.64
25	0.00	0.56	1.85	97.60
26	0.00	0.54	1.97	97.49
27	0.00	0.53	1.98	97.49
28	0.00	0.45	1.88	97.68
29	0.00	0.39	1.80	97.81
30	0.00	0.40	1.93	97.68
31	0.00	0.38	1.87	97.75
32	0.00	0.37	1.85	97.78
33	0.00	0.41	1.95	97.65
34	0.00	0.34	1.84	97.81
35	0.00	0.35	1.84	97.81
36	0.00	0.37	1.98	97.65
37	0.00	0.35	1.89	97.77
38	0.00	0.35	1.99	97.66
39	0.00	0.34	1.93	97.72
40	0.00	0.38	2.12	97.51
41	0.00	0.33	1.94	97.73
42	0.00	0.35	2.03	97.62
43	0.00	0.35	2.00	97.65
44	0.00	0.32	2.01	97.67
45	0.00	0.36	2.19	97.45
46	0.00	0.28	1.80	97.91
47	0.00	0.25	1.77	97.98
48	0.00	0.26	1.77	97.96
49	0.00	0.26	1.80	97.94
50	0.00	0.27	1.84	97.89
51	0.00	0.26	1.91	97.83
52	0.00	0.24	2.04	97.72
53	0.00	0.24	2.07	97.69
54	0.00	0.23	2.01	97.76
55	0.00	0.23	2.00	97.78
56	0.00	0.26	2.18	97.56
57	0.00	0.21	1.86	97.92
58	0.00	0.19	1.79	98.02
59	0.00	0.20	1.85	97.95
60	0.00	0.20	1.82	97.98
61	0.00	0.20	1.87	97.93
62	0.00	0.20	1.93	97.87
63	0.00	0.19	1.92	97.90
64	0.00	0.20	1.97	97.83
65	0.00	0.20	2.07	97.73
66	0.00	0.21	2.15	97.64
67	0.00	0.20	2.11	97.69
68	0.00	0.20	2.09	97.71
69	0.00	0.20	2.17	97.63
70	0.00	0.32	5.85	93.83
71	0.00	0.22	3.21	96.57
72	0.00	0.19	2.54	97.28
73	0.00	0.20	2.38	97.42
74	0.00	0.18	2.31	97.51
75	0.00	0.17	2.16	97.67
76	0.00	0.19	2.31	97.49
77	0.00	0.20	2.34	97.45
78	0.00	0.19	2.41	97.40
79	0.00	0.20	2.45	97.35
80	0.00	0.19	2.51	97.30
81	0.00	0.21	2.61	97.18
82	0.00	0.22	2.62	97.16
83	0.00	0.22	2.64	97.14
84	0.00	0.24	2.72	97.03
85	0.00	0.24	2.67	97.09
86	0.00	0.24	2.75	97.01
87	0.00	0.25	2.88	96.87
88	0.00	0.26	2.88	96.87
89	0.00	0.27	2.90	96.82
90	0.00	0.30	2.96	96.74
91	0.00	0.30	2.97	96.74
92	0.00	0.31	2.96	96.72
93	0.00	0.30	2.98	96.72
94	0.00	0.35	3.11	96.54
95	0.00	0.61	4.74	94.65




