Parameters
	Library type	Single-end
	Input file	/Volumes/wdhd/users/joaks1/projects/gekgo/data/genomes/msg/plate2/demultiplexed-trimmed/CDS_609_Gekko_mindorensis_Caluya_R1.trimmed.fq
	Primer/Adaptor library	NA
	Cut-off read length for HQ	70%
	Cut-off quality score	20
	Only statistics	On
	Number of processes	2


QC statistics
	File name	CDS_609_Gekko_mindorensis_Caluya_R1.trimmed.fq
	Total number of reads	3575255
	Total number of HQ reads	3572971
	Percentage of HQ reads	99.94%
	Total number of bases	327204277
	Total number of bases in HQ reads	327134493
	Total number of HQ bases in HQ reads	326114284
	Percentage of HQ bases in HQ reads	99.69%
	Number of Primer/Adaptor contaminated HQ reads	NA
	Total number of HQ filtered reads	3572971
	Percentage of HQ filtered reads	99.94%


Detailed QC statistics
	File name	CDS_609_Gekko_mindorensis_Caluya_R1.trimmed.fq
	Minimum read length	7
	Maximum read length	95
	Average read length	91.52
	Total number of reads	3575255
	Total number of reads with non-ATGC bases	0
	Percentage of reads with non-ATGC bases	0.00%
	Total number of bases	327204277
	Total number of HQ bases	326157224
	Percentage of HQ bases	99.68%
	Total number of non-ATGC bases	0
	Percentage of non-ATGC bases	0.00%


Average quality score at each base position of input reads

CDS_609_Gekko_mindorensis_Caluya_R1.trimmed.fq
36.57	36.76	36.82	36.85	36.71	36.68	36.65	38.93	38.95	38.95	38.91	38.81	38.88	38.89	38.89	38.84	38.84	38.78	38.83	38.74	38.72	38.71	38.67	38.67	38.62	38.53	38.48	38.49	38.48	38.39	38.39	38.36	38.24	38.24	38.18	38.06	38.07	37.96	37.91	37.78	37.80	37.72	37.66	37.62	37.51	37.58	37.60	37.56	37.48	37.40	37.27	37.16	37.06	36.98	36.89	36.72	36.69	36.63	36.54	36.42	36.30	36.16	36.00	35.87	35.70	35.53	35.38	35.22	35.03	33.22	33.96	34.36	34.36	34.27	34.17	34.02	33.89	33.79	33.69	33.60	33.53	33.45	33.39	33.32	33.26	33.19	33.12	33.07	33.02	32.95	32.90	32.86	32.83	32.75	32.14	




Read count (%) per base for different quality score ranges

	CDS_609_Gekko_mindorensis_Caluya_R1.trimmed.fq
Ranges	0-10	11-20	21-30	31-40
Base
1	0.00	0.76	1.32	97.92
2	0.00	0.33	0.78	98.89
3	0.00	0.23	0.65	99.13
4	0.00	0.19	0.57	99.24
5	0.00	0.23	1.14	98.63
6	0.00	0.31	1.20	98.49
7	0.00	0.35	1.28	98.37
8	0.00	0.39	1.38	98.22
9	0.00	0.39	1.34	98.27
10	0.00	0.41	1.44	98.15
11	0.00	0.42	1.45	98.12
12	0.00	0.48	1.53	98.00
13	0.00	0.50	1.54	97.96
14	0.00	0.49	1.53	97.98
15	0.00	0.46	1.53	98.01
16	0.00	0.48	1.53	97.99
17	0.00	0.52	1.55	97.93
18	0.00	0.55	1.68	97.77
19	0.00	0.49	1.57	97.94
20	0.00	0.62	1.64	97.74
21	0.00	0.62	1.61	97.76
22	0.00	0.59	1.58	97.84
23	0.00	0.61	1.64	97.75
24	0.00	0.56	1.63	97.82
25	0.00	0.57	1.65	97.78
26	0.00	0.57	1.76	97.67
27	0.00	0.60	1.77	97.63
28	0.00	0.51	1.70	97.79
29	0.00	0.44	1.63	97.92
30	0.00	0.45	1.76	97.80
31	0.00	0.42	1.70	97.88
32	0.00	0.38	1.69	97.94
33	0.00	0.41	1.76	97.83
34	0.00	0.34	1.67	97.98
35	0.00	0.35	1.68	97.97
36	0.00	0.35	1.77	97.88
37	0.00	0.32	1.68	98.00
38	0.00	0.33	1.76	97.91
39	0.00	0.33	1.73	97.94
40	0.00	0.35	1.81	97.84
41	0.00	0.31	1.72	97.97
42	0.00	0.32	1.78	97.90
43	0.00	0.32	1.77	97.91
44	0.00	0.30	1.75	97.95
45	0.00	0.33	1.87	97.80
46	0.00	0.26	1.55	98.19
47	0.00	0.24	1.52	98.24
48	0.00	0.24	1.56	98.21
49	0.00	0.24	1.56	98.21
50	0.00	0.24	1.58	98.18
51	0.00	0.24	1.64	98.13
52	0.00	0.22	1.73	98.05
53	0.00	0.22	1.77	98.01
54	0.00	0.21	1.74	98.04
55	0.00	0.21	1.73	98.06
56	0.00	0.23	1.90	97.87
57	0.00	0.20	1.63	98.17
58	0.00	0.19	1.57	98.24
59	0.00	0.19	1.61	98.20
60	0.00	0.20	1.63	98.17
61	0.00	0.19	1.64	98.17
62	0.00	0.19	1.74	98.07
63	0.00	0.17	1.69	98.14
64	0.00	0.18	1.76	98.06
65	0.00	0.18	1.81	98.01
66	0.00	0.18	1.87	97.94
67	0.00	0.19	1.88	97.93
68	0.00	0.19	1.86	97.95
69	0.00	0.18	1.91	97.90
70	0.00	0.30	5.12	94.58
71	0.00	0.21	2.80	96.99
72	0.00	0.17	2.24	97.59
73	0.00	0.18	2.12	97.70
74	0.00	0.16	2.03	97.80
75	0.00	0.16	1.93	97.91
76	0.00	0.18	2.05	97.78
77	0.00	0.18	2.10	97.72
78	0.00	0.17	2.14	97.69
79	0.00	0.18	2.21	97.61
80	0.00	0.17	2.25	97.58
81	0.00	0.18	2.30	97.52
82	0.00	0.21	2.37	97.42
83	0.00	0.20	2.42	97.38
84	0.00	0.21	2.46	97.33
85	0.00	0.21	2.47	97.33
86	0.00	0.21	2.52	97.27
87	0.00	0.23	2.61	97.16
88	0.00	0.23	2.63	97.14
89	0.00	0.24	2.66	97.10
90	0.00	0.26	2.76	96.98
91	0.00	0.26	2.75	96.99
92	0.00	0.27	2.75	96.99
93	0.00	0.26	2.76	96.98
94	0.00	0.31	2.90	96.79
95	0.00	0.52	4.46	95.03




