Parameters
	Library type	Single-end
	Input file	/Volumes/wdhd/users/joaks1/projects/gekgo/data/genomes/msg/plate2/demultiplexed-trimmed/CDS_6051_Gekko_mindorensis_Luzon_R1.trimmed.fq
	Primer/Adaptor library	NA
	Cut-off read length for HQ	70%
	Cut-off quality score	20
	Only statistics	On
	Number of processes	2


QC statistics
	File name	CDS_6051_Gekko_mindorensis_Luzon_R1.trimmed.fq
	Total number of reads	418210
	Total number of HQ reads	417973
	Percentage of HQ reads	99.94%
	Total number of bases	38279652
	Total number of bases in HQ reads	38272464
	Total number of HQ bases in HQ reads	38153114
	Percentage of HQ bases in HQ reads	99.69%
	Number of Primer/Adaptor contaminated HQ reads	NA
	Total number of HQ filtered reads	417973
	Percentage of HQ filtered reads	99.94%


Detailed QC statistics
	File name	CDS_6051_Gekko_mindorensis_Luzon_R1.trimmed.fq
	Minimum read length	9
	Maximum read length	95
	Average read length	91.53
	Total number of reads	418210
	Total number of reads with non-ATGC bases	0
	Percentage of reads with non-ATGC bases	0.00%
	Total number of bases	38279652
	Total number of HQ bases	38157455
	Percentage of HQ bases	99.68%
	Total number of non-ATGC bases	0
	Percentage of non-ATGC bases	0.00%


Average quality score at each base position of input reads

CDS_6051_Gekko_mindorensis_Luzon_R1.trimmed.fq
36.50	36.74	36.81	36.85	36.72	36.67	36.65	38.90	38.93	38.93	38.90	38.80	38.87	38.89	38.90	38.84	38.84	38.79	38.84	38.74	38.72	38.70	38.67	38.67	38.61	38.52	38.48	38.49	38.47	38.39	38.39	38.36	38.24	38.24	38.18	38.06	38.06	37.96	37.90	37.78	37.79	37.72	37.65	37.61	37.50	37.58	37.60	37.56	37.49	37.39	37.25	37.13	37.04	36.95	36.86	36.71	36.68	36.61	36.51	36.40	36.28	36.14	35.97	35.83	35.67	35.51	35.37	35.21	35.01	33.19	33.93	34.34	34.33	34.26	34.15	33.99	33.85	33.75	33.66	33.56	33.49	33.42	33.35	33.27	33.22	33.16	33.07	33.01	32.95	32.88	32.83	32.79	32.76	32.69	32.07	




Read count (%) per base for different quality score ranges

	CDS_6051_Gekko_mindorensis_Luzon_R1.trimmed.fq
Ranges	0-10	11-20	21-30	31-40
Base
1	0.00	0.88	1.43	97.68
2	0.00	0.40	0.81	98.80
3	0.00	0.27	0.66	99.07
4	0.00	0.19	0.56	99.24
5	0.00	0.23	1.09	98.68
6	0.00	0.31	1.23	98.46
7	0.00	0.34	1.24	98.42
8	0.00	0.37	1.37	98.26
9	0.00	0.38	1.31	98.31
10	0.00	0.40	1.42	98.17
11	0.00	0.41	1.39	98.20
12	0.00	0.46	1.47	98.07
13	0.00	0.48	1.49	98.03
14	0.00	0.46	1.49	98.05
15	0.00	0.44	1.46	98.11
16	0.00	0.44	1.49	98.07
17	0.00	0.48	1.52	98.01
18	0.00	0.52	1.62	97.85
19	0.00	0.44	1.53	98.02
20	0.00	0.59	1.61	97.80
21	0.00	0.57	1.58	97.84
22	0.00	0.56	1.56	97.88
23	0.00	0.56	1.65	97.79
24	0.00	0.51	1.61	97.88
25	0.00	0.54	1.66	97.80
26	0.00	0.56	1.73	97.71
27	0.00	0.60	1.72	97.68
28	0.00	0.50	1.68	97.82
29	0.00	0.44	1.62	97.95
30	0.00	0.43	1.71	97.86
31	0.00	0.39	1.69	97.92
32	0.00	0.36	1.65	98.00
33	0.00	0.40	1.76	97.85
34	0.00	0.33	1.65	98.02
35	0.00	0.35	1.67	97.98
36	0.00	0.35	1.79	97.86
37	0.00	0.31	1.68	98.01
38	0.00	0.31	1.77	97.92
39	0.00	0.34	1.76	97.90
40	0.00	0.34	1.83	97.84
41	0.00	0.32	1.74	97.93
42	0.00	0.33	1.83	97.84
43	0.00	0.34	1.80	97.86
44	0.00	0.31	1.73	97.96
45	0.00	0.35	1.94	97.71
46	0.00	0.26	1.58	98.17
47	0.00	0.24	1.54	98.21
48	0.00	0.25	1.55	98.20
49	0.00	0.23	1.58	98.20
50	0.00	0.25	1.59	98.16
51	0.00	0.24	1.66	98.09
52	0.00	0.23	1.80	97.97
53	0.00	0.22	1.83	97.96
54	0.00	0.22	1.77	98.01
55	0.00	0.21	1.75	98.03
56	0.00	0.24	1.92	97.84
57	0.00	0.19	1.67	98.15
58	0.00	0.19	1.63	98.18
59	0.00	0.19	1.71	98.10
60	0.00	0.20	1.69	98.11
61	0.00	0.18	1.73	98.09
62	0.00	0.20	1.77	98.03
63	0.00	0.19	1.75	98.06
64	0.00	0.19	1.85	97.97
65	0.00	0.19	1.87	97.94
66	0.00	0.19	1.95	97.87
67	0.00	0.21	1.92	97.87
68	0.00	0.20	1.92	97.88
69	0.00	0.20	1.98	97.83
70	0.00	0.31	5.33	94.36
71	0.00	0.21	2.87	96.92
72	0.00	0.18	2.28	97.54
73	0.00	0.19	2.21	97.61
74	0.00	0.17	2.13	97.70
75	0.00	0.18	2.07	97.75
76	0.00	0.18	2.16	97.66
77	0.00	0.19	2.20	97.61
78	0.00	0.19	2.15	97.66
79	0.00	0.18	2.27	97.55
80	0.00	0.18	2.36	97.46
81	0.00	0.18	2.38	97.44
82	0.00	0.20	2.46	97.34
83	0.00	0.21	2.49	97.30
84	0.00	0.23	2.54	97.23
85	0.00	0.22	2.51	97.27
86	0.00	0.23	2.55	97.22
87	0.00	0.24	2.66	97.10
88	0.00	0.26	2.71	97.03
89	0.00	0.26	2.79	96.94
90	0.00	0.26	2.90	96.84
91	0.00	0.27	2.86	96.87
92	0.00	0.28	2.87	96.86
93	0.00	0.25	2.84	96.92
94	0.00	0.31	2.99	96.71
95	0.00	0.53	4.56	94.91




