Parameters
	Library type	Single-end
	Input file	/Volumes/wdhd/users/joaks1/projects/gekgo/data/genomes/msg/plate2/demultiplexed-trimmed/CDS_4341_Cyrtodactylus_philippinicus_Negros_R1.trimmed.fq
	Primer/Adaptor library	NA
	Cut-off read length for HQ	70%
	Cut-off quality score	20
	Only statistics	On
	Number of processes	2


QC statistics
	File name	CDS_4341_Cyrtodactylus_philippinicus_Negros_R1.trimmed.fq
	Total number of reads	723217
	Total number of HQ reads	722763
	Percentage of HQ reads	99.94%
	Total number of bases	66142340
	Total number of bases in HQ reads	66129013
	Total number of HQ bases in HQ reads	65911049
	Percentage of HQ bases in HQ reads	99.67%
	Number of Primer/Adaptor contaminated HQ reads	NA
	Total number of HQ filtered reads	722763
	Percentage of HQ filtered reads	99.94%


Detailed QC statistics
	File name	CDS_4341_Cyrtodactylus_philippinicus_Negros_R1.trimmed.fq
	Minimum read length	9
	Maximum read length	95
	Average read length	91.46
	Total number of reads	723217
	Total number of reads with non-ATGC bases	0
	Percentage of reads with non-ATGC bases	0.00%
	Total number of bases	66142340
	Total number of HQ bases	65919097
	Percentage of HQ bases	99.66%
	Total number of non-ATGC bases	0
	Percentage of non-ATGC bases	0.00%


Average quality score at each base position of input reads

CDS_4341_Cyrtodactylus_philippinicus_Negros_R1.trimmed.fq
36.53	36.72	36.79	36.83	36.69	36.64	36.63	38.93	38.90	38.86	38.80	38.77	38.83	38.84	38.80	38.80	38.77	38.69	38.76	38.69	38.65	38.66	38.66	38.65	38.58	38.49	38.44	38.40	38.41	38.33	38.35	38.30	38.18	38.17	38.11	38.01	37.99	37.95	37.86	37.79	37.75	37.66	37.58	37.51	37.43	37.53	37.53	37.46	37.39	37.28	37.20	37.06	36.97	36.85	36.76	36.63	36.59	36.50	36.36	36.27	36.16	36.04	35.86	35.69	35.56	35.36	35.21	35.06	34.87	33.12	33.81	34.20	34.21	34.11	33.99	33.87	33.74	33.65	33.55	33.44	33.38	33.30	33.23	33.17	33.09	33.03	32.97	32.91	32.87	32.80	32.73	32.70	32.66	32.63	32.02	




Read count (%) per base for different quality score ranges

	CDS_4341_Cyrtodactylus_philippinicus_Negros_R1.trimmed.fq
Ranges	0-10	11-20	21-30	31-40
Base
1	0.00	0.89	1.51	97.60
2	0.00	0.42	0.91	98.67
3	0.00	0.30	0.75	98.95
4	0.00	0.22	0.63	99.15
5	0.00	0.26	1.24	98.50
6	0.00	0.34	1.33	98.33
7	0.00	0.36	1.38	98.25
8	0.00	0.40	1.42	98.18
9	0.00	0.42	1.47	98.10
10	0.00	0.46	1.59	97.95
11	0.00	0.48	1.57	97.94
12	0.00	0.50	1.58	97.92
13	0.00	0.50	1.59	97.91
14	0.00	0.50	1.60	97.89
15	0.00	0.51	1.65	97.84
16	0.00	0.49	1.61	97.90
17	0.00	0.55	1.65	97.80
18	0.00	0.61	1.79	97.60
19	0.00	0.49	1.65	97.87
20	0.00	0.61	1.73	97.66
21	0.00	0.62	1.75	97.63
22	0.00	0.58	1.75	97.67
23	0.00	0.61	1.72	97.67
24	0.00	0.57	1.72	97.70
25	0.00	0.59	1.78	97.63
26	0.00	0.57	1.88	97.55
27	0.00	0.58	1.90	97.52
28	0.00	0.51	1.87	97.62
29	0.00	0.43	1.77	97.80
30	0.00	0.44	1.87	97.70
31	0.00	0.40	1.76	97.84
32	0.00	0.35	1.77	97.88
33	0.00	0.43	1.87	97.71
34	0.00	0.36	1.78	97.86
35	0.00	0.35	1.80	97.85
36	0.00	0.37	1.88	97.75
37	0.00	0.34	1.81	97.85
38	0.00	0.34	1.81	97.85
39	0.00	0.34	1.87	97.80
40	0.00	0.35	1.85	97.81
41	0.00	0.32	1.90	97.78
42	0.00	0.35	1.94	97.71
43	0.00	0.34	1.94	97.71
44	0.00	0.32	2.00	97.67
45	0.00	0.35	2.03	97.62
46	0.00	0.28	1.67	98.05
47	0.00	0.26	1.72	98.03
48	0.00	0.26	1.75	98.00
49	0.00	0.24	1.71	98.05
50	0.00	0.27	1.74	98.00
51	0.00	0.23	1.71	98.06
52	0.00	0.24	1.80	97.97
53	0.00	0.23	1.79	97.98
54	0.00	0.24	1.84	97.92
55	0.00	0.22	1.82	97.96
56	0.00	0.23	1.89	97.88
57	0.00	0.22	1.69	98.10
58	0.00	0.20	1.73	98.07
59	0.00	0.22	1.86	97.92
60	0.00	0.21	1.78	98.01
61	0.00	0.20	1.75	98.05
62	0.00	0.19	1.78	98.04
63	0.00	0.19	1.84	97.97
64	0.00	0.20	2.09	97.71
65	0.00	0.18	1.89	97.93
66	0.00	0.19	2.04	97.77
67	0.00	0.18	2.02	97.79
68	0.00	0.18	1.98	97.84
69	0.00	0.19	2.18	97.63
70	0.00	0.30	5.51	94.19
71	0.00	0.22	2.98	96.80
72	0.00	0.19	2.37	97.44
73	0.00	0.19	2.16	97.65
74	0.00	0.18	2.17	97.65
75	0.00	0.19	2.18	97.63
76	0.00	0.20	2.25	97.55
77	0.00	0.19	2.32	97.49
78	0.00	0.19	2.27	97.54
79	0.00	0.21	2.32	97.47
80	0.00	0.20	2.50	97.30
81	0.00	0.19	2.50	97.31
82	0.00	0.21	2.55	97.24
83	0.00	0.24	2.58	97.18
84	0.00	0.23	2.66	97.11
85	0.00	0.25	2.71	97.03
86	0.00	0.25	2.76	97.00
87	0.00	0.25	2.83	96.92
88	0.00	0.25	2.85	96.90
89	0.00	0.27	2.82	96.91
90	0.00	0.28	2.95	96.77
91	0.00	0.29	3.05	96.67
92	0.00	0.29	3.02	96.69
93	0.00	0.30	3.00	96.70
94	0.00	0.28	2.97	96.75
95	0.00	0.55	4.67	94.78




