Parameters
	Library type	Single-end
	Input file	/Volumes/wdhd/users/joaks1/projects/gekgo/data/genomes/msg/plate2/demultiplexed-trimmed/CDS_155_Gekko_ernstkelleri_Panay_R1.trimmed.fq
	Primer/Adaptor library	NA
	Cut-off read length for HQ	70%
	Cut-off quality score	20
	Only statistics	On
	Number of processes	2


QC statistics
	File name	CDS_155_Gekko_ernstkelleri_Panay_R1.trimmed.fq
	Total number of reads	105224
	Total number of HQ reads	105087
	Percentage of HQ reads	99.87%
	Total number of bases	9565427
	Total number of bases in HQ reads	9561918
	Total number of HQ bases in HQ reads	9528002
	Percentage of HQ bases in HQ reads	99.65%
	Number of Primer/Adaptor contaminated HQ reads	NA
	Total number of HQ filtered reads	105087
	Percentage of HQ filtered reads	99.87%


Detailed QC statistics
	File name	CDS_155_Gekko_ernstkelleri_Panay_R1.trimmed.fq
	Minimum read length	8
	Maximum read length	95
	Average read length	90.91
	Total number of reads	105224
	Total number of reads with non-ATGC bases	0
	Percentage of reads with non-ATGC bases	0.00%
	Total number of bases	9565427
	Total number of HQ bases	9530042
	Percentage of HQ bases	99.63%
	Total number of non-ATGC bases	0
	Percentage of non-ATGC bases	0.00%


Average quality score at each base position of input reads

CDS_155_Gekko_ernstkelleri_Panay_R1.trimmed.fq
36.50	36.70	36.76	36.81	36.67	36.62	36.59	38.88	38.88	38.83	38.77	38.71	38.76	38.77	38.76	38.74	38.72	38.63	38.68	38.59	38.54	38.51	38.51	38.50	38.43	38.31	38.27	38.29	38.24	38.15	38.15	38.14	38.00	38.00	37.91	37.77	37.77	37.71	37.62	37.49	37.47	37.37	37.29	37.27	37.18	37.29	37.28	37.23	37.15	37.05	36.93	36.84	36.70	36.60	36.48	36.29	36.29	36.21	36.00	35.93	35.83	35.68	35.52	35.36	35.18	35.03	34.88	34.67	34.54	32.76	33.46	33.83	33.81	33.71	33.61	33.47	33.35	33.25	33.16	33.06	32.97	32.88	32.82	32.76	32.68	32.63	32.56	32.49	32.42	32.35	32.28	32.26	32.20	32.15	31.56	




Read count (%) per base for different quality score ranges

	CDS_155_Gekko_ernstkelleri_Panay_R1.trimmed.fq
Ranges	0-10	11-20	21-30	31-40
Base
1	0.00	0.96	1.48	97.55
2	0.00	0.48	0.94	98.59
3	0.00	0.37	0.75	98.87
4	0.00	0.30	0.64	99.06
5	0.00	0.30	1.29	98.41
6	0.00	0.36	1.41	98.23
7	0.00	0.42	1.47	98.11
8	0.00	0.45	1.54	98.02
9	0.00	0.45	1.50	98.05
10	0.00	0.51	1.65	97.84
11	0.00	0.54	1.62	97.84
12	0.00	0.52	1.74	97.74
13	0.00	0.58	1.70	97.73
14	0.00	0.59	1.72	97.69
15	0.00	0.55	1.75	97.70
16	0.00	0.58	1.64	97.78
17	0.00	0.59	1.75	97.66
18	0.00	0.69	1.93	97.37
19	0.00	0.57	1.75	97.68
20	0.00	0.68	1.87	97.44
21	0.00	0.74	1.81	97.44
22	0.00	0.72	1.83	97.46
23	0.00	0.68	1.82	97.50
24	0.00	0.63	1.82	97.55
25	0.00	0.66	1.87	97.47
26	0.00	0.65	2.01	97.34
27	0.00	0.66	1.96	97.38
28	0.00	0.54	1.88	97.58
29	0.00	0.47	1.85	97.68
30	0.00	0.48	1.94	97.58
31	0.00	0.43	1.87	97.71
32	0.00	0.41	1.81	97.79
33	0.00	0.44	1.93	97.63
34	0.00	0.38	1.81	97.81
35	0.00	0.39	1.85	97.76
36	0.00	0.35	1.93	97.72
37	0.00	0.37	1.78	97.86
38	0.00	0.34	1.91	97.75
39	0.00	0.38	1.88	97.74
40	0.00	0.40	2.03	97.58
41	0.00	0.36	1.94	97.70
42	0.00	0.38	2.00	97.62
43	0.00	0.40	2.06	97.54
44	0.00	0.30	2.03	97.67
45	0.00	0.40	1.98	97.62
46	0.00	0.26	1.63	98.11
47	0.00	0.25	1.69	98.05
48	0.00	0.28	1.64	98.08
49	0.00	0.26	1.65	98.09
50	0.00	0.24	1.66	98.10
51	0.00	0.24	1.79	97.98
52	0.00	0.21	1.71	98.08
53	0.00	0.24	1.84	97.92
54	0.00	0.26	1.78	97.95
55	0.00	0.22	1.95	97.83
56	0.00	0.25	2.27	97.49
57	0.00	0.23	1.75	98.03
58	0.00	0.21	1.74	98.05
59	0.00	0.41	1.95	97.64
60	0.00	0.24	1.97	97.80
61	0.00	0.21	1.82	97.97
62	0.00	0.21	1.86	97.93
63	0.00	0.22	1.93	97.85
64	0.00	0.22	2.03	97.75
65	0.00	0.25	2.01	97.74
66	0.00	0.22	2.15	97.63
67	0.00	0.20	2.11	97.68
68	0.00	0.34	2.26	97.39
69	0.00	0.19	2.14	97.67
70	0.00	0.29	5.57	94.14
71	0.00	0.24	3.10	96.66
72	0.00	0.19	2.44	97.37
73	0.00	0.22	2.36	97.43
74	0.00	0.19	2.40	97.41
75	0.00	0.19	2.15	97.67
76	0.00	0.20	2.35	97.45
77	0.00	0.20	2.34	97.46
78	0.00	0.18	2.42	97.40
79	0.00	0.18	2.42	97.40
80	0.00	0.20	2.50	97.30
81	0.00	0.26	2.56	97.18
82	0.00	0.24	2.62	97.14
83	0.00	0.20	2.68	97.12
84	0.00	0.22	2.68	97.11
85	0.00	0.23	2.75	97.02
86	0.00	0.22	2.78	97.00
87	0.00	0.21	2.83	96.96
88	0.00	0.25	2.94	96.81
89	0.00	0.30	3.04	96.66
90	0.00	0.30	3.10	96.61
91	0.00	0.30	3.23	96.47
92	0.00	0.29	3.06	96.65
93	0.00	0.33	3.13	96.54
94	0.00	0.25	3.17	96.58
95	0.00	0.56	4.75	94.69




