Parameters
	Library type	Single-end
	Input file	/Volumes/wdhd/users/joaks1/projects/gekgo/data/genomes/msg/plate2/demultiplexed-trimmed/CDS_50_Gekko_gigante_NorthGigante_R1.trimmed.fq
	Primer/Adaptor library	NA
	Cut-off read length for HQ	70%
	Cut-off quality score	20
	Only statistics	On
	Number of processes	2


QC statistics
	File name	CDS_50_Gekko_gigante_NorthGigante_R1.trimmed.fq
	Total number of reads	44503
	Total number of HQ reads	44487
	Percentage of HQ reads	99.96%
	Total number of bases	4070368
	Total number of bases in HQ reads	4069934
	Total number of HQ bases in HQ reads	4057479
	Percentage of HQ bases in HQ reads	99.69%
	Number of Primer/Adaptor contaminated HQ reads	NA
	Total number of HQ filtered reads	44487
	Percentage of HQ filtered reads	99.96%


Detailed QC statistics
	File name	CDS_50_Gekko_gigante_NorthGigante_R1.trimmed.fq
	Minimum read length	9
	Maximum read length	95
	Average read length	91.46
	Total number of reads	44503
	Total number of reads with non-ATGC bases	0
	Percentage of reads with non-ATGC bases	0.00%
	Total number of bases	4070368
	Total number of HQ bases	4057752
	Percentage of HQ bases	99.69%
	Total number of non-ATGC bases	0
	Percentage of non-ATGC bases	0.00%


Average quality score at each base position of input reads

CDS_50_Gekko_gigante_NorthGigante_R1.trimmed.fq
36.56	36.74	36.81	36.84	36.74	36.69	36.66	38.98	38.99	38.95	38.91	38.77	38.88	38.91	38.91	38.86	38.84	38.77	38.83	38.75	38.71	38.69	38.69	38.67	38.63	38.55	38.50	38.50	38.46	38.36	38.38	38.38	38.26	38.24	38.20	38.03	38.06	37.93	37.89	37.75	37.79	37.71	37.63	37.60	37.53	37.60	37.60	37.57	37.44	37.33	37.24	37.13	37.04	36.94	36.84	36.68	36.66	36.57	36.45	36.34	36.19	36.07	35.91	35.77	35.59	35.44	35.27	35.11	34.92	33.12	33.83	34.20	34.19	34.13	34.01	33.89	33.77	33.65	33.55	33.47	33.37	33.31	33.27	33.19	33.12	33.08	33.00	32.93	32.87	32.81	32.76	32.71	32.65	32.61	32.00	




Read count (%) per base for different quality score ranges

	CDS_50_Gekko_gigante_NorthGigante_R1.trimmed.fq
Ranges	0-10	11-20	21-30	31-40
Base
1	0.00	0.82	1.34	97.84
2	0.00	0.40	0.78	98.82
3	0.00	0.26	0.63	99.11
4	0.00	0.21	0.60	99.18
5	0.00	0.18	1.05	98.76
6	0.00	0.28	1.12	98.60
7	0.00	0.33	1.19	98.48
8	0.00	0.30	1.29	98.41
9	0.00	0.29	1.34	98.36
10	0.00	0.39	1.39	98.22
11	0.00	0.37	1.37	98.26
12	0.00	0.47	1.49	98.04
13	0.00	0.44	1.49	98.07
14	0.00	0.46	1.29	98.26
15	0.00	0.36	1.38	98.26
16	0.00	0.38	1.51	98.11
17	0.00	0.47	1.51	98.02
18	0.00	0.55	1.65	97.80
19	0.00	0.43	1.56	98.01
20	0.00	0.53	1.68	97.79
21	0.00	0.55	1.52	97.93
22	0.00	0.52	1.57	97.91
23	0.00	0.52	1.64	97.84
24	0.00	0.49	1.61	97.90
25	0.00	0.49	1.63	97.88
26	0.00	0.47	1.69	97.84
27	0.00	0.53	1.78	97.69
28	0.00	0.46	1.61	97.93
29	0.00	0.44	1.67	97.89
30	0.00	0.41	1.85	97.74
31	0.00	0.36	1.75	97.89
32	0.00	0.37	1.68	97.95
33	0.00	0.39	1.71	97.90
34	0.00	0.33	1.74	97.93
35	0.00	0.28	1.78	97.94
36	0.00	0.37	1.74	97.88
37	0.00	0.34	1.71	97.96
38	0.00	0.35	1.79	97.86
39	0.00	0.33	1.83	97.84
40	0.00	0.38	1.89	97.73
41	0.00	0.34	1.73	97.93
42	0.00	0.31	1.82	97.87
43	0.00	0.36	1.97	97.67
44	0.00	0.29	1.83	97.89
45	0.00	0.35	1.85	97.80
46	0.00	0.32	1.56	98.12
47	0.00	0.25	1.54	98.21
48	0.00	0.21	1.47	98.32
49	0.00	0.25	1.57	98.18
50	0.00	0.28	1.65	98.06
51	0.00	0.28	1.70	98.02
52	0.00	0.26	1.64	98.10
53	0.00	0.22	1.68	98.10
54	0.00	0.25	1.64	98.11
55	0.00	0.21	1.74	98.05
56	0.00	0.18	1.89	97.93
57	0.00	0.19	1.52	98.29
58	0.00	0.25	1.51	98.25
59	0.00	0.20	1.76	98.04
60	0.00	0.17	1.75	98.08
61	0.00	0.19	1.80	98.01
62	0.00	0.22	1.68	98.11
63	0.00	0.18	1.80	98.02
64	0.00	0.20	1.78	98.02
65	0.00	0.19	1.86	97.96
66	0.00	0.18	1.89	97.93
67	0.00	0.19	1.92	97.89
68	0.00	0.18	1.87	97.95
69	0.00	0.17	1.89	97.94
70	0.00	0.29	5.29	94.41
71	0.00	0.17	2.99	96.83
72	0.00	0.20	2.33	97.47
73	0.00	0.24	2.11	97.64
74	0.00	0.15	2.02	97.83
75	0.00	0.16	2.07	97.77
76	0.00	0.16	2.09	97.75
77	0.00	0.17	2.23	97.60
78	0.00	0.18	2.34	97.47
79	0.00	0.18	2.23	97.59
80	0.00	0.19	2.26	97.55
81	0.00	0.22	2.48	97.30
82	0.00	0.17	2.42	97.41
83	0.00	0.19	2.45	97.36
84	0.00	0.23	2.51	97.26
85	0.00	0.22	2.52	97.26
86	0.00	0.20	2.61	97.19
87	0.00	0.23	2.67	97.10
88	0.00	0.26	2.72	97.02
89	0.00	0.29	2.72	96.99
90	0.00	0.32	2.82	96.86
91	0.00	0.26	3.00	96.74
92	0.00	0.29	2.90	96.81
93	0.00	0.30	2.96	96.74
94	0.00	0.27	2.86	96.87
95	0.00	0.48	4.58	94.94




