Parameters
	Library type	Single-end
	Input file	/Volumes/wdhd/users/joaks1/projects/gekgo/data/genomes/msg/plate2/demultiplexed-trimmed/ELR_682_Cyrtodactylus_philippinicus_Mindoro_R1.trimmed.fq
	Primer/Adaptor library	NA
	Cut-off read length for HQ	70%
	Cut-off quality score	20
	Only statistics	On
	Number of processes	2


QC statistics
	File name	ELR_682_Cyrtodactylus_philippinicus_Mindoro_R1.trimmed.fq
	Total number of reads	1319302
	Total number of HQ reads	1318456
	Percentage of HQ reads	99.94%
	Total number of bases	120919904
	Total number of bases in HQ reads	120894255
	Total number of HQ bases in HQ reads	120511434
	Percentage of HQ bases in HQ reads	99.68%
	Number of Primer/Adaptor contaminated HQ reads	NA
	Total number of HQ filtered reads	1318456
	Percentage of HQ filtered reads	99.94%


Detailed QC statistics
	File name	ELR_682_Cyrtodactylus_philippinicus_Mindoro_R1.trimmed.fq
	Minimum read length	8
	Maximum read length	95
	Average read length	91.65
	Total number of reads	1319302
	Total number of reads with non-ATGC bases	0
	Percentage of reads with non-ATGC bases	0.00%
	Total number of bases	120919904
	Total number of HQ bases	120527033
	Percentage of HQ bases	99.68%
	Total number of non-ATGC bases	0
	Percentage of non-ATGC bases	0.00%


Average quality score at each base position of input reads

ELR_682_Cyrtodactylus_philippinicus_Mindoro_R1.trimmed.fq
36.02	36.74	36.82	36.85	36.72	36.67	36.65	39.01	38.97	38.93	38.88	38.84	38.90	38.92	38.89	38.87	38.84	38.76	38.84	38.76	38.72	38.73	38.74	38.73	38.66	38.57	38.54	38.52	38.53	38.43	38.45	38.42	38.30	38.29	38.21	38.12	38.11	38.08	38.00	37.92	37.87	37.78	37.71	37.64	37.57	37.66	37.66	37.59	37.52	37.42	37.34	37.21	37.12	37.00	36.91	36.78	36.76	36.66	36.54	36.44	36.34	36.22	36.06	35.89	35.75	35.59	35.46	35.32	35.14	33.36	34.06	34.45	34.45	34.36	34.24	34.10	33.99	33.89	33.79	33.69	33.61	33.52	33.45	33.38	33.31	33.24	33.18	33.14	33.10	33.02	32.95	32.91	32.88	32.85	32.23	




Read count (%) per base for different quality score ranges

	ELR_682_Cyrtodactylus_philippinicus_Mindoro_R1.trimmed.fq
Ranges	0-10	11-20	21-30	31-40
Base
1	0.00	0.98	1.74	97.28
2	0.00	0.36	0.79	98.86
3	0.00	0.25	0.63	99.12
4	0.00	0.19	0.55	99.26
5	0.00	0.22	1.11	98.66
6	0.00	0.32	1.21	98.47
7	0.00	0.35	1.26	98.38
8	0.00	0.36	1.32	98.32
9	0.00	0.40	1.38	98.22
10	0.00	0.44	1.45	98.11
11	0.00	0.44	1.45	98.11
12	0.00	0.47	1.50	98.03
13	0.00	0.49	1.50	98.02
14	0.00	0.47	1.50	98.03
15	0.00	0.47	1.54	97.99
16	0.00	0.47	1.50	98.04
17	0.00	0.52	1.54	97.94
18	0.00	0.57	1.69	97.74
19	0.00	0.46	1.54	98.00
20	0.00	0.61	1.59	97.81
21	0.00	0.62	1.63	97.74
22	0.00	0.59	1.60	97.82
23	0.00	0.58	1.61	97.82
24	0.00	0.55	1.60	97.85
25	0.00	0.59	1.67	97.74
26	0.00	0.57	1.77	97.66
27	0.00	0.60	1.75	97.65
28	0.00	0.50	1.73	97.77
29	0.00	0.44	1.63	97.93
30	0.00	0.44	1.75	97.81
31	0.00	0.41	1.66	97.93
32	0.00	0.36	1.64	98.00
33	0.00	0.39	1.73	97.87
34	0.00	0.35	1.66	97.99
35	0.00	0.35	1.71	97.94
36	0.00	0.34	1.74	97.92
37	0.00	0.33	1.66	98.01
38	0.00	0.32	1.68	98.00
39	0.00	0.32	1.74	97.94
40	0.00	0.32	1.74	97.94
41	0.00	0.32	1.76	97.92
42	0.00	0.33	1.81	97.86
43	0.00	0.33	1.82	97.85
44	0.00	0.33	1.81	97.85
45	0.00	0.35	1.87	97.78
46	0.00	0.26	1.55	98.19
47	0.00	0.25	1.54	98.21
48	0.00	0.27	1.61	98.12
49	0.00	0.24	1.60	98.16
50	0.00	0.25	1.63	98.12
51	0.00	0.23	1.62	98.16
52	0.00	0.23	1.69	98.08
53	0.00	0.21	1.65	98.13
54	0.00	0.23	1.78	97.99
55	0.00	0.21	1.71	98.09
56	0.00	0.22	1.75	98.02
57	0.00	0.19	1.53	98.28
58	0.00	0.19	1.60	98.21
59	0.00	0.20	1.73	98.07
60	0.00	0.18	1.66	98.15
61	0.00	0.18	1.67	98.16
62	0.00	0.18	1.71	98.12
63	0.00	0.17	1.73	98.09
64	0.00	0.18	2.02	97.79
65	0.00	0.18	1.79	98.03
66	0.00	0.19	1.88	97.93
67	0.00	0.18	1.88	97.93
68	0.00	0.18	1.86	97.96
69	0.00	0.19	2.04	97.77
70	0.00	0.28	5.24	94.48
71	0.00	0.21	2.83	96.97
72	0.00	0.18	2.28	97.55
73	0.00	0.19	2.10	97.71
74	0.00	0.18	2.04	97.78
75	0.00	0.18	2.03	97.79
76	0.00	0.20	2.15	97.65
77	0.00	0.18	2.17	97.65
78	0.00	0.18	2.18	97.64
79	0.00	0.19	2.19	97.62
80	0.00	0.19	2.30	97.51
81	0.00	0.19	2.33	97.49
82	0.00	0.20	2.44	97.36
83	0.00	0.21	2.48	97.30
84	0.00	0.21	2.53	97.26
85	0.00	0.23	2.60	97.17
86	0.00	0.23	2.67	97.10
87	0.00	0.24	2.69	97.07
88	0.00	0.23	2.69	97.08
89	0.00	0.25	2.68	97.07
90	0.00	0.28	2.85	96.87
91	0.00	0.28	2.93	96.80
92	0.00	0.30	2.90	96.80
93	0.00	0.28	2.88	96.83
94	0.00	0.28	2.84	96.88
95	0.00	0.53	4.57	94.90




