Parameters
	Library type	Single-end
	Input file	/Volumes/wdhd/users/joaks1/projects/gekgo/data/genomes/msg/plate2/demultiplexed-trimmed/KUFS_14_Gekko_chinensis_China_R1.trimmed.fq
	Primer/Adaptor library	NA
	Cut-off read length for HQ	70%
	Cut-off quality score	20
	Only statistics	On
	Number of processes	2


QC statistics
	File name	KUFS_14_Gekko_chinensis_China_R1.trimmed.fq
	Total number of reads	2160316
	Total number of HQ reads	2158903
	Percentage of HQ reads	99.93%
	Total number of bases	197338810
	Total number of bases in HQ reads	197295655
	Total number of HQ bases in HQ reads	196646470
	Percentage of HQ bases in HQ reads	99.67%
	Number of Primer/Adaptor contaminated HQ reads	NA
	Total number of HQ filtered reads	2158903
	Percentage of HQ filtered reads	99.93%


Detailed QC statistics
	File name	KUFS_14_Gekko_chinensis_China_R1.trimmed.fq
	Minimum read length	5
	Maximum read length	95
	Average read length	91.35
	Total number of reads	2160316
	Total number of reads with non-ATGC bases	0
	Percentage of reads with non-ATGC bases	0.00%
	Total number of bases	197338810
	Total number of HQ bases	196672984
	Percentage of HQ bases	99.66%
	Total number of non-ATGC bases	0
	Percentage of non-ATGC bases	0.00%


Average quality score at each base position of input reads

KUFS_14_Gekko_chinensis_China_R1.trimmed.fq
36.49	36.74	36.80	36.84	36.70	36.65	36.64	38.84	38.90	38.94	38.87	38.83	38.87	38.87	38.89	38.81	38.77	38.74	38.83	38.68	38.67	38.70	38.71	38.72	38.67	38.56	38.54	38.52	38.53	38.45	38.42	38.40	38.30	38.27	38.24	38.11	38.11	38.08	37.99	37.63	37.63	37.57	37.56	37.52	37.40	37.45	37.48	37.42	37.36	37.20	37.11	36.93	36.83	36.66	36.58	36.45	36.33	36.20	36.13	36.00	35.91	35.79	35.64	35.46	35.33	35.17	35.03	34.92	34.73	32.85	33.61	34.10	34.09	33.95	33.90	33.79	33.70	33.58	33.40	33.36	33.25	33.19	33.15	33.08	32.99	32.95	32.89	32.82	32.73	32.74	32.67	32.65	32.60	32.55	31.86	




Read count (%) per base for different quality score ranges

	KUFS_14_Gekko_chinensis_China_R1.trimmed.fq
Ranges	0-10	11-20	21-30	31-40
Base
1	0.00	0.85	1.55	97.60
2	0.00	0.36	0.88	98.76
3	0.00	0.24	0.71	99.05
4	0.00	0.19	0.61	99.19
5	0.00	0.23	1.18	98.59
6	0.00	0.35	1.31	98.34
7	0.00	0.36	1.35	98.30
8	0.00	0.43	1.48	98.10
9	0.00	0.39	1.36	98.25
10	0.00	0.41	1.49	98.09
11	0.00	0.44	1.53	98.04
12	0.00	0.47	1.56	97.97
13	0.00	0.49	1.56	97.95
14	0.00	0.49	1.58	97.92
15	0.00	0.44	1.55	98.00
16	0.00	0.49	1.59	97.92
17	0.00	0.57	1.63	97.80
18	0.00	0.59	1.73	97.68
19	0.00	0.46	1.59	97.95
20	0.00	0.66	1.71	97.63
21	0.00	0.62	1.70	97.68
22	0.00	0.57	1.64	97.79
23	0.00	0.57	1.68	97.76
24	0.00	0.55	1.66	97.79
25	0.00	0.55	1.67	97.78
26	0.00	0.55	1.76	97.69
27	0.00	0.57	1.79	97.64
28	0.00	0.50	1.77	97.73
29	0.00	0.42	1.66	97.91
30	0.00	0.42	1.77	97.81
31	0.00	0.41	1.75	97.84
32	0.00	0.36	1.70	97.94
33	0.00	0.39	1.76	97.85
34	0.00	0.34	1.75	97.91
35	0.00	0.34	1.70	97.97
36	0.00	0.36	1.84	97.80
37	0.00	0.33	1.77	97.90
38	0.00	0.34	1.76	97.90
39	0.00	0.33	1.76	97.91
40	0.00	0.48	3.00	96.51
41	0.00	0.36	2.07	97.57
42	0.00	0.37	2.05	97.58
43	0.00	0.34	2.00	97.66
44	0.00	0.33	1.92	97.75
45	0.00	0.35	2.12	97.52
46	0.00	0.36	1.81	97.83
47	0.00	0.25	1.62	98.13
48	0.00	0.25	1.62	98.13
49	0.00	0.23	1.62	98.15
50	0.00	0.31	1.77	97.92
51	0.00	0.24	1.69	98.07
52	0.00	0.27	1.82	97.91
53	0.00	0.23	1.77	98.00
54	0.00	0.25	1.87	97.88
55	0.00	0.27	1.84	97.89
56	0.00	0.24	1.95	97.81
57	0.00	0.24	1.85	97.91
58	0.00	0.22	1.81	97.97
59	0.00	0.20	1.75	98.06
60	0.00	0.20	1.80	97.99
61	0.00	0.20	1.77	98.04
62	0.00	0.19	1.76	98.05
63	0.00	0.20	1.79	98.01
64	0.00	0.20	1.87	97.94
65	0.00	0.19	1.90	97.91
66	0.00	0.20	2.00	97.80
67	0.00	0.20	2.07	97.73
68	0.00	0.19	1.99	97.82
69	0.00	0.21	2.03	97.75
70	0.00	0.35	5.76	93.89
71	0.00	0.22	3.06	96.72
72	0.00	0.19	2.38	97.43
73	0.00	0.19	2.21	97.60
74	0.00	0.20	2.28	97.51
75	0.00	0.18	2.11	97.70
76	0.00	0.20	2.23	97.57
77	0.00	0.19	2.21	97.59
78	0.00	0.21	2.34	97.45
79	0.00	0.22	2.54	97.24
80	0.00	0.20	2.46	97.34
81	0.00	0.22	2.52	97.26
82	0.00	0.21	2.47	97.32
83	0.00	0.20	2.41	97.39
84	0.00	0.21	2.44	97.35
85	0.00	0.24	2.59	97.17
86	0.00	0.24	2.59	97.18
87	0.00	0.25	2.66	97.10
88	0.00	0.27	2.84	96.89
89	0.00	0.37	2.94	96.70
90	0.00	0.27	2.81	96.92
91	0.00	0.27	2.86	96.87
92	0.00	0.28	2.78	96.94
93	0.00	0.29	2.87	96.84
94	0.00	0.28	2.91	96.81
95	0.00	0.56	4.72	94.72




