Parameters
	Library type	Single-end
	Input file	/Volumes/wdhd/users/joaks1/projects/gekgo/data/genomes/msg/plate2/demultiplexed-trimmed/KUFS_13_Gekko_chinensis_China_R1.trimmed.fq
	Primer/Adaptor library	NA
	Cut-off read length for HQ	70%
	Cut-off quality score	20
	Only statistics	On
	Number of processes	2


QC statistics
	File name	KUFS_13_Gekko_chinensis_China_R1.trimmed.fq
	Total number of reads	1214362
	Total number of HQ reads	1213641
	Percentage of HQ reads	99.94%
	Total number of bases	110100363
	Total number of bases in HQ reads	110080563
	Total number of HQ bases in HQ reads	109669343
	Percentage of HQ bases in HQ reads	99.63%
	Number of Primer/Adaptor contaminated HQ reads	NA
	Total number of HQ filtered reads	1213641
	Percentage of HQ filtered reads	99.94%


Detailed QC statistics
	File name	KUFS_13_Gekko_chinensis_China_R1.trimmed.fq
	Minimum read length	7
	Maximum read length	95
	Average read length	90.67
	Total number of reads	1214362
	Total number of reads with non-ATGC bases	0
	Percentage of reads with non-ATGC bases	0.00%
	Total number of bases	110100363
	Total number of HQ bases	109681465
	Percentage of HQ bases	99.62%
	Total number of non-ATGC bases	0
	Percentage of non-ATGC bases	0.00%


Average quality score at each base position of input reads

KUFS_13_Gekko_chinensis_China_R1.trimmed.fq
36.28	36.62	36.72	36.78	36.64	36.58	36.57	38.62	38.71	38.78	38.69	38.67	38.67	38.66	38.68	38.57	38.52	38.50	38.62	38.44	38.44	38.46	38.49	38.48	38.41	38.31	38.26	38.21	38.21	38.12	38.06	38.04	37.93	37.88	37.85	37.72	37.69	37.66	37.54	37.01	37.07	37.01	36.99	36.98	36.82	36.97	37.01	36.91	36.82	36.65	36.51	36.33	36.24	36.03	35.97	35.80	35.64	35.50	35.41	35.27	35.18	35.03	34.85	34.64	34.46	34.28	34.08	33.98	33.77	31.92	32.71	33.22	33.21	33.07	33.04	32.97	32.93	32.75	32.58	32.57	32.51	32.50	32.47	32.39	32.31	32.28	32.19	32.13	32.01	32.05	31.97	31.96	31.91	31.84	31.05	




Read count (%) per base for different quality score ranges

	KUFS_13_Gekko_chinensis_China_R1.trimmed.fq
Ranges	0-10	11-20	21-30	31-40
Base
1	0.00	1.14	2.18	96.68
2	0.00	0.54	1.28	98.18
3	0.00	0.36	0.99	98.65
4	0.00	0.27	0.82	98.91
5	0.00	0.30	1.41	98.29
6	0.00	0.42	1.58	98.01
7	0.00	0.43	1.63	97.95
8	0.00	0.53	1.82	97.65
9	0.00	0.45	1.68	97.88
10	0.00	0.48	1.76	97.76
11	0.00	0.52	1.85	97.63
12	0.00	0.53	1.85	97.61
13	0.00	0.54	1.87	97.59
14	0.00	0.56	1.88	97.56
15	0.00	0.51	1.85	97.64
16	0.00	0.57	1.91	97.53
17	0.00	0.64	1.95	97.41
18	0.00	0.65	2.08	97.27
19	0.00	0.52	1.92	97.56
20	0.00	0.70	2.08	97.21
21	0.00	0.65	2.03	97.32
22	0.00	0.59	2.01	97.40
23	0.00	0.55	1.98	97.47
24	0.00	0.51	1.97	97.52
25	0.00	0.49	2.01	97.50
26	0.00	0.47	2.06	97.47
27	0.00	0.48	2.09	97.44
28	0.00	0.44	2.07	97.50
29	0.00	0.37	1.94	97.69
30	0.00	0.40	2.05	97.55
31	0.00	0.41	2.08	97.51
32	0.00	0.37	2.02	97.62
33	0.00	0.41	2.10	97.49
34	0.00	0.37	2.06	97.57
35	0.00	0.37	2.04	97.59
36	0.00	0.40	2.23	97.37
37	0.00	0.38	2.13	97.50
38	0.00	0.37	2.11	97.52
39	0.00	0.38	2.16	97.46
40	0.00	0.69	3.93	95.38
41	0.00	0.42	2.68	96.90
42	0.00	0.42	2.59	96.99
43	0.00	0.41	2.49	97.10
44	0.00	0.39	2.43	97.18
45	0.00	0.43	2.76	96.82
46	0.00	0.35	2.12	97.53
47	0.00	0.28	1.98	97.75
48	0.00	0.28	2.06	97.67
49	0.00	0.27	2.05	97.68
50	0.00	0.34	2.16	97.50
51	0.00	0.27	2.14	97.59
52	0.00	0.29	2.22	97.49
53	0.00	0.25	2.19	97.56
54	0.00	0.30	2.34	97.36
55	0.00	0.27	2.22	97.51
56	0.00	0.27	2.33	97.40
57	0.00	0.26	2.22	97.52
58	0.00	0.25	2.17	97.59
59	0.00	0.23	2.12	97.66
60	0.00	0.23	2.14	97.62
61	0.00	0.22	2.04	97.73
62	0.00	0.22	2.07	97.72
63	0.00	0.22	2.10	97.67
64	0.00	0.22	2.22	97.55
65	0.00	0.22	2.24	97.54
66	0.00	0.23	2.35	97.42
67	0.00	0.24	2.46	97.30
68	0.00	0.22	2.28	97.50
69	0.00	0.24	2.36	97.39
70	0.00	0.40	7.05	92.55
71	0.00	0.25	3.54	96.20
72	0.00	0.21	2.76	97.03
73	0.00	0.22	2.58	97.20
74	0.00	0.24	2.70	97.06
75	0.00	0.22	2.53	97.26
76	0.00	0.23	2.63	97.14
77	0.00	0.23	2.53	97.24
78	0.00	0.24	2.71	97.06
79	0.00	0.28	3.20	96.52
80	0.00	0.24	2.95	96.81
81	0.00	0.27	3.02	96.72
82	0.00	0.26	2.84	96.90
83	0.00	0.24	2.79	96.96
84	0.00	0.25	2.80	96.95
85	0.00	0.29	2.95	96.76
86	0.00	0.28	2.95	96.77
87	0.00	0.29	3.08	96.63
88	0.00	0.33	3.19	96.49
89	0.00	0.46	3.43	96.11
90	0.00	0.32	3.13	96.55
91	0.00	0.34	3.25	96.42
92	0.00	0.33	3.13	96.54
93	0.00	0.35	3.20	96.44
94	0.00	0.34	3.19	96.47
95	0.00	0.70	5.34	93.96




