Parameters
	Library type	Single-end
	Input file	/Volumes/wdhd/users/joaks1/projects/gekgo/data/genomes/msg/plate2/demultiplexed-trimmed/KUFS_17_Gekko_chinensis_China_R1.trimmed.fq
	Primer/Adaptor library	NA
	Cut-off read length for HQ	70%
	Cut-off quality score	20
	Only statistics	On
	Number of processes	2


QC statistics
	File name	KUFS_17_Gekko_chinensis_China_R1.trimmed.fq
	Total number of reads	3051368
	Total number of HQ reads	3049537
	Percentage of HQ reads	99.94%
	Total number of bases	278418438
	Total number of bases in HQ reads	278364012
	Total number of HQ bases in HQ reads	277397521
	Percentage of HQ bases in HQ reads	99.65%
	Number of Primer/Adaptor contaminated HQ reads	NA
	Total number of HQ filtered reads	3049537
	Percentage of HQ filtered reads	99.94%


Detailed QC statistics
	File name	KUFS_17_Gekko_chinensis_China_R1.trimmed.fq
	Minimum read length	7
	Maximum read length	95
	Average read length	91.24
	Total number of reads	3051368
	Total number of reads with non-ATGC bases	0
	Percentage of reads with non-ATGC bases	0.00%
	Total number of bases	278418438
	Total number of HQ bases	277430839
	Percentage of HQ bases	99.65%
	Total number of non-ATGC bases	0
	Percentage of non-ATGC bases	0.00%


Average quality score at each base position of input reads

KUFS_17_Gekko_chinensis_China_R1.trimmed.fq
33.34	36.51	36.76	36.83	36.70	36.64	36.63	38.79	38.86	38.92	38.85	38.82	38.85	38.85	38.86	38.77	38.73	38.70	38.80	38.64	38.64	38.67	38.68	38.68	38.64	38.53	38.50	38.47	38.46	38.38	38.34	38.33	38.23	38.20	38.16	38.03	38.03	38.00	37.90	37.50	37.50	37.43	37.43	37.42	37.28	37.37	37.41	37.34	37.27	37.13	37.02	36.83	36.74	36.56	36.49	36.35	36.20	36.08	36.01	35.87	35.78	35.67	35.51	35.32	35.18	35.02	34.85	34.74	34.54	32.68	33.45	33.94	33.93	33.80	33.74	33.65	33.57	33.44	33.27	33.18	33.11	33.07	33.04	32.98	32.88	32.85	32.78	32.72	32.62	32.63	32.56	32.55	32.50	32.44	31.73	




Read count (%) per base for different quality score ranges

	KUFS_17_Gekko_chinensis_China_R1.trimmed.fq
Ranges	0-10	11-20	21-30	31-40
Base
1	0.00	2.23	7.40	90.37
2	0.00	0.58	1.24	98.19
3	0.00	0.29	0.80	98.91
4	0.00	0.21	0.63	99.16
5	0.00	0.25	1.19	98.57
6	0.00	0.37	1.31	98.32
7	0.00	0.35	1.37	98.27
8	0.00	0.44	1.51	98.05
9	0.00	0.39	1.40	98.21
10	0.00	0.42	1.50	98.08
11	0.00	0.44	1.53	98.03
12	0.00	0.47	1.55	97.99
13	0.00	0.48	1.59	97.93
14	0.00	0.50	1.60	97.89
15	0.00	0.45	1.56	97.99
16	0.00	0.48	1.62	97.90
17	0.00	0.56	1.64	97.81
18	0.00	0.58	1.76	97.67
19	0.00	0.46	1.60	97.93
20	0.00	0.64	1.76	97.60
21	0.00	0.60	1.72	97.68
22	0.00	0.55	1.68	97.77
23	0.00	0.55	1.70	97.75
24	0.00	0.53	1.69	97.79
25	0.00	0.52	1.70	97.78
26	0.00	0.52	1.79	97.70
27	0.00	0.52	1.79	97.69
28	0.00	0.46	1.76	97.77
29	0.00	0.39	1.68	97.93
30	0.00	0.39	1.78	97.83
31	0.00	0.40	1.79	97.82
32	0.00	0.34	1.72	97.95
33	0.00	0.38	1.79	97.83
34	0.00	0.34	1.75	97.91
35	0.00	0.34	1.72	97.94
36	0.00	0.36	1.89	97.75
37	0.00	0.32	1.77	97.91
38	0.00	0.33	1.80	97.87
39	0.00	0.34	1.81	97.85
40	0.00	0.52	3.26	96.21
41	0.00	0.36	2.17	97.47
42	0.00	0.37	2.17	97.46
43	0.00	0.35	2.08	97.57
44	0.00	0.33	1.99	97.68
45	0.00	0.37	2.23	97.40
46	0.00	0.33	1.81	97.86
47	0.00	0.25	1.65	98.10
48	0.00	0.25	1.68	98.08
49	0.00	0.24	1.68	98.08
50	0.00	0.30	1.78	97.93
51	0.00	0.25	1.75	98.00
52	0.00	0.26	1.86	97.88
53	0.00	0.22	1.80	97.98
54	0.00	0.25	1.91	97.84
55	0.00	0.26	1.86	97.89
56	0.00	0.24	1.98	97.78
57	0.00	0.24	1.90	97.86
58	0.00	0.22	1.85	97.92
59	0.00	0.20	1.80	98.00
60	0.00	0.21	1.87	97.92
61	0.00	0.20	1.79	98.01
62	0.00	0.20	1.80	98.00
63	0.00	0.20	1.82	97.98
64	0.00	0.20	1.94	97.87
65	0.00	0.19	1.95	97.85
66	0.00	0.20	2.04	97.76
67	0.00	0.21	2.12	97.67
68	0.00	0.20	2.03	97.78
69	0.00	0.22	2.06	97.72
70	0.00	0.36	5.98	93.67
71	0.00	0.23	3.12	96.65
72	0.00	0.19	2.44	97.37
73	0.00	0.20	2.24	97.56
74	0.00	0.21	2.34	97.45
75	0.00	0.19	2.19	97.63
76	0.00	0.20	2.26	97.54
77	0.00	0.20	2.23	97.57
78	0.00	0.21	2.38	97.42
79	0.00	0.24	2.62	97.14
80	0.00	0.22	2.53	97.25
81	0.00	0.22	2.61	97.17
82	0.00	0.22	2.53	97.25
83	0.00	0.21	2.46	97.34
84	0.00	0.22	2.47	97.32
85	0.00	0.25	2.63	97.12
86	0.00	0.24	2.63	97.13
87	0.00	0.25	2.72	97.03
88	0.00	0.28	2.86	96.86
89	0.00	0.38	3.01	96.61
90	0.00	0.29	2.86	96.85
91	0.00	0.28	2.93	96.79
92	0.00	0.28	2.82	96.89
93	0.00	0.30	2.88	96.82
94	0.00	0.30	2.91	96.79
95	0.00	0.60	4.74	94.66




