Parameters
	Library type	Single-end
	Input file	/Volumes/wdhd/users/joaks1/projects/gekgo/data/genomes/msg/plate2/demultiplexed-trimmed/KUFS_16_Gekko_chinensis_China_R1.trimmed.fq
	Primer/Adaptor library	NA
	Cut-off read length for HQ	70%
	Cut-off quality score	20
	Only statistics	On
	Number of processes	2


QC statistics
	File name	KUFS_16_Gekko_chinensis_China_R1.trimmed.fq
	Total number of reads	4581043
	Total number of HQ reads	4578136
	Percentage of HQ reads	99.94%
	Total number of bases	418320349
	Total number of bases in HQ reads	418231592
	Total number of HQ bases in HQ reads	416838146
	Percentage of HQ bases in HQ reads	99.67%
	Number of Primer/Adaptor contaminated HQ reads	NA
	Total number of HQ filtered reads	4578136
	Percentage of HQ filtered reads	99.94%


Detailed QC statistics
	File name	KUFS_16_Gekko_chinensis_China_R1.trimmed.fq
	Minimum read length	7
	Maximum read length	95
	Average read length	91.32
	Total number of reads	4581043
	Total number of reads with non-ATGC bases	0
	Percentage of reads with non-ATGC bases	0.00%
	Total number of bases	418320349
	Total number of HQ bases	416892530
	Percentage of HQ bases	99.66%
	Total number of non-ATGC bases	0
	Percentage of non-ATGC bases	0.00%


Average quality score at each base position of input reads

KUFS_16_Gekko_chinensis_China_R1.trimmed.fq
36.52	36.72	36.80	36.84	36.70	36.64	36.62	38.74	38.83	38.91	38.83	38.81	38.85	38.85	38.86	38.76	38.72	38.69	38.80	38.63	38.64	38.66	38.69	38.68	38.64	38.54	38.51	38.49	38.50	38.42	38.37	38.34	38.25	38.21	38.20	38.07	38.05	38.02	37.92	37.45	37.47	37.41	37.43	37.42	37.27	37.39	37.43	37.35	37.29	37.15	37.04	36.88	36.78	36.60	36.53	36.38	36.26	36.13	36.06	35.95	35.87	35.75	35.60	35.42	35.29	35.14	34.98	34.88	34.68	32.75	33.56	34.10	34.08	33.93	33.89	33.78	33.70	33.57	33.37	33.34	33.20	33.15	33.11	33.04	32.95	32.92	32.84	32.77	32.67	32.69	32.61	32.61	32.55	32.50	31.78	




Read count (%) per base for different quality score ranges

	KUFS_16_Gekko_chinensis_China_R1.trimmed.fq
Ranges	0-10	11-20	21-30	31-40
Base
1	0.00	0.83	1.57	97.60
2	0.00	0.40	0.93	98.67
3	0.00	0.26	0.72	99.02
4	0.00	0.20	0.61	99.18
5	0.00	0.24	1.17	98.59
6	0.00	0.36	1.32	98.32
7	0.00	0.37	1.40	98.24
8	0.00	0.48	1.55	97.97
9	0.00	0.39	1.42	98.19
10	0.00	0.43	1.52	98.06
11	0.00	0.46	1.56	97.98
12	0.00	0.48	1.55	97.97
13	0.00	0.49	1.57	97.93
14	0.00	0.51	1.61	97.88
15	0.00	0.45	1.57	97.98
16	0.00	0.49	1.62	97.89
17	0.00	0.56	1.65	97.79
18	0.00	0.59	1.78	97.63
19	0.00	0.47	1.61	97.92
20	0.00	0.67	1.75	97.58
21	0.00	0.61	1.73	97.66
22	0.00	0.57	1.68	97.75
23	0.00	0.56	1.68	97.75
24	0.00	0.55	1.68	97.77
25	0.00	0.54	1.69	97.76
26	0.00	0.54	1.78	97.68
27	0.00	0.56	1.80	97.63
28	0.00	0.49	1.78	97.73
29	0.00	0.41	1.68	97.91
30	0.00	0.41	1.77	97.82
31	0.00	0.41	1.80	97.79
32	0.00	0.37	1.74	97.90
33	0.00	0.39	1.79	97.82
34	0.00	0.34	1.76	97.90
35	0.00	0.34	1.69	97.97
36	0.00	0.37	1.86	97.78
37	0.00	0.34	1.79	97.87
38	0.00	0.33	1.77	97.90
39	0.00	0.34	1.81	97.85
40	0.00	0.56	3.53	95.91
41	0.00	0.38	2.20	97.42
42	0.00	0.38	2.20	97.42
43	0.00	0.34	2.07	97.59
44	0.00	0.33	1.98	97.69
45	0.00	0.38	2.24	97.38
46	0.00	0.32	1.78	97.90
47	0.00	0.24	1.61	98.14
48	0.00	0.25	1.66	98.09
49	0.00	0.25	1.66	98.10
50	0.00	0.29	1.77	97.94
51	0.00	0.25	1.74	98.01
52	0.00	0.26	1.82	97.92
53	0.00	0.23	1.78	97.99
54	0.00	0.24	1.91	97.85
55	0.00	0.25	1.82	97.93
56	0.00	0.24	1.95	97.81
57	0.00	0.24	1.83	97.94
58	0.00	0.22	1.82	97.96
59	0.00	0.20	1.78	98.02
60	0.00	0.21	1.79	98.00
61	0.00	0.19	1.74	98.07
62	0.00	0.19	1.76	98.05
63	0.00	0.19	1.81	98.00
64	0.00	0.20	1.91	97.90
65	0.00	0.19	1.92	97.89
66	0.00	0.20	1.99	97.81
67	0.00	0.21	2.09	97.70
68	0.00	0.19	1.96	97.85
69	0.00	0.21	2.06	97.73
70	0.00	0.35	6.04	93.61
71	0.00	0.23	3.06	96.71
72	0.00	0.19	2.38	97.44
73	0.00	0.20	2.20	97.60
74	0.00	0.21	2.33	97.46
75	0.00	0.19	2.17	97.64
76	0.00	0.21	2.29	97.51
77	0.00	0.20	2.21	97.59
78	0.00	0.21	2.36	97.44
79	0.00	0.24	2.60	97.16
80	0.00	0.21	2.53	97.27
81	0.00	0.23	2.60	97.17
82	0.00	0.22	2.49	97.29
83	0.00	0.21	2.45	97.35
84	0.00	0.21	2.44	97.35
85	0.00	0.24	2.58	97.18
86	0.00	0.24	2.58	97.19
87	0.00	0.25	2.72	97.03
88	0.00	0.28	2.87	96.85
89	0.00	0.39	3.01	96.60
90	0.00	0.28	2.84	96.88
91	0.00	0.28	2.91	96.81
92	0.00	0.28	2.79	96.93
93	0.00	0.29	2.90	96.81
94	0.00	0.29	2.88	96.83
95	0.00	0.59	4.76	94.66




