Parameters
	Library type	Single-end
	Input file	/Volumes/wdhd/users/joaks1/projects/gekgo/data/genomes/msg/plate2/demultiplexed-trimmed/RMB_6332_Cyrtodactylus_philippinicus_Polillo_R1.trimmed.fq
	Primer/Adaptor library	NA
	Cut-off read length for HQ	70%
	Cut-off quality score	20
	Only statistics	On
	Number of processes	2


QC statistics
	File name	RMB_6332_Cyrtodactylus_philippinicus_Polillo_R1.trimmed.fq
	Total number of reads	306724
	Total number of HQ reads	306373
	Percentage of HQ reads	99.89%
	Total number of bases	28031258
	Total number of bases in HQ reads	28021272
	Total number of HQ bases in HQ reads	27927332
	Percentage of HQ bases in HQ reads	99.66%
	Number of Primer/Adaptor contaminated HQ reads	NA
	Total number of HQ filtered reads	306373
	Percentage of HQ filtered reads	99.89%


Detailed QC statistics
	File name	RMB_6332_Cyrtodactylus_philippinicus_Polillo_R1.trimmed.fq
	Minimum read length	8
	Maximum read length	95
	Average read length	91.39
	Total number of reads	306724
	Total number of reads with non-ATGC bases	0
	Percentage of reads with non-ATGC bases	0.00%
	Total number of bases	28031258
	Total number of HQ bases	27933238
	Percentage of HQ bases	99.65%
	Total number of non-ATGC bases	0
	Percentage of non-ATGC bases	0.00%


Average quality score at each base position of input reads

RMB_6332_Cyrtodactylus_philippinicus_Polillo_R1.trimmed.fq
36.51	36.71	36.77	36.81	36.68	36.63	36.61	38.94	38.91	38.88	38.82	38.79	38.84	38.86	38.83	38.81	38.78	38.70	38.77	38.69	38.65	38.67	38.67	38.67	38.60	38.50	38.46	38.44	38.45	38.35	38.36	38.32	38.21	38.19	38.13	38.02	38.01	37.97	37.87	37.81	37.76	37.66	37.59	37.52	37.44	37.52	37.51	37.44	37.37	37.27	37.16	37.05	36.96	36.84	36.73	36.61	36.57	36.49	36.37	36.27	36.16	36.05	35.89	35.73	35.58	35.42	35.28	35.14	34.96	33.19	33.89	34.26	34.27	34.16	34.04	33.91	33.79	33.70	33.59	33.50	33.42	33.34	33.26	33.19	33.12	33.04	32.98	32.92	32.87	32.79	32.72	32.68	32.66	32.62	32.01	




Read count (%) per base for different quality score ranges

	RMB_6332_Cyrtodactylus_philippinicus_Polillo_R1.trimmed.fq
Ranges	0-10	11-20	21-30	31-40
Base
1	0.00	0.95	1.46	97.59
2	0.00	0.47	0.90	98.64
3	0.00	0.36	0.74	98.90
4	0.00	0.26	0.67	99.08
5	0.00	0.30	1.27	98.44
6	0.00	0.38	1.35	98.27
7	0.00	0.41	1.43	98.16
8	0.00	0.41	1.45	98.14
9	0.00	0.45	1.48	98.07
10	0.00	0.49	1.54	97.97
11	0.00	0.51	1.57	97.92
12	0.00	0.53	1.61	97.86
13	0.00	0.54	1.61	97.86
14	0.00	0.52	1.61	97.87
15	0.00	0.54	1.67	97.80
16	0.00	0.54	1.58	97.88
17	0.00	0.58	1.66	97.75
18	0.00	0.65	1.80	97.55
19	0.00	0.53	1.64	97.83
20	0.00	0.67	1.73	97.60
21	0.00	0.70	1.73	97.58
22	0.00	0.64	1.69	97.68
23	0.00	0.61	1.74	97.64
24	0.00	0.59	1.70	97.71
25	0.00	0.62	1.76	97.61
26	0.00	0.63	1.86	97.52
27	0.00	0.66	1.88	97.46
28	0.00	0.56	1.82	97.62
29	0.00	0.45	1.75	97.80
30	0.00	0.47	1.82	97.71
31	0.00	0.42	1.74	97.84
32	0.00	0.37	1.75	97.87
33	0.00	0.42	1.82	97.76
34	0.00	0.36	1.76	97.88
35	0.00	0.38	1.79	97.83
36	0.00	0.38	1.82	97.80
37	0.00	0.33	1.78	97.89
38	0.00	0.33	1.76	97.91
39	0.00	0.35	1.82	97.83
40	0.00	0.35	1.80	97.84
41	0.00	0.34	1.80	97.86
42	0.00	0.36	1.88	97.76
43	0.00	0.34	1.87	97.79
44	0.00	0.33	1.90	97.77
45	0.00	0.34	1.92	97.74
46	0.00	0.29	1.66	98.05
47	0.00	0.26	1.65	98.09
48	0.00	0.27	1.66	98.06
49	0.00	0.24	1.65	98.11
50	0.00	0.25	1.67	98.08
51	0.00	0.24	1.70	98.06
52	0.00	0.25	1.74	98.01
53	0.00	0.23	1.71	98.06
54	0.00	0.22	1.81	97.97
55	0.00	0.22	1.77	98.01
56	0.00	0.23	1.85	97.93
57	0.00	0.20	1.64	98.17
58	0.00	0.20	1.64	98.16
59	0.00	0.20	1.73	98.07
60	0.00	0.20	1.67	98.13
61	0.00	0.19	1.69	98.13
62	0.00	0.18	1.71	98.11
63	0.00	0.18	1.74	98.09
64	0.00	0.18	1.96	97.86
65	0.00	0.17	1.81	98.02
66	0.00	0.19	1.93	97.88
67	0.00	0.17	1.92	97.91
68	0.00	0.19	1.91	97.90
69	0.00	0.19	2.08	97.73
70	0.00	0.29	5.32	94.38
71	0.00	0.21	2.85	96.95
72	0.00	0.21	2.37	97.43
73	0.00	0.18	2.14	97.68
74	0.00	0.18	2.10	97.72
75	0.00	0.19	2.13	97.69
76	0.00	0.20	2.22	97.58
77	0.00	0.20	2.24	97.56
78	0.00	0.18	2.22	97.59
79	0.00	0.19	2.29	97.52
80	0.00	0.18	2.31	97.51
81	0.00	0.19	2.36	97.45
82	0.00	0.20	2.46	97.34
83	0.00	0.22	2.53	97.25
84	0.00	0.23	2.61	97.16
85	0.00	0.25	2.63	97.12
86	0.00	0.27	2.73	97.00
87	0.00	0.25	2.70	97.05
88	0.00	0.25	2.79	96.96
89	0.00	0.26	2.79	96.95
90	0.00	0.30	2.91	96.79
91	0.00	0.31	3.06	96.63
92	0.00	0.31	2.92	96.77
93	0.00	0.27	2.98	96.75
94	0.00	0.30	2.89	96.81
95	0.00	0.54	4.69	94.77




