Parameters
	Library type	Single-end
	Input file	/Volumes/wdhd/users/joaks1/projects/gekgo/data/genomes/msg/plate2/demultiplexed-trimmed/RMB_5953_Gekko_crombota_BabuyanClaro_R1.trimmed.fq
	Primer/Adaptor library	NA
	Cut-off read length for HQ	70%
	Cut-off quality score	20
	Only statistics	On
	Number of processes	2


QC statistics
	File name	RMB_5953_Gekko_crombota_BabuyanClaro_R1.trimmed.fq
	Total number of reads	668826
	Total number of HQ reads	668320
	Percentage of HQ reads	99.92%
	Total number of bases	61055802
	Total number of bases in HQ reads	61040606
	Total number of HQ bases in HQ reads	60840465
	Percentage of HQ bases in HQ reads	99.67%
	Number of Primer/Adaptor contaminated HQ reads	NA
	Total number of HQ filtered reads	668320
	Percentage of HQ filtered reads	99.92%


Detailed QC statistics
	File name	RMB_5953_Gekko_crombota_BabuyanClaro_R1.trimmed.fq
	Minimum read length	8
	Maximum read length	95
	Average read length	91.29
	Total number of reads	668826
	Total number of reads with non-ATGC bases	0
	Percentage of reads with non-ATGC bases	0.00%
	Total number of bases	61055802
	Total number of HQ bases	60849574
	Percentage of HQ bases	99.66%
	Total number of non-ATGC bases	0
	Percentage of non-ATGC bases	0.00%


Average quality score at each base position of input reads

RMB_5953_Gekko_crombota_BabuyanClaro_R1.trimmed.fq
36.51	36.74	36.81	36.84	36.70	36.65	36.63	38.96	38.95	38.91	38.87	38.78	38.85	38.85	38.85	38.85	38.85	38.78	38.82	38.73	38.69	38.68	38.68	38.67	38.61	38.50	38.45	38.44	38.43	38.24	38.25	38.26	38.13	38.14	38.10	37.94	37.98	37.90	37.84	37.68	37.72	37.61	37.58	37.53	37.47	37.52	37.50	37.45	37.38	37.30	37.19	37.08	36.96	36.89	36.78	36.63	36.62	36.56	36.44	36.32	36.16	36.05	35.92	35.76	35.59	35.45	35.31	35.12	34.98	33.23	33.87	34.27	34.29	34.17	34.06	33.91	33.74	33.63	33.54	33.43	33.33	33.25	33.21	33.15	33.10	33.03	32.93	32.86	32.80	32.74	32.70	32.65	32.59	32.49	31.82	




Read count (%) per base for different quality score ranges

	RMB_5953_Gekko_crombota_BabuyanClaro_R1.trimmed.fq
Ranges	0-10	11-20	21-30	31-40
Base
1	0.00	0.86	1.41	97.72
2	0.00	0.38	0.80	98.81
3	0.00	0.27	0.67	99.06
4	0.00	0.22	0.59	99.19
5	0.00	0.26	1.16	98.58
6	0.00	0.34	1.27	98.38
7	0.00	0.40	1.31	98.29
8	0.00	0.40	1.39	98.21
9	0.00	0.43	1.40	98.16
10	0.00	0.47	1.47	98.05
11	0.00	0.45	1.52	98.02
12	0.00	0.52	1.58	97.90
13	0.00	0.53	1.56	97.91
14	0.00	0.52	1.59	97.89
15	0.00	0.51	1.59	97.90
16	0.00	0.50	1.55	97.95
17	0.00	0.52	1.57	97.91
18	0.00	0.58	1.70	97.72
19	0.00	0.50	1.62	97.87
20	0.00	0.64	1.69	97.67
21	0.00	0.66	1.66	97.68
22	0.00	0.60	1.62	97.78
23	0.00	0.60	1.63	97.77
24	0.00	0.57	1.61	97.82
25	0.00	0.59	1.66	97.75
26	0.00	0.60	1.79	97.61
27	0.00	0.64	1.77	97.59
28	0.00	0.52	1.78	97.70
29	0.00	0.47	1.69	97.84
30	0.00	0.47	1.83	97.70
31	0.00	0.46	1.80	97.74
32	0.00	0.40	1.75	97.85
33	0.00	0.44	1.85	97.70
34	0.00	0.36	1.71	97.92
35	0.00	0.35	1.71	97.94
36	0.00	0.37	1.84	97.79
37	0.00	0.32	1.70	97.97
38	0.00	0.33	1.74	97.93
39	0.00	0.33	1.78	97.89
40	0.00	0.38	1.89	97.73
41	0.00	0.32	1.73	97.95
42	0.00	0.35	1.83	97.82
43	0.00	0.32	1.78	97.91
44	0.00	0.31	1.77	97.92
45	0.00	0.33	1.81	97.86
46	0.00	0.27	1.59	98.15
47	0.00	0.26	1.55	98.18
48	0.00	0.27	1.57	98.17
49	0.00	0.23	1.54	98.22
50	0.00	0.25	1.57	98.18
51	0.00	0.24	1.63	98.13
52	0.00	0.23	1.62	98.15
53	0.00	0.23	1.68	98.09
54	0.00	0.22	1.68	98.10
55	0.00	0.22	1.72	98.06
56	0.00	0.24	1.90	97.85
57	0.00	0.20	1.56	98.24
58	0.00	0.18	1.55	98.28
59	0.00	0.20	1.64	98.17
60	0.00	0.21	1.62	98.17
61	0.00	0.20	1.68	98.12
62	0.00	0.20	1.80	98.00
63	0.00	0.19	1.72	98.09
64	0.00	0.19	1.80	98.01
65	0.00	0.19	1.85	97.96
66	0.00	0.18	1.83	97.98
67	0.00	0.18	1.84	97.98
68	0.00	0.19	1.89	97.92
69	0.00	0.17	1.83	98.00
70	0.00	0.29	4.83	94.88
71	0.00	0.20	2.82	96.98
72	0.00	0.19	2.26	97.54
73	0.00	0.19	2.12	97.69
74	0.00	0.17	2.08	97.75
75	0.00	0.17	2.00	97.83
76	0.00	0.18	2.05	97.77
77	0.00	0.19	2.17	97.64
78	0.00	0.18	2.19	97.63
79	0.00	0.19	2.19	97.63
80	0.00	0.20	2.33	97.47
81	0.00	0.20	2.49	97.31
82	0.00	0.22	2.44	97.34
83	0.00	0.20	2.44	97.36
84	0.00	0.20	2.46	97.34
85	0.00	0.20	2.48	97.31
86	0.00	0.22	2.54	97.23
87	0.00	0.24	2.71	97.05
88	0.00	0.26	2.75	96.98
89	0.00	0.28	2.76	96.96
90	0.00	0.27	2.83	96.90
91	0.00	0.27	2.86	96.87
92	0.00	0.30	2.81	96.89
93	0.00	0.29	2.91	96.80
94	0.00	0.30	3.01	96.69
95	0.00	0.58	4.74	94.68




