Parameters
	Library type	Single-end
	Input file	/Volumes/wdhd/users/joaks1/projects/gekgo/data/genomes/msg/plate2/demultiplexed-trimmed/RMB_7647_Cyrtodactylus_tautbatorum_Palawan_R1.trimmed.fq
	Primer/Adaptor library	NA
	Cut-off read length for HQ	70%
	Cut-off quality score	20
	Only statistics	On
	Number of processes	2


QC statistics
	File name	RMB_7647_Cyrtodactylus_tautbatorum_Palawan_R1.trimmed.fq
	Total number of reads	3852831
	Total number of HQ reads	3850363
	Percentage of HQ reads	99.94%
	Total number of bases	352819324
	Total number of bases in HQ reads	352744085
	Total number of HQ bases in HQ reads	351621005
	Percentage of HQ bases in HQ reads	99.68%
	Number of Primer/Adaptor contaminated HQ reads	NA
	Total number of HQ filtered reads	3850363
	Percentage of HQ filtered reads	99.94%


Detailed QC statistics
	File name	RMB_7647_Cyrtodactylus_tautbatorum_Palawan_R1.trimmed.fq
	Minimum read length	6
	Maximum read length	95
	Average read length	91.57
	Total number of reads	3852831
	Total number of reads with non-ATGC bases	0
	Percentage of reads with non-ATGC bases	0.00%
	Total number of bases	352819324
	Total number of HQ bases	351667111
	Percentage of HQ bases	99.67%
	Total number of non-ATGC bases	0
	Percentage of non-ATGC bases	0.00%


Average quality score at each base position of input reads

RMB_7647_Cyrtodactylus_tautbatorum_Palawan_R1.trimmed.fq
36.49	36.74	36.81	36.84	36.71	36.66	36.64	38.96	38.93	38.89	38.84	38.80	38.88	38.87	38.84	38.82	38.79	38.71	38.79	38.71	38.67	38.70	38.71	38.69	38.61	38.52	38.48	38.47	38.48	38.40	38.40	38.37	38.23	38.23	38.16	38.05	38.05	38.00	37.92	37.86	37.82	37.72	37.64	37.57	37.51	37.62	37.63	37.57	37.50	37.41	37.31	37.18	37.10	36.99	36.88	36.75	36.74	36.65	36.55	36.43	36.31	36.19	36.03	35.88	35.74	35.56	35.39	35.25	35.08	33.31	33.99	34.35	34.34	34.24	34.13	34.00	33.87	33.76	33.64	33.56	33.48	33.40	33.33	33.26	33.20	33.13	33.06	33.01	32.95	32.89	32.83	32.78	32.75	32.71	32.07	




Read count (%) per base for different quality score ranges

	RMB_7647_Cyrtodactylus_tautbatorum_Palawan_R1.trimmed.fq
Ranges	0-10	11-20	21-30	31-40
Base
1	0.00	0.89	1.44	97.67
2	0.00	0.39	0.83	98.78
3	0.00	0.26	0.67	99.07
4	0.00	0.20	0.58	99.22
5	0.00	0.23	1.16	98.61
6	0.00	0.34	1.26	98.41
7	0.00	0.36	1.31	98.33
8	0.00	0.38	1.38	98.24
9	0.00	0.41	1.41	98.18
10	0.00	0.45	1.50	98.06
11	0.00	0.45	1.51	98.04
12	0.00	0.47	1.54	97.99
13	0.00	0.47	1.51	98.02
14	0.00	0.47	1.53	97.99
15	0.00	0.47	1.57	97.96
16	0.00	0.48	1.54	97.98
17	0.00	0.53	1.61	97.86
18	0.00	0.58	1.74	97.68
19	0.00	0.48	1.57	97.95
20	0.00	0.61	1.66	97.74
21	0.00	0.63	1.68	97.69
22	0.00	0.58	1.63	97.80
23	0.00	0.57	1.63	97.80
24	0.00	0.55	1.64	97.81
25	0.00	0.59	1.71	97.70
26	0.00	0.57	1.80	97.63
27	0.00	0.59	1.81	97.60
28	0.00	0.50	1.78	97.72
29	0.00	0.43	1.69	97.88
30	0.00	0.43	1.78	97.80
31	0.00	0.40	1.69	97.91
32	0.00	0.36	1.72	97.92
33	0.00	0.41	1.85	97.74
34	0.00	0.34	1.71	97.94
35	0.00	0.35	1.75	97.90
36	0.00	0.35	1.83	97.82
37	0.00	0.33	1.73	97.93
38	0.00	0.33	1.77	97.90
39	0.00	0.34	1.83	97.84
40	0.00	0.32	1.79	97.88
41	0.00	0.32	1.79	97.89
42	0.00	0.34	1.89	97.77
43	0.00	0.34	1.92	97.75
44	0.00	0.33	1.91	97.77
45	0.00	0.33	1.91	97.76
46	0.00	0.25	1.58	98.16
47	0.00	0.25	1.58	98.17
48	0.00	0.24	1.63	98.13
49	0.00	0.24	1.60	98.15
50	0.00	0.24	1.65	98.11
51	0.00	0.24	1.65	98.11
52	0.00	0.24	1.71	98.05
53	0.00	0.22	1.74	98.03
54	0.00	0.22	1.77	98.01
55	0.00	0.22	1.83	97.95
56	0.00	0.24	1.88	97.88
57	0.00	0.20	1.58	98.23
58	0.00	0.19	1.64	98.17
59	0.00	0.18	1.66	98.16
60	0.00	0.19	1.69	98.11
61	0.00	0.19	1.71	98.10
62	0.00	0.17	1.70	98.12
63	0.00	0.18	1.74	98.08
64	0.00	0.18	1.80	98.02
65	0.00	0.18	1.77	98.05
66	0.00	0.18	1.83	97.98
67	0.00	0.19	1.93	97.88
68	0.00	0.19	1.92	97.88
69	0.00	0.18	1.92	97.90
70	0.00	0.29	4.95	94.76
71	0.00	0.21	2.84	96.95
72	0.00	0.19	2.35	97.47
73	0.00	0.19	2.18	97.64
74	0.00	0.18	2.10	97.71
75	0.00	0.17	2.05	97.78
76	0.00	0.17	2.11	97.72
77	0.00	0.18	2.17	97.66
78	0.00	0.18	2.22	97.60
79	0.00	0.20	2.34	97.46
80	0.00	0.19	2.34	97.46
81	0.00	0.19	2.40	97.41
82	0.00	0.21	2.44	97.35
83	0.00	0.21	2.51	97.28
84	0.00	0.22	2.57	97.21
85	0.00	0.23	2.60	97.17
86	0.00	0.24	2.70	97.07
87	0.00	0.24	2.78	96.98
88	0.00	0.24	2.77	96.99
89	0.00	0.26	2.81	96.94
90	0.00	0.26	2.93	96.81
91	0.00	0.28	3.01	96.71
92	0.00	0.29	3.00	96.71
93	0.00	0.27	2.91	96.81
94	0.00	0.28	2.91	96.80
95	0.00	0.56	4.71	94.73




