Parameters
	Library type	Single-end
	Input file	/Volumes/wdhd/users/joaks1/projects/gekgo/data/genomes/msg/plate2/demultiplexed-trimmed/RMB_7757_Cyrtodactylus_redimiculus_Palawan_R1.trimmed.fq
	Primer/Adaptor library	NA
	Cut-off read length for HQ	70%
	Cut-off quality score	20
	Only statistics	On
	Number of processes	2


QC statistics
	File name	RMB_7757_Cyrtodactylus_redimiculus_Palawan_R1.trimmed.fq
	Total number of reads	213046
	Total number of HQ reads	212836
	Percentage of HQ reads	99.90%
	Total number of bases	19408206
	Total number of bases in HQ reads	19402367
	Total number of HQ bases in HQ reads	19333854
	Percentage of HQ bases in HQ reads	99.65%
	Number of Primer/Adaptor contaminated HQ reads	NA
	Total number of HQ filtered reads	212836
	Percentage of HQ filtered reads	99.90%


Detailed QC statistics
	File name	RMB_7757_Cyrtodactylus_redimiculus_Palawan_R1.trimmed.fq
	Minimum read length	8
	Maximum read length	95
	Average read length	91.10
	Total number of reads	213046
	Total number of reads with non-ATGC bases	0
	Percentage of reads with non-ATGC bases	0.00%
	Total number of bases	19408206
	Total number of HQ bases	19337335
	Percentage of HQ bases	99.63%
	Total number of non-ATGC bases	0
	Percentage of non-ATGC bases	0.00%


Average quality score at each base position of input reads

RMB_7757_Cyrtodactylus_redimiculus_Palawan_R1.trimmed.fq
36.50	36.70	36.77	36.81	36.67	36.62	36.61	38.87	38.83	38.79	38.72	38.70	38.76	38.77	38.74	38.71	38.67	38.57	38.64	38.57	38.51	38.53	38.53	38.53	38.43	38.33	38.27	38.22	38.24	38.15	38.15	38.11	37.97	37.96	37.90	37.76	37.74	37.68	37.58	37.52	37.44	37.33	37.25	37.17	37.10	37.30	37.32	37.25	37.20	37.09	36.99	36.84	36.74	36.62	36.50	36.37	36.35	36.25	36.14	36.03	35.89	35.76	35.59	35.42	35.29	35.11	34.96	34.79	34.63	32.83	33.51	33.91	33.91	33.81	33.69	33.58	33.43	33.33	33.20	33.10	33.03	32.94	32.86	32.78	32.71	32.64	32.58	32.53	32.45	32.39	32.32	32.26	32.23	32.17	31.52	




Read count (%) per base for different quality score ranges

	RMB_7757_Cyrtodactylus_redimiculus_Palawan_R1.trimmed.fq
Ranges	0-10	11-20	21-30	31-40
Base
1	0.00	0.90	1.59	97.51
2	0.00	0.44	0.95	98.61
3	0.00	0.32	0.75	98.93
4	0.00	0.27	0.67	99.06
5	0.00	0.29	1.26	98.45
6	0.00	0.38	1.41	98.22
7	0.00	0.39	1.44	98.17
8	0.00	0.41	1.52	98.06
9	0.00	0.47	1.56	97.97
10	0.00	0.48	1.67	97.85
11	0.00	0.51	1.68	97.81
12	0.00	0.51	1.66	97.83
13	0.00	0.54	1.63	97.83
14	0.00	0.50	1.69	97.81
15	0.00	0.51	1.71	97.78
16	0.00	0.52	1.71	97.78
17	0.00	0.59	1.73	97.68
18	0.00	0.64	1.92	97.44
19	0.00	0.53	1.75	97.72
20	0.00	0.65	1.79	97.56
21	0.00	0.73	1.85	97.43
22	0.00	0.65	1.81	97.55
23	0.00	0.63	1.84	97.53
24	0.00	0.58	1.85	97.57
25	0.00	0.64	1.90	97.46
26	0.00	0.62	2.00	97.38
27	0.00	0.63	2.02	97.35
28	0.00	0.57	2.08	97.34
29	0.00	0.48	1.93	97.59
30	0.00	0.47	2.00	97.53
31	0.00	0.43	1.93	97.64
32	0.00	0.43	1.89	97.68
33	0.00	0.46	2.08	97.45
34	0.00	0.38	1.88	97.74
35	0.00	0.38	1.93	97.69
36	0.00	0.41	2.07	97.52
37	0.00	0.39	1.98	97.63
38	0.00	0.37	2.02	97.61
39	0.00	0.39	2.07	97.54
40	0.00	0.37	2.10	97.53
41	0.00	0.37	2.14	97.49
42	0.00	0.39	2.21	97.40
43	0.00	0.39	2.22	97.39
44	0.00	0.38	2.23	97.39
45	0.00	0.37	2.24	97.39
46	0.00	0.26	1.77	97.97
47	0.00	0.25	1.80	97.95
48	0.00	0.29	1.86	97.85
49	0.00	0.26	1.77	97.98
50	0.00	0.27	1.85	97.88
51	0.00	0.27	1.82	97.91
52	0.00	0.26	1.91	97.83
53	0.00	0.25	1.91	97.85
54	0.00	0.25	1.93	97.82
55	0.00	0.23	1.98	97.79
56	0.00	0.23	2.03	97.74
57	0.00	0.21	1.71	98.08
58	0.00	0.20	1.81	97.99
59	0.00	0.21	1.80	97.99
60	0.00	0.20	1.83	97.97
61	0.00	0.20	1.87	97.93
62	0.00	0.20	1.93	97.87
63	0.00	0.19	1.91	97.89
64	0.00	0.23	2.08	97.69
65	0.00	0.19	2.01	97.80
66	0.00	0.22	2.06	97.72
67	0.00	0.20	2.07	97.73
68	0.00	0.19	2.25	97.56
69	0.00	0.20	2.21	97.58
70	0.00	0.31	5.63	94.07
71	0.00	0.23	3.14	96.63
72	0.00	0.19	2.64	97.17
73	0.00	0.20	2.41	97.39
74	0.00	0.23	2.33	97.45
75	0.00	0.20	2.34	97.46
76	0.00	0.19	2.36	97.45
77	0.00	0.21	2.41	97.38
78	0.00	0.23	2.45	97.31
79	0.00	0.24	2.65	97.11
80	0.00	0.24	2.59	97.18
81	0.00	0.22	2.60	97.18
82	0.00	0.24	2.75	97.00
83	0.00	0.24	2.79	96.97
84	0.00	0.28	2.89	96.83
85	0.00	0.28	3.01	96.71
86	0.00	0.27	3.02	96.71
87	0.00	0.27	3.02	96.70
88	0.00	0.26	3.03	96.71
89	0.00	0.30	3.12	96.57
90	0.00	0.31	3.20	96.49
91	0.00	0.31	3.34	96.35
92	0.00	0.35	3.39	96.27
93	0.00	0.35	3.20	96.45
94	0.00	0.32	3.31	96.37
95	0.00	0.62	5.26	94.11




