Parameters
	Library type	Single-end
	Input file	/Volumes/wdhd/users/joaks1/projects/gekgo/data/genomes/msg/plate2/demultiplexed-trimmed/RMB_13766_Gekko_gecko_Luzon_R1.trimmed.fq
	Primer/Adaptor library	NA
	Cut-off read length for HQ	70%
	Cut-off quality score	20
	Only statistics	On
	Number of processes	2


QC statistics
	File name	RMB_13766_Gekko_gecko_Luzon_R1.trimmed.fq
	Total number of reads	671674
	Total number of HQ reads	671262
	Percentage of HQ reads	99.94%
	Total number of bases	60988628
	Total number of bases in HQ reads	60976373
	Total number of HQ bases in HQ reads	60751076
	Percentage of HQ bases in HQ reads	99.63%
	Number of Primer/Adaptor contaminated HQ reads	NA
	Total number of HQ filtered reads	671262
	Percentage of HQ filtered reads	99.94%


Detailed QC statistics
	File name	RMB_13766_Gekko_gecko_Luzon_R1.trimmed.fq
	Minimum read length	9
	Maximum read length	95
	Average read length	90.80
	Total number of reads	671674
	Total number of reads with non-ATGC bases	0
	Percentage of reads with non-ATGC bases	0.00%
	Total number of bases	60988628
	Total number of HQ bases	60758605
	Percentage of HQ bases	99.62%
	Total number of non-ATGC bases	0
	Percentage of non-ATGC bases	0.00%


Average quality score at each base position of input reads

RMB_13766_Gekko_gecko_Luzon_R1.trimmed.fq
36.42	36.68	36.77	36.81	36.67	36.61	36.58	38.78	38.81	38.79	38.70	38.68	38.73	38.69	38.70	38.61	38.60	38.54	38.58	38.49	38.47	38.45	38.43	38.47	38.35	38.27	38.18	38.19	38.14	38.07	38.06	38.00	37.87	37.86	37.79	37.67	37.67	37.61	37.40	37.28	37.30	37.24	37.19	37.11	37.01	37.15	37.16	37.09	36.99	36.89	36.79	36.66	36.54	36.40	36.29	36.09	36.08	36.01	35.87	35.66	35.55	35.44	35.25	35.08	34.88	34.70	34.55	34.37	34.17	32.42	33.02	33.39	33.40	33.32	33.23	33.13	33.01	32.91	32.82	32.73	32.66	32.57	32.52	32.45	32.39	32.34	32.25	32.18	32.11	32.05	32.01	31.97	31.93	31.85	31.14	




Read count (%) per base for different quality score ranges

	RMB_13766_Gekko_gecko_Luzon_R1.trimmed.fq
Ranges	0-10	11-20	21-30	31-40
Base
1	0.00	0.97	1.75	97.27
2	0.00	0.44	1.06	98.50
3	0.00	0.29	0.83	98.88
4	0.00	0.23	0.73	99.04
5	0.00	0.25	1.34	98.41
6	0.00	0.35	1.47	98.17
7	0.00	0.41	1.55	98.04
8	0.00	0.45	1.60	97.95
9	0.00	0.43	1.59	97.98
10	0.00	0.46	1.73	97.81
11	0.00	0.51	1.77	97.72
12	0.00	0.52	1.80	97.68
13	0.00	0.51	1.78	97.71
14	0.00	0.55	1.82	97.63
15	0.00	0.52	1.79	97.69
16	0.00	0.55	1.86	97.60
17	0.00	0.59	1.90	97.51
18	0.00	0.63	2.05	97.32
19	0.00	0.55	1.94	97.51
20	0.00	0.70	2.02	97.29
21	0.00	0.70	1.96	97.34
22	0.00	0.66	1.94	97.40
23	0.00	0.66	2.02	97.32
24	0.00	0.58	1.91	97.51
25	0.00	0.62	2.07	97.31
26	0.00	0.61	2.16	97.23
27	0.00	0.61	2.18	97.20
28	0.00	0.50	2.09	97.41
29	0.00	0.46	2.08	97.46
30	0.00	0.45	2.15	97.40
31	0.00	0.42	2.09	97.49
32	0.00	0.42	2.07	97.51
33	0.00	0.48	2.22	97.30
34	0.00	0.38	2.03	97.58
35	0.00	0.41	2.12	97.47
36	0.00	0.41	2.20	97.40
37	0.00	0.38	2.07	97.55
38	0.00	0.38	2.11	97.51
39	0.00	0.42	2.29	97.28
40	0.00	0.47	2.41	97.12
41	0.00	0.40	2.19	97.41
42	0.00	0.42	2.26	97.32
43	0.00	0.38	2.30	97.32
44	0.00	0.38	2.30	97.32
45	0.00	0.38	2.38	97.24
46	0.00	0.31	1.96	97.73
47	0.00	0.29	1.92	97.79
48	0.00	0.29	1.98	97.73
49	0.00	0.29	2.04	97.67
50	0.00	0.29	2.06	97.65
51	0.00	0.27	2.03	97.71
52	0.00	0.26	2.08	97.66
53	0.00	0.26	2.12	97.62
54	0.00	0.26	2.14	97.61
55	0.00	0.24	2.17	97.60
56	0.00	0.29	2.38	97.33
57	0.00	0.23	1.97	97.81
58	0.00	0.23	1.91	97.86
59	0.00	0.24	2.02	97.75
60	0.00	0.23	2.09	97.68
61	0.00	0.22	2.05	97.73
62	0.00	0.21	2.00	97.79
63	0.00	0.22	2.11	97.66
64	0.00	0.22	2.14	97.64
65	0.00	0.23	2.25	97.53
66	0.00	0.22	2.28	97.49
67	0.00	0.22	2.24	97.54
68	0.00	0.23	2.27	97.49
69	0.00	0.22	2.34	97.44
70	0.00	0.35	6.12	93.54
71	0.00	0.25	3.50	96.25
72	0.00	0.24	2.89	96.87
73	0.00	0.23	2.61	97.16
74	0.00	0.22	2.55	97.23
75	0.00	0.22	2.54	97.25
76	0.00	0.22	2.58	97.20
77	0.00	0.23	2.68	97.09
78	0.00	0.24	2.78	96.98
79	0.00	0.25	2.77	96.98
80	0.00	0.26	2.87	96.86
81	0.00	0.25	2.93	96.82
82	0.00	0.30	3.01	96.69
83	0.00	0.24	3.00	96.75
84	0.00	0.27	3.09	96.64
85	0.00	0.27	3.12	96.61
86	0.00	0.27	3.04	96.69
87	0.00	0.27	3.26	96.47
88	0.00	0.31	3.31	96.38
89	0.00	0.32	3.33	96.34
90	0.00	0.33	3.43	96.24
91	0.00	0.31	3.38	96.30
92	0.00	0.33	3.34	96.33
93	0.00	0.33	3.36	96.31
94	0.00	0.38	3.40	96.22
95	0.00	0.73	5.52	93.75




