Parameters
	Library type	Single-end
	Input file	/Volumes/wdhd/users/joaks1/projects/gekgo/data/genomes/msg/plate2/demultiplexed-trimmed/RMB_8790_Cyrtodactylus_philippinicus_Tablas_R1.trimmed.fq
	Primer/Adaptor library	NA
	Cut-off read length for HQ	70%
	Cut-off quality score	20
	Only statistics	On
	Number of processes	2


QC statistics
	File name	RMB_8790_Cyrtodactylus_philippinicus_Tablas_R1.trimmed.fq
	Total number of reads	1881770
	Total number of HQ reads	1880853
	Percentage of HQ reads	99.95%
	Total number of bases	171635313
	Total number of bases in HQ reads	171610951
	Total number of HQ bases in HQ reads	171044635
	Percentage of HQ bases in HQ reads	99.67%
	Number of Primer/Adaptor contaminated HQ reads	NA
	Total number of HQ filtered reads	1880853
	Percentage of HQ filtered reads	99.95%


Detailed QC statistics
	File name	RMB_8790_Cyrtodactylus_philippinicus_Tablas_R1.trimmed.fq
	Minimum read length	6
	Maximum read length	95
	Average read length	91.21
	Total number of reads	1881770
	Total number of reads with non-ATGC bases	0
	Percentage of reads with non-ATGC bases	0.00%
	Total number of bases	171635313
	Total number of HQ bases	171059318
	Percentage of HQ bases	99.66%
	Total number of non-ATGC bases	0
	Percentage of non-ATGC bases	0.00%


Average quality score at each base position of input reads

RMB_8790_Cyrtodactylus_philippinicus_Tablas_R1.trimmed.fq
35.45	36.59	36.74	36.80	36.67	36.62	36.61	38.89	38.86	38.82	38.77	38.73	38.74	38.75	38.72	38.71	38.69	38.62	38.70	38.64	38.59	38.60	38.59	38.57	38.49	38.38	38.33	38.28	38.28	38.18	38.20	38.16	38.02	38.03	37.95	37.84	37.83	37.79	37.69	37.62	37.57	37.48	37.39	37.30	37.20	37.31	37.30	37.22	37.14	37.02	36.91	36.76	36.65	36.51	36.38	36.23	36.14	36.02	35.85	35.69	35.52	35.34	35.13	34.91	34.74	34.52	34.36	34.21	34.01	32.37	33.08	33.44	33.49	33.44	33.37	33.30	33.24	33.18	33.12	33.06	33.01	32.95	32.90	32.84	32.79	32.74	32.68	32.63	32.59	32.53	32.47	32.43	32.41	32.36	31.70	




Read count (%) per base for different quality score ranges

	RMB_8790_Cyrtodactylus_philippinicus_Tablas_R1.trimmed.fq
Ranges	0-10	11-20	21-30	31-40
Base
1	0.00	1.41	2.90	95.69
2	0.00	0.52	1.32	98.17
3	0.00	0.33	0.95	98.73
4	0.00	0.25	0.79	98.96
5	0.00	0.27	1.32	98.41
6	0.00	0.37	1.42	98.21
7	0.00	0.38	1.44	98.18
8	0.00	0.39	1.52	98.09
9	0.00	0.42	1.57	98.00
10	0.00	0.46	1.67	97.87
11	0.00	0.47	1.67	97.85
12	0.00	0.47	1.69	97.84
13	0.00	0.48	1.70	97.82
14	0.00	0.48	1.69	97.83
15	0.00	0.48	1.76	97.76
16	0.00	0.47	1.72	97.81
17	0.00	0.52	1.76	97.72
18	0.00	0.57	1.90	97.53
19	0.00	0.44	1.76	97.80
20	0.00	0.53	1.82	97.65
21	0.00	0.52	1.83	97.64
22	0.00	0.44	1.77	97.79
23	0.00	0.42	1.80	97.78
24	0.00	0.38	1.79	97.83
25	0.00	0.38	1.85	97.77
26	0.00	0.39	1.96	97.65
27	0.00	0.41	1.94	97.65
28	0.00	0.39	1.90	97.71
29	0.00	0.34	1.83	97.83
30	0.00	0.38	1.94	97.69
31	0.00	0.35	1.84	97.80
32	0.00	0.34	1.87	97.79
33	0.00	0.41	1.99	97.60
34	0.00	0.34	1.87	97.78
35	0.00	0.36	1.93	97.71
36	0.00	0.35	2.03	97.62
37	0.00	0.33	1.94	97.73
38	0.00	0.33	1.97	97.70
39	0.00	0.34	2.08	97.58
40	0.00	0.34	2.06	97.59
41	0.00	0.33	2.06	97.60
42	0.00	0.35	2.18	97.47
43	0.00	0.35	2.26	97.39
44	0.00	0.35	2.30	97.35
45	0.00	0.36	2.36	97.27
46	0.00	0.28	1.95	97.77
47	0.00	0.27	1.96	97.77
48	0.00	0.28	2.00	97.72
49	0.00	0.26	2.03	97.71
50	0.00	0.26	2.10	97.64
51	0.00	0.24	2.08	97.68
52	0.00	0.25	2.17	97.58
53	0.00	0.24	2.14	97.63
54	0.00	0.23	2.18	97.59
55	0.00	0.24	2.16	97.60
56	0.00	0.24	2.20	97.56
57	0.00	0.20	1.92	97.88
58	0.00	0.20	1.94	97.86
59	0.00	0.22	2.06	97.72
60	0.00	0.22	2.00	97.78
61	0.00	0.20	2.01	97.80
62	0.00	0.20	2.05	97.75
63	0.00	0.20	2.08	97.73
64	0.00	0.21	2.34	97.45
65	0.00	0.20	2.15	97.65
66	0.00	0.20	2.32	97.48
67	0.00	0.21	2.31	97.48
68	0.00	0.22	2.27	97.51
69	0.00	0.21	2.51	97.27
70	0.00	0.32	6.50	93.19
71	0.00	0.23	3.48	96.29
72	0.00	0.20	2.71	97.10
73	0.00	0.19	2.48	97.33
74	0.00	0.19	2.43	97.37
75	0.00	0.20	2.44	97.36
76	0.00	0.21	2.49	97.30
77	0.00	0.21	2.52	97.27
78	0.00	0.21	2.53	97.26
79	0.00	0.21	2.58	97.21
80	0.00	0.21	2.66	97.12
81	0.00	0.22	2.68	97.10
82	0.00	0.23	2.74	97.04
83	0.00	0.25	2.77	96.98
84	0.00	0.26	2.83	96.91
85	0.00	0.27	2.90	96.84
86	0.00	0.27	2.95	96.78
87	0.00	0.27	2.93	96.80
88	0.00	0.28	2.96	96.76
89	0.00	0.31	2.94	96.76
90	0.00	0.31	3.05	96.64
91	0.00	0.34	3.12	96.54
92	0.00	0.35	3.15	96.51
93	0.00	0.35	3.04	96.61
94	0.00	0.35	3.02	96.64
95	0.00	0.67	4.77	94.56




