Parameters
	Library type	Single-end
	Input file	/Volumes/wdhd/users/joaks1/projects/gekgo/data/genomes/msg/plate2/demultiplexed-trimmed/RMB_7873_Cyrtodactylus_redimiculus_Palawan_R1.trimmed.fq
	Primer/Adaptor library	NA
	Cut-off read length for HQ	70%
	Cut-off quality score	20
	Only statistics	On
	Number of processes	2


QC statistics
	File name	RMB_7873_Cyrtodactylus_redimiculus_Palawan_R1.trimmed.fq
	Total number of reads	281294
	Total number of HQ reads	281129
	Percentage of HQ reads	99.94%
	Total number of bases	25683344
	Total number of bases in HQ reads	25678303
	Total number of HQ bases in HQ reads	25591871
	Percentage of HQ bases in HQ reads	99.66%
	Number of Primer/Adaptor contaminated HQ reads	NA
	Total number of HQ filtered reads	281129
	Percentage of HQ filtered reads	99.94%


Detailed QC statistics
	File name	RMB_7873_Cyrtodactylus_redimiculus_Palawan_R1.trimmed.fq
	Minimum read length	8
	Maximum read length	95
	Average read length	91.30
	Total number of reads	281294
	Total number of reads with non-ATGC bases	0
	Percentage of reads with non-ATGC bases	0.00%
	Total number of bases	25683344
	Total number of HQ bases	25594925
	Percentage of HQ bases	99.66%
	Total number of non-ATGC bases	0
	Percentage of non-ATGC bases	0.00%


Average quality score at each base position of input reads

RMB_7873_Cyrtodactylus_redimiculus_Palawan_R1.trimmed.fq
35.12	36.62	36.77	36.83	36.69	36.65	36.64	38.92	38.90	38.85	38.80	38.77	38.85	38.85	38.82	38.80	38.77	38.67	38.74	38.67	38.62	38.64	38.65	38.64	38.56	38.46	38.41	38.38	38.39	38.30	38.30	38.26	38.13	38.13	38.07	37.94	37.93	37.90	37.79	37.72	37.66	37.57	37.49	37.43	37.35	37.47	37.47	37.39	37.33	37.22	37.13	36.99	36.90	36.79	36.68	36.55	36.52	36.44	36.33	36.20	36.07	35.93	35.77	35.61	35.45	35.27	35.12	34.96	34.80	33.06	33.72	34.08	34.07	33.96	33.87	33.73	33.59	33.49	33.38	33.28	33.22	33.14	33.07	32.99	32.93	32.86	32.79	32.74	32.66	32.61	32.55	32.50	32.46	32.40	31.78	




Read count (%) per base for different quality score ranges

	RMB_7873_Cyrtodactylus_redimiculus_Palawan_R1.trimmed.fq
Ranges	0-10	11-20	21-30	31-40
Base
1	0.00	1.51	2.92	95.57
2	0.00	0.50	1.08	98.42
3	0.00	0.30	0.79	98.91
4	0.00	0.22	0.62	99.17
5	0.00	0.25	1.18	98.57
6	0.00	0.32	1.30	98.38
7	0.00	0.36	1.32	98.31
8	0.00	0.39	1.41	98.20
9	0.00	0.42	1.42	98.16
10	0.00	0.45	1.54	98.00
11	0.00	0.46	1.57	97.98
12	0.00	0.44	1.59	97.97
13	0.00	0.47	1.51	98.02
14	0.00	0.45	1.56	97.99
15	0.00	0.48	1.59	97.93
16	0.00	0.45	1.60	97.95
17	0.00	0.50	1.63	97.86
18	0.00	0.60	1.76	97.64
19	0.00	0.50	1.63	97.87
20	0.00	0.60	1.71	97.69
21	0.00	0.62	1.76	97.62
22	0.00	0.58	1.66	97.76
23	0.00	0.57	1.69	97.74
24	0.00	0.52	1.71	97.76
25	0.00	0.57	1.78	97.65
26	0.00	0.55	1.87	97.58
27	0.00	0.56	1.90	97.53
28	0.00	0.49	1.87	97.63
29	0.00	0.41	1.75	97.84
30	0.00	0.42	1.88	97.69
31	0.00	0.39	1.78	97.83
32	0.00	0.37	1.80	97.83
33	0.00	0.42	1.95	97.63
34	0.00	0.36	1.79	97.85
35	0.00	0.32	1.78	97.90
36	0.00	0.38	1.91	97.71
37	0.00	0.34	1.80	97.86
38	0.00	0.34	1.79	97.87
39	0.00	0.36	1.95	97.69
40	0.00	0.36	1.95	97.70
41	0.00	0.36	1.94	97.70
42	0.00	0.37	2.01	97.62
43	0.00	0.37	2.02	97.61
44	0.00	0.35	1.99	97.66
45	0.00	0.35	2.06	97.59
46	0.00	0.26	1.67	98.07
47	0.00	0.23	1.70	98.07
48	0.00	0.27	1.75	97.98
49	0.00	0.24	1.70	98.05
50	0.00	0.27	1.74	97.99
51	0.00	0.23	1.77	98.00
52	0.00	0.24	1.85	97.92
53	0.00	0.24	1.79	97.97
54	0.00	0.23	1.86	97.91
55	0.00	0.24	1.87	97.89
56	0.00	0.24	1.99	97.77
57	0.00	0.20	1.70	98.10
58	0.00	0.18	1.74	98.08
59	0.00	0.19	1.74	98.07
60	0.00	0.19	1.75	98.06
61	0.00	0.19	1.82	97.99
62	0.00	0.19	1.84	97.97
63	0.00	0.18	1.86	97.96
64	0.00	0.20	1.94	97.86
65	0.00	0.21	1.91	97.88
66	0.00	0.18	1.99	97.83
67	0.00	0.22	1.98	97.80
68	0.00	0.19	2.04	97.77
69	0.00	0.19	2.01	97.80
70	0.00	0.29	5.23	94.48
71	0.00	0.22	2.97	96.81
72	0.00	0.19	2.43	97.38
73	0.00	0.20	2.23	97.57
74	0.00	0.21	2.23	97.56
75	0.00	0.20	2.17	97.64
76	0.00	0.18	2.18	97.64
77	0.00	0.20	2.28	97.52
78	0.00	0.20	2.37	97.43
79	0.00	0.22	2.48	97.30
80	0.00	0.22	2.54	97.24
81	0.00	0.21	2.46	97.33
82	0.00	0.22	2.56	97.22
83	0.00	0.22	2.64	97.14
84	0.00	0.26	2.77	96.98
85	0.00	0.27	2.83	96.90
86	0.00	0.28	2.86	96.86
87	0.00	0.29	2.89	96.82
88	0.00	0.26	2.89	96.85
89	0.00	0.29	3.05	96.65
90	0.00	0.28	3.02	96.70
91	0.00	0.30	3.12	96.58
92	0.00	0.33	3.11	96.56
93	0.00	0.31	3.05	96.64
94	0.00	0.32	3.13	96.55
95	0.00	0.59	4.94	94.47




