Parameters
	Library type	Single-end
	Input file	/Volumes/wdhd/users/joaks1/projects/gekgo/data/genomes/msg/plate2/demultiplexed-trimmed/RMB_13588_Gekko_carusadensis_Luzon_R1.trimmed.fq
	Primer/Adaptor library	NA
	Cut-off read length for HQ	70%
	Cut-off quality score	20
	Only statistics	On
	Number of processes	2


QC statistics
	File name	RMB_13588_Gekko_carusadensis_Luzon_R1.trimmed.fq
	Total number of reads	12020
	Total number of HQ reads	11999
	Percentage of HQ reads	99.83%
	Total number of bases	1079755
	Total number of bases in HQ reads	1079300
	Total number of HQ bases in HQ reads	1074664
	Percentage of HQ bases in HQ reads	99.57%
	Number of Primer/Adaptor contaminated HQ reads	NA
	Total number of HQ filtered reads	11999
	Percentage of HQ filtered reads	99.83%


Detailed QC statistics
	File name	RMB_13588_Gekko_carusadensis_Luzon_R1.trimmed.fq
	Minimum read length	11
	Maximum read length	95
	Average read length	89.83
	Total number of reads	12020
	Total number of reads with non-ATGC bases	0
	Percentage of reads with non-ATGC bases	0.00%
	Total number of bases	1079755
	Total number of HQ bases	1074932
	Percentage of HQ bases	99.55%
	Total number of non-ATGC bases	0
	Percentage of non-ATGC bases	0.00%


Average quality score at each base position of input reads

RMB_13588_Gekko_carusadensis_Luzon_R1.trimmed.fq
35.91	36.39	36.53	36.62	36.50	36.47	36.48	38.69	38.64	38.61	38.58	38.49	38.53	38.49	38.48	38.44	38.45	38.37	38.43	38.34	38.29	38.19	38.20	38.15	38.00	37.86	37.83	37.80	37.73	37.61	37.61	37.63	37.43	37.40	37.33	37.22	37.19	37.07	37.04	36.89	36.80	36.74	36.66	36.58	36.44	36.51	36.49	36.44	36.26	36.10	35.94	35.74	35.60	35.39	35.21	35.02	34.91	34.73	34.56	34.33	34.11	33.93	33.68	33.52	33.29	33.11	32.97	32.88	32.69	30.99	31.76	32.22	32.26	32.25	32.22	32.15	32.07	32.00	31.90	31.81	31.80	31.71	31.73	31.66	31.56	31.48	31.40	31.35	31.32	31.25	31.19	31.16	31.15	31.00	30.33	




Read count (%) per base for different quality score ranges

	RMB_13588_Gekko_carusadensis_Luzon_R1.trimmed.fq
Ranges	0-10	11-20	21-30	31-40
Base
1	0.00	1.99	3.30	94.71
2	0.00	0.93	1.99	97.08
3	0.00	0.82	1.39	97.79
4	0.00	0.57	1.41	98.01
5	0.00	0.59	1.83	97.58
6	0.00	0.65	1.85	97.50
7	0.00	0.61	2.01	97.38
8	0.00	0.55	1.79	97.66
9	0.00	0.67	1.93	97.40
10	0.00	0.66	2.07	97.27
11	0.00	0.58	2.17	97.25
12	0.00	0.66	2.08	97.26
13	0.00	0.56	1.91	97.53
14	0.00	0.57	2.21	97.22
15	0.00	0.55	2.15	97.30
16	0.00	0.53	2.21	97.26
17	0.00	0.59	2.38	97.03
18	0.00	0.51	2.54	96.95
19	0.00	0.54	2.16	97.30
20	0.00	0.48	2.36	97.16
21	0.00	0.48	2.32	97.21
22	0.00	0.60	2.24	97.17
23	0.00	0.45	2.16	97.39
24	0.00	0.40	2.30	97.30
25	0.00	0.39	2.38	97.23
26	0.00	0.52	2.36	97.12
27	0.00	0.33	2.62	97.06
28	0.00	0.56	2.32	97.12
29	0.00	0.52	2.30	97.18
30	0.00	0.49	2.53	96.97
31	0.00	0.33	2.34	97.33
32	0.00	0.42	2.13	97.46
33	0.00	0.46	2.30	97.24
34	0.00	0.38	2.38	97.25
35	0.00	0.47	2.56	96.97
36	0.00	0.33	2.61	97.07
37	0.00	0.49	2.50	97.01
38	0.00	0.50	2.66	96.84
39	0.00	0.44	2.61	96.95
40	0.00	0.46	2.89	96.65
41	0.00	0.54	2.90	96.56
42	0.00	0.54	2.84	96.63
43	0.00	0.59	2.84	96.57
44	0.00	0.48	2.68	96.84
45	0.00	0.49	3.19	96.31
46	0.00	0.35	2.67	96.98
47	0.00	0.23	2.71	97.05
48	0.00	0.27	2.59	97.14
49	0.00	0.45	2.82	96.73
50	0.00	0.46	2.71	96.84
51	0.00	0.32	2.69	96.99
52	0.00	0.34	2.89	96.78
53	0.00	0.35	2.64	97.02
54	0.00	0.35	2.77	96.89
55	0.00	0.33	2.73	96.94
56	0.00	0.29	2.60	97.11
57	0.00	0.31	2.28	97.41
58	0.00	0.23	2.59	97.18
59	0.00	0.25	2.32	97.42
60	0.00	0.31	2.57	97.12
61	0.00	0.29	2.54	97.17
62	0.00	0.32	2.30	97.37
63	0.00	0.26	2.83	96.90
64	0.00	0.24	2.53	97.23
65	0.00	0.32	3.02	96.66
66	0.00	0.34	2.98	96.69
67	0.00	0.36	3.11	96.52
68	0.00	0.31	3.09	96.60
69	0.00	0.32	2.93	96.74
70	0.00	0.47	7.88	91.65
71	0.00	0.29	4.24	95.47
72	0.00	0.26	3.32	96.42
73	0.00	0.29	3.30	96.42
74	0.00	0.27	3.21	96.52
75	0.00	0.24	3.01	96.75
76	0.00	0.31	2.99	96.70
77	0.00	0.25	3.20	96.55
78	0.00	0.29	2.86	96.85
79	0.00	0.29	2.98	96.73
80	0.00	0.25	3.36	96.39
81	0.00	0.26	2.86	96.88
82	0.00	0.38	3.16	96.45
83	0.00	0.28	2.96	96.76
84	0.00	0.33	3.12	96.55
85	0.00	0.37	3.31	96.32
86	0.00	0.38	3.43	96.19
87	0.00	0.38	3.36	96.27
88	0.00	0.41	3.43	96.16
89	0.00	0.40	3.27	96.33
90	0.00	0.36	3.34	96.30
91	0.00	0.42	3.41	96.17
92	0.00	0.38	3.37	96.25
93	0.00	0.34	3.20	96.45
94	0.00	0.41	3.77	95.82
95	0.00	0.86	5.42	93.71




