Parameters
	Library type	Single-end
	Input file	/Volumes/wdhd/users/joaks1/projects/gekgo/data/genomes/msg/plate2/demultiplexed-trimmed/RMB_7842_Cyrtodactylus_redimiculus_Palawan_R1.trimmed.fq
	Primer/Adaptor library	NA
	Cut-off read length for HQ	70%
	Cut-off quality score	20
	Only statistics	On
	Number of processes	2


QC statistics
	File name	RMB_7842_Cyrtodactylus_redimiculus_Palawan_R1.trimmed.fq
	Total number of reads	1075452
	Total number of HQ reads	1074759
	Percentage of HQ reads	99.94%
	Total number of bases	97912253
	Total number of bases in HQ reads	97893130
	Total number of HQ bases in HQ reads	97549479
	Percentage of HQ bases in HQ reads	99.65%
	Number of Primer/Adaptor contaminated HQ reads	NA
	Total number of HQ filtered reads	1074759
	Percentage of HQ filtered reads	99.94%


Detailed QC statistics
	File name	RMB_7842_Cyrtodactylus_redimiculus_Palawan_R1.trimmed.fq
	Minimum read length	7
	Maximum read length	95
	Average read length	91.04
	Total number of reads	1075452
	Total number of reads with non-ATGC bases	0
	Percentage of reads with non-ATGC bases	0.00%
	Total number of bases	97912253
	Total number of HQ bases	97561092
	Percentage of HQ bases	99.64%
	Total number of non-ATGC bases	0
	Percentage of non-ATGC bases	0.00%


Average quality score at each base position of input reads

RMB_7842_Cyrtodactylus_redimiculus_Palawan_R1.trimmed.fq
36.39	36.65	36.74	36.79	36.65	36.61	36.60	38.87	38.84	38.80	38.72	38.71	38.78	38.76	38.73	38.69	38.67	38.59	38.67	38.59	38.54	38.56	38.55	38.55	38.47	38.36	38.31	38.26	38.27	38.17	38.17	38.13	38.00	37.99	37.94	37.80	37.79	37.74	37.64	37.58	37.51	37.41	37.33	37.25	37.17	37.27	37.26	37.19	37.13	37.00	36.89	36.74	36.65	36.52	36.39	36.26	36.23	36.13	36.01	35.88	35.74	35.58	35.40	35.21	35.05	34.85	34.68	34.49	34.31	32.61	33.26	33.60	33.61	33.52	33.43	33.33	33.21	33.15	33.06	32.98	32.93	32.85	32.79	32.74	32.67	32.59	32.54	32.49	32.41	32.37	32.30	32.26	32.23	32.18	31.53	




Read count (%) per base for different quality score ranges

	RMB_7842_Cyrtodactylus_redimiculus_Palawan_R1.trimmed.fq
Ranges	0-10	11-20	21-30	31-40
Base
1	0.00	1.08	1.85	97.07
2	0.00	0.52	1.11	98.36
3	0.00	0.34	0.90	98.76
4	0.00	0.26	0.77	98.97
5	0.00	0.30	1.40	98.30
6	0.00	0.38	1.46	98.16
7	0.00	0.40	1.50	98.10
8	0.00	0.43	1.58	97.99
9	0.00	0.47	1.60	97.93
10	0.00	0.49	1.73	97.78
11	0.00	0.51	1.74	97.75
12	0.00	0.51	1.74	97.75
13	0.00	0.51	1.70	97.79
14	0.00	0.54	1.73	97.73
15	0.00	0.51	1.76	97.72
16	0.00	0.52	1.72	97.76
17	0.00	0.57	1.80	97.63
18	0.00	0.62	1.96	97.42
19	0.00	0.51	1.81	97.68
20	0.00	0.65	1.86	97.48
21	0.00	0.66	1.92	97.42
22	0.00	0.60	1.85	97.55
23	0.00	0.60	1.90	97.50
24	0.00	0.54	1.84	97.62
25	0.00	0.54	1.90	97.55
26	0.00	0.51	2.02	97.47
27	0.00	0.52	2.00	97.48
28	0.00	0.46	2.00	97.54
29	0.00	0.39	1.86	97.75
30	0.00	0.42	1.98	97.60
31	0.00	0.40	1.90	97.70
32	0.00	0.37	1.89	97.75
33	0.00	0.44	2.00	97.56
34	0.00	0.36	1.88	97.76
35	0.00	0.37	1.87	97.75
36	0.00	0.39	2.05	97.56
37	0.00	0.35	1.95	97.70
38	0.00	0.36	1.95	97.69
39	0.00	0.36	2.04	97.60
40	0.00	0.35	2.03	97.62
41	0.00	0.36	2.07	97.58
42	0.00	0.37	2.18	97.45
43	0.00	0.37	2.22	97.41
44	0.00	0.35	2.24	97.41
45	0.00	0.36	2.22	97.42
46	0.00	0.28	1.88	97.84
47	0.00	0.28	1.91	97.82
48	0.00	0.28	1.95	97.77
49	0.00	0.26	1.89	97.85
50	0.00	0.28	1.95	97.77
51	0.00	0.27	1.96	97.76
52	0.00	0.27	2.11	97.62
53	0.00	0.25	2.03	97.71
54	0.00	0.25	2.11	97.64
55	0.00	0.24	2.15	97.61
56	0.00	0.25	2.20	97.55
57	0.00	0.21	1.89	97.90
58	0.00	0.21	1.91	97.88
59	0.00	0.22	1.90	97.89
60	0.00	0.22	1.93	97.85
61	0.00	0.21	1.95	97.85
62	0.00	0.20	2.02	97.78
63	0.00	0.20	1.99	97.80
64	0.00	0.21	2.14	97.64
65	0.00	0.20	2.04	97.76
66	0.00	0.21	2.16	97.63
67	0.00	0.20	2.20	97.60
68	0.00	0.22	2.29	97.49
69	0.00	0.20	2.25	97.55
70	0.00	0.33	5.84	93.83
71	0.00	0.24	3.30	96.45
72	0.00	0.20	2.70	97.09
73	0.00	0.21	2.45	97.34
74	0.00	0.21	2.41	97.39
75	0.00	0.20	2.39	97.40
76	0.00	0.19	2.43	97.38
77	0.00	0.21	2.53	97.26
78	0.00	0.21	2.51	97.28
79	0.00	0.22	2.61	97.16
80	0.00	0.23	2.65	97.12
81	0.00	0.23	2.64	97.13
82	0.00	0.24	2.76	97.00
83	0.00	0.24	2.79	96.97
84	0.00	0.26	2.86	96.88
85	0.00	0.28	2.93	96.79
86	0.00	0.30	3.06	96.64
87	0.00	0.28	3.02	96.70
88	0.00	0.28	3.02	96.70
89	0.00	0.32	3.17	96.51
90	0.00	0.32	3.12	96.56
91	0.00	0.35	3.27	96.39
92	0.00	0.35	3.22	96.43
93	0.00	0.32	3.12	96.56
94	0.00	0.34	3.12	96.54
95	0.00	0.63	5.09	94.29




