Parameters
	Library type	Single-end
	Input file	/Volumes/wdhd/users/joaks1/projects/gekgo/data/genomes/msg/plate2/demultiplexed-trimmed/RMB_12578_Gehyra_mutilata_Luzon_R1.trimmed.fq
	Primer/Adaptor library	NA
	Cut-off read length for HQ	70%
	Cut-off quality score	20
	Only statistics	On
	Number of processes	2


QC statistics
	File name	RMB_12578_Gehyra_mutilata_Luzon_R1.trimmed.fq
	Total number of reads	9179
	Total number of HQ reads	9156
	Percentage of HQ reads	99.75%
	Total number of bases	825400
	Total number of bases in HQ reads	824804
	Total number of HQ bases in HQ reads	821285
	Percentage of HQ bases in HQ reads	99.57%
	Number of Primer/Adaptor contaminated HQ reads	NA
	Total number of HQ filtered reads	9156
	Percentage of HQ filtered reads	99.75%


Detailed QC statistics
	File name	RMB_12578_Gehyra_mutilata_Luzon_R1.trimmed.fq
	Minimum read length	12
	Maximum read length	95
	Average read length	89.92
	Total number of reads	9179
	Total number of reads with non-ATGC bases	0
	Percentage of reads with non-ATGC bases	0.00%
	Total number of bases	825400
	Total number of HQ bases	821607
	Percentage of HQ bases	99.54%
	Total number of non-ATGC bases	0
	Percentage of non-ATGC bases	0.00%


Average quality score at each base position of input reads

RMB_12578_Gehyra_mutilata_Luzon_R1.trimmed.fq
35.98	36.53	36.69	36.73	36.56	36.46	36.48	38.67	38.69	38.63	38.52	38.51	38.54	38.60	38.54	38.48	38.47	38.39	38.48	38.35	38.24	38.28	38.31	38.30	38.18	38.08	38.05	37.98	37.97	37.88	37.84	37.78	37.54	37.54	37.48	37.39	37.30	37.20	37.06	37.04	37.02	36.88	36.79	36.68	36.65	36.70	36.70	36.67	36.61	36.47	36.39	36.23	36.16	35.99	35.89	35.64	35.67	35.55	35.43	35.31	35.21	35.09	34.84	34.75	34.58	34.41	34.22	34.04	33.88	32.15	32.82	33.13	33.16	33.06	32.90	32.76	32.65	32.55	32.42	32.34	32.28	32.18	32.10	32.04	31.97	31.90	31.86	31.82	31.73	31.66	31.58	31.56	31.46	31.42	30.79	




Read count (%) per base for different quality score ranges

	RMB_12578_Gehyra_mutilata_Luzon_R1.trimmed.fq
Ranges	0-10	11-20	21-30	31-40
Base
1	0.00	1.69	2.58	95.73
2	0.00	0.73	1.59	97.68
3	0.00	0.45	1.06	98.50
4	0.00	0.34	0.98	98.68
5	0.00	0.47	1.75	97.78
6	0.00	0.64	1.95	97.41
7	0.00	0.62	1.80	97.58
8	0.00	0.56	2.18	97.27
9	0.00	0.52	1.90	97.58
10	0.00	0.69	2.10	97.21
11	0.00	0.64	2.41	96.95
12	0.00	0.68	2.19	97.13
13	0.00	0.81	2.31	96.88
14	0.00	0.59	2.23	97.18
15	0.00	0.87	2.21	96.92
16	0.00	0.69	2.49	96.83
17	0.00	0.75	2.19	97.05
18	0.00	0.91	2.29	96.80
19	0.00	0.77	2.08	97.14
20	0.00	1.03	2.30	96.67
21	0.00	1.22	2.51	96.26
22	0.00	0.89	2.38	96.73
23	0.00	0.94	2.18	96.88
24	0.00	0.92	2.32	96.76
25	0.00	0.99	2.43	96.58
26	0.00	0.98	2.31	96.71
27	0.00	0.92	2.40	96.67
28	0.00	0.65	2.53	96.82
29	0.00	0.56	2.37	97.07
30	0.00	0.52	2.41	97.07
31	0.00	0.50	2.20	97.31
32	0.00	0.40	2.32	97.28
33	0.00	0.57	2.31	97.13
34	0.00	0.44	2.09	97.48
35	0.00	0.32	2.31	97.37
36	0.00	0.33	2.06	97.61
37	0.00	0.43	2.36	97.21
38	0.00	0.51	2.06	97.43
39	0.00	0.55	2.36	97.09
40	0.00	0.45	2.04	97.51
41	0.00	0.35	1.99	97.65
42	0.00	0.40	2.33	97.28
43	0.00	0.40	2.21	97.40
44	0.00	0.41	2.56	97.03
45	0.00	0.34	2.34	97.32
46	0.00	0.34	1.85	97.81
47	0.00	0.34	2.12	97.54
48	0.00	0.32	1.91	97.77
49	0.00	0.32	1.79	97.89
50	0.00	0.25	2.13	97.62
51	0.00	0.21	2.03	97.76
52	0.00	0.30	2.07	97.63
53	0.00	0.24	2.24	97.52
54	0.00	0.20	2.41	97.39
55	0.00	0.26	2.04	97.70
56	0.00	0.34	2.52	97.14
57	0.00	0.20	1.84	97.96
58	0.00	0.19	2.22	97.59
59	0.00	0.28	2.10	97.62
60	0.00	0.22	2.31	97.46
61	0.00	0.21	2.09	97.69
62	0.00	0.19	2.05	97.76
63	0.00	0.21	2.28	97.50
64	0.00	0.18	2.14	97.68
65	0.00	0.21	2.22	97.57
66	0.00	0.30	2.02	97.68
67	0.00	0.20	2.29	97.51
68	0.00	0.18	2.23	97.59
69	0.00	0.25	2.15	97.60
70	0.00	0.41	5.45	94.14
71	0.00	0.23	3.05	96.72
72	0.00	0.25	2.82	96.92
73	0.00	0.21	2.49	97.31
74	0.00	0.22	2.41	97.38
75	0.00	0.27	2.43	97.30
76	0.00	0.27	2.70	97.03
77	0.00	0.22	2.70	97.09
78	0.00	0.26	2.56	97.18
79	0.00	0.26	2.70	97.04
80	0.00	0.24	2.69	97.06
81	0.00	0.27	2.45	97.28
82	0.00	0.32	2.64	97.05
83	0.00	0.20	3.07	96.73
84	0.00	0.15	2.91	96.94
85	0.00	0.25	2.85	96.90
86	0.00	0.23	3.04	96.73
87	0.00	0.22	3.28	96.50
88	0.00	0.25	3.10	96.66
89	0.00	0.38	3.11	96.51
90	0.00	0.38	3.25	96.37
91	0.00	0.32	3.61	96.06
92	0.00	0.25	3.20	96.55
93	0.00	0.41	3.28	96.31
94	0.00	0.36	3.11	96.53
95	0.00	0.65	5.12	94.23




