Parameters
	Library type	Single-end
	Input file	/Volumes/wdhd/users/joaks1/projects/gekgo/data/genomes/msg/plate2/demultiplexed-trimmed/RMB_7828_Gekko_athymus_Palawan_R1.trimmed.fq
	Primer/Adaptor library	NA
	Cut-off read length for HQ	70%
	Cut-off quality score	20
	Only statistics	On
	Number of processes	2


QC statistics
	File name	RMB_7828_Gekko_athymus_Palawan_R1.trimmed.fq
	Total number of reads	3798488
	Total number of HQ reads	3795971
	Percentage of HQ reads	99.93%
	Total number of bases	346956382
	Total number of bases in HQ reads	346880602
	Total number of HQ bases in HQ reads	345722712
	Percentage of HQ bases in HQ reads	99.67%
	Number of Primer/Adaptor contaminated HQ reads	NA
	Total number of HQ filtered reads	3795971
	Percentage of HQ filtered reads	99.93%


Detailed QC statistics
	File name	RMB_7828_Gekko_athymus_Palawan_R1.trimmed.fq
	Minimum read length	7
	Maximum read length	95
	Average read length	91.34
	Total number of reads	3798488
	Total number of reads with non-ATGC bases	0
	Percentage of reads with non-ATGC bases	0.00%
	Total number of bases	346956382
	Total number of HQ bases	345769481
	Percentage of HQ bases	99.66%
	Total number of non-ATGC bases	0
	Percentage of non-ATGC bases	0.00%


Average quality score at each base position of input reads

RMB_7828_Gekko_athymus_Palawan_R1.trimmed.fq
36.56	36.75	36.81	36.84	36.71	36.66	36.63	38.96	38.95	38.90	38.82	38.81	38.84	38.85	38.84	38.84	38.80	38.73	38.78	38.68	38.64	38.62	38.63	38.59	38.51	38.43	38.40	38.41	38.37	38.30	38.30	38.25	38.14	38.14	38.05	37.96	37.91	37.88	37.80	37.68	37.68	37.59	37.53	37.46	37.38	37.47	37.46	37.38	37.29	37.20	37.11	36.98	36.87	36.77	36.66	36.48	36.48	36.38	36.27	36.16	36.04	35.89	35.74	35.60	35.39	35.21	35.07	34.94	34.77	32.99	33.70	34.08	34.06	33.98	33.88	33.76	33.65	33.54	33.43	33.36	33.29	33.22	33.17	33.12	33.05	32.98	32.92	32.84	32.65	32.63	32.61	32.59	32.56	32.39	31.85	




Read count (%) per base for different quality score ranges

	RMB_7828_Gekko_athymus_Palawan_R1.trimmed.fq
Ranges	0-10	11-20	21-30	31-40
Base
1	0.00	0.78	1.38	97.84
2	0.00	0.33	0.83	98.84
3	0.00	0.24	0.68	99.08
4	0.00	0.19	0.61	99.20
5	0.00	0.22	1.18	98.59
6	0.00	0.33	1.29	98.38
7	0.00	0.37	1.38	98.25
8	0.00	0.39	1.43	98.18
9	0.00	0.42	1.44	98.14
10	0.00	0.45	1.56	97.99
11	0.00	0.48	1.61	97.91
12	0.00	0.48	1.58	97.94
13	0.00	0.52	1.61	97.86
14	0.00	0.52	1.62	97.86
15	0.00	0.48	1.64	97.88
16	0.00	0.49	1.61	97.90
17	0.00	0.54	1.66	97.79
18	0.00	0.59	1.79	97.62
19	0.00	0.50	1.66	97.83
20	0.00	0.65	1.74	97.61
21	0.00	0.66	1.75	97.59
22	0.00	0.62	1.72	97.67
23	0.00	0.61	1.72	97.67
24	0.00	0.59	1.75	97.65
25	0.00	0.60	1.80	97.60
26	0.00	0.60	1.88	97.52
27	0.00	0.61	1.89	97.50
28	0.00	0.50	1.81	97.68
29	0.00	0.45	1.75	97.80
30	0.00	0.44	1.83	97.73
31	0.00	0.42	1.78	97.80
32	0.00	0.38	1.81	97.82
33	0.00	0.41	1.89	97.69
34	0.00	0.34	1.78	97.88
35	0.00	0.37	1.82	97.81
36	0.00	0.36	1.87	97.78
37	0.00	0.35	1.87	97.78
38	0.00	0.33	1.83	97.84
39	0.00	0.34	1.85	97.82
40	0.00	0.37	1.93	97.71
41	0.00	0.32	1.84	97.84
42	0.00	0.36	1.92	97.72
43	0.00	0.33	1.93	97.74
44	0.00	0.33	1.91	97.75
45	0.00	0.34	1.98	97.67
46	0.00	0.27	1.66	98.07
47	0.00	0.26	1.69	98.06
48	0.00	0.26	1.76	97.97
49	0.00	0.25	1.76	97.99
50	0.00	0.26	1.73	98.01
51	0.00	0.25	1.73	98.02
52	0.00	0.24	1.83	97.93
53	0.00	0.24	1.83	97.92
54	0.00	0.23	1.86	97.91
55	0.00	0.23	1.91	97.87
56	0.00	0.25	2.11	97.64
57	0.00	0.21	1.73	98.06
58	0.00	0.21	1.86	97.93
59	0.00	0.22	1.84	97.94
60	0.00	0.21	1.82	97.97
61	0.00	0.20	1.81	97.99
62	0.00	0.21	1.90	97.89
63	0.00	0.20	1.86	97.95
64	0.00	0.19	1.88	97.92
65	0.00	0.21	2.12	97.67
66	0.00	0.21	2.10	97.69
67	0.00	0.20	2.02	97.78
68	0.00	0.19	2.01	97.80
69	0.00	0.20	2.04	97.77
70	0.00	0.31	5.34	94.34
71	0.00	0.23	3.03	96.74
72	0.00	0.19	2.41	97.39
73	0.00	0.20	2.29	97.51
74	0.00	0.18	2.21	97.61
75	0.00	0.17	2.11	97.72
76	0.00	0.18	2.16	97.66
77	0.00	0.19	2.25	97.56
78	0.00	0.20	2.31	97.49
79	0.00	0.20	2.40	97.39
80	0.00	0.20	2.43	97.37
81	0.00	0.21	2.48	97.31
82	0.00	0.22	2.57	97.20
83	0.00	0.21	2.56	97.23
84	0.00	0.23	2.54	97.23
85	0.00	0.23	2.63	97.14
86	0.00	0.24	2.68	97.08
87	0.00	0.24	2.74	97.02
88	0.00	0.27	2.89	96.84
89	0.00	0.41	3.59	95.99
90	0.00	0.29	3.44	96.27
91	0.00	0.32	3.09	96.59
92	0.00	0.30	3.02	96.67
93	0.00	0.31	3.01	96.68
94	0.00	0.47	3.67	95.86
95	0.00	0.57	4.81	94.62




