Parameters
	Library type	Single-end
	Input file	/Volumes/wdhd/users/joaks1/projects/gekgo/data/genomes/msg/plate2/demultiplexed-trimmed/RMB_6260_Cyrtodactylus_philippinicus_Polillo_R1.trimmed.fq
	Primer/Adaptor library	NA
	Cut-off read length for HQ	70%
	Cut-off quality score	20
	Only statistics	On
	Number of processes	2


QC statistics
	File name	RMB_6260_Cyrtodactylus_philippinicus_Polillo_R1.trimmed.fq
	Total number of reads	550361
	Total number of HQ reads	550036
	Percentage of HQ reads	99.94%
	Total number of bases	49917958
	Total number of bases in HQ reads	49909074
	Total number of HQ bases in HQ reads	49723630
	Percentage of HQ bases in HQ reads	99.63%
	Number of Primer/Adaptor contaminated HQ reads	NA
	Total number of HQ filtered reads	550036
	Percentage of HQ filtered reads	99.94%


Detailed QC statistics
	File name	RMB_6260_Cyrtodactylus_philippinicus_Polillo_R1.trimmed.fq
	Minimum read length	8
	Maximum read length	95
	Average read length	90.70
	Total number of reads	550361
	Total number of reads with non-ATGC bases	0
	Percentage of reads with non-ATGC bases	0.00%
	Total number of bases	49917958
	Total number of HQ bases	49729003
	Percentage of HQ bases	99.62%
	Total number of non-ATGC bases	0
	Percentage of non-ATGC bases	0.00%


Average quality score at each base position of input reads

RMB_6260_Cyrtodactylus_philippinicus_Polillo_R1.trimmed.fq
36.33	36.63	36.73	36.78	36.63	36.58	36.56	38.79	38.77	38.73	38.66	38.64	38.63	38.64	38.60	38.58	38.56	38.50	38.58	38.51	38.46	38.47	38.46	38.45	38.37	38.25	38.19	38.13	38.14	38.01	38.02	37.97	37.85	37.84	37.77	37.65	37.63	37.58	37.46	37.39	37.33	37.21	37.13	37.04	36.94	37.04	37.02	36.93	36.84	36.72	36.60	36.44	36.32	36.15	36.02	35.85	35.79	35.68	35.52	35.37	35.23	35.06	34.86	34.63	34.45	34.24	34.06	33.91	33.71	32.04	32.72	33.08	33.12	33.06	32.99	32.89	32.84	32.78	32.69	32.64	32.58	32.51	32.46	32.41	32.33	32.28	32.21	32.16	32.12	32.05	31.98	31.94	31.90	31.86	31.18	




Read count (%) per base for different quality score ranges

	RMB_6260_Cyrtodactylus_philippinicus_Polillo_R1.trimmed.fq
Ranges	0-10	11-20	21-30	31-40
Base
1	0.00	1.09	2.09	96.82
2	0.00	0.47	1.27	98.27
3	0.00	0.34	1.01	98.65
4	0.00	0.27	0.83	98.89
5	0.00	0.30	1.50	98.20
6	0.00	0.42	1.60	97.98
7	0.00	0.44	1.67	97.89
8	0.00	0.49	1.73	97.78
9	0.00	0.48	1.77	97.74
10	0.00	0.53	1.87	97.61
11	0.00	0.54	1.90	97.56
12	0.00	0.54	1.91	97.55
13	0.00	0.57	1.89	97.54
14	0.00	0.56	1.96	97.48
15	0.00	0.59	2.03	97.38
16	0.00	0.58	1.95	97.47
17	0.00	0.62	2.05	97.33
18	0.00	0.68	2.15	97.17
19	0.00	0.55	2.00	97.44
20	0.00	0.65	2.08	97.27
21	0.00	0.65	2.12	97.23
22	0.00	0.55	2.07	97.37
23	0.00	0.54	2.08	97.37
24	0.00	0.48	2.04	97.48
25	0.00	0.48	2.06	97.47
26	0.00	0.47	2.16	97.37
27	0.00	0.47	2.21	97.32
28	0.00	0.46	2.16	97.38
29	0.00	0.39	2.04	97.57
30	0.00	0.42	2.22	97.36
31	0.00	0.41	2.08	97.51
32	0.00	0.39	2.13	97.48
33	0.00	0.46	2.20	97.34
34	0.00	0.39	2.09	97.51
35	0.00	0.40	2.16	97.45
36	0.00	0.40	2.23	97.37
37	0.00	0.38	2.14	97.48
38	0.00	0.37	2.14	97.48
39	0.00	0.39	2.28	97.33
40	0.00	0.39	2.26	97.36
41	0.00	0.38	2.27	97.35
42	0.00	0.40	2.47	97.13
43	0.00	0.39	2.48	97.13
44	0.00	0.39	2.49	97.13
45	0.00	0.40	2.60	96.99
46	0.00	0.31	2.19	97.50
47	0.00	0.31	2.19	97.50
48	0.00	0.31	2.25	97.44
49	0.00	0.29	2.24	97.47
50	0.00	0.30	2.28	97.42
51	0.00	0.27	2.29	97.44
52	0.00	0.30	2.38	97.33
53	0.00	0.26	2.37	97.37
54	0.00	0.28	2.54	97.18
55	0.00	0.26	2.45	97.29
56	0.00	0.27	2.49	97.24
57	0.00	0.24	2.18	97.57
58	0.00	0.22	2.15	97.62
59	0.00	0.24	2.24	97.51
60	0.00	0.24	2.21	97.55
61	0.00	0.21	2.19	97.60
62	0.00	0.22	2.26	97.52
63	0.00	0.22	2.21	97.57
64	0.00	0.23	2.53	97.24
65	0.00	0.23	2.32	97.45
66	0.00	0.22	2.49	97.28
67	0.00	0.24	2.47	97.28
68	0.00	0.23	2.45	97.32
69	0.00	0.23	2.68	97.09
70	0.00	0.37	6.77	92.86
71	0.00	0.25	3.77	95.98
72	0.00	0.22	2.98	96.81
73	0.00	0.23	2.66	97.11
74	0.00	0.22	2.66	97.12
75	0.00	0.23	2.58	97.19
76	0.00	0.24	2.86	96.90
77	0.00	0.23	2.83	96.94
78	0.00	0.24	2.73	97.02
79	0.00	0.23	2.87	96.90
80	0.00	0.23	2.83	96.95
81	0.00	0.24	2.85	96.91
82	0.00	0.28	3.00	96.72
83	0.00	0.27	3.04	96.70
84	0.00	0.28	3.02	96.70
85	0.00	0.30	3.15	96.55
86	0.00	0.30	3.19	96.51
87	0.00	0.30	3.22	96.48
88	0.00	0.33	3.25	96.41
89	0.00	0.33	3.22	96.46
90	0.00	0.35	3.30	96.35
91	0.00	0.39	3.38	96.24
92	0.00	0.36	3.40	96.23
93	0.00	0.38	3.38	96.23
94	0.00	0.38	3.24	96.37
95	0.00	0.70	5.18	94.12




