Parameters
	Library type	Single-end
	Input file	/Volumes/wdhd/users/joaks1/projects/gekgo/data/genomes/msg/plate2/demultiplexed-trimmed/RMB_3118_Gekko_athymus_Palawan_R1.trimmed.fq
	Primer/Adaptor library	NA
	Cut-off read length for HQ	70%
	Cut-off quality score	20
	Only statistics	On
	Number of processes	2


QC statistics
	File name	RMB_3118_Gekko_athymus_Palawan_R1.trimmed.fq
	Total number of reads	1293425
	Total number of HQ reads	1292457
	Percentage of HQ reads	99.93%
	Total number of bases	118096535
	Total number of bases in HQ reads	118068400
	Total number of HQ bases in HQ reads	117668066
	Percentage of HQ bases in HQ reads	99.66%
	Number of Primer/Adaptor contaminated HQ reads	NA
	Total number of HQ filtered reads	1292457
	Percentage of HQ filtered reads	99.93%


Detailed QC statistics
	File name	RMB_3118_Gekko_athymus_Palawan_R1.trimmed.fq
	Minimum read length	7
	Maximum read length	95
	Average read length	91.31
	Total number of reads	1293425
	Total number of reads with non-ATGC bases	0
	Percentage of reads with non-ATGC bases	0.00%
	Total number of bases	118096535
	Total number of HQ bases	117685105
	Percentage of HQ bases	99.65%
	Total number of non-ATGC bases	0
	Percentage of non-ATGC bases	0.00%


Average quality score at each base position of input reads

RMB_3118_Gekko_athymus_Palawan_R1.trimmed.fq
36.54	36.72	36.78	36.82	36.68	36.64	36.62	38.93	38.93	38.88	38.80	38.79	38.82	38.82	38.82	38.82	38.78	38.70	38.75	38.66	38.62	38.61	38.62	38.58	38.51	38.42	38.38	38.40	38.37	38.28	38.28	38.23	38.13	38.13	38.03	37.94	37.89	37.85	37.79	37.66	37.66	37.56	37.51	37.44	37.35	37.45	37.45	37.37	37.28	37.19	37.10	36.98	36.86	36.76	36.65	36.48	36.47	36.38	36.27	36.15	36.04	35.90	35.74	35.60	35.40	35.22	35.08	34.94	34.77	32.97	33.68	34.06	34.05	33.96	33.86	33.73	33.61	33.50	33.39	33.31	33.23	33.16	33.11	33.06	32.98	32.92	32.85	32.78	32.58	32.56	32.52	32.50	32.48	32.32	31.76	




Read count (%) per base for different quality score ranges

	RMB_3118_Gekko_athymus_Palawan_R1.trimmed.fq
Ranges	0-10	11-20	21-30	31-40
Base
1	0.00	0.87	1.46	97.67
2	0.00	0.42	0.91	98.68
3	0.00	0.30	0.75	98.95
4	0.00	0.23	0.65	99.13
5	0.00	0.27	1.25	98.48
6	0.00	0.36	1.30	98.35
7	0.00	0.38	1.38	98.24
8	0.00	0.41	1.44	98.15
9	0.00	0.42	1.44	98.13
10	0.00	0.46	1.57	97.97
11	0.00	0.49	1.62	97.90
12	0.00	0.49	1.61	97.90
13	0.00	0.53	1.64	97.84
14	0.00	0.53	1.62	97.85
15	0.00	0.48	1.64	97.88
16	0.00	0.49	1.61	97.90
17	0.00	0.55	1.67	97.78
18	0.00	0.59	1.81	97.60
19	0.00	0.51	1.67	97.82
20	0.00	0.65	1.76	97.59
21	0.00	0.67	1.74	97.60
22	0.00	0.62	1.70	97.68
23	0.00	0.62	1.72	97.66
24	0.00	0.60	1.76	97.64
25	0.00	0.59	1.80	97.61
26	0.00	0.61	1.90	97.49
27	0.00	0.63	1.93	97.44
28	0.00	0.51	1.85	97.64
29	0.00	0.44	1.77	97.80
30	0.00	0.45	1.85	97.70
31	0.00	0.42	1.81	97.77
32	0.00	0.38	1.83	97.79
33	0.00	0.43	1.90	97.67
34	0.00	0.35	1.78	97.86
35	0.00	0.37	1.84	97.78
36	0.00	0.37	1.87	97.76
37	0.00	0.36	1.89	97.75
38	0.00	0.34	1.84	97.82
39	0.00	0.33	1.86	97.81
40	0.00	0.37	1.94	97.68
41	0.00	0.33	1.86	97.81
42	0.00	0.36	1.95	97.69
43	0.00	0.33	1.96	97.70
44	0.00	0.34	1.93	97.74
45	0.00	0.34	2.00	97.66
46	0.00	0.27	1.64	98.09
47	0.00	0.26	1.68	98.05
48	0.00	0.27	1.76	97.97
49	0.00	0.25	1.76	97.99
50	0.00	0.26	1.75	97.99
51	0.00	0.25	1.75	98.00
52	0.00	0.24	1.82	97.94
53	0.00	0.24	1.87	97.90
54	0.00	0.23	1.88	97.89
55	0.00	0.23	1.92	97.84
56	0.00	0.25	2.11	97.64
57	0.00	0.21	1.74	98.05
58	0.00	0.21	1.84	97.94
59	0.00	0.21	1.82	97.97
60	0.00	0.22	1.81	97.97
61	0.00	0.20	1.83	97.98
62	0.00	0.20	1.91	97.89
63	0.00	0.19	1.86	97.95
64	0.00	0.20	1.87	97.94
65	0.00	0.21	2.15	97.64
66	0.00	0.22	2.10	97.68
67	0.00	0.20	2.03	97.77
68	0.00	0.18	2.04	97.78
69	0.00	0.20	2.03	97.77
70	0.00	0.31	5.38	94.30
71	0.00	0.23	3.04	96.73
72	0.00	0.19	2.40	97.40
73	0.00	0.20	2.28	97.52
74	0.00	0.18	2.24	97.58
75	0.00	0.17	2.13	97.70
76	0.00	0.17	2.20	97.62
77	0.00	0.19	2.25	97.56
78	0.00	0.19	2.32	97.48
79	0.00	0.21	2.45	97.34
80	0.00	0.21	2.48	97.31
81	0.00	0.21	2.53	97.26
82	0.00	0.23	2.60	97.17
83	0.00	0.21	2.58	97.21
84	0.00	0.22	2.57	97.21
85	0.00	0.23	2.68	97.09
86	0.00	0.23	2.73	97.04
87	0.00	0.25	2.80	96.95
88	0.00	0.27	2.92	96.81
89	0.00	0.43	3.58	95.99
90	0.00	0.31	3.49	96.20
91	0.00	0.32	3.18	96.50
92	0.00	0.30	3.08	96.62
93	0.00	0.31	3.03	96.66
94	0.00	0.47	3.63	95.90
95	0.00	0.57	4.96	94.47




