Parameters
	Library type	Single-end
	Input file	/Volumes/wdhd/users/joaks1/projects/gekgo/data/genomes/msg/plate2/demultiplexed-trimmed/RMB_12584_Gehyra_mutilata_Luzon_R1.trimmed.fq
	Primer/Adaptor library	NA
	Cut-off read length for HQ	70%
	Cut-off quality score	20
	Only statistics	On
	Number of processes	2


QC statistics
	File name	RMB_12584_Gehyra_mutilata_Luzon_R1.trimmed.fq
	Total number of reads	1783790
	Total number of HQ reads	1782804
	Percentage of HQ reads	99.94%
	Total number of bases	163121273
	Total number of bases in HQ reads	163092162
	Total number of HQ bases in HQ reads	162559327
	Percentage of HQ bases in HQ reads	99.67%
	Number of Primer/Adaptor contaminated HQ reads	NA
	Total number of HQ filtered reads	1782804
	Percentage of HQ filtered reads	99.94%


Detailed QC statistics
	File name	RMB_12584_Gehyra_mutilata_Luzon_R1.trimmed.fq
	Minimum read length	8
	Maximum read length	95
	Average read length	91.45
	Total number of reads	1783790
	Total number of reads with non-ATGC bases	0
	Percentage of reads with non-ATGC bases	0.00%
	Total number of bases	163121273
	Total number of HQ bases	162577144
	Percentage of HQ bases	99.67%
	Total number of non-ATGC bases	0
	Percentage of non-ATGC bases	0.00%


Average quality score at each base position of input reads

RMB_12584_Gehyra_mutilata_Luzon_R1.trimmed.fq
36.11	36.70	36.79	36.83	36.70	36.66	36.65	38.99	38.96	38.92	38.85	38.83	38.90	38.86	38.85	38.82	38.80	38.73	38.81	38.73	38.70	38.72	38.73	38.72	38.64	38.56	38.51	38.50	38.48	38.40	38.37	38.35	38.21	38.23	38.12	38.00	38.01	37.99	37.91	37.83	37.75	37.69	37.57	37.53	37.38	37.49	37.48	37.45	37.36	37.25	37.13	36.99	36.89	36.79	36.68	36.54	36.52	36.45	36.31	36.16	36.04	35.89	35.75	35.61	35.45	35.25	35.11	34.93	34.80	33.02	33.69	34.10	34.10	34.01	33.93	33.80	33.66	33.55	33.44	33.34	33.28	33.23	33.19	33.13	33.07	33.01	32.92	32.85	32.83	32.77	32.72	32.70	32.67	32.62	31.94	




Read count (%) per base for different quality score ranges

	RMB_12584_Gehyra_mutilata_Luzon_R1.trimmed.fq
Ranges	0-10	11-20	21-30	31-40
Base
1	0.00	1.14	1.85	97.00
2	0.00	0.44	0.93	98.63
3	0.00	0.27	0.72	99.00
4	0.00	0.21	0.62	99.18
5	0.00	0.24	1.18	98.58
6	0.00	0.32	1.25	98.43
7	0.00	0.34	1.28	98.37
8	0.00	0.36	1.34	98.30
9	0.00	0.39	1.40	98.21
10	0.00	0.42	1.49	98.09
11	0.00	0.44	1.51	98.05
12	0.00	0.46	1.52	98.02
13	0.00	0.47	1.52	98.01
14	0.00	0.49	1.59	97.92
15	0.00	0.47	1.57	97.95
16	0.00	0.47	1.55	97.98
17	0.00	0.51	1.59	97.90
18	0.00	0.56	1.74	97.70
19	0.00	0.45	1.57	97.97
20	0.00	0.59	1.64	97.77
21	0.00	0.59	1.66	97.74
22	0.00	0.54	1.59	97.87
23	0.00	0.54	1.62	97.84
24	0.00	0.52	1.62	97.86
25	0.00	0.54	1.72	97.74
26	0.00	0.53	1.79	97.67
27	0.00	0.54	1.80	97.66
28	0.00	0.46	1.74	97.80
29	0.00	0.41	1.69	97.89
30	0.00	0.41	1.77	97.81
31	0.00	0.40	1.74	97.86
32	0.00	0.36	1.75	97.89
33	0.00	0.42	1.90	97.68
34	0.00	0.34	1.73	97.94
35	0.00	0.36	1.77	97.87
36	0.00	0.36	1.89	97.74
37	0.00	0.33	1.80	97.87
38	0.00	0.32	1.76	97.91
39	0.00	0.34	1.77	97.89
40	0.00	0.33	1.82	97.85
41	0.00	0.34	1.87	97.79
42	0.00	0.34	1.86	97.80
43	0.00	0.36	1.98	97.65
44	0.00	0.33	1.96	97.71
45	0.00	0.37	2.12	97.51
46	0.00	0.29	1.80	97.91
47	0.00	0.28	1.81	97.92
48	0.00	0.26	1.75	97.99
49	0.00	0.25	1.72	98.03
50	0.00	0.27	1.74	97.99
51	0.00	0.26	1.77	97.98
52	0.00	0.25	1.87	97.88
53	0.00	0.24	1.82	97.94
54	0.00	0.23	1.79	97.98
55	0.00	0.23	1.85	97.92
56	0.00	0.24	1.97	97.80
57	0.00	0.20	1.66	98.14
58	0.00	0.19	1.68	98.13
59	0.00	0.22	1.78	98.01
60	0.00	0.23	1.87	97.90
61	0.00	0.21	1.83	97.97
62	0.00	0.22	1.87	97.90
63	0.00	0.19	1.83	97.98
64	0.00	0.20	1.87	97.93
65	0.00	0.19	1.95	97.86
66	0.00	0.20	2.06	97.74
67	0.00	0.19	2.09	97.71
68	0.00	0.23	2.32	97.45
69	0.00	0.19	2.07	97.75
70	0.00	0.33	5.43	94.24
71	0.00	0.23	3.09	96.68
72	0.00	0.20	2.38	97.43
73	0.00	0.20	2.20	97.60
74	0.00	0.19	2.17	97.64
75	0.00	0.18	2.13	97.70
76	0.00	0.18	2.14	97.67
77	0.00	0.20	2.35	97.45
78	0.00	0.22	2.36	97.42
79	0.00	0.24	2.45	97.31
80	0.00	0.23	2.67	97.11
81	0.00	0.22	2.53	97.24
82	0.00	0.21	2.52	97.27
83	0.00	0.21	2.51	97.28
84	0.00	0.22	2.50	97.28
85	0.00	0.22	2.56	97.22
86	0.00	0.23	2.62	97.15
87	0.00	0.28	2.78	96.94
88	0.00	0.27	2.98	96.75
89	0.00	0.27	2.79	96.94
90	0.00	0.27	2.87	96.87
91	0.00	0.27	2.91	96.82
92	0.00	0.27	2.83	96.90
93	0.00	0.29	2.78	96.93
94	0.00	0.29	2.86	96.85
95	0.00	0.60	4.86	94.53




