Parameters
	Library type	Single-end
	Input file	/Volumes/wdhd/users/joaks1/projects/gekgo/data/genomes/msg/plate2/demultiplexed-trimmed/RMB_5970_Gekko_crombota_BabuyanClaro_R1.trimmed.fq
	Primer/Adaptor library	NA
	Cut-off read length for HQ	70%
	Cut-off quality score	20
	Only statistics	On
	Number of processes	2


QC statistics
	File name	RMB_5970_Gekko_crombota_BabuyanClaro_R1.trimmed.fq
	Total number of reads	226936
	Total number of HQ reads	226652
	Percentage of HQ reads	99.87%
	Total number of bases	20581639
	Total number of bases in HQ reads	20574178
	Total number of HQ bases in HQ reads	20499319
	Percentage of HQ bases in HQ reads	99.64%
	Number of Primer/Adaptor contaminated HQ reads	NA
	Total number of HQ filtered reads	226652
	Percentage of HQ filtered reads	99.87%


Detailed QC statistics
	File name	RMB_5970_Gekko_crombota_BabuyanClaro_R1.trimmed.fq
	Minimum read length	8
	Maximum read length	95
	Average read length	90.69
	Total number of reads	226936
	Total number of reads with non-ATGC bases	0
	Percentage of reads with non-ATGC bases	0.00%
	Total number of bases	20581639
	Total number of HQ bases	20503769
	Percentage of HQ bases	99.62%
	Total number of non-ATGC bases	0
	Percentage of non-ATGC bases	0.00%


Average quality score at each base position of input reads

RMB_5970_Gekko_crombota_BabuyanClaro_R1.trimmed.fq
35.18	36.58	36.73	36.78	36.64	36.59	36.57	38.84	38.83	38.78	38.74	38.63	38.70	38.67	38.67	38.66	38.68	38.64	38.67	38.57	38.53	38.52	38.51	38.50	38.41	38.30	38.24	38.20	38.18	38.02	38.02	38.00	37.87	37.87	37.80	37.62	37.66	37.58	37.50	37.33	37.39	37.26	37.22	37.16	37.09	37.15	37.11	37.05	36.98	36.88	36.75	36.62	36.48	36.40	36.29	36.11	36.07	35.97	35.84	35.69	35.48	35.35	35.19	35.01	34.81	34.65	34.48	34.29	34.14	32.43	33.08	33.43	33.45	33.33	33.24	33.15	33.07	32.99	32.92	32.85	32.77	32.71	32.68	32.62	32.57	32.51	32.43	32.36	32.31	32.25	32.22	32.18	32.12	32.00	31.34	




Read count (%) per base for different quality score ranges

	RMB_5970_Gekko_crombota_BabuyanClaro_R1.trimmed.fq
Ranges	0-10	11-20	21-30	31-40
Base
1	0.00	1.61	3.02	95.37
2	0.00	0.59	1.23	98.18
3	0.00	0.38	0.95	98.66
4	0.00	0.29	0.81	98.90
5	0.00	0.32	1.38	98.30
6	0.00	0.41	1.52	98.08
7	0.00	0.47	1.57	97.96
8	0.00	0.48	1.64	97.88
9	0.00	0.51	1.64	97.85
10	0.00	0.58	1.77	97.66
11	0.00	0.57	1.77	97.66
12	0.00	0.61	1.90	97.49
13	0.00	0.65	1.84	97.51
14	0.00	0.64	1.93	97.42
15	0.00	0.59	1.89	97.51
16	0.00	0.58	1.85	97.58
17	0.00	0.61	1.85	97.54
18	0.00	0.64	1.93	97.43
19	0.00	0.57	1.86	97.57
20	0.00	0.74	1.95	97.31
21	0.00	0.71	2.00	97.29
22	0.00	0.68	1.88	97.44
23	0.00	0.67	1.91	97.42
24	0.00	0.58	1.94	97.48
25	0.00	0.57	1.96	97.46
26	0.00	0.51	2.07	97.42
27	0.00	0.53	2.05	97.42
28	0.00	0.47	1.97	97.56
29	0.00	0.43	1.88	97.69
30	0.00	0.43	2.01	97.56
31	0.00	0.41	1.99	97.60
32	0.00	0.38	1.97	97.65
33	0.00	0.46	2.06	97.48
34	0.00	0.36	1.97	97.67
35	0.00	0.39	1.94	97.67
36	0.00	0.41	2.10	97.49
37	0.00	0.36	1.96	97.69
38	0.00	0.35	1.99	97.66
39	0.00	0.37	2.06	97.57
40	0.00	0.42	2.19	97.39
41	0.00	0.34	1.98	97.68
42	0.00	0.35	2.12	97.53
43	0.00	0.34	2.09	97.57
44	0.00	0.34	2.10	97.56
45	0.00	0.35	2.14	97.51
46	0.00	0.28	1.84	97.88
47	0.00	0.28	1.87	97.86
48	0.00	0.30	1.91	97.79
49	0.00	0.26	1.84	97.90
50	0.00	0.27	1.90	97.83
51	0.00	0.28	1.96	97.76
52	0.00	0.26	2.00	97.74
53	0.00	0.26	2.09	97.65
54	0.00	0.25	2.00	97.75
55	0.00	0.26	2.03	97.70
56	0.00	0.25	2.19	97.56
57	0.00	0.24	1.82	97.95
58	0.00	0.23	1.87	97.91
59	0.00	0.23	1.89	97.88
60	0.00	0.23	1.92	97.85
61	0.00	0.22	1.97	97.81
62	0.00	0.21	2.04	97.75
63	0.00	0.19	1.96	97.84
64	0.00	0.20	2.05	97.75
65	0.00	0.20	2.04	97.76
66	0.00	0.20	2.08	97.72
67	0.00	0.21	2.12	97.67
68	0.00	0.20	2.19	97.61
69	0.00	0.19	2.06	97.75
70	0.00	0.32	5.53	94.15
71	0.00	0.21	3.28	96.51
72	0.00	0.19	2.61	97.20
73	0.00	0.20	2.35	97.45
74	0.00	0.18	2.35	97.47
75	0.00	0.17	2.29	97.53
76	0.00	0.19	2.32	97.50
77	0.00	0.20	2.40	97.40
78	0.00	0.20	2.43	97.37
79	0.00	0.19	2.48	97.34
80	0.00	0.21	2.45	97.33
81	0.00	0.21	2.75	97.04
82	0.00	0.22	2.66	97.11
83	0.00	0.21	2.64	97.15
84	0.00	0.22	2.65	97.13
85	0.00	0.23	2.73	97.04
86	0.00	0.26	2.76	96.99
87	0.00	0.28	2.97	96.76
88	0.00	0.30	2.99	96.71
89	0.00	0.31	3.03	96.66
90	0.00	0.31	3.01	96.68
91	0.00	0.31	2.99	96.70
92	0.00	0.32	2.98	96.70
93	0.00	0.30	3.07	96.63
94	0.00	0.34	3.12	96.54
95	0.00	0.63	4.97	94.40




