Parameters
	Library type	Single-end
	Input file	/Volumes/wdhd/users/joaks1/projects/gekgo/data/genomes/msg/plate2/demultiplexed-trimmed/RMB_6261_Cyrtodactylus_philippinicus_Polillo_R1.trimmed.fq
	Primer/Adaptor library	NA
	Cut-off read length for HQ	70%
	Cut-off quality score	20
	Only statistics	On
	Number of processes	2


QC statistics
	File name	RMB_6261_Cyrtodactylus_philippinicus_Polillo_R1.trimmed.fq
	Total number of reads	1450303
	Total number of HQ reads	1449398
	Percentage of HQ reads	99.94%
	Total number of bases	132812475
	Total number of bases in HQ reads	132784208
	Total number of HQ bases in HQ reads	132357086
	Percentage of HQ bases in HQ reads	99.68%
	Number of Primer/Adaptor contaminated HQ reads	NA
	Total number of HQ filtered reads	1449398
	Percentage of HQ filtered reads	99.94%


Detailed QC statistics
	File name	RMB_6261_Cyrtodactylus_philippinicus_Polillo_R1.trimmed.fq
	Minimum read length	9
	Maximum read length	95
	Average read length	91.58
	Total number of reads	1450303
	Total number of reads with non-ATGC bases	0
	Percentage of reads with non-ATGC bases	0.00%
	Total number of bases	132812475
	Total number of HQ bases	132374487
	Percentage of HQ bases	99.67%
	Total number of non-ATGC bases	0
	Percentage of non-ATGC bases	0.00%


Average quality score at each base position of input reads

RMB_6261_Cyrtodactylus_philippinicus_Polillo_R1.trimmed.fq
36.46	36.75	36.82	36.85	36.71	36.66	36.64	38.97	38.95	38.91	38.85	38.81	38.87	38.88	38.84	38.83	38.80	38.72	38.79	38.72	38.67	38.69	38.70	38.70	38.62	38.53	38.49	38.46	38.48	38.38	38.40	38.36	38.24	38.24	38.17	38.07	38.05	38.01	37.93	37.85	37.81	37.72	37.65	37.57	37.50	37.60	37.60	37.52	37.46	37.36	37.27	37.15	37.07	36.93	36.84	36.72	36.69	36.59	36.47	36.38	36.27	36.15	35.99	35.82	35.69	35.51	35.37	35.23	35.03	33.26	33.96	34.34	34.35	34.25	34.14	34.01	33.89	33.79	33.68	33.60	33.52	33.43	33.37	33.30	33.22	33.14	33.08	33.03	32.98	32.91	32.83	32.80	32.77	32.73	32.12	




Read count (%) per base for different quality score ranges

	RMB_6261_Cyrtodactylus_philippinicus_Polillo_R1.trimmed.fq
Ranges	0-10	11-20	21-30	31-40
Base
1	0.00	0.81	1.46	97.74
2	0.00	0.33	0.81	98.86
3	0.00	0.23	0.65	99.12
4	0.00	0.18	0.58	99.24
5	0.00	0.22	1.16	98.62
6	0.00	0.33	1.27	98.40
7	0.00	0.36	1.31	98.32
8	0.00	0.38	1.37	98.25
9	0.00	0.41	1.41	98.18
10	0.00	0.43	1.50	98.06
11	0.00	0.45	1.53	98.02
12	0.00	0.47	1.54	97.99
13	0.00	0.47	1.58	97.95
14	0.00	0.48	1.55	97.98
15	0.00	0.48	1.62	97.90
16	0.00	0.48	1.54	97.98
17	0.00	0.54	1.61	97.85
18	0.00	0.59	1.76	97.66
19	0.00	0.48	1.62	97.90
20	0.00	0.61	1.67	97.72
21	0.00	0.64	1.70	97.66
22	0.00	0.60	1.65	97.75
23	0.00	0.59	1.67	97.74
24	0.00	0.56	1.66	97.77
25	0.00	0.60	1.73	97.67
26	0.00	0.58	1.83	97.58
27	0.00	0.60	1.82	97.58
28	0.00	0.53	1.80	97.67
29	0.00	0.44	1.71	97.85
30	0.00	0.45	1.83	97.72
31	0.00	0.41	1.73	97.86
32	0.00	0.38	1.74	97.88
33	0.00	0.42	1.85	97.73
34	0.00	0.35	1.74	97.91
35	0.00	0.36	1.77	97.87
36	0.00	0.35	1.84	97.80
37	0.00	0.33	1.78	97.89
38	0.00	0.34	1.79	97.87
39	0.00	0.35	1.83	97.82
40	0.00	0.35	1.83	97.82
41	0.00	0.33	1.80	97.87
42	0.00	0.35	1.90	97.75
43	0.00	0.34	1.88	97.78
44	0.00	0.33	1.93	97.74
45	0.00	0.35	1.95	97.70
46	0.00	0.27	1.64	98.09
47	0.00	0.26	1.62	98.12
48	0.00	0.29	1.65	98.06
49	0.00	0.24	1.65	98.11
50	0.00	0.25	1.71	98.05
51	0.00	0.24	1.69	98.07
52	0.00	0.24	1.72	98.04
53	0.00	0.22	1.73	98.05
54	0.00	0.23	1.87	97.90
55	0.00	0.22	1.79	97.99
56	0.00	0.21	1.85	97.93
57	0.00	0.19	1.59	98.22
58	0.00	0.19	1.66	98.15
59	0.00	0.20	1.79	98.01
60	0.00	0.19	1.71	98.09
61	0.00	0.19	1.71	98.11
62	0.00	0.18	1.76	98.05
63	0.00	0.18	1.77	98.05
64	0.00	0.19	2.04	97.77
65	0.00	0.18	1.82	98.01
66	0.00	0.19	1.94	97.87
67	0.00	0.19	1.93	97.88
68	0.00	0.19	1.89	97.92
69	0.00	0.20	2.12	97.68
70	0.00	0.30	5.39	94.31
71	0.00	0.21	2.91	96.88
72	0.00	0.19	2.33	97.47
73	0.00	0.19	2.12	97.69
74	0.00	0.17	2.11	97.72
75	0.00	0.18	2.10	97.72
76	0.00	0.19	2.28	97.53
77	0.00	0.20	2.28	97.52
78	0.00	0.19	2.25	97.56
79	0.00	0.20	2.30	97.50
80	0.00	0.19	2.36	97.45
81	0.00	0.19	2.37	97.44
82	0.00	0.21	2.48	97.31
83	0.00	0.21	2.49	97.30
84	0.00	0.22	2.58	97.20
85	0.00	0.23	2.64	97.13
86	0.00	0.24	2.74	97.02
87	0.00	0.24	2.77	96.99
88	0.00	0.24	2.80	96.95
89	0.00	0.26	2.77	96.97
90	0.00	0.28	2.90	96.82
91	0.00	0.30	3.03	96.68
92	0.00	0.29	2.98	96.73
93	0.00	0.29	2.95	96.76
94	0.00	0.30	2.94	96.76
95	0.00	0.56	4.65	94.80




