Parameters
	Library type	Single-end
	Input file	/Volumes/wdhd/users/joaks1/projects/gekgo/data/genomes/msg/plate2/demultiplexed-trimmed/RMB_7859_Cyrtodactylus_redimiculus_Palawan_R1.trimmed.fq
	Primer/Adaptor library	NA
	Cut-off read length for HQ	70%
	Cut-off quality score	20
	Only statistics	On
	Number of processes	2


QC statistics
	File name	RMB_7859_Cyrtodactylus_redimiculus_Palawan_R1.trimmed.fq
	Total number of reads	3844194
	Total number of HQ reads	3841648
	Percentage of HQ reads	99.93%
	Total number of bases	350959249
	Total number of bases in HQ reads	350883234
	Total number of HQ bases in HQ reads	349695782
	Percentage of HQ bases in HQ reads	99.66%
	Number of Primer/Adaptor contaminated HQ reads	NA
	Total number of HQ filtered reads	3841648
	Percentage of HQ filtered reads	99.93%


Detailed QC statistics
	File name	RMB_7859_Cyrtodactylus_redimiculus_Palawan_R1.trimmed.fq
	Minimum read length	7
	Maximum read length	95
	Average read length	91.30
	Total number of reads	3844194
	Total number of reads with non-ATGC bases	0
	Percentage of reads with non-ATGC bases	0.00%
	Total number of bases	350959249
	Total number of HQ bases	349742371
	Percentage of HQ bases	99.65%
	Total number of non-ATGC bases	0
	Percentage of non-ATGC bases	0.00%


Average quality score at each base position of input reads

RMB_7859_Cyrtodactylus_redimiculus_Palawan_R1.trimmed.fq
35.68	36.68	36.79	36.83	36.69	36.64	36.63	38.93	38.90	38.84	38.79	38.76	38.84	38.84	38.81	38.79	38.75	38.65	38.73	38.66	38.61	38.63	38.63	38.63	38.55	38.45	38.40	38.37	38.38	38.30	38.29	38.26	38.13	38.12	38.07	37.94	37.93	37.89	37.79	37.74	37.67	37.58	37.50	37.43	37.35	37.45	37.45	37.37	37.32	37.20	37.10	36.97	36.88	36.76	36.65	36.52	36.50	36.41	36.30	36.18	36.05	35.92	35.76	35.59	35.44	35.27	35.10	34.94	34.77	33.03	33.70	34.05	34.03	33.94	33.83	33.71	33.58	33.48	33.37	33.27	33.21	33.13	33.06	32.99	32.93	32.86	32.80	32.75	32.68	32.63	32.57	32.52	32.49	32.43	31.81	




Read count (%) per base for different quality score ranges

	RMB_7859_Cyrtodactylus_redimiculus_Palawan_R1.trimmed.fq
Ranges	0-10	11-20	21-30	31-40
Base
1	0.00	1.13	2.20	96.68
2	0.00	0.41	0.97	98.62
3	0.00	0.26	0.74	99.00
4	0.00	0.20	0.63	99.17
5	0.00	0.24	1.21	98.55
6	0.00	0.34	1.31	98.35
7	0.00	0.37	1.37	98.26
8	0.00	0.40	1.44	98.17
9	0.00	0.42	1.49	98.08
10	0.00	0.47	1.60	97.92
11	0.00	0.48	1.61	97.92
12	0.00	0.49	1.63	97.89
13	0.00	0.48	1.59	97.93
14	0.00	0.49	1.62	97.89
15	0.00	0.50	1.67	97.83
16	0.00	0.50	1.63	97.87
17	0.00	0.56	1.68	97.77
18	0.00	0.62	1.85	97.52
19	0.00	0.50	1.71	97.79
20	0.00	0.64	1.77	97.59
21	0.00	0.66	1.79	97.54
22	0.00	0.60	1.74	97.66
23	0.00	0.60	1.76	97.64
24	0.00	0.56	1.76	97.68
25	0.00	0.59	1.81	97.60
26	0.00	0.58	1.91	97.51
27	0.00	0.59	1.92	97.49
28	0.00	0.52	1.90	97.58
29	0.00	0.44	1.79	97.78
30	0.00	0.43	1.90	97.67
31	0.00	0.41	1.81	97.78
32	0.00	0.37	1.81	97.81
33	0.00	0.42	1.94	97.64
34	0.00	0.36	1.80	97.83
35	0.00	0.36	1.81	97.83
36	0.00	0.37	1.93	97.70
37	0.00	0.35	1.85	97.81
38	0.00	0.35	1.86	97.79
39	0.00	0.35	1.91	97.73
40	0.00	0.34	1.90	97.76
41	0.00	0.35	1.94	97.71
42	0.00	0.36	2.01	97.62
43	0.00	0.36	2.02	97.62
44	0.00	0.35	2.04	97.61
45	0.00	0.35	2.05	97.60
46	0.00	0.28	1.72	98.00
47	0.00	0.26	1.70	98.04
48	0.00	0.26	1.76	97.98
49	0.00	0.25	1.72	98.04
50	0.00	0.27	1.79	97.95
51	0.00	0.25	1.79	97.96
52	0.00	0.26	1.86	97.88
53	0.00	0.24	1.86	97.89
54	0.00	0.24	1.91	97.85
55	0.00	0.23	1.93	97.83
56	0.00	0.24	2.01	97.75
57	0.00	0.20	1.72	98.07
58	0.00	0.20	1.77	98.03
59	0.00	0.21	1.77	98.02
60	0.00	0.20	1.82	97.98
61	0.00	0.21	1.86	97.93
62	0.00	0.20	1.88	97.93
63	0.00	0.20	1.88	97.92
64	0.00	0.21	1.97	97.81
65	0.00	0.20	1.93	97.87
66	0.00	0.19	1.99	97.82
67	0.00	0.20	2.05	97.75
68	0.00	0.20	2.12	97.68
69	0.00	0.19	2.09	97.72
70	0.00	0.31	5.34	94.35
71	0.00	0.23	3.06	96.72
72	0.00	0.20	2.51	97.29
73	0.00	0.21	2.31	97.48
74	0.00	0.20	2.25	97.55
75	0.00	0.19	2.22	97.60
76	0.00	0.19	2.25	97.56
77	0.00	0.20	2.35	97.44
78	0.00	0.20	2.39	97.41
79	0.00	0.22	2.50	97.28
80	0.00	0.22	2.53	97.25
81	0.00	0.22	2.52	97.26
82	0.00	0.22	2.61	97.17
83	0.00	0.23	2.64	97.13
84	0.00	0.26	2.78	96.96
85	0.00	0.25	2.83	96.92
86	0.00	0.27	2.93	96.81
87	0.00	0.26	2.91	96.83
88	0.00	0.25	2.90	96.84
89	0.00	0.28	3.01	96.70
90	0.00	0.28	3.02	96.70
91	0.00	0.30	3.12	96.58
92	0.00	0.32	3.11	96.57
93	0.00	0.29	3.02	96.70
94	0.00	0.32	3.09	96.59
95	0.00	0.58	4.91	94.51




