Parameters
	Library type	Single-end
	Input file	/Volumes/wdhd/users/joaks1/projects/gekgo/data/genomes/msg/plate2/demultiplexed-trimmed/RMB_7646_Cyrtodactylus_tautbatorum_Palawan_R1.trimmed.fq
	Primer/Adaptor library	NA
	Cut-off read length for HQ	70%
	Cut-off quality score	20
	Only statistics	On
	Number of processes	2


QC statistics
	File name	RMB_7646_Cyrtodactylus_tautbatorum_Palawan_R1.trimmed.fq
	Total number of reads	1506052
	Total number of HQ reads	1505167
	Percentage of HQ reads	99.94%
	Total number of bases	137206026
	Total number of bases in HQ reads	137181126
	Total number of HQ bases in HQ reads	136706288
	Percentage of HQ bases in HQ reads	99.65%
	Number of Primer/Adaptor contaminated HQ reads	NA
	Total number of HQ filtered reads	1505167
	Percentage of HQ filtered reads	99.94%


Detailed QC statistics
	File name	RMB_7646_Cyrtodactylus_tautbatorum_Palawan_R1.trimmed.fq
	Minimum read length	7
	Maximum read length	95
	Average read length	91.10
	Total number of reads	1506052
	Total number of reads with non-ATGC bases	0
	Percentage of reads with non-ATGC bases	0.00%
	Total number of bases	137206026
	Total number of HQ bases	136721522
	Percentage of HQ bases	99.65%
	Total number of non-ATGC bases	0
	Percentage of non-ATGC bases	0.00%


Average quality score at each base position of input reads

RMB_7646_Cyrtodactylus_tautbatorum_Palawan_R1.trimmed.fq
35.72	36.62	36.75	36.80	36.66	36.62	36.60	38.89	38.86	38.81	38.76	38.72	38.77	38.76	38.71	38.69	38.67	38.59	38.69	38.60	38.56	38.59	38.60	38.58	38.50	38.39	38.33	38.31	38.31	38.21	38.21	38.17	38.03	38.03	37.96	37.83	37.83	37.77	37.68	37.61	37.56	37.46	37.37	37.29	37.22	37.31	37.30	37.23	37.15	37.04	36.92	36.79	36.68	36.56	36.43	36.27	36.23	36.13	35.99	35.84	35.69	35.55	35.35	35.18	35.00	34.80	34.60	34.43	34.25	32.59	33.25	33.57	33.57	33.49	33.42	33.33	33.24	33.17	33.09	33.03	32.97	32.91	32.85	32.79	32.73	32.67	32.60	32.56	32.50	32.44	32.39	32.34	32.31	32.26	31.64	




Read count (%) per base for different quality score ranges

	RMB_7646_Cyrtodactylus_tautbatorum_Palawan_R1.trimmed.fq
Ranges	0-10	11-20	21-30	31-40
Base
1	0.00	1.29	2.43	96.27
2	0.00	0.52	1.17	98.31
3	0.00	0.32	0.90	98.78
4	0.00	0.24	0.76	98.99
5	0.00	0.28	1.36	98.36
6	0.00	0.37	1.41	98.22
7	0.00	0.39	1.49	98.11
8	0.00	0.41	1.54	98.05
9	0.00	0.44	1.60	97.97
10	0.00	0.48	1.70	97.82
11	0.00	0.50	1.68	97.82
12	0.00	0.52	1.73	97.75
13	0.00	0.51	1.72	97.77
14	0.00	0.51	1.73	97.76
15	0.00	0.52	1.81	97.68
16	0.00	0.52	1.76	97.73
17	0.00	0.58	1.81	97.60
18	0.00	0.64	1.99	97.37
19	0.00	0.50	1.81	97.69
20	0.00	0.64	1.87	97.49
21	0.00	0.66	1.88	97.46
22	0.00	0.57	1.84	97.58
23	0.00	0.56	1.83	97.61
24	0.00	0.51	1.84	97.65
25	0.00	0.51	1.92	97.58
26	0.00	0.48	1.98	97.54
27	0.00	0.48	2.00	97.52
28	0.00	0.41	1.95	97.64
29	0.00	0.37	1.83	97.80
30	0.00	0.40	1.94	97.66
31	0.00	0.38	1.87	97.76
32	0.00	0.36	1.88	97.75
33	0.00	0.42	2.02	97.56
34	0.00	0.36	1.89	97.75
35	0.00	0.36	1.94	97.69
36	0.00	0.38	2.03	97.58
37	0.00	0.35	1.94	97.71
38	0.00	0.36	1.97	97.67
39	0.00	0.36	2.04	97.61
40	0.00	0.35	2.04	97.61
41	0.00	0.35	2.04	97.62
42	0.00	0.38	2.15	97.47
43	0.00	0.36	2.17	97.47
44	0.00	0.35	2.20	97.45
45	0.00	0.36	2.22	97.42
46	0.00	0.28	1.88	97.84
47	0.00	0.26	1.87	97.86
48	0.00	0.27	1.90	97.83
49	0.00	0.27	1.91	97.82
50	0.00	0.26	1.95	97.78
51	0.00	0.25	1.99	97.76
52	0.00	0.26	2.03	97.71
53	0.00	0.25	2.04	97.71
54	0.00	0.24	2.10	97.66
55	0.00	0.24	2.13	97.63
56	0.00	0.26	2.22	97.52
57	0.00	0.21	1.89	97.90
58	0.00	0.20	1.91	97.88
59	0.00	0.21	1.95	97.84
60	0.00	0.22	1.97	97.81
61	0.00	0.21	1.97	97.82
62	0.00	0.19	1.95	97.86
63	0.00	0.20	2.00	97.80
64	0.00	0.20	2.02	97.78
65	0.00	0.19	2.06	97.75
66	0.00	0.20	2.11	97.68
67	0.00	0.22	2.23	97.55
68	0.00	0.22	2.22	97.57
69	0.00	0.20	2.22	97.58
70	0.00	0.32	5.76	93.93
71	0.00	0.24	3.32	96.44
72	0.00	0.22	2.67	97.11
73	0.00	0.22	2.45	97.33
74	0.00	0.20	2.42	97.38
75	0.00	0.20	2.36	97.44
76	0.00	0.21	2.43	97.37
77	0.00	0.21	2.49	97.30
78	0.00	0.20	2.49	97.31
79	0.00	0.22	2.59	97.19
80	0.00	0.22	2.64	97.13
81	0.00	0.23	2.69	97.08
82	0.00	0.22	2.69	97.09
83	0.00	0.24	2.76	97.00
84	0.00	0.26	2.82	96.92
85	0.00	0.25	2.87	96.88
86	0.00	0.26	2.96	96.78
87	0.00	0.27	3.02	96.71
88	0.00	0.27	2.98	96.74
89	0.00	0.30	3.00	96.71
90	0.00	0.32	3.11	96.57
91	0.00	0.33	3.15	96.52
92	0.00	0.34	3.12	96.53
93	0.00	0.33	3.10	96.58
94	0.00	0.35	3.08	96.57
95	0.00	0.63	4.87	94.51




