Parameters
	Library type	Single-end
	Input file	/Volumes/wdhd/users/joaks1/projects/gekgo/data/genomes/msg/plate2/demultiplexed-trimmed/RMB_13660_Gekko_mindorensis_Luzon_R1.trimmed.fq
	Primer/Adaptor library	NA
	Cut-off read length for HQ	70%
	Cut-off quality score	20
	Only statistics	On
	Number of processes	2


QC statistics
	File name	RMB_13660_Gekko_mindorensis_Luzon_R1.trimmed.fq
	Total number of reads	858519
	Total number of HQ reads	858033
	Percentage of HQ reads	99.94%
	Total number of bases	78393296
	Total number of bases in HQ reads	78378780
	Total number of HQ bases in HQ reads	78120071
	Percentage of HQ bases in HQ reads	99.67%
	Number of Primer/Adaptor contaminated HQ reads	NA
	Total number of HQ filtered reads	858033
	Percentage of HQ filtered reads	99.94%


Detailed QC statistics
	File name	RMB_13660_Gekko_mindorensis_Luzon_R1.trimmed.fq
	Minimum read length	9
	Maximum read length	95
	Average read length	91.31
	Total number of reads	858519
	Total number of reads with non-ATGC bases	0
	Percentage of reads with non-ATGC bases	0.00%
	Total number of bases	78393296
	Total number of HQ bases	78129041
	Percentage of HQ bases	99.66%
	Total number of non-ATGC bases	0
	Percentage of non-ATGC bases	0.00%


Average quality score at each base position of input reads

RMB_13660_Gekko_mindorensis_Luzon_R1.trimmed.fq
36.42	36.72	36.80	36.83	36.71	36.66	36.64	38.82	38.85	38.84	38.82	38.70	38.77	38.80	38.79	38.73	38.74	38.66	38.72	38.61	38.60	38.58	38.53	38.52	38.46	38.38	38.33	38.34	38.33	38.22	38.23	38.18	38.06	38.06	38.00	37.88	37.88	37.74	37.70	37.54	37.57	37.49	37.41	37.35	37.24	37.41	37.47	37.45	37.38	37.29	37.14	37.02	36.92	36.81	36.73	36.56	36.52	36.44	36.34	36.22	36.09	35.95	35.78	35.63	35.46	35.29	35.15	34.99	34.77	32.91	33.66	34.08	34.09	34.01	33.90	33.74	33.61	33.49	33.39	33.31	33.22	33.14	33.07	33.00	32.93	32.86	32.77	32.71	32.64	32.57	32.52	32.47	32.43	32.35	31.71	




Read count (%) per base for different quality score ranges

	RMB_13660_Gekko_mindorensis_Luzon_R1.trimmed.fq
Ranges	0-10	11-20	21-30	31-40
Base
1	0.00	0.91	1.62	97.47
2	0.00	0.38	0.88	98.75
3	0.00	0.24	0.69	99.06
4	0.00	0.20	0.61	99.19
5	0.00	0.23	1.12	98.65
6	0.00	0.33	1.24	98.44
7	0.00	0.35	1.29	98.36
8	0.00	0.40	1.44	98.16
9	0.00	0.39	1.37	98.24
10	0.00	0.42	1.50	98.08
11	0.00	0.42	1.48	98.09
12	0.00	0.48	1.62	97.91
13	0.00	0.48	1.58	97.93
14	0.00	0.47	1.57	97.96
15	0.00	0.45	1.58	97.96
16	0.00	0.47	1.57	97.96
17	0.00	0.49	1.63	97.88
18	0.00	0.58	1.75	97.67
19	0.00	0.47	1.62	97.91
20	0.00	0.61	1.69	97.70
21	0.00	0.60	1.67	97.72
22	0.00	0.59	1.66	97.75
23	0.00	0.61	1.77	97.62
24	0.00	0.54	1.72	97.74
25	0.00	0.58	1.76	97.67
26	0.00	0.57	1.87	97.56
27	0.00	0.61	1.89	97.51
28	0.00	0.50	1.83	97.68
29	0.00	0.43	1.76	97.81
30	0.00	0.45	1.90	97.65
31	0.00	0.41	1.81	97.77
32	0.00	0.39	1.81	97.81
33	0.00	0.41	1.92	97.66
34	0.00	0.35	1.80	97.85
35	0.00	0.37	1.86	97.76
36	0.00	0.36	1.98	97.66
37	0.00	0.35	1.86	97.79
38	0.00	0.35	2.00	97.64
39	0.00	0.36	1.93	97.71
40	0.00	0.39	2.09	97.52
41	0.00	0.33	1.91	97.76
42	0.00	0.36	2.01	97.63
43	0.00	0.36	2.01	97.63
44	0.00	0.34	2.03	97.63
45	0.00	0.36	2.19	97.45
46	0.00	0.27	1.67	98.06
47	0.00	0.25	1.64	98.11
48	0.00	0.24	1.65	98.11
49	0.00	0.23	1.61	98.16
50	0.00	0.25	1.66	98.08
51	0.00	0.25	1.74	98.00
52	0.00	0.23	1.91	97.86
53	0.00	0.24	1.90	97.86
54	0.00	0.23	1.91	97.86
55	0.00	0.22	1.84	97.95
56	0.00	0.24	2.01	97.75
57	0.00	0.21	1.72	98.07
58	0.00	0.19	1.71	98.10
59	0.00	0.20	1.78	98.02
60	0.00	0.20	1.76	98.04
61	0.00	0.19	1.75	98.06
62	0.00	0.20	1.85	97.95
63	0.00	0.19	1.85	97.95
64	0.00	0.21	1.95	97.84
65	0.00	0.20	2.00	97.80
66	0.00	0.21	2.08	97.71
67	0.00	0.21	2.03	97.76
68	0.00	0.21	2.04	97.75
69	0.00	0.21	2.10	97.69
70	0.00	0.30	5.65	94.05
71	0.00	0.22	3.02	96.76
72	0.00	0.20	2.44	97.36
73	0.00	0.20	2.33	97.47
74	0.00	0.18	2.26	97.56
75	0.00	0.19	2.15	97.66
76	0.00	0.20	2.25	97.56
77	0.00	0.20	2.28	97.52
78	0.00	0.19	2.37	97.44
79	0.00	0.21	2.41	97.38
80	0.00	0.20	2.45	97.35
81	0.00	0.21	2.56	97.23
82	0.00	0.24	2.62	97.13
83	0.00	0.23	2.70	97.08
84	0.00	0.24	2.75	97.01
85	0.00	0.24	2.77	96.99
86	0.00	0.24	2.81	96.95
87	0.00	0.26	2.94	96.80
88	0.00	0.27	2.93	96.79
89	0.00	0.29	3.00	96.71
90	0.00	0.29	3.10	96.61
91	0.00	0.31	3.08	96.60
92	0.00	0.31	3.11	96.58
93	0.00	0.30	3.11	96.58
94	0.00	0.35	3.27	96.38
95	0.00	0.58	5.01	94.41




