Parameters
	Library type	Single-end
	Input file	/Volumes/wdhd/users/joaks1/projects/gekgo/data/genomes/msg/plate2/demultiplexed-trimmed/RMB_13768_Gekko_gecko_Luzon_R1.trimmed.fq
	Primer/Adaptor library	NA
	Cut-off read length for HQ	70%
	Cut-off quality score	20
	Only statistics	On
	Number of processes	2


QC statistics
	File name	RMB_13768_Gekko_gecko_Luzon_R1.trimmed.fq
	Total number of reads	207378
	Total number of HQ reads	207203
	Percentage of HQ reads	99.92%
	Total number of bases	18897522
	Total number of bases in HQ reads	18892696
	Total number of HQ bases in HQ reads	18827896
	Percentage of HQ bases in HQ reads	99.66%
	Number of Primer/Adaptor contaminated HQ reads	NA
	Total number of HQ filtered reads	207203
	Percentage of HQ filtered reads	99.92%


Detailed QC statistics
	File name	RMB_13768_Gekko_gecko_Luzon_R1.trimmed.fq
	Minimum read length	8
	Maximum read length	95
	Average read length	91.13
	Total number of reads	207378
	Total number of reads with non-ATGC bases	0
	Percentage of reads with non-ATGC bases	0.00%
	Total number of bases	18897522
	Total number of HQ bases	18830836
	Percentage of HQ bases	99.65%
	Total number of non-ATGC bases	0
	Percentage of non-ATGC bases	0.00%


Average quality score at each base position of input reads

RMB_13768_Gekko_gecko_Luzon_R1.trimmed.fq
36.39	36.65	36.74	36.80	36.66	36.62	36.59	38.85	38.88	38.86	38.78	38.76	38.81	38.76	38.76	38.69	38.68	38.64	38.69	38.60	38.59	38.59	38.56	38.59	38.47	38.39	38.30	38.31	38.27	38.21	38.20	38.16	38.04	38.03	37.96	37.86	37.86	37.80	37.58	37.49	37.50	37.46	37.40	37.35	37.24	37.32	37.30	37.25	37.14	37.03	36.95	36.82	36.70	36.56	36.47	36.25	36.23	36.14	35.94	35.77	35.64	35.52	35.32	35.15	34.96	34.76	34.60	34.37	34.17	32.54	33.18	33.52	33.54	33.49	33.42	33.34	33.26	33.15	33.10	33.01	32.98	32.90	32.87	32.81	32.76	32.73	32.65	32.58	32.53	32.47	32.45	32.41	32.37	32.33	31.65	




Read count (%) per base for different quality score ranges

	RMB_13768_Gekko_gecko_Luzon_R1.trimmed.fq
Ranges	0-10	11-20	21-30	31-40
Base
1	0.00	1.12	1.79	97.09
2	0.00	0.55	1.09	98.35
3	0.00	0.39	0.88	98.73
4	0.00	0.29	0.71	99.00
5	0.00	0.29	1.36	98.35
6	0.00	0.38	1.40	98.21
7	0.00	0.42	1.49	98.09
8	0.00	0.45	1.60	97.96
9	0.00	0.45	1.56	97.99
10	0.00	0.49	1.63	97.89
11	0.00	0.52	1.67	97.81
12	0.00	0.53	1.71	97.76
13	0.00	0.50	1.63	97.88
14	0.00	0.55	1.74	97.71
15	0.00	0.52	1.71	97.77
16	0.00	0.51	1.72	97.76
17	0.00	0.59	1.78	97.63
18	0.00	0.61	1.88	97.51
19	0.00	0.53	1.82	97.65
20	0.00	0.65	1.88	97.46
21	0.00	0.62	1.89	97.49
22	0.00	0.58	1.76	97.66
23	0.00	0.57	1.83	97.59
24	0.00	0.48	1.78	97.74
25	0.00	0.50	1.91	97.59
26	0.00	0.46	1.99	97.56
27	0.00	0.47	2.00	97.53
28	0.00	0.42	1.90	97.68
29	0.00	0.39	1.82	97.79
30	0.00	0.38	1.94	97.68
31	0.00	0.38	1.83	97.79
32	0.00	0.36	1.83	97.81
33	0.00	0.40	1.92	97.67
34	0.00	0.32	1.80	97.88
35	0.00	0.35	1.90	97.74
36	0.00	0.35	1.95	97.70
37	0.00	0.33	1.85	97.81
38	0.00	0.34	1.91	97.75
39	0.00	0.39	2.08	97.53
40	0.00	0.38	2.20	97.41
41	0.00	0.34	2.08	97.59
42	0.00	0.35	2.04	97.61
43	0.00	0.34	2.05	97.61
44	0.00	0.32	2.11	97.57
45	0.00	0.34	2.21	97.46
46	0.00	0.28	1.88	97.85
47	0.00	0.27	1.87	97.86
48	0.00	0.26	1.95	97.79
49	0.00	0.27	1.94	97.80
50	0.00	0.28	2.00	97.72
51	0.00	0.26	1.92	97.82
52	0.00	0.25	2.01	97.74
53	0.00	0.25	2.03	97.72
54	0.00	0.24	2.06	97.70
55	0.00	0.24	2.00	97.76
56	0.00	0.28	2.31	97.42
57	0.00	0.20	1.90	97.90
58	0.00	0.21	1.85	97.94
59	0.00	0.23	1.96	97.82
60	0.00	0.23	1.97	97.80
61	0.00	0.20	1.95	97.85
62	0.00	0.18	1.94	97.89
63	0.00	0.20	1.99	97.81
64	0.00	0.20	2.04	97.76
65	0.00	0.20	2.11	97.68
66	0.00	0.20	2.18	97.62
67	0.00	0.19	2.14	97.67
68	0.00	0.22	2.18	97.60
69	0.00	0.19	2.25	97.56
70	0.00	0.31	5.98	93.70
71	0.00	0.24	3.38	96.39
72	0.00	0.23	2.74	97.03
73	0.00	0.21	2.50	97.28
74	0.00	0.20	2.42	97.38
75	0.00	0.20	2.39	97.41
76	0.00	0.19	2.48	97.33
77	0.00	0.20	2.50	97.30
78	0.00	0.22	2.70	97.08
79	0.00	0.21	2.68	97.11
80	0.00	0.28	2.77	96.95
81	0.00	0.21	2.80	96.98
82	0.00	0.28	2.94	96.78
83	0.00	0.23	2.80	96.97
84	0.00	0.25	2.89	96.86
85	0.00	0.27	2.86	96.87
86	0.00	0.25	2.79	96.97
87	0.00	0.26	2.99	96.76
88	0.00	0.31	3.03	96.65
89	0.00	0.32	3.08	96.60
90	0.00	0.33	3.23	96.44
91	0.00	0.31	3.06	96.63
92	0.00	0.35	2.99	96.66
93	0.00	0.32	3.01	96.67
94	0.00	0.33	3.02	96.64
95	0.00	0.65	4.89	94.45




