Parameters
	Library type	Single-end
	Input file	/Volumes/wdhd/users/joaks1/projects/gekgo/data/genomes/msg/plate2/demultiplexed-trimmed/RMB_6447_Cyrtodactylus_philippinicus_Mindoro_R1.trimmed.fq
	Primer/Adaptor library	NA
	Cut-off read length for HQ	70%
	Cut-off quality score	20
	Only statistics	On
	Number of processes	2


QC statistics
	File name	RMB_6447_Cyrtodactylus_philippinicus_Mindoro_R1.trimmed.fq
	Total number of reads	2817704
	Total number of HQ reads	2815697
	Percentage of HQ reads	99.93%
	Total number of bases	258461754
	Total number of bases in HQ reads	258401357
	Total number of HQ bases in HQ reads	257606944
	Percentage of HQ bases in HQ reads	99.69%
	Number of Primer/Adaptor contaminated HQ reads	NA
	Total number of HQ filtered reads	2815697
	Percentage of HQ filtered reads	99.93%


Detailed QC statistics
	File name	RMB_6447_Cyrtodactylus_philippinicus_Mindoro_R1.trimmed.fq
	Minimum read length	8
	Maximum read length	95
	Average read length	91.73
	Total number of reads	2817704
	Total number of reads with non-ATGC bases	0
	Percentage of reads with non-ATGC bases	0.00%
	Total number of bases	258461754
	Total number of HQ bases	257643507
	Percentage of HQ bases	99.68%
	Total number of non-ATGC bases	0
	Percentage of non-ATGC bases	0.00%


Average quality score at each base position of input reads

RMB_6447_Cyrtodactylus_philippinicus_Mindoro_R1.trimmed.fq
36.53	36.75	36.81	36.84	36.71	36.67	36.66	39.02	39.00	38.96	38.91	38.87	38.94	38.94	38.91	38.91	38.88	38.80	38.88	38.80	38.75	38.76	38.78	38.77	38.70	38.61	38.57	38.54	38.56	38.48	38.49	38.46	38.34	38.34	38.27	38.17	38.16	38.13	38.05	37.98	37.95	37.86	37.79	37.72	37.65	37.73	37.72	37.65	37.58	37.49	37.41	37.29	37.22	37.11	37.02	36.89	36.86	36.77	36.65	36.56	36.45	36.34	36.17	36.01	35.89	35.71	35.58	35.44	35.26	33.50	34.19	34.58	34.59	34.49	34.37	34.24	34.10	33.99	33.88	33.77	33.69	33.61	33.53	33.47	33.41	33.33	33.26	33.20	33.17	33.11	33.04	33.00	32.97	32.94	32.34	




Read count (%) per base for different quality score ranges

	RMB_6447_Cyrtodactylus_philippinicus_Mindoro_R1.trimmed.fq
Ranges	0-10	11-20	21-30	31-40
Base
1	0.00	0.86	1.35	97.79
2	0.00	0.38	0.80	98.83
3	0.00	0.27	0.66	99.08
4	0.00	0.21	0.58	99.21
5	0.00	0.25	1.12	98.63
6	0.00	0.34	1.18	98.48
7	0.00	0.35	1.24	98.41
8	0.00	0.36	1.29	98.35
9	0.00	0.40	1.32	98.28
10	0.00	0.42	1.42	98.17
11	0.00	0.43	1.42	98.15
12	0.00	0.46	1.44	98.10
13	0.00	0.45	1.43	98.12
14	0.00	0.45	1.44	98.11
15	0.00	0.47	1.49	98.04
16	0.00	0.45	1.44	98.11
17	0.00	0.50	1.49	98.01
18	0.00	0.57	1.61	97.82
19	0.00	0.46	1.49	98.05
20	0.00	0.59	1.54	97.86
21	0.00	0.62	1.57	97.81
22	0.00	0.57	1.54	97.89
23	0.00	0.56	1.55	97.89
24	0.00	0.54	1.53	97.93
25	0.00	0.57	1.60	97.83
26	0.00	0.56	1.68	97.76
27	0.00	0.60	1.70	97.69
28	0.00	0.52	1.68	97.81
29	0.00	0.44	1.56	98.00
30	0.00	0.44	1.69	97.87
31	0.00	0.41	1.59	98.00
32	0.00	0.35	1.61	98.04
33	0.00	0.40	1.68	97.92
34	0.00	0.33	1.58	98.09
35	0.00	0.33	1.62	98.04
36	0.00	0.33	1.68	97.99
37	0.00	0.32	1.62	98.07
38	0.00	0.31	1.62	98.07
39	0.00	0.33	1.65	98.02
40	0.00	0.31	1.66	98.04
41	0.00	0.30	1.66	98.04
42	0.00	0.33	1.71	97.96
43	0.00	0.32	1.74	97.93
44	0.00	0.30	1.77	97.93
45	0.00	0.31	1.77	97.92
46	0.00	0.25	1.50	98.25
47	0.00	0.24	1.50	98.26
48	0.00	0.25	1.54	98.21
49	0.00	0.24	1.52	98.24
50	0.00	0.24	1.54	98.21
51	0.00	0.23	1.55	98.23
52	0.00	0.23	1.61	98.16
53	0.00	0.21	1.58	98.22
54	0.00	0.21	1.64	98.15
55	0.00	0.21	1.64	98.15
56	0.00	0.22	1.71	98.07
57	0.00	0.19	1.46	98.35
58	0.00	0.19	1.56	98.25
59	0.00	0.20	1.69	98.12
60	0.00	0.19	1.62	98.20
61	0.00	0.19	1.60	98.21
62	0.00	0.18	1.63	98.18
63	0.00	0.19	1.68	98.14
64	0.00	0.19	1.95	97.87
65	0.00	0.18	1.73	98.09
66	0.00	0.18	1.85	97.97
67	0.00	0.17	1.83	98.00
68	0.00	0.17	1.80	98.03
69	0.00	0.18	1.93	97.89
70	0.00	0.27	4.99	94.74
71	0.00	0.20	2.69	97.10
72	0.00	0.18	2.18	97.64
73	0.00	0.18	2.01	97.82
74	0.00	0.17	1.99	97.84
75	0.00	0.17	1.98	97.85
76	0.00	0.18	2.01	97.81
77	0.00	0.18	2.09	97.73
78	0.00	0.17	2.08	97.75
79	0.00	0.18	2.13	97.69
80	0.00	0.18	2.27	97.55
81	0.00	0.18	2.25	97.57
82	0.00	0.19	2.31	97.50
83	0.00	0.21	2.39	97.40
84	0.00	0.20	2.43	97.37
85	0.00	0.22	2.49	97.29
86	0.00	0.23	2.55	97.23
87	0.00	0.24	2.63	97.13
88	0.00	0.23	2.67	97.10
89	0.00	0.24	2.63	97.14
90	0.00	0.25	2.71	97.04
91	0.00	0.26	2.82	96.92
92	0.00	0.26	2.83	96.91
93	0.00	0.27	2.78	96.94
94	0.00	0.26	2.77	96.97
95	0.00	0.52	4.40	95.08




