Parameters
	Library type	Single-end
	Input file	/Volumes/wdhd/users/joaks1/projects/gekgo/data/genomes/msg/plate2/demultiplexed-trimmed/RMB_13657_Gekko_mindorensis_Luzon_R1.trimmed.fq
	Primer/Adaptor library	NA
	Cut-off read length for HQ	70%
	Cut-off quality score	20
	Only statistics	On
	Number of processes	2


QC statistics
	File name	RMB_13657_Gekko_mindorensis_Luzon_R1.trimmed.fq
	Total number of reads	447251
	Total number of HQ reads	446935
	Percentage of HQ reads	99.93%
	Total number of bases	40595633
	Total number of bases in HQ reads	40587006
	Total number of HQ bases in HQ reads	40440721
	Percentage of HQ bases in HQ reads	99.64%
	Number of Primer/Adaptor contaminated HQ reads	NA
	Total number of HQ filtered reads	446935
	Percentage of HQ filtered reads	99.93%


Detailed QC statistics
	File name	RMB_13657_Gekko_mindorensis_Luzon_R1.trimmed.fq
	Minimum read length	8
	Maximum read length	95
	Average read length	90.77
	Total number of reads	447251
	Total number of reads with non-ATGC bases	0
	Percentage of reads with non-ATGC bases	0.00%
	Total number of bases	40595633
	Total number of HQ bases	40445930
	Percentage of HQ bases	99.63%
	Total number of non-ATGC bases	0
	Percentage of non-ATGC bases	0.00%


Average quality score at each base position of input reads

RMB_13657_Gekko_mindorensis_Luzon_R1.trimmed.fq
36.43	36.67	36.75	36.80	36.66	36.61	36.58	38.74	38.75	38.74	38.69	38.59	38.65	38.66	38.65	38.58	38.58	38.52	38.57	38.46	38.46	38.41	38.36	38.36	38.28	38.19	38.13	38.11	38.08	37.95	37.95	37.90	37.77	37.76	37.69	37.56	37.56	37.44	37.39	37.18	37.23	37.12	37.03	36.96	36.85	37.03	37.10	37.07	36.98	36.86	36.71	36.58	36.47	36.35	36.22	36.03	36.00	35.93	35.81	35.67	35.51	35.37	35.17	35.00	34.79	34.60	34.44	34.27	34.04	32.22	32.97	33.37	33.35	33.28	33.21	33.10	33.03	32.94	32.85	32.78	32.72	32.65	32.59	32.51	32.46	32.40	32.31	32.25	32.18	32.11	32.07	32.03	32.00	31.91	31.24	




Read count (%) per base for different quality score ranges

	RMB_13657_Gekko_mindorensis_Luzon_R1.trimmed.fq
Ranges	0-10	11-20	21-30	31-40
Base
1	0.00	0.98	1.81	97.20
2	0.00	0.47	1.10	98.44
3	0.00	0.32	0.88	98.80
4	0.00	0.25	0.76	98.99
5	0.00	0.29	1.33	98.38
6	0.00	0.39	1.46	98.14
7	0.00	0.42	1.57	98.00
8	0.00	0.46	1.66	97.88
9	0.00	0.45	1.63	97.92
10	0.00	0.49	1.75	97.76
11	0.00	0.51	1.76	97.73
12	0.00	0.55	1.86	97.59
13	0.00	0.55	1.84	97.61
14	0.00	0.55	1.83	97.62
15	0.00	0.52	1.81	97.66
16	0.00	0.55	1.80	97.65
17	0.00	0.61	1.87	97.53
18	0.00	0.64	2.00	97.36
19	0.00	0.54	1.89	97.57
20	0.00	0.68	2.00	97.32
21	0.00	0.66	1.92	97.42
22	0.00	0.64	1.94	97.43
23	0.00	0.63	2.02	97.36
24	0.00	0.54	1.95	97.51
25	0.00	0.57	2.03	97.41
26	0.00	0.54	2.12	97.34
27	0.00	0.55	2.14	97.31
28	0.00	0.47	2.04	97.49
29	0.00	0.41	2.00	97.60
30	0.00	0.44	2.12	97.44
31	0.00	0.40	2.06	97.54
32	0.00	0.39	2.06	97.54
33	0.00	0.45	2.17	97.38
34	0.00	0.38	2.03	97.60
35	0.00	0.40	2.09	97.52
36	0.00	0.40	2.21	97.39
37	0.00	0.37	2.08	97.56
38	0.00	0.38	2.20	97.42
39	0.00	0.38	2.22	97.39
40	0.00	0.43	2.47	97.10
41	0.00	0.34	2.21	97.45
42	0.00	0.39	2.35	97.26
43	0.00	0.39	2.33	97.27
44	0.00	0.37	2.34	97.29
45	0.00	0.41	2.51	97.08
46	0.00	0.30	1.98	97.73
47	0.00	0.29	1.90	97.81
48	0.00	0.29	1.90	97.81
49	0.00	0.27	1.93	97.80
50	0.00	0.28	1.98	97.74
51	0.00	0.29	2.06	97.64
52	0.00	0.26	2.19	97.55
53	0.00	0.28	2.14	97.58
54	0.00	0.25	2.18	97.56
55	0.00	0.24	2.17	97.59
56	0.00	0.28	2.40	97.32
57	0.00	0.23	1.95	97.82
58	0.00	0.21	1.89	97.89
59	0.00	0.23	1.97	97.80
60	0.00	0.23	1.97	97.80
61	0.00	0.21	2.00	97.79
62	0.00	0.21	1.99	97.80
63	0.00	0.21	2.00	97.79
64	0.00	0.22	2.11	97.66
65	0.00	0.22	2.26	97.53
66	0.00	0.23	2.35	97.42
67	0.00	0.21	2.26	97.53
68	0.00	0.22	2.24	97.54
69	0.00	0.20	2.33	97.47
70	0.00	0.31	6.40	93.29
71	0.00	0.23	3.40	96.36
72	0.00	0.19	2.71	97.10
73	0.00	0.21	2.56	97.22
74	0.00	0.20	2.44	97.36
75	0.00	0.20	2.38	97.42
76	0.00	0.21	2.45	97.34
77	0.00	0.21	2.42	97.38
78	0.00	0.20	2.56	97.24
79	0.00	0.22	2.67	97.11
80	0.00	0.21	2.70	97.09
81	0.00	0.22	2.75	97.03
82	0.00	0.25	2.84	96.91
83	0.00	0.25	2.90	96.85
84	0.00	0.27	2.96	96.77
85	0.00	0.26	2.93	96.81
86	0.00	0.27	2.99	96.74
87	0.00	0.29	3.12	96.59
88	0.00	0.30	3.14	96.56
89	0.00	0.33	3.22	96.45
90	0.00	0.35	3.28	96.38
91	0.00	0.33	3.30	96.37
92	0.00	0.34	3.17	96.49
93	0.00	0.32	3.19	96.50
94	0.00	0.38	3.45	96.17
95	0.00	0.66	5.24	94.10




