Parameters
	Library type	Single-end
	Input file	/Volumes/wdhd/users/joaks1/projects/gekgo/data/genomes/msg/plate2/demultiplexed-trimmed/RMB_13589_Gekko_carusadensis_Luzon_R1.trimmed.fq
	Primer/Adaptor library	NA
	Cut-off read length for HQ	70%
	Cut-off quality score	20
	Only statistics	On
	Number of processes	2


QC statistics
	File name	RMB_13589_Gekko_carusadensis_Luzon_R1.trimmed.fq
	Total number of reads	776577
	Total number of HQ reads	776122
	Percentage of HQ reads	99.94%
	Total number of bases	70541025
	Total number of bases in HQ reads	70527587
	Total number of HQ bases in HQ reads	70272472
	Percentage of HQ bases in HQ reads	99.64%
	Number of Primer/Adaptor contaminated HQ reads	NA
	Total number of HQ filtered reads	776122
	Percentage of HQ filtered reads	99.94%


Detailed QC statistics
	File name	RMB_13589_Gekko_carusadensis_Luzon_R1.trimmed.fq
	Minimum read length	8
	Maximum read length	95
	Average read length	90.84
	Total number of reads	776577
	Total number of reads with non-ATGC bases	0
	Percentage of reads with non-ATGC bases	0.00%
	Total number of bases	70541025
	Total number of HQ bases	70280640
	Percentage of HQ bases	99.63%
	Total number of non-ATGC bases	0
	Percentage of non-ATGC bases	0.00%


Average quality score at each base position of input reads

RMB_13589_Gekko_carusadensis_Luzon_R1.trimmed.fq
34.66	36.61	36.77	36.82	36.69	36.63	36.62	38.86	38.85	38.81	38.75	38.67	38.72	38.73	38.72	38.68	38.67	38.59	38.64	38.54	38.50	38.46	38.44	38.43	38.35	38.24	38.20	38.18	38.15	38.03	38.03	38.01	37.87	37.85	37.77	37.59	37.62	37.53	37.46	37.31	37.32	37.21	37.14	37.08	36.97	37.18	37.23	37.20	37.11	37.00	36.88	36.75	36.64	36.53	36.43	36.25	36.24	36.16	36.03	35.89	35.76	35.60	35.43	35.29	35.10	34.94	34.77	34.60	34.41	32.58	33.26	33.64	33.65	33.57	33.46	33.33	33.20	33.11	32.99	32.88	32.79	32.71	32.65	32.58	32.51	32.44	32.36	32.29	32.21	32.14	32.09	32.02	31.99	31.90	31.26	




Read count (%) per base for different quality score ranges

	RMB_13589_Gekko_carusadensis_Luzon_R1.trimmed.fq
Ranges	0-10	11-20	21-30	31-40
Base
1	0.00	1.59	3.39	95.02
2	0.00	0.49	1.11	98.40
3	0.00	0.28	0.79	98.93
4	0.00	0.20	0.67	99.12
5	0.00	0.24	1.21	98.55
6	0.00	0.35	1.32	98.33
7	0.00	0.36	1.37	98.26
8	0.00	0.39	1.45	98.16
9	0.00	0.41	1.47	98.12
10	0.00	0.45	1.56	97.99
11	0.00	0.47	1.62	97.91
12	0.00	0.51	1.67	97.82
13	0.00	0.50	1.69	97.81
14	0.00	0.50	1.65	97.85
15	0.00	0.48	1.68	97.84
16	0.00	0.50	1.69	97.80
17	0.00	0.55	1.67	97.78
18	0.00	0.60	1.86	97.54
19	0.00	0.50	1.76	97.75
20	0.00	0.65	1.82	97.53
21	0.00	0.67	1.83	97.50
22	0.00	0.64	1.84	97.51
23	0.00	0.63	1.87	97.50
24	0.00	0.59	1.82	97.59
25	0.00	0.61	1.88	97.51
26	0.00	0.59	2.03	97.38
27	0.00	0.61	2.00	97.39
28	0.00	0.53	1.99	97.47
29	0.00	0.47	1.89	97.64
30	0.00	0.48	2.03	97.49
31	0.00	0.45	1.93	97.62
32	0.00	0.41	1.93	97.66
33	0.00	0.44	2.07	97.49
34	0.00	0.38	1.94	97.68
35	0.00	0.40	1.98	97.62
36	0.00	0.42	2.16	97.42
37	0.00	0.38	1.99	97.63
38	0.00	0.39	2.08	97.53
39	0.00	0.38	2.09	97.53
40	0.00	0.42	2.25	97.33
41	0.00	0.36	2.08	97.56
42	0.00	0.38	2.18	97.44
43	0.00	0.38	2.22	97.40
44	0.00	0.37	2.11	97.52
45	0.00	0.40	2.26	97.34
46	0.00	0.28	1.78	97.94
47	0.00	0.26	1.73	98.01
48	0.00	0.27	1.78	97.95
49	0.00	0.25	1.79	97.96
50	0.00	0.27	1.78	97.95
51	0.00	0.27	1.81	97.92
52	0.00	0.26	1.87	97.86
53	0.00	0.25	1.88	97.88
54	0.00	0.25	1.94	97.82
55	0.00	0.24	1.96	97.81
56	0.00	0.26	2.19	97.55
57	0.00	0.22	1.75	98.03
58	0.00	0.20	1.75	98.05
59	0.00	0.21	1.83	97.96
60	0.00	0.23	1.85	97.92
61	0.00	0.22	1.83	97.96
62	0.00	0.23	2.00	97.76
63	0.00	0.22	1.98	97.80
64	0.00	0.21	2.02	97.77
65	0.00	0.21	2.16	97.63
66	0.00	0.22	2.15	97.64
67	0.00	0.23	2.22	97.55
68	0.00	0.23	2.18	97.59
69	0.00	0.22	2.18	97.60
70	0.00	0.32	5.82	93.86
71	0.00	0.24	3.27	96.49
72	0.00	0.21	2.60	97.19
73	0.00	0.22	2.46	97.32
74	0.00	0.20	2.37	97.42
75	0.00	0.20	2.29	97.51
76	0.00	0.21	2.36	97.43
77	0.00	0.24	2.43	97.33
78	0.00	0.19	2.48	97.33
79	0.00	0.22	2.53	97.26
80	0.00	0.22	2.68	97.10
81	0.00	0.23	2.76	97.00
82	0.00	0.25	2.79	96.96
83	0.00	0.24	2.77	97.00
84	0.00	0.24	2.86	96.90
85	0.00	0.25	2.91	96.84
86	0.00	0.26	2.97	96.76
87	0.00	0.29	3.06	96.65
88	0.00	0.29	3.12	96.59
89	0.00	0.30	3.19	96.51
90	0.00	0.33	3.27	96.40
91	0.00	0.33	3.30	96.37
92	0.00	0.35	3.31	96.34
93	0.00	0.33	3.34	96.33
94	0.00	0.36	3.38	96.26
95	0.00	0.63	5.32	94.05




