Parameters
	Library type	Single-end
	Input file	/Volumes/wdhd/users/joaks1/projects/gekgo/data/genomes/msg/plate2/demultiplexed-trimmed/RMB_5968_Gekko_crombota_BabuyanClaro_R1.trimmed.fq
	Primer/Adaptor library	NA
	Cut-off read length for HQ	70%
	Cut-off quality score	20
	Only statistics	On
	Number of processes	2


QC statistics
	File name	RMB_5968_Gekko_crombota_BabuyanClaro_R1.trimmed.fq
	Total number of reads	109534
	Total number of HQ reads	109480
	Percentage of HQ reads	99.95%
	Total number of bases	9933671
	Total number of bases in HQ reads	9932278
	Total number of HQ bases in HQ reads	9897572
	Percentage of HQ bases in HQ reads	99.65%
	Number of Primer/Adaptor contaminated HQ reads	NA
	Total number of HQ filtered reads	109480
	Percentage of HQ filtered reads	99.95%


Detailed QC statistics
	File name	RMB_5968_Gekko_crombota_BabuyanClaro_R1.trimmed.fq
	Minimum read length	11
	Maximum read length	95
	Average read length	90.69
	Total number of reads	109534
	Total number of reads with non-ATGC bases	0
	Percentage of reads with non-ATGC bases	0.00%
	Total number of bases	9933671
	Total number of HQ bases	9898403
	Percentage of HQ bases	99.64%
	Total number of non-ATGC bases	0
	Percentage of non-ATGC bases	0.00%


Average quality score at each base position of input reads

RMB_5968_Gekko_crombota_BabuyanClaro_R1.trimmed.fq
36.37	36.64	36.74	36.80	36.66	36.61	36.58	38.85	38.86	38.82	38.75	38.67	38.66	38.65	38.66	38.65	38.66	38.60	38.65	38.55	38.51	38.50	38.49	38.47	38.39	38.26	38.20	38.16	38.15	37.98	37.97	37.96	37.83	37.83	37.78	37.63	37.65	37.57	37.47	37.31	37.35	37.22	37.17	37.12	37.03	37.10	37.05	37.00	36.92	36.81	36.68	36.56	36.40	36.31	36.18	36.00	35.96	35.86	35.69	35.53	35.30	35.17	34.98	34.77	34.56	34.41	34.19	34.01	33.86	32.22	32.85	33.17	33.19	33.15	33.10	33.02	32.94	32.87	32.81	32.73	32.67	32.61	32.59	32.52	32.48	32.42	32.35	32.27	32.22	32.16	32.10	32.06	32.00	31.89	31.18	




Read count (%) per base for different quality score ranges

	RMB_5968_Gekko_crombota_BabuyanClaro_R1.trimmed.fq
Ranges	0-10	11-20	21-30	31-40
Base
1	0.00	1.08	1.93	96.99
2	0.00	0.50	1.19	98.31
3	0.00	0.35	0.91	98.74
4	0.00	0.23	0.82	98.95
5	0.00	0.28	1.35	98.37
6	0.00	0.39	1.47	98.15
7	0.00	0.40	1.60	97.99
8	0.00	0.41	1.64	97.95
9	0.00	0.43	1.61	97.96
10	0.00	0.49	1.69	97.82
11	0.00	0.45	1.81	97.74
12	0.00	0.57	1.83	97.60
13	0.00	0.57	1.78	97.65
14	0.00	0.55	1.82	97.63
15	0.00	0.55	1.88	97.58
16	0.00	0.56	1.85	97.59
17	0.00	0.57	1.90	97.53
18	0.00	0.59	2.05	97.36
19	0.00	0.54	1.94	97.52
20	0.00	0.65	2.00	97.35
21	0.00	0.64	1.98	97.38
22	0.00	0.58	1.93	97.50
23	0.00	0.52	1.91	97.57
24	0.00	0.45	1.86	97.68
25	0.00	0.47	1.90	97.63
26	0.00	0.44	2.09	97.48
27	0.00	0.44	2.12	97.43
28	0.00	0.38	1.94	97.68
29	0.00	0.37	1.85	97.77
30	0.00	0.38	2.01	97.61
31	0.00	0.38	2.09	97.53
32	0.00	0.36	1.97	97.67
33	0.00	0.41	2.07	97.52
34	0.00	0.34	2.03	97.62
35	0.00	0.35	1.97	97.68
36	0.00	0.37	2.10	97.53
37	0.00	0.33	2.00	97.68
38	0.00	0.37	1.96	97.68
39	0.00	0.36	2.15	97.48
40	0.00	0.42	2.38	97.20
41	0.00	0.31	2.15	97.54
42	0.00	0.42	2.21	97.38
43	0.00	0.36	2.29	97.34
44	0.00	0.36	2.23	97.41
45	0.00	0.36	2.31	97.32
46	0.00	0.30	2.03	97.67
47	0.00	0.31	2.04	97.64
48	0.00	0.29	1.98	97.73
49	0.00	0.29	2.03	97.68
50	0.00	0.29	2.07	97.64
51	0.00	0.27	2.03	97.70
52	0.00	0.24	2.10	97.66
53	0.00	0.30	2.25	97.45
54	0.00	0.24	2.14	97.62
55	0.00	0.25	2.22	97.53
56	0.00	0.30	2.33	97.38
57	0.00	0.22	1.91	97.87
58	0.00	0.20	1.92	97.88
59	0.00	0.22	2.03	97.74
60	0.00	0.22	2.01	97.77
61	0.00	0.22	2.16	97.62
62	0.00	0.21	2.19	97.60
63	0.00	0.21	2.12	97.67
64	0.00	0.21	2.21	97.58
65	0.00	0.25	2.27	97.48
66	0.00	0.22	2.28	97.50
67	0.00	0.21	2.26	97.52
68	0.00	0.20	2.34	97.46
69	0.00	0.20	2.27	97.53
70	0.00	0.32	6.03	93.64
71	0.00	0.23	3.51	96.26
72	0.00	0.23	2.82	96.95
73	0.00	0.22	2.55	97.23
74	0.00	0.18	2.45	97.36
75	0.00	0.18	2.39	97.44
76	0.00	0.21	2.42	97.37
77	0.00	0.21	2.55	97.24
78	0.00	0.21	2.51	97.27
79	0.00	0.21	2.54	97.25
80	0.00	0.21	2.65	97.14
81	0.00	0.21	2.86	96.93
82	0.00	0.27	2.80	96.94
83	0.00	0.22	2.74	97.04
84	0.00	0.24	2.89	96.87
85	0.00	0.24	2.89	96.87
86	0.00	0.31	2.86	96.83
87	0.00	0.29	2.97	96.74
88	0.00	0.26	3.07	96.67
89	0.00	0.31	3.00	96.69
90	0.00	0.33	3.01	96.66
91	0.00	0.32	3.13	96.55
92	0.00	0.33	3.03	96.63
93	0.00	0.33	3.14	96.53
94	0.00	0.40	3.28	96.32
95	0.00	0.74	5.06	94.20




