Parameters
	Library type	Single-end
	Input file	/Volumes/wdhd/users/joaks1/projects/gekgo/data/genomes/msg/plate2/demultiplexed-trimmed/RMB_13591_Gekko_carusadensis_Luzon_R1.trimmed.fq
	Primer/Adaptor library	NA
	Cut-off read length for HQ	70%
	Cut-off quality score	20
	Only statistics	On
	Number of processes	2


QC statistics
	File name	RMB_13591_Gekko_carusadensis_Luzon_R1.trimmed.fq
	Total number of reads	224273
	Total number of HQ reads	224081
	Percentage of HQ reads	99.91%
	Total number of bases	20188175
	Total number of bases in HQ reads	20183513
	Total number of HQ bases in HQ reads	20101754
	Percentage of HQ bases in HQ reads	99.59%
	Number of Primer/Adaptor contaminated HQ reads	NA
	Total number of HQ filtered reads	224081
	Percentage of HQ filtered reads	99.91%


Detailed QC statistics
	File name	RMB_13591_Gekko_carusadensis_Luzon_R1.trimmed.fq
	Minimum read length	5
	Maximum read length	95
	Average read length	90.02
	Total number of reads	224273
	Total number of reads with non-ATGC bases	0
	Percentage of reads with non-ATGC bases	0.00%
	Total number of bases	20188175
	Total number of HQ bases	20104507
	Percentage of HQ bases	99.59%
	Total number of non-ATGC bases	0
	Percentage of non-ATGC bases	0.00%


Average quality score at each base position of input reads

RMB_13591_Gekko_carusadensis_Luzon_R1.trimmed.fq
34.82	36.41	36.64	36.73	36.58	36.53	36.53	38.65	38.65	38.61	38.57	38.47	38.46	38.48	38.51	38.47	38.47	38.39	38.45	38.35	38.32	38.29	38.27	38.25	38.15	38.02	37.94	37.91	37.88	37.74	37.74	37.71	37.56	37.55	37.46	37.26	37.29	37.18	37.10	36.96	36.96	36.84	36.76	36.69	36.58	36.71	36.71	36.64	36.52	36.42	36.27	36.12	35.95	35.83	35.69	35.47	35.41	35.28	35.11	34.91	34.74	34.55	34.32	34.12	33.89	33.71	33.52	33.32	33.13	31.44	32.13	32.48	32.51	32.46	32.42	32.33	32.25	32.19	32.10	32.02	31.96	31.90	31.86	31.79	31.72	31.66	31.60	31.52	31.46	31.38	31.32	31.27	31.22	31.12	30.44	




Read count (%) per base for different quality score ranges

	RMB_13591_Gekko_carusadensis_Luzon_R1.trimmed.fq
Ranges	0-10	11-20	21-30	31-40
Base
1	0.00	2.09	4.34	93.57
2	0.00	0.74	1.75	97.51
3	0.00	0.45	1.25	98.29
4	0.00	0.34	1.00	98.67
5	0.00	0.37	1.60	98.02
6	0.00	0.48	1.69	97.83
7	0.00	0.47	1.70	97.83
8	0.00	0.53	1.83	97.64
9	0.00	0.53	1.86	97.61
10	0.00	0.59	1.97	97.44
11	0.00	0.57	1.99	97.44
12	0.00	0.64	2.06	97.30
13	0.00	0.62	2.05	97.33
14	0.00	0.61	2.02	97.37
15	0.00	0.57	2.05	97.37
16	0.00	0.59	2.04	97.37
17	0.00	0.63	2.12	97.25
18	0.00	0.71	2.23	97.06
19	0.00	0.58	2.15	97.28
20	0.00	0.68	2.21	97.11
21	0.00	0.66	2.18	97.15
22	0.00	0.57	2.12	97.31
23	0.00	0.56	2.15	97.29
24	0.00	0.46	2.15	97.39
25	0.00	0.50	2.24	97.26
26	0.00	0.48	2.33	97.20
27	0.00	0.50	2.40	97.10
28	0.00	0.46	2.24	97.30
29	0.00	0.42	2.12	97.46
30	0.00	0.44	2.36	97.20
31	0.00	0.42	2.23	97.35
32	0.00	0.40	2.21	97.38
33	0.00	0.46	2.36	97.18
34	0.00	0.37	2.22	97.41
35	0.00	0.41	2.33	97.26
36	0.00	0.44	2.46	97.10
37	0.00	0.38	2.28	97.34
38	0.00	0.40	2.50	97.10
39	0.00	0.41	2.48	97.10
40	0.00	0.46	2.56	96.98
41	0.00	0.41	2.44	97.15
42	0.00	0.42	2.60	96.97
43	0.00	0.43	2.65	96.92
44	0.00	0.39	2.63	96.98
45	0.00	0.41	2.80	96.79
46	0.00	0.31	2.28	97.40
47	0.00	0.32	2.26	97.42
48	0.00	0.31	2.32	97.36
49	0.00	0.33	2.34	97.33
50	0.00	0.30	2.36	97.33
51	0.00	0.28	2.38	97.34
52	0.00	0.28	2.40	97.32
53	0.00	0.28	2.44	97.28
54	0.00	0.28	2.40	97.31
55	0.00	0.27	2.49	97.24
56	0.00	0.30	2.76	96.94
57	0.00	0.26	2.26	97.48
58	0.00	0.25	2.20	97.55
59	0.00	0.24	2.31	97.45
60	0.00	0.25	2.30	97.44
61	0.00	0.25	2.25	97.50
62	0.00	0.25	2.42	97.33
63	0.00	0.25	2.42	97.33
64	0.00	0.25	2.44	97.31
65	0.00	0.24	2.61	97.14
66	0.00	0.25	2.61	97.15
67	0.00	0.25	2.68	97.07
68	0.00	0.27	2.64	97.09
69	0.00	0.26	2.66	97.09
70	0.00	0.36	7.14	92.50
71	0.00	0.28	4.01	95.71
72	0.00	0.23	3.19	96.58
73	0.00	0.23	2.92	96.85
74	0.00	0.23	2.88	96.89
75	0.00	0.20	2.73	97.06
76	0.00	0.26	2.82	96.92
77	0.00	0.26	2.93	96.81
78	0.00	0.22	3.02	96.76
79	0.00	0.25	3.05	96.70
80	0.00	0.25	3.10	96.65
81	0.00	0.26	3.19	96.55
82	0.00	0.31	3.16	96.53
83	0.00	0.28	3.12	96.60
84	0.00	0.29	3.18	96.53
85	0.00	0.30	3.33	96.37
86	0.00	0.31	3.31	96.38
87	0.00	0.33	3.34	96.33
88	0.00	0.34	3.42	96.24
89	0.00	0.37	3.40	96.23
90	0.00	0.38	3.52	96.10
91	0.00	0.39	3.62	95.99
92	0.00	0.39	3.54	96.07
93	0.00	0.41	3.58	96.01
94	0.00	0.42	3.60	95.98
95	0.00	0.77	5.52	93.71




