Parameters
	Library type	Single-end
	Input file	/Volumes/wdhd/users/joaks1/projects/gekgo/data/genomes/msg/plate2/demultiplexed-trimmed/RMB_13767_Gekko_gecko_Luzon_R1.trimmed.fq
	Primer/Adaptor library	NA
	Cut-off read length for HQ	70%
	Cut-off quality score	20
	Only statistics	On
	Number of processes	2


QC statistics
	File name	RMB_13767_Gekko_gecko_Luzon_R1.trimmed.fq
	Total number of reads	527708
	Total number of HQ reads	527387
	Percentage of HQ reads	99.94%
	Total number of bases	48200301
	Total number of bases in HQ reads	48190640
	Total number of HQ bases in HQ reads	48026167
	Percentage of HQ bases in HQ reads	99.66%
	Number of Primer/Adaptor contaminated HQ reads	NA
	Total number of HQ filtered reads	527387
	Percentage of HQ filtered reads	99.94%


Detailed QC statistics
	File name	RMB_13767_Gekko_gecko_Luzon_R1.trimmed.fq
	Minimum read length	8
	Maximum read length	95
	Average read length	91.34
	Total number of reads	527708
	Total number of reads with non-ATGC bases	0
	Percentage of reads with non-ATGC bases	0.00%
	Total number of bases	48200301
	Total number of HQ bases	48032112
	Percentage of HQ bases	99.65%
	Total number of non-ATGC bases	0
	Percentage of non-ATGC bases	0.00%


Average quality score at each base position of input reads

RMB_13767_Gekko_gecko_Luzon_R1.trimmed.fq
34.23	36.63	36.79	36.84	36.70	36.66	36.62	38.90	38.93	38.90	38.84	38.80	38.86	38.85	38.85	38.78	38.76	38.71	38.76	38.68	38.65	38.65	38.63	38.67	38.56	38.48	38.42	38.43	38.40	38.35	38.34	38.30	38.17	38.17	38.10	38.00	38.00	37.95	37.75	37.66	37.67	37.63	37.58	37.52	37.41	37.51	37.49	37.44	37.35	37.24	37.16	37.05	36.95	36.82	36.74	36.56	36.53	36.45	36.33	36.18	36.04	35.92	35.76	35.60	35.42	35.24	35.11	34.95	34.76	33.04	33.68	33.99	34.00	33.91	33.80	33.69	33.58	33.47	33.38	33.29	33.23	33.14	33.08	33.02	32.95	32.92	32.82	32.76	32.70	32.65	32.61	32.57	32.52	32.46	31.82	




Read count (%) per base for different quality score ranges

	RMB_13767_Gekko_gecko_Luzon_R1.trimmed.fq
Ranges	0-10	11-20	21-30	31-40
Base
1	0.00	1.67	4.03	94.30
2	0.00	0.44	1.01	98.54
3	0.00	0.27	0.69	99.04
4	0.00	0.18	0.60	99.21
5	0.00	0.23	1.17	98.60
6	0.00	0.33	1.27	98.40
7	0.00	0.38	1.39	98.23
8	0.00	0.41	1.44	98.16
9	0.00	0.41	1.42	98.17
10	0.00	0.45	1.51	98.04
11	0.00	0.46	1.58	97.96
12	0.00	0.49	1.56	97.95
13	0.00	0.47	1.58	97.95
14	0.00	0.48	1.60	97.92
15	0.00	0.47	1.57	97.96
16	0.00	0.49	1.59	97.92
17	0.00	0.56	1.66	97.78
18	0.00	0.57	1.76	97.68
19	0.00	0.50	1.65	97.86
20	0.00	0.62	1.72	97.66
21	0.00	0.64	1.70	97.66
22	0.00	0.59	1.72	97.69
23	0.00	0.61	1.76	97.63
24	0.00	0.56	1.66	97.78
25	0.00	0.57	1.80	97.63
26	0.00	0.58	1.86	97.56
27	0.00	0.59	1.89	97.51
28	0.00	0.50	1.79	97.71
29	0.00	0.45	1.80	97.75
30	0.00	0.42	1.84	97.74
31	0.00	0.40	1.76	97.84
32	0.00	0.37	1.80	97.84
33	0.00	0.42	1.89	97.69
34	0.00	0.35	1.75	97.90
35	0.00	0.36	1.81	97.83
36	0.00	0.34	1.86	97.80
37	0.00	0.33	1.78	97.89
38	0.00	0.31	1.80	97.88
39	0.00	0.39	1.93	97.68
40	0.00	0.38	2.03	97.59
41	0.00	0.33	1.86	97.81
42	0.00	0.34	1.92	97.75
43	0.00	0.34	1.87	97.78
44	0.00	0.31	1.93	97.76
45	0.00	0.35	1.99	97.66
46	0.00	0.27	1.66	98.07
47	0.00	0.26	1.70	98.03
48	0.00	0.25	1.71	98.04
49	0.00	0.24	1.73	98.03
50	0.00	0.26	1.80	97.93
51	0.00	0.26	1.74	98.01
52	0.00	0.23	1.81	97.96
53	0.00	0.22	1.81	97.97
54	0.00	0.23	1.84	97.93
55	0.00	0.21	1.85	97.93
56	0.00	0.26	2.03	97.71
57	0.00	0.22	1.75	98.03
58	0.00	0.20	1.74	98.07
59	0.00	0.21	1.81	97.97
60	0.00	0.21	1.86	97.93
61	0.00	0.20	1.83	97.98
62	0.00	0.18	1.80	98.02
63	0.00	0.19	1.88	97.93
64	0.00	0.20	1.93	97.87
65	0.00	0.20	2.01	97.79
66	0.00	0.21	2.01	97.78
67	0.00	0.19	1.94	97.87
68	0.00	0.19	2.06	97.75
69	0.00	0.20	2.07	97.73
70	0.00	0.33	5.42	94.25
71	0.00	0.23	3.14	96.63
72	0.00	0.22	2.57	97.21
73	0.00	0.21	2.35	97.44
74	0.00	0.19	2.31	97.50
75	0.00	0.20	2.29	97.51
76	0.00	0.19	2.34	97.47
77	0.00	0.20	2.39	97.41
78	0.00	0.20	2.51	97.29
79	0.00	0.21	2.48	97.31
80	0.00	0.23	2.57	97.20
81	0.00	0.22	2.61	97.17
82	0.00	0.25	2.68	97.07
83	0.00	0.23	2.73	97.04
84	0.00	0.23	2.83	96.94
85	0.00	0.25	2.81	96.94
86	0.00	0.24	2.74	97.03
87	0.00	0.26	2.93	96.81
88	0.00	0.28	2.96	96.76
89	0.00	0.29	2.99	96.73
90	0.00	0.30	3.09	96.61
91	0.00	0.30	3.01	96.70
92	0.00	0.30	3.00	96.70
93	0.00	0.31	3.04	96.66
94	0.00	0.34	3.10	96.56
95	0.00	0.61	4.94	94.45




