Parameters
	Library type	Single-end
	Input file	/Volumes/wdhd/users/joaks1/projects/gekgo/data/genomes/msg/plate2/demultiplexed-trimmed/RMB_5954_Gekko_crombota_BabuyanClaro_R1.trimmed.fq
	Primer/Adaptor library	NA
	Cut-off read length for HQ	70%
	Cut-off quality score	20
	Only statistics	On
	Number of processes	2


QC statistics
	File name	RMB_5954_Gekko_crombota_BabuyanClaro_R1.trimmed.fq
	Total number of reads	814982
	Total number of HQ reads	814580
	Percentage of HQ reads	99.95%
	Total number of bases	74677376
	Total number of bases in HQ reads	74665091
	Total number of HQ bases in HQ reads	74444203
	Percentage of HQ bases in HQ reads	99.70%
	Number of Primer/Adaptor contaminated HQ reads	NA
	Total number of HQ filtered reads	814580
	Percentage of HQ filtered reads	99.95%


Detailed QC statistics
	File name	RMB_5954_Gekko_crombota_BabuyanClaro_R1.trimmed.fq
	Minimum read length	9
	Maximum read length	95
	Average read length	91.63
	Total number of reads	814982
	Total number of reads with non-ATGC bases	0
	Percentage of reads with non-ATGC bases	0.00%
	Total number of bases	74677376
	Total number of HQ bases	74451783
	Percentage of HQ bases	99.70%
	Total number of non-ATGC bases	0
	Percentage of non-ATGC bases	0.00%


Average quality score at each base position of input reads

RMB_5954_Gekko_crombota_BabuyanClaro_R1.trimmed.fq
36.50	36.76	36.83	36.86	36.74	36.69	36.67	39.00	38.99	38.95	38.91	38.81	38.89	38.89	38.89	38.89	38.89	38.82	38.87	38.77	38.74	38.72	38.73	38.72	38.66	38.55	38.51	38.49	38.49	38.39	38.39	38.38	38.25	38.26	38.20	38.03	38.08	38.01	37.94	37.80	37.85	37.73	37.70	37.66	37.59	37.69	37.66	37.63	37.56	37.48	37.38	37.27	37.16	37.09	36.98	36.84	36.85	36.77	36.66	36.54	36.37	36.27	36.14	35.98	35.81	35.67	35.53	35.35	35.20	33.44	34.07	34.50	34.52	34.40	34.30	34.15	33.97	33.87	33.77	33.66	33.56	33.48	33.44	33.38	33.32	33.25	33.15	33.08	33.02	32.96	32.91	32.86	32.80	32.70	32.02	




Read count (%) per base for different quality score ranges

	RMB_5954_Gekko_crombota_BabuyanClaro_R1.trimmed.fq
Ranges	0-10	11-20	21-30	31-40
Base
1	0.00	0.82	1.37	97.81
2	0.00	0.33	0.75	98.92
3	0.00	0.21	0.59	99.20
4	0.00	0.17	0.49	99.34
5	0.00	0.19	0.98	98.83
6	0.00	0.28	1.13	98.59
7	0.00	0.31	1.20	98.49
8	0.00	0.32	1.25	98.43
9	0.00	0.35	1.28	98.37
10	0.00	0.38	1.37	98.25
11	0.00	0.37	1.39	98.24
12	0.00	0.42	1.45	98.12
13	0.00	0.43	1.46	98.10
14	0.00	0.44	1.45	98.11
15	0.00	0.42	1.46	98.13
16	0.00	0.41	1.41	98.18
17	0.00	0.44	1.43	98.12
18	0.00	0.49	1.55	97.95
19	0.00	0.41	1.47	98.12
20	0.00	0.53	1.55	97.91
21	0.00	0.55	1.53	97.92
22	0.00	0.51	1.53	97.96
23	0.00	0.52	1.49	97.99
24	0.00	0.47	1.52	98.01
25	0.00	0.51	1.56	97.93
26	0.00	0.51	1.68	97.81
27	0.00	0.54	1.68	97.78
28	0.00	0.47	1.62	97.91
29	0.00	0.41	1.58	98.01
30	0.00	0.41	1.70	97.89
31	0.00	0.39	1.66	97.96
32	0.00	0.35	1.65	97.99
33	0.00	0.39	1.75	97.86
34	0.00	0.32	1.64	98.04
35	0.00	0.32	1.62	98.06
36	0.00	0.34	1.78	97.88
37	0.00	0.30	1.63	98.07
38	0.00	0.31	1.67	98.03
39	0.00	0.31	1.72	97.97
40	0.00	0.35	1.82	97.82
41	0.00	0.28	1.66	98.05
42	0.00	0.32	1.78	97.90
43	0.00	0.31	1.77	97.92
44	0.00	0.29	1.76	97.95
45	0.00	0.31	1.78	97.91
46	0.00	0.24	1.53	98.23
47	0.00	0.23	1.50	98.27
48	0.00	0.24	1.50	98.26
49	0.00	0.22	1.50	98.29
50	0.00	0.23	1.51	98.26
51	0.00	0.23	1.55	98.22
52	0.00	0.22	1.59	98.19
53	0.00	0.21	1.64	98.16
54	0.00	0.20	1.66	98.15
55	0.00	0.22	1.70	98.09
56	0.00	0.21	1.83	97.96
57	0.00	0.17	1.50	98.33
58	0.00	0.19	1.51	98.31
59	0.00	0.19	1.60	98.21
60	0.00	0.19	1.63	98.18
61	0.00	0.20	1.70	98.11
62	0.00	0.19	1.74	98.07
63	0.00	0.18	1.66	98.16
64	0.00	0.19	1.76	98.05
65	0.00	0.19	1.84	97.97
66	0.00	0.18	1.79	98.03
67	0.00	0.18	1.83	97.99
68	0.00	0.18	1.86	97.96
69	0.00	0.17	1.80	98.03
70	0.00	0.27	4.83	94.89
71	0.00	0.20	2.76	97.04
72	0.00	0.19	2.21	97.61
73	0.00	0.18	2.05	97.78
74	0.00	0.17	2.00	97.83
75	0.00	0.16	1.96	97.87
76	0.00	0.17	2.03	97.80
77	0.00	0.20	2.10	97.70
78	0.00	0.18	2.15	97.68
79	0.00	0.18	2.17	97.65
80	0.00	0.19	2.25	97.57
81	0.00	0.20	2.50	97.30
82	0.00	0.21	2.45	97.34
83	0.00	0.19	2.40	97.41
84	0.00	0.20	2.43	97.37
85	0.00	0.20	2.48	97.32
86	0.00	0.22	2.53	97.25
87	0.00	0.24	2.71	97.05
88	0.00	0.27	2.75	96.99
89	0.00	0.27	2.77	96.96
90	0.00	0.27	2.85	96.87
91	0.00	0.28	2.88	96.85
92	0.00	0.29	2.82	96.89
93	0.00	0.28	2.88	96.84
94	0.00	0.30	3.05	96.65
95	0.00	0.59	4.83	94.58




