Parameters
	Library type	Single-end
	Input file	/Volumes/wdhd/users/joaks1/projects/gekgo/data/genomes/msg/plate2/demultiplexed-trimmed/RMB_13764_Gekko_gecko_Luzon_R1.trimmed.fq
	Primer/Adaptor library	NA
	Cut-off read length for HQ	70%
	Cut-off quality score	20
	Only statistics	On
	Number of processes	2


QC statistics
	File name	RMB_13764_Gekko_gecko_Luzon_R1.trimmed.fq
	Total number of reads	4372162
	Total number of HQ reads	4368937
	Percentage of HQ reads	99.93%
	Total number of bases	399498405
	Total number of bases in HQ reads	399400044
	Total number of HQ bases in HQ reads	398062668
	Percentage of HQ bases in HQ reads	99.67%
	Number of Primer/Adaptor contaminated HQ reads	NA
	Total number of HQ filtered reads	4368937
	Percentage of HQ filtered reads	99.93%


Detailed QC statistics
	File name	RMB_13764_Gekko_gecko_Luzon_R1.trimmed.fq
	Minimum read length	8
	Maximum read length	95
	Average read length	91.37
	Total number of reads	4372162
	Total number of reads with non-ATGC bases	0
	Percentage of reads with non-ATGC bases	0.00%
	Total number of bases	399498405
	Total number of HQ bases	398123083
	Percentage of HQ bases	99.66%
	Total number of non-ATGC bases	0
	Percentage of non-ATGC bases	0.00%


Average quality score at each base position of input reads

RMB_13764_Gekko_gecko_Luzon_R1.trimmed.fq
36.34	36.74	36.81	36.84	36.70	36.65	36.63	38.94	38.94	38.91	38.85	38.81	38.86	38.84	38.84	38.80	38.78	38.72	38.77	38.69	38.65	38.64	38.62	38.66	38.57	38.48	38.43	38.43	38.40	38.34	38.34	38.29	38.17	38.17	38.10	37.99	38.00	37.95	37.82	37.68	37.69	37.62	37.58	37.52	37.42	37.52	37.52	37.46	37.37	37.27	37.18	37.07	36.96	36.84	36.75	36.60	36.56	36.49	36.36	36.22	36.10	35.98	35.82	35.66	35.47	35.30	35.17	35.01	34.82	33.07	33.72	34.07	34.07	33.97	33.87	33.75	33.64	33.54	33.44	33.34	33.28	33.18	33.12	33.06	33.00	32.96	32.88	32.81	32.75	32.70	32.65	32.61	32.58	32.51	31.85	




Read count (%) per base for different quality score ranges

	RMB_13764_Gekko_gecko_Luzon_R1.trimmed.fq
Ranges	0-10	11-20	21-30	31-40
Base
1	0.00	0.89	1.57	97.54
2	0.00	0.35	0.83	98.82
3	0.00	0.23	0.67	99.10
4	0.00	0.19	0.59	99.22
5	0.00	0.24	1.21	98.56
6	0.00	0.34	1.28	98.38
7	0.00	0.38	1.35	98.27
8	0.00	0.40	1.42	98.18
9	0.00	0.41	1.42	98.17
10	0.00	0.45	1.52	98.03
11	0.00	0.46	1.56	97.98
12	0.00	0.49	1.57	97.94
13	0.00	0.50	1.57	97.93
14	0.00	0.52	1.62	97.86
15	0.00	0.49	1.61	97.90
16	0.00	0.52	1.60	97.88
17	0.00	0.56	1.66	97.78
18	0.00	0.60	1.76	97.64
19	0.00	0.52	1.67	97.81
20	0.00	0.65	1.73	97.62
21	0.00	0.67	1.73	97.61
22	0.00	0.62	1.70	97.68
23	0.00	0.64	1.76	97.59
24	0.00	0.58	1.68	97.74
25	0.00	0.62	1.81	97.57
26	0.00	0.60	1.87	97.53
27	0.00	0.62	1.88	97.50
28	0.00	0.53	1.83	97.64
29	0.00	0.47	1.78	97.75
30	0.00	0.45	1.85	97.69
31	0.00	0.42	1.79	97.79
32	0.00	0.39	1.78	97.83
33	0.00	0.43	1.88	97.69
34	0.00	0.35	1.75	97.90
35	0.00	0.37	1.79	97.85
36	0.00	0.36	1.86	97.77
37	0.00	0.34	1.75	97.91
38	0.00	0.33	1.76	97.91
39	0.00	0.37	1.87	97.77
40	0.00	0.40	1.99	97.61
41	0.00	0.33	1.88	97.79
42	0.00	0.35	1.92	97.72
43	0.00	0.33	1.88	97.78
44	0.00	0.32	1.91	97.76
45	0.00	0.33	1.97	97.70
46	0.00	0.27	1.66	98.08
47	0.00	0.26	1.65	98.09
48	0.00	0.26	1.67	98.07
49	0.00	0.25	1.72	98.03
50	0.00	0.26	1.73	98.01
51	0.00	0.24	1.71	98.05
52	0.00	0.24	1.75	98.01
53	0.00	0.23	1.80	97.97
54	0.00	0.23	1.82	97.95
55	0.00	0.22	1.84	97.94
56	0.00	0.24	1.94	97.81
57	0.00	0.21	1.70	98.10
58	0.00	0.19	1.69	98.12
59	0.00	0.22	1.78	98.00
60	0.00	0.22	1.86	97.93
61	0.00	0.20	1.80	98.01
62	0.00	0.19	1.80	98.01
63	0.00	0.20	1.85	97.95
64	0.00	0.20	1.89	97.91
65	0.00	0.20	1.96	97.83
66	0.00	0.20	2.02	97.78
67	0.00	0.19	1.94	97.86
68	0.00	0.19	1.98	97.82
69	0.00	0.19	2.04	97.76
70	0.00	0.32	5.32	94.36
71	0.00	0.24	3.10	96.66
72	0.00	0.22	2.53	97.25
73	0.00	0.20	2.28	97.52
74	0.00	0.19	2.28	97.52
75	0.00	0.18	2.22	97.60
76	0.00	0.19	2.27	97.54
77	0.00	0.20	2.32	97.48
78	0.00	0.20	2.38	97.42
79	0.00	0.21	2.38	97.41
80	0.00	0.23	2.51	97.26
81	0.00	0.21	2.58	97.21
82	0.00	0.25	2.67	97.08
83	0.00	0.23	2.68	97.09
84	0.00	0.23	2.72	97.05
85	0.00	0.23	2.75	97.02
86	0.00	0.23	2.69	97.07
87	0.00	0.25	2.88	96.86
88	0.00	0.27	2.94	96.79
89	0.00	0.28	2.96	96.76
90	0.00	0.28	3.03	96.69
91	0.00	0.28	3.00	96.71
92	0.00	0.30	2.99	96.71
93	0.00	0.29	2.99	96.71
94	0.00	0.32	3.08	96.60
95	0.00	0.61	4.98	94.41




