Parameters
	Library type	Single-end
	Input file	/Volumes/wdhd/users/joaks1/projects/gekgo/data/genomes/msg/plate2/demultiplexed-trimmed/RMB_6259_Cyrtodactylus_philippinicus_Polillo_R1.trimmed.fq
	Primer/Adaptor library	NA
	Cut-off read length for HQ	70%
	Cut-off quality score	20
	Only statistics	On
	Number of processes	2


QC statistics
	File name	RMB_6259_Cyrtodactylus_philippinicus_Polillo_R1.trimmed.fq
	Total number of reads	2103413
	Total number of HQ reads	2102210
	Percentage of HQ reads	99.94%
	Total number of bases	192476826
	Total number of bases in HQ reads	192441627
	Total number of HQ bases in HQ reads	191820900
	Percentage of HQ bases in HQ reads	99.68%
	Number of Primer/Adaptor contaminated HQ reads	NA
	Total number of HQ filtered reads	2102210
	Percentage of HQ filtered reads	99.94%


Detailed QC statistics
	File name	RMB_6259_Cyrtodactylus_philippinicus_Polillo_R1.trimmed.fq
	Minimum read length	8
	Maximum read length	95
	Average read length	91.51
	Total number of reads	2103413
	Total number of reads with non-ATGC bases	0
	Percentage of reads with non-ATGC bases	0.00%
	Total number of bases	192476826
	Total number of HQ bases	191842370
	Percentage of HQ bases	99.67%
	Total number of non-ATGC bases	0
	Percentage of non-ATGC bases	0.00%


Average quality score at each base position of input reads

RMB_6259_Cyrtodactylus_philippinicus_Polillo_R1.trimmed.fq
36.47	36.71	36.79	36.84	36.70	36.65	36.63	38.94	38.92	38.88	38.82	38.79	38.85	38.86	38.82	38.80	38.77	38.70	38.78	38.71	38.66	38.67	38.68	38.67	38.60	38.50	38.47	38.44	38.45	38.35	38.36	38.32	38.21	38.21	38.15	38.04	38.02	37.99	37.90	37.83	37.78	37.69	37.61	37.53	37.46	37.56	37.55	37.47	37.41	37.30	37.20	37.07	36.98	36.85	36.75	36.61	36.56	36.48	36.34	36.24	36.13	35.99	35.83	35.64	35.51	35.32	35.15	35.01	34.81	33.05	33.75	34.12	34.13	34.04	33.93	33.81	33.70	33.61	33.51	33.44	33.38	33.29	33.23	33.15	33.08	33.01	32.95	32.89	32.84	32.77	32.70	32.67	32.63	32.60	31.96	




Read count (%) per base for different quality score ranges

	RMB_6259_Cyrtodactylus_philippinicus_Polillo_R1.trimmed.fq
Ranges	0-10	11-20	21-30	31-40
Base
1	0.00	0.94	1.54	97.52
2	0.00	0.41	0.92	98.67
3	0.00	0.28	0.73	99.00
4	0.00	0.20	0.62	99.18
5	0.00	0.24	1.20	98.56
6	0.00	0.33	1.31	98.36
7	0.00	0.35	1.35	98.29
8	0.00	0.37	1.40	98.22
9	0.00	0.40	1.46	98.14
10	0.00	0.43	1.54	98.03
11	0.00	0.45	1.56	97.99
12	0.00	0.45	1.54	98.00
13	0.00	0.46	1.55	97.98
14	0.00	0.47	1.56	97.98
15	0.00	0.48	1.62	97.90
16	0.00	0.47	1.58	97.95
17	0.00	0.52	1.63	97.85
18	0.00	0.57	1.76	97.66
19	0.00	0.46	1.63	97.91
20	0.00	0.60	1.68	97.73
21	0.00	0.61	1.71	97.67
22	0.00	0.56	1.68	97.76
23	0.00	0.56	1.69	97.74
24	0.00	0.52	1.70	97.78
25	0.00	0.54	1.77	97.69
26	0.00	0.53	1.86	97.61
27	0.00	0.55	1.85	97.60
28	0.00	0.47	1.82	97.71
29	0.00	0.40	1.75	97.85
30	0.00	0.40	1.85	97.76
31	0.00	0.38	1.75	97.87
32	0.00	0.35	1.76	97.90
33	0.00	0.40	1.84	97.76
34	0.00	0.33	1.76	97.90
35	0.00	0.35	1.79	97.86
36	0.00	0.35	1.86	97.79
37	0.00	0.32	1.79	97.89
38	0.00	0.32	1.78	97.90
39	0.00	0.34	1.86	97.80
40	0.00	0.34	1.85	97.81
41	0.00	0.33	1.85	97.82
42	0.00	0.34	1.97	97.69
43	0.00	0.33	1.96	97.71
44	0.00	0.34	2.01	97.66
45	0.00	0.34	2.03	97.63
46	0.00	0.27	1.70	98.03
47	0.00	0.26	1.71	98.03
48	0.00	0.28	1.77	97.96
49	0.00	0.25	1.74	98.01
50	0.00	0.26	1.80	97.95
51	0.00	0.24	1.82	97.94
52	0.00	0.25	1.87	97.88
53	0.00	0.24	1.86	97.91
54	0.00	0.24	1.95	97.81
55	0.00	0.23	1.94	97.83
56	0.00	0.24	2.01	97.76
57	0.00	0.21	1.73	98.06
58	0.00	0.19	1.77	98.04
59	0.00	0.21	1.94	97.85
60	0.00	0.20	1.84	97.96
61	0.00	0.19	1.80	98.01
62	0.00	0.19	1.85	97.97
63	0.00	0.19	1.87	97.94
64	0.00	0.20	2.20	97.60
65	0.00	0.18	1.90	97.91
66	0.00	0.19	2.05	97.76
67	0.00	0.19	2.07	97.74
68	0.00	0.20	2.03	97.77
69	0.00	0.20	2.23	97.57
70	0.00	0.32	5.78	93.90
71	0.00	0.22	3.10	96.68
72	0.00	0.19	2.46	97.35
73	0.00	0.19	2.23	97.57
74	0.00	0.18	2.21	97.60
75	0.00	0.18	2.23	97.58
76	0.00	0.20	2.35	97.46
77	0.00	0.20	2.37	97.43
78	0.00	0.21	2.34	97.45
79	0.00	0.20	2.45	97.35
80	0.00	0.20	2.47	97.33
81	0.00	0.20	2.46	97.34
82	0.00	0.22	2.61	97.17
83	0.00	0.21	2.65	97.13
84	0.00	0.23	2.68	97.10
85	0.00	0.25	2.75	97.00
86	0.00	0.26	2.81	96.93
87	0.00	0.26	2.85	96.89
88	0.00	0.27	2.93	96.80
89	0.00	0.27	2.91	96.82
90	0.00	0.30	3.03	96.67
91	0.00	0.31	3.15	96.54
92	0.00	0.30	3.07	96.63
93	0.00	0.30	3.07	96.62
94	0.00	0.30	3.03	96.67
95	0.00	0.58	4.89	94.53




