Parameters
	Library type	Single-end
	Input file	/Volumes/wdhd/users/joaks1/projects/gekgo/data/genomes/msg/plate2/demultiplexed-trimmed/RMB_8761_Cyrtodactylus_philippinicus_Tablas_R1.trimmed.fq
	Primer/Adaptor library	NA
	Cut-off read length for HQ	70%
	Cut-off quality score	20
	Only statistics	On
	Number of processes	2


QC statistics
	File name	RMB_8761_Cyrtodactylus_philippinicus_Tablas_R1.trimmed.fq
	Total number of reads	3749660
	Total number of HQ reads	3746939
	Percentage of HQ reads	99.93%
	Total number of bases	343630640
	Total number of bases in HQ reads	343547425
	Total number of HQ bases in HQ reads	342452362
	Percentage of HQ bases in HQ reads	99.68%
	Number of Primer/Adaptor contaminated HQ reads	NA
	Total number of HQ filtered reads	3746939
	Percentage of HQ filtered reads	99.93%


Detailed QC statistics
	File name	RMB_8761_Cyrtodactylus_philippinicus_Tablas_R1.trimmed.fq
	Minimum read length	8
	Maximum read length	95
	Average read length	91.64
	Total number of reads	3749660
	Total number of reads with non-ATGC bases	0
	Percentage of reads with non-ATGC bases	0.00%
	Total number of bases	343630640
	Total number of HQ bases	342503738
	Percentage of HQ bases	99.67%
	Total number of non-ATGC bases	0
	Percentage of non-ATGC bases	0.00%


Average quality score at each base position of input reads

RMB_8761_Cyrtodactylus_philippinicus_Tablas_R1.trimmed.fq
36.56	36.76	36.82	36.84	36.70	36.66	36.64	38.99	38.96	38.91	38.85	38.82	38.89	38.89	38.86	38.84	38.81	38.74	38.81	38.74	38.70	38.71	38.72	38.71	38.64	38.54	38.51	38.48	38.50	38.41	38.42	38.38	38.26	38.27	38.19	38.09	38.09	38.06	37.97	37.90	37.87	37.77	37.70	37.63	37.56	37.64	37.63	37.57	37.51	37.41	37.32	37.20	37.11	37.00	36.90	36.78	36.75	36.67	36.54	36.44	36.33	36.22	36.05	35.88	35.74	35.57	35.44	35.28	35.10	33.34	34.03	34.41	34.42	34.32	34.21	34.08	33.96	33.85	33.75	33.66	33.57	33.50	33.43	33.36	33.29	33.23	33.17	33.11	33.07	33.01	32.95	32.91	32.88	32.85	32.23	




Read count (%) per base for different quality score ranges

	RMB_8761_Cyrtodactylus_philippinicus_Tablas_R1.trimmed.fq
Ranges	0-10	11-20	21-30	31-40
Base
1	0.00	0.77	1.33	97.89
2	0.00	0.34	0.78	98.88
3	0.00	0.23	0.66	99.11
4	0.00	0.19	0.58	99.22
5	0.00	0.23	1.19	98.58
6	0.00	0.34	1.27	98.40
7	0.00	0.36	1.33	98.30
8	0.00	0.39	1.36	98.25
9	0.00	0.42	1.44	98.14
10	0.00	0.45	1.51	98.04
11	0.00	0.46	1.53	98.01
12	0.00	0.48	1.54	97.99
13	0.00	0.49	1.53	97.98
14	0.00	0.48	1.55	97.97
15	0.00	0.49	1.60	97.92
16	0.00	0.49	1.56	97.95
17	0.00	0.54	1.60	97.86
18	0.00	0.59	1.73	97.68
19	0.00	0.48	1.61	97.91
20	0.00	0.62	1.65	97.73
21	0.00	0.64	1.69	97.67
22	0.00	0.59	1.64	97.76
23	0.00	0.59	1.66	97.75
24	0.00	0.57	1.64	97.78
25	0.00	0.60	1.71	97.69
26	0.00	0.59	1.81	97.60
27	0.00	0.62	1.81	97.57
28	0.00	0.54	1.81	97.66
29	0.00	0.46	1.69	97.85
30	0.00	0.45	1.80	97.74
31	0.00	0.42	1.73	97.85
32	0.00	0.37	1.74	97.89
33	0.00	0.42	1.81	97.77
34	0.00	0.35	1.70	97.95
35	0.00	0.36	1.73	97.91
36	0.00	0.35	1.80	97.85
37	0.00	0.33	1.72	97.95
38	0.00	0.33	1.72	97.95
39	0.00	0.33	1.77	97.89
40	0.00	0.33	1.77	97.90
41	0.00	0.32	1.75	97.93
42	0.00	0.34	1.84	97.82
43	0.00	0.33	1.86	97.81
44	0.00	0.33	1.90	97.78
45	0.00	0.33	1.89	97.77
46	0.00	0.27	1.60	98.13
47	0.00	0.25	1.59	98.16
48	0.00	0.26	1.64	98.10
49	0.00	0.24	1.61	98.14
50	0.00	0.25	1.66	98.09
51	0.00	0.23	1.66	98.11
52	0.00	0.23	1.72	98.05
53	0.00	0.23	1.70	98.08
54	0.00	0.22	1.79	97.99
55	0.00	0.22	1.77	98.01
56	0.00	0.22	1.83	97.94
57	0.00	0.19	1.54	98.26
58	0.00	0.19	1.63	98.18
59	0.00	0.20	1.75	98.05
60	0.00	0.20	1.72	98.09
61	0.00	0.18	1.69	98.13
62	0.00	0.18	1.72	98.11
63	0.00	0.18	1.78	98.04
64	0.00	0.19	2.02	97.79
65	0.00	0.18	1.83	98.00
66	0.00	0.18	1.92	97.90
67	0.00	0.18	1.90	97.92
68	0.00	0.18	1.91	97.90
69	0.00	0.19	2.06	97.74
70	0.00	0.29	5.24	94.47
71	0.00	0.21	2.85	96.94
72	0.00	0.19	2.26	97.55
73	0.00	0.18	2.12	97.71
74	0.00	0.17	2.09	97.75
75	0.00	0.17	2.05	97.78
76	0.00	0.19	2.15	97.66
77	0.00	0.19	2.21	97.60
78	0.00	0.19	2.21	97.60
79	0.00	0.19	2.24	97.57
80	0.00	0.19	2.34	97.47
81	0.00	0.20	2.39	97.42
82	0.00	0.19	2.46	97.35
83	0.00	0.21	2.48	97.31
84	0.00	0.22	2.55	97.22
85	0.00	0.23	2.64	97.13
86	0.00	0.23	2.68	97.09
87	0.00	0.23	2.71	97.06
88	0.00	0.24	2.73	97.03
89	0.00	0.25	2.74	97.01
90	0.00	0.25	2.83	96.92
91	0.00	0.27	2.90	96.83
92	0.00	0.29	2.90	96.81
93	0.00	0.28	2.85	96.86
94	0.00	0.28	2.83	96.89
95	0.00	0.54	4.55	94.91




