Parameters
	Library type	Single-end
	Input file	/Volumes/wdhd/users/joaks1/projects/gekgo/data/genomes/msg/plate2/demultiplexed-trimmed/RMB_7721_Cyrtodactylus_tautbatorum_Palawan_R1.trimmed.fq
	Primer/Adaptor library	NA
	Cut-off read length for HQ	70%
	Cut-off quality score	20
	Only statistics	On
	Number of processes	2


QC statistics
	File name	RMB_7721_Cyrtodactylus_tautbatorum_Palawan_R1.trimmed.fq
	Total number of reads	139148
	Total number of HQ reads	139028
	Percentage of HQ reads	99.91%
	Total number of bases	12703982
	Total number of bases in HQ reads	12700656
	Total number of HQ bases in HQ reads	12657032
	Percentage of HQ bases in HQ reads	99.66%
	Number of Primer/Adaptor contaminated HQ reads	NA
	Total number of HQ filtered reads	139028
	Percentage of HQ filtered reads	99.91%


Detailed QC statistics
	File name	RMB_7721_Cyrtodactylus_tautbatorum_Palawan_R1.trimmed.fq
	Minimum read length	9
	Maximum read length	95
	Average read length	91.30
	Total number of reads	139148
	Total number of reads with non-ATGC bases	0
	Percentage of reads with non-ATGC bases	0.00%
	Total number of bases	12703982
	Total number of HQ bases	12659025
	Percentage of HQ bases	99.65%
	Total number of non-ATGC bases	0
	Percentage of non-ATGC bases	0.00%


Average quality score at each base position of input reads

RMB_7721_Cyrtodactylus_tautbatorum_Palawan_R1.trimmed.fq
34.48	36.61	36.77	36.82	36.67	36.62	36.61	38.92	38.88	38.85	38.79	38.74	38.82	38.81	38.77	38.76	38.72	38.65	38.73	38.65	38.61	38.63	38.63	38.62	38.54	38.45	38.39	38.40	38.40	38.30	38.30	38.27	38.14	38.14	38.08	37.96	37.95	37.91	37.82	37.76	37.71	37.60	37.53	37.46	37.38	37.48	37.48	37.42	37.34	37.24	37.12	37.00	36.91	36.80	36.68	36.55	36.53	36.44	36.34	36.21	36.10	35.98	35.80	35.65	35.49	35.31	35.14	34.97	34.81	33.10	33.74	34.08	34.06	33.97	33.86	33.73	33.61	33.52	33.41	33.33	33.27	33.20	33.14	33.07	33.01	32.93	32.86	32.83	32.77	32.71	32.65	32.60	32.57	32.54	31.93	




Read count (%) per base for different quality score ranges

	RMB_7721_Cyrtodactylus_tautbatorum_Palawan_R1.trimmed.fq
Ranges	0-10	11-20	21-30	31-40
Base
1	0.00	1.65	3.87	94.48
2	0.00	0.51	1.06	98.43
3	0.00	0.29	0.80	98.91
4	0.00	0.20	0.67	99.13
5	0.00	0.29	1.32	98.40
6	0.00	0.39	1.39	98.22
7	0.00	0.39	1.42	98.19
8	0.00	0.42	1.45	98.13
9	0.00	0.45	1.54	98.01
10	0.00	0.49	1.62	97.90
11	0.00	0.51	1.64	97.85
12	0.00	0.56	1.65	97.79
13	0.00	0.52	1.63	97.85
14	0.00	0.54	1.65	97.80
15	0.00	0.57	1.75	97.68
16	0.00	0.54	1.67	97.79
17	0.00	0.59	1.74	97.67
18	0.00	0.62	1.90	97.48
19	0.00	0.52	1.73	97.75
20	0.00	0.66	1.83	97.51
21	0.00	0.69	1.79	97.52
22	0.00	0.65	1.78	97.57
23	0.00	0.63	1.79	97.58
24	0.00	0.60	1.77	97.63
25	0.00	0.60	1.88	97.51
26	0.00	0.60	1.89	97.51
27	0.00	0.62	1.92	97.46
28	0.00	0.49	1.84	97.67
29	0.00	0.42	1.74	97.84
30	0.00	0.43	1.83	97.73
31	0.00	0.41	1.77	97.82
32	0.00	0.37	1.86	97.77
33	0.00	0.42	1.94	97.65
34	0.00	0.35	1.84	97.81
35	0.00	0.38	1.79	97.83
36	0.00	0.39	1.91	97.69
37	0.00	0.34	1.85	97.81
38	0.00	0.34	1.84	97.83
39	0.00	0.37	1.91	97.72
40	0.00	0.36	1.89	97.76
41	0.00	0.34	1.89	97.77
42	0.00	0.38	1.99	97.64
43	0.00	0.37	2.02	97.61
44	0.00	0.31	2.01	97.68
45	0.00	0.37	1.98	97.65
46	0.00	0.26	1.70	98.04
47	0.00	0.26	1.66	98.08
48	0.00	0.23	1.71	98.06
49	0.00	0.27	1.69	98.04
50	0.00	0.26	1.76	97.98
51	0.00	0.24	1.76	98.00
52	0.00	0.26	1.80	97.93
53	0.00	0.22	1.84	97.94
54	0.00	0.23	1.81	97.96
55	0.00	0.23	1.89	97.88
56	0.00	0.23	1.97	97.80
57	0.00	0.19	1.66	98.14
58	0.00	0.21	1.73	98.06
59	0.00	0.20	1.72	98.08
60	0.00	0.20	1.75	98.05
61	0.00	0.19	1.75	98.06
62	0.00	0.18	1.70	98.12
63	0.00	0.18	1.77	98.06
64	0.00	0.16	1.85	97.99
65	0.00	0.17	1.81	98.02
66	0.00	0.20	1.86	97.94
67	0.00	0.19	1.93	97.88
68	0.00	0.21	1.97	97.82
69	0.00	0.17	1.99	97.84
70	0.00	0.29	5.09	94.62
71	0.00	0.21	2.91	96.88
72	0.00	0.19	2.39	97.42
73	0.00	0.19	2.28	97.53
74	0.00	0.17	2.17	97.66
75	0.00	0.18	2.15	97.67
76	0.00	0.17	2.24	97.60
77	0.00	0.18	2.25	97.56
78	0.00	0.17	2.23	97.60
79	0.00	0.19	2.37	97.44
80	0.00	0.20	2.42	97.38
81	0.00	0.18	2.46	97.36
82	0.00	0.18	2.50	97.31
83	0.00	0.21	2.54	97.24
84	0.00	0.23	2.60	97.17
85	0.00	0.24	2.66	97.09
86	0.00	0.24	2.74	97.02
87	0.00	0.24	2.82	96.94
88	0.00	0.22	2.76	97.02
89	0.00	0.28	2.74	96.98
90	0.00	0.27	2.91	96.82
91	0.00	0.28	2.95	96.77
92	0.00	0.31	2.97	96.71
93	0.00	0.28	2.93	96.79
94	0.00	0.30	2.87	96.83
95	0.00	0.55	4.58	94.87




