Parameters
	Library type	Single-end
	Input file	/Volumes/wdhd/users/joaks1/projects/gekgo/data/genomes/msg/plate2/demultiplexed-trimmed/RMB_6455_Cyrtodactylus_philippinicus_Mindoro_R1.trimmed.fq
	Primer/Adaptor library	NA
	Cut-off read length for HQ	70%
	Cut-off quality score	20
	Only statistics	On
	Number of processes	2


QC statistics
	File name	RMB_6455_Cyrtodactylus_philippinicus_Mindoro_R1.trimmed.fq
	Total number of reads	3155428
	Total number of HQ reads	3153841
	Percentage of HQ reads	99.95%
	Total number of bases	288583560
	Total number of bases in HQ reads	288539317
	Total number of HQ bases in HQ reads	287633073
	Percentage of HQ bases in HQ reads	99.69%
	Number of Primer/Adaptor contaminated HQ reads	NA
	Total number of HQ filtered reads	3153841
	Percentage of HQ filtered reads	99.95%


Detailed QC statistics
	File name	RMB_6455_Cyrtodactylus_philippinicus_Mindoro_R1.trimmed.fq
	Minimum read length	7
	Maximum read length	95
	Average read length	91.46
	Total number of reads	3155428
	Total number of reads with non-ATGC bases	0
	Percentage of reads with non-ATGC bases	0.00%
	Total number of bases	288583560
	Total number of HQ bases	287659956
	Percentage of HQ bases	99.68%
	Total number of non-ATGC bases	0
	Percentage of non-ATGC bases	0.00%


Average quality score at each base position of input reads

RMB_6455_Cyrtodactylus_philippinicus_Mindoro_R1.trimmed.fq
36.44	36.69	36.77	36.82	36.69	36.65	36.63	38.97	38.94	38.91	38.84	38.81	38.84	38.83	38.79	38.78	38.77	38.71	38.79	38.71	38.67	38.68	38.69	38.67	38.59	38.49	38.45	38.40	38.41	38.31	38.33	38.29	38.18	38.18	38.10	38.01	37.99	37.97	37.87	37.80	37.75	37.66	37.58	37.51	37.43	37.50	37.48	37.39	37.32	37.22	37.11	36.97	36.87	36.74	36.62	36.48	36.43	36.32	36.15	36.03	35.89	35.73	35.53	35.32	35.16	34.95	34.80	34.65	34.45	32.80	33.48	33.82	33.84	33.77	33.69	33.61	33.53	33.48	33.41	33.32	33.28	33.22	33.16	33.11	33.06	33.01	32.95	32.89	32.86	32.80	32.75	32.71	32.69	32.65	32.03	




Read count (%) per base for different quality score ranges

	RMB_6455_Cyrtodactylus_philippinicus_Mindoro_R1.trimmed.fq
Ranges	0-10	11-20	21-30	31-40
Base
1	0.00	1.00	1.72	97.28
2	0.00	0.46	1.02	98.52
3	0.00	0.30	0.82	98.88
4	0.00	0.22	0.69	99.08
5	0.00	0.26	1.25	98.49
6	0.00	0.35	1.32	98.33
7	0.00	0.36	1.35	98.29
8	0.00	0.38	1.40	98.22
9	0.00	0.41	1.46	98.13
10	0.00	0.43	1.53	98.04
11	0.00	0.45	1.56	97.99
12	0.00	0.46	1.57	97.97
13	0.00	0.46	1.57	97.97
14	0.00	0.47	1.59	97.94
15	0.00	0.47	1.66	97.87
16	0.00	0.47	1.59	97.94
17	0.00	0.52	1.64	97.84
18	0.00	0.56	1.77	97.66
19	0.00	0.45	1.65	97.90
20	0.00	0.57	1.70	97.74
21	0.00	0.57	1.72	97.70
22	0.00	0.52	1.70	97.78
23	0.00	0.49	1.71	97.81
24	0.00	0.44	1.68	97.88
25	0.00	0.44	1.75	97.81
26	0.00	0.42	1.84	97.74
27	0.00	0.42	1.83	97.74
28	0.00	0.38	1.80	97.82
29	0.00	0.33	1.68	97.99
30	0.00	0.36	1.81	97.82
31	0.00	0.35	1.71	97.94
32	0.00	0.33	1.72	97.94
33	0.00	0.38	1.83	97.79
34	0.00	0.33	1.72	97.96
35	0.00	0.33	1.77	97.90
36	0.00	0.33	1.83	97.85
37	0.00	0.32	1.75	97.93
38	0.00	0.30	1.76	97.94
39	0.00	0.32	1.84	97.84
40	0.00	0.31	1.85	97.84
41	0.00	0.32	1.87	97.81
42	0.00	0.34	1.95	97.71
43	0.00	0.32	1.99	97.68
44	0.00	0.31	2.02	97.67
45	0.00	0.33	2.06	97.61
46	0.00	0.27	1.76	97.97
47	0.00	0.25	1.78	97.96
48	0.00	0.27	1.84	97.90
49	0.00	0.24	1.82	97.94
50	0.00	0.25	1.86	97.89
51	0.00	0.24	1.89	97.87
52	0.00	0.24	2.00	97.77
53	0.00	0.23	1.97	97.81
54	0.00	0.23	2.03	97.74
55	0.00	0.23	1.99	97.79
56	0.00	0.24	2.08	97.69
57	0.00	0.20	1.81	97.99
58	0.00	0.20	1.83	97.97
59	0.00	0.22	1.99	97.79
60	0.00	0.20	1.88	97.92
61	0.00	0.19	1.85	97.95
62	0.00	0.19	1.90	97.91
63	0.00	0.20	1.92	97.89
64	0.00	0.20	2.27	97.52
65	0.00	0.19	1.99	97.82
66	0.00	0.20	2.12	97.68
67	0.00	0.19	2.12	97.69
68	0.00	0.19	2.08	97.72
69	0.00	0.20	2.24	97.56
70	0.00	0.31	5.87	93.82
71	0.00	0.22	3.14	96.64
72	0.00	0.19	2.48	97.33
73	0.00	0.19	2.28	97.53
74	0.00	0.18	2.26	97.57
75	0.00	0.19	2.24	97.57
76	0.00	0.20	2.33	97.48
77	0.00	0.20	2.39	97.42
78	0.00	0.20	2.34	97.46
79	0.00	0.20	2.40	97.40
80	0.00	0.21	2.59	97.20
81	0.00	0.20	2.56	97.24
82	0.00	0.22	2.60	97.18
83	0.00	0.23	2.64	97.13
84	0.00	0.24	2.67	97.09
85	0.00	0.24	2.74	97.02
86	0.00	0.24	2.76	97.00
87	0.00	0.26	2.85	96.89
88	0.00	0.27	2.87	96.87
89	0.00	0.26	2.82	96.92
90	0.00	0.29	2.89	96.82
91	0.00	0.30	2.97	96.73
92	0.00	0.31	2.96	96.73
93	0.00	0.32	2.92	96.76
94	0.00	0.30	2.92	96.78
95	0.00	0.58	4.61	94.81




