Parameters
	Library type	Single-end
	Input file	/Volumes/wdhd/users/joaks1/projects/gekgo/data/genomes/msg/plate2/demultiplexed-trimmed/RMB_13590_Gekko_carusadensis_Luzon_R1.trimmed.fq
	Primer/Adaptor library	NA
	Cut-off read length for HQ	70%
	Cut-off quality score	20
	Only statistics	On
	Number of processes	2


QC statistics
	File name	RMB_13590_Gekko_carusadensis_Luzon_R1.trimmed.fq
	Total number of reads	26882
	Total number of HQ reads	26835
	Percentage of HQ reads	99.83%
	Total number of bases	2441775
	Total number of bases in HQ reads	2440455
	Total number of HQ bases in HQ reads	2431564
	Percentage of HQ bases in HQ reads	99.64%
	Number of Primer/Adaptor contaminated HQ reads	NA
	Total number of HQ filtered reads	26835
	Percentage of HQ filtered reads	99.83%


Detailed QC statistics
	File name	RMB_13590_Gekko_carusadensis_Luzon_R1.trimmed.fq
	Minimum read length	9
	Maximum read length	95
	Average read length	90.83
	Total number of reads	26882
	Total number of reads with non-ATGC bases	0
	Percentage of reads with non-ATGC bases	0.00%
	Total number of bases	2441775
	Total number of HQ bases	2432296
	Percentage of HQ bases	99.61%
	Total number of non-ATGC bases	0
	Percentage of non-ATGC bases	0.00%


Average quality score at each base position of input reads

RMB_13590_Gekko_carusadensis_Luzon_R1.trimmed.fq
36.22	36.56	36.68	36.77	36.62	36.58	36.59	38.88	38.86	38.81	38.75	38.69	38.77	38.76	38.75	38.72	38.71	38.64	38.68	38.62	38.58	38.55	38.52	38.53	38.42	38.34	38.31	38.30	38.27	38.17	38.18	38.16	38.01	38.00	37.89	37.77	37.78	37.71	37.64	37.52	37.52	37.42	37.33	37.29	37.20	37.24	37.27	37.22	37.10	36.98	36.86	36.76	36.66	36.56	36.44	36.28	36.28	36.19	36.07	35.91	35.80	35.66	35.52	35.39	35.15	34.95	34.82	34.66	34.47	32.73	33.37	33.69	33.66	33.57	33.46	33.31	33.20	33.07	32.98	32.88	32.85	32.78	32.71	32.66	32.59	32.53	32.44	32.38	32.31	32.24	32.19	32.17	32.14	32.02	31.40	




Read count (%) per base for different quality score ranges

	RMB_13590_Gekko_carusadensis_Luzon_R1.trimmed.fq
Ranges	0-10	11-20	21-30	31-40
Base
1	0.00	1.56	2.15	96.29
2	0.00	0.88	1.12	98.00
3	0.00	0.55	1.00	98.45
4	0.00	0.38	0.69	98.94
5	0.00	0.38	1.41	98.21
6	0.00	0.47	1.50	98.03
7	0.00	0.52	1.31	98.17
8	0.00	0.45	1.46	98.09
9	0.00	0.46	1.61	97.93
10	0.00	0.52	1.64	97.83
11	0.00	0.56	1.53	97.91
12	0.00	0.61	1.60	97.79
13	0.00	0.57	1.63	97.80
14	0.00	0.51	1.85	97.64
15	0.00	0.55	1.67	97.78
16	0.00	0.59	1.73	97.68
17	0.00	0.62	1.66	97.73
18	0.00	0.62	1.92	97.47
19	0.00	0.59	1.64	97.77
20	0.00	0.66	1.91	97.43
21	0.00	0.71	1.94	97.35
22	0.00	0.71	1.83	97.46
23	0.00	0.70	1.97	97.33
24	0.00	0.63	1.90	97.46
25	0.00	0.71	1.87	97.42
26	0.00	0.61	1.93	97.46
27	0.00	0.58	1.99	97.43
28	0.00	0.51	1.96	97.53
29	0.00	0.44	1.98	97.58
30	0.00	0.52	1.94	97.55
31	0.00	0.41	1.95	97.64
32	0.00	0.41	1.93	97.66
33	0.00	0.47	1.99	97.54
34	0.00	0.33	1.85	97.82
35	0.00	0.46	1.93	97.61
36	0.00	0.32	1.96	97.73
37	0.00	0.36	1.90	97.74
38	0.00	0.35	1.99	97.66
39	0.00	0.30	2.02	97.68
40	0.00	0.34	2.09	97.56
41	0.00	0.33	1.94	97.73
42	0.00	0.44	1.89	97.67
43	0.00	0.43	2.10	97.47
44	0.00	0.40	1.87	97.73
45	0.00	0.35	1.92	97.73
46	0.00	0.26	1.82	97.91
47	0.00	0.22	1.60	98.18
48	0.00	0.28	1.60	98.12
49	0.00	0.24	1.70	98.06
50	0.00	0.30	1.81	97.90
51	0.00	0.28	1.99	97.73
52	0.00	0.23	1.94	97.83
53	0.00	0.27	1.92	97.81
54	0.00	0.23	1.96	97.81
55	0.00	0.26	2.03	97.71
56	0.00	0.25	2.19	97.56
57	0.00	0.22	1.72	98.06
58	0.00	0.22	1.64	98.13
59	0.00	0.19	1.81	98.00
60	0.00	0.23	1.93	97.83
61	0.00	0.20	1.86	97.94
62	0.00	0.24	1.87	97.89
63	0.00	0.16	2.01	97.83
64	0.00	0.17	1.87	97.96
65	0.00	0.22	2.08	97.70
66	0.00	0.27	2.11	97.62
67	0.00	0.16	2.05	97.79
68	0.00	0.16	2.07	97.77
69	0.00	0.21	1.98	97.81
70	0.00	0.29	5.28	94.43
71	0.00	0.28	2.96	96.76
72	0.00	0.27	2.47	97.26
73	0.00	0.21	2.39	97.41
74	0.00	0.21	2.27	97.52
75	0.00	0.21	2.21	97.58
76	0.00	0.23	2.47	97.30
77	0.00	0.27	2.28	97.44
78	0.00	0.24	2.57	97.19
79	0.00	0.26	2.53	97.21
80	0.00	0.27	2.67	97.06
81	0.00	0.26	2.49	97.25
82	0.00	0.25	2.66	97.09
83	0.00	0.23	2.74	97.03
84	0.00	0.21	2.87	96.93
85	0.00	0.21	2.67	97.12
86	0.00	0.21	2.68	97.10
87	0.00	0.29	2.84	96.87
88	0.00	0.25	2.80	96.95
89	0.00	0.31	2.79	96.90
90	0.00	0.35	3.02	96.63
91	0.00	0.23	3.18	96.59
92	0.00	0.28	2.97	96.75
93	0.00	0.29	2.93	96.78
94	0.00	0.34	3.10	96.56
95	0.00	0.59	4.89	94.52




