Parameters
	Library type	Single-end
	Input file	/Volumes/wdhd/users/joaks1/projects/gekgo/data/genomes/msg/plate2/demultiplexed-trimmed/RMB_5185_Cyrtodactylus_philippinicus_Sibuyan_R1.trimmed.fq
	Primer/Adaptor library	NA
	Cut-off read length for HQ	70%
	Cut-off quality score	20
	Only statistics	On
	Number of processes	2


QC statistics
	File name	RMB_5185_Cyrtodactylus_philippinicus_Sibuyan_R1.trimmed.fq
	Total number of reads	1677799
	Total number of HQ reads	1676890
	Percentage of HQ reads	99.95%
	Total number of bases	153510700
	Total number of bases in HQ reads	153482850
	Total number of HQ bases in HQ reads	152976042
	Percentage of HQ bases in HQ reads	99.67%
	Number of Primer/Adaptor contaminated HQ reads	NA
	Total number of HQ filtered reads	1676890
	Percentage of HQ filtered reads	99.95%


Detailed QC statistics
	File name	RMB_5185_Cyrtodactylus_philippinicus_Sibuyan_R1.trimmed.fq
	Minimum read length	8
	Maximum read length	95
	Average read length	91.50
	Total number of reads	1677799
	Total number of reads with non-ATGC bases	0
	Percentage of reads with non-ATGC bases	0.00%
	Total number of bases	153510700
	Total number of HQ bases	152993163
	Percentage of HQ bases	99.66%
	Total number of non-ATGC bases	0
	Percentage of non-ATGC bases	0.00%


Average quality score at each base position of input reads

RMB_5185_Cyrtodactylus_philippinicus_Sibuyan_R1.trimmed.fq
34.34	36.59	36.77	36.83	36.69	36.65	36.64	38.94	38.92	38.87	38.83	38.79	38.86	38.87	38.83	38.82	38.79	38.71	38.79	38.71	38.66	38.68	38.69	38.68	38.61	38.51	38.47	38.43	38.44	38.35	38.36	38.33	38.20	38.21	38.12	38.02	38.01	37.97	37.88	37.81	37.77	37.68	37.60	37.53	37.45	37.57	37.58	37.50	37.44	37.34	37.25	37.12	37.03	36.91	36.81	36.69	36.66	36.56	36.43	36.32	36.21	36.08	35.92	35.74	35.61	35.41	35.26	35.11	34.92	33.17	33.86	34.23	34.24	34.14	34.02	33.90	33.78	33.68	33.58	33.49	33.41	33.33	33.26	33.19	33.12	33.06	32.99	32.94	32.89	32.82	32.75	32.71	32.68	32.65	32.03	




Read count (%) per base for different quality score ranges

	RMB_5185_Cyrtodactylus_philippinicus_Sibuyan_R1.trimmed.fq
Ranges	0-10	11-20	21-30	31-40
Base
1	0.00	1.74	4.09	94.16
2	0.00	0.52	1.08	98.40
3	0.00	0.29	0.77	98.94
4	0.00	0.21	0.63	99.16
5	0.00	0.25	1.20	98.55
6	0.00	0.34	1.25	98.41
7	0.00	0.36	1.30	98.35
8	0.00	0.38	1.37	98.25
9	0.00	0.41	1.41	98.18
10	0.00	0.45	1.52	98.03
11	0.00	0.44	1.53	98.03
12	0.00	0.47	1.53	98.00
13	0.00	0.48	1.52	98.00
14	0.00	0.46	1.52	98.02
15	0.00	0.47	1.58	97.95
16	0.00	0.47	1.53	98.00
17	0.00	0.52	1.59	97.89
18	0.00	0.57	1.73	97.70
19	0.00	0.47	1.58	97.95
20	0.00	0.60	1.67	97.73
21	0.00	0.61	1.69	97.70
22	0.00	0.56	1.62	97.81
23	0.00	0.55	1.64	97.81
24	0.00	0.53	1.63	97.84
25	0.00	0.55	1.71	97.74
26	0.00	0.54	1.83	97.63
27	0.00	0.57	1.83	97.60
28	0.00	0.48	1.83	97.69
29	0.00	0.42	1.69	97.88
30	0.00	0.42	1.83	97.76
31	0.00	0.39	1.72	97.89
32	0.00	0.35	1.74	97.91
33	0.00	0.40	1.84	97.76
34	0.00	0.33	1.70	97.97
35	0.00	0.34	1.77	97.89
36	0.00	0.35	1.84	97.80
37	0.00	0.33	1.76	97.91
38	0.00	0.32	1.77	97.91
39	0.00	0.34	1.85	97.81
40	0.00	0.33	1.84	97.83
41	0.00	0.32	1.82	97.86
42	0.00	0.34	1.92	97.74
43	0.00	0.33	1.94	97.73
44	0.00	0.33	1.95	97.72
45	0.00	0.35	1.99	97.66
46	0.00	0.27	1.62	98.11
47	0.00	0.25	1.59	98.16
48	0.00	0.27	1.66	98.07
49	0.00	0.24	1.64	98.12
50	0.00	0.25	1.68	98.07
51	0.00	0.23	1.70	98.07
52	0.00	0.24	1.74	98.01
53	0.00	0.22	1.74	98.04
54	0.00	0.23	1.81	97.97
55	0.00	0.22	1.82	97.95
56	0.00	0.23	1.85	97.92
57	0.00	0.19	1.58	98.23
58	0.00	0.19	1.66	98.15
59	0.00	0.21	1.80	97.99
60	0.00	0.20	1.74	98.06
61	0.00	0.19	1.73	98.08
62	0.00	0.19	1.77	98.04
63	0.00	0.18	1.79	98.03
64	0.00	0.19	2.03	97.78
65	0.00	0.18	1.84	97.98
66	0.00	0.19	2.00	97.81
67	0.00	0.19	1.98	97.83
68	0.00	0.19	1.95	97.86
69	0.00	0.20	2.11	97.69
70	0.00	0.29	5.32	94.39
71	0.00	0.20	2.90	96.89
72	0.00	0.18	2.31	97.51
73	0.00	0.18	2.13	97.69
74	0.00	0.17	2.09	97.74
75	0.00	0.18	2.12	97.70
76	0.00	0.18	2.18	97.64
77	0.00	0.19	2.23	97.58
78	0.00	0.19	2.24	97.56
79	0.00	0.19	2.30	97.50
80	0.00	0.20	2.39	97.40
81	0.00	0.20	2.45	97.34
82	0.00	0.21	2.50	97.29
83	0.00	0.22	2.56	97.23
84	0.00	0.23	2.60	97.17
85	0.00	0.23	2.68	97.09
86	0.00	0.23	2.74	97.02
87	0.00	0.24	2.81	96.95
88	0.00	0.25	2.82	96.93
89	0.00	0.26	2.84	96.89
90	0.00	0.27	2.93	96.80
91	0.00	0.29	3.03	96.67
92	0.00	0.29	3.04	96.66
93	0.00	0.30	2.98	96.72
94	0.00	0.28	2.95	96.77
95	0.00	0.58	4.70	94.72




