Parameters
	Library type	Single-end
	Input file	/Volumes/wdhd/users/joaks1/projects/gekgo/data/genomes/msg/plate2/demultiplexed-trimmed/RMB_7649_Cyrtodactylus_tautbatorum_Palawan_R1.trimmed.fq
	Primer/Adaptor library	NA
	Cut-off read length for HQ	70%
	Cut-off quality score	20
	Only statistics	On
	Number of processes	2


QC statistics
	File name	RMB_7649_Cyrtodactylus_tautbatorum_Palawan_R1.trimmed.fq
	Total number of reads	1133772
	Total number of HQ reads	1133038
	Percentage of HQ reads	99.94%
	Total number of bases	103842783
	Total number of bases in HQ reads	103820321
	Total number of HQ bases in HQ reads	103491880
	Percentage of HQ bases in HQ reads	99.68%
	Number of Primer/Adaptor contaminated HQ reads	NA
	Total number of HQ filtered reads	1133038
	Percentage of HQ filtered reads	99.94%


Detailed QC statistics
	File name	RMB_7649_Cyrtodactylus_tautbatorum_Palawan_R1.trimmed.fq
	Minimum read length	9
	Maximum read length	95
	Average read length	91.59
	Total number of reads	1133772
	Total number of reads with non-ATGC bases	0
	Percentage of reads with non-ATGC bases	0.00%
	Total number of bases	103842783
	Total number of HQ bases	103505569
	Percentage of HQ bases	99.68%
	Total number of non-ATGC bases	0
	Percentage of non-ATGC bases	0.00%


Average quality score at each base position of input reads

RMB_7649_Cyrtodactylus_tautbatorum_Palawan_R1.trimmed.fq
36.42	36.74	36.81	36.85	36.71	36.67	36.64	38.98	38.94	38.91	38.85	38.82	38.89	38.89	38.86	38.84	38.81	38.73	38.81	38.73	38.69	38.72	38.74	38.72	38.64	38.55	38.50	38.50	38.50	38.42	38.43	38.40	38.26	38.26	38.19	38.08	38.08	38.03	37.95	37.88	37.84	37.75	37.67	37.60	37.54	37.64	37.63	37.57	37.51	37.41	37.31	37.19	37.11	37.00	36.90	36.77	36.76	36.68	36.57	36.45	36.33	36.22	36.05	35.90	35.76	35.58	35.42	35.27	35.10	33.36	34.03	34.38	34.37	34.27	34.16	34.04	33.91	33.80	33.67	33.59	33.51	33.44	33.37	33.30	33.24	33.18	33.11	33.06	33.01	32.94	32.88	32.83	32.80	32.76	32.14	




Read count (%) per base for different quality score ranges

	RMB_7649_Cyrtodactylus_tautbatorum_Palawan_R1.trimmed.fq
Ranges	0-10	11-20	21-30	31-40
Base
1	0.00	0.89	1.49	97.62
2	0.00	0.36	0.82	98.82
3	0.00	0.25	0.67	99.08
4	0.00	0.19	0.57	99.24
5	0.00	0.23	1.16	98.61
6	0.00	0.33	1.23	98.44
7	0.00	0.36	1.30	98.34
8	0.00	0.39	1.35	98.26
9	0.00	0.43	1.42	98.15
10	0.00	0.45	1.50	98.05
11	0.00	0.46	1.52	98.03
12	0.00	0.47	1.54	97.99
13	0.00	0.47	1.51	98.01
14	0.00	0.48	1.53	97.99
15	0.00	0.49	1.57	97.95
16	0.00	0.47	1.55	97.98
17	0.00	0.53	1.57	97.90
18	0.00	0.58	1.75	97.67
19	0.00	0.49	1.57	97.94
20	0.00	0.61	1.63	97.76
21	0.00	0.63	1.67	97.70
22	0.00	0.60	1.61	97.80
23	0.00	0.58	1.61	97.81
24	0.00	0.55	1.62	97.82
25	0.00	0.59	1.69	97.72
26	0.00	0.57	1.77	97.66
27	0.00	0.59	1.80	97.61
28	0.00	0.51	1.77	97.72
29	0.00	0.44	1.66	97.90
30	0.00	0.43	1.75	97.82
31	0.00	0.40	1.68	97.92
32	0.00	0.36	1.68	97.96
33	0.00	0.41	1.80	97.79
34	0.00	0.34	1.68	97.99
35	0.00	0.35	1.73	97.92
36	0.00	0.35	1.80	97.86
37	0.00	0.34	1.71	97.96
38	0.00	0.33	1.72	97.95
39	0.00	0.34	1.79	97.87
40	0.00	0.31	1.80	97.89
41	0.00	0.31	1.78	97.91
42	0.00	0.33	1.85	97.82
43	0.00	0.33	1.87	97.80
44	0.00	0.32	1.87	97.81
45	0.00	0.32	1.85	97.84
46	0.00	0.26	1.57	98.17
47	0.00	0.25	1.58	98.18
48	0.00	0.24	1.58	98.18
49	0.00	0.24	1.60	98.16
50	0.00	0.25	1.62	98.14
51	0.00	0.24	1.64	98.12
52	0.00	0.24	1.69	98.07
53	0.00	0.22	1.70	98.08
54	0.00	0.23	1.71	98.06
55	0.00	0.22	1.74	98.04
56	0.00	0.24	1.84	97.92
57	0.00	0.18	1.56	98.26
58	0.00	0.19	1.60	98.21
59	0.00	0.18	1.66	98.16
60	0.00	0.20	1.64	98.17
61	0.00	0.18	1.68	98.14
62	0.00	0.17	1.65	98.18
63	0.00	0.18	1.72	98.10
64	0.00	0.18	1.77	98.05
65	0.00	0.19	1.73	98.08
66	0.00	0.19	1.82	97.99
67	0.00	0.18	1.88	97.93
68	0.00	0.19	1.88	97.93
69	0.00	0.18	1.90	97.92
70	0.00	0.28	4.89	94.83
71	0.00	0.21	2.79	97.00
72	0.00	0.18	2.29	97.53
73	0.00	0.19	2.14	97.67
74	0.00	0.18	2.10	97.72
75	0.00	0.17	2.03	97.80
76	0.00	0.17	2.08	97.75
77	0.00	0.17	2.13	97.70
78	0.00	0.18	2.14	97.68
79	0.00	0.21	2.27	97.52
80	0.00	0.19	2.31	97.50
81	0.00	0.20	2.38	97.41
82	0.00	0.20	2.37	97.42
83	0.00	0.22	2.46	97.32
84	0.00	0.23	2.59	97.19
85	0.00	0.22	2.56	97.23
86	0.00	0.22	2.61	97.17
87	0.00	0.24	2.69	97.08
88	0.00	0.23	2.70	97.06
89	0.00	0.24	2.71	97.05
90	0.00	0.26	2.87	96.88
91	0.00	0.27	2.94	96.79
92	0.00	0.27	2.92	96.81
93	0.00	0.26	2.83	96.90
94	0.00	0.28	2.84	96.88
95	0.00	0.54	4.58	94.88




