Parameters
	Library type	Single-end
	Input file	/Volumes/wdhd/users/joaks1/projects/gekgo/data/genomes/msg/plate2/demultiplexed-trimmed/RMB_7650_Cyrtodactylus_tautbatorum_Palawan_R1.trimmed.fq
	Primer/Adaptor library	NA
	Cut-off read length for HQ	70%
	Cut-off quality score	20
	Only statistics	On
	Number of processes	2


QC statistics
	File name	RMB_7650_Cyrtodactylus_tautbatorum_Palawan_R1.trimmed.fq
	Total number of reads	356160
	Total number of HQ reads	355990
	Percentage of HQ reads	99.95%
	Total number of bases	32566168
	Total number of bases in HQ reads	32561392
	Total number of HQ bases in HQ reads	32457778
	Percentage of HQ bases in HQ reads	99.68%
	Number of Primer/Adaptor contaminated HQ reads	NA
	Total number of HQ filtered reads	355990
	Percentage of HQ filtered reads	99.95%


Detailed QC statistics
	File name	RMB_7650_Cyrtodactylus_tautbatorum_Palawan_R1.trimmed.fq
	Minimum read length	8
	Maximum read length	95
	Average read length	91.44
	Total number of reads	356160
	Total number of reads with non-ATGC bases	0
	Percentage of reads with non-ATGC bases	0.00%
	Total number of bases	32566168
	Total number of HQ bases	32460664
	Percentage of HQ bases	99.68%
	Total number of non-ATGC bases	0
	Percentage of non-ATGC bases	0.00%


Average quality score at each base position of input reads

RMB_7650_Cyrtodactylus_tautbatorum_Palawan_R1.trimmed.fq
36.48	36.70	36.78	36.83	36.70	36.65	36.64	38.95	38.91	38.87	38.81	38.78	38.83	38.82	38.78	38.75	38.72	38.65	38.74	38.67	38.63	38.66	38.67	38.65	38.56	38.46	38.41	38.40	38.40	38.32	38.31	38.28	38.15	38.15	38.07	37.96	37.96	37.92	37.82	37.75	37.71	37.62	37.53	37.45	37.38	37.50	37.51	37.45	37.39	37.29	37.17	37.05	36.95	36.82	36.71	36.57	36.55	36.46	36.34	36.20	36.05	35.91	35.72	35.56	35.40	35.20	35.01	34.85	34.66	32.94	33.61	33.95	33.94	33.85	33.76	33.65	33.56	33.48	33.38	33.32	33.26	33.20	33.14	33.08	33.02	32.96	32.89	32.85	32.79	32.72	32.66	32.62	32.58	32.54	31.90	




Read count (%) per base for different quality score ranges

	RMB_7650_Cyrtodactylus_tautbatorum_Palawan_R1.trimmed.fq
Ranges	0-10	11-20	21-30	31-40
Base
1	0.00	0.92	1.61	97.47
2	0.00	0.43	0.96	98.61
3	0.00	0.28	0.79	98.93
4	0.00	0.20	0.65	99.14
5	0.00	0.25	1.21	98.54
6	0.00	0.33	1.28	98.39
7	0.00	0.34	1.32	98.34
8	0.00	0.37	1.38	98.25
9	0.00	0.41	1.46	98.12
10	0.00	0.45	1.52	98.03
11	0.00	0.43	1.54	98.02
12	0.00	0.45	1.58	97.96
13	0.00	0.46	1.60	97.94
14	0.00	0.49	1.56	97.96
15	0.00	0.45	1.66	97.89
16	0.00	0.47	1.59	97.94
17	0.00	0.53	1.61	97.86
18	0.00	0.58	1.81	97.61
19	0.00	0.44	1.66	97.91
20	0.00	0.57	1.70	97.72
21	0.00	0.58	1.73	97.69
22	0.00	0.53	1.65	97.82
23	0.00	0.51	1.65	97.84
24	0.00	0.49	1.67	97.84
25	0.00	0.51	1.71	97.77
26	0.00	0.49	1.85	97.65
27	0.00	0.50	1.84	97.66
28	0.00	0.41	1.84	97.75
29	0.00	0.34	1.71	97.94
30	0.00	0.37	1.77	97.86
31	0.00	0.35	1.75	97.89
32	0.00	0.36	1.73	97.92
33	0.00	0.41	1.87	97.72
34	0.00	0.34	1.74	97.92
35	0.00	0.35	1.82	97.83
36	0.00	0.35	1.87	97.77
37	0.00	0.32	1.77	97.90
38	0.00	0.33	1.82	97.84
39	0.00	0.34	1.90	97.76
40	0.00	0.33	1.92	97.75
41	0.00	0.33	1.93	97.74
42	0.00	0.33	1.99	97.67
43	0.00	0.34	2.07	97.59
44	0.00	0.33	2.09	97.58
45	0.00	0.36	2.08	97.56
46	0.00	0.26	1.71	98.03
47	0.00	0.25	1.71	98.04
48	0.00	0.24	1.78	97.99
49	0.00	0.22	1.76	98.02
50	0.00	0.26	1.76	97.97
51	0.00	0.25	1.83	97.93
52	0.00	0.24	1.83	97.94
53	0.00	0.22	1.89	97.89
54	0.00	0.24	1.95	97.81
55	0.00	0.22	1.93	97.85
56	0.00	0.25	2.06	97.70
57	0.00	0.20	1.67	98.13
58	0.00	0.21	1.71	98.08
59	0.00	0.20	1.76	98.04
60	0.00	0.20	1.77	98.03
61	0.00	0.20	1.81	97.99
62	0.00	0.19	1.81	98.00
63	0.00	0.19	1.86	97.94
64	0.00	0.18	1.91	97.91
65	0.00	0.19	1.89	97.93
66	0.00	0.19	1.96	97.85
67	0.00	0.20	2.10	97.70
68	0.00	0.19	2.04	97.77
69	0.00	0.19	2.06	97.75
70	0.00	0.30	5.45	94.24
71	0.00	0.21	3.11	96.68
72	0.00	0.20	2.50	97.30
73	0.00	0.19	2.37	97.44
74	0.00	0.20	2.27	97.53
75	0.00	0.19	2.20	97.60
76	0.00	0.18	2.27	97.55
77	0.00	0.18	2.29	97.53
78	0.00	0.18	2.34	97.48
79	0.00	0.22	2.46	97.32
80	0.00	0.21	2.48	97.31
81	0.00	0.20	2.57	97.23
82	0.00	0.21	2.57	97.21
83	0.00	0.23	2.61	97.17
84	0.00	0.23	2.64	97.12
85	0.00	0.23	2.72	97.05
86	0.00	0.24	2.77	96.99
87	0.00	0.26	2.87	96.87
88	0.00	0.26	2.82	96.92
89	0.00	0.28	2.85	96.87
90	0.00	0.28	3.04	96.68
91	0.00	0.30	3.08	96.62
92	0.00	0.33	3.07	96.60
93	0.00	0.31	3.00	96.70
94	0.00	0.32	2.98	96.70
95	0.00	0.60	4.83	94.57




