Parameters
	Library type	Single-end
	Input file	/Volumes/wdhd/users/joaks1/projects/gekgo/data/genomes/msg/plate2/demultiplexed-trimmed/RMB_12582_Gehyra_mutilata_Luzon_R1.trimmed.fq
	Primer/Adaptor library	NA
	Cut-off read length for HQ	70%
	Cut-off quality score	20
	Only statistics	On
	Number of processes	2


QC statistics
	File name	RMB_12582_Gehyra_mutilata_Luzon_R1.trimmed.fq
	Total number of reads	642485
	Total number of HQ reads	641915
	Percentage of HQ reads	99.91%
	Total number of bases	58327751
	Total number of bases in HQ reads	58312356
	Total number of HQ bases in HQ reads	58095041
	Percentage of HQ bases in HQ reads	99.63%
	Number of Primer/Adaptor contaminated HQ reads	NA
	Total number of HQ filtered reads	641915
	Percentage of HQ filtered reads	99.91%


Detailed QC statistics
	File name	RMB_12582_Gehyra_mutilata_Luzon_R1.trimmed.fq
	Minimum read length	8
	Maximum read length	95
	Average read length	90.78
	Total number of reads	642485
	Total number of reads with non-ATGC bases	0
	Percentage of reads with non-ATGC bases	0.00%
	Total number of bases	58327751
	Total number of HQ bases	58104218
	Percentage of HQ bases	99.62%
	Total number of non-ATGC bases	0
	Percentage of non-ATGC bases	0.00%


Average quality score at each base position of input reads

RMB_12582_Gehyra_mutilata_Luzon_R1.trimmed.fq
35.09	36.55	36.71	36.78	36.64	36.60	36.59	38.86	38.84	38.79	38.72	38.69	38.74	38.70	38.67	38.63	38.62	38.57	38.66	38.57	38.54	38.55	38.56	38.54	38.44	38.36	38.28	38.26	38.23	38.14	38.11	38.07	37.93	37.95	37.82	37.68	37.68	37.66	37.56	37.47	37.38	37.30	37.16	37.10	36.94	37.06	37.04	37.00	36.89	36.76	36.64	36.47	36.36	36.25	36.12	35.94	35.93	35.83	35.67	35.49	35.35	35.19	35.02	34.87	34.65	34.45	34.31	34.11	33.97	32.24	32.89	33.29	33.30	33.24	33.18	33.09	32.97	32.90	32.80	32.73	32.68	32.64	32.61	32.54	32.50	32.43	32.33	32.28	32.25	32.19	32.14	32.12	32.10	32.04	31.34	




Read count (%) per base for different quality score ranges

	RMB_12582_Gehyra_mutilata_Luzon_R1.trimmed.fq
Ranges	0-10	11-20	21-30	31-40
Base
1	0.00	1.76	3.30	94.94
2	0.00	0.62	1.34	98.05
3	0.00	0.40	0.99	98.61
4	0.00	0.29	0.80	98.91
5	0.00	0.31	1.42	98.27
6	0.00	0.40	1.51	98.09
7	0.00	0.43	1.54	98.04
8	0.00	0.45	1.61	97.95
9	0.00	0.48	1.67	97.85
10	0.00	0.52	1.76	97.72
11	0.00	0.54	1.76	97.71
12	0.00	0.56	1.78	97.66
13	0.00	0.55	1.83	97.62
14	0.00	0.58	1.86	97.55
15	0.00	0.55	1.87	97.58
16	0.00	0.55	1.84	97.61
17	0.00	0.60	1.89	97.51
18	0.00	0.66	2.03	97.31
19	0.00	0.52	1.88	97.60
20	0.00	0.69	1.90	97.41
21	0.00	0.66	1.94	97.40
22	0.00	0.60	1.88	97.52
23	0.00	0.56	1.92	97.52
24	0.00	0.54	1.91	97.56
25	0.00	0.56	2.01	97.43
26	0.00	0.51	2.07	97.42
27	0.00	0.52	2.08	97.39
28	0.00	0.44	2.00	97.56
29	0.00	0.41	1.97	97.62
30	0.00	0.43	2.03	97.54
31	0.00	0.41	2.02	97.57
32	0.00	0.41	2.02	97.56
33	0.00	0.47	2.14	97.39
34	0.00	0.37	1.95	97.68
35	0.00	0.40	2.08	97.52
36	0.00	0.41	2.21	97.38
37	0.00	0.38	2.08	97.55
38	0.00	0.35	2.05	97.59
39	0.00	0.38	2.04	97.58
40	0.00	0.37	2.16	97.46
41	0.00	0.38	2.19	97.42
42	0.00	0.39	2.19	97.42
43	0.00	0.40	2.40	97.20
44	0.00	0.39	2.31	97.31
45	0.00	0.41	2.61	96.99
46	0.00	0.32	2.11	97.57
47	0.00	0.32	2.13	97.56
48	0.00	0.30	2.13	97.57
49	0.00	0.29	2.06	97.65
50	0.00	0.30	2.12	97.58
51	0.00	0.29	2.09	97.62
52	0.00	0.29	2.25	97.46
53	0.00	0.28	2.15	97.57
54	0.00	0.26	2.10	97.65
55	0.00	0.25	2.18	97.57
56	0.00	0.27	2.35	97.37
57	0.00	0.22	1.93	97.85
58	0.00	0.23	1.94	97.83
59	0.00	0.24	2.06	97.70
60	0.00	0.25	2.18	97.57
61	0.00	0.23	2.16	97.61
62	0.00	0.23	2.11	97.66
63	0.00	0.21	2.09	97.70
64	0.00	0.22	2.15	97.63
65	0.00	0.23	2.30	97.46
66	0.00	0.24	2.35	97.41
67	0.00	0.22	2.37	97.41
68	0.00	0.27	2.61	97.12
69	0.00	0.22	2.31	97.47
70	0.00	0.36	6.20	93.44
71	0.00	0.26	3.59	96.15
72	0.00	0.21	2.75	97.03
73	0.00	0.22	2.49	97.28
74	0.00	0.20	2.45	97.35
75	0.00	0.20	2.38	97.42
76	0.00	0.21	2.39	97.41
77	0.00	0.22	2.65	97.13
78	0.00	0.21	2.57	97.22
79	0.00	0.24	2.71	97.05
80	0.00	0.22	2.86	96.91
81	0.00	0.24	2.77	96.99
82	0.00	0.23	2.77	96.99
83	0.00	0.23	2.77	97.00
84	0.00	0.25	2.77	96.98
85	0.00	0.24	2.78	96.97
86	0.00	0.26	2.86	96.88
87	0.00	0.30	3.07	96.63
88	0.00	0.30	3.20	96.50
89	0.00	0.31	2.98	96.71
90	0.00	0.33	3.03	96.65
91	0.00	0.32	3.12	96.57
92	0.00	0.31	3.01	96.67
93	0.00	0.33	2.97	96.70
94	0.00	0.32	3.10	96.59
95	0.00	0.68	5.22	94.10




