Parameters
	Library type	Single-end
	Input file	/Volumes/wdhd/users/joaks1/projects/gekgo/data/genomes/msg/plate2/demultiplexed-trimmed/RMB_13659_Gekko_mindorensis_Luzon_R1.trimmed.fq
	Primer/Adaptor library	NA
	Cut-off read length for HQ	70%
	Cut-off quality score	20
	Only statistics	On
	Number of processes	2


QC statistics
	File name	RMB_13659_Gekko_mindorensis_Luzon_R1.trimmed.fq
	Total number of reads	1313857
	Total number of HQ reads	1313021
	Percentage of HQ reads	99.94%
	Total number of bases	120045345
	Total number of bases in HQ reads	120020493
	Total number of HQ bases in HQ reads	119625594
	Percentage of HQ bases in HQ reads	99.67%
	Number of Primer/Adaptor contaminated HQ reads	NA
	Total number of HQ filtered reads	1313021
	Percentage of HQ filtered reads	99.94%


Detailed QC statistics
	File name	RMB_13659_Gekko_mindorensis_Luzon_R1.trimmed.fq
	Minimum read length	8
	Maximum read length	95
	Average read length	91.37
	Total number of reads	1313857
	Total number of reads with non-ATGC bases	0
	Percentage of reads with non-ATGC bases	0.00%
	Total number of bases	120045345
	Total number of HQ bases	119640637
	Percentage of HQ bases	99.66%
	Total number of non-ATGC bases	0
	Percentage of non-ATGC bases	0.00%


Average quality score at each base position of input reads

RMB_13659_Gekko_mindorensis_Luzon_R1.trimmed.fq
34.69	36.64	36.79	36.84	36.70	36.66	36.64	38.89	38.91	38.92	38.89	38.78	38.85	38.87	38.88	38.81	38.81	38.75	38.81	38.72	38.69	38.68	38.64	38.64	38.58	38.50	38.45	38.46	38.44	38.34	38.34	38.32	38.19	38.19	38.12	38.00	38.01	37.89	37.84	37.71	37.74	37.66	37.60	37.55	37.44	37.51	37.53	37.49	37.41	37.31	37.17	37.07	36.97	36.88	36.78	36.60	36.56	36.49	36.38	36.26	36.13	35.99	35.81	35.67	35.50	35.33	35.18	35.02	34.81	33.01	33.75	34.14	34.14	34.06	33.93	33.79	33.69	33.59	33.50	33.42	33.35	33.27	33.21	33.15	33.09	33.02	32.96	32.90	32.84	32.76	32.73	32.68	32.65	32.58	31.96	




Read count (%) per base for different quality score ranges

	RMB_13659_Gekko_mindorensis_Luzon_R1.trimmed.fq
Ranges	0-10	11-20	21-30	31-40
Base
1	0.00	1.48	3.34	95.17
2	0.00	0.47	1.01	98.53
3	0.00	0.28	0.73	99.00
4	0.00	0.21	0.61	99.19
5	0.00	0.24	1.19	98.56
6	0.00	0.32	1.24	98.43
7	0.00	0.36	1.32	98.33
8	0.00	0.42	1.43	98.15
9	0.00	0.40	1.39	98.21
10	0.00	0.43	1.49	98.09
11	0.00	0.44	1.48	98.08
12	0.00	0.50	1.58	97.92
13	0.00	0.51	1.57	97.92
14	0.00	0.50	1.55	97.94
15	0.00	0.47	1.54	97.99
16	0.00	0.49	1.57	97.94
17	0.00	0.54	1.59	97.87
18	0.00	0.57	1.72	97.71
19	0.00	0.49	1.62	97.90
20	0.00	0.62	1.68	97.70
21	0.00	0.63	1.65	97.72
22	0.00	0.59	1.62	97.79
23	0.00	0.60	1.70	97.70
24	0.00	0.55	1.67	97.77
25	0.00	0.57	1.71	97.72
26	0.00	0.56	1.81	97.63
27	0.00	0.59	1.80	97.61
28	0.00	0.50	1.74	97.76
29	0.00	0.42	1.68	97.90
30	0.00	0.43	1.79	97.78
31	0.00	0.40	1.72	97.88
32	0.00	0.36	1.68	97.96
33	0.00	0.40	1.79	97.81
34	0.00	0.34	1.68	97.97
35	0.00	0.35	1.70	97.94
36	0.00	0.36	1.81	97.83
37	0.00	0.33	1.73	97.94
38	0.00	0.34	1.81	97.85
39	0.00	0.33	1.78	97.88
40	0.00	0.36	1.89	97.75
41	0.00	0.31	1.76	97.93
42	0.00	0.34	1.81	97.85
43	0.00	0.34	1.82	97.84
44	0.00	0.31	1.79	97.90
45	0.00	0.33	1.94	97.73
46	0.00	0.27	1.57	98.16
47	0.00	0.24	1.57	98.19
48	0.00	0.25	1.60	98.16
49	0.00	0.24	1.61	98.15
50	0.00	0.25	1.63	98.12
51	0.00	0.24	1.69	98.06
52	0.00	0.22	1.79	97.98
53	0.00	0.22	1.81	97.97
54	0.00	0.21	1.79	97.99
55	0.00	0.22	1.77	98.01
56	0.00	0.24	2.00	97.76
57	0.00	0.20	1.68	98.12
58	0.00	0.18	1.63	98.19
59	0.00	0.20	1.71	98.09
60	0.00	0.20	1.70	98.09
61	0.00	0.19	1.72	98.09
62	0.00	0.20	1.81	98.00
63	0.00	0.19	1.80	98.01
64	0.00	0.19	1.85	97.96
65	0.00	0.20	1.92	97.88
66	0.00	0.20	1.98	97.82
67	0.00	0.20	1.96	97.85
68	0.00	0.20	1.96	97.84
69	0.00	0.18	1.98	97.83
70	0.00	0.31	5.41	94.28
71	0.00	0.21	2.95	96.83
72	0.00	0.19	2.36	97.44
73	0.00	0.19	2.23	97.58
74	0.00	0.17	2.14	97.69
75	0.00	0.18	2.05	97.77
76	0.00	0.19	2.15	97.67
77	0.00	0.19	2.15	97.66
78	0.00	0.18	2.19	97.62
79	0.00	0.20	2.29	97.51
80	0.00	0.19	2.34	97.47
81	0.00	0.20	2.42	97.38
82	0.00	0.21	2.48	97.31
83	0.00	0.20	2.52	97.28
84	0.00	0.22	2.53	97.25
85	0.00	0.22	2.56	97.22
86	0.00	0.23	2.60	97.17
87	0.00	0.24	2.67	97.10
88	0.00	0.25	2.68	97.07
89	0.00	0.26	2.76	96.98
90	0.00	0.28	2.86	96.86
91	0.00	0.29	2.83	96.88
92	0.00	0.28	2.83	96.89
93	0.00	0.28	2.85	96.87
94	0.00	0.31	2.97	96.72
95	0.00	0.53	4.57	94.90




