Parameters
	Library type	Single-end
	Input file	/Volumes/wdhd/users/joaks1/projects/gekgo/data/genomes/msg/plate2/demultiplexed-trimmed/RMB_12536_Gehyra_mutilata_Luzon_R1.trimmed.fq
	Primer/Adaptor library	NA
	Cut-off read length for HQ	70%
	Cut-off quality score	20
	Only statistics	On
	Number of processes	2


QC statistics
	File name	RMB_12536_Gehyra_mutilata_Luzon_R1.trimmed.fq
	Total number of reads	2689844
	Total number of HQ reads	2688208
	Percentage of HQ reads	99.94%
	Total number of bases	245305145
	Total number of bases in HQ reads	245257083
	Total number of HQ bases in HQ reads	244425817
	Percentage of HQ bases in HQ reads	99.66%
	Number of Primer/Adaptor contaminated HQ reads	NA
	Total number of HQ filtered reads	2688208
	Percentage of HQ filtered reads	99.94%


Detailed QC statistics
	File name	RMB_12536_Gehyra_mutilata_Luzon_R1.trimmed.fq
	Minimum read length	6
	Maximum read length	95
	Average read length	91.20
	Total number of reads	2689844
	Total number of reads with non-ATGC bases	0
	Percentage of reads with non-ATGC bases	0.00%
	Total number of bases	245305145
	Total number of HQ bases	244455039
	Percentage of HQ bases	99.65%
	Total number of non-ATGC bases	0
	Percentage of non-ATGC bases	0.00%


Average quality score at each base position of input reads

RMB_12536_Gehyra_mutilata_Luzon_R1.trimmed.fq
36.50	36.72	36.79	36.83	36.70	36.66	36.64	38.97	38.95	38.90	38.83	38.81	38.87	38.83	38.82	38.80	38.77	38.71	38.79	38.70	38.67	38.69	38.68	38.68	38.59	38.52	38.46	38.44	38.42	38.34	38.31	38.28	38.14	38.15	38.04	37.89	37.91	37.89	37.83	37.71	37.63	37.57	37.44	37.40	37.22	37.33	37.31	37.28	37.18	37.06	36.94	36.77	36.69	36.59	36.47	36.30	36.29	36.22	36.07	35.90	35.79	35.65	35.50	35.37	35.20	35.01	34.87	34.67	34.56	32.77	33.43	33.86	33.87	33.78	33.70	33.58	33.44	33.32	33.20	33.12	33.05	33.00	32.96	32.89	32.81	32.72	32.62	32.55	32.53	32.47	32.41	32.38	32.36	32.30	31.58	




Read count (%) per base for different quality score ranges

	RMB_12536_Gehyra_mutilata_Luzon_R1.trimmed.fq
Ranges	0-10	11-20	21-30	31-40
Base
1	0.00	0.91	1.58	97.51
2	0.00	0.41	0.93	98.66
3	0.00	0.27	0.73	99.00
4	0.00	0.21	0.64	99.15
5	0.00	0.24	1.20	98.56
6	0.00	0.32	1.25	98.43
7	0.00	0.35	1.33	98.31
8	0.00	0.38	1.36	98.26
9	0.00	0.39	1.42	98.19
10	0.00	0.44	1.50	98.07
11	0.00	0.44	1.53	98.04
12	0.00	0.46	1.55	97.99
13	0.00	0.47	1.55	97.98
14	0.00	0.50	1.61	97.90
15	0.00	0.47	1.62	97.91
16	0.00	0.47	1.59	97.94
17	0.00	0.52	1.60	97.88
18	0.00	0.58	1.76	97.66
19	0.00	0.45	1.60	97.95
20	0.00	0.59	1.68	97.73
21	0.00	0.60	1.68	97.71
22	0.00	0.54	1.63	97.83
23	0.00	0.55	1.66	97.79
24	0.00	0.52	1.65	97.84
25	0.00	0.56	1.75	97.69
26	0.00	0.55	1.82	97.63
27	0.00	0.57	1.84	97.59
28	0.00	0.48	1.79	97.73
29	0.00	0.43	1.74	97.83
30	0.00	0.42	1.83	97.75
31	0.00	0.41	1.79	97.81
32	0.00	0.39	1.82	97.79
33	0.00	0.43	1.95	97.62
34	0.00	0.35	1.77	97.89
35	0.00	0.38	1.84	97.79
36	0.00	0.37	2.02	97.61
37	0.00	0.35	1.87	97.78
38	0.00	0.33	1.83	97.83
39	0.00	0.35	1.83	97.83
40	0.00	0.34	1.93	97.73
41	0.00	0.35	1.96	97.70
42	0.00	0.35	1.94	97.71
43	0.00	0.38	2.06	97.56
44	0.00	0.34	2.01	97.65
45	0.00	0.39	2.24	97.37
46	0.00	0.30	1.89	97.81
47	0.00	0.30	1.91	97.79
48	0.00	0.27	1.85	97.88
49	0.00	0.26	1.80	97.94
50	0.00	0.28	1.84	97.88
51	0.00	0.28	1.84	97.89
52	0.00	0.27	2.05	97.69
53	0.00	0.25	1.92	97.83
54	0.00	0.24	1.88	97.88
55	0.00	0.24	1.95	97.81
56	0.00	0.27	2.16	97.57
57	0.00	0.22	1.78	98.00
58	0.00	0.21	1.80	97.99
59	0.00	0.23	1.90	97.87
60	0.00	0.25	2.05	97.70
61	0.00	0.23	2.02	97.75
62	0.00	0.23	1.98	97.79
63	0.00	0.21	1.98	97.81
64	0.00	0.21	2.01	97.78
65	0.00	0.20	2.10	97.69
66	0.00	0.23	2.20	97.57
67	0.00	0.22	2.27	97.51
68	0.00	0.26	2.55	97.19
69	0.00	0.21	2.25	97.54
70	0.00	0.36	5.77	93.88
71	0.00	0.25	3.32	96.43
72	0.00	0.21	2.55	97.24
73	0.00	0.22	2.34	97.44
74	0.00	0.20	2.33	97.47
75	0.00	0.19	2.28	97.53
76	0.00	0.20	2.29	97.51
77	0.00	0.22	2.53	97.26
78	0.00	0.23	2.50	97.27
79	0.00	0.25	2.66	97.10
80	0.00	0.24	2.76	97.00
81	0.00	0.24	2.67	97.08
82	0.00	0.23	2.65	97.12
83	0.00	0.23	2.63	97.15
84	0.00	0.24	2.63	97.13
85	0.00	0.25	2.75	97.00
86	0.00	0.27	2.87	96.86
87	0.00	0.33	3.09	96.58
88	0.00	0.31	3.33	96.36
89	0.00	0.31	3.01	96.67
90	0.00	0.30	3.07	96.63
91	0.00	0.30	3.14	96.56
92	0.00	0.31	3.03	96.66
93	0.00	0.32	3.00	96.68
94	0.00	0.32	3.12	96.56
95	0.00	0.68	5.32	94.00




