Parameters
	Library type	Single-end
	Input file	/Volumes/wdhd/users/joaks1/projects/gekgo/data/genomes/msg/plate2/demultiplexed-trimmed/RMB_6628_Cyrtodactylus_philippinicus_Mindoro_R1.trimmed.fq
	Primer/Adaptor library	NA
	Cut-off read length for HQ	70%
	Cut-off quality score	20
	Only statistics	On
	Number of processes	2


QC statistics
	File name	RMB_6628_Cyrtodactylus_philippinicus_Mindoro_R1.trimmed.fq
	Total number of reads	2427618
	Total number of HQ reads	2426004
	Percentage of HQ reads	99.93%
	Total number of bases	221546703
	Total number of bases in HQ reads	221500516
	Total number of HQ bases in HQ reads	220754812
	Percentage of HQ bases in HQ reads	99.66%
	Number of Primer/Adaptor contaminated HQ reads	NA
	Total number of HQ filtered reads	2426004
	Percentage of HQ filtered reads	99.93%


Detailed QC statistics
	File name	RMB_6628_Cyrtodactylus_philippinicus_Mindoro_R1.trimmed.fq
	Minimum read length	8
	Maximum read length	95
	Average read length	91.26
	Total number of reads	2427618
	Total number of reads with non-ATGC bases	0
	Percentage of reads with non-ATGC bases	0.00%
	Total number of bases	221546703
	Total number of HQ bases	220782934
	Percentage of HQ bases	99.66%
	Total number of non-ATGC bases	0
	Percentage of non-ATGC bases	0.00%


Average quality score at each base position of input reads

RMB_6628_Cyrtodactylus_philippinicus_Mindoro_R1.trimmed.fq
35.38	36.66	36.78	36.83	36.68	36.63	36.62	38.93	38.89	38.86	38.80	38.76	38.82	38.82	38.77	38.75	38.74	38.66	38.75	38.67	38.62	38.63	38.64	38.63	38.55	38.45	38.41	38.36	38.36	38.27	38.28	38.23	38.11	38.10	38.02	37.93	37.90	37.87	37.78	37.70	37.65	37.56	37.47	37.40	37.32	37.41	37.40	37.32	37.25	37.14	37.04	36.91	36.81	36.68	36.56	36.41	36.37	36.27	36.12	36.01	35.88	35.73	35.54	35.34	35.19	34.98	34.83	34.67	34.47	32.77	33.47	33.82	33.83	33.74	33.65	33.54	33.45	33.38	33.30	33.22	33.16	33.09	33.02	32.98	32.91	32.85	32.80	32.74	32.71	32.64	32.57	32.54	32.52	32.48	31.87	




Read count (%) per base for different quality score ranges

	RMB_6628_Cyrtodactylus_philippinicus_Mindoro_R1.trimmed.fq
Ranges	0-10	11-20	21-30	31-40
Base
1	0.00	1.32	2.50	96.18
2	0.00	0.46	1.03	98.51
3	0.00	0.28	0.78	98.94
4	0.00	0.21	0.66	99.13
5	0.00	0.24	1.27	98.49
6	0.00	0.36	1.38	98.26
7	0.00	0.39	1.42	98.20
8	0.00	0.41	1.47	98.12
9	0.00	0.44	1.53	98.03
10	0.00	0.47	1.62	97.91
11	0.00	0.48	1.66	97.86
12	0.00	0.50	1.66	97.84
13	0.00	0.51	1.64	97.85
14	0.00	0.50	1.66	97.84
15	0.00	0.51	1.72	97.77
16	0.00	0.50	1.68	97.82
17	0.00	0.55	1.71	97.74
18	0.00	0.61	1.86	97.53
19	0.00	0.50	1.72	97.79
20	0.00	0.63	1.79	97.58
21	0.00	0.65	1.82	97.53
22	0.00	0.60	1.79	97.61
23	0.00	0.58	1.79	97.63
24	0.00	0.54	1.77	97.69
25	0.00	0.54	1.84	97.62
26	0.00	0.51	1.93	97.56
27	0.00	0.50	1.92	97.57
28	0.00	0.45	1.89	97.66
29	0.00	0.38	1.79	97.83
30	0.00	0.40	1.89	97.71
31	0.00	0.38	1.79	97.83
32	0.00	0.35	1.82	97.82
33	0.00	0.41	1.92	97.67
34	0.00	0.36	1.81	97.83
35	0.00	0.35	1.85	97.79
36	0.00	0.36	1.90	97.73
37	0.00	0.34	1.85	97.81
38	0.00	0.33	1.85	97.82
39	0.00	0.34	1.91	97.75
40	0.00	0.34	1.94	97.71
41	0.00	0.34	1.93	97.73
42	0.00	0.35	2.04	97.61
43	0.00	0.34	2.06	97.60
44	0.00	0.33	2.09	97.58
45	0.00	0.36	2.11	97.54
46	0.00	0.28	1.76	97.96
47	0.00	0.26	1.76	97.97
48	0.00	0.28	1.84	97.88
49	0.00	0.25	1.84	97.91
50	0.00	0.27	1.87	97.86
51	0.00	0.24	1.86	97.90
52	0.00	0.25	1.94	97.81
53	0.00	0.24	1.96	97.80
54	0.00	0.24	2.01	97.75
55	0.00	0.23	2.00	97.77
56	0.00	0.25	2.08	97.67
57	0.00	0.21	1.81	97.98
58	0.00	0.21	1.86	97.93
59	0.00	0.22	2.00	97.78
60	0.00	0.21	1.91	97.89
61	0.00	0.20	1.88	97.92
62	0.00	0.19	1.92	97.89
63	0.00	0.20	1.97	97.83
64	0.00	0.20	2.27	97.53
65	0.00	0.20	2.01	97.79
66	0.00	0.20	2.16	97.64
67	0.00	0.20	2.13	97.67
68	0.00	0.21	2.12	97.68
69	0.00	0.21	2.30	97.50
70	0.00	0.31	5.85	93.84
71	0.00	0.22	3.14	96.64
72	0.00	0.20	2.50	97.30
73	0.00	0.19	2.31	97.49
74	0.00	0.18	2.28	97.54
75	0.00	0.18	2.26	97.56
76	0.00	0.22	2.37	97.41
77	0.00	0.20	2.43	97.36
78	0.00	0.20	2.39	97.41
79	0.00	0.20	2.45	97.35
80	0.00	0.21	2.62	97.16
81	0.00	0.21	2.59	97.21
82	0.00	0.21	2.63	97.16
83	0.00	0.23	2.68	97.08
84	0.00	0.23	2.72	97.05
85	0.00	0.25	2.79	96.96
86	0.00	0.25	2.89	96.85
87	0.00	0.26	2.92	96.82
88	0.00	0.27	2.96	96.78
89	0.00	0.28	2.89	96.83
90	0.00	0.30	3.01	96.69
91	0.00	0.31	3.09	96.60
92	0.00	0.31	3.09	96.60
93	0.00	0.31	3.04	96.65
94	0.00	0.31	3.02	96.66
95	0.00	0.58	4.73	94.69




