Parameters
	Library type	Single-end
	Input file	/Volumes/wdhd/users/joaks1/projects/gekgo/data/genomes/msg/plate2/demultiplexed-trimmed/RMB_5184_Cyrtodactylus_philippinicus_Sibuyan_R1.trimmed.fq
	Primer/Adaptor library	NA
	Cut-off read length for HQ	70%
	Cut-off quality score	20
	Only statistics	On
	Number of processes	2


QC statistics
	File name	RMB_5184_Cyrtodactylus_philippinicus_Sibuyan_R1.trimmed.fq
	Total number of reads	518728
	Total number of HQ reads	518383
	Percentage of HQ reads	99.93%
	Total number of bases	47300527
	Total number of bases in HQ reads	47290982
	Total number of HQ bases in HQ reads	47132102
	Percentage of HQ bases in HQ reads	99.66%
	Number of Primer/Adaptor contaminated HQ reads	NA
	Total number of HQ filtered reads	518383
	Percentage of HQ filtered reads	99.93%


Detailed QC statistics
	File name	RMB_5184_Cyrtodactylus_philippinicus_Sibuyan_R1.trimmed.fq
	Minimum read length	8
	Maximum read length	95
	Average read length	91.19
	Total number of reads	518728
	Total number of reads with non-ATGC bases	0
	Percentage of reads with non-ATGC bases	0.00%
	Total number of bases	47300527
	Total number of HQ bases	47137894
	Percentage of HQ bases	99.66%
	Total number of non-ATGC bases	0
	Percentage of non-ATGC bases	0.00%


Average quality score at each base position of input reads

RMB_5184_Cyrtodactylus_philippinicus_Sibuyan_R1.trimmed.fq
36.49	36.72	36.79	36.82	36.68	36.63	36.60	38.88	38.86	38.83	38.75	38.72	38.78	38.78	38.74	38.71	38.69	38.63	38.71	38.63	38.60	38.61	38.61	38.59	38.51	38.39	38.34	38.30	38.30	38.19	38.19	38.15	38.03	38.03	37.96	37.85	37.84	37.80	37.70	37.63	37.57	37.48	37.39	37.31	37.23	37.35	37.34	37.27	37.20	37.08	36.98	36.83	36.73	36.61	36.49	36.35	36.32	36.23	36.08	35.96	35.84	35.68	35.51	35.31	35.15	34.93	34.78	34.62	34.41	32.70	33.39	33.75	33.77	33.69	33.59	33.49	33.39	33.33	33.25	33.17	33.11	33.04	32.98	32.92	32.87	32.81	32.76	32.70	32.65	32.59	32.53	32.49	32.47	32.45	31.80	




Read count (%) per base for different quality score ranges

	RMB_5184_Cyrtodactylus_philippinicus_Sibuyan_R1.trimmed.fq
Ranges	0-10	11-20	21-30	31-40
Base
1	0.00	0.89	1.57	97.54
2	0.00	0.39	0.93	98.68
3	0.00	0.27	0.77	98.96
4	0.00	0.22	0.68	99.09
5	0.00	0.25	1.25	98.50
6	0.00	0.37	1.41	98.22
7	0.00	0.41	1.47	98.12
8	0.00	0.43	1.53	98.04
9	0.00	0.44	1.58	97.98
10	0.00	0.49	1.67	97.84
11	0.00	0.52	1.71	97.77
12	0.00	0.51	1.71	97.78
13	0.00	0.52	1.69	97.79
14	0.00	0.51	1.72	97.76
15	0.00	0.53	1.80	97.67
16	0.00	0.54	1.72	97.74
17	0.00	0.58	1.74	97.69
18	0.00	0.62	1.95	97.43
19	0.00	0.52	1.78	97.69
20	0.00	0.66	1.86	97.48
21	0.00	0.65	1.84	97.51
22	0.00	0.60	1.77	97.63
23	0.00	0.56	1.86	97.58
24	0.00	0.56	1.80	97.64
25	0.00	0.55	1.89	97.57
26	0.00	0.53	1.99	97.48
27	0.00	0.54	1.99	97.47
28	0.00	0.47	1.93	97.60
29	0.00	0.41	1.83	97.76
30	0.00	0.42	1.98	97.60
31	0.00	0.39	1.88	97.73
32	0.00	0.38	1.84	97.78
33	0.00	0.43	1.96	97.62
34	0.00	0.36	1.86	97.78
35	0.00	0.36	1.86	97.78
36	0.00	0.37	1.97	97.66
37	0.00	0.33	1.90	97.77
38	0.00	0.32	1.90	97.78
39	0.00	0.35	1.97	97.68
40	0.00	0.35	1.99	97.67
41	0.00	0.36	2.00	97.64
42	0.00	0.38	2.08	97.55
43	0.00	0.35	2.15	97.50
44	0.00	0.36	2.19	97.45
45	0.00	0.36	2.19	97.44
46	0.00	0.28	1.81	97.91
47	0.00	0.27	1.77	97.96
48	0.00	0.28	1.86	97.85
49	0.00	0.24	1.84	97.92
50	0.00	0.26	1.91	97.83
51	0.00	0.24	1.89	97.87
52	0.00	0.25	1.99	97.77
53	0.00	0.23	1.97	97.80
54	0.00	0.23	2.04	97.73
55	0.00	0.24	2.07	97.70
56	0.00	0.25	2.09	97.66
57	0.00	0.20	1.78	98.02
58	0.00	0.20	1.84	97.96
59	0.00	0.22	1.96	97.83
60	0.00	0.21	1.88	97.92
61	0.00	0.18	1.86	97.96
62	0.00	0.20	1.90	97.90
63	0.00	0.19	1.93	97.89
64	0.00	0.20	2.26	97.54
65	0.00	0.17	2.00	97.83
66	0.00	0.20	2.18	97.63
67	0.00	0.19	2.12	97.69
68	0.00	0.19	2.09	97.72
69	0.00	0.22	2.35	97.43
70	0.00	0.32	5.97	93.71
71	0.00	0.24	3.17	96.59
72	0.00	0.20	2.50	97.30
73	0.00	0.19	2.29	97.52
74	0.00	0.18	2.26	97.56
75	0.00	0.18	2.29	97.54
76	0.00	0.19	2.33	97.47
77	0.00	0.21	2.40	97.39
78	0.00	0.20	2.38	97.43
79	0.00	0.19	2.46	97.34
80	0.00	0.21	2.55	97.24
81	0.00	0.20	2.58	97.22
82	0.00	0.22	2.65	97.13
83	0.00	0.22	2.72	97.06
84	0.00	0.24	2.77	96.99
85	0.00	0.24	2.78	96.98
86	0.00	0.25	2.89	96.86
87	0.00	0.25	2.90	96.85
88	0.00	0.27	2.93	96.80
89	0.00	0.29	2.93	96.77
90	0.00	0.29	3.05	96.66
91	0.00	0.30	3.09	96.61
92	0.00	0.31	3.08	96.60
93	0.00	0.31	3.04	96.65
94	0.00	0.29	2.97	96.74
95	0.00	0.61	4.81	94.58




