Parameters
	Library type	Single-end
	Input file	/Volumes/wdhd/users/joaks1/projects/gekgo/data/genomes/msg/plate2/demultiplexed-trimmed/RMB_13770_Gekko_gecko_Luzon_R1.trimmed.fq
	Primer/Adaptor library	NA
	Cut-off read length for HQ	70%
	Cut-off quality score	20
	Only statistics	On
	Number of processes	2


QC statistics
	File name	RMB_13770_Gekko_gecko_Luzon_R1.trimmed.fq
	Total number of reads	1347213
	Total number of HQ reads	1346351
	Percentage of HQ reads	99.94%
	Total number of bases	122989409
	Total number of bases in HQ reads	122963452
	Total number of HQ bases in HQ reads	122544489
	Percentage of HQ bases in HQ reads	99.66%
	Number of Primer/Adaptor contaminated HQ reads	NA
	Total number of HQ filtered reads	1346351
	Percentage of HQ filtered reads	99.94%


Detailed QC statistics
	File name	RMB_13770_Gekko_gecko_Luzon_R1.trimmed.fq
	Minimum read length	8
	Maximum read length	95
	Average read length	91.29
	Total number of reads	1347213
	Total number of reads with non-ATGC bases	0
	Percentage of reads with non-ATGC bases	0.00%
	Total number of bases	122989409
	Total number of HQ bases	122560467
	Percentage of HQ bases	99.65%
	Total number of non-ATGC bases	0
	Percentage of non-ATGC bases	0.00%


Average quality score at each base position of input reads

RMB_13770_Gekko_gecko_Luzon_R1.trimmed.fq
35.71	36.66	36.78	36.83	36.69	36.64	36.62	38.91	38.92	38.89	38.82	38.79	38.85	38.82	38.82	38.78	38.76	38.69	38.75	38.67	38.63	38.63	38.61	38.65	38.55	38.47	38.41	38.41	38.38	38.31	38.31	38.27	38.14	38.15	38.07	37.96	37.96	37.92	37.77	37.63	37.64	37.59	37.54	37.48	37.38	37.47	37.47	37.41	37.31	37.21	37.12	37.01	36.90	36.78	36.68	36.52	36.48	36.41	36.28	36.12	35.99	35.88	35.71	35.55	35.36	35.17	35.03	34.87	34.67	32.94	33.58	33.92	33.93	33.84	33.74	33.64	33.52	33.42	33.33	33.24	33.18	33.09	33.04	32.98	32.91	32.88	32.79	32.73	32.67	32.62	32.57	32.53	32.49	32.42	31.77	




Read count (%) per base for different quality score ranges

	RMB_13770_Gekko_gecko_Luzon_R1.trimmed.fq
Ranges	0-10	11-20	21-30	31-40
Base
1	0.00	1.26	2.24	96.50
2	0.00	0.47	0.98	98.55
3	0.00	0.29	0.75	98.96
4	0.00	0.21	0.63	99.16
5	0.00	0.24	1.20	98.56
6	0.00	0.34	1.32	98.34
7	0.00	0.38	1.37	98.25
8	0.00	0.40	1.46	98.14
9	0.00	0.40	1.44	98.16
10	0.00	0.45	1.55	97.99
11	0.00	0.46	1.58	97.96
12	0.00	0.49	1.59	97.92
13	0.00	0.49	1.59	97.92
14	0.00	0.51	1.64	97.86
15	0.00	0.48	1.63	97.89
16	0.00	0.50	1.61	97.88
17	0.00	0.56	1.68	97.77
18	0.00	0.60	1.79	97.61
19	0.00	0.52	1.68	97.80
20	0.00	0.64	1.74	97.62
21	0.00	0.66	1.74	97.60
22	0.00	0.63	1.72	97.66
23	0.00	0.62	1.77	97.61
24	0.00	0.56	1.73	97.71
25	0.00	0.59	1.84	97.57
26	0.00	0.57	1.90	97.53
27	0.00	0.59	1.88	97.53
28	0.00	0.50	1.85	97.65
29	0.00	0.44	1.81	97.76
30	0.00	0.44	1.86	97.70
31	0.00	0.40	1.83	97.77
32	0.00	0.38	1.77	97.86
33	0.00	0.41	1.90	97.69
34	0.00	0.36	1.77	97.88
35	0.00	0.38	1.80	97.83
36	0.00	0.36	1.89	97.75
37	0.00	0.33	1.76	97.91
38	0.00	0.32	1.79	97.89
39	0.00	0.37	1.89	97.74
40	0.00	0.39	2.05	97.56
41	0.00	0.34	1.90	97.77
42	0.00	0.35	1.94	97.71
43	0.00	0.33	1.91	97.76
44	0.00	0.32	1.96	97.72
45	0.00	0.35	1.99	97.66
46	0.00	0.27	1.71	98.02
47	0.00	0.26	1.70	98.03
48	0.00	0.25	1.73	98.02
49	0.00	0.25	1.76	98.00
50	0.00	0.27	1.79	97.94
51	0.00	0.25	1.76	97.99
52	0.00	0.24	1.80	97.95
53	0.00	0.24	1.83	97.94
54	0.00	0.22	1.87	97.91
55	0.00	0.22	1.90	97.88
56	0.00	0.25	2.01	97.73
57	0.00	0.21	1.74	98.04
58	0.00	0.19	1.73	98.08
59	0.00	0.22	1.82	97.96
60	0.00	0.22	1.89	97.89
61	0.00	0.20	1.85	97.95
62	0.00	0.19	1.84	97.96
63	0.00	0.20	1.88	97.92
64	0.00	0.20	1.92	97.88
65	0.00	0.20	2.02	97.78
66	0.00	0.20	2.06	97.74
67	0.00	0.19	2.02	97.79
68	0.00	0.20	2.05	97.75
69	0.00	0.19	2.08	97.73
70	0.00	0.31	5.47	94.21
71	0.00	0.24	3.13	96.63
72	0.00	0.22	2.57	97.21
73	0.00	0.20	2.35	97.45
74	0.00	0.19	2.31	97.50
75	0.00	0.19	2.29	97.51
76	0.00	0.19	2.31	97.50
77	0.00	0.20	2.40	97.39
78	0.00	0.21	2.46	97.33
79	0.00	0.20	2.45	97.35
80	0.00	0.24	2.58	97.17
81	0.00	0.21	2.64	97.15
82	0.00	0.26	2.71	97.03
83	0.00	0.23	2.71	97.06
84	0.00	0.24	2.77	97.00
85	0.00	0.24	2.80	96.95
86	0.00	0.24	2.72	97.04
87	0.00	0.26	2.91	96.82
88	0.00	0.27	2.99	96.74
89	0.00	0.28	2.96	96.76
90	0.00	0.29	3.05	96.65
91	0.00	0.29	3.00	96.71
92	0.00	0.29	3.03	96.67
93	0.00	0.31	3.03	96.65
94	0.00	0.32	3.11	96.57
95	0.00	0.64	4.96	94.40




