Parameters
	Library type	Single-end
	Input file	/Volumes/wdhd/users/joaks1/projects/gekgo/data/genomes/msg/plate2/demultiplexed-trimmed/RMB_5969_Gekko_crombota_BabuyanClaro_R1.trimmed.fq
	Primer/Adaptor library	NA
	Cut-off read length for HQ	70%
	Cut-off quality score	20
	Only statistics	On
	Number of processes	2


QC statistics
	File name	RMB_5969_Gekko_crombota_BabuyanClaro_R1.trimmed.fq
	Total number of reads	4389412
	Total number of HQ reads	4386189
	Percentage of HQ reads	99.93%
	Total number of bases	399134499
	Total number of bases in HQ reads	399041185
	Total number of HQ bases in HQ reads	397619899
	Percentage of HQ bases in HQ reads	99.64%
	Number of Primer/Adaptor contaminated HQ reads	NA
	Total number of HQ filtered reads	4386189
	Percentage of HQ filtered reads	99.93%


Detailed QC statistics
	File name	RMB_5969_Gekko_crombota_BabuyanClaro_R1.trimmed.fq
	Minimum read length	7
	Maximum read length	95
	Average read length	90.93
	Total number of reads	4389412
	Total number of reads with non-ATGC bases	0
	Percentage of reads with non-ATGC bases	0.00%
	Total number of bases	399134499
	Total number of HQ bases	397676952
	Percentage of HQ bases	99.63%
	Total number of non-ATGC bases	0
	Percentage of non-ATGC bases	0.00%


Average quality score at each base position of input reads

RMB_5969_Gekko_crombota_BabuyanClaro_R1.trimmed.fq
35.51	36.63	36.76	36.82	36.67	36.63	36.61	38.89	38.88	38.83	38.79	38.70	38.76	38.75	38.75	38.73	38.72	38.66	38.71	38.61	38.57	38.56	38.56	38.54	38.49	38.37	38.32	38.28	38.27	38.15	38.15	38.12	37.99	37.98	37.91	37.74	37.78	37.70	37.63	37.47	37.51	37.38	37.34	37.28	37.21	37.29	37.26	37.21	37.14	37.04	36.93	36.81	36.68	36.59	36.48	36.31	36.30	36.22	36.09	35.96	35.79	35.67	35.52	35.32	35.14	35.01	34.85	34.65	34.50	32.76	33.39	33.79	33.76	33.69	33.60	33.42	33.30	33.21	33.12	33.03	32.93	32.86	32.82	32.75	32.69	32.62	32.54	32.46	32.40	32.33	32.28	32.23	32.17	32.05	31.37	




Read count (%) per base for different quality score ranges

	RMB_5969_Gekko_crombota_BabuyanClaro_R1.trimmed.fq
Ranges	0-10	11-20	21-30	31-40
Base
1	0.00	1.45	2.55	96.00
2	0.00	0.51	1.09	98.40
3	0.00	0.31	0.79	98.90
4	0.00	0.23	0.66	99.11
5	0.00	0.26	1.27	98.46
6	0.00	0.36	1.37	98.27
7	0.00	0.39	1.43	98.18
8	0.00	0.42	1.50	98.08
9	0.00	0.45	1.53	98.02
10	0.00	0.48	1.63	97.88
11	0.00	0.49	1.64	97.87
12	0.00	0.53	1.71	97.76
13	0.00	0.55	1.72	97.73
14	0.00	0.56	1.73	97.71
15	0.00	0.53	1.75	97.71
16	0.00	0.53	1.70	97.76
17	0.00	0.58	1.74	97.69
18	0.00	0.62	1.86	97.53
19	0.00	0.53	1.75	97.72
20	0.00	0.67	1.84	97.49
21	0.00	0.68	1.84	97.48
22	0.00	0.64	1.80	97.56
23	0.00	0.64	1.80	97.56
24	0.00	0.59	1.80	97.61
25	0.00	0.59	1.84	97.56
26	0.00	0.60	1.97	97.44
27	0.00	0.62	1.98	97.40
28	0.00	0.52	1.94	97.54
29	0.00	0.45	1.85	97.71
30	0.00	0.46	1.98	97.56
31	0.00	0.42	1.92	97.66
32	0.00	0.40	1.93	97.67
33	0.00	0.44	2.00	97.56
34	0.00	0.37	1.88	97.75
35	0.00	0.38	1.89	97.73
36	0.00	0.40	2.04	97.57
37	0.00	0.35	1.86	97.79
38	0.00	0.36	1.92	97.73
39	0.00	0.36	1.94	97.70
40	0.00	0.40	2.10	97.50
41	0.00	0.33	1.92	97.75
42	0.00	0.37	2.05	97.58
43	0.00	0.35	2.03	97.62
44	0.00	0.34	2.00	97.66
45	0.00	0.35	2.08	97.58
46	0.00	0.28	1.76	97.96
47	0.00	0.28	1.73	97.98
48	0.00	0.28	1.78	97.94
49	0.00	0.26	1.77	97.97
50	0.00	0.27	1.78	97.96
51	0.00	0.26	1.83	97.91
52	0.00	0.25	1.86	97.90
53	0.00	0.26	1.91	97.83
54	0.00	0.24	1.91	97.85
55	0.00	0.25	1.97	97.79
56	0.00	0.26	2.14	97.60
57	0.00	0.21	1.76	98.03
58	0.00	0.21	1.75	98.04
59	0.00	0.21	1.86	97.93
60	0.00	0.22	1.86	97.92
61	0.00	0.21	1.91	97.88
62	0.00	0.22	1.98	97.80
63	0.00	0.20	1.93	97.88
64	0.00	0.22	2.04	97.74
65	0.00	0.21	2.09	97.70
66	0.00	0.20	2.05	97.75
67	0.00	0.20	2.08	97.72
68	0.00	0.21	2.12	97.67
69	0.00	0.19	2.06	97.75
70	0.00	0.31	5.46	94.23
71	0.00	0.22	3.12	96.66
72	0.00	0.21	2.51	97.28
73	0.00	0.21	2.33	97.46
74	0.00	0.19	2.26	97.55
75	0.00	0.19	2.20	97.61
76	0.00	0.21	2.25	97.55
77	0.00	0.22	2.40	97.37
78	0.00	0.20	2.42	97.38
79	0.00	0.20	2.46	97.34
80	0.00	0.21	2.55	97.24
81	0.00	0.23	2.73	97.04
82	0.00	0.24	2.70	97.06
83	0.00	0.22	2.67	97.11
84	0.00	0.22	2.70	97.08
85	0.00	0.23	2.74	97.03
86	0.00	0.26	2.80	96.94
87	0.00	0.27	2.95	96.78
88	0.00	0.28	3.02	96.70
89	0.00	0.30	3.03	96.67
90	0.00	0.31	3.10	96.59
91	0.00	0.31	3.14	96.55
92	0.00	0.32	3.10	96.58
93	0.00	0.32	3.18	96.50
94	0.00	0.36	3.30	96.35
95	0.00	0.65	5.21	94.14




