Parameters
	Library type	Single-end
	Input file	/Volumes/wdhd/users/joaks1/projects/gekgo/data/genomes/msg/plate2/demultiplexed-trimmed/RMB_13661_Gekko_mindorensis_Luzon_R1.trimmed.fq
	Primer/Adaptor library	NA
	Cut-off read length for HQ	70%
	Cut-off quality score	20
	Only statistics	On
	Number of processes	2


QC statistics
	File name	RMB_13661_Gekko_mindorensis_Luzon_R1.trimmed.fq
	Total number of reads	562748
	Total number of HQ reads	562439
	Percentage of HQ reads	99.95%
	Total number of bases	51064197
	Total number of bases in HQ reads	51055460
	Total number of HQ bases in HQ reads	50869978
	Percentage of HQ bases in HQ reads	99.64%
	Number of Primer/Adaptor contaminated HQ reads	NA
	Total number of HQ filtered reads	562439
	Percentage of HQ filtered reads	99.95%


Detailed QC statistics
	File name	RMB_13661_Gekko_mindorensis_Luzon_R1.trimmed.fq
	Minimum read length	8
	Maximum read length	95
	Average read length	90.74
	Total number of reads	562748
	Total number of reads with non-ATGC bases	0
	Percentage of reads with non-ATGC bases	0.00%
	Total number of bases	51064197
	Total number of HQ bases	50875323
	Percentage of HQ bases	99.63%
	Total number of non-ATGC bases	0
	Percentage of non-ATGC bases	0.00%


Average quality score at each base position of input reads

RMB_13661_Gekko_mindorensis_Luzon_R1.trimmed.fq
36.32	36.62	36.73	36.78	36.64	36.60	36.58	38.73	38.77	38.75	38.71	38.60	38.65	38.66	38.66	38.58	38.60	38.55	38.60	38.50	38.48	38.46	38.41	38.40	38.33	38.24	38.18	38.16	38.13	38.01	38.01	37.96	37.83	37.83	37.77	37.64	37.63	37.50	37.45	37.27	37.31	37.20	37.12	37.05	36.93	37.04	37.07	37.03	36.94	36.83	36.67	36.54	36.43	36.30	36.18	35.98	35.95	35.88	35.73	35.60	35.45	35.29	35.09	34.92	34.70	34.51	34.35	34.17	33.95	32.18	32.92	33.27	33.27	33.22	33.14	33.04	32.97	32.88	32.81	32.73	32.68	32.61	32.55	32.48	32.43	32.37	32.28	32.23	32.16	32.09	32.05	32.00	31.96	31.88	31.22	




Read count (%) per base for different quality score ranges

	RMB_13661_Gekko_mindorensis_Luzon_R1.trimmed.fq
Ranges	0-10	11-20	21-30	31-40
Base
1	0.00	1.17	2.04	96.80
2	0.00	0.55	1.24	98.22
3	0.00	0.37	0.95	98.68
4	0.00	0.27	0.81	98.92
5	0.00	0.29	1.42	98.29
6	0.00	0.39	1.48	98.14
7	0.00	0.43	1.54	98.03
8	0.00	0.48	1.67	97.85
9	0.00	0.44	1.62	97.94
10	0.00	0.48	1.75	97.77
11	0.00	0.50	1.76	97.74
12	0.00	0.57	1.84	97.59
13	0.00	0.57	1.85	97.58
14	0.00	0.57	1.87	97.56
15	0.00	0.52	1.84	97.64
16	0.00	0.54	1.87	97.59
17	0.00	0.59	1.84	97.57
18	0.00	0.64	1.99	97.38
19	0.00	0.53	1.89	97.58
20	0.00	0.68	1.98	97.34
21	0.00	0.66	1.95	97.39
22	0.00	0.61	1.92	97.46
23	0.00	0.63	1.99	97.38
24	0.00	0.55	1.97	97.48
25	0.00	0.53	2.01	97.46
26	0.00	0.52	2.13	97.35
27	0.00	0.51	2.14	97.34
28	0.00	0.46	2.04	97.51
29	0.00	0.41	1.97	97.62
30	0.00	0.42	2.11	97.47
31	0.00	0.39	2.02	97.59
32	0.00	0.38	2.02	97.60
33	0.00	0.41	2.15	97.43
34	0.00	0.37	2.00	97.63
35	0.00	0.39	2.06	97.54
36	0.00	0.40	2.17	97.43
37	0.00	0.36	2.04	97.60
38	0.00	0.38	2.16	97.46
39	0.00	0.37	2.14	97.49
40	0.00	0.42	2.33	97.25
41	0.00	0.35	2.13	97.52
42	0.00	0.39	2.25	97.36
43	0.00	0.37	2.26	97.37
44	0.00	0.36	2.26	97.39
45	0.00	0.39	2.46	97.15
46	0.00	0.31	2.00	97.69
47	0.00	0.30	1.98	97.72
48	0.00	0.29	1.99	97.71
49	0.00	0.27	2.00	97.73
50	0.00	0.29	2.07	97.65
51	0.00	0.28	2.14	97.58
52	0.00	0.25	2.24	97.51
53	0.00	0.26	2.23	97.51
54	0.00	0.23	2.22	97.55
55	0.00	0.25	2.18	97.57
56	0.00	0.27	2.40	97.34
57	0.00	0.22	2.02	97.76
58	0.00	0.22	1.96	97.82
59	0.00	0.24	2.08	97.68
60	0.00	0.23	2.04	97.73
61	0.00	0.22	2.03	97.75
62	0.00	0.23	2.11	97.67
63	0.00	0.22	2.12	97.66
64	0.00	0.24	2.20	97.56
65	0.00	0.22	2.27	97.51
66	0.00	0.23	2.37	97.39
67	0.00	0.23	2.32	97.46
68	0.00	0.22	2.32	97.46
69	0.00	0.22	2.36	97.42
70	0.00	0.33	6.45	93.22
71	0.00	0.23	3.50	96.27
72	0.00	0.20	2.76	97.04
73	0.00	0.23	2.60	97.18
74	0.00	0.20	2.51	97.29
75	0.00	0.20	2.44	97.36
76	0.00	0.20	2.48	97.32
77	0.00	0.21	2.52	97.27
78	0.00	0.21	2.64	97.15
79	0.00	0.23	2.68	97.10
80	0.00	0.22	2.75	97.03
81	0.00	0.22	2.82	96.96
82	0.00	0.25	2.86	96.89
83	0.00	0.24	2.92	96.84
84	0.00	0.27	2.96	96.77
85	0.00	0.26	2.93	96.81
86	0.00	0.28	2.98	96.75
87	0.00	0.28	3.11	96.61
88	0.00	0.30	3.13	96.58
89	0.00	0.32	3.21	96.47
90	0.00	0.34	3.25	96.41
91	0.00	0.34	3.19	96.47
92	0.00	0.33	3.20	96.47
93	0.00	0.36	3.24	96.41
94	0.00	0.38	3.41	96.21
95	0.00	0.66	5.23	94.12




