Parameters
	Library type	Single-end
	Input file	/Volumes/wdhd/users/joaks1/projects/gekgo/data/genomes/msg/plate2/demultiplexed-trimmed/RMB_7831_Gekko_athymus_Palawan_R1.trimmed.fq
	Primer/Adaptor library	NA
	Cut-off read length for HQ	70%
	Cut-off quality score	20
	Only statistics	On
	Number of processes	2


QC statistics
	File name	RMB_7831_Gekko_athymus_Palawan_R1.trimmed.fq
	Total number of reads	1292354
	Total number of HQ reads	1291532
	Percentage of HQ reads	99.94%
	Total number of bases	118198404
	Total number of bases in HQ reads	118173360
	Total number of HQ bases in HQ reads	117784544
	Percentage of HQ bases in HQ reads	99.67%
	Number of Primer/Adaptor contaminated HQ reads	NA
	Total number of HQ filtered reads	1291532
	Percentage of HQ filtered reads	99.94%


Detailed QC statistics
	File name	RMB_7831_Gekko_athymus_Palawan_R1.trimmed.fq
	Minimum read length	8
	Maximum read length	95
	Average read length	91.46
	Total number of reads	1292354
	Total number of reads with non-ATGC bases	0
	Percentage of reads with non-ATGC bases	0.00%
	Total number of bases	118198404
	Total number of HQ bases	117799851
	Percentage of HQ bases	99.66%
	Total number of non-ATGC bases	0
	Percentage of non-ATGC bases	0.00%


Average quality score at each base position of input reads

RMB_7831_Gekko_athymus_Palawan_R1.trimmed.fq
36.49	36.76	36.82	36.85	36.71	36.67	36.64	38.98	38.97	38.92	38.84	38.83	38.86	38.86	38.85	38.85	38.82	38.74	38.80	38.71	38.67	38.66	38.66	38.63	38.56	38.47	38.44	38.46	38.43	38.35	38.36	38.31	38.20	38.20	38.11	38.02	37.99	37.95	37.88	37.76	37.76	37.67	37.62	37.55	37.46	37.55	37.55	37.47	37.39	37.29	37.20	37.09	36.97	36.87	36.76	36.61	36.59	36.50	36.39	36.28	36.15	36.01	35.86	35.72	35.51	35.34	35.20	35.06	34.89	33.11	33.82	34.19	34.18	34.08	33.97	33.86	33.74	33.64	33.52	33.44	33.37	33.30	33.25	33.20	33.13	33.07	33.01	32.93	32.77	32.74	32.71	32.69	32.66	32.51	31.97	




Read count (%) per base for different quality score ranges

	RMB_7831_Gekko_athymus_Palawan_R1.trimmed.fq
Ranges	0-10	11-20	21-30	31-40
Base
1	0.00	0.81	1.41	97.77
2	0.00	0.32	0.79	98.88
3	0.00	0.22	0.67	99.11
4	0.00	0.18	0.57	99.25
5	0.00	0.22	1.15	98.63
6	0.00	0.31	1.25	98.43
7	0.00	0.36	1.32	98.32
8	0.00	0.38	1.37	98.25
9	0.00	0.40	1.38	98.22
10	0.00	0.44	1.50	98.06
11	0.00	0.46	1.56	97.98
12	0.00	0.47	1.57	97.96
13	0.00	0.52	1.57	97.91
14	0.00	0.51	1.60	97.89
15	0.00	0.48	1.59	97.92
16	0.00	0.49	1.58	97.93
17	0.00	0.54	1.62	97.84
18	0.00	0.58	1.76	97.66
19	0.00	0.49	1.63	97.88
20	0.00	0.63	1.71	97.65
21	0.00	0.64	1.71	97.65
22	0.00	0.61	1.66	97.74
23	0.00	0.60	1.69	97.72
24	0.00	0.58	1.71	97.71
25	0.00	0.59	1.77	97.64
26	0.00	0.59	1.84	97.57
27	0.00	0.61	1.86	97.52
28	0.00	0.50	1.78	97.72
29	0.00	0.43	1.71	97.86
30	0.00	0.44	1.82	97.74
31	0.00	0.42	1.75	97.83
32	0.00	0.37	1.76	97.86
33	0.00	0.43	1.88	97.70
34	0.00	0.35	1.76	97.90
35	0.00	0.37	1.79	97.84
36	0.00	0.35	1.84	97.80
37	0.00	0.35	1.84	97.82
38	0.00	0.33	1.81	97.86
39	0.00	0.34	1.82	97.85
40	0.00	0.37	1.88	97.75
41	0.00	0.33	1.79	97.88
42	0.00	0.35	1.89	97.76
43	0.00	0.33	1.89	97.78
44	0.00	0.32	1.88	97.79
45	0.00	0.35	1.95	97.70
46	0.00	0.28	1.64	98.09
47	0.00	0.26	1.64	98.10
48	0.00	0.27	1.72	98.00
49	0.00	0.25	1.71	98.03
50	0.00	0.26	1.71	98.02
51	0.00	0.24	1.72	98.04
52	0.00	0.25	1.77	97.99
53	0.00	0.24	1.83	97.93
54	0.00	0.23	1.83	97.94
55	0.00	0.23	1.88	97.89
56	0.00	0.24	2.02	97.75
57	0.00	0.21	1.72	98.08
58	0.00	0.21	1.82	97.98
59	0.00	0.21	1.79	98.00
60	0.00	0.20	1.81	97.99
61	0.00	0.19	1.81	97.99
62	0.00	0.20	1.92	97.87
63	0.00	0.20	1.86	97.95
64	0.00	0.19	1.86	97.95
65	0.00	0.21	2.08	97.71
66	0.00	0.21	2.05	97.75
67	0.00	0.21	2.00	97.79
68	0.00	0.19	2.01	97.80
69	0.00	0.19	2.00	97.80
70	0.00	0.31	5.25	94.44
71	0.00	0.23	3.00	96.77
72	0.00	0.19	2.42	97.39
73	0.00	0.20	2.27	97.52
74	0.00	0.18	2.20	97.62
75	0.00	0.18	2.13	97.70
76	0.00	0.18	2.18	97.63
77	0.00	0.19	2.26	97.55
78	0.00	0.19	2.30	97.51
79	0.00	0.20	2.38	97.41
80	0.00	0.21	2.45	97.34
81	0.00	0.21	2.46	97.33
82	0.00	0.23	2.55	97.22
83	0.00	0.21	2.55	97.24
84	0.00	0.21	2.53	97.25
85	0.00	0.23	2.62	97.16
86	0.00	0.23	2.65	97.12
87	0.00	0.25	2.70	97.05
88	0.00	0.26	2.86	96.87
89	0.00	0.37	3.44	96.19
90	0.00	0.29	3.31	96.40
91	0.00	0.30	3.03	96.66
92	0.00	0.29	2.97	96.74
93	0.00	0.29	2.97	96.74
94	0.00	0.43	3.53	96.05
95	0.00	0.55	4.79	94.66




