Parameters
	Library type	Single-end
	Input file	/Volumes/wdhd/users/joaks1/projects/gekgo/data/genomes/msg/plate2/demultiplexed-trimmed/RMB_7830_Gekko_athymus_Palawan_R1.trimmed.fq
	Primer/Adaptor library	NA
	Cut-off read length for HQ	70%
	Cut-off quality score	20
	Only statistics	On
	Number of processes	2


QC statistics
	File name	RMB_7830_Gekko_athymus_Palawan_R1.trimmed.fq
	Total number of reads	126381
	Total number of HQ reads	126241
	Percentage of HQ reads	99.89%
	Total number of bases	11513842
	Total number of bases in HQ reads	11509829
	Total number of HQ bases in HQ reads	11468919
	Percentage of HQ bases in HQ reads	99.64%
	Number of Primer/Adaptor contaminated HQ reads	NA
	Total number of HQ filtered reads	126241
	Percentage of HQ filtered reads	99.89%


Detailed QC statistics
	File name	RMB_7830_Gekko_athymus_Palawan_R1.trimmed.fq
	Minimum read length	8
	Maximum read length	95
	Average read length	91.10
	Total number of reads	126381
	Total number of reads with non-ATGC bases	0
	Percentage of reads with non-ATGC bases	0.00%
	Total number of bases	11513842
	Total number of HQ bases	11471273
	Percentage of HQ bases	99.63%
	Total number of non-ATGC bases	0
	Percentage of non-ATGC bases	0.00%


Average quality score at each base position of input reads

RMB_7830_Gekko_athymus_Palawan_R1.trimmed.fq
35.56	36.63	36.75	36.81	36.67	36.63	36.61	38.92	38.91	38.88	38.80	38.78	38.81	38.81	38.80	38.79	38.76	38.68	38.74	38.64	38.59	38.59	38.59	38.56	38.48	38.38	38.34	38.36	38.32	38.22	38.23	38.17	38.05	38.04	37.95	37.84	37.81	37.78	37.68	37.54	37.56	37.46	37.40	37.33	37.26	37.34	37.35	37.27	37.18	37.09	36.99	36.86	36.75	36.63	36.53	36.37	36.35	36.26	36.16	36.02	35.89	35.74	35.58	35.43	35.22	35.03	34.89	34.73	34.57	32.81	33.51	33.86	33.85	33.76	33.67	33.55	33.43	33.34	33.25	33.17	33.11	33.04	32.98	32.94	32.87	32.80	32.74	32.67	32.49	32.46	32.42	32.40	32.38	32.24	31.70	




Read count (%) per base for different quality score ranges

	RMB_7830_Gekko_athymus_Palawan_R1.trimmed.fq
Ranges	0-10	11-20	21-30	31-40
Base
1	0.00	1.46	2.42	96.12
2	0.00	0.55	1.06	98.39
3	0.00	0.38	0.83	98.79
4	0.00	0.27	0.69	99.04
5	0.00	0.29	1.28	98.43
6	0.00	0.38	1.37	98.25
7	0.00	0.39	1.42	98.19
8	0.00	0.45	1.51	98.04
9	0.00	0.46	1.53	98.01
10	0.00	0.47	1.63	97.90
11	0.00	0.51	1.65	97.84
12	0.00	0.54	1.62	97.84
13	0.00	0.56	1.67	97.77
14	0.00	0.54	1.66	97.80
15	0.00	0.55	1.69	97.75
16	0.00	0.52	1.69	97.79
17	0.00	0.60	1.72	97.69
18	0.00	0.63	1.91	97.45
19	0.00	0.54	1.77	97.69
20	0.00	0.71	1.87	97.42
21	0.00	0.72	1.89	97.39
22	0.00	0.70	1.74	97.55
23	0.00	0.64	1.80	97.56
24	0.00	0.58	1.83	97.59
25	0.00	0.66	1.84	97.50
26	0.00	0.60	1.93	97.47
27	0.00	0.62	1.93	97.45
28	0.00	0.49	1.88	97.64
29	0.00	0.44	1.74	97.82
30	0.00	0.47	1.90	97.64
31	0.00	0.40	1.78	97.81
32	0.00	0.40	1.81	97.79
33	0.00	0.43	1.87	97.70
34	0.00	0.35	1.79	97.86
35	0.00	0.37	1.74	97.88
36	0.00	0.38	1.87	97.75
37	0.00	0.36	1.84	97.80
38	0.00	0.33	1.85	97.81
39	0.00	0.37	1.86	97.77
40	0.00	0.40	1.92	97.69
41	0.00	0.32	1.90	97.78
42	0.00	0.37	1.92	97.71
43	0.00	0.35	2.01	97.64
44	0.00	0.36	1.94	97.70
45	0.00	0.32	1.97	97.70
46	0.00	0.27	1.75	97.98
47	0.00	0.25	1.66	98.09
48	0.00	0.26	1.76	97.98
49	0.00	0.23	1.81	97.96
50	0.00	0.28	1.74	97.98
51	0.00	0.27	1.74	97.98
52	0.00	0.24	1.82	97.94
53	0.00	0.25	1.87	97.88
54	0.00	0.28	1.86	97.86
55	0.00	0.23	1.91	97.86
56	0.00	0.24	2.04	97.72
57	0.00	0.21	1.79	98.01
58	0.00	0.22	1.84	97.93
59	0.00	0.21	1.78	98.01
60	0.00	0.22	1.84	97.94
61	0.00	0.22	1.81	97.97
62	0.00	0.20	1.96	97.84
63	0.00	0.20	1.88	97.93
64	0.00	0.22	1.91	97.87
65	0.00	0.19	2.19	97.62
66	0.00	0.20	2.07	97.73
67	0.00	0.20	2.04	97.76
68	0.00	0.20	2.10	97.69
69	0.00	0.19	2.03	97.78
70	0.00	0.34	5.48	94.18
71	0.00	0.25	3.07	96.68
72	0.00	0.23	2.52	97.25
73	0.00	0.22	2.40	97.38
74	0.00	0.19	2.28	97.53
75	0.00	0.21	2.19	97.60
76	0.00	0.19	2.31	97.50
77	0.00	0.19	2.36	97.45
78	0.00	0.19	2.38	97.43
79	0.00	0.20	2.47	97.33
80	0.00	0.21	2.52	97.27
81	0.00	0.21	2.47	97.32
82	0.00	0.22	2.57	97.21
83	0.00	0.23	2.64	97.13
84	0.00	0.23	2.52	97.25
85	0.00	0.23	2.72	97.05
86	0.00	0.23	2.69	97.07
87	0.00	0.25	2.79	96.96
88	0.00	0.26	2.99	96.74
89	0.00	0.43	3.50	96.07
90	0.00	0.31	3.40	96.30
91	0.00	0.32	3.14	96.54
92	0.00	0.33	3.02	96.66
93	0.00	0.32	3.00	96.68
94	0.00	0.42	3.58	95.99
95	0.00	0.61	4.76	94.62




