Parameters
	Library type	Single-end
	Input file	/Volumes/wdhd/users/joaks1/projects/gekgo/data/genomes/msg/plate2/demultiplexed-trimmed/RMB_8762_Cyrtodactylus_philippinicus_Tablas_R1.trimmed.fq
	Primer/Adaptor library	NA
	Cut-off read length for HQ	70%
	Cut-off quality score	20
	Only statistics	On
	Number of processes	2


QC statistics
	File name	RMB_8762_Cyrtodactylus_philippinicus_Tablas_R1.trimmed.fq
	Total number of reads	42746
	Total number of HQ reads	42680
	Percentage of HQ reads	99.85%
	Total number of bases	3826120
	Total number of bases in HQ reads	3824796
	Total number of HQ bases in HQ reads	3808328
	Percentage of HQ bases in HQ reads	99.57%
	Number of Primer/Adaptor contaminated HQ reads	NA
	Total number of HQ filtered reads	42680
	Percentage of HQ filtered reads	99.85%


Detailed QC statistics
	File name	RMB_8762_Cyrtodactylus_philippinicus_Tablas_R1.trimmed.fq
	Minimum read length	7
	Maximum read length	95
	Average read length	89.51
	Total number of reads	42746
	Total number of reads with non-ATGC bases	0
	Percentage of reads with non-ATGC bases	0.00%
	Total number of bases	3826120
	Total number of HQ bases	3809098
	Percentage of HQ bases	99.56%
	Total number of non-ATGC bases	0
	Percentage of non-ATGC bases	0.00%


Average quality score at each base position of input reads

RMB_8762_Cyrtodactylus_philippinicus_Tablas_R1.trimmed.fq
36.07	36.48	36.62	36.67	36.51	36.45	36.43	38.58	38.54	38.52	38.44	38.40	38.39	38.41	38.36	38.34	38.30	38.26	38.30	38.19	38.13	38.07	38.05	38.01	37.89	37.76	37.66	37.60	37.60	37.46	37.45	37.41	37.28	37.26	37.19	37.03	36.97	36.93	36.80	36.69	36.61	36.51	36.40	36.29	36.15	36.23	36.18	36.06	35.93	35.78	35.64	35.42	35.30	35.11	34.95	34.75	34.63	34.46	34.26	34.05	33.87	33.67	33.49	33.30	33.15	32.98	32.87	32.76	32.61	30.91	31.67	32.12	32.21	32.19	32.15	32.10	32.02	31.95	31.90	31.81	31.77	31.72	31.67	31.61	31.56	31.50	31.47	31.42	31.38	31.32	31.25	31.22	31.18	31.13	30.48	




Read count (%) per base for different quality score ranges

	RMB_8762_Cyrtodactylus_philippinicus_Tablas_R1.trimmed.fq
Ranges	0-10	11-20	21-30	31-40
Base
1	0.00	1.58	2.82	95.60
2	0.00	0.77	1.80	97.42
3	0.00	0.49	1.42	98.08
4	0.00	0.43	1.27	98.30
5	0.00	0.49	1.95	97.56
6	0.00	0.56	2.14	97.30
7	0.00	0.62	2.26	97.12
8	0.00	0.73	2.28	96.99
9	0.00	0.74	2.37	96.89
10	0.00	0.73	2.55	96.72
11	0.00	0.75	2.36	96.90
12	0.00	0.73	2.45	96.82
13	0.00	0.80	2.48	96.72
14	0.00	0.74	2.48	96.78
15	0.00	0.66	2.65	96.70
16	0.00	0.68	2.43	96.89
17	0.00	0.68	2.61	96.71
18	0.00	0.63	2.54	96.83
19	0.00	0.57	2.43	97.00
20	0.00	0.66	2.56	96.78
21	0.00	0.60	2.45	96.95
22	0.00	0.60	2.55	96.84
23	0.00	0.52	2.50	96.99
24	0.00	0.52	2.47	97.01
25	0.00	0.52	2.64	96.85
26	0.00	0.53	2.69	96.78
27	0.00	0.54	2.76	96.70
28	0.00	0.53	2.66	96.82
29	0.00	0.49	2.57	96.94
30	0.00	0.49	2.70	96.81
31	0.00	0.51	2.48	97.02
32	0.00	0.45	2.51	97.04
33	0.00	0.45	2.67	96.89
34	0.00	0.44	2.48	97.08
35	0.00	0.44	2.45	97.10
36	0.00	0.40	2.82	96.79
37	0.00	0.45	2.65	96.90
38	0.00	0.41	2.59	97.01
39	0.00	0.47	2.76	96.77
40	0.00	0.46	2.93	96.62
41	0.00	0.46	2.89	96.65
42	0.00	0.46	2.89	96.65
43	0.00	0.39	3.08	96.53
44	0.00	0.44	2.98	96.58
45	0.00	0.46	3.07	96.47
46	0.00	0.31	2.58	97.11
47	0.00	0.34	2.64	97.02
48	0.00	0.35	2.77	96.88
49	0.00	0.31	2.72	96.97
50	0.00	0.32	2.72	96.95
51	0.00	0.30	2.59	97.11
52	0.00	0.34	2.76	96.90
53	0.00	0.27	2.74	96.99
54	0.00	0.31	2.77	96.93
55	0.00	0.34	2.72	96.94
56	0.00	0.33	2.90	96.78
57	0.00	0.24	2.43	97.33
58	0.00	0.25	2.32	97.42
59	0.00	0.25	2.34	97.42
60	0.00	0.23	2.55	97.22
61	0.00	0.26	2.40	97.33
62	0.00	0.28	2.56	97.16
63	0.00	0.21	2.54	97.24
64	0.00	0.30	2.81	96.89
65	0.00	0.24	2.77	96.99
66	0.00	0.24	2.81	96.95
67	0.00	0.26	2.88	96.86
68	0.00	0.26	2.88	96.86
69	0.00	0.24	3.21	96.55
70	0.00	0.42	8.07	91.51
71	0.00	0.30	4.25	95.45
72	0.00	0.21	3.41	96.38
73	0.00	0.27	3.19	96.54
74	0.00	0.26	3.01	96.73
75	0.00	0.22	2.89	96.89
76	0.00	0.25	2.88	96.87
77	0.00	0.28	3.01	96.71
78	0.00	0.26	3.06	96.68
79	0.00	0.25	3.06	96.69
80	0.00	0.29	3.27	96.44
81	0.00	0.28	3.14	96.57
82	0.00	0.27	3.18	96.55
83	0.00	0.30	3.09	96.61
84	0.00	0.33	3.23	96.44
85	0.00	0.35	3.31	96.34
86	0.00	0.35	3.36	96.30
87	0.00	0.33	3.22	96.45
88	0.00	0.37	3.33	96.30
89	0.00	0.37	3.30	96.34
90	0.00	0.38	3.46	96.16
91	0.00	0.41	3.52	96.07
92	0.00	0.43	3.32	96.25
93	0.00	0.51	3.30	96.19
94	0.00	0.41	3.33	96.26
95	0.00	0.78	5.05	94.17




