Parameters
	Library type	Single-end
	Input file	/Volumes/wdhd/users/joaks1/projects/gekgo/data/genomes/msg/plate2/demultiplexed-trimmed/RMB_7798_Gekko_athymus_Palawan_R1.trimmed.fq
	Primer/Adaptor library	NA
	Cut-off read length for HQ	70%
	Cut-off quality score	20
	Only statistics	On
	Number of processes	2


QC statistics
	File name	RMB_7798_Gekko_athymus_Palawan_R1.trimmed.fq
	Total number of reads	519336
	Total number of HQ reads	518876
	Percentage of HQ reads	99.91%
	Total number of bases	47118273
	Total number of bases in HQ reads	47105771
	Total number of HQ bases in HQ reads	46932954
	Percentage of HQ bases in HQ reads	99.63%
	Number of Primer/Adaptor contaminated HQ reads	NA
	Total number of HQ filtered reads	518876
	Percentage of HQ filtered reads	99.91%


Detailed QC statistics
	File name	RMB_7798_Gekko_athymus_Palawan_R1.trimmed.fq
	Minimum read length	7
	Maximum read length	95
	Average read length	90.73
	Total number of reads	519336
	Total number of reads with non-ATGC bases	0
	Percentage of reads with non-ATGC bases	0.00%
	Total number of bases	47118273
	Total number of HQ bases	46940378
	Percentage of HQ bases	99.62%
	Total number of non-ATGC bases	0
	Percentage of non-ATGC bases	0.00%


Average quality score at each base position of input reads

RMB_7798_Gekko_athymus_Palawan_R1.trimmed.fq
36.35	36.65	36.74	36.79	36.65	36.60	36.58	38.86	38.85	38.80	38.71	38.71	38.73	38.71	38.69	38.69	38.66	38.59	38.66	38.56	38.51	38.49	38.48	38.44	38.36	38.25	38.20	38.20	38.15	38.06	38.05	37.98	37.87	37.85	37.76	37.64	37.59	37.55	37.47	37.33	37.32	37.22	37.14	37.08	36.97	37.08	37.07	36.98	36.89	36.79	36.68	36.55	36.42	36.28	36.16	35.96	35.94	35.82	35.69	35.55	35.41	35.24	35.07	34.91	34.67	34.46	34.31	34.16	33.98	32.25	32.94	33.29	33.30	33.25	33.18	33.09	33.01	32.92	32.83	32.75	32.70	32.65	32.61	32.56	32.50	32.42	32.37	32.29	32.08	32.07	32.05	32.03	32.00	31.82	31.27	




Read count (%) per base for different quality score ranges

	RMB_7798_Gekko_athymus_Palawan_R1.trimmed.fq
Ranges	0-10	11-20	21-30	31-40
Base
1	0.00	1.16	1.90	96.94
2	0.00	0.53	1.15	98.32
3	0.00	0.36	0.90	98.74
4	0.00	0.27	0.78	98.95
5	0.00	0.30	1.40	98.30
6	0.00	0.40	1.48	98.12
7	0.00	0.44	1.54	98.02
8	0.00	0.47	1.61	97.92
9	0.00	0.48	1.65	97.86
10	0.00	0.52	1.75	97.73
11	0.00	0.55	1.80	97.66
12	0.00	0.53	1.80	97.67
13	0.00	0.57	1.81	97.62
14	0.00	0.58	1.84	97.59
15	0.00	0.55	1.85	97.61
16	0.00	0.54	1.80	97.66
17	0.00	0.61	1.87	97.52
18	0.00	0.65	2.01	97.34
19	0.00	0.55	1.88	97.58
20	0.00	0.70	1.95	97.36
21	0.00	0.68	1.98	97.34
22	0.00	0.66	1.90	97.44
23	0.00	0.63	1.96	97.41
24	0.00	0.58	1.93	97.49
25	0.00	0.56	2.04	97.41
26	0.00	0.57	2.06	97.37
27	0.00	0.53	2.09	97.38
28	0.00	0.44	1.99	97.58
29	0.00	0.40	1.90	97.69
30	0.00	0.40	2.01	97.59
31	0.00	0.40	1.93	97.67
32	0.00	0.39	1.97	97.64
33	0.00	0.44	2.07	97.49
34	0.00	0.37	1.98	97.65
35	0.00	0.39	2.04	97.57
36	0.00	0.38	2.10	97.53
37	0.00	0.38	2.08	97.54
38	0.00	0.36	2.06	97.58
39	0.00	0.36	2.07	97.56
40	0.00	0.42	2.17	97.41
41	0.00	0.34	2.15	97.51
42	0.00	0.40	2.21	97.39
43	0.00	0.38	2.22	97.40
44	0.00	0.37	2.18	97.45
45	0.00	0.38	2.28	97.33
46	0.00	0.33	1.93	97.74
47	0.00	0.28	1.93	97.79
48	0.00	0.31	2.03	97.66
49	0.00	0.28	2.01	97.71
50	0.00	0.28	1.99	97.73
51	0.00	0.27	2.01	97.71
52	0.00	0.26	2.07	97.66
53	0.00	0.25	2.11	97.64
54	0.00	0.25	2.14	97.61
55	0.00	0.26	2.16	97.58
56	0.00	0.26	2.39	97.35
57	0.00	0.23	1.97	97.81
58	0.00	0.25	2.12	97.63
59	0.00	0.22	2.06	97.72
60	0.00	0.22	2.04	97.74
61	0.00	0.22	2.03	97.75
62	0.00	0.23	2.11	97.67
63	0.00	0.22	2.08	97.70
64	0.00	0.20	2.07	97.73
65	0.00	0.22	2.36	97.42
66	0.00	0.24	2.36	97.40
67	0.00	0.22	2.32	97.45
68	0.00	0.21	2.26	97.53
69	0.00	0.21	2.30	97.49
70	0.00	0.34	6.16	93.50
71	0.00	0.25	3.45	96.30
72	0.00	0.21	2.75	97.03
73	0.00	0.22	2.61	97.17
74	0.00	0.20	2.49	97.31
75	0.00	0.19	2.36	97.45
76	0.00	0.19	2.45	97.36
77	0.00	0.20	2.48	97.33
78	0.00	0.22	2.55	97.23
79	0.00	0.22	2.69	97.09
80	0.00	0.23	2.77	96.99
81	0.00	0.23	2.80	96.97
82	0.00	0.24	2.82	96.94
83	0.00	0.22	2.81	96.97
84	0.00	0.24	2.74	97.02
85	0.00	0.27	2.79	96.94
86	0.00	0.27	2.94	96.79
87	0.00	0.29	2.98	96.73
88	0.00	0.32	3.15	96.53
89	0.00	0.47	3.84	95.69
90	0.00	0.35	3.69	95.96
91	0.00	0.35	3.28	96.37
92	0.00	0.36	3.20	96.44
93	0.00	0.35	3.22	96.44
94	0.00	0.56	3.93	95.50
95	0.00	0.64	5.15	94.21




