Parameters
	Library type	Paired-end
	Input files	KU330797-16_C_L004_R1_028.trimmed.fastq.gz	KU330797-16_C_L004_R2_028.trimmed.fastq.gz
	Primer/Adaptor library	NA
	Cut-off read length for HQ	70%
	Cut-off quality score	20
	Only statistics	On
	Number of CPUs	2


QC statistics
	File name	KU330797-16_C_L004_R1_028.trimmed.fastq.gz	KU330797-16_C_L004_R2_028.trimmed.fastq.gz
	Total number of reads	4000000	4000000
	Total number of HQ reads	3984537	3984537
	Percentage of HQ reads	99.61%	99.61%
	Total number of bases	367523800	362139268
	Total number of bases in HQ reads	366677871	361876762
	Total number of HQ bases in HQ reads	364770994	359880066
	Percentage of HQ bases in HQ reads	99.48%	99.45%
	Number of Primer/Adaptor contaminated HQ reads	NA	NA
	Total number of HQ filtered reads	3984537	3984537
	Percentage of HQ filtered reads	99.61%	99.61%


Detailed QC statistics
	File name	KU330797-16_C_L004_R1_028.trimmed.fastq.gz	KU330797-16_C_L004_R2_028.trimmed.fastq.gz
	Minimum read length	1	1
	Maximum read length	100	100
	Average read length	91.88	90.53
	Total number of reads	4000000	4000000
	Total number of reads with non-ATGC bases	199	3572
	Percentage of reads with non-ATGC bases	0.00%	0.09%
	Total number of bases	367523800	362139268
	Total number of HQ bases	365578105	360068713
	Percentage of HQ bases	99.47%	99.43%
	Total number of non-ATGC bases	199	3572
	Percentage of non-ATGC bases	0.00%	0.00%


Average quality score at each base position of input reads

KU330797-16_C_L004_R1_028.trimmed.fastq.gz
32.07	32.61	32.79	36.08	36.05	36.05	36.05	36.04	37.68	37.68	37.66	37.54	37.57	38.96	38.94	38.91	38.88	38.81	38.83	38.77	38.73	38.66	38.59	38.55	38.46	38.34	38.26	38.16	38.03	37.85	37.79	37.69	37.58	37.38	37.28	37.19	37.08	36.94	36.83	36.71	36.55	36.60	36.50	36.43	36.37	36.29	36.20	36.03	35.90	35.92	35.86	35.74	35.61	35.46	35.31	35.16	35.00	34.84	34.69	34.54	34.36	34.17	34.00	33.77	33.60	33.40	33.07	32.87	32.64	32.40	32.03	31.76	31.53	31.25	30.97	30.17	30.34	30.36	30.25	30.07	29.88	29.66	29.45	29.26	29.04	28.84	28.63	28.49	28.23	28.10	27.95	27.77	27.62	27.45	27.31	27.14	26.99	26.82	26.66	25.46	

KU330797-16_C_L004_R2_028.trimmed.fastq.gz
35.82	36.22	36.42	36.49	31.63	32.12	32.34	35.62	35.59	35.61	35.59	35.57	37.10	37.03	36.97	36.92	36.85	38.13	38.07	37.98	37.91	37.82	37.82	37.72	37.65	37.56	37.49	37.44	37.33	37.21	37.11	37.02	36.79	36.71	36.63	36.56	36.47	36.33	36.24	36.11	36.03	35.91	35.79	35.67	35.56	35.44	35.46	35.37	35.30	35.20	35.08	34.89	34.78	34.66	33.72	33.95	34.09	34.11	33.98	33.89	33.76	33.59	33.44	33.25	33.08	32.88	32.68	32.51	32.42	32.34	32.13	32.00	31.85	31.69	31.47	31.27	31.07	30.84	30.64	30.42	30.21	29.99	29.77	29.55	29.35	29.14	28.91	28.74	28.56	28.41	28.19	28.04	27.89	27.72	27.57	27.43	27.23	27.05	26.90	26.77	





Read count (%) per base for different quality score ranges

	KU330797-16_C_L004_R1_028.trimmed.fastq.gz
Ranges	0-10	11-20	21-30	31-40
Base
1	0.00	1.65	10.38	87.96
2	0.00	0.71	8.40	90.89
3	0.00	0.55	7.68	91.77
4	0.00	0.48	3.27	96.26
5	0.00	0.50	3.56	95.94
6	0.00	0.52	3.55	95.93
7	0.00	0.53	3.56	95.91
8	0.00	0.53	3.62	95.85
9	0.00	0.53	3.60	95.87
10	0.00	0.52	3.58	95.89
11	0.00	0.53	3.66	95.81
12	0.00	0.87	3.83	95.30
13	0.00	0.67	3.80	95.52
14	0.00	1.19	6.34	92.47
15	0.00	1.20	6.43	92.37
16	0.00	1.17	6.44	92.39
17	0.00	1.15	6.42	92.43
18	0.00	1.19	6.49	92.32
19	0.00	1.18	6.61	92.21
20	0.00	1.18	6.57	92.25
21	0.00	1.15	6.53	92.31
22	0.00	1.16	6.57	92.27
23	0.00	1.15	6.56	92.29
24	0.00	1.15	6.65	92.20
25	0.00	1.13	6.65	92.22
26	0.00	1.19	6.70	92.10
27	0.00	1.14	6.66	92.20
28	0.00	1.10	6.63	92.26
29	0.00	1.11	6.71	92.18
30	0.00	1.45	6.78	91.77
31	0.00	1.18	6.72	92.10
32	0.00	1.09	6.73	92.18
33	0.00	1.04	6.79	92.18
34	0.00	1.44	7.00	91.56
35	0.00	1.16	7.04	91.80
36	0.00	1.04	6.89	92.07
37	0.00	0.98	6.75	92.27
38	0.00	0.98	6.78	92.24
39	0.00	0.97	6.70	92.33
40	0.00	0.92	6.66	92.42
41	0.00	0.94	6.75	92.31
42	0.00	0.88	6.80	92.32
43	0.00	0.93	6.88	92.19
44	0.00	0.93	6.80	92.28
45	0.00	0.88	6.59	92.53
46	0.00	0.87	6.47	92.65
47	0.00	0.86	6.40	92.75
48	0.00	0.90	6.62	92.48
49	0.00	0.92	6.59	92.49
50	0.00	0.81	6.27	92.92
51	0.00	0.79	6.04	93.17
52	0.00	0.77	5.94	93.29
53	0.00	0.77	5.90	93.33
54	0.00	0.78	5.89	93.33
55	0.00	0.78	5.92	93.30
56	0.00	0.77	5.82	93.41
57	0.00	0.76	5.81	93.42
58	0.00	0.76	5.78	93.46
59	0.00	0.73	5.73	93.54
60	0.00	0.71	5.61	93.68
61	0.00	0.69	5.63	93.68
62	0.00	0.70	5.70	93.61
63	0.00	0.70	5.68	93.62
64	0.00	0.73	5.80	93.47
65	0.00	0.69	5.70	93.61
66	0.00	0.70	5.77	93.53
67	0.00	0.70	5.76	93.55
68	0.00	0.67	5.78	93.54
69	0.00	0.68	5.85	93.47
70	0.00	0.68	5.95	93.37
71	0.00	0.68	5.98	93.34
72	0.00	0.72	6.21	93.07
73	0.00	0.70	6.21	93.10
74	0.00	0.70	6.34	92.96
75	0.00	0.73	6.52	92.75
76	0.00	0.67	8.57	90.76
77	0.00	0.59	6.72	92.69
78	0.00	0.59	6.03	93.38
79	0.00	0.57	5.75	93.68
80	0.00	0.59	5.75	93.66
81	0.00	0.59	5.68	93.73
82	0.00	0.60	5.78	93.62
83	0.00	0.62	5.86	93.53
84	0.00	0.63	5.97	93.40
85	0.00	0.68	6.18	93.14
86	0.00	0.69	6.29	93.02
87	0.00	0.77	6.60	92.63
88	0.00	0.73	6.47	92.80
89	0.00	0.80	6.74	92.46
90	0.00	0.77	6.65	92.58
91	0.00	0.80	6.76	92.44
92	0.00	0.86	7.04	92.10
93	0.00	0.86	7.10	92.04
94	0.00	0.91	7.35	91.74
95	0.00	0.87	7.32	91.81
96	0.00	0.91	7.50	91.59
97	0.00	0.89	7.58	91.53
98	0.00	0.89	7.79	91.32
99	0.00	0.92	7.87	91.21
100	0.00	2.55	15.99	81.46


	KU330797-16_C_L004_R2_028.trimmed.fastq.gz
Ranges	0-10	11-20	21-30	31-40
Base
1	0.09	2.47	4.55	92.89
2	0.00	1.26	3.24	95.51
3	0.00	0.74	2.55	96.71
4	0.00	0.64	2.30	97.06
5	0.00	1.26	14.86	83.89
6	0.00	0.95	10.73	88.32
7	0.00	0.91	9.81	89.28
8	0.00	0.87	4.64	94.49
9	0.00	0.88	4.75	94.37
10	0.00	0.89	4.56	94.55
11	0.00	0.88	4.49	94.63
12	0.00	0.85	4.43	94.71
13	0.00	0.83	4.38	94.78
14	0.00	0.85	4.49	94.66
15	0.00	0.84	4.53	94.63
16	0.00	0.82	4.51	94.67
17	0.00	0.84	4.55	94.61
18	0.00	1.56	7.55	90.89
19	0.00	1.54	7.49	90.97
20	0.00	1.52	7.46	91.02
21	0.00	1.48	7.43	91.09
22	0.00	1.45	7.41	91.13
23	0.00	1.42	7.38	91.19
24	0.00	1.42	7.41	91.16
25	0.00	1.35	7.26	91.38
26	0.00	1.34	7.25	91.41
27	0.00	1.28	7.10	91.63
28	0.00	1.28	7.26	91.46
29	0.00	1.26	7.29	91.45
30	0.00	1.26	7.29	91.45
31	0.00	1.21	7.21	91.58
32	0.00	1.16	7.13	91.71
33	0.00	1.78	7.33	90.89
34	0.00	1.32	7.40	91.27
35	0.00	1.19	7.23	91.58
36	0.00	1.10	7.03	91.87
37	0.00	1.06	7.03	91.91
38	0.00	1.06	7.24	91.71
39	0.00	0.99	7.12	91.90
40	0.00	0.99	7.21	91.80
41	0.00	0.93	7.06	92.01
42	0.00	0.93	7.02	92.04
43	0.00	0.95	7.07	91.98
44	0.00	0.95	6.99	92.06
45	0.00	0.92	6.88	92.20
46	0.00	0.90	6.87	92.23
47	0.00	0.87	6.81	92.32
48	0.00	0.90	6.91	92.19
49	0.00	0.88	6.73	92.38
50	0.00	0.89	6.71	92.40
51	0.00	0.85	6.56	92.60
52	0.00	0.88	6.74	92.38
53	0.00	0.85	6.52	92.62
54	0.00	0.83	6.39	92.78
55	0.00	0.58	5.69	93.74
56	0.00	0.61	5.16	94.23
57	0.00	0.72	5.68	93.61
58	0.00	0.74	5.84	93.42
59	0.00	0.82	6.17	93.01
60	0.00	0.76	5.97	93.28
61	0.00	0.76	5.98	93.27
62	0.00	0.77	6.02	93.21
63	0.00	0.75	6.02	93.23
64	0.00	0.77	6.11	93.12
65	0.00	0.77	6.14	93.09
66	0.00	0.78	6.27	92.95
67	0.00	0.79	6.37	92.84
68	0.00	0.70	5.98	93.32
69	0.00	0.64	5.70	93.66
70	0.00	0.59	5.38	94.03
71	0.00	0.63	5.58	93.79
72	0.00	0.58	5.39	94.03
73	0.00	0.56	5.23	94.21
74	0.00	0.54	5.14	94.32
75	0.00	0.57	5.33	94.10
76	0.00	0.56	5.33	94.11
77	0.00	0.56	5.34	94.11
78	0.00	0.57	5.44	94.00
79	0.00	0.56	5.42	94.02
80	0.00	0.56	5.45	93.98
81	0.00	0.56	5.45	93.99
82	0.00	0.57	5.53	93.90
83	0.00	0.58	5.59	93.83
84	0.00	0.58	5.62	93.80
85	0.00	0.59	5.63	93.78
86	0.00	0.61	5.73	93.67
87	0.00	0.65	5.99	93.37
88	0.00	0.63	5.90	93.47
89	0.00	0.65	5.95	93.40
90	0.00	0.62	5.82	93.56
91	0.00	0.68	6.00	93.32
92	0.00	0.66	5.99	93.35
93	0.00	0.68	6.03	93.29
94	0.00	0.71	6.20	93.09
95	0.00	0.71	6.27	93.01
96	0.00	0.71	6.22	93.06
97	0.00	0.69	6.20	93.11
98	0.00	0.75	6.50	92.75
99	0.00	0.75	6.68	92.58
100	0.00	0.84	6.89	92.27




