Parameters
	Library type	Paired-end
	Input files	KU330797-16_C_L004_R1_008.trimmed.fastq.gz	KU330797-16_C_L004_R2_008.trimmed.fastq.gz
	Primer/Adaptor library	NA
	Cut-off read length for HQ	70%
	Cut-off quality score	20
	Only statistics	On
	Number of CPUs	2


QC statistics
	File name	KU330797-16_C_L004_R1_008.trimmed.fastq.gz	KU330797-16_C_L004_R2_008.trimmed.fastq.gz
	Total number of reads	4000000	4000000
	Total number of HQ reads	3981297	3981297
	Percentage of HQ reads	99.53%	99.53%
	Total number of bases	363245738	350545791
	Total number of bases in HQ reads	362250017	350284294
	Total number of HQ bases in HQ reads	360182385	347826317
	Percentage of HQ bases in HQ reads	99.43%	99.30%
	Number of Primer/Adaptor contaminated HQ reads	NA	NA
	Total number of HQ filtered reads	3981297	3981297
	Percentage of HQ filtered reads	99.53%	99.53%


Detailed QC statistics
	File name	KU330797-16_C_L004_R1_008.trimmed.fastq.gz	KU330797-16_C_L004_R2_008.trimmed.fastq.gz
	Minimum read length	1	1
	Maximum read length	100	100
	Average read length	90.81	87.64
	Total number of reads	4000000	4000000
	Total number of reads with non-ATGC bases	56	3941
	Percentage of reads with non-ATGC bases	0.00%	0.10%
	Total number of bases	363245738	350545791
	Total number of HQ bases	361133902	347991944
	Percentage of HQ bases	99.42%	99.27%
	Total number of non-ATGC bases	56	3941
	Percentage of non-ATGC bases	0.00%	0.00%


Average quality score at each base position of input reads

KU330797-16_C_L004_R1_008.trimmed.fastq.gz
32.02	32.53	32.71	36.02	35.94	35.97	35.90	35.91	37.54	37.54	37.53	37.52	37.41	38.81	38.77	38.69	38.70	38.65	38.66	38.66	38.51	38.50	38.38	38.24	38.20	38.14	38.03	37.83	37.76	37.67	37.53	37.43	37.27	37.17	36.92	36.80	36.68	36.50	36.41	36.23	36.08	36.17	35.98	35.95	35.86	35.75	35.59	35.48	35.32	35.23	35.16	34.99	34.88	34.76	34.62	34.45	34.36	34.15	33.88	33.78	33.62	33.41	33.11	32.89	32.75	32.48	32.23	31.98	31.70	31.30	31.20	30.92	30.61	30.12	30.06	28.94	29.33	29.46	29.38	29.27	29.04	28.80	28.58	28.38	28.19	27.99	27.78	27.60	27.43	27.19	27.01	26.80	26.67	26.50	26.35	26.16	26.04	25.87	25.60	24.36	

KU330797-16_C_L004_R2_008.trimmed.fastq.gz
35.42	35.99	36.23	36.33	31.95	32.23	32.36	35.42	35.34	35.33	35.33	35.23	36.58	36.64	36.54	36.51	36.44	37.54	37.45	37.38	37.29	37.19	37.06	37.02	36.68	36.68	36.53	36.47	36.37	36.26	36.11	36.02	35.96	35.72	35.67	35.35	35.31	35.12	35.08	34.86	34.69	34.66	34.52	34.29	34.16	33.99	34.08	33.93	33.82	33.77	33.58	33.34	33.24	33.05	31.93	32.26	32.45	32.52	32.33	32.13	32.02	31.81	31.75	31.55	31.27	31.09	30.99	30.90	30.73	30.53	30.42	30.27	30.04	29.93	29.76	29.35	29.20	28.94	28.83	28.61	28.34	28.17	27.96	27.76	27.45	27.23	26.99	26.88	26.69	26.46	26.30	25.83	25.73	25.56	25.28	25.13	24.83	24.66	24.56	24.47	





Read count (%) per base for different quality score ranges

	KU330797-16_C_L004_R1_008.trimmed.fastq.gz
Ranges	0-10	11-20	21-30	31-40
Base
1	0.00	1.33	11.21	87.46
2	0.00	0.65	8.91	90.44
3	0.00	0.50	8.10	91.40
4	0.00	0.45	3.45	96.09
5	0.00	0.53	3.95	95.52
6	0.00	0.53	3.72	95.76
7	0.00	0.60	4.10	95.30
8	0.00	0.59	4.01	95.40
9	0.00	0.59	4.03	95.38
10	0.00	0.58	4.01	95.40
11	0.00	0.58	4.02	95.40
12	0.00	0.58	4.01	95.41
13	0.00	0.68	4.42	94.90
14	0.00	1.16	6.70	92.14
15	0.00	1.19	6.78	92.03
16	0.00	1.24	6.92	91.84
17	0.00	1.18	6.73	92.08
18	0.00	1.19	6.81	92.00
19	0.00	1.20	6.86	91.94
20	0.00	1.14	6.65	92.21
21	0.00	1.25	6.98	91.77
22	0.00	1.14	6.65	92.20
23	0.00	1.17	6.83	91.99
24	0.00	1.28	7.26	91.46
25	0.00	1.19	6.96	91.85
26	0.00	1.16	6.78	92.06
27	0.00	1.14	6.87	91.99
28	0.00	1.22	7.20	91.59
29	0.00	1.12	6.95	91.93
30	0.00	1.07	6.87	92.06
31	0.00	1.06	7.00	91.94
32	0.00	1.01	6.87	92.11
33	0.00	1.04	7.08	91.89
34	0.00	0.97	6.97	92.06
35	0.00	1.08	7.43	91.49
36	0.00	1.02	7.31	91.67
37	0.00	0.99	7.16	91.85
38	0.00	1.01	7.26	91.73
39	0.00	0.95	6.99	92.06
40	0.00	0.97	7.11	91.91
41	0.00	0.97	7.11	91.93
42	0.00	0.91	6.92	92.17
43	0.00	1.02	7.37	91.61
44	0.00	0.93	7.03	92.04
45	0.00	0.93	6.90	92.17
46	0.00	0.90	6.80	92.30
47	0.00	0.95	6.92	92.13
48	0.00	0.91	6.83	92.25
49	0.00	0.95	6.94	92.10
50	0.00	0.94	6.96	92.10
51	0.00	0.90	6.66	92.44
52	0.00	0.91	6.73	92.36
53	0.00	0.86	6.49	92.66
54	0.00	0.81	6.30	92.89
55	0.00	0.81	6.24	92.95
56	0.00	0.82	6.26	92.91
57	0.00	0.74	5.87	93.40
58	0.00	0.77	6.01	93.22
59	0.00	0.85	6.51	92.64
60	0.00	0.74	6.02	93.24
61	0.00	0.72	5.93	93.35
62	0.00	0.75	6.08	93.17
63	0.00	0.85	6.56	92.59
64	0.00	0.84	6.60	92.56
65	0.00	0.76	6.35	92.89
66	0.00	0.81	6.62	92.57
67	0.00	0.81	6.74	92.45
68	0.00	0.82	6.88	92.30
69	0.00	0.86	7.03	92.11
70	0.00	0.90	7.42	91.68
71	0.00	0.74	6.72	92.54
72	0.00	0.80	7.06	92.14
73	0.00	0.82	7.29	91.89
74	0.00	1.01	8.47	90.52
75	0.00	0.79	7.53	91.68
76	0.00	0.83	11.62	87.55
77	0.00	0.68	8.10	91.22
78	0.00	0.65	6.93	92.41
79	0.00	0.65	6.61	92.74
80	0.00	0.61	6.22	93.17
81	0.00	0.66	6.44	92.90
82	0.00	0.72	6.74	92.53
83	0.00	0.75	6.91	92.34
84	0.00	0.74	6.91	92.35
85	0.00	0.76	6.96	92.29
86	0.00	0.78	7.11	92.11
87	0.00	0.84	7.35	91.81
88	0.00	0.86	7.46	91.68
89	0.00	0.87	7.46	91.67
90	0.00	1.01	8.10	90.90
91	0.00	1.00	8.29	90.71
92	0.00	1.11	8.65	90.25
93	0.00	1.06	8.46	90.48
94	0.00	1.07	8.55	90.38
95	0.00	1.05	8.57	90.38
96	0.00	1.08	8.82	90.10
97	0.00	0.98	8.51	90.51
98	0.00	0.99	8.65	90.36
99	0.00	1.15	9.37	89.48
100	0.00	3.01	18.00	78.99


	KU330797-16_C_L004_R2_008.trimmed.fastq.gz
Ranges	0-10	11-20	21-30	31-40
Base
1	0.10	2.94	5.65	91.31
2	0.00	1.47	4.10	94.43
3	0.00	0.98	3.30	95.72
4	0.00	0.86	2.99	96.15
5	0.00	1.31	12.88	85.80
6	0.00	1.19	11.05	87.75
7	0.00	1.10	10.24	88.66
8	0.00	1.12	5.58	93.30
9	0.00	1.17	5.91	92.92
10	0.00	1.20	5.67	93.13
11	0.00	1.13	5.41	93.46
12	0.00	1.18	5.66	93.16
13	0.00	1.23	5.81	92.96
14	0.00	1.08	5.35	93.58
15	0.00	1.09	5.47	93.44
16	0.00	1.04	5.30	93.66
17	0.00	1.00	5.22	93.78
18	0.00	1.87	8.53	89.61
19	0.00	1.82	8.42	89.76
20	0.00	1.73	8.18	90.09
21	0.00	1.66	8.09	90.25
22	0.00	1.66	7.99	90.35
23	0.00	1.71	8.31	89.98
24	0.00	1.56	7.97	90.46
25	0.00	1.85	8.73	89.42
26	0.00	1.60	8.00	90.40
27	0.00	1.60	8.07	90.34
28	0.00	1.53	8.12	90.35
29	0.00	1.46	8.02	90.53
30	0.00	1.41	7.95	90.64
31	0.00	1.38	7.92	90.70
32	0.00	1.31	7.74	90.95
33	0.00	1.19	7.40	91.41
34	0.00	1.29	7.93	90.77
35	0.00	1.13	7.52	91.35
36	0.00	1.31	8.24	90.45
37	0.00	1.13	7.68	91.19
38	0.00	1.17	7.92	90.91
39	0.00	1.05	7.50	91.44
40	0.00	1.13	7.94	90.93
41	0.00	1.12	7.96	90.91
42	0.00	1.01	7.37	91.62
43	0.00	1.04	7.49	91.47
44	0.00	1.11	7.77	91.12
45	0.00	1.05	7.61	91.34
46	0.00	1.06	7.63	91.31
47	0.00	0.93	7.11	91.96
48	0.00	1.02	7.39	91.60
49	0.00	1.00	7.32	91.68
50	0.00	0.92	6.97	92.11
51	0.00	0.95	7.07	91.98
52	0.00	1.01	7.31	91.68
53	0.00	0.92	6.96	92.12
54	0.00	0.96	6.96	92.08
55	0.00	0.75	6.99	92.26
56	0.00	0.69	5.69	93.62
57	0.00	0.73	5.78	93.49
58	0.00	0.72	5.89	93.38
59	0.00	0.87	6.54	92.59
60	0.00	0.93	6.80	92.27
61	0.00	0.84	6.52	92.64
62	0.00	0.91	6.72	92.37
63	0.00	0.74	6.12	93.14
64	0.00	0.81	6.36	92.83
65	0.00	0.90	6.87	92.23
66	0.00	0.88	6.82	92.30
67	0.00	0.80	6.38	92.82
68	0.00	0.74	6.28	92.97
69	0.00	0.77	6.48	92.74
70	0.00	0.81	6.64	92.55
71	0.00	0.72	6.28	93.00
72	0.00	0.70	6.13	93.17
73	0.00	0.76	6.39	92.85
74	0.00	0.65	5.91	93.44
75	0.00	0.63	5.83	93.54
76	0.00	0.83	6.87	92.30
77	0.00	0.71	6.59	92.70
78	0.00	0.79	6.80	92.42
79	0.00	0.62	6.17	93.21
80	0.00	0.65	6.28	93.07
81	0.00	0.73	6.66	92.61
82	0.00	0.65	6.37	92.98
83	0.00	0.66	6.36	92.97
84	0.00	0.67	6.36	92.98
85	0.00	0.80	7.05	92.14
86	0.00	0.80	7.15	92.06
87	0.00	0.85	7.36	91.80
88	0.00	0.71	6.81	92.48
89	0.00	0.75	6.90	92.35
90	0.00	0.84	7.28	91.88
91	0.00	0.80	7.20	92.01
92	0.00	1.28	9.03	89.68
93	0.00	1.02	8.48	90.50
94	0.00	1.05	8.40	90.55
95	0.00	1.22	9.06	89.72
96	0.00	1.11	8.78	90.10
97	0.00	1.13	8.89	89.99
98	0.00	1.10	8.87	90.03
99	0.00	0.96	8.50	90.53
100	0.00	1.01	8.31	90.68




