Parameters
	Library type	Paired-end
	Input files	KU330797-16_C_L004_R1_026.trimmed.fastq.gz	KU330797-16_C_L004_R2_026.trimmed.fastq.gz
	Primer/Adaptor library	NA
	Cut-off read length for HQ	70%
	Cut-off quality score	20
	Only statistics	On
	Number of CPUs	2


QC statistics
	File name	KU330797-16_C_L004_R1_026.trimmed.fastq.gz	KU330797-16_C_L004_R2_026.trimmed.fastq.gz
	Total number of reads	4000000	4000000
	Total number of HQ reads	3987334	3987334
	Percentage of HQ reads	99.68%	99.68%
	Total number of bases	369908947	360571617
	Total number of bases in HQ reads	369197693	360364685
	Total number of HQ bases in HQ reads	367476482	358478480
	Percentage of HQ bases in HQ reads	99.53%	99.48%
	Number of Primer/Adaptor contaminated HQ reads	NA	NA
	Total number of HQ filtered reads	3987334	3987334
	Percentage of HQ filtered reads	99.68%	99.68%


Detailed QC statistics
	File name	KU330797-16_C_L004_R1_026.trimmed.fastq.gz	KU330797-16_C_L004_R2_026.trimmed.fastq.gz
	Minimum read length	1	1
	Maximum read length	100	100
	Average read length	92.48	90.14
	Total number of reads	4000000	4000000
	Total number of reads with non-ATGC bases	136	3141
	Percentage of reads with non-ATGC bases	0.00%	0.08%
	Total number of bases	369908947	360571617
	Total number of HQ bases	368157508	358626502
	Percentage of HQ bases	99.53%	99.46%
	Total number of non-ATGC bases	136	3141
	Percentage of non-ATGC bases	0.00%	0.00%


Average quality score at each base position of input reads

KU330797-16_C_L004_R1_026.trimmed.fastq.gz
32.27	32.70	32.84	36.16	36.10	36.08	36.09	36.08	37.76	37.75	37.75	37.72	37.68	39.12	39.08	39.05	39.02	38.96	38.98	38.94	38.87	38.81	38.75	38.70	38.61	38.50	38.41	38.33	38.22	38.10	37.98	37.88	37.78	37.67	37.54	37.43	37.30	37.15	37.05	36.92	36.78	36.84	36.76	36.69	36.61	36.47	36.39	36.24	36.09	36.10	36.04	35.96	35.86	35.72	35.59	35.45	35.31	35.16	34.99	34.83	34.62	34.49	34.30	34.08	33.86	33.69	33.50	33.31	33.10	32.84	32.61	32.39	32.15	31.83	31.60	30.80	30.97	30.97	30.85	30.64	30.43	30.19	29.96	29.74	29.53	29.35	29.19	29.01	28.83	28.67	28.50	28.34	28.14	28.00	27.85	27.67	27.53	27.39	27.24	26.08	

KU330797-16_C_L004_R2_026.trimmed.fastq.gz
35.96	36.31	36.48	36.55	31.62	32.14	32.41	35.73	35.75	35.75	35.71	35.70	37.28	37.20	37.20	37.14	37.04	38.36	38.33	38.24	38.15	38.12	38.06	37.98	37.93	37.82	37.76	37.69	37.61	37.50	37.44	37.33	37.23	37.12	37.02	36.92	36.82	36.71	36.55	36.46	36.29	36.23	36.13	36.01	35.90	35.72	35.75	35.68	35.62	35.51	35.37	35.22	35.10	34.96	34.00	34.24	34.44	34.44	34.30	34.14	34.01	33.80	32.15	32.24	32.15	32.07	31.91	31.88	31.81	31.72	31.58	31.43	31.26	31.10	30.91	30.71	30.51	30.29	30.08	29.89	29.64	29.46	29.23	29.02	28.81	28.61	28.43	28.25	28.08	27.89	27.70	27.52	27.36	27.21	27.05	26.91	26.71	26.55	26.41	26.27	





Read count (%) per base for different quality score ranges

	KU330797-16_C_L004_R1_026.trimmed.fastq.gz
Ranges	0-10	11-20	21-30	31-40
Base
1	0.00	1.09	9.18	89.72
2	0.00	0.57	7.55	91.88
3	0.00	0.44	6.99	92.57
4	0.00	0.39	2.83	96.78
5	0.00	0.44	3.23	96.33
6	0.00	0.46	3.26	96.27
7	0.00	0.47	3.26	96.28
8	0.00	0.48	3.27	96.25
9	0.00	0.48	3.29	96.24
10	0.00	0.47	3.32	96.20
11	0.00	0.47	3.30	96.23
12	0.00	0.50	3.37	96.14
13	0.00	0.51	3.47	96.02
14	0.00	1.05	6.01	92.94
15	0.00	1.06	6.10	92.84
16	0.00	1.07	6.15	92.78
17	0.00	1.06	6.08	92.85
18	0.00	1.09	6.18	92.73
19	0.00	1.10	6.20	92.70
20	0.00	1.07	6.20	92.73
21	0.00	1.10	6.23	92.67
22	0.00	1.09	6.26	92.65
23	0.00	1.06	6.17	92.77
24	0.00	1.08	6.29	92.63
25	0.00	1.07	6.31	92.62
26	0.00	1.11	6.37	92.53
27	0.00	1.08	6.32	92.60
28	0.00	1.06	6.27	92.67
29	0.00	1.04	6.34	92.62
30	0.00	1.00	6.37	92.63
31	0.00	0.97	6.39	92.64
32	0.00	0.96	6.40	92.64
33	0.00	0.92	6.39	92.69
34	0.00	0.92	6.45	92.64
35	0.00	0.92	6.49	92.60
36	0.00	0.92	6.46	92.63
37	0.00	0.89	6.46	92.65
38	0.00	0.91	6.48	92.61
39	0.00	0.88	6.38	92.74
40	0.00	0.88	6.33	92.79
41	0.00	0.89	6.37	92.74
42	0.00	0.87	6.40	92.74
43	0.00	0.88	6.47	92.65
44	0.00	0.85	6.32	92.83
45	0.00	0.85	6.22	92.93
46	0.00	0.89	6.40	92.70
47	0.00	0.84	6.23	92.93
48	0.00	0.89	6.36	92.75
49	0.00	0.90	6.45	92.65
50	0.00	0.82	6.19	92.99
51	0.00	0.78	5.96	93.25
52	0.00	0.76	5.76	93.48
53	0.00	0.75	5.63	93.62
54	0.00	0.76	5.62	93.62
55	0.00	0.73	5.53	93.74
56	0.00	0.72	5.51	93.77
57	0.00	0.72	5.45	93.83
58	0.00	0.71	5.44	93.85
59	0.00	0.69	5.54	93.76
60	0.00	0.69	5.46	93.84
61	0.00	0.73	5.59	93.69
62	0.00	0.66	5.37	93.97
63	0.00	0.67	5.45	93.88
64	0.00	0.70	5.59	93.71
65	0.00	0.71	5.70	93.60
66	0.00	0.67	5.56	93.77
67	0.00	0.65	5.54	93.81
68	0.00	0.63	5.46	93.91
69	0.00	0.64	5.52	93.83
70	0.00	0.66	5.68	93.65
71	0.00	0.66	5.71	93.64
72	0.00	0.64	5.70	93.65
73	0.00	0.64	5.78	93.58
74	0.00	0.70	6.07	93.23
75	0.00	0.66	5.99	93.35
76	0.00	0.57	7.87	91.56
77	0.00	0.54	6.15	93.30
78	0.00	0.56	5.65	93.79
79	0.00	0.55	5.43	94.02
80	0.00	0.58	5.46	93.96
81	0.00	0.59	5.53	93.88
82	0.00	0.63	5.68	93.69
83	0.00	0.66	5.91	93.44
84	0.00	0.69	6.03	93.29
85	0.00	0.70	6.13	93.17
86	0.00	0.69	6.12	93.19
87	0.00	0.69	6.07	93.24
88	0.00	0.72	6.19	93.09
89	0.00	0.74	6.34	92.91
90	0.00	0.76	6.45	92.78
91	0.00	0.79	6.57	92.64
92	0.00	0.82	6.69	92.49
93	0.00	0.90	7.10	92.01
94	0.00	0.89	7.12	91.99
95	0.00	0.88	7.14	91.98
96	0.00	0.94	7.40	91.66
97	0.00	0.88	7.38	91.74
98	0.00	0.86	7.45	91.68
99	0.00	0.87	7.46	91.67
100	0.00	2.32	15.09	82.58


	KU330797-16_C_L004_R2_026.trimmed.fastq.gz
Ranges	0-10	11-20	21-30	31-40
Base
1	0.08	2.19	3.91	93.83
2	0.00	1.14	2.82	96.04
3	0.00	0.65	2.22	97.13
4	0.00	0.55	2.01	97.44
5	0.00	1.13	14.49	84.37
6	0.00	0.83	10.05	89.12
7	0.00	0.79	8.95	90.26
8	0.00	0.77	4.22	95.01
9	0.00	0.74	4.06	95.21
10	0.00	0.76	4.04	95.20
11	0.00	0.79	4.12	95.08
12	0.00	0.75	4.00	95.25
13	0.00	0.73	3.93	95.33
14	0.00	0.77	4.14	95.09
15	0.00	0.72	3.95	95.33
16	0.00	0.72	4.04	95.24
17	0.00	0.76	4.18	95.07
18	0.00	1.49	7.15	91.36
19	0.00	1.41	6.97	91.61
20	0.00	1.43	7.07	91.50
21	0.00	1.40	7.03	91.58
22	0.00	1.33	6.81	91.86
23	0.00	1.39	7.07	91.54
24	0.00	1.35	6.99	91.66
25	0.00	1.27	6.81	91.92
26	0.00	1.27	6.86	91.87
27	0.00	1.20	6.73	92.07
28	0.00	1.24	6.92	91.83
29	0.00	1.21	6.86	91.93
30	0.00	1.19	6.85	91.96
31	0.00	1.10	6.68	92.23
32	0.00	1.06	6.68	92.26
33	0.00	1.04	6.64	92.31
34	0.00	1.00	6.62	92.38
35	0.00	0.98	6.65	92.37
36	0.00	0.96	6.63	92.41
37	0.00	0.94	6.65	92.41
38	0.00	0.92	6.61	92.47
39	0.00	0.96	6.81	92.24
40	0.00	0.91	6.66	92.43
41	0.00	0.96	6.91	92.14
42	0.00	0.87	6.62	92.51
43	0.00	0.87	6.55	92.58
44	0.00	0.87	6.49	92.64
45	0.00	0.85	6.45	92.70
46	0.00	0.91	6.67	92.42
47	0.00	0.85	6.59	92.56
48	0.00	0.84	6.52	92.64
49	0.00	0.81	6.35	92.84
50	0.00	0.86	6.43	92.71
51	0.00	0.83	6.28	92.90
52	0.00	0.84	6.31	92.86
53	0.00	0.83	6.17	93.00
54	0.00	0.80	6.14	93.06
55	0.00	0.58	5.49	93.93
56	0.00	0.59	4.95	94.46
57	0.00	0.65	5.14	94.21
58	0.00	0.71	5.51	93.78
59	0.00	0.77	5.87	93.36
60	0.00	0.79	5.97	93.24
61	0.00	0.77	5.89	93.35
62	0.00	0.79	5.88	93.33
63	0.00	2.66	7.56	89.78
64	0.00	1.10	6.78	92.12
65	0.00	0.94	6.25	92.82
66	0.00	0.82	5.87	93.31
67	0.00	0.82	5.93	93.25
68	0.00	0.70	5.67	93.63
69	0.00	0.64	5.39	93.98
70	0.00	0.58	5.17	94.25
71	0.00	0.56	5.09	94.35
72	0.00	0.55	5.05	94.40
73	0.00	0.56	5.07	94.38
74	0.00	0.53	4.98	94.48
75	0.00	0.53	4.98	94.48
76	0.00	0.54	5.04	94.42
77	0.00	0.53	5.04	94.43
78	0.00	0.54	5.12	94.34
79	0.00	0.54	5.19	94.27
80	0.00	0.52	5.10	94.37
81	0.00	0.56	5.33	94.11
82	0.00	0.52	5.21	94.26
83	0.00	0.56	5.33	94.11
84	0.00	0.56	5.39	94.05
85	0.00	0.58	5.52	93.89
86	0.00	0.59	5.58	93.83
87	0.00	0.58	5.50	93.92
88	0.00	0.60	5.55	93.86
89	0.00	0.61	5.56	93.83
90	0.00	0.64	5.72	93.64
91	0.00	0.65	5.81	93.54
92	0.00	0.68	5.93	93.39
93	0.00	0.71	6.09	93.20
94	0.00	0.72	6.14	93.14
95	0.00	0.73	6.32	92.95
96	0.00	0.72	6.26	93.03
97	0.00	0.71	6.21	93.08
98	0.00	0.71	6.33	92.96
99	0.00	0.72	6.42	92.86
100	0.00	0.84	6.81	92.36




