Parameters
	Library type	Paired-end
	Input files	KU330797-16_C_L004_R1_036.trimmed.fastq.gz	KU330797-16_C_L004_R2_036.trimmed.fastq.gz
	Primer/Adaptor library	NA
	Cut-off read length for HQ	70%
	Cut-off quality score	20
	Only statistics	On
	Number of CPUs	2


QC statistics
	File name	KU330797-16_C_L004_R1_036.trimmed.fastq.gz	KU330797-16_C_L004_R2_036.trimmed.fastq.gz
	Total number of reads	4000000	4000000
	Total number of HQ reads	3983585	3983585
	Percentage of HQ reads	99.59%	99.59%
	Total number of bases	370108190	364866449
	Total number of bases in HQ reads	369204007	364622739
	Total number of HQ bases in HQ reads	367429008	362744313
	Percentage of HQ bases in HQ reads	99.52%	99.48%
	Number of Primer/Adaptor contaminated HQ reads	NA	NA
	Total number of HQ filtered reads	3983585	3983585
	Percentage of HQ filtered reads	99.59%	99.59%


Detailed QC statistics
	File name	KU330797-16_C_L004_R1_036.trimmed.fastq.gz	KU330797-16_C_L004_R2_036.trimmed.fastq.gz
	Minimum read length	1	1
	Maximum read length	100	100
	Average read length	92.53	91.22
	Total number of reads	4000000	4000000
	Total number of reads with non-ATGC bases	196	5096
	Percentage of reads with non-ATGC bases	0.00%	0.13%
	Total number of bases	370108190	364866449
	Total number of HQ bases	368296729	362916871
	Percentage of HQ bases	99.51%	99.47%
	Total number of non-ATGC bases	196	5096
	Percentage of non-ATGC bases	0.00%	0.00%


Average quality score at each base position of input reads

KU330797-16_C_L004_R1_036.trimmed.fastq.gz
32.22	32.66	32.81	36.15	36.08	36.10	36.09	36.09	37.77	37.75	37.72	37.72	37.69	39.12	39.05	39.00	38.99	38.93	38.96	38.89	38.84	38.78	38.70	38.68	38.59	38.49	38.39	38.29	38.18	38.09	37.98	37.89	37.77	37.64	37.50	37.33	37.21	37.09	36.95	36.84	36.69	36.82	36.76	36.71	36.63	36.51	36.41	36.30	36.17	36.11	36.09	35.98	35.84	35.73	35.59	35.43	35.28	35.09	34.94	34.76	34.59	34.38	34.22	34.03	33.81	33.62	33.44	33.23	32.98	32.68	32.45	32.22	31.96	31.65	31.40	30.59	30.80	30.82	30.69	30.51	30.29	30.08	29.85	29.64	29.44	29.24	29.05	28.85	28.65	28.45	28.31	28.12	27.98	27.81	27.65	27.50	27.33	27.12	26.96	25.64	

KU330797-16_C_L004_R2_036.trimmed.fastq.gz
35.90	36.28	36.44	36.51	31.51	32.04	32.32	35.67	35.69	35.68	35.64	35.63	37.16	37.12	37.09	37.03	36.98	38.29	38.21	38.11	38.06	37.98	37.95	37.88	37.80	37.73	37.65	37.60	37.49	37.40	37.31	37.22	37.08	37.00	36.89	36.80	36.70	36.62	36.51	36.40	36.28	36.19	36.07	35.96	35.86	35.73	35.78	35.68	35.61	35.54	35.36	35.25	35.12	34.99	34.07	34.29	34.45	34.47	34.34	34.25	34.10	33.96	33.79	33.65	33.51	33.30	33.12	33.02	32.94	32.82	32.65	32.50	32.34	32.16	31.97	31.75	31.53	31.30	31.09	30.84	30.65	30.41	30.19	29.98	29.76	29.57	29.35	29.16	28.98	28.81	28.59	28.45	28.28	28.10	27.97	27.78	27.57	27.43	27.26	27.10	





Read count (%) per base for different quality score ranges

	KU330797-16_C_L004_R1_036.trimmed.fastq.gz
Ranges	0-10	11-20	21-30	31-40
Base
1	0.00	1.10	9.10	89.79
2	0.00	0.57	7.62	91.82
3	0.00	0.44	7.08	92.48
4	0.00	0.39	2.88	96.73
5	0.00	0.43	3.28	96.28
6	0.00	0.44	3.19	96.37
7	0.00	0.45	3.20	96.35
8	0.00	0.45	3.22	96.32
9	0.00	0.45	3.23	96.32
10	0.00	0.46	3.28	96.26
11	0.00	0.47	3.34	96.19
12	0.00	0.46	3.33	96.21
13	0.00	0.48	3.40	96.12
14	0.00	0.97	5.83	93.19
15	0.00	1.03	5.96	93.01
16	0.00	1.04	6.05	92.91
17	0.00	1.02	5.93	93.05
18	0.00	1.04	6.04	92.92
19	0.00	1.04	5.99	92.97
20	0.00	1.05	6.09	92.86
21	0.00	1.02	6.05	92.93
22	0.00	1.03	6.05	92.92
23	0.00	1.04	6.10	92.86
24	0.00	1.01	6.09	92.89
25	0.00	1.02	6.16	92.82
26	0.00	1.04	6.13	92.83
27	0.00	1.02	6.16	92.82
28	0.00	1.01	6.20	92.79
29	0.00	0.98	6.22	92.80
30	0.00	0.93	6.18	92.89
31	0.00	0.92	6.18	92.90
32	0.00	0.90	6.17	92.93
33	0.00	0.89	6.28	92.84
34	0.00	0.89	6.31	92.80
35	0.00	0.89	6.41	92.71
36	0.00	0.92	6.57	92.51
37	0.00	0.88	6.53	92.59
38	0.00	0.88	6.43	92.69
39	0.00	0.89	6.42	92.69
40	0.00	0.85	6.29	92.86
41	0.00	0.87	6.38	92.75
42	0.00	0.81	6.27	92.93
43	0.00	0.82	6.34	92.84
44	0.00	0.81	6.19	93.00
45	0.00	0.83	6.17	93.00
46	0.00	0.83	6.24	92.93
47	0.00	0.80	6.15	93.04
48	0.00	0.82	6.14	93.03
49	0.00	0.84	6.17	93.00
50	0.00	0.80	6.11	93.09
51	0.00	0.74	5.76	93.50
52	0.00	0.74	5.74	93.53
53	0.00	0.76	5.75	93.49
54	0.00	0.73	5.61	93.67
55	0.00	0.72	5.58	93.70
56	0.00	0.73	5.61	93.65
57	0.00	0.72	5.57	93.72
58	0.00	0.74	5.67	93.59
59	0.00	0.70	5.67	93.63
60	0.00	0.70	5.65	93.65
61	0.00	0.69	5.59	93.72
62	0.00	0.71	5.71	93.58
63	0.00	0.68	5.59	93.74
64	0.00	0.68	5.61	93.70
65	0.00	0.70	5.79	93.51
66	0.00	0.69	5.77	93.54
67	0.00	0.66	5.73	93.61
68	0.00	0.67	5.74	93.59
69	0.00	0.68	5.94	93.38
70	0.00	0.66	5.95	93.38
71	0.00	0.68	6.03	93.29
72	0.00	0.68	6.11	93.21
73	0.00	0.70	6.25	93.05
74	0.00	0.76	6.57	92.67
75	0.00	0.75	6.70	92.55
76	0.00	0.63	8.73	90.64
77	0.00	0.58	6.68	92.74
78	0.00	0.58	6.07	93.35
79	0.00	0.60	5.92	93.48
80	0.00	0.58	5.85	93.57
81	0.00	0.62	5.98	93.39
82	0.00	0.64	6.02	93.34
83	0.00	0.67	6.26	93.07
84	0.00	0.69	6.35	92.95
85	0.00	0.71	6.47	92.81
86	0.00	0.73	6.56	92.71
87	0.00	0.77	6.75	92.48
88	0.00	0.81	6.93	92.26
89	0.00	0.85	7.22	91.93
90	0.00	0.91	7.46	91.63
91	0.00	0.89	7.45	91.66
92	0.00	0.94	7.69	91.36
93	0.00	0.93	7.68	91.39
94	0.00	0.95	7.79	91.26
95	0.00	0.96	7.97	91.07
96	0.00	0.96	7.90	91.14
97	0.00	0.94	8.01	91.05
98	0.00	0.99	8.43	90.58
99	0.00	0.98	8.39	90.63
100	0.00	2.82	17.37	79.81


	KU330797-16_C_L004_R2_036.trimmed.fastq.gz
Ranges	0-10	11-20	21-30	31-40
Base
1	0.13	2.24	4.06	93.58
2	0.00	1.08	3.03	95.90
3	0.00	0.70	2.33	96.97
4	0.00	0.60	2.11	97.29
5	0.00	1.20	15.52	83.29
6	0.00	0.89	10.67	88.44
7	0.00	0.83	9.43	89.74
8	0.00	0.80	4.32	94.89
9	0.00	0.78	4.27	94.96
10	0.00	0.81	4.23	94.96
11	0.00	0.82	4.34	94.84
12	0.00	0.79	4.18	95.03
13	0.00	0.78	4.22	95.00
14	0.00	0.78	4.22	95.00
15	0.00	0.75	4.15	95.09
16	0.00	0.75	4.18	95.07
17	0.00	0.74	4.19	95.07
18	0.00	1.41	7.07	91.51
19	0.00	1.42	7.10	91.48
20	0.00	1.40	7.11	91.49
21	0.00	1.35	6.94	91.71
22	0.00	1.35	6.91	91.74
23	0.00	1.34	7.04	91.62
24	0.00	1.29	6.94	91.77
25	0.00	1.27	6.88	91.85
26	0.00	1.24	6.80	91.96
27	0.00	1.20	6.73	92.07
28	0.00	1.22	6.90	91.87
29	0.00	1.20	6.92	91.88
30	0.00	1.15	6.87	91.98
31	0.00	1.11	6.77	92.12
32	0.00	1.07	6.75	92.18
33	0.00	1.32	6.75	91.93
34	0.00	1.10	6.77	92.14
35	0.00	1.06	6.73	92.21
36	0.00	1.01	6.75	92.23
37	0.00	0.96	6.75	92.29
38	0.00	0.91	6.72	92.37
39	0.00	0.90	6.73	92.36
40	0.00	0.90	6.72	92.38
41	0.00	0.91	6.80	92.29
42	0.00	0.87	6.69	92.43
43	0.00	0.89	6.71	92.40
44	0.00	0.88	6.66	92.46
45	0.00	0.87	6.55	92.58
46	0.00	0.87	6.53	92.61
47	0.00	0.81	6.45	92.74
48	0.00	0.85	6.58	92.57
49	0.00	0.84	6.50	92.66
50	0.00	0.81	6.36	92.82
51	0.00	0.85	6.48	92.67
52	0.00	0.81	6.29	92.90
53	0.00	0.81	6.27	92.92
54	0.00	0.81	6.20	92.99
55	0.00	0.59	5.58	93.83
56	0.00	0.60	5.04	94.36
57	0.00	0.68	5.39	93.93
58	0.00	0.69	5.55	93.76
59	0.00	0.75	5.91	93.34
60	0.00	0.74	5.74	93.52
61	0.00	0.74	5.84	93.41
62	0.00	0.75	5.82	93.43
63	0.00	0.75	5.95	93.30
64	0.00	0.71	5.87	93.41
65	0.00	0.71	5.77	93.53
66	0.00	0.75	6.01	93.24
67	0.00	0.75	6.05	93.20
68	0.00	0.65	5.71	93.64
69	0.00	0.61	5.45	93.94
70	0.00	0.59	5.30	94.11
71	0.00	0.59	5.31	94.10
72	0.00	0.58	5.21	94.22
73	0.00	0.55	5.16	94.29
74	0.00	0.55	5.14	94.32
75	0.00	0.55	5.14	94.31
76	0.00	0.56	5.26	94.19
77	0.00	0.57	5.32	94.11
78	0.00	0.58	5.43	93.99
79	0.00	0.57	5.43	94.00
80	0.00	0.60	5.61	93.79
81	0.00	0.56	5.51	93.93
82	0.00	0.58	5.61	93.80
83	0.00	0.58	5.68	93.74
84	0.00	0.59	5.70	93.71
85	0.00	0.61	5.77	93.62
86	0.00	0.60	5.72	93.68
87	0.00	0.63	5.88	93.49
88	0.00	0.62	5.92	93.46
89	0.00	0.64	5.92	93.44
90	0.00	0.66	5.98	93.37
91	0.00	0.73	6.27	93.00
92	0.00	0.68	6.21	93.11
93	0.00	0.73	6.31	92.96
94	0.00	0.76	6.54	92.70
95	0.00	0.73	6.44	92.83
96	0.00	0.75	6.50	92.76
97	0.00	0.76	6.61	92.64
98	0.00	0.73	6.54	92.73
99	0.00	0.77	6.80	92.42
100	0.00	0.89	7.17	91.94




