Parameters
	Library type	Paired-end
	Input files	KU330797-16_C_L004_R1_025.trimmed.fastq.gz	KU330797-16_C_L004_R2_025.trimmed.fastq.gz
	Primer/Adaptor library	NA
	Cut-off read length for HQ	70%
	Cut-off quality score	20
	Only statistics	On
	Number of CPUs	2


QC statistics
	File name	KU330797-16_C_L004_R1_025.trimmed.fastq.gz	KU330797-16_C_L004_R2_025.trimmed.fastq.gz
	Total number of reads	4000000	4000000
	Total number of HQ reads	3987388	3987388
	Percentage of HQ reads	99.68%	99.68%
	Total number of bases	359838233	365986949
	Total number of bases in HQ reads	359133057	365784338
	Total number of HQ bases in HQ reads	357198597	364040600
	Percentage of HQ bases in HQ reads	99.46%	99.52%
	Number of Primer/Adaptor contaminated HQ reads	NA	NA
	Total number of HQ filtered reads	3987388	3987388
	Percentage of HQ filtered reads	99.68%	99.68%


Detailed QC statistics
	File name	KU330797-16_C_L004_R1_025.trimmed.fastq.gz	KU330797-16_C_L004_R2_025.trimmed.fastq.gz
	Minimum read length	1	1
	Maximum read length	100	100
	Average read length	89.96	91.50
	Total number of reads	4000000	4000000
	Total number of reads with non-ATGC bases	176	3183
	Percentage of reads with non-ATGC bases	0.00%	0.08%
	Total number of bases	359838233	365986949
	Total number of HQ bases	357873282	364185482
	Percentage of HQ bases	99.45%	99.51%
	Total number of non-ATGC bases	176	3183
	Percentage of non-ATGC bases	0.00%	0.00%


Average quality score at each base position of input reads

KU330797-16_C_L004_R1_025.trimmed.fastq.gz
32.12	32.69	32.90	36.18	36.16	35.33	35.92	36.10	37.82	37.83	37.84	37.82	37.82	39.22	39.19	39.15	39.10	39.07	39.07	39.03	38.95	38.90	38.85	38.78	38.70	38.61	38.51	38.42	38.27	38.18	38.07	37.97	37.84	37.74	37.61	37.47	37.35	37.20	37.07	36.92	36.79	36.84	36.78	36.72	36.63	36.53	36.41	36.25	36.15	36.15	36.15	36.06	35.90	35.73	35.62	35.48	35.37	35.22	35.08	34.87	34.15	34.03	33.88	33.69	33.51	33.09	29.35	29.87	30.03	29.97	29.84	29.67	29.48	29.20	29.00	28.28	28.45	28.44	28.32	28.14	27.94	27.74	27.54	27.35	27.17	26.99	26.80	26.67	26.47	26.33	26.19	26.04	25.87	25.72	25.27	25.09	24.97	24.78	24.63	23.58	

KU330797-16_C_L004_R2_025.trimmed.fastq.gz
36.01	36.35	36.51	36.58	31.68	32.21	32.50	35.82	35.82	35.81	35.78	35.76	37.35	37.32	37.25	37.20	37.17	38.50	38.40	38.33	38.29	38.21	38.21	38.11	38.05	37.99	37.92	37.84	37.76	37.64	37.56	37.48	37.39	37.27	37.15	37.06	36.94	36.86	36.75	36.65	36.53	36.44	36.35	36.23	36.10	35.98	36.01	35.93	35.83	35.72	35.58	35.44	35.31	35.14	34.22	34.46	34.62	34.64	34.54	34.44	34.28	34.14	33.96	33.81	33.64	33.48	33.27	33.26	33.19	33.09	32.91	32.71	32.59	32.38	32.21	31.98	31.78	31.56	31.35	31.13	30.90	30.68	30.44	30.24	30.04	29.81	29.62	29.42	29.23	29.03	28.81	28.63	28.48	28.30	28.12	28.00	27.76	27.59	27.41	27.27	





Read count (%) per base for different quality score ranges

	KU330797-16_C_L004_R1_025.trimmed.fastq.gz
Ranges	0-10	11-20	21-30	31-40
Base
1	0.00	1.64	9.65	88.70
2	0.00	0.74	7.27	91.99
3	0.00	0.76	6.80	92.44
4	0.00	0.52	2.75	96.73
5	0.00	0.49	2.98	96.53
6	0.00	3.02	5.16	91.82
7	0.00	0.91	3.53	95.56
8	0.00	0.62	3.13	96.24
9	0.00	0.57	3.09	96.35
10	0.00	0.52	3.12	96.36
11	0.00	0.49	3.09	96.42
12	0.00	0.49	3.18	96.34
13	0.00	0.46	3.15	96.39
14	0.00	0.98	5.75	93.26
15	0.00	1.00	5.80	93.20
16	0.00	1.03	5.82	93.15
17	0.00	1.04	5.92	93.04
18	0.00	1.02	5.85	93.14
19	0.00	1.05	5.96	92.99
20	0.00	1.02	5.91	93.06
21	0.00	1.10	6.05	92.85
22	0.00	1.06	5.94	93.00
23	0.00	1.03	5.86	93.11
24	0.00	1.05	6.06	92.89
25	0.00	1.04	6.04	92.92
26	0.00	1.04	5.98	92.98
27	0.00	1.04	5.99	92.97
28	0.00	1.01	5.98	93.01
29	0.00	1.02	6.17	92.82
30	0.00	0.97	6.09	92.95
31	0.00	0.94	6.06	93.00
32	0.00	0.92	6.08	93.00
33	0.00	0.92	6.17	92.92
34	0.00	0.86	6.05	93.09
35	0.00	0.87	6.13	92.99
36	0.00	0.87	6.20	92.93
37	0.00	0.86	6.13	93.01
38	0.00	0.86	6.22	92.92
39	0.00	0.86	6.18	92.96
40	0.00	0.87	6.18	92.95
41	0.00	0.85	6.15	93.00
42	0.00	0.83	6.13	93.04
43	0.00	0.82	6.09	93.09
44	0.00	0.82	5.99	93.20
45	0.00	0.80	5.94	93.26
46	0.00	0.81	5.92	93.27
47	0.00	0.80	5.92	93.28
48	0.00	0.83	6.12	93.04
49	0.00	0.83	5.99	93.19
50	0.00	0.77	5.80	93.43
51	0.00	0.71	5.42	93.87
52	0.00	0.70	5.31	93.99
53	0.00	0.73	5.47	93.80
54	0.00	0.75	5.54	93.71
55	0.00	0.72	5.41	93.87
56	0.00	0.71	5.35	93.95
57	0.00	0.66	5.20	94.14
58	0.00	0.67	5.17	94.16
59	0.00	0.64	5.15	94.21
60	0.00	0.69	5.35	93.96
61	0.00	1.25	5.66	93.09
62	0.00	0.74	5.63	93.63
63	0.00	0.67	5.36	93.97
64	0.00	0.66	5.36	93.98
65	0.00	0.66	5.34	94.00
66	0.00	0.82	6.02	93.16
67	0.00	4.55	11.12	84.33
68	0.00	1.36	8.42	90.22
69	0.00	0.89	6.41	92.70
70	0.00	0.78	5.88	93.34
71	0.00	0.72	5.80	93.49
72	0.00	0.65	5.68	93.66
73	0.00	0.63	5.66	93.71
74	0.00	0.68	5.86	93.46
75	0.00	0.65	5.87	93.48
76	0.00	0.53	7.65	91.81
77	0.00	0.51	5.86	93.63
78	0.00	0.53	5.40	94.06
79	0.00	0.54	5.25	94.21
80	0.00	0.55	5.25	94.20
81	0.00	0.57	5.30	94.13
82	0.00	0.58	5.39	94.02
83	0.00	0.62	5.57	93.81
84	0.00	0.62	5.61	93.76
85	0.00	0.63	5.64	93.73
86	0.00	0.65	5.79	93.56
87	0.00	0.72	6.05	93.23
88	0.00	0.68	5.93	93.39
89	0.00	0.77	6.30	92.93
90	0.00	0.76	6.32	92.92
91	0.00	0.77	6.37	92.87
92	0.00	0.81	6.49	92.70
93	0.00	0.85	6.77	92.39
94	0.00	0.85	6.96	92.19
95	0.00	0.87	7.01	92.12
96	0.00	0.94	7.30	91.76
97	0.00	0.88	7.28	91.84
98	0.00	0.83	7.20	91.98
99	0.00	0.85	7.32	91.83
100	0.00	2.34	14.89	82.78


	KU330797-16_C_L004_R2_025.trimmed.fastq.gz
Ranges	0-10	11-20	21-30	31-40
Base
1	0.08	2.08	3.63	94.22
2	0.00	1.10	2.59	96.31
3	0.00	0.61	2.03	97.36
4	0.00	0.52	1.82	97.66
5	0.00	1.08	13.73	85.19
6	0.00	0.77	9.35	89.89
7	0.00	0.71	8.17	91.12
8	0.00	0.69	3.72	95.59
9	0.00	0.68	3.77	95.55
10	0.00	0.72	3.77	95.51
11	0.00	0.72	3.75	95.53
12	0.00	0.70	3.69	95.61
13	0.00	0.69	3.69	95.62
14	0.00	0.68	3.67	95.65
15	0.00	0.69	3.77	95.55
16	0.00	0.68	3.80	95.52
17	0.00	0.66	3.72	95.62
18	0.00	1.39	6.83	91.78
19	0.00	1.41	6.87	91.72
20	0.00	1.39	6.82	91.79
21	0.00	1.30	6.66	92.04
22	0.00	1.29	6.65	92.05
23	0.00	1.26	6.63	92.12
24	0.00	1.27	6.68	92.05
25	0.00	1.21	6.53	92.25
26	0.00	1.16	6.43	92.41
27	0.00	1.13	6.33	92.54
28	0.00	1.18	6.61	92.21
29	0.00	1.11	6.50	92.39
30	0.00	1.11	6.60	92.29
31	0.00	1.06	6.43	92.51
32	0.00	1.02	6.40	92.58
33	0.00	0.98	6.36	92.66
34	0.00	0.98	6.40	92.62
35	0.00	0.97	6.47	92.57
36	0.00	0.93	6.41	92.66
37	0.00	0.93	6.46	92.62
38	0.00	0.88	6.38	92.75
39	0.00	0.88	6.39	92.72
40	0.00	0.86	6.38	92.76
41	0.00	0.88	6.45	92.68
42	0.00	0.84	6.36	92.80
43	0.00	0.83	6.24	92.93
44	0.00	0.83	6.27	92.90
45	0.00	0.84	6.25	92.92
46	0.00	0.83	6.25	92.92
47	0.00	0.78	6.22	93.00
48	0.00	0.80	6.19	93.01
49	0.00	0.82	6.16	93.02
50	0.00	0.82	6.22	92.96
51	0.00	0.82	6.11	93.07
52	0.00	0.80	6.12	93.08
53	0.00	0.79	6.02	93.18
54	0.00	0.82	6.14	93.04
55	0.00	0.56	5.28	94.16
56	0.00	0.56	4.70	94.74
57	0.00	0.65	5.11	94.23
58	0.00	0.67	5.35	93.98
59	0.00	0.74	5.60	93.66
60	0.00	0.71	5.51	93.79
61	0.00	0.73	5.63	93.64
62	0.00	0.71	5.48	93.81
63	0.00	0.73	5.70	93.57
64	0.00	0.71	5.62	93.68
65	0.00	0.73	5.71	93.57
66	0.00	0.71	5.68	93.61
67	0.00	0.74	5.81	93.45
68	0.00	0.64	5.49	93.88
69	0.00	0.59	5.19	94.23
70	0.00	0.56	5.00	94.44
71	0.00	0.58	5.10	94.32
72	0.00	0.60	5.18	94.22
73	0.00	0.54	4.94	94.52
74	0.00	0.56	5.02	94.42
75	0.00	0.52	4.93	94.55
76	0.00	0.56	5.05	94.39
77	0.00	0.53	5.02	94.44
78	0.00	0.54	5.03	94.42
79	0.00	0.54	5.06	94.40
80	0.00	0.54	5.06	94.41
81	0.00	0.54	5.14	94.32
82	0.00	0.54	5.12	94.34
83	0.00	0.56	5.29	94.15
84	0.00	0.54	5.20	94.26
85	0.00	0.55	5.16	94.29
86	0.00	0.58	5.40	94.02
87	0.00	0.57	5.35	94.08
88	0.00	0.58	5.43	93.99
89	0.00	0.61	5.51	93.88
90	0.00	0.66	5.72	93.63
91	0.00	0.67	5.81	93.52
92	0.00	0.69	5.97	93.34
93	0.00	0.69	5.96	93.35
94	0.00	0.74	6.16	93.10
95	0.00	0.76	6.33	92.90
96	0.00	0.71	6.14	93.16
97	0.00	0.74	6.23	93.04
98	0.00	0.72	6.32	92.96
99	0.00	0.77	6.59	92.64
100	0.00	0.86	6.82	92.32




