Parameters
	Library type	Paired-end
	Input files	KU330797-16_C_L004_R1_019.trimmed.fastq.gz	KU330797-16_C_L004_R2_019.trimmed.fastq.gz
	Primer/Adaptor library	NA
	Cut-off read length for HQ	70%
	Cut-off quality score	20
	Only statistics	On
	Number of CPUs	2


QC statistics
	File name	KU330797-16_C_L004_R1_019.trimmed.fastq.gz	KU330797-16_C_L004_R2_019.trimmed.fastq.gz
	Total number of reads	4000000	4000000
	Total number of HQ reads	3987862	3987862
	Percentage of HQ reads	99.70%	99.70%
	Total number of bases	370954138	367753771
	Total number of bases in HQ reads	370242833	367566506
	Total number of HQ bases in HQ reads	368571119	365863779
	Percentage of HQ bases in HQ reads	99.55%	99.54%
	Number of Primer/Adaptor contaminated HQ reads	NA	NA
	Total number of HQ filtered reads	3987862	3987862
	Percentage of HQ filtered reads	99.70%	99.70%


Detailed QC statistics
	File name	KU330797-16_C_L004_R1_019.trimmed.fastq.gz	KU330797-16_C_L004_R2_019.trimmed.fastq.gz
	Minimum read length	1	1
	Maximum read length	100	100
	Average read length	92.74	91.94
	Total number of reads	4000000	4000000
	Total number of reads with non-ATGC bases	103	3561
	Percentage of reads with non-ATGC bases	0.00%	0.09%
	Total number of bases	370954138	367753771
	Total number of HQ bases	369254765	365996406
	Percentage of HQ bases	99.54%	99.52%
	Total number of non-ATGC bases	103	3561
	Percentage of non-ATGC bases	0.00%	0.00%


Average quality score at each base position of input reads

KU330797-16_C_L004_R1_019.trimmed.fastq.gz
32.37	32.77	32.91	36.22	36.17	36.17	36.15	36.17	37.88	37.85	37.81	37.80	37.80	39.23	39.22	39.15	39.11	39.09	39.11	39.05	39.01	38.95	38.82	38.80	38.71	38.64	38.57	38.44	38.36	38.24	38.14	38.02	37.91	37.83	37.70	37.59	37.45	37.30	37.18	37.04	36.92	37.02	36.97	36.91	36.84	36.74	36.63	36.49	36.37	36.33	36.28	36.19	36.07	35.94	35.81	35.66	35.50	35.36	35.20	35.04	34.86	34.69	34.46	34.31	34.11	33.87	33.66	33.45	33.25	32.89	32.64	32.37	32.07	31.50	31.44	30.36	30.73	30.87	30.80	30.62	30.43	30.23	30.01	29.81	29.56	29.32	29.13	28.98	28.82	28.64	28.48	28.28	28.16	27.99	27.84	27.67	27.51	27.36	27.20	25.98	

KU330797-16_C_L004_R2_019.trimmed.fastq.gz
35.85	36.33	36.50	36.57	31.88	32.39	32.57	35.86	35.84	35.86	35.84	35.80	37.38	37.34	37.30	37.24	37.19	38.54	38.46	38.43	38.34	38.30	38.28	38.21	38.16	38.03	37.97	37.91	37.78	37.73	37.64	37.54	37.44	37.37	37.26	37.16	37.04	36.92	36.82	36.74	36.63	36.52	36.44	36.31	36.20	36.06	36.10	36.05	35.99	35.88	35.78	35.59	35.48	35.36	34.29	34.65	34.83	34.87	34.82	34.69	34.53	34.35	34.17	34.03	33.89	33.74	33.54	33.49	33.39	33.23	33.09	32.97	32.80	32.62	32.43	32.23	31.99	31.79	31.57	31.35	31.13	30.90	30.70	30.48	30.27	30.05	29.87	29.66	29.47	29.29	29.12	28.94	28.76	28.59	28.42	28.29	28.06	27.88	27.73	27.61	





Read count (%) per base for different quality score ranges

	KU330797-16_C_L004_R1_019.trimmed.fastq.gz
Ranges	0-10	11-20	21-30	31-40
Base
1	0.00	0.97	8.39	90.63
2	0.00	0.49	7.00	92.51
3	0.00	0.39	6.36	93.26
4	0.00	0.34	2.62	97.03
5	0.00	0.38	2.88	96.74
6	0.00	0.41	2.92	96.67
7	0.00	0.43	3.02	96.55
8	0.00	0.40	2.88	96.72
9	0.00	0.39	2.88	96.73
10	0.00	0.42	2.99	96.59
11	0.00	0.44	3.08	96.48
12	0.00	0.44	3.09	96.47
13	0.00	0.44	3.09	96.48
14	0.00	0.95	5.64	93.42
15	0.00	0.94	5.59	93.47
16	0.00	0.97	5.72	93.31
17	0.00	0.99	5.74	93.27
18	0.00	0.96	5.61	93.43
19	0.00	0.97	5.67	93.36
20	0.00	0.98	5.75	93.27
21	0.00	0.96	5.69	93.35
22	0.00	0.96	5.68	93.35
23	0.00	1.01	5.90	93.09
24	0.00	0.99	5.88	93.14
25	0.00	0.99	5.92	93.09
26	0.00	0.99	5.80	93.20
27	0.00	0.95	5.74	93.31
28	0.00	0.97	5.93	93.10
29	0.00	0.92	5.83	93.25
30	0.00	0.92	5.93	93.15
31	0.00	0.89	5.92	93.19
32	0.00	0.88	5.96	93.16
33	0.00	0.87	6.00	93.13
34	0.00	0.81	5.87	93.32
35	0.00	0.83	6.01	93.16
36	0.00	0.82	6.00	93.18
37	0.00	0.82	6.04	93.14
38	0.00	0.83	6.07	93.11
39	0.00	0.81	6.00	93.19
40	0.00	0.80	5.99	93.21
41	0.00	0.81	5.91	93.28
42	0.00	0.76	5.89	93.35
43	0.00	0.78	5.89	93.32
44	0.00	0.76	5.84	93.40
45	0.00	0.77	5.76	93.47
46	0.00	0.75	5.78	93.47
47	0.00	0.77	5.76	93.47
48	0.00	0.79	5.90	93.31
49	0.00	0.80	5.90	93.31
50	0.00	0.75	5.77	93.48
51	0.00	0.72	5.46	93.83
52	0.00	0.70	5.31	93.99
53	0.00	0.70	5.35	93.95
54	0.00	0.69	5.31	94.00
55	0.00	0.69	5.30	94.01
56	0.00	0.68	5.28	94.05
57	0.00	0.69	5.30	94.01
58	0.00	0.66	5.21	94.13
59	0.00	0.65	5.29	94.06
60	0.00	0.64	5.18	94.19
61	0.00	0.65	5.24	94.10
62	0.00	0.64	5.23	94.14
63	0.00	0.68	5.45	93.87
64	0.00	0.63	5.31	94.06
65	0.00	0.64	5.37	93.99
66	0.00	0.68	5.59	93.74
67	0.00	0.67	5.59	93.74
68	0.00	0.67	5.62	93.71
69	0.00	0.63	5.54	93.83
70	0.00	0.75	6.12	93.13
71	0.00	0.74	6.21	93.04
72	0.00	0.76	6.38	92.86
73	0.00	0.74	6.42	92.84
74	0.00	0.96	7.87	91.16
75	0.00	0.74	6.88	92.38
76	0.00	0.73	10.31	88.96
77	0.00	0.62	7.20	92.17
78	0.00	0.59	6.09	93.32
79	0.00	0.57	5.75	93.68
80	0.00	0.59	5.69	93.71
81	0.00	0.59	5.64	93.77
82	0.00	0.58	5.60	93.82
83	0.00	0.62	5.75	93.62
84	0.00	0.62	5.82	93.56
85	0.00	0.70	6.19	93.11
86	0.00	0.77	6.55	92.68
87	0.00	0.77	6.64	92.59
88	0.00	0.75	6.54	92.70
89	0.00	0.77	6.51	92.72
90	0.00	0.80	6.75	92.45
91	0.00	0.82	6.82	92.36
92	0.00	0.89	7.14	91.97
93	0.00	0.85	7.01	92.14
94	0.00	0.89	7.24	91.86
95	0.00	0.90	7.34	91.77
96	0.00	0.90	7.47	91.63
97	0.00	0.91	7.60	91.49
98	0.00	0.88	7.68	91.44
99	0.00	0.90	7.80	91.30
100	0.00	2.53	15.91	81.56


	KU330797-16_C_L004_R2_019.trimmed.fastq.gz
Ranges	0-10	11-20	21-30	31-40
Base
1	0.09	1.97	3.74	94.20
2	0.00	0.94	2.70	96.35
3	0.00	0.59	2.11	97.30
4	0.00	0.50	1.88	97.61
5	0.00	0.94	12.23	86.83
6	0.00	0.73	8.57	90.71
7	0.00	0.70	7.98	91.31
8	0.00	0.67	3.73	95.60
9	0.00	0.68	3.89	95.43
10	0.00	0.69	3.70	95.60
11	0.00	0.69	3.73	95.58
12	0.00	0.70	3.75	95.55
13	0.00	0.68	3.75	95.57
14	0.00	0.68	3.76	95.56
15	0.00	0.67	3.75	95.58
16	0.00	0.68	3.82	95.50
17	0.00	0.68	3.83	95.49
18	0.00	1.35	6.66	91.98
19	0.00	1.35	6.70	91.95
20	0.00	1.29	6.59	92.12
21	0.00	1.28	6.65	92.07
22	0.00	1.24	6.46	92.30
23	0.00	1.25	6.59	92.16
24	0.00	1.22	6.45	92.32
25	0.00	1.15	6.33	92.52
26	0.00	1.18	6.48	92.34
27	0.00	1.14	6.30	92.56
28	0.00	1.16	6.53	92.31
29	0.00	1.16	6.64	92.20
30	0.00	1.07	6.41	92.52
31	0.00	1.06	6.33	92.61
32	0.00	1.02	6.34	92.64
33	0.00	0.98	6.34	92.68
34	0.00	0.93	6.21	92.86
35	0.00	0.92	6.28	92.79
36	0.00	0.89	6.28	92.83
37	0.00	0.90	6.39	92.71
38	0.00	0.88	6.40	92.72
39	0.00	0.86	6.38	92.76
40	0.00	0.84	6.24	92.93
41	0.00	0.84	6.26	92.90
42	0.00	0.83	6.29	92.87
43	0.00	0.80	6.13	93.07
44	0.00	0.83	6.20	92.97
45	0.00	0.81	6.15	93.04
46	0.00	0.84	6.18	92.98
47	0.00	0.80	6.16	93.04
48	0.00	0.77	6.02	93.21
49	0.00	0.76	5.91	93.34
50	0.00	0.79	5.99	93.22
51	0.00	0.74	5.82	93.44
52	0.00	0.78	6.03	93.19
53	0.00	0.76	5.83	93.41
54	0.00	0.73	5.77	93.50
55	0.00	0.52	5.23	94.25
56	0.00	0.51	4.41	95.08
57	0.00	0.60	4.88	94.52
58	0.00	0.65	5.19	94.16
59	0.00	0.67	5.27	94.06
60	0.00	0.68	5.37	93.94
61	0.00	0.71	5.43	93.85
62	0.00	0.74	5.64	93.62
63	0.00	0.73	5.77	93.50
64	0.00	0.71	5.65	93.64
65	0.00	0.69	5.55	93.76
66	0.00	0.67	5.48	93.86
67	0.00	0.69	5.59	93.72
68	0.00	0.60	5.29	94.11
69	0.00	0.58	5.11	94.31
70	0.00	0.59	5.12	94.29
71	0.00	0.56	4.99	94.45
72	0.00	0.52	4.75	94.74
73	0.00	0.52	4.75	94.73
74	0.00	0.50	4.70	94.79
75	0.00	0.50	4.76	94.75
76	0.00	0.49	4.77	94.73
77	0.00	0.51	4.91	94.57
78	0.00	0.50	4.88	94.62
79	0.00	0.51	4.99	94.50
80	0.00	0.51	5.00	94.50
81	0.00	0.51	5.02	94.46
82	0.00	0.52	5.07	94.42
83	0.00	0.50	5.02	94.48
84	0.00	0.53	5.11	94.36
85	0.00	0.52	5.10	94.38
86	0.00	0.54	5.24	94.22
87	0.00	0.54	5.15	94.31
88	0.00	0.57	5.35	94.08
89	0.00	0.59	5.45	93.96
90	0.00	0.62	5.56	93.83
91	0.00	0.62	5.61	93.77
92	0.00	0.65	5.78	93.57
93	0.00	0.69	5.94	93.37
94	0.00	0.71	6.10	93.18
95	0.00	0.74	6.23	93.03
96	0.00	0.70	6.13	93.17
97	0.00	0.71	6.23	93.06
98	0.00	0.72	6.35	92.93
99	0.00	0.73	6.51	92.76
100	0.00	0.79	6.64	92.57




