Parameters
	Library type	Paired-end
	Input files	KU330797-16_C_L004_R1_030.trimmed.fastq.gz	KU330797-16_C_L004_R2_030.trimmed.fastq.gz
	Primer/Adaptor library	NA
	Cut-off read length for HQ	70%
	Cut-off quality score	20
	Only statistics	On
	Number of CPUs	2


QC statistics
	File name	KU330797-16_C_L004_R1_030.trimmed.fastq.gz	KU330797-16_C_L004_R2_030.trimmed.fastq.gz
	Total number of reads	4000000	4000000
	Total number of HQ reads	3979474	3979474
	Percentage of HQ reads	99.49%	99.49%
	Total number of bases	357468783	345526826
	Total number of bases in HQ reads	356411276	345193353
	Total number of HQ bases in HQ reads	353876419	342317265
	Percentage of HQ bases in HQ reads	99.29%	99.17%
	Number of Primer/Adaptor contaminated HQ reads	NA	NA
	Total number of HQ filtered reads	3979474	3979474
	Percentage of HQ filtered reads	99.49%	99.49%


Detailed QC statistics
	File name	KU330797-16_C_L004_R1_030.trimmed.fastq.gz	KU330797-16_C_L004_R2_030.trimmed.fastq.gz
	Minimum read length	1	1
	Maximum read length	100	100
	Average read length	89.37	86.38
	Total number of reads	4000000	4000000
	Total number of reads with non-ATGC bases	157	3592
	Percentage of reads with non-ATGC bases	0.00%	0.09%
	Total number of bases	357468783	345526826
	Total number of HQ bases	354878657	342542358
	Percentage of HQ bases	99.28%	99.14%
	Total number of non-ATGC bases	157	3592
	Percentage of non-ATGC bases	0.00%	0.00%


Average quality score at each base position of input reads

KU330797-16_C_L004_R1_030.trimmed.fastq.gz
31.38	32.26	32.55	35.88	35.85	35.89	35.88	35.85	37.40	37.13	37.02	37.16	37.10	38.41	38.41	38.39	38.38	38.35	38.38	38.32	38.26	38.15	38.09	38.02	37.92	37.83	37.72	37.59	37.35	37.28	37.17	37.07	36.78	36.71	36.61	36.47	36.35	36.21	36.00	35.71	35.62	35.71	35.65	35.55	35.48	35.29	35.09	35.00	34.87	34.71	34.51	34.45	34.30	34.01	33.88	33.70	33.57	33.30	33.07	32.89	32.58	32.39	32.24	32.06	31.85	31.59	31.41	31.02	30.80	30.54	30.29	30.02	29.81	29.55	29.28	28.50	28.66	28.67	28.49	28.19	28.00	27.74	27.57	27.40	27.22	26.97	26.80	26.46	26.23	25.92	25.57	25.42	25.28	25.16	24.99	24.83	24.70	24.58	24.41	23.25	

KU330797-16_C_L004_R2_030.trimmed.fastq.gz
34.99	35.78	36.14	36.27	31.56	32.01	32.13	35.24	35.22	35.15	35.11	34.95	36.42	36.40	36.36	36.34	36.24	37.19	37.12	37.08	36.99	36.82	36.84	36.75	36.60	36.41	36.31	36.31	36.24	36.11	35.97	35.83	35.58	35.48	35.43	35.30	35.16	34.97	34.89	34.76	34.64	34.47	34.35	34.20	33.84	33.62	33.72	33.65	33.57	33.37	33.23	33.08	32.95	32.79	31.77	31.73	31.85	31.73	31.61	31.49	31.29	31.11	31.00	30.82	30.43	30.28	30.13	29.86	29.77	29.69	29.50	29.33	29.22	28.82	28.59	28.39	28.25	28.04	27.77	27.57	27.28	26.76	26.53	26.39	26.19	25.99	25.73	25.57	25.31	25.17	24.87	24.73	24.52	24.36	24.24	24.13	23.89	23.75	23.60	23.50	





Read count (%) per base for different quality score ranges

	KU330797-16_C_L004_R1_030.trimmed.fastq.gz
Ranges	0-10	11-20	21-30	31-40
Base
1	0.00	3.39	14.32	82.29
2	0.00	1.14	11.13	87.72
3	0.00	0.85	10.04	89.11
4	0.00	0.67	4.22	95.12
5	0.00	0.68	4.70	94.62
6	0.00	0.67	4.55	94.78
7	0.00	0.68	4.62	94.70
8	0.00	0.72	4.79	94.49
9	0.00	0.68	4.62	94.70
10	0.00	1.60	4.95	93.45
11	0.00	1.76	5.30	92.94
12	0.00	1.15	5.02	93.82
13	0.00	1.32	5.18	93.50
14	0.00	1.77	7.17	91.05
15	0.00	1.64	7.23	91.14
16	0.00	1.55	7.31	91.14
17	0.00	1.43	7.32	91.25
18	0.00	1.34	7.27	91.39
19	0.00	1.29	7.31	91.40
20	0.00	1.29	7.37	91.34
21	0.00	1.28	7.32	91.40
22	0.00	1.30	7.42	91.27
23	0.00	1.27	7.34	91.39
24	0.00	1.30	7.48	91.22
25	0.00	1.27	7.52	91.21
26	0.00	1.26	7.41	91.33
27	0.00	1.26	7.45	91.30
28	0.00	1.25	7.43	91.31
29	0.00	1.65	7.77	90.58
30	0.00	1.37	7.68	90.95
31	0.00	1.22	7.66	91.11
32	0.00	1.15	7.56	91.29
33	0.00	1.62	8.03	90.35
34	0.00	1.31	7.87	90.83
35	0.00	1.18	7.79	91.03
36	0.00	1.16	7.76	91.08
37	0.00	1.11	7.69	91.20
38	0.00	1.10	7.68	91.23
39	0.00	1.13	7.95	90.91
40	0.00	1.53	8.16	90.31
41	0.00	1.20	8.00	90.80
42	0.00	1.22	7.66	91.12
43	0.00	1.07	7.64	91.29
44	0.00	1.04	7.59	91.38
45	0.00	1.00	7.36	91.64
46	0.00	1.04	7.61	91.35
47	0.00	1.47	7.46	91.06
48	0.00	1.20	7.58	91.22
49	0.00	1.13	7.54	91.33
50	0.00	1.40	7.42	91.18
51	0.00	1.17	7.43	91.40
52	0.00	0.94	7.01	92.05
53	0.00	0.93	6.93	92.13
54	0.00	0.89	6.76	92.34
55	0.00	0.86	6.61	92.54
56	0.00	0.87	6.67	92.46
57	0.00	0.83	6.49	92.68
58	0.00	0.91	6.90	92.19
59	0.00	0.84	6.68	92.47
60	0.00	0.84	6.64	92.52
61	0.00	0.80	6.50	92.70
62	0.00	0.79	6.49	92.72
63	0.00	0.78	6.37	92.85
64	0.00	0.77	6.39	92.85
65	0.00	0.76	6.44	92.80
66	0.00	0.81	6.71	92.47
67	0.00	0.78	6.66	92.56
68	0.00	0.77	6.67	92.55
69	0.00	0.78	6.74	92.48
70	0.00	0.82	6.95	92.23
71	0.00	0.82	7.09	92.09
72	0.00	0.75	6.84	92.41
73	0.00	0.73	6.77	92.50
74	0.00	0.75	6.89	92.36
75	0.00	0.78	7.15	92.07
76	0.00	0.71	9.46	89.83
77	0.00	0.67	7.49	91.84
78	0.00	0.65	6.85	92.50
79	0.00	0.72	6.89	92.39
80	0.00	0.86	6.76	92.38
81	0.00	0.75	6.87	92.38
82	0.00	0.83	7.27	91.90
83	0.00	0.77	7.07	92.16
84	0.00	0.75	7.01	92.23
85	0.00	0.76	7.05	92.19
86	0.00	0.87	7.54	91.60
87	0.00	0.86	7.56	91.58
88	0.00	1.00	7.56	91.43
89	0.00	1.08	7.85	91.07
90	0.00	1.02	7.97	91.01
91	0.00	0.98	7.95	91.08
92	0.00	0.99	8.06	90.95
93	0.00	0.99	8.11	90.90
94	0.00	0.96	7.99	91.05
95	0.00	1.02	8.27	90.71
96	0.00	1.03	8.39	90.58
97	0.00	1.00	8.40	90.61
98	0.00	0.91	8.30	90.79
99	0.00	0.97	8.46	90.57
100	0.00	2.79	16.98	80.23


	KU330797-16_C_L004_R2_030.trimmed.fastq.gz
Ranges	0-10	11-20	21-30	31-40
Base
1	0.09	4.52	7.37	88.03
2	0.00	1.85	5.08	93.08
3	0.00	1.17	3.85	94.98
4	0.00	1.02	3.44	95.55
5	0.00	1.80	17.48	80.72
6	0.00	1.39	13.27	85.34
7	0.00	1.40	12.75	85.85
8	0.00	1.44	6.44	92.12
9	0.00	1.37	6.54	92.10
10	0.00	1.71	6.32	91.97
11	0.00	1.56	6.60	91.84
12	0.00	1.81	6.93	91.26
13	0.00	1.42	6.33	92.25
14	0.00	1.36	6.17	92.46
15	0.00	1.25	6.18	92.56
16	0.00	1.17	6.03	92.80
17	0.00	1.18	6.12	92.70
18	0.00	2.63	8.95	88.42
19	0.00	2.11	9.08	88.81
20	0.00	1.84	8.74	89.42
21	0.00	1.77	8.61	89.61
22	0.00	2.11	8.65	89.24
23	0.00	1.85	8.73	89.42
24	0.00	1.69	8.60	89.71
25	0.00	1.68	8.63	89.69
26	0.00	2.27	8.48	89.25
27	0.00	1.85	8.63	89.51
28	0.00	1.61	8.41	89.98
29	0.00	1.50	8.23	90.27
30	0.00	1.48	8.30	90.22
31	0.00	1.42	8.28	90.30
32	0.00	1.46	8.32	90.22
33	0.00	1.84	8.47	89.69
34	0.00	1.47	8.47	90.06
35	0.00	1.32	8.08	90.60
36	0.00	1.25	8.03	90.73
37	0.00	1.22	8.09	90.69
38	0.00	1.22	8.35	90.43
39	0.00	1.14	8.04	90.82
40	0.00	1.13	8.09	90.77
41	0.00	1.11	7.99	90.90
42	0.00	1.13	8.08	90.79
43	0.00	1.08	7.97	90.95
44	0.00	1.08	7.95	90.97
45	0.00	1.72	8.46	89.82
46	0.00	1.76	8.68	89.55
47	0.00	1.33	8.16	90.50
48	0.00	1.26	7.96	90.78
49	0.00	1.19	7.83	90.98
50	0.00	1.25	8.15	90.60
51	0.00	1.11	7.87	91.02
52	0.00	1.05	7.76	91.19
53	0.00	0.99	7.53	91.48
54	0.00	0.98	7.48	91.54
55	0.00	0.75	7.01	92.24
56	0.00	0.80	6.26	92.95
57	0.00	0.86	6.54	92.60
58	0.00	1.03	6.70	92.27
59	0.00	0.99	7.00	92.00
60	0.00	0.93	6.91	92.16
61	0.00	1.04	6.86	92.10
62	0.00	0.96	7.02	92.01
63	0.00	0.88	6.80	92.33
64	0.00	0.88	6.80	92.32
65	0.00	1.17	7.33	91.50
66	0.00	0.99	7.15	91.86
67	0.00	0.92	6.99	92.09
68	0.00	1.07	6.89	92.04
69	0.00	0.87	6.60	92.54
70	0.00	0.77	6.28	92.95
71	0.00	0.78	6.45	92.76
72	0.00	0.78	6.44	92.79
73	0.00	0.69	6.12	93.19
74	0.00	0.99	6.49	92.52
75	0.00	0.80	6.42	92.79
76	0.00	0.73	6.53	92.74
77	0.00	0.67	6.22	93.11
78	0.00	0.66	6.33	93.00
79	0.00	0.62	6.10	93.28
80	0.00	0.63	6.22	93.15
81	0.00	0.72	6.67	92.61
82	0.00	1.10	7.22	91.69
83	0.00	0.79	7.09	92.12
84	0.00	0.69	6.71	92.59
85	0.00	0.73	6.83	92.44
86	0.00	0.75	6.94	92.32
87	0.00	0.87	7.45	91.69
88	0.00	0.79	7.35	91.86
89	0.00	0.82	7.34	91.84
90	0.00	0.78	7.20	92.02
91	0.00	0.83	7.35	91.81
92	0.00	0.80	7.24	91.95
93	0.00	0.81	7.18	92.01
94	0.00	0.85	7.36	91.79
95	0.00	0.81	7.24	91.95
96	0.00	0.76	6.97	92.27
97	0.00	0.86	7.47	91.67
98	0.00	0.85	7.57	91.58
99	0.00	0.89	7.85	91.26
100	0.00	0.95	7.91	91.15




