Parameters
	Library type	Paired-end
	Input files	KU330797-16_C_L004_R1_041.trimmed.fastq.gz	KU330797-16_C_L004_R2_041.trimmed.fastq.gz
	Primer/Adaptor library	NA
	Cut-off read length for HQ	70%
	Cut-off quality score	20
	Only statistics	On
	Number of CPUs	2


QC statistics
	File name	KU330797-16_C_L004_R1_041.trimmed.fastq.gz	KU330797-16_C_L004_R2_041.trimmed.fastq.gz
	Total number of reads	4000000	4000000
	Total number of HQ reads	3984836	3984836
	Percentage of HQ reads	99.62%	99.62%
	Total number of bases	370749509	365322525
	Total number of bases in HQ reads	369894873	365121981
	Total number of HQ bases in HQ reads	368269258	363352907
	Percentage of HQ bases in HQ reads	99.56%	99.52%
	Number of Primer/Adaptor contaminated HQ reads	NA	NA
	Total number of HQ filtered reads	3984836	3984836
	Percentage of HQ filtered reads	99.62%	99.62%


Detailed QC statistics
	File name	KU330797-16_C_L004_R1_041.trimmed.fastq.gz	KU330797-16_C_L004_R2_041.trimmed.fastq.gz
	Minimum read length	1	1
	Maximum read length	100	100
	Average read length	92.69	91.33
	Total number of reads	4000000	4000000
	Total number of reads with non-ATGC bases	130	5634
	Percentage of reads with non-ATGC bases	0.00%	0.14%
	Total number of bases	370749509	365322525
	Total number of HQ bases	369091993	363492776
	Percentage of HQ bases	99.55%	99.50%
	Total number of non-ATGC bases	130	5634
	Percentage of non-ATGC bases	0.00%	0.00%


Average quality score at each base position of input reads

KU330797-16_C_L004_R1_041.trimmed.fastq.gz
32.35	32.78	32.91	36.23	36.16	36.17	36.17	36.15	37.85	37.86	37.85	37.84	37.81	39.22	39.20	39.16	39.13	39.10	39.08	39.04	39.00	38.91	38.85	38.79	38.71	38.64	38.57	38.46	38.35	38.25	38.14	38.03	37.94	37.80	37.67	37.56	37.41	37.27	37.16	37.02	36.89	36.93	36.86	36.78	36.71	36.61	36.51	36.38	36.24	36.24	36.21	36.11	36.00	35.87	35.71	35.58	35.45	35.26	35.11	34.96	34.77	34.62	34.44	34.26	34.08	33.90	33.68	33.43	33.19	32.94	32.73	32.48	32.26	31.97	31.75	30.95	31.10	31.11	30.96	30.76	30.59	30.36	30.12	29.91	29.71	29.51	29.32	29.14	28.95	28.75	28.60	28.44	28.28	28.14	27.98	27.83	27.64	27.51	27.37	26.26	

KU330797-16_C_L004_R2_041.trimmed.fastq.gz
35.99	36.33	36.48	36.55	31.23	31.84	32.26	35.76	35.78	35.78	35.76	35.74	37.33	37.29	37.22	37.16	37.12	38.48	38.38	38.35	38.25	38.15	38.16	38.07	37.98	37.86	37.79	37.76	37.68	37.58	37.49	37.37	37.29	37.18	37.08	37.00	36.88	36.79	36.67	36.56	36.45	36.35	36.22	36.14	35.98	35.87	35.89	35.83	35.73	35.63	35.49	35.34	35.24	35.09	34.18	34.42	34.56	34.55	34.45	34.34	34.17	33.99	33.86	33.69	33.54	33.37	33.14	33.12	33.05	32.88	32.78	32.64	32.48	32.31	32.10	31.91	31.66	31.47	31.26	31.04	30.81	30.59	30.36	30.15	29.94	29.72	29.51	29.30	29.15	28.95	28.76	28.58	28.42	28.23	28.07	27.91	27.64	27.45	27.31	27.16	





Read count (%) per base for different quality score ranges

	KU330797-16_C_L004_R1_041.trimmed.fastq.gz
Ranges	0-10	11-20	21-30	31-40
Base
1	0.00	1.07	8.27	90.66
2	0.00	0.51	6.90	92.59
3	0.00	0.40	6.41	93.19
4	0.00	0.34	2.56	97.10
5	0.00	0.39	2.94	96.67
6	0.00	0.40	2.88	96.72
7	0.00	0.42	2.91	96.67
8	0.00	0.42	2.96	96.62
9	0.00	0.42	3.01	96.57
10	0.00	0.41	2.94	96.65
11	0.00	0.42	2.94	96.64
12	0.00	0.42	2.98	96.60
13	0.00	0.43	3.06	96.50
14	0.00	0.99	5.80	93.21
15	0.00	0.97	5.72	93.30
16	0.00	0.99	5.79	93.21
17	0.00	1.01	5.77	93.22
18	0.00	0.99	5.75	93.26
19	0.00	1.02	5.92	93.06
20	0.00	1.02	5.84	93.14
21	0.00	0.99	5.87	93.14
22	0.00	1.04	5.97	93.00
23	0.00	1.02	5.88	93.11
24	0.00	1.05	6.09	92.86
25	0.00	1.02	6.04	92.94
26	0.00	1.03	5.92	93.05
27	0.00	0.99	5.84	93.17
28	0.00	0.98	5.92	93.09
29	0.00	0.96	5.96	93.08
30	0.00	0.93	5.96	93.11
31	0.00	0.91	5.96	93.12
32	0.00	0.89	5.98	93.13
33	0.00	0.87	5.93	93.20
34	0.00	0.88	6.12	93.00
35	0.00	0.89	6.15	92.97
36	0.00	0.86	6.10	93.04
37	0.00	0.87	6.18	92.95
38	0.00	0.87	6.19	92.94
39	0.00	0.83	6.07	93.11
40	0.00	0.84	6.09	93.07
41	0.00	0.85	6.09	93.07
42	0.00	0.84	6.21	92.95
43	0.00	0.84	6.18	92.99
44	0.00	0.85	6.13	93.02
45	0.00	0.83	6.01	93.16
46	0.00	0.83	5.98	93.19
47	0.00	0.80	5.95	93.25
48	0.00	0.82	5.99	93.20
49	0.00	0.84	6.01	93.15
50	0.00	0.77	5.79	93.43
51	0.00	0.74	5.54	93.72
52	0.00	0.72	5.47	93.81
53	0.00	0.71	5.41	93.88
54	0.00	0.71	5.36	93.93
55	0.00	0.73	5.44	93.83
56	0.00	0.70	5.34	93.96
57	0.00	0.68	5.23	94.10
58	0.00	0.71	5.33	93.96
59	0.00	0.68	5.32	94.00
60	0.00	0.65	5.19	94.16
61	0.00	0.67	5.30	94.02
62	0.00	0.66	5.19	94.16
63	0.00	0.65	5.21	94.14
64	0.00	0.64	5.22	94.14
65	0.00	0.63	5.22	94.15
66	0.00	0.62	5.17	94.21
67	0.00	0.64	5.32	94.04
68	0.00	0.66	5.47	93.87
69	0.00	0.65	5.54	93.80
70	0.00	0.61	5.36	94.03
71	0.00	0.61	5.39	94.01
72	0.00	0.64	5.54	93.82
73	0.00	0.61	5.53	93.85
74	0.00	0.66	5.84	93.50
75	0.00	0.63	5.77	93.60
76	0.00	0.58	7.64	91.77
77	0.00	0.53	5.98	93.48
78	0.00	0.53	5.46	94.01
79	0.00	0.54	5.33	94.12
80	0.00	0.57	5.34	94.10
81	0.00	0.53	5.18	94.30
82	0.00	0.57	5.35	94.08
83	0.00	0.62	5.61	93.77
84	0.00	0.64	5.71	93.65
85	0.00	0.65	5.82	93.53
86	0.00	0.66	5.89	93.45
87	0.00	0.70	6.01	93.30
88	0.00	0.72	6.12	93.15
89	0.00	0.76	6.34	92.90
90	0.00	0.82	6.64	92.53
91	0.00	0.82	6.70	92.48
92	0.00	0.84	6.82	92.34
93	0.00	0.85	6.90	92.26
94	0.00	0.84	6.91	92.25
95	0.00	0.89	7.09	92.02
96	0.00	0.86	7.16	91.97
97	0.00	0.92	7.43	91.65
98	0.00	0.86	7.45	91.70
99	0.00	0.87	7.47	91.66
100	0.00	2.26	14.67	83.07


	KU330797-16_C_L004_R2_041.trimmed.fastq.gz
Ranges	0-10	11-20	21-30	31-40
Base
1	0.14	2.07	3.68	94.11
2	0.00	0.98	2.74	96.28
3	0.00	0.62	2.09	97.29
4	0.00	0.52	1.89	97.59
5	0.00	1.37	18.87	79.76
6	0.00	0.83	11.21	87.96
7	0.00	0.72	8.87	90.41
8	0.00	0.69	3.82	95.48
9	0.00	0.68	3.86	95.46
10	0.00	0.74	3.82	95.44
11	0.00	0.73	3.82	95.46
12	0.00	0.72	3.73	95.55
13	0.00	0.69	3.69	95.62
14	0.00	0.69	3.73	95.58
15	0.00	0.70	3.79	95.51
16	0.00	0.70	3.83	95.47
17	0.00	0.68	3.80	95.51
18	0.00	1.35	6.70	91.95
19	0.00	1.40	6.82	91.78
20	0.00	1.32	6.60	92.07
21	0.00	1.32	6.68	92.00
22	0.00	1.33	6.74	91.94
23	0.00	1.30	6.66	92.03
24	0.00	1.27	6.68	92.05
25	0.00	1.25	6.60	92.16
26	0.00	1.26	6.69	92.05
27	0.00	1.20	6.54	92.25
28	0.00	1.16	6.62	92.22
29	0.00	1.15	6.54	92.31
30	0.00	1.12	6.52	92.36
31	0.00	1.08	6.47	92.46
32	0.00	1.05	6.47	92.48
33	0.00	1.01	6.38	92.61
34	0.00	0.98	6.38	92.64
35	0.00	0.97	6.41	92.62
36	0.00	0.91	6.28	92.81
37	0.00	0.90	6.36	92.73
38	0.00	0.86	6.31	92.83
39	0.00	0.88	6.38	92.74
40	0.00	0.87	6.41	92.72
41	0.00	0.86	6.36	92.78
42	0.00	0.84	6.31	92.84
43	0.00	0.85	6.34	92.81
44	0.00	0.81	6.09	93.10
45	0.00	0.86	6.33	92.81
46	0.00	0.84	6.20	92.96
47	0.00	0.79	6.20	93.01
48	0.00	0.80	6.16	93.04
49	0.00	0.81	6.15	93.04
50	0.00	0.80	6.12	93.08
51	0.00	0.80	6.02	93.18
52	0.00	0.81	6.09	93.10
53	0.00	0.76	5.86	93.38
54	0.00	0.78	5.94	93.28
55	0.00	0.53	5.13	94.34
56	0.00	0.56	4.62	94.81
57	0.00	0.64	5.10	94.26
58	0.00	0.68	5.31	94.01
59	0.00	0.73	5.57	93.70
60	0.00	0.71	5.52	93.76
61	0.00	0.74	5.61	93.65
62	0.00	0.77	5.72	93.51
63	0.00	0.73	5.65	93.62
64	0.00	0.72	5.70	93.58
65	0.00	0.72	5.66	93.62
66	0.00	0.72	5.67	93.62
67	0.00	0.76	5.92	93.32
68	0.00	0.65	5.57	93.77
69	0.00	0.61	5.24	94.16
70	0.00	0.64	5.36	94.00
71	0.00	0.56	5.07	94.38
72	0.00	0.55	4.95	94.50
73	0.00	0.53	4.91	94.56
74	0.00	0.52	4.80	94.68
75	0.00	0.53	4.87	94.60
76	0.00	0.52	4.90	94.58
77	0.00	0.55	5.11	94.34
78	0.00	0.52	5.00	94.47
79	0.00	0.52	4.99	94.49
80	0.00	0.52	4.96	94.53
81	0.00	0.54	5.13	94.33
82	0.00	0.53	5.11	94.36
83	0.00	0.55	5.22	94.23
84	0.00	0.54	5.22	94.25
85	0.00	0.55	5.22	94.23
86	0.00	0.58	5.38	94.04
87	0.00	0.59	5.50	93.90
88	0.00	0.62	5.60	93.78
89	0.00	0.58	5.44	93.98
90	0.00	0.65	5.65	93.70
91	0.00	0.67	5.84	93.49
92	0.00	0.69	5.96	93.35
93	0.00	0.70	6.01	93.29
94	0.00	0.75	6.30	92.96
95	0.00	0.76	6.36	92.88
96	0.00	0.74	6.34	92.92
97	0.00	0.81	6.66	92.54
98	0.00	0.81	6.83	92.36
99	0.00	0.79	6.78	92.43
100	0.00	0.89	7.08	92.03




