Parameters
	Library type	Paired-end
	Input files	KU330797-16_C_L004_R1_016.trimmed.fastq.gz	KU330797-16_C_L004_R2_016.trimmed.fastq.gz
	Primer/Adaptor library	NA
	Cut-off read length for HQ	70%
	Cut-off quality score	20
	Only statistics	On
	Number of CPUs	2


QC statistics
	File name	KU330797-16_C_L004_R1_016.trimmed.fastq.gz	KU330797-16_C_L004_R2_016.trimmed.fastq.gz
	Total number of reads	4000000	4000000
	Total number of HQ reads	3985509	3985509
	Percentage of HQ reads	99.64%	99.64%
	Total number of bases	367064667	358972739
	Total number of bases in HQ reads	366262685	358768153
	Total number of HQ bases in HQ reads	364440310	356750844
	Percentage of HQ bases in HQ reads	99.50%	99.44%
	Number of Primer/Adaptor contaminated HQ reads	NA	NA
	Total number of HQ filtered reads	3985509	3985509
	Percentage of HQ filtered reads	99.64%	99.64%


Detailed QC statistics
	File name	KU330797-16_C_L004_R1_016.trimmed.fastq.gz	KU330797-16_C_L004_R2_016.trimmed.fastq.gz
	Minimum read length	1	1
	Maximum read length	100	100
	Average read length	91.77	89.74
	Total number of reads	4000000	4000000
	Total number of reads with non-ATGC bases	59	3138
	Percentage of reads with non-ATGC bases	0.00%	0.08%
	Total number of bases	367064667	358972739
	Total number of HQ bases	365209234	356882706
	Percentage of HQ bases	99.49%	99.42%
	Total number of non-ATGC bases	59	3138
	Percentage of non-ATGC bases	0.00%	0.00%


Average quality score at each base position of input reads

KU330797-16_C_L004_R1_016.trimmed.fastq.gz
32.35	32.75	32.90	36.21	36.13	36.16	36.11	36.11	37.83	37.84	37.80	37.80	37.78	39.22	39.14	39.05	39.04	39.05	39.04	39.02	38.85	38.78	38.73	38.71	38.65	38.53	38.43	38.26	38.13	38.05	37.89	37.84	37.70	37.61	37.43	37.32	37.15	36.94	36.88	36.69	36.57	36.61	36.58	36.53	36.46	36.32	36.14	36.03	35.90	35.96	35.87	35.79	35.60	35.39	35.28	35.15	34.93	34.81	34.66	34.42	34.25	34.06	33.86	33.65	33.47	33.28	33.06	32.81	32.61	32.24	32.00	31.74	31.38	30.82	30.73	29.70	30.06	30.16	30.10	29.87	29.73	29.53	29.26	29.04	28.82	28.54	28.37	28.21	27.98	27.80	27.63	27.48	27.30	27.10	26.94	26.80	26.63	26.44	26.21	24.96	

KU330797-16_C_L004_R2_016.trimmed.fastq.gz
35.56	36.18	36.38	36.46	31.91	32.32	32.51	35.69	35.65	35.67	35.62	35.56	37.12	37.07	36.98	36.93	36.92	38.17	37.98	37.80	37.86	37.79	37.70	37.67	37.55	37.50	37.39	37.32	37.15	37.07	36.95	36.83	36.70	36.63	36.54	36.39	36.30	36.13	35.98	35.89	35.81	35.62	35.55	35.33	35.25	35.09	35.10	34.95	34.85	34.79	34.69	34.44	34.34	34.21	33.18	33.50	33.72	33.67	33.61	33.42	33.28	33.12	32.94	32.72	32.60	32.39	32.24	32.24	32.12	32.00	31.86	31.66	31.32	31.22	31.08	30.87	30.63	30.40	30.21	30.03	29.73	29.56	29.32	29.11	28.88	28.66	28.46	28.24	28.08	27.87	27.67	27.35	27.22	27.04	26.88	26.67	26.36	26.13	26.00	25.81	





Read count (%) per base for different quality score ranges

	KU330797-16_C_L004_R1_016.trimmed.fastq.gz
Ranges	0-10	11-20	21-30	31-40
Base
1	0.00	1.02	8.67	90.31
2	0.00	0.52	7.36	92.13
3	0.00	0.40	6.61	93.00
4	0.00	0.34	2.68	96.98
5	0.00	0.41	3.17	96.42
6	0.00	0.40	2.92	96.68
7	0.00	0.45	3.20	96.34
8	0.00	0.45	3.18	96.37
9	0.00	0.43	3.07	96.50
10	0.00	0.42	3.04	96.55
11	0.00	0.45	3.15	96.39
12	0.00	0.44	3.13	96.44
13	0.00	0.44	3.16	96.40
14	0.00	0.97	5.74	93.29
15	0.00	1.02	6.01	92.97
16	0.00	1.08	6.12	92.80
17	0.00	1.05	5.95	93.00
18	0.00	0.97	5.79	93.24
19	0.00	1.02	5.94	93.04
20	0.00	0.99	5.84	93.17
21	0.00	1.09	6.23	92.67
22	0.00	1.09	6.18	92.73
23	0.00	1.05	6.04	92.91
24	0.00	1.01	6.03	92.96
25	0.00	0.99	6.00	93.01
26	0.00	1.03	6.04	92.93
27	0.00	1.03	6.09	92.88
28	0.00	1.05	6.31	92.64
29	0.00	1.04	6.36	92.59
30	0.00	0.97	6.23	92.80
31	0.00	0.99	6.38	92.63
32	0.00	0.89	6.11	92.99
33	0.00	0.90	6.28	92.82
34	0.00	0.87	6.21	92.92
35	0.00	0.94	6.48	92.59
36	0.00	0.88	6.35	92.77
37	0.00	0.90	6.41	92.68
38	0.00	0.97	6.69	92.34
39	0.00	0.85	6.27	92.88
40	0.00	0.90	6.43	92.67
41	0.00	0.86	6.27	92.87
42	0.00	0.88	6.47	92.65
43	0.00	0.83	6.23	92.94
44	0.00	0.80	6.05	93.15
45	0.00	0.80	5.93	93.27
46	0.00	0.82	6.10	93.07
47	0.00	0.86	6.25	92.88
48	0.00	0.84	6.13	93.02
49	0.00	0.85	6.18	92.97
50	0.00	0.73	5.79	93.48
51	0.00	0.77	5.71	93.52
52	0.00	0.72	5.54	93.73
53	0.00	0.79	5.76	93.45
54	0.00	0.83	6.00	93.17
55	0.00	0.78	5.76	93.47
56	0.00	0.72	5.63	93.65
57	0.00	0.82	5.85	93.33
58	0.00	0.74	5.64	93.63
59	0.00	0.71	5.54	93.75
60	0.00	0.76	5.86	93.38
61	0.00	0.73	5.73	93.54
62	0.00	0.75	5.78	93.48
63	0.00	0.73	5.79	93.48
64	0.00	0.74	5.88	93.39
65	0.00	0.72	5.82	93.46
66	0.00	0.71	5.84	93.45
67	0.00	0.71	5.89	93.39
68	0.00	0.73	6.09	93.18
69	0.00	0.69	5.91	93.40
70	0.00	0.78	6.46	92.76
71	0.00	0.78	6.48	92.75
72	0.00	0.77	6.57	92.66
73	0.00	0.80	6.87	92.33
74	0.00	1.01	8.28	90.71
75	0.00	0.81	7.40	91.79
76	0.00	0.77	10.79	88.44
77	0.00	0.64	7.50	91.86
78	0.00	0.66	6.63	92.71
79	0.00	0.61	6.14	93.25
80	0.00	0.69	6.38	92.93
81	0.00	0.62	6.00	93.38
82	0.00	0.63	5.99	93.38
83	0.00	0.72	6.42	92.87
84	0.00	0.73	6.53	92.74
85	0.00	0.76	6.72	92.51
86	0.00	0.89	7.29	91.82
87	0.00	0.86	7.24	91.90
88	0.00	0.83	7.12	92.05
89	0.00	0.94	7.57	91.49
90	0.00	0.95	7.68	91.37
91	0.00	0.94	7.75	91.31
92	0.00	0.95	7.68	91.37
93	0.00	1.00	7.93	91.07
94	0.00	1.06	8.24	90.70
95	0.00	1.05	8.29	90.66
96	0.00	0.98	8.12	90.90
97	0.00	0.98	8.20	90.82
98	0.00	1.00	8.46	90.54
99	0.00	1.08	8.85	90.07
100	0.00	2.95	17.22	79.83


	KU330797-16_C_L004_R2_016.trimmed.fastq.gz
Ranges	0-10	11-20	21-30	31-40
Base
1	0.08	2.40	4.51	93.01
2	0.00	1.14	3.27	95.59
3	0.00	0.75	2.58	96.67
4	0.00	0.66	2.34	97.00
5	0.00	1.09	12.17	86.74
6	0.00	0.92	9.44	89.64
7	0.00	0.87	8.57	90.56
8	0.00	0.85	4.38	94.77
9	0.00	0.87	4.51	94.62
10	0.00	0.86	4.25	94.88
11	0.00	0.88	4.36	94.76
12	0.00	0.90	4.43	94.67
13	0.00	0.83	4.19	94.98
14	0.00	0.84	4.24	94.93
15	0.00	0.84	4.41	94.75
16	0.00	0.81	4.31	94.88
17	0.00	0.76	4.10	95.14
18	0.00	1.55	7.33	91.12
19	0.00	1.62	7.58	90.80
20	0.00	1.67	7.74	90.58
21	0.00	1.42	7.06	91.51
22	0.00	1.42	7.11	91.47
23	0.00	1.50	7.47	91.03
24	0.00	1.41	7.14	91.45
25	0.00	1.37	7.12	91.51
26	0.00	1.28	6.85	91.87
27	0.00	1.26	6.84	91.90
28	0.00	1.27	6.97	91.77
29	0.00	1.30	7.20	91.50
30	0.00	1.23	6.96	91.82
31	0.00	1.18	6.93	91.89
32	0.00	1.17	6.94	91.89
33	0.00	1.15	7.00	91.85
34	0.00	1.03	6.70	92.27
35	0.00	1.00	6.63	92.37
36	0.00	1.01	6.85	92.14
37	0.00	0.97	6.72	92.30
38	0.00	0.98	6.91	92.11
39	0.00	0.99	6.97	92.04
40	0.00	0.94	6.82	92.24
41	0.00	0.90	6.62	92.48
42	0.00	0.96	6.86	92.18
43	0.00	0.89	6.61	92.50
44	0.00	0.99	6.96	92.05
45	0.00	0.90	6.66	92.44
46	0.00	0.93	6.68	92.39
47	0.00	0.90	6.69	92.42
48	0.00	0.92	6.89	92.19
49	0.00	0.93	6.78	92.29
50	0.00	0.87	6.50	92.63
51	0.00	0.80	6.23	92.96
52	0.00	0.91	6.61	92.48
53	0.00	0.85	6.29	92.86
54	0.00	0.80	6.09	93.11
55	0.00	0.57	5.70	93.73
56	0.00	0.57	4.77	94.66
57	0.00	0.62	4.91	94.47
58	0.00	0.73	5.53	93.74
59	0.00	0.73	5.55	93.72
60	0.00	0.80	5.94	93.26
61	0.00	0.77	5.85	93.38
62	0.00	0.77	5.80	93.43
63	0.00	0.77	5.91	93.32
64	0.00	0.81	6.18	93.01
65	0.00	0.77	5.90	93.33
66	0.00	0.79	6.09	93.11
67	0.00	0.74	5.94	93.32
68	0.00	0.63	5.59	93.78
69	0.00	0.63	5.51	93.86
70	0.00	0.62	5.36	94.01
71	0.00	0.60	5.27	94.13
72	0.00	0.62	5.35	94.03
73	0.00	0.80	6.14	93.07
74	0.00	0.61	5.56	93.82
75	0.00	0.55	5.27	94.18
76	0.00	0.58	5.36	94.06
77	0.00	0.60	5.49	93.92
78	0.00	0.63	5.66	93.71
79	0.00	0.58	5.52	93.89
80	0.00	0.55	5.34	94.11
81	0.00	0.64	5.77	93.60
82	0.00	0.57	5.47	93.96
83	0.00	0.60	5.70	93.70
84	0.00	0.59	5.69	93.72
85	0.00	0.62	5.79	93.59
86	0.00	0.64	5.96	93.39
87	0.00	0.64	6.01	93.34
88	0.00	0.69	6.23	93.08
89	0.00	0.66	6.10	93.24
90	0.00	0.73	6.32	92.95
91	0.00	0.75	6.47	92.78
92	0.00	0.96	7.42	91.63
93	0.00	0.84	7.14	92.02
94	0.00	0.88	7.25	91.88
95	0.00	0.86	7.23	91.91
96	0.00	0.92	7.46	91.62
97	0.00	0.97	7.79	91.25
98	0.00	1.01	8.10	90.89
99	0.00	0.91	7.84	91.24
100	0.00	1.10	8.31	90.59




