Parameters
	Library type	Paired-end
	Input files	KU330797-16_C_L004_R1_004.trimmed.fastq.gz	KU330797-16_C_L004_R2_004.trimmed.fastq.gz
	Primer/Adaptor library	NA
	Cut-off read length for HQ	70%
	Cut-off quality score	20
	Only statistics	On
	Number of CPUs	2


QC statistics
	File name	KU330797-16_C_L004_R1_004.trimmed.fastq.gz	KU330797-16_C_L004_R2_004.trimmed.fastq.gz
	Total number of reads	4000000	4000000
	Total number of HQ reads	3986935	3986935
	Percentage of HQ reads	99.67%	99.67%
	Total number of bases	371400058	364855209
	Total number of bases in HQ reads	370645877	364655722
	Total number of HQ bases in HQ reads	368984610	362813435
	Percentage of HQ bases in HQ reads	99.55%	99.49%
	Number of Primer/Adaptor contaminated HQ reads	NA	NA
	Total number of HQ filtered reads	3986935	3986935
	Percentage of HQ filtered reads	99.67%	99.67%


Detailed QC statistics
	File name	KU330797-16_C_L004_R1_004.trimmed.fastq.gz	KU330797-16_C_L004_R2_004.trimmed.fastq.gz
	Minimum read length	1	1
	Maximum read length	100	100
	Average read length	92.85	91.21
	Total number of reads	4000000	4000000
	Total number of reads with non-ATGC bases	108	3560
	Percentage of reads with non-ATGC bases	0.00%	0.09%
	Total number of bases	371400058	364855209
	Total number of HQ bases	369708771	362952413
	Percentage of HQ bases	99.54%	99.48%
	Total number of non-ATGC bases	108	3560
	Percentage of non-ATGC bases	0.00%	0.00%


Average quality score at each base position of input reads

KU330797-16_C_L004_R1_004.trimmed.fastq.gz
32.30	32.70	32.84	36.15	36.10	36.09	36.09	36.09	37.76	37.74	37.73	37.70	37.71	39.09	39.07	39.05	39.03	38.97	38.98	38.92	38.89	38.84	38.78	38.73	38.64	38.56	38.44	38.35	38.28	38.17	38.10	37.99	37.88	37.78	37.67	37.54	37.44	37.30	37.18	37.03	36.90	36.97	36.94	36.85	36.80	36.67	36.55	36.45	36.35	36.35	36.27	36.18	36.05	35.93	35.78	35.61	35.48	35.35	35.16	34.96	34.78	34.59	34.43	34.26	34.06	33.88	33.71	33.48	33.21	32.82	32.59	32.37	32.12	31.56	31.48	30.42	30.86	30.99	30.90	30.74	30.56	30.37	30.13	29.92	29.73	29.58	29.41	29.25	29.08	28.92	28.75	28.60	28.44	28.29	28.15	27.99	27.84	27.70	27.52	26.37	

KU330797-16_C_L004_R2_004.trimmed.fastq.gz
35.74	36.25	36.44	36.53	32.29	32.54	32.61	35.77	35.76	35.75	35.70	35.68	37.23	37.21	37.15	37.09	37.02	38.35	38.24	38.18	38.10	38.02	38.00	37.90	37.84	37.77	37.69	37.61	37.47	37.43	37.33	37.23	37.13	37.04	36.95	36.83	36.74	36.62	36.46	36.36	36.24	36.16	35.99	35.90	35.82	35.73	35.72	35.64	35.55	35.44	35.32	35.19	35.03	34.86	33.82	34.12	34.38	34.43	34.33	34.20	34.05	33.89	33.74	33.58	33.46	33.28	33.09	33.04	32.94	32.81	32.67	32.51	32.35	32.18	31.98	31.78	31.54	31.34	31.15	30.95	30.68	30.47	30.26	30.01	29.80	29.59	29.38	29.19	29.05	28.89	28.71	28.52	28.34	28.18	28.02	27.89	27.64	27.44	27.29	27.15	





Read count (%) per base for different quality score ranges

	KU330797-16_C_L004_R1_004.trimmed.fastq.gz
Ranges	0-10	11-20	21-30	31-40
Base
1	0.00	1.06	8.91	90.02
2	0.00	0.56	7.51	91.93
3	0.00	0.43	6.91	92.66
4	0.00	0.39	2.93	96.68
5	0.00	0.42	3.24	96.34
6	0.00	0.45	3.25	96.30
7	0.00	0.45	3.24	96.31
8	0.00	0.45	3.21	96.34
9	0.00	0.46	3.25	96.30
10	0.00	0.47	3.34	96.19
11	0.00	0.47	3.33	96.20
12	0.00	0.48	3.42	96.10
13	0.00	0.47	3.36	96.17
14	0.00	1.03	6.09	92.88
15	0.00	1.02	6.06	92.92
16	0.00	1.02	6.00	92.98
17	0.00	1.00	5.99	93.01
18	0.00	1.04	6.11	92.85
19	0.00	1.04	6.17	92.79
20	0.00	1.06	6.19	92.75
21	0.00	1.02	6.10	92.88
22	0.00	1.02	6.08	92.90
23	0.00	1.00	6.09	92.91
24	0.00	1.03	6.25	92.72
25	0.00	1.03	6.30	92.68
26	0.00	1.04	6.20	92.76
27	0.00	1.02	6.18	92.80
28	0.00	1.00	6.23	92.77
29	0.00	0.96	6.19	92.85
30	0.00	0.95	6.28	92.77
31	0.00	0.91	6.22	92.87
32	0.00	0.91	6.31	92.78
33	0.00	0.90	6.38	92.72
34	0.00	0.88	6.38	92.74
35	0.00	0.88	6.38	92.74
36	0.00	0.89	6.48	92.62
37	0.00	0.85	6.37	92.78
38	0.00	0.85	6.41	92.74
39	0.00	0.84	6.29	92.87
40	0.00	0.85	6.43	92.72
41	0.00	0.85	6.38	92.77
42	0.00	0.81	6.37	92.82
43	0.00	0.80	6.30	92.90
44	0.00	0.83	6.36	92.82
45	0.00	0.80	6.13	93.07
46	0.00	0.85	6.26	92.90
47	0.00	0.83	6.32	92.85
48	0.00	0.82	6.26	92.92
49	0.00	0.81	6.11	93.09
50	0.00	0.73	5.87	93.40
51	0.00	0.74	5.80	93.47
52	0.00	0.72	5.63	93.64
53	0.00	0.71	5.60	93.69
54	0.00	0.69	5.50	93.81
55	0.00	0.71	5.59	93.70
56	0.00	0.73	5.62	93.65
57	0.00	0.69	5.49	93.81
58	0.00	0.68	5.42	93.90
59	0.00	0.69	5.53	93.78
60	0.00	0.69	5.57	93.73
61	0.00	0.68	5.56	93.76
62	0.00	0.66	5.54	93.79
63	0.00	0.66	5.50	93.84
64	0.00	0.65	5.47	93.88
65	0.00	0.66	5.54	93.80
66	0.00	0.64	5.52	93.84
67	0.00	0.61	5.46	93.93
68	0.00	0.62	5.56	93.81
69	0.00	0.66	5.73	93.61
70	0.00	0.66	5.81	93.53
71	0.00	0.66	5.82	93.52
72	0.00	0.65	5.83	93.52
73	0.00	0.64	5.93	93.44
74	0.00	0.88	7.43	91.69
75	0.00	0.71	6.58	92.71
76	0.00	0.65	9.87	89.48
77	0.00	0.51	6.56	92.93
78	0.00	0.51	5.63	93.87
79	0.00	0.52	5.41	94.08
80	0.00	0.52	5.32	94.16
81	0.00	0.52	5.23	94.25
82	0.00	0.53	5.23	94.24
83	0.00	0.59	5.54	93.86
84	0.00	0.60	5.69	93.71
85	0.00	0.62	5.84	93.54
86	0.00	0.60	5.70	93.70
87	0.00	0.62	5.77	93.61
88	0.00	0.63	5.82	93.54
89	0.00	0.66	5.95	93.39
90	0.00	0.69	6.12	93.19
91	0.00	0.73	6.32	92.94
92	0.00	0.76	6.48	92.76
93	0.00	0.79	6.70	92.51
94	0.00	0.82	6.80	92.38
95	0.00	0.82	6.91	92.27
96	0.00	0.85	7.10	92.05
97	0.00	0.84	7.25	91.91
98	0.00	0.83	7.28	91.89
99	0.00	0.87	7.56	91.58
100	0.00	2.32	15.07	82.61


	KU330797-16_C_L004_R2_004.trimmed.fastq.gz
Ranges	0-10	11-20	21-30	31-40
Base
1	0.09	2.22	4.12	93.57
2	0.00	1.10	2.94	95.95
3	0.00	0.67	2.37	96.97
4	0.00	0.57	2.12	97.31
5	0.00	0.86	9.93	89.21
6	0.00	0.82	8.64	90.53
7	0.00	0.78	8.37	90.85
8	0.00	0.77	4.22	95.01
9	0.00	0.76	4.27	94.97
10	0.00	0.80	4.18	95.02
11	0.00	0.82	4.27	94.91
12	0.00	0.80	4.19	95.01
13	0.00	0.78	4.16	95.07
14	0.00	0.76	4.12	95.12
15	0.00	0.76	4.19	95.05
16	0.00	0.77	4.24	94.99
17	0.00	0.76	4.30	94.94
18	0.00	1.43	7.05	91.52
19	0.00	1.50	7.26	91.24
20	0.00	1.42	7.08	91.50
21	0.00	1.40	7.10	91.50
22	0.00	1.35	6.91	91.74
23	0.00	1.34	7.03	91.63
24	0.00	1.35	7.10	91.55
25	0.00	1.29	6.93	91.78
26	0.00	1.25	6.84	91.91
27	0.00	1.23	6.77	92.01
28	0.00	1.26	7.05	91.69
29	0.00	1.27	7.16	91.57
30	0.00	1.14	6.82	92.04
31	0.00	1.13	6.86	92.01
32	0.00	1.10	6.79	92.11
33	0.00	1.06	6.80	92.15
34	0.00	1.04	6.75	92.22
35	0.00	0.99	6.68	92.33
36	0.00	0.98	6.79	92.23
37	0.00	0.93	6.70	92.36
38	0.00	0.93	6.79	92.28
39	0.00	0.98	7.00	92.03
40	0.00	0.93	6.88	92.19
41	0.00	0.93	6.85	92.22
42	0.00	0.90	6.71	92.40
43	0.00	0.93	6.93	92.14
44	0.00	0.90	6.76	92.34
45	0.00	0.86	6.55	92.58
46	0.00	0.85	6.39	92.76
47	0.00	0.84	6.56	92.60
48	0.00	0.83	6.55	92.62
49	0.00	0.86	6.53	92.61
50	0.00	0.87	6.54	92.60
51	0.00	0.81	6.35	92.84
52	0.00	0.81	6.30	92.89
53	0.00	0.83	6.35	92.82
54	0.00	0.85	6.38	92.77
55	0.00	0.57	5.78	93.64
56	0.00	0.57	4.94	94.49
57	0.00	0.61	5.05	94.34
58	0.00	0.65	5.34	94.01
59	0.00	0.72	5.71	93.57
60	0.00	0.74	5.78	93.48
61	0.00	0.74	5.79	93.46
62	0.00	0.73	5.71	93.56
63	0.00	0.71	5.81	93.47
64	0.00	0.72	5.80	93.49
65	0.00	0.68	5.64	93.68
66	0.00	0.70	5.74	93.55
67	0.00	0.72	5.83	93.45
68	0.00	0.62	5.51	93.87
69	0.00	0.59	5.32	94.09
70	0.00	0.57	5.22	94.21
71	0.00	0.56	5.13	94.31
72	0.00	0.55	5.04	94.42
73	0.00	0.53	5.00	94.47
74	0.00	0.52	4.91	94.57
75	0.00	0.53	5.00	94.47
76	0.00	0.52	4.99	94.49
77	0.00	0.54	5.19	94.27
78	0.00	0.52	5.16	94.32
79	0.00	0.52	5.06	94.42
80	0.00	0.50	5.02	94.48
81	0.00	0.56	5.35	94.09
82	0.00	0.53	5.27	94.20
83	0.00	0.54	5.27	94.19
84	0.00	0.59	5.51	93.91
85	0.00	0.57	5.52	93.92
86	0.00	0.58	5.63	93.79
87	0.00	0.61	5.69	93.70
88	0.00	0.63	5.81	93.56
89	0.00	0.59	5.59	93.82
90	0.00	0.59	5.59	93.82
91	0.00	0.61	5.62	93.77
92	0.00	0.66	5.85	93.49
93	0.00	0.71	6.09	93.20
94	0.00	0.71	6.16	93.13
95	0.00	0.73	6.27	92.99
96	0.00	0.69	6.20	93.10
97	0.00	0.68	6.11	93.21
98	0.00	0.73	6.39	92.88
99	0.00	0.73	6.52	92.76
100	0.00	0.83	6.79	92.37




