Parameters
	Library type	Paired-end
	Input files	KU330797-16_C_L004_R1_005.trimmed.fastq.gz	KU330797-16_C_L004_R2_005.trimmed.fastq.gz
	Primer/Adaptor library	NA
	Cut-off read length for HQ	70%
	Cut-off quality score	20
	Only statistics	On
	Number of CPUs	2


QC statistics
	File name	KU330797-16_C_L004_R1_005.trimmed.fastq.gz	KU330797-16_C_L004_R2_005.trimmed.fastq.gz
	Total number of reads	4000000	4000000
	Total number of HQ reads	3985264	3985264
	Percentage of HQ reads	99.63%	99.63%
	Total number of bases	371279585	364275675
	Total number of bases in HQ reads	370446559	364043974
	Total number of HQ bases in HQ reads	368763146	362148141
	Percentage of HQ bases in HQ reads	99.55%	99.48%
	Number of Primer/Adaptor contaminated HQ reads	NA	NA
	Total number of HQ filtered reads	3985264	3985264
	Percentage of HQ filtered reads	99.63%	99.63%


Detailed QC statistics
	File name	KU330797-16_C_L004_R1_005.trimmed.fastq.gz	KU330797-16_C_L004_R2_005.trimmed.fastq.gz
	Minimum read length	1	1
	Maximum read length	100	100
	Average read length	92.82	91.07
	Total number of reads	4000000	4000000
	Total number of reads with non-ATGC bases	113	3929
	Percentage of reads with non-ATGC bases	0.00%	0.10%
	Total number of bases	371279585	364275675
	Total number of HQ bases	369561198	362311004
	Percentage of HQ bases	99.54%	99.46%
	Total number of non-ATGC bases	113	3929
	Percentage of non-ATGC bases	0.00%	0.00%


Average quality score at each base position of input reads

KU330797-16_C_L004_R1_005.trimmed.fastq.gz
32.29	32.69	32.82	36.13	36.09	36.07	36.08	36.08	37.75	37.72	37.73	37.68	37.66	39.09	39.07	38.99	38.95	38.93	38.92	38.89	38.86	38.76	38.73	38.68	38.60	38.51	38.44	38.34	38.25	38.15	38.07	37.96	37.82	37.69	37.58	37.47	37.39	37.25	37.12	37.01	36.87	36.96	36.94	36.84	36.77	36.69	36.58	36.45	36.34	36.33	36.22	36.12	36.01	35.88	35.73	35.60	35.43	35.27	35.09	34.95	34.80	34.64	34.45	34.26	34.04	33.88	33.68	33.45	33.21	32.81	32.59	32.35	32.10	31.61	31.54	30.44	30.88	30.99	30.89	30.73	30.54	30.35	30.12	29.89	29.71	29.55	29.39	29.23	29.08	28.92	28.72	28.56	28.43	28.26	28.12	27.98	27.85	27.73	27.54	26.38	

KU330797-16_C_L004_R2_005.trimmed.fastq.gz
35.70	36.21	36.41	36.50	32.24	32.51	32.56	35.68	35.68	35.69	35.66	35.61	37.13	37.11	37.08	37.00	36.94	38.25	38.17	38.09	38.02	37.94	37.94	37.85	37.76	37.70	37.59	37.51	37.43	37.35	37.27	37.17	37.08	36.97	36.86	36.74	36.62	36.49	36.40	36.32	36.19	36.05	35.94	35.85	35.71	35.60	35.64	35.59	35.49	35.40	35.28	35.10	34.97	34.84	33.76	34.07	34.28	34.33	34.23	34.12	33.99	33.82	33.68	33.52	33.35	33.20	33.00	32.94	32.83	32.72	32.57	32.41	32.24	32.07	31.90	31.70	31.46	31.28	31.05	30.85	30.64	30.40	30.17	29.96	29.76	29.54	29.33	29.17	28.99	28.78	28.60	28.43	28.27	28.11	27.96	27.81	27.53	27.38	27.24	27.12	





Read count (%) per base for different quality score ranges

	KU330797-16_C_L004_R1_005.trimmed.fastq.gz
Ranges	0-10	11-20	21-30	31-40
Base
1	0.00	1.09	9.06	89.85
2	0.00	0.58	7.70	91.72
3	0.00	0.46	7.16	92.38
4	0.00	0.41	2.98	96.61
5	0.00	0.43	3.30	96.27
6	0.00	0.47	3.34	96.19
7	0.00	0.46	3.31	96.24
8	0.00	0.46	3.26	96.28
9	0.00	0.46	3.32	96.22
10	0.00	0.48	3.42	96.11
11	0.00	0.47	3.34	96.19
12	0.00	0.51	3.54	95.95
13	0.00	0.50	3.56	95.94
14	0.00	1.01	6.12	92.86
15	0.00	1.03	6.10	92.87
16	0.00	1.10	6.29	92.61
17	0.00	1.09	6.31	92.60
18	0.00	1.04	6.22	92.74
19	0.00	1.11	6.40	92.48
20	0.00	1.07	6.34	92.58
21	0.00	1.06	6.27	92.67
22	0.00	1.10	6.42	92.49
23	0.00	1.04	6.22	92.74
24	0.00	1.06	6.37	92.57
25	0.00	1.06	6.46	92.47
26	0.00	1.08	6.45	92.47
27	0.00	1.04	6.35	92.61
28	0.00	1.03	6.38	92.59
29	0.00	1.00	6.41	92.59
30	0.00	0.97	6.45	92.58
31	0.00	0.94	6.39	92.66
32	0.00	0.92	6.42	92.66
33	0.00	0.96	6.61	92.43
34	0.00	0.95	6.69	92.36
35	0.00	0.92	6.66	92.42
36	0.00	0.90	6.64	92.45
37	0.00	0.87	6.50	92.63
38	0.00	0.87	6.54	92.59
39	0.00	0.88	6.59	92.54
40	0.00	0.85	6.47	92.67
41	0.00	0.87	6.48	92.65
42	0.00	0.81	6.42	92.76
43	0.00	0.81	6.32	92.88
44	0.00	0.83	6.41	92.76
45	0.00	0.84	6.28	92.89
46	0.00	0.81	6.21	92.98
47	0.00	0.81	6.23	92.95
48	0.00	0.83	6.30	92.87
49	0.00	0.82	6.25	92.94
50	0.00	0.75	6.00	93.24
51	0.00	0.77	6.00	93.23
52	0.00	0.75	5.86	93.39
53	0.00	0.73	5.75	93.52
54	0.00	0.72	5.69	93.59
55	0.00	0.73	5.74	93.53
56	0.00	0.71	5.62	93.66
57	0.00	0.72	5.66	93.62
58	0.00	0.72	5.69	93.59
59	0.00	0.72	5.74	93.54
60	0.00	0.67	5.53	93.79
61	0.00	0.66	5.49	93.85
62	0.00	0.65	5.43	93.92
63	0.00	0.66	5.50	93.84
64	0.00	0.66	5.54	93.80
65	0.00	0.68	5.64	93.68
66	0.00	0.63	5.51	93.86
67	0.00	0.64	5.52	93.84
68	0.00	0.65	5.63	93.72
69	0.00	0.64	5.65	93.71
70	0.00	0.65	5.81	93.53
71	0.00	0.63	5.76	93.61
72	0.00	0.64	5.88	93.49
73	0.00	0.64	5.98	93.38
74	0.00	0.82	7.13	92.05
75	0.00	0.65	6.28	93.07
76	0.00	0.66	9.73	89.61
77	0.00	0.51	6.53	92.97
78	0.00	0.52	5.66	93.82
79	0.00	0.52	5.46	94.01
80	0.00	0.53	5.41	94.05
81	0.00	0.53	5.33	94.14
82	0.00	0.54	5.38	94.08
83	0.00	0.58	5.61	93.80
84	0.00	0.65	5.89	93.46
85	0.00	0.62	5.87	93.52
86	0.00	0.62	5.87	93.52
87	0.00	0.63	5.85	93.52
88	0.00	0.65	5.90	93.44
89	0.00	0.66	5.95	93.39
90	0.00	0.69	6.08	93.22
91	0.00	0.77	6.50	92.72
92	0.00	0.81	6.71	92.48
93	0.00	0.80	6.71	92.50
94	0.00	0.85	6.94	92.20
95	0.00	0.84	7.00	92.17
96	0.00	0.84	7.08	92.08
97	0.00	0.81	7.07	92.12
98	0.00	0.77	7.03	92.20
99	0.00	0.84	7.36	91.80
100	0.00	2.33	14.98	82.69


	KU330797-16_C_L004_R2_005.trimmed.fastq.gz
Ranges	0-10	11-20	21-30	31-40
Base
1	0.10	2.31	4.27	93.32
2	0.00	1.17	3.09	95.75
3	0.00	0.71	2.51	96.78
4	0.00	0.62	2.24	97.15
5	0.00	0.93	10.40	88.67
6	0.00	0.86	8.87	90.27
7	0.00	0.85	8.80	90.35
8	0.00	0.86	4.62	94.51
9	0.00	0.83	4.55	94.62
10	0.00	0.85	4.37	94.78
11	0.00	0.85	4.42	94.73
12	0.00	0.85	4.46	94.68
13	0.00	0.85	4.45	94.70
14	0.00	0.83	4.42	94.76
15	0.00	0.80	4.37	94.83
16	0.00	0.81	4.48	94.71
17	0.00	0.81	4.43	94.76
18	0.00	1.52	7.37	91.11
19	0.00	1.51	7.36	91.13
20	0.00	1.48	7.36	91.16
21	0.00	1.46	7.30	91.24
22	0.00	1.43	7.30	91.27
23	0.00	1.39	7.26	91.34
24	0.00	1.40	7.28	91.32
25	0.00	1.34	7.20	91.46
26	0.00	1.29	7.04	91.67
27	0.00	1.27	7.08	91.65
28	0.00	1.33	7.36	91.31
29	0.00	1.24	7.21	91.55
30	0.00	1.21	7.08	91.71
31	0.00	1.14	6.97	91.90
32	0.00	1.12	6.96	91.92
33	0.00	1.07	6.88	92.06
34	0.00	1.05	6.91	92.05
35	0.00	1.03	6.92	92.05
36	0.00	1.00	6.96	92.04
37	0.00	1.01	7.04	91.95
38	0.00	0.99	7.12	91.89
39	0.00	0.96	7.00	92.04
40	0.00	0.92	6.83	92.25
41	0.00	0.94	7.00	92.06
42	0.00	0.95	7.03	92.02
43	0.00	0.93	6.99	92.08
44	0.00	0.90	6.82	92.28
45	0.00	0.92	6.88	92.20
46	0.00	0.91	6.78	92.31
47	0.00	0.84	6.68	92.48
48	0.00	0.83	6.62	92.54
49	0.00	0.85	6.65	92.50
50	0.00	0.85	6.53	92.62
51	0.00	0.82	6.40	92.78
52	0.00	0.86	6.50	92.64
53	0.00	0.84	6.43	92.72
54	0.00	0.81	6.34	92.85
55	0.00	0.57	5.84	93.59
56	0.00	0.57	4.96	94.48
57	0.00	0.67	5.42	93.91
58	0.00	0.70	5.62	93.68
59	0.00	0.74	5.93	93.33
60	0.00	0.74	5.87	93.39
61	0.00	0.73	5.83	93.44
62	0.00	0.74	5.86	93.40
63	0.00	0.71	5.88	93.40
64	0.00	0.71	5.86	93.43
65	0.00	0.73	5.89	93.38
66	0.00	0.72	5.87	93.40
67	0.00	0.74	5.99	93.26
68	0.00	0.66	5.75	93.58
69	0.00	0.63	5.53	93.84
70	0.00	0.59	5.29	94.11
71	0.00	0.58	5.26	94.15
72	0.00	0.57	5.23	94.20
73	0.00	0.55	5.13	94.32
74	0.00	0.53	5.10	94.37
75	0.00	0.51	4.96	94.53
76	0.00	0.53	5.03	94.44
77	0.00	0.55	5.19	94.26
78	0.00	0.51	5.08	94.41
79	0.00	0.54	5.21	94.25
80	0.00	0.52	5.17	94.31
81	0.00	0.52	5.17	94.31
82	0.00	0.55	5.30	94.15
83	0.00	0.55	5.40	94.05
84	0.00	0.57	5.41	94.02
85	0.00	0.55	5.45	93.99
86	0.00	0.58	5.56	93.85
87	0.00	0.61	5.70	93.69
88	0.00	0.57	5.55	93.88
89	0.00	0.60	5.62	93.79
90	0.00	0.65	5.86	93.49
91	0.00	0.66	5.86	93.48
92	0.00	0.67	6.00	93.33
93	0.00	0.67	6.00	93.32
94	0.00	0.71	6.14	93.15
95	0.00	0.72	6.24	93.05
96	0.00	0.72	6.23	93.04
97	0.00	0.73	6.32	92.95
98	0.00	0.73	6.34	92.93
99	0.00	0.71	6.39	92.90
100	0.00	0.79	6.57	92.65




