Parameters
	Library type	Paired-end
	Input files	KU330797-16_C_L004_R1_001.trimmed.fastq.gz	KU330797-16_C_L004_R2_001.trimmed.fastq.gz
	Primer/Adaptor library	NA
	Cut-off read length for HQ	70%
	Cut-off quality score	20
	Only statistics	On
	Number of CPUs	2


QC statistics
	File name	KU330797-16_C_L004_R1_001.trimmed.fastq.gz	KU330797-16_C_L004_R2_001.trimmed.fastq.gz
	Total number of reads	4000000	4000000
	Total number of HQ reads	3988940	3988940
	Percentage of HQ reads	99.72%	99.72%
	Total number of bases	371155267	366542221
	Total number of bases in HQ reads	370505803	366388867
	Total number of HQ bases in HQ reads	368941078	364728340
	Percentage of HQ bases in HQ reads	99.58%	99.55%
	Number of Primer/Adaptor contaminated HQ reads	NA	NA
	Total number of HQ filtered reads	3988940	3988940
	Percentage of HQ filtered reads	99.72%	99.72%


Detailed QC statistics
	File name	KU330797-16_C_L004_R1_001.trimmed.fastq.gz	KU330797-16_C_L004_R2_001.trimmed.fastq.gz
	Minimum read length	1	1
	Maximum read length	100	100
	Average read length	92.79	91.64
	Total number of reads	4000000	4000000
	Total number of reads with non-ATGC bases	74	3238
	Percentage of reads with non-ATGC bases	0.00%	0.08%
	Total number of bases	371155267	366542221
	Total number of HQ bases	369566102	364831830
	Percentage of HQ bases	99.57%	99.53%
	Total number of non-ATGC bases	74	3238
	Percentage of non-ATGC bases	0.00%	0.00%


Average quality score at each base position of input reads

KU330797-16_C_L004_R1_001.trimmed.fastq.gz
32.47	32.86	33.00	36.29	36.24	36.22	36.23	36.23	37.98	37.94	37.90	37.89	37.91	39.35	39.32	39.28	39.26	39.22	39.23	39.14	39.11	39.06	38.98	38.92	38.84	38.74	38.63	38.54	38.45	38.35	38.25	38.15	38.05	37.91	37.79	37.68	37.56	37.39	37.29	37.18	37.04	37.11	36.96	36.90	36.86	36.73	36.64	36.51	36.37	36.46	36.40	36.26	36.12	36.01	35.91	35.78	35.57	35.39	35.22	35.08	34.94	34.75	34.54	34.37	34.20	33.98	33.76	33.55	33.31	32.89	32.65	32.42	32.16	31.62	31.59	30.55	30.93	31.02	30.93	30.78	30.58	30.36	30.14	29.91	29.70	29.54	29.37	29.16	28.97	28.83	28.63	28.47	28.29	28.07	27.95	27.82	27.64	27.52	27.32	26.20	

KU330797-16_C_L004_R2_001.trimmed.fastq.gz
35.81	36.36	36.52	36.60	32.50	32.71	32.78	35.92	35.93	35.90	35.89	35.85	37.48	37.45	37.39	37.35	37.29	38.66	38.56	38.51	38.46	38.34	38.33	38.28	38.22	38.10	38.06	37.99	37.89	37.82	37.72	37.63	37.53	37.44	37.33	37.20	37.10	36.94	36.86	36.74	36.64	36.51	36.43	36.31	36.21	36.07	36.05	36.02	35.94	35.80	35.63	35.53	35.40	35.23	34.21	34.52	34.72	34.72	34.64	34.47	34.36	34.18	34.02	33.90	33.73	33.54	33.31	33.33	33.28	33.16	32.98	32.84	32.67	32.49	32.27	32.07	31.83	31.65	31.41	31.17	30.98	30.77	30.52	30.31	30.10	29.87	29.66	29.48	29.30	29.12	28.89	28.72	28.53	28.35	28.21	28.06	27.73	27.54	27.34	27.20	





Read count (%) per base for different quality score ranges

	KU330797-16_C_L004_R1_001.trimmed.fastq.gz
Ranges	0-10	11-20	21-30	31-40
Base
1	0.00	0.90	7.69	91.41
2	0.00	0.44	6.38	93.17
3	0.00	0.35	5.73	93.92
4	0.00	0.31	2.31	97.38
5	0.00	0.34	2.62	97.03
6	0.00	0.38	2.69	96.92
7	0.00	0.38	2.66	96.97
8	0.00	0.37	2.65	96.98
9	0.00	0.36	2.59	97.05
10	0.00	0.38	2.70	96.92
11	0.00	0.40	2.80	96.80
12	0.00	0.41	2.83	96.77
13	0.00	0.39	2.76	96.85
14	0.00	0.91	5.45	93.64
15	0.00	0.93	5.47	93.61
16	0.00	0.96	5.51	93.53
17	0.00	0.92	5.48	93.60
18	0.00	0.94	5.47	93.60
19	0.00	0.93	5.57	93.49
20	0.00	0.99	5.70	93.31
21	0.00	0.95	5.58	93.47
22	0.00	0.94	5.57	93.50
23	0.00	0.95	5.63	93.43
24	0.00	0.98	5.80	93.22
25	0.00	0.97	5.77	93.26
26	0.00	0.98	5.72	93.30
27	0.00	0.96	5.68	93.37
28	0.00	0.92	5.71	93.37
29	0.00	0.89	5.69	93.41
30	0.00	0.87	5.75	93.38
31	0.00	0.86	5.78	93.36
32	0.00	0.85	5.77	93.38
33	0.00	0.82	5.78	93.40
34	0.00	0.82	5.85	93.33
35	0.00	0.82	5.94	93.24
36	0.00	0.81	5.95	93.24
37	0.00	0.81	5.93	93.26
38	0.00	0.84	6.05	93.11
39	0.00	0.79	5.91	93.30
40	0.00	0.78	5.82	93.40
41	0.00	0.80	5.85	93.35
42	0.00	0.76	5.83	93.41
43	0.00	0.83	6.06	93.11
44	0.00	0.80	5.93	93.27
45	0.00	0.76	5.68	93.56
46	0.00	0.78	5.79	93.43
47	0.00	0.77	5.73	93.50
48	0.00	0.78	5.79	93.44
49	0.00	0.81	5.85	93.34
50	0.00	0.69	5.44	93.87
51	0.00	0.71	5.31	93.98
52	0.00	0.71	5.38	93.91
53	0.00	0.72	5.39	93.89
54	0.00	0.68	5.25	94.07
55	0.00	0.67	5.12	94.21
56	0.00	0.65	5.08	94.27
57	0.00	0.69	5.19	94.11
58	0.00	0.69	5.24	94.07
59	0.00	0.68	5.32	94.00
60	0.00	0.65	5.15	94.20
61	0.00	0.63	5.07	94.30
62	0.00	0.64	5.17	94.19
63	0.00	0.67	5.30	94.03
64	0.00	0.65	5.24	94.11
65	0.00	0.64	5.19	94.17
66	0.00	0.65	5.35	94.00
67	0.00	0.64	5.42	93.93
68	0.00	0.64	5.41	93.94
69	0.00	0.64	5.47	93.89
70	0.00	0.66	5.66	93.67
71	0.00	0.65	5.67	93.68
72	0.00	0.65	5.73	93.62
73	0.00	0.66	5.84	93.50
74	0.00	0.87	7.21	91.93
75	0.00	0.65	6.17	93.18
76	0.00	0.59	9.18	90.22
77	0.00	0.51	6.22	93.27
78	0.00	0.55	5.51	93.95
79	0.00	0.52	5.27	94.21
80	0.00	0.51	5.09	94.39
81	0.00	0.53	5.06	94.42
82	0.00	0.55	5.22	94.22
83	0.00	0.58	5.39	94.03
84	0.00	0.63	5.62	93.76
85	0.00	0.65	5.77	93.58
86	0.00	0.63	5.69	93.68
87	0.00	0.64	5.69	93.68
88	0.00	0.72	6.03	93.25
89	0.00	0.75	6.23	93.02
90	0.00	0.73	6.20	93.07
91	0.00	0.80	6.56	92.64
92	0.00	0.83	6.68	92.49
93	0.00	0.86	6.91	92.23
94	0.00	0.98	7.35	91.67
95	0.00	0.89	7.26	91.85
96	0.00	0.87	7.16	91.96
97	0.00	0.91	7.41	91.67
98	0.00	0.85	7.33	91.82
99	0.00	0.92	7.69	91.39
100	0.00	2.31	14.91	82.78


	KU330797-16_C_L004_R2_001.trimmed.fastq.gz
Ranges	0-10	11-20	21-30	31-40
Base
1	0.08	1.97	3.40	94.55
2	0.00	0.96	2.39	96.65
3	0.00	0.56	1.89	97.55
4	0.00	0.47	1.69	97.84
5	0.00	0.71	8.23	91.06
6	0.00	0.69	7.41	91.91
7	0.00	0.65	7.19	92.16
8	0.00	0.64	3.57	95.79
9	0.00	0.62	3.44	95.93
10	0.00	0.68	3.55	95.77
11	0.00	0.65	3.42	95.93
12	0.00	0.66	3.45	95.89
13	0.00	0.63	3.36	96.01
14	0.00	0.61	3.38	96.01
15	0.00	0.62	3.43	95.95
16	0.00	0.61	3.39	96.00
17	0.00	0.62	3.46	95.92
18	0.00	1.31	6.40	92.29
19	0.00	1.33	6.51	92.16
20	0.00	1.27	6.39	92.34
21	0.00	1.23	6.34	92.43
22	0.00	1.28	6.43	92.29
23	0.00	1.24	6.42	92.34
24	0.00	1.19	6.28	92.53
25	0.00	1.15	6.17	92.69
26	0.00	1.17	6.23	92.60
27	0.00	1.09	6.02	92.90
28	0.00	1.12	6.30	92.58
29	0.00	1.10	6.25	92.66
30	0.00	1.05	6.15	92.80
31	0.00	1.00	6.10	92.89
32	0.00	0.97	6.09	92.94
33	0.00	0.94	6.11	92.95
34	0.00	0.92	6.03	93.05
35	0.00	0.89	6.04	93.07
36	0.00	0.91	6.19	92.90
37	0.00	0.86	6.13	93.00
38	0.00	0.90	6.33	92.77
39	0.00	0.85	6.16	93.00
40	0.00	0.85	6.21	92.94
41	0.00	0.83	6.12	93.05
42	0.00	0.85	6.14	93.02
43	0.00	0.81	6.06	93.13
44	0.00	0.80	6.02	93.18
45	0.00	0.79	5.99	93.22
46	0.00	0.82	6.04	93.14
47	0.00	0.80	6.14	93.05
48	0.00	0.76	5.89	93.35
49	0.00	0.77	5.86	93.37
50	0.00	0.80	6.01	93.19
51	0.00	0.80	5.99	93.21
52	0.00	0.75	5.74	93.51
53	0.00	0.76	5.76	93.48
54	0.00	0.77	5.78	93.45
55	0.00	0.50	5.09	94.42
56	0.00	0.53	4.37	95.11
57	0.00	0.59	4.71	94.70
58	0.00	0.67	5.15	94.18
59	0.00	0.70	5.33	93.97
60	0.00	0.74	5.57	93.69
61	0.00	0.69	5.39	93.92
62	0.00	0.74	5.48	93.79
63	0.00	0.71	5.57	93.72
64	0.00	0.67	5.39	93.94
65	0.00	0.68	5.42	93.90
66	0.00	0.70	5.57	93.73
67	0.00	0.75	5.79	93.46
68	0.00	0.61	5.34	94.05
69	0.00	0.56	4.99	94.45
70	0.00	0.56	4.90	94.54
71	0.00	0.57	4.97	94.46
72	0.00	0.53	4.82	94.65
73	0.00	0.53	4.80	94.67
74	0.00	0.53	4.77	94.71
75	0.00	0.55	4.93	94.52
76	0.00	0.53	4.94	94.53
77	0.00	0.54	5.02	94.43
78	0.00	0.51	4.87	94.63
79	0.00	0.55	5.00	94.45
80	0.00	0.55	5.11	94.34
81	0.00	0.52	4.97	94.51
82	0.00	0.51	4.93	94.56
83	0.00	0.55	5.14	94.32
84	0.00	0.54	5.11	94.35
85	0.00	0.54	5.14	94.33
86	0.00	0.57	5.32	94.10
87	0.00	0.60	5.40	94.01
88	0.00	0.59	5.35	94.06
89	0.00	0.60	5.36	94.04
90	0.00	0.61	5.47	93.92
91	0.00	0.66	5.71	93.63
92	0.00	0.67	5.81	93.53
93	0.00	0.71	6.00	93.28
94	0.00	0.74	6.18	93.08
95	0.00	0.71	6.10	93.18
96	0.00	0.73	6.18	93.09
97	0.00	0.75	6.30	92.95
98	0.00	0.75	6.42	92.82
99	0.00	0.80	6.77	92.43
100	0.00	0.88	6.95	92.17




