Parameters
	Library type	Paired-end
	Input files	KU330797-16_C_L004_R1_006.trimmed.fastq.gz	KU330797-16_C_L004_R2_006.trimmed.fastq.gz
	Primer/Adaptor library	NA
	Cut-off read length for HQ	70%
	Cut-off quality score	20
	Only statistics	On
	Number of CPUs	2


QC statistics
	File name	KU330797-16_C_L004_R1_006.trimmed.fastq.gz	KU330797-16_C_L004_R2_006.trimmed.fastq.gz
	Total number of reads	4000000	4000000
	Total number of HQ reads	3982840	3982840
	Percentage of HQ reads	99.57%	99.57%
	Total number of bases	366637563	357482216
	Total number of bases in HQ reads	365695805	357217183
	Total number of HQ bases in HQ reads	363753090	354982161
	Percentage of HQ bases in HQ reads	99.47%	99.37%
	Number of Primer/Adaptor contaminated HQ reads	NA	NA
	Total number of HQ filtered reads	3982840	3982840
	Percentage of HQ filtered reads	99.57%	99.57%


Detailed QC statistics
	File name	KU330797-16_C_L004_R1_006.trimmed.fastq.gz	KU330797-16_C_L004_R2_006.trimmed.fastq.gz
	Minimum read length	1	1
	Maximum read length	100	100
	Average read length	91.66	89.37
	Total number of reads	4000000	4000000
	Total number of reads with non-ATGC bases	131	3921
	Percentage of reads with non-ATGC bases	0.00%	0.10%
	Total number of bases	366637563	357482216
	Total number of HQ bases	364653576	355161552
	Percentage of HQ bases	99.46%	99.35%
	Total number of non-ATGC bases	131	3921
	Percentage of non-ATGC bases	0.00%	0.00%


Average quality score at each base position of input reads

KU330797-16_C_L004_R1_006.trimmed.fastq.gz
32.02	32.49	32.67	36.02	35.93	35.94	35.94	35.93	37.54	37.53	37.55	37.49	37.51	38.86	38.82	38.75	38.70	38.70	38.67	38.63	38.58	38.52	38.44	38.39	38.31	38.23	38.14	38.00	37.94	37.78	37.67	37.56	37.45	37.33	37.20	37.07	36.91	36.79	36.67	36.54	36.38	36.49	36.35	36.29	36.22	36.09	35.93	35.83	35.67	35.68	35.59	35.45	35.35	35.23	35.07	34.86	34.74	34.60	34.34	34.12	33.93	33.78	33.63	33.46	33.29	33.08	32.86	32.64	32.38	31.96	31.69	31.48	31.19	30.68	30.60	29.57	29.95	30.09	29.99	29.83	29.64	29.43	29.23	28.94	28.78	28.61	28.41	28.26	28.07	27.92	27.72	27.54	27.38	27.26	27.10	26.98	26.82	26.63	26.45	25.26	

KU330797-16_C_L004_R2_006.trimmed.fastq.gz
35.40	36.06	36.30	36.40	32.06	32.28	32.35	35.47	35.45	35.42	35.44	35.33	36.80	36.77	36.68	36.66	36.55	37.77	37.67	37.61	37.48	37.43	37.40	37.34	37.26	37.10	37.00	36.90	36.75	36.73	36.61	36.48	36.40	36.25	36.16	36.01	35.87	35.74	35.65	35.45	35.41	35.27	35.15	34.99	34.87	34.72	34.73	34.61	34.59	34.44	34.29	34.14	33.95	33.76	32.69	32.99	33.23	33.24	33.20	33.09	32.89	32.77	32.60	32.41	32.25	32.08	31.93	31.81	31.74	31.64	31.46	31.31	31.15	30.96	30.71	30.55	30.30	30.12	29.92	29.70	29.48	29.28	29.06	28.81	28.62	28.44	28.22	28.04	27.81	27.63	27.43	27.24	27.08	26.90	26.77	26.60	26.32	26.20	26.03	25.89	





Read count (%) per base for different quality score ranges

	KU330797-16_C_L004_R1_006.trimmed.fastq.gz
Ranges	0-10	11-20	21-30	31-40
Base
1	0.00	1.26	10.98	87.76
2	0.00	0.67	9.14	90.19
3	0.00	0.51	8.23	91.25
4	0.00	0.45	3.44	96.10
5	0.00	0.53	3.99	95.48
6	0.00	0.54	3.88	95.58
7	0.00	0.55	3.89	95.56
8	0.00	0.56	3.88	95.56
9	0.00	0.57	3.98	95.46
10	0.00	0.57	4.01	95.42
11	0.00	0.55	3.90	95.55
12	0.00	0.59	4.09	95.32
13	0.00	0.57	3.99	95.45
14	0.00	1.11	6.47	92.42
15	0.00	1.13	6.59	92.28
16	0.00	1.16	6.69	92.15
17	0.00	1.18	6.73	92.10
18	0.00	1.12	6.58	92.30
19	0.00	1.19	6.83	91.98
20	0.00	1.16	6.77	92.07
21	0.00	1.15	6.68	92.17
22	0.00	1.13	6.71	92.17
23	0.00	1.13	6.75	92.13
24	0.00	1.14	6.84	92.02
25	0.00	1.14	6.86	92.01
26	0.00	1.13	6.77	92.10
27	0.00	1.12	6.74	92.14
28	0.00	1.13	6.93	91.94
29	0.00	1.06	6.77	92.18
30	0.00	1.08	6.94	91.97
31	0.00	1.05	6.94	92.01
32	0.00	1.00	6.94	92.06
33	0.00	0.98	6.99	92.02
34	0.00	0.97	6.97	92.06
35	0.00	0.97	7.06	91.97
36	0.00	0.96	7.09	91.94
37	0.00	0.98	7.19	91.83
38	0.00	0.94	7.04	92.01
39	0.00	0.94	6.97	92.09
40	0.00	0.92	6.91	92.16
41	0.00	0.95	7.00	92.05
42	0.00	0.86	6.80	92.34
43	0.00	0.93	7.08	91.99
44	0.00	0.91	6.90	92.19
45	0.00	0.89	6.74	92.37
46	0.00	0.90	6.80	92.30
47	0.00	0.93	6.95	92.12
48	0.00	0.90	6.82	92.28
49	0.00	0.93	6.93	92.14
50	0.00	0.84	6.56	92.60
51	0.00	0.84	6.41	92.75
52	0.00	0.82	6.39	92.79
53	0.00	0.78	6.20	93.02
54	0.00	0.76	6.01	93.24
55	0.00	0.78	6.07	93.15
56	0.00	0.83	6.25	92.93
57	0.00	0.76	6.04	93.20
58	0.00	0.75	5.94	93.31
59	0.00	0.82	6.33	92.85
60	0.00	0.83	6.41	92.77
61	0.00	0.80	6.40	92.80
62	0.00	0.75	6.24	93.00
63	0.00	0.73	6.06	93.21
64	0.00	0.72	6.01	93.27
65	0.00	0.69	5.96	93.35
66	0.00	0.70	6.05	93.25
67	0.00	0.70	6.09	93.20
68	0.00	0.71	6.15	93.14
69	0.00	0.72	6.25	93.02
70	0.00	0.77	6.56	92.67
71	0.00	0.77	6.71	92.53
72	0.00	0.74	6.62	92.64
73	0.00	0.77	6.90	92.33
74	0.00	0.97	8.17	90.85
75	0.00	0.78	7.31	91.91
76	0.00	0.76	10.80	88.44
77	0.00	0.60	7.46	91.94
78	0.00	0.57	6.33	93.10
79	0.00	0.60	6.21	93.19
80	0.00	0.59	6.11	93.30
81	0.00	0.61	6.09	93.29
82	0.00	0.63	6.19	93.18
83	0.00	0.66	6.30	93.04
84	0.00	0.77	6.89	92.34
85	0.00	0.72	6.74	92.53
86	0.00	0.74	6.72	92.54
87	0.00	0.78	6.93	92.30
88	0.00	0.77	6.88	92.35
89	0.00	0.82	7.06	92.12
90	0.00	0.82	7.10	92.08
91	0.00	0.91	7.46	91.63
92	0.00	0.95	7.73	91.32
93	0.00	0.98	7.85	91.18
94	0.00	0.92	7.71	91.37
95	0.00	0.95	7.83	91.22
96	0.00	0.91	7.70	91.39
97	0.00	0.92	7.85	91.23
98	0.00	0.96	8.18	90.86
99	0.00	0.97	8.35	90.68
100	0.00	2.65	16.50	80.85


	KU330797-16_C_L004_R2_006.trimmed.fastq.gz
Ranges	0-10	11-20	21-30	31-40
Base
1	0.10	2.71	5.16	92.03
2	0.00	1.36	3.75	94.88
3	0.00	0.88	3.06	96.06
4	0.00	0.77	2.75	96.49
5	0.00	1.14	11.89	86.97
6	0.00	1.12	10.62	88.26
7	0.00	1.07	10.39	88.54
8	0.00	1.06	5.45	93.49
9	0.00	1.04	5.49	93.47
10	0.00	1.10	5.44	93.46
11	0.00	1.02	5.16	93.82
12	0.00	1.09	5.49	93.41
13	0.00	1.05	5.33	93.62
14	0.00	1.04	5.23	93.73
15	0.00	1.05	5.38	93.56
16	0.00	1.00	5.21	93.78
17	0.00	1.01	5.35	93.63
18	0.00	1.71	8.08	90.20
19	0.00	1.70	8.13	90.17
20	0.00	1.62	7.98	90.39
21	0.00	1.64	8.11	90.25
22	0.00	1.55	7.85	90.60
23	0.00	1.55	7.93	90.52
24	0.00	1.48	7.74	90.78
25	0.00	1.43	7.63	90.94
26	0.00	1.47	7.80	90.73
27	0.00	1.41	7.67	90.92
28	0.00	1.44	7.91	90.65
29	0.00	1.46	8.01	90.53
30	0.00	1.28	7.59	91.13
31	0.00	1.27	7.57	91.16
32	0.00	1.25	7.63	91.12
33	0.00	1.19	7.45	91.37
34	0.00	1.16	7.54	91.30
35	0.00	1.11	7.46	91.42
36	0.00	1.12	7.58	91.30
37	0.00	1.10	7.60	91.30
38	0.00	1.07	7.69	91.24
39	0.00	1.04	7.48	91.48
40	0.00	1.09	7.79	91.12
41	0.00	1.00	7.41	91.59
42	0.00	1.00	7.43	91.57
43	0.00	0.99	7.45	91.56
44	0.00	1.01	7.50	91.50
45	0.00	0.98	7.32	91.70
46	0.00	0.99	7.38	91.63
47	0.00	0.94	7.30	91.76
48	0.00	0.98	7.40	91.62
49	0.00	0.91	7.04	92.04
50	0.00	0.97	7.22	91.82
51	0.00	0.93	7.09	91.98
52	0.00	0.92	7.03	92.05
53	0.00	0.95	7.12	91.93
54	0.00	0.96	7.14	91.90
55	0.00	0.65	6.74	92.60
56	0.00	0.66	5.56	93.78
57	0.00	0.69	5.75	93.55
58	0.00	0.76	6.13	93.11
59	0.00	0.79	6.22	92.99
60	0.00	0.78	6.21	93.01
61	0.00	0.82	6.41	92.77
62	0.00	0.79	6.21	93.00
63	0.00	0.79	6.34	92.87
64	0.00	0.79	6.44	92.76
65	0.00	0.78	6.47	92.75
66	0.00	0.79	6.43	92.79
67	0.00	0.75	6.30	92.95
68	0.00	0.72	6.28	93.00
69	0.00	0.65	5.92	93.43
70	0.00	0.62	5.58	93.80
71	0.00	0.64	5.71	93.65
72	0.00	0.61	5.62	93.77
73	0.00	0.59	5.52	93.89
74	0.00	0.60	5.60	93.81
75	0.00	0.64	5.83	93.53
76	0.00	0.59	5.66	93.75
77	0.00	0.63	5.97	93.40
78	0.00	0.60	5.82	93.58
79	0.00	0.59	5.82	93.60
80	0.00	0.60	5.86	93.54
81	0.00	0.60	5.94	93.46
82	0.00	0.59	5.84	93.57
83	0.00	0.60	5.93	93.47
84	0.00	0.65	6.22	93.13
85	0.00	0.62	6.18	93.20
86	0.00	0.62	6.09	93.29
87	0.00	0.66	6.27	93.08
88	0.00	0.66	6.27	93.07
89	0.00	0.74	6.63	92.63
90	0.00	0.74	6.70	92.55
91	0.00	0.77	6.77	92.46
92	0.00	0.80	6.97	92.23
93	0.00	0.80	6.95	92.25
94	0.00	0.83	7.13	92.04
95	0.00	0.80	7.01	92.19
96	0.00	0.84	7.15	92.01
97	0.00	0.87	7.35	91.79
98	0.00	0.78	7.10	92.12
99	0.00	0.83	7.34	91.83
100	0.00	0.95	7.74	91.31




