Parameters
	Library type	Paired-end
	Input files	KU330797-16_C_L004_R1_038.trimmed.fastq.gz	KU330797-16_C_L004_R2_038.trimmed.fastq.gz
	Primer/Adaptor library	NA
	Cut-off read length for HQ	70%
	Cut-off quality score	20
	Only statistics	On
	Number of CPUs	2


QC statistics
	File name	KU330797-16_C_L004_R1_038.trimmed.fastq.gz	KU330797-16_C_L004_R2_038.trimmed.fastq.gz
	Total number of reads	4000000	4000000
	Total number of HQ reads	3979271	3979271
	Percentage of HQ reads	99.48%	99.48%
	Total number of bases	364611389	354362560
	Total number of bases in HQ reads	363504449	354059533
	Total number of HQ bases in HQ reads	361363681	351633903
	Percentage of HQ bases in HQ reads	99.41%	99.31%
	Number of Primer/Adaptor contaminated HQ reads	NA	NA
	Total number of HQ filtered reads	3979271	3979271
	Percentage of HQ filtered reads	99.48%	99.48%


Detailed QC statistics
	File name	KU330797-16_C_L004_R1_038.trimmed.fastq.gz	KU330797-16_C_L004_R2_038.trimmed.fastq.gz
	Minimum read length	1	1
	Maximum read length	100	100
	Average read length	91.15	88.59
	Total number of reads	4000000	4000000
	Total number of reads with non-ATGC bases	161	5076
	Percentage of reads with non-ATGC bases	0.00%	0.13%
	Total number of bases	364611389	354362560
	Total number of HQ bases	362420380	351836462
	Percentage of HQ bases	99.40%	99.29%
	Total number of non-ATGC bases	161	5076
	Percentage of non-ATGC bases	0.00%	0.00%


Average quality score at each base position of input reads

KU330797-16_C_L004_R1_038.trimmed.fastq.gz
31.82	32.36	32.59	35.96	35.80	35.83	35.84	35.83	37.47	37.46	37.43	37.41	37.39	38.61	38.54	38.58	38.49	38.53	38.52	38.47	38.40	38.33	38.25	38.21	38.10	38.00	37.85	37.74	37.67	37.55	37.46	37.33	37.18	37.06	36.90	36.73	36.61	36.47	36.27	36.16	35.99	36.15	36.11	36.00	35.91	35.76	35.60	35.55	35.45	35.43	35.30	35.10	35.04	34.89	34.75	34.53	34.40	34.22	34.02	33.84	33.56	33.39	33.22	33.00	32.84	32.60	32.43	32.20	31.95	31.69	31.46	31.21	30.95	30.73	30.48	29.66	29.82	29.82	29.69	29.50	29.30	29.09	28.81	28.57	28.39	28.21	28.05	27.82	27.62	27.40	27.23	27.11	26.94	26.77	26.59	26.43	26.27	26.08	25.92	24.56	

KU330797-16_C_L004_R2_038.trimmed.fastq.gz
35.55	36.01	36.16	36.29	31.23	31.79	32.05	35.29	35.28	35.25	35.24	35.18	36.67	36.58	36.56	36.50	36.44	37.60	37.47	37.37	37.21	37.16	37.15	37.03	36.94	36.86	36.73	36.68	36.56	36.35	36.26	36.21	36.09	35.96	35.81	35.69	35.51	35.41	35.31	35.22	35.01	34.91	34.81	34.67	34.55	34.43	34.38	34.30	34.23	34.05	33.94	33.77	33.60	33.40	32.48	32.75	32.86	32.87	32.81	32.61	32.53	32.34	32.21	31.99	31.81	31.67	31.49	31.36	31.26	31.04	30.89	30.68	30.53	30.33	30.15	29.96	29.75	29.52	29.28	29.05	28.87	28.66	28.40	28.20	28.01	27.80	27.65	27.45	27.24	27.03	26.91	26.71	26.50	26.30	26.18	25.98	25.74	25.55	25.44	25.29	





Read count (%) per base for different quality score ranges

	KU330797-16_C_L004_R1_038.trimmed.fastq.gz
Ranges	0-10	11-20	21-30	31-40
Base
1	0.00	1.72	11.95	86.33
2	0.00	0.81	9.94	89.25
3	0.00	0.59	8.86	90.56
4	0.00	0.51	3.64	95.85
5	0.00	0.74	4.44	94.81
6	0.00	0.69	4.33	94.98
7	0.00	0.64	4.27	95.09
8	0.00	0.64	4.34	95.02
9	0.00	0.60	4.20	95.20
10	0.00	0.60	4.19	95.21
11	0.00	0.62	4.29	95.08
12	0.00	0.63	4.36	95.01
13	0.00	0.63	4.38	94.99
14	0.00	1.23	7.06	91.71
15	0.00	1.28	7.18	91.54
16	0.00	1.18	6.83	91.99
17	0.00	1.27	7.14	91.59
18	0.00	1.16	6.75	92.09
19	0.00	1.23	6.95	91.82
20	0.00	1.20	6.96	91.83
21	0.00	1.22	6.98	91.80
22	0.00	1.21	6.98	91.81
23	0.00	1.20	6.95	91.85
24	0.00	1.19	7.04	91.78
25	0.00	1.19	7.09	91.72
26	0.00	1.22	7.06	91.73
27	0.00	1.24	7.22	91.54
28	0.00	1.19	7.18	91.63
29	0.00	1.12	7.04	91.85
30	0.00	1.10	7.11	91.79
31	0.00	1.05	7.01	91.94
32	0.00	1.04	7.14	91.82
33	0.00	1.03	7.25	91.72
34	0.00	1.01	7.18	91.81
35	0.00	1.03	7.33	91.63
36	0.00	1.04	7.43	91.53
37	0.00	1.01	7.35	91.64
38	0.00	1.00	7.29	91.71
39	0.00	1.04	7.48	91.48
40	0.00	0.99	7.33	91.68
41	0.00	1.01	7.38	91.61
42	0.00	0.90	7.03	92.07
43	0.00	0.90	7.01	92.09
44	0.00	0.94	7.08	91.97
45	0.00	0.93	7.02	92.04
46	0.00	0.96	7.10	91.94
47	0.00	0.99	7.21	91.80
48	0.00	0.89	6.87	92.24
49	0.00	0.90	6.79	92.31
50	0.00	0.84	6.55	92.61
51	0.00	0.85	6.63	92.52
52	0.00	0.90	6.79	92.30
53	0.00	0.83	6.41	92.76
54	0.00	0.83	6.39	92.78
55	0.00	0.80	6.33	92.86
56	0.00	0.85	6.53	92.62
57	0.00	0.81	6.33	92.85
58	0.00	0.83	6.37	92.81
59	0.00	0.84	6.55	92.61
60	0.00	0.82	6.44	92.75
61	0.00	0.89	6.76	92.35
62	0.00	0.82	6.60	92.58
63	0.00	0.80	6.49	92.71
64	0.00	0.82	6.57	92.60
65	0.00	0.77	6.41	92.82
66	0.00	0.80	6.62	92.58
67	0.00	0.75	6.43	92.82
68	0.00	0.77	6.58	92.65
69	0.00	0.77	6.71	92.51
70	0.00	0.74	6.63	92.63
71	0.00	0.75	6.70	92.54
72	0.00	0.77	6.84	92.39
73	0.00	0.79	7.01	92.20
74	0.00	0.74	6.95	92.31
75	0.00	0.77	7.09	92.14
76	0.00	0.71	9.45	89.84
77	0.00	0.67	7.51	91.82
78	0.00	0.65	6.85	92.50
79	0.00	0.67	6.74	92.59
80	0.00	0.68	6.73	92.60
81	0.00	0.69	6.67	92.65
82	0.00	0.70	6.70	92.60
83	0.00	0.80	7.24	91.96
84	0.00	0.84	7.52	91.64
85	0.00	0.82	7.47	91.71
86	0.00	0.81	7.38	91.80
87	0.00	0.82	7.33	91.85
88	0.00	0.91	7.75	91.34
89	0.00	0.95	8.00	91.05
90	0.00	1.03	8.35	90.62
91	0.00	1.04	8.47	90.49
92	0.00	0.99	8.21	90.81
93	0.00	1.02	8.38	90.60
94	0.00	1.06	8.53	90.41
95	0.00	1.08	8.77	90.15
96	0.00	0.98	8.33	90.68
97	0.00	0.96	8.36	90.67
98	0.00	0.99	8.67	90.33
99	0.00	0.97	8.66	90.37
100	0.00	3.03	18.04	78.93


	KU330797-16_C_L004_R2_038.trimmed.fastq.gz
Ranges	0-10	11-20	21-30	31-40
Base
1	0.13	3.08	5.73	91.06
2	0.00	1.51	4.29	94.20
3	0.00	1.02	3.36	95.62
4	0.00	0.89	3.08	96.03
5	0.00	1.71	19.43	78.86
6	0.00	1.22	13.50	85.28
7	0.00	1.15	11.78	87.07
8	0.00	1.16	6.04	92.81
9	0.00	1.14	6.02	92.83
10	0.00	1.22	6.04	92.74
11	0.00	1.18	5.84	92.98
12	0.00	1.21	5.95	92.84
13	0.00	1.10	5.56	93.34
14	0.00	1.10	5.73	93.17
15	0.00	1.11	5.50	93.39
16	0.00	1.05	5.52	93.43
17	0.00	1.00	5.50	93.49
18	0.00	1.73	8.28	89.99
19	0.00	1.72	8.43	89.85
20	0.00	1.69	8.30	90.01
21	0.00	1.72	8.45	89.83
22	0.00	1.62	8.15	90.23
23	0.00	1.58	8.23	90.18
24	0.00	1.59	8.27	90.14
25	0.00	1.55	8.08	90.37
26	0.00	1.57	7.90	90.53
27	0.00	1.51	8.03	90.46
28	0.00	1.44	8.05	90.51
29	0.00	1.40	8.01	90.59
30	0.00	1.77	8.21	90.02
31	0.00	1.45	8.07	90.49
32	0.00	1.31	7.74	90.95
33	0.00	1.28	7.80	90.92
34	0.00	1.23	7.82	90.95
35	0.00	1.21	7.96	90.83
36	0.00	1.16	7.96	90.88
37	0.00	1.18	8.13	90.69
38	0.00	1.13	8.00	90.87
39	0.00	1.10	7.90	91.00
40	0.00	1.06	7.71	91.23
41	0.00	1.13	8.09	90.78
42	0.00	1.07	7.91	91.02
43	0.00	1.04	7.74	91.22
44	0.00	1.04	7.74	91.22
45	0.00	1.03	7.63	91.34
46	0.00	1.00	7.55	91.45
47	0.00	1.00	7.70	91.29
48	0.00	0.99	7.66	91.36
49	0.00	0.97	7.41	91.62
50	0.00	1.02	7.74	91.25
51	0.00	0.94	7.34	91.72
52	0.00	0.95	7.36	91.68
53	0.00	0.97	7.36	91.67
54	0.00	0.99	7.42	91.59
55	0.00	0.72	6.88	92.41
56	0.00	0.69	5.87	93.44
57	0.00	0.80	6.29	92.91
58	0.00	0.81	6.42	92.77
59	0.00	0.80	6.40	92.79
60	0.00	0.88	6.75	92.37
61	0.00	0.80	6.39	92.82
62	0.00	0.86	6.60	92.54
63	0.00	0.82	6.53	92.65
64	0.00	0.86	6.73	92.42
65	0.00	0.86	6.75	92.39
66	0.00	0.79	6.58	92.63
67	0.00	0.83	6.63	92.54
68	0.00	0.77	6.60	92.63
69	0.00	0.72	6.36	92.92
70	0.00	0.80	6.60	92.60
71	0.00	0.67	6.10	93.23
72	0.00	0.70	6.27	93.02
73	0.00	0.66	6.16	93.18
74	0.00	0.67	6.23	93.10
75	0.00	0.63	6.08	93.30
76	0.00	0.64	6.07	93.29
77	0.00	0.64	6.14	93.22
78	0.00	0.66	6.25	93.08
79	0.00	0.69	6.49	92.82
80	0.00	0.69	6.54	92.77
81	0.00	0.62	6.37	93.01
82	0.00	0.64	6.36	93.00
83	0.00	0.70	6.70	92.59
84	0.00	0.70	6.71	92.59
85	0.00	0.68	6.61	92.71
86	0.00	0.70	6.68	92.62
87	0.00	0.65	6.44	92.91
88	0.00	0.68	6.53	92.79
89	0.00	0.74	6.78	92.48
90	0.00	0.79	7.07	92.14
91	0.00	0.73	6.78	92.49
92	0.00	0.78	7.07	92.15
93	0.00	0.87	7.44	91.68
94	0.00	0.91	7.72	91.36
95	0.00	0.85	7.48	91.67
96	0.00	0.87	7.54	91.59
97	0.00	0.92	7.78	91.30
98	0.00	0.95	8.05	90.99
99	0.00	0.87	7.85	91.27
100	0.00	1.01	8.21	90.78




