Parameters
	Library type	Paired-end
	Input files	KU330797-16_C_L004_R1_023.trimmed.fastq.gz	KU330797-16_C_L004_R2_023.trimmed.fastq.gz
	Primer/Adaptor library	NA
	Cut-off read length for HQ	70%
	Cut-off quality score	20
	Only statistics	On
	Number of CPUs	2


QC statistics
	File name	KU330797-16_C_L004_R1_023.trimmed.fastq.gz	KU330797-16_C_L004_R2_023.trimmed.fastq.gz
	Total number of reads	4000000	4000000
	Total number of HQ reads	3978492	3978492
	Percentage of HQ reads	99.46%	99.46%
	Total number of bases	363118973	349631393
	Total number of bases in HQ reads	361989354	349311332
	Total number of HQ bases in HQ reads	359832836	346715125
	Percentage of HQ bases in HQ reads	99.40%	99.26%
	Number of Primer/Adaptor contaminated HQ reads	NA	NA
	Total number of HQ filtered reads	3978492	3978492
	Percentage of HQ filtered reads	99.46%	99.46%


Detailed QC statistics
	File name	KU330797-16_C_L004_R1_023.trimmed.fastq.gz	KU330797-16_C_L004_R2_023.trimmed.fastq.gz
	Minimum read length	1	1
	Maximum read length	100	100
	Average read length	90.78	87.41
	Total number of reads	4000000	4000000
	Total number of reads with non-ATGC bases	81	3786
	Percentage of reads with non-ATGC bases	0.00%	0.09%
	Total number of bases	363118973	349631393
	Total number of HQ bases	360910719	346920281
	Percentage of HQ bases	99.39%	99.22%
	Total number of non-ATGC bases	81	3786
	Percentage of non-ATGC bases	0.00%	0.00%


Average quality score at each base position of input reads

KU330797-16_C_L004_R1_023.trimmed.fastq.gz
31.92	32.38	32.57	35.91	35.87	35.90	35.86	35.84	37.48	37.44	37.42	37.45	37.43	38.68	38.67	38.61	38.59	38.52	38.48	38.46	38.43	38.32	38.25	38.18	38.11	38.00	37.88	37.77	37.62	37.49	37.42	37.29	37.02	36.99	36.73	36.61	36.48	36.36	36.21	36.10	35.92	36.00	35.98	35.91	35.80	35.67	35.47	35.43	35.30	35.26	35.15	35.03	34.78	34.67	34.49	34.38	34.23	34.08	33.78	33.61	33.47	33.26	33.08	32.84	32.71	32.48	32.27	32.01	31.74	31.46	31.24	30.97	30.61	30.08	30.04	28.94	29.25	29.29	29.19	29.05	28.95	28.76	28.52	28.26	28.09	27.84	27.69	27.53	27.39	27.17	27.04	26.84	26.65	26.46	26.32	26.16	25.96	25.77	25.61	24.25	

KU330797-16_C_L004_R2_023.trimmed.fastq.gz
35.23	35.87	36.14	36.24	31.35	31.81	31.93	35.20	35.16	35.14	35.11	35.00	36.40	36.33	36.29	36.25	36.10	37.17	37.13	37.05	36.84	36.86	36.81	36.68	36.56	36.48	36.30	36.18	36.06	35.94	35.85	35.72	35.58	35.44	35.33	35.22	35.01	34.88	34.67	34.55	34.42	34.24	34.20	34.06	33.95	33.79	33.73	33.66	33.57	33.45	33.26	33.11	32.99	32.85	31.88	32.12	32.28	32.32	32.15	32.03	31.85	31.64	31.53	31.37	31.16	30.99	30.87	30.59	30.54	30.31	30.14	30.04	29.85	29.64	29.39	29.18	28.98	28.80	28.63	28.38	28.23	27.96	27.72	27.59	27.41	27.17	26.97	26.81	26.60	26.34	26.22	25.99	25.83	25.68	25.51	25.33	25.12	24.93	24.73	24.56	





Read count (%) per base for different quality score ranges

	KU330797-16_C_L004_R1_023.trimmed.fastq.gz
Ranges	0-10	11-20	21-30	31-40
Base
1	0.00	1.36	11.83	86.81
2	0.00	0.73	10.03	89.24
3	0.00	0.56	9.07	90.37
4	0.00	0.52	3.93	95.55
5	0.00	0.55	4.20	95.25
6	0.00	0.56	4.01	95.42
7	0.00	0.62	4.25	95.14
8	0.00	0.63	4.31	95.06
9	0.00	0.60	4.16	95.24
10	0.00	0.62	4.31	95.07
11	0.00	0.64	4.35	95.02
12	0.00	0.61	4.21	95.18
13	0.00	0.61	4.25	95.14
14	0.00	1.23	6.93	91.83
15	0.00	1.18	6.82	92.00
16	0.00	1.22	6.88	91.90
17	0.00	1.20	6.78	92.02
18	0.00	1.22	6.91	91.87
19	0.00	1.28	7.15	91.57
20	0.00	1.21	6.95	91.84
21	0.00	1.19	6.85	91.95
22	0.00	1.22	7.01	91.77
23	0.00	1.20	6.92	91.88
24	0.00	1.21	7.07	91.72
25	0.00	1.19	7.02	91.79
26	0.00	1.21	7.01	91.78
27	0.00	1.19	7.00	91.81
28	0.00	1.16	7.00	91.84
29	0.00	1.20	7.22	91.59
30	0.00	1.14	7.20	91.66
31	0.00	1.04	6.98	91.98
32	0.00	1.04	7.07	91.89
33	0.00	1.16	7.61	91.22
34	0.00	1.01	7.18	91.81
35	0.00	1.12	7.65	91.23
36	0.00	1.06	7.56	91.37
37	0.00	1.03	7.42	91.55
38	0.00	1.00	7.30	91.70
39	0.00	1.02	7.31	91.67
40	0.00	0.96	7.07	91.96
41	0.00	0.99	7.20	91.81
42	0.00	0.92	7.13	91.95
43	0.00	0.92	7.02	92.06
44	0.00	0.90	6.93	92.16
45	0.00	0.93	6.94	92.13
46	0.00	0.93	6.94	92.14
47	0.00	0.99	7.23	91.78
48	0.00	0.88	6.76	92.36
49	0.00	0.93	6.81	92.26
50	0.00	0.84	6.61	92.55
51	0.00	0.85	6.50	92.65
52	0.00	0.82	6.37	92.81
53	0.00	0.91	6.72	92.37
54	0.00	0.84	6.41	92.74
55	0.00	0.86	6.50	92.64
56	0.00	0.80	6.28	92.92
57	0.00	0.80	6.21	92.99
58	0.00	0.78	6.15	93.07
59	0.00	0.88	6.71	92.42
60	0.00	0.82	6.52	92.66
61	0.00	0.77	6.25	92.98
62	0.00	0.79	6.36	92.85
63	0.00	0.78	6.35	92.87
64	0.00	0.81	6.55	92.64
65	0.00	0.74	6.30	92.97
66	0.00	0.77	6.44	92.80
67	0.00	0.76	6.50	92.74
68	0.00	0.79	6.69	92.52
69	0.00	0.82	6.90	92.28
70	0.00	0.84	7.18	91.98
71	0.00	0.82	7.13	92.05
72	0.00	0.84	7.34	91.83
73	0.00	0.90	7.78	91.32
74	0.00	1.10	9.05	89.85
75	0.00	0.84	7.92	91.25
76	0.00	0.91	12.02	87.08
77	0.00	0.84	8.91	90.26
78	0.00	0.83	8.10	91.07
79	0.00	0.81	7.71	91.48
80	0.00	0.77	7.36	91.87
81	0.00	0.66	6.78	92.56
82	0.00	0.68	6.74	92.58
83	0.00	0.74	7.04	92.22
84	0.00	0.83	7.50	91.67
85	0.00	0.78	7.39	91.82
86	0.00	0.89	7.84	91.27
87	0.00	0.86	7.70	91.44
88	0.00	0.87	7.66	91.47
89	0.00	0.85	7.59	91.56
90	0.00	0.96	8.09	90.95
91	0.00	0.92	7.96	91.12
92	0.00	1.03	8.31	90.66
93	0.00	1.06	8.63	90.31
94	0.00	1.12	8.85	90.02
95	0.00	1.08	8.82	90.10
96	0.00	1.05	8.81	90.13
97	0.00	1.08	9.10	89.82
98	0.00	1.09	9.27	89.64
99	0.00	1.07	9.20	89.73
100	0.00	3.26	18.72	78.02


	KU330797-16_C_L004_R2_023.trimmed.fastq.gz
Ranges	0-10	11-20	21-30	31-40
Base
1	0.09	3.28	6.42	90.20
2	0.00	1.63	4.81	93.56
3	0.00	1.15	3.77	95.08
4	0.00	1.00	3.49	95.52
5	0.00	1.75	18.07	80.18
6	0.00	1.38	13.46	85.16
7	0.00	1.43	13.10	85.47
8	0.00	1.30	6.34	92.36
9	0.00	1.31	6.52	92.16
10	0.00	1.37	6.39	92.24
11	0.00	1.33	6.26	92.40
12	0.00	1.41	6.58	92.02
13	0.00	1.31	6.31	92.38
14	0.00	1.29	6.31	92.40
15	0.00	1.24	6.20	92.56
16	0.00	1.18	5.99	92.83
17	0.00	1.21	6.25	92.54
18	0.00	1.96	8.90	89.14
19	0.00	1.87	8.61	89.52
20	0.00	1.80	8.53	89.67
21	0.00	1.88	8.82	89.31
22	0.00	1.67	8.21	90.13
23	0.00	1.68	8.41	89.91
24	0.00	1.66	8.42	89.92
25	0.00	1.61	8.32	90.07
26	0.00	1.54	8.08	90.37
27	0.00	1.57	8.26	90.17
28	0.00	1.60	8.44	89.96
29	0.00	1.51	8.31	90.18
30	0.00	1.45	8.21	90.33
31	0.00	1.36	8.03	90.61
32	0.00	1.34	8.02	90.64
33	0.00	1.30	7.98	90.71
34	0.00	1.27	8.01	90.72
35	0.00	1.23	7.87	90.90
36	0.00	1.16	7.80	91.03
37	0.00	1.19	8.09	90.71
38	0.00	1.15	7.98	90.87
39	0.00	1.19	8.27	90.54
40	0.00	1.14	8.05	90.81
41	0.00	1.11	8.04	90.86
42	0.00	1.16	8.16	90.68
43	0.00	1.04	7.70	91.26
44	0.00	1.04	7.71	91.24
45	0.00	1.02	7.56	91.42
46	0.00	1.04	7.64	91.32
47	0.00	1.06	7.80	91.14
48	0.00	1.00	7.62	91.37
49	0.00	1.00	7.49	91.51
50	0.00	0.99	7.51	91.50
51	0.00	1.00	7.47	91.53
52	0.00	0.97	7.30	91.73
53	0.00	0.93	7.11	91.96
54	0.00	0.90	6.98	92.12
55	0.00	0.67	6.72	92.61
56	0.00	0.71	5.96	93.33
57	0.00	0.76	6.04	93.20
58	0.00	0.77	6.13	93.10
59	0.00	0.87	6.64	92.49
60	0.00	0.82	6.54	92.64
61	0.00	0.88	6.69	92.43
62	0.00	0.90	6.81	92.30
63	0.00	0.82	6.61	92.57
64	0.00	0.82	6.52	92.66
65	0.00	0.86	6.78	92.36
66	0.00	0.84	6.71	92.45
67	0.00	0.77	6.48	92.75
68	0.00	0.86	7.04	92.10
69	0.00	0.73	6.44	92.83
70	0.00	0.83	6.74	92.44
71	0.00	0.79	6.68	92.53
72	0.00	0.70	6.26	93.04
73	0.00	0.72	6.28	93.00
74	0.00	0.71	6.42	92.86
75	0.00	0.77	6.76	92.47
76	0.00	0.75	6.78	92.47
77	0.00	0.73	6.73	92.54
78	0.00	0.70	6.55	92.75
79	0.00	0.66	6.43	92.91
80	0.00	0.70	6.65	92.66
81	0.00	0.62	6.32	93.06
82	0.00	0.70	6.76	92.54
83	0.00	0.73	6.94	92.32
84	0.00	0.63	6.49	92.88
85	0.00	0.64	6.41	92.96
86	0.00	0.70	6.78	92.52
87	0.00	0.71	6.84	92.45
88	0.00	0.69	6.75	92.56
89	0.00	0.75	6.99	92.26
90	0.00	0.87	7.62	91.51
91	0.00	0.80	7.34	91.86
92	0.00	0.91	7.80	91.28
93	0.00	0.89	7.86	91.25
94	0.00	0.87	7.73	91.40
95	0.00	0.90	7.88	91.23
96	0.00	0.91	7.85	91.24
97	0.00	0.91	7.95	91.13
98	0.00	0.95	8.25	90.81
99	0.00	1.03	8.81	90.17
100	0.00	1.18	9.19	89.63




