Parameters
	Library type	Paired-end
	Input files	KU330797-16_C_L004_R1_002.trimmed.fastq.gz	KU330797-16_C_L004_R2_002.trimmed.fastq.gz
	Primer/Adaptor library	NA
	Cut-off read length for HQ	70%
	Cut-off quality score	20
	Only statistics	On
	Number of CPUs	2


QC statistics
	File name	KU330797-16_C_L004_R1_002.trimmed.fastq.gz	KU330797-16_C_L004_R2_002.trimmed.fastq.gz
	Total number of reads	4000000	4000000
	Total number of HQ reads	3988315	3988315
	Percentage of HQ reads	99.71%	99.71%
	Total number of bases	372100633	367119921
	Total number of bases in HQ reads	371423742	366947008
	Total number of HQ bases in HQ reads	369861266	365258552
	Percentage of HQ bases in HQ reads	99.58%	99.54%
	Number of Primer/Adaptor contaminated HQ reads	NA	NA
	Total number of HQ filtered reads	3988315	3988315
	Percentage of HQ filtered reads	99.71%	99.71%


Detailed QC statistics
	File name	KU330797-16_C_L004_R1_002.trimmed.fastq.gz	KU330797-16_C_L004_R2_002.trimmed.fastq.gz
	Minimum read length	1	1
	Maximum read length	100	100
	Average read length	93.03	91.78
	Total number of reads	4000000	4000000
	Total number of reads with non-ATGC bases	102	3229
	Percentage of reads with non-ATGC bases	0.00%	0.08%
	Total number of bases	372100633	367119921
	Total number of HQ bases	370511450	365377647
	Percentage of HQ bases	99.57%	99.53%
	Total number of non-ATGC bases	102	3229
	Percentage of non-ATGC bases	0.00%	0.00%


Average quality score at each base position of input reads

KU330797-16_C_L004_R1_002.trimmed.fastq.gz
32.46	32.84	32.96	36.26	36.18	36.20	36.19	36.19	37.91	37.90	37.88	37.87	37.86	39.29	39.28	39.22	39.22	39.18	39.18	39.15	39.06	39.03	38.96	38.91	38.83	38.73	38.63	38.54	38.46	38.31	38.20	38.11	38.02	37.94	37.81	37.71	37.60	37.46	37.35	37.20	37.06	37.16	37.08	37.01	36.95	36.83	36.73	36.61	36.49	36.53	36.47	36.35	36.23	36.07	35.96	35.77	35.67	35.53	35.37	35.18	35.02	34.84	34.65	34.46	34.29	34.09	33.90	33.70	33.45	33.03	32.79	32.57	32.31	31.74	31.71	30.43	31.01	31.15	31.07	30.90	30.72	30.50	30.30	30.10	29.87	29.71	29.55	29.38	29.16	28.99	28.84	28.68	28.53	28.39	28.23	28.08	27.92	27.77	27.61	26.46	

KU330797-16_C_L004_R2_002.trimmed.fastq.gz
35.85	36.33	36.50	36.59	32.41	32.68	32.76	35.91	35.89	35.89	35.86	35.83	37.43	37.39	37.30	37.26	37.23	38.61	38.56	38.48	38.34	38.27	38.27	38.23	38.16	38.07	37.99	37.89	37.85	37.73	37.65	37.55	37.48	37.38	37.28	37.16	37.07	36.93	36.85	36.71	36.63	36.53	36.40	36.31	36.20	36.04	36.08	36.02	35.93	35.85	35.71	35.56	35.44	35.23	34.22	34.53	34.74	34.77	34.73	34.62	34.46	34.30	34.14	33.95	33.77	33.62	33.45	33.45	33.37	33.23	33.06	32.93	32.73	32.58	32.39	32.15	31.93	31.77	31.54	31.32	31.11	30.87	30.63	30.42	30.20	29.97	29.78	29.58	29.38	29.24	29.03	28.85	28.69	28.52	28.35	28.19	27.89	27.70	27.54	27.41	





Read count (%) per base for different quality score ranges

	KU330797-16_C_L004_R1_002.trimmed.fastq.gz
Ranges	0-10	11-20	21-30	31-40
Base
1	0.00	0.94	7.86	91.20
2	0.00	0.48	6.52	93.00
3	0.00	0.38	6.07	93.55
4	0.00	0.32	2.44	97.24
5	0.00	0.37	2.86	96.77
6	0.00	0.38	2.75	96.87
7	0.00	0.39	2.84	96.77
8	0.00	0.40	2.81	96.80
9	0.00	0.39	2.81	96.80
10	0.00	0.39	2.84	96.77
11	0.00	0.40	2.89	96.71
12	0.00	0.41	2.91	96.68
13	0.00	0.40	2.90	96.70
14	0.00	0.98	5.71	93.31
15	0.00	0.94	5.64	93.41
16	0.00	0.98	5.76	93.27
17	0.00	0.94	5.62	93.44
18	0.00	0.95	5.65	93.40
19	0.00	0.99	5.77	93.24
20	0.00	0.97	5.69	93.35
21	0.00	1.00	5.85	93.15
22	0.00	0.95	5.70	93.35
23	0.00	0.97	5.70	93.33
24	0.00	0.98	5.85	93.18
25	0.00	0.96	5.85	93.19
26	0.00	0.99	5.89	93.11
27	0.00	0.98	5.93	93.09
28	0.00	0.97	5.86	93.17
29	0.00	0.91	5.77	93.32
30	0.00	0.94	6.07	92.99
31	0.00	0.91	6.08	93.01
32	0.00	0.88	6.00	93.12
33	0.00	0.86	6.01	93.13
34	0.00	0.82	5.88	93.31
35	0.00	0.84	6.04	93.12
36	0.00	0.83	6.02	93.16
37	0.00	0.81	5.93	93.27
38	0.00	0.81	6.00	93.19
39	0.00	0.80	5.98	93.22
40	0.00	0.81	6.00	93.19
41	0.00	0.82	6.01	93.17
42	0.00	0.75	5.91	93.33
43	0.00	0.78	5.99	93.24
44	0.00	0.77	5.92	93.31
45	0.00	0.76	5.74	93.51
46	0.00	0.78	5.84	93.39
47	0.00	0.76	5.78	93.46
48	0.00	0.77	5.82	93.41
49	0.00	0.78	5.85	93.37
50	0.00	0.69	5.53	93.78
51	0.00	0.69	5.34	93.98
52	0.00	0.69	5.38	93.93
53	0.00	0.70	5.34	93.97
54	0.00	0.72	5.40	93.88
55	0.00	0.69	5.29	94.03
56	0.00	0.73	5.48	93.79
57	0.00	0.67	5.18	94.15
58	0.00	0.66	5.17	94.17
59	0.00	0.66	5.18	94.16
60	0.00	0.67	5.28	94.06
61	0.00	0.66	5.22	94.12
62	0.00	0.64	5.19	94.17
63	0.00	0.65	5.28	94.07
64	0.00	0.65	5.31	94.04
65	0.00	0.63	5.25	94.12
66	0.00	0.63	5.30	94.07
67	0.00	0.62	5.30	94.08
68	0.00	0.60	5.25	94.15
69	0.00	0.62	5.37	94.01
70	0.00	0.65	5.55	93.81
71	0.00	0.64	5.58	93.78
72	0.00	0.63	5.60	93.77
73	0.00	0.63	5.77	93.61
74	0.00	0.86	7.22	91.92
75	0.00	0.64	6.17	93.20
76	0.00	0.71	10.56	88.73
77	0.00	0.52	6.47	93.01
78	0.00	0.51	5.53	93.97
79	0.00	0.52	5.25	94.24
80	0.00	0.53	5.18	94.29
81	0.00	0.51	5.09	94.40
82	0.00	0.56	5.26	94.19
83	0.00	0.55	5.31	94.14
84	0.00	0.58	5.40	94.02
85	0.00	0.62	5.69	93.69
86	0.00	0.61	5.62	93.77
87	0.00	0.61	5.59	93.80
88	0.00	0.63	5.67	93.69
89	0.00	0.72	6.12	93.16
90	0.00	0.75	6.30	92.95
91	0.00	0.74	6.34	92.92
92	0.00	0.78	6.49	92.73
93	0.00	0.81	6.63	92.56
94	0.00	0.80	6.66	92.53
95	0.00	0.84	6.90	92.26
96	0.00	0.84	6.91	92.25
97	0.00	0.85	7.11	92.04
98	0.00	0.84	7.21	91.95
99	0.00	0.86	7.34	91.80
100	0.00	2.28	14.75	82.97


	KU330797-16_C_L004_R2_002.trimmed.fastq.gz
Ranges	0-10	11-20	21-30	31-40
Base
1	0.08	2.03	3.59	94.30
2	0.00	1.00	2.56	96.44
3	0.00	0.59	2.03	97.38
4	0.00	0.50	1.81	97.69
5	0.00	0.76	8.91	90.32
6	0.00	0.71	7.59	91.71
7	0.00	0.67	7.28	92.05
8	0.00	0.68	3.67	95.65
9	0.00	0.67	3.70	95.63
10	0.00	0.69	3.63	95.68
11	0.00	0.70	3.64	95.67
12	0.00	0.69	3.64	95.67
13	0.00	0.66	3.56	95.78
14	0.00	0.67	3.66	95.67
15	0.00	0.70	3.80	95.50
16	0.00	0.68	3.77	95.55
17	0.00	0.66	3.69	95.65
18	0.00	1.33	6.56	92.11
19	0.00	1.30	6.56	92.15
20	0.00	1.31	6.63	92.06
21	0.00	1.36	6.74	91.90
22	0.00	1.31	6.63	92.06
23	0.00	1.27	6.64	92.09
24	0.00	1.22	6.46	92.32
25	0.00	1.18	6.42	92.40
26	0.00	1.16	6.37	92.47
27	0.00	1.15	6.29	92.56
28	0.00	1.21	6.69	92.10
29	0.00	1.09	6.38	92.53
30	0.00	1.10	6.48	92.42
31	0.00	1.05	6.39	92.56
32	0.00	1.01	6.35	92.64
33	0.00	0.97	6.24	92.79
34	0.00	0.94	6.19	92.86
35	0.00	0.92	6.27	92.81
36	0.00	0.91	6.33	92.76
37	0.00	0.87	6.24	92.88
38	0.00	0.89	6.42	92.69
39	0.00	0.86	6.29	92.86
40	0.00	0.87	6.39	92.74
41	0.00	0.83	6.28	92.89
42	0.00	0.82	6.23	92.95
43	0.00	0.84	6.33	92.83
44	0.00	0.81	6.16	93.03
45	0.00	0.81	6.11	93.08
46	0.00	0.85	6.26	92.89
47	0.00	0.79	6.17	93.04
48	0.00	0.77	6.07	93.17
49	0.00	0.79	6.05	93.16
50	0.00	0.79	5.99	93.22
51	0.00	0.77	5.92	93.32
52	0.00	0.77	5.96	93.26
53	0.00	0.76	5.84	93.39
54	0.00	0.82	6.05	93.14
55	0.00	0.51	5.25	94.24
56	0.00	0.55	4.52	94.93
57	0.00	0.57	4.72	94.70
58	0.00	0.66	5.17	94.17
59	0.00	0.67	5.32	94.00
60	0.00	0.68	5.32	93.99
61	0.00	0.68	5.43	93.89
62	0.00	0.70	5.42	93.87
63	0.00	0.69	5.48	93.83
64	0.00	0.73	5.63	93.64
65	0.00	0.74	5.71	93.55
66	0.00	0.70	5.63	93.67
67	0.00	0.70	5.62	93.68
68	0.00	0.58	5.22	94.20
69	0.00	0.56	5.01	94.43
70	0.00	0.56	4.93	94.51
71	0.00	0.57	4.97	94.46
72	0.00	0.52	4.74	94.74
73	0.00	0.54	4.88	94.58
74	0.00	0.50	4.70	94.80
75	0.00	0.50	4.70	94.80
76	0.00	0.54	4.89	94.57
77	0.00	0.53	4.94	94.53
78	0.00	0.48	4.68	94.84
79	0.00	0.50	4.78	94.71
80	0.00	0.49	4.79	94.72
81	0.00	0.49	4.81	94.71
82	0.00	0.52	4.97	94.51
83	0.00	0.54	5.09	94.37
84	0.00	0.53	5.07	94.40
85	0.00	0.55	5.19	94.27
86	0.00	0.58	5.35	94.08
87	0.00	0.57	5.32	94.10
88	0.00	0.59	5.37	94.04
89	0.00	0.62	5.51	93.87
90	0.00	0.58	5.37	94.05
91	0.00	0.62	5.51	93.86
92	0.00	0.66	5.66	93.68
93	0.00	0.67	5.76	93.57
94	0.00	0.67	5.86	93.47
95	0.00	0.72	6.12	93.16
96	0.00	0.73	6.22	93.05
97	0.00	0.72	6.28	93.00
98	0.00	0.74	6.38	92.88
99	0.00	0.75	6.54	92.71
100	0.00	0.83	6.74	92.44




