Parameters
	Library type	Paired-end
	Input files	KU330797-16_C_L004_R1_011.trimmed.fastq.gz	KU330797-16_C_L004_R2_011.trimmed.fastq.gz
	Primer/Adaptor library	NA
	Cut-off read length for HQ	70%
	Cut-off quality score	20
	Only statistics	On
	Number of CPUs	2


QC statistics
	File name	KU330797-16_C_L004_R1_011.trimmed.fastq.gz	KU330797-16_C_L004_R2_011.trimmed.fastq.gz
	Total number of reads	4000000	4000000
	Total number of HQ reads	3988908	3988908
	Percentage of HQ reads	99.72%	99.72%
	Total number of bases	372580253	369839065
	Total number of bases in HQ reads	371917011	369668161
	Total number of HQ bases in HQ reads	370316821	368063273
	Percentage of HQ bases in HQ reads	99.57%	99.57%
	Number of Primer/Adaptor contaminated HQ reads	NA	NA
	Total number of HQ filtered reads	3988908	3988908
	Percentage of HQ filtered reads	99.72%	99.72%


Detailed QC statistics
	File name	KU330797-16_C_L004_R1_011.trimmed.fastq.gz	KU330797-16_C_L004_R2_011.trimmed.fastq.gz
	Minimum read length	1	1
	Maximum read length	100	100
	Average read length	93.15	92.46
	Total number of reads	4000000	4000000
	Total number of reads with non-ATGC bases	100	3541
	Percentage of reads with non-ATGC bases	0.00%	0.09%
	Total number of bases	372580253	369839065
	Total number of HQ bases	370955741	368186208
	Percentage of HQ bases	99.56%	99.55%
	Total number of non-ATGC bases	100	3541
	Percentage of non-ATGC bases	0.00%	0.00%


Average quality score at each base position of input reads

KU330797-16_C_L004_R1_011.trimmed.fastq.gz
32.51	32.87	33.00	36.29	36.25	36.25	36.24	36.24	37.95	37.93	37.92	37.90	37.88	39.36	39.30	39.22	39.20	39.20	39.22	39.17	39.13	39.06	38.95	38.94	38.84	38.77	38.67	38.60	38.50	38.42	38.31	38.18	38.08	37.97	37.85	37.74	37.62	37.48	37.39	37.25	37.09	37.23	37.17	37.11	36.99	36.92	36.84	36.72	36.59	36.58	36.55	36.40	36.29	36.17	36.07	35.89	35.71	35.54	35.37	35.24	35.08	34.90	34.73	34.52	34.32	34.15	33.89	33.69	33.42	33.13	32.88	32.62	32.31	31.68	31.63	30.59	31.00	31.13	31.01	30.87	30.66	30.47	30.24	30.03	29.79	29.60	29.42	29.20	29.04	28.88	28.71	28.49	28.35	28.18	27.98	27.84	27.68	27.49	27.30	25.97	

KU330797-16_C_L004_R2_011.trimmed.fastq.gz
35.95	36.39	36.54	36.61	32.32	32.66	32.76	35.95	35.93	35.94	35.91	35.87	37.44	37.46	37.43	37.33	37.32	38.69	38.61	38.52	38.49	38.41	38.39	38.33	38.24	38.20	38.10	38.05	37.97	37.90	37.80	37.74	37.63	37.55	37.43	37.36	37.28	37.14	37.05	36.97	36.86	36.74	36.66	36.55	36.40	36.33	36.38	36.30	36.23	36.12	36.02	35.87	35.77	35.60	34.64	34.92	35.15	35.16	35.11	34.97	34.85	34.70	34.57	34.40	34.25	34.07	33.89	33.86	33.74	33.66	33.50	33.32	33.14	32.99	32.81	32.60	32.37	32.17	31.93	31.72	31.48	31.25	31.02	30.80	30.60	30.37	30.19	29.99	29.81	29.61	29.42	29.24	29.06	28.89	28.72	28.55	28.28	28.10	27.94	27.83	





Read count (%) per base for different quality score ranges

	KU330797-16_C_L004_R1_011.trimmed.fastq.gz
Ranges	0-10	11-20	21-30	31-40
Base
1	0.00	0.87	7.33	91.79
2	0.00	0.44	6.21	93.35
3	0.00	0.34	5.68	93.98
4	0.00	0.31	2.32	97.37
5	0.00	0.33	2.60	97.07
6	0.00	0.35	2.58	97.07
7	0.00	0.36	2.60	97.04
8	0.00	0.36	2.61	97.03
9	0.00	0.36	2.66	96.97
10	0.00	0.37	2.72	96.90
11	0.00	0.37	2.72	96.90
12	0.00	0.38	2.78	96.84
13	0.00	0.39	2.83	96.78
14	0.00	0.86	5.22	93.92
15	0.00	0.91	5.40	93.69
16	0.00	0.93	5.55	93.52
17	0.00	0.92	5.42	93.65
18	0.00	0.89	5.34	93.77
19	0.00	0.89	5.39	93.73
20	0.00	0.89	5.36	93.76
21	0.00	0.90	5.36	93.74
22	0.00	0.90	5.40	93.70
23	0.00	0.93	5.55	93.52
24	0.00	0.90	5.53	93.56
25	0.00	0.93	5.63	93.44
26	0.00	0.92	5.53	93.56
27	0.00	0.93	5.59	93.48
28	0.00	0.87	5.49	93.64
29	0.00	0.87	5.55	93.58
30	0.00	0.83	5.46	93.71
31	0.00	0.82	5.55	93.63
32	0.00	0.83	5.70	93.47
33	0.00	0.81	5.66	93.54
34	0.00	0.78	5.74	93.47
35	0.00	0.78	5.75	93.47
36	0.00	0.77	5.73	93.50
37	0.00	0.77	5.68	93.55
38	0.00	0.77	5.75	93.48
39	0.00	0.75	5.60	93.65
40	0.00	0.76	5.65	93.59
41	0.00	0.78	5.77	93.45
42	0.00	0.70	5.62	93.69
43	0.00	0.73	5.66	93.61
44	0.00	0.74	5.60	93.66
45	0.00	0.77	5.72	93.50
46	0.00	0.75	5.61	93.65
47	0.00	0.72	5.48	93.80
48	0.00	0.74	5.55	93.71
49	0.00	0.76	5.63	93.61
50	0.00	0.69	5.40	93.91
51	0.00	0.66	5.12	94.22
52	0.00	0.69	5.27	94.04
53	0.00	0.68	5.20	94.12
54	0.00	0.67	5.04	94.30
55	0.00	0.63	5.00	94.37
56	0.00	0.66	5.10	94.24
57	0.00	0.67	5.19	94.14
58	0.00	0.69	5.23	94.08
59	0.00	0.68	5.34	93.98
60	0.00	0.61	5.11	94.28
61	0.00	0.62	5.10	94.28
62	0.00	0.62	5.10	94.28
63	0.00	0.61	5.10	94.29
64	0.00	0.64	5.24	94.12
65	0.00	0.63	5.36	94.01
66	0.00	0.61	5.27	94.11
67	0.00	0.66	5.53	93.81
68	0.00	0.63	5.52	93.85
69	0.00	0.67	5.72	93.61
70	0.00	0.68	5.83	93.49
71	0.00	0.69	5.94	93.38
72	0.00	0.69	6.10	93.21
73	0.00	0.68	6.15	93.17
74	0.00	0.95	7.87	91.18
75	0.00	0.73	6.83	92.44
76	0.00	0.70	10.06	89.24
77	0.00	0.56	6.78	92.67
78	0.00	0.54	5.77	93.68
79	0.00	0.58	5.75	93.67
80	0.00	0.55	5.57	93.88
81	0.00	0.58	5.63	93.79
82	0.00	0.58	5.57	93.85
83	0.00	0.61	5.80	93.59
84	0.00	0.62	5.82	93.56
85	0.00	0.67	6.13	93.20
86	0.00	0.69	6.24	93.07
87	0.00	0.70	6.31	92.99
88	0.00	0.78	6.70	92.52
89	0.00	0.76	6.73	92.52
90	0.00	0.77	6.74	92.49
91	0.00	0.82	6.94	92.24
92	0.00	0.91	7.42	91.66
93	0.00	0.90	7.40	91.71
94	0.00	0.91	7.55	91.53
95	0.00	0.99	7.89	91.12
96	0.00	0.93	7.83	91.23
97	0.00	0.92	7.85	91.23
98	0.00	0.93	8.16	90.91
99	0.00	0.98	8.40	90.62
100	0.00	2.81	17.28	79.91


	KU330797-16_C_L004_R2_011.trimmed.fastq.gz
Ranges	0-10	11-20	21-30	31-40
Base
1	0.09	1.84	3.36	94.71
2	0.00	0.86	2.41	96.73
3	0.00	0.54	1.90	97.57
4	0.00	0.45	1.68	97.86
5	0.00	0.72	9.03	90.25
6	0.00	0.64	7.23	92.13
7	0.00	0.61	6.96	92.42
8	0.00	0.59	3.38	96.02
9	0.00	0.61	3.50	95.89
10	0.00	0.62	3.37	96.01
11	0.00	0.62	3.40	95.98
12	0.00	0.62	3.45	95.92
13	0.00	0.64	3.53	95.82
14	0.00	0.61	3.41	95.98
15	0.00	0.60	3.38	96.03
16	0.00	0.63	3.60	95.76
17	0.00	0.59	3.45	95.96
18	0.00	1.25	6.30	92.45
19	0.00	1.25	6.38	92.36
20	0.00	1.27	6.38	92.35
21	0.00	1.20	6.22	92.59
22	0.00	1.18	6.21	92.61
23	0.00	1.18	6.30	92.52
24	0.00	1.14	6.18	92.68
25	0.00	1.12	6.22	92.66
26	0.00	1.06	6.05	92.89
27	0.00	1.08	6.11	92.81
28	0.00	1.08	6.27	92.65
29	0.00	1.06	6.17	92.77
30	0.00	1.01	6.09	92.89
31	0.00	1.00	6.06	92.94
32	0.00	0.94	5.97	93.09
33	0.00	0.92	5.99	93.08
34	0.00	0.89	5.97	93.14
35	0.00	0.88	6.06	93.06
36	0.00	0.83	5.92	93.24
37	0.00	0.82	5.90	93.28
38	0.00	0.83	6.09	93.09
39	0.00	0.80	6.03	93.18
40	0.00	0.78	5.91	93.30
41	0.00	0.79	5.99	93.22
42	0.00	0.79	6.01	93.20
43	0.00	0.77	5.91	93.32
44	0.00	0.77	5.89	93.34
45	0.00	0.81	6.04	93.16
46	0.00	0.76	5.81	93.43
47	0.00	0.72	5.74	93.54
48	0.00	0.74	5.79	93.46
49	0.00	0.75	5.76	93.49
50	0.00	0.75	5.79	93.46
51	0.00	0.72	5.60	93.68
52	0.00	0.73	5.67	93.60
53	0.00	0.71	5.50	93.79
54	0.00	0.75	5.63	93.62
55	0.00	0.47	4.89	94.64
56	0.00	0.50	4.26	95.24
57	0.00	0.55	4.55	94.90
58	0.00	0.63	4.99	94.37
59	0.00	0.63	5.08	94.28
60	0.00	0.66	5.23	94.11
61	0.00	0.66	5.20	94.14
62	0.00	0.68	5.24	94.09
63	0.00	0.65	5.24	94.11
64	0.00	0.65	5.30	94.05
65	0.00	0.66	5.28	94.07
66	0.00	0.66	5.36	93.98
67	0.00	0.66	5.41	93.93
68	0.00	0.57	5.08	94.36
69	0.00	0.56	4.95	94.50
70	0.00	0.51	4.65	94.84
71	0.00	0.51	4.66	94.83
72	0.00	0.53	4.73	94.75
73	0.00	0.51	4.70	94.79
74	0.00	0.48	4.58	94.94
75	0.00	0.47	4.56	94.97
76	0.00	0.47	4.60	94.93
77	0.00	0.49	4.73	94.78
78	0.00	0.48	4.71	94.81
79	0.00	0.51	4.85	94.63
80	0.00	0.50	4.87	94.63
81	0.00	0.51	4.98	94.51
82	0.00	0.52	5.03	94.46
83	0.00	0.53	5.10	94.37
84	0.00	0.54	5.15	94.31
85	0.00	0.53	5.10	94.37
86	0.00	0.55	5.30	94.15
87	0.00	0.53	5.21	94.26
88	0.00	0.56	5.31	94.12
89	0.00	0.58	5.37	94.06
90	0.00	0.62	5.61	93.77
91	0.00	0.65	5.75	93.60
92	0.00	0.67	5.90	93.43
93	0.00	0.71	6.11	93.18
94	0.00	0.73	6.21	93.06
95	0.00	0.75	6.34	92.91
96	0.00	0.76	6.53	92.70
97	0.00	0.73	6.35	92.92
98	0.00	0.73	6.43	92.83
99	0.00	0.76	6.58	92.66
100	0.00	0.80	6.66	92.54




