Parameters
	Library type	Paired-end
	Input files	KU330797-16_C_L004_R1_017.trimmed.fastq.gz	KU330797-16_C_L004_R2_017.trimmed.fastq.gz
	Primer/Adaptor library	NA
	Cut-off read length for HQ	70%
	Cut-off quality score	20
	Only statistics	On
	Number of CPUs	2


QC statistics
	File name	KU330797-16_C_L004_R1_017.trimmed.fastq.gz	KU330797-16_C_L004_R2_017.trimmed.fastq.gz
	Total number of reads	4000000	4000000
	Total number of HQ reads	3989306	3989306
	Percentage of HQ reads	99.73%	99.73%
	Total number of bases	371755024	368748677
	Total number of bases in HQ reads	371129101	368589057
	Total number of HQ bases in HQ reads	369563026	367009021
	Percentage of HQ bases in HQ reads	99.58%	99.57%
	Number of Primer/Adaptor contaminated HQ reads	NA	NA
	Total number of HQ filtered reads	3989306	3989306
	Percentage of HQ filtered reads	99.73%	99.73%


Detailed QC statistics
	File name	KU330797-16_C_L004_R1_017.trimmed.fastq.gz	KU330797-16_C_L004_R2_017.trimmed.fastq.gz
	Minimum read length	1	1
	Maximum read length	100	100
	Average read length	92.94	92.19
	Total number of reads	4000000	4000000
	Total number of reads with non-ATGC bases	105	3062
	Percentage of reads with non-ATGC bases	0.00%	0.08%
	Total number of bases	371755024	368748677
	Total number of HQ bases	370165077	367120149
	Percentage of HQ bases	99.57%	99.56%
	Total number of non-ATGC bases	105	3062
	Percentage of non-ATGC bases	0.00%	0.00%


Average quality score at each base position of input reads

KU330797-16_C_L004_R1_017.trimmed.fastq.gz
32.56	32.92	33.03	36.30	36.27	36.27	36.25	36.26	37.97	37.97	37.96	37.94	37.94	39.40	39.39	39.31	39.31	39.23	39.26	39.24	39.18	39.12	39.04	38.99	38.90	38.81	38.68	38.61	38.50	38.42	38.33	38.19	38.07	37.98	37.86	37.73	37.60	37.46	37.35	37.21	37.08	37.18	37.10	37.03	36.96	36.86	36.74	36.57	36.47	36.52	36.40	36.32	36.23	36.11	35.99	35.85	35.70	35.55	35.37	35.18	35.04	34.90	34.69	34.48	34.32	34.10	33.87	33.67	33.43	33.08	32.86	32.59	32.28	31.72	31.65	30.56	30.97	31.10	31.01	30.83	30.63	30.43	30.19	29.94	29.72	29.54	29.37	29.17	29.00	28.83	28.65	28.50	28.32	28.15	27.97	27.80	27.65	27.47	27.30	26.18	

KU330797-16_C_L004_R2_017.trimmed.fastq.gz
35.96	36.42	36.56	36.63	32.08	32.56	32.72	35.97	35.97	35.95	35.93	35.89	37.50	37.46	37.42	37.40	37.35	38.74	38.66	38.58	38.52	38.48	38.45	38.34	38.32	38.22	38.16	38.08	38.01	37.94	37.85	37.75	37.64	37.54	37.46	37.34	37.25	37.14	37.04	36.94	36.85	36.72	36.65	36.54	36.37	36.29	36.29	36.25	36.17	36.07	35.95	35.80	35.68	35.55	34.51	34.81	35.04	35.05	34.97	34.86	34.72	34.58	34.43	34.22	34.09	33.90	33.72	33.71	33.65	33.51	33.40	33.22	33.06	32.90	32.71	32.48	32.27	32.06	31.85	31.59	31.37	31.14	30.94	30.70	30.48	30.26	30.05	29.86	29.67	29.48	29.28	29.08	28.89	28.73	28.60	28.43	28.15	27.98	27.80	27.63	





Read count (%) per base for different quality score ranges

	KU330797-16_C_L004_R1_017.trimmed.fastq.gz
Ranges	0-10	11-20	21-30	31-40
Base
1	0.00	0.84	7.10	92.05
2	0.00	0.42	5.99	93.59
3	0.00	0.33	5.62	94.05
4	0.00	0.30	2.32	97.37
5	0.00	0.33	2.51	97.16
6	0.00	0.35	2.48	97.18
7	0.00	0.37	2.61	97.02
8	0.00	0.35	2.51	97.14
9	0.00	0.37	2.66	96.97
10	0.00	0.36	2.61	97.03
11	0.00	0.36	2.62	97.01
12	0.00	0.37	2.67	96.96
13	0.00	0.37	2.67	96.96
14	0.00	0.88	5.31	93.81
15	0.00	0.87	5.26	93.87
16	0.00	0.94	5.43	93.63
17	0.00	0.90	5.30	93.79
18	0.00	0.96	5.49	93.55
19	0.00	0.92	5.43	93.66
20	0.00	0.90	5.34	93.76
21	0.00	0.91	5.39	93.70
22	0.00	0.91	5.39	93.70
23	0.00	0.92	5.42	93.67
24	0.00	0.94	5.52	93.54
25	0.00	0.92	5.58	93.50
26	0.00	0.94	5.57	93.50
27	0.00	0.96	5.65	93.39
28	0.00	0.90	5.57	93.52
29	0.00	0.91	5.64	93.46
30	0.00	0.85	5.56	93.59
31	0.00	0.82	5.50	93.68
32	0.00	0.83	5.70	93.47
33	0.00	0.82	5.75	93.44
34	0.00	0.79	5.71	93.50
35	0.00	0.79	5.75	93.46
36	0.00	0.80	5.79	93.41
37	0.00	0.78	5.78	93.44
38	0.00	0.79	5.76	93.45
39	0.00	0.77	5.68	93.55
40	0.00	0.78	5.72	93.50
41	0.00	0.78	5.69	93.53
42	0.00	0.73	5.60	93.68
43	0.00	0.77	5.70	93.54
44	0.00	0.75	5.66	93.59
45	0.00	0.75	5.53	93.72
46	0.00	0.74	5.53	93.72
47	0.00	0.74	5.52	93.73
48	0.00	0.79	5.73	93.47
49	0.00	0.79	5.67	93.54
50	0.00	0.69	5.36	93.96
51	0.00	0.73	5.39	93.88
52	0.00	0.70	5.24	94.06
53	0.00	0.68	5.11	94.21
54	0.00	0.66	5.03	94.31
55	0.00	0.65	5.04	94.31
56	0.00	0.65	4.99	94.35
57	0.00	0.67	5.03	94.31
58	0.00	0.65	4.97	94.38
59	0.00	0.66	5.15	94.19
60	0.00	0.66	5.19	94.15
61	0.00	0.62	5.05	94.33
62	0.00	0.60	4.92	94.48
63	0.00	0.63	5.06	94.31
64	0.00	0.65	5.20	94.15
65	0.00	0.62	5.14	94.25
66	0.00	0.63	5.23	94.14
67	0.00	0.64	5.39	93.97
68	0.00	0.63	5.34	94.03
69	0.00	0.63	5.47	93.90
70	0.00	0.74	5.92	93.34
71	0.00	0.70	5.87	93.44
72	0.00	0.72	6.01	93.27
73	0.00	0.72	6.15	93.13
74	0.00	0.91	7.48	91.62
75	0.00	0.71	6.52	92.77
76	0.00	0.68	9.89	89.42
77	0.00	0.58	6.66	92.76
78	0.00	0.54	5.69	93.77
79	0.00	0.56	5.44	94.00
80	0.00	0.59	5.42	93.99
81	0.00	0.58	5.37	94.05
82	0.00	0.58	5.35	94.07
83	0.00	0.61	5.60	93.79
84	0.00	0.68	5.86	93.46
85	0.00	0.70	6.02	93.28
86	0.00	0.68	6.02	93.30
87	0.00	0.69	6.02	93.28
88	0.00	0.74	6.26	93.00
89	0.00	0.77	6.31	92.92
90	0.00	0.78	6.46	92.76
91	0.00	0.82	6.64	92.54
92	0.00	0.84	6.75	92.41
93	0.00	0.88	6.97	92.15
94	0.00	0.89	7.15	91.96
95	0.00	0.92	7.36	91.72
96	0.00	0.93	7.48	91.60
97	0.00	0.92	7.50	91.58
98	0.00	0.92	7.70	91.37
99	0.00	0.94	7.89	91.17
100	0.00	2.38	15.21	82.42


	KU330797-16_C_L004_R2_017.trimmed.fastq.gz
Ranges	0-10	11-20	21-30	31-40
Base
1	0.08	1.81	3.24	94.87
2	0.00	0.83	2.33	96.84
3	0.00	0.52	1.82	97.66
4	0.00	0.44	1.61	97.95
5	0.00	0.79	10.31	88.90
6	0.00	0.61	7.31	92.08
7	0.00	0.61	6.95	92.44
8	0.00	0.58	3.25	96.18
9	0.00	0.57	3.20	96.23
10	0.00	0.62	3.26	96.13
11	0.00	0.61	3.25	96.14
12	0.00	0.62	3.30	96.08
13	0.00	0.60	3.29	96.11
14	0.00	0.62	3.32	96.07
15	0.00	0.61	3.34	96.05
16	0.00	0.59	3.27	96.14
17	0.00	0.57	3.27	96.15
18	0.00	1.26	6.22	92.52
19	0.00	1.24	6.30	92.46
20	0.00	1.24	6.26	92.50
21	0.00	1.20	6.19	92.61
22	0.00	1.15	6.05	92.80
23	0.00	1.17	6.18	92.65
24	0.00	1.21	6.26	92.53
25	0.00	1.10	5.97	92.93
26	0.00	1.09	6.03	92.88
27	0.00	1.04	5.91	93.04
28	0.00	1.10	6.20	92.71
29	0.00	1.05	6.10	92.86
30	0.00	1.00	5.96	93.04
31	0.00	0.98	5.89	93.13
32	0.00	0.94	5.95	93.11
33	0.00	0.93	5.98	93.10
34	0.00	0.91	5.94	93.15
35	0.00	0.87	5.92	93.21
36	0.00	0.87	6.02	93.11
37	0.00	0.84	5.99	93.16
38	0.00	0.82	6.01	93.17
39	0.00	0.81	6.01	93.18
40	0.00	0.81	5.98	93.21
41	0.00	0.79	5.88	93.33
42	0.00	0.80	5.99	93.21
43	0.00	0.77	5.84	93.39
44	0.00	0.77	5.83	93.40
45	0.00	0.81	6.01	93.17
46	0.00	0.78	5.83	93.38
47	0.00	0.77	5.94	93.28
48	0.00	0.74	5.72	93.54
49	0.00	0.75	5.71	93.54
50	0.00	0.76	5.71	93.53
51	0.00	0.72	5.58	93.70
52	0.00	0.74	5.64	93.62
53	0.00	0.73	5.55	93.73
54	0.00	0.72	5.48	93.80
55	0.00	0.51	4.94	94.55
56	0.00	0.50	4.25	95.25
57	0.00	0.54	4.43	95.04
58	0.00	0.63	4.87	94.49
59	0.00	0.66	5.18	94.15
60	0.00	0.66	5.09	94.24
61	0.00	0.68	5.18	94.15
62	0.00	0.67	5.19	94.14
63	0.00	0.67	5.24	94.10
64	0.00	0.71	5.44	93.84
65	0.00	0.65	5.29	94.06
66	0.00	0.69	5.44	93.87
67	0.00	0.68	5.45	93.87
68	0.00	0.59	5.12	94.29
69	0.00	0.55	4.83	94.62
70	0.00	0.57	4.88	94.56
71	0.00	0.51	4.63	94.85
72	0.00	0.53	4.68	94.79
73	0.00	0.51	4.59	94.90
74	0.00	0.48	4.47	95.05
75	0.00	0.48	4.48	95.04
76	0.00	0.50	4.64	94.86
77	0.00	0.48	4.65	94.86
78	0.00	0.49	4.69	94.81
79	0.00	0.48	4.68	94.84
80	0.00	0.52	4.85	94.63
81	0.00	0.51	4.85	94.64
82	0.00	0.53	4.93	94.54
83	0.00	0.50	4.85	94.65
84	0.00	0.54	5.03	94.43
85	0.00	0.54	5.08	94.37
86	0.00	0.55	5.16	94.29
87	0.00	0.57	5.25	94.18
88	0.00	0.57	5.25	94.17
89	0.00	0.58	5.32	94.09
90	0.00	0.61	5.47	93.92
91	0.00	0.66	5.65	93.69
92	0.00	0.69	5.92	93.39
93	0.00	0.74	6.14	93.12
94	0.00	0.75	6.13	93.12
95	0.00	0.71	6.07	93.21
96	0.00	0.73	6.19	93.07
97	0.00	0.77	6.37	92.86
98	0.00	0.73	6.38	92.88
99	0.00	0.77	6.59	92.64
100	0.00	0.88	6.95	92.17




