Parameters
	Library type	Paired-end
	Input files	KU330797-16_C_L004_R1_039.trimmed.fastq.gz	KU330797-16_C_L004_R2_039.trimmed.fastq.gz
	Primer/Adaptor library	NA
	Cut-off read length for HQ	70%
	Cut-off quality score	20
	Only statistics	On
	Number of CPUs	2


QC statistics
	File name	KU330797-16_C_L004_R1_039.trimmed.fastq.gz	KU330797-16_C_L004_R2_039.trimmed.fastq.gz
	Total number of reads	4000000	4000000
	Total number of HQ reads	3982370	3982370
	Percentage of HQ reads	99.56%	99.56%
	Total number of bases	366001228	357982108
	Total number of bases in HQ reads	365030102	357757872
	Total number of HQ bases in HQ reads	363145043	355677847
	Percentage of HQ bases in HQ reads	99.48%	99.42%
	Number of Primer/Adaptor contaminated HQ reads	NA	NA
	Total number of HQ filtered reads	3982370	3982370
	Percentage of HQ filtered reads	99.56%	99.56%


Detailed QC statistics
	File name	KU330797-16_C_L004_R1_039.trimmed.fastq.gz	KU330797-16_C_L004_R2_039.trimmed.fastq.gz
	Minimum read length	1	1
	Maximum read length	100	100
	Average read length	91.50	89.50
	Total number of reads	4000000	4000000
	Total number of reads with non-ATGC bases	112	5592
	Percentage of reads with non-ATGC bases	0.00%	0.14%
	Total number of bases	366001228	357982108
	Total number of HQ bases	364079098	355823803
	Percentage of HQ bases	99.47%	99.40%
	Total number of non-ATGC bases	112	5592
	Percentage of non-ATGC bases	0.00%	0.00%


Average quality score at each base position of input reads

KU330797-16_C_L004_R1_039.trimmed.fastq.gz
32.10	32.62	32.80	36.14	36.08	36.06	36.06	36.08	37.76	37.75	37.72	37.68	37.68	39.03	39.01	38.97	38.96	38.90	38.93	38.87	38.81	38.76	38.65	38.59	38.43	38.35	38.25	38.14	38.04	37.93	37.82	37.68	37.57	37.42	37.23	37.07	36.94	36.77	36.65	36.43	36.35	36.45	36.32	36.23	36.15	36.05	35.93	35.80	35.64	35.70	35.60	35.50	35.36	35.23	35.00	34.86	34.73	34.57	34.41	34.25	34.03	33.83	33.68	33.48	33.26	33.09	32.90	32.64	32.36	32.05	31.85	31.60	31.33	31.12	30.87	30.01	30.20	30.21	30.08	29.90	29.68	29.44	29.18	28.98	28.77	28.53	28.34	28.16	27.98	27.82	27.62	27.44	27.26	27.12	26.97	26.81	26.63	26.44	26.25	24.99	

KU330797-16_C_L004_R2_039.trimmed.fastq.gz
35.84	36.22	36.39	36.46	31.21	31.79	32.15	35.57	35.61	35.57	35.55	35.49	36.97	36.97	36.94	36.83	36.83	38.06	37.98	37.88	37.78	37.73	37.63	37.58	37.46	37.34	37.22	37.22	37.08	37.00	36.84	36.79	36.67	36.56	36.38	36.31	36.15	35.98	35.91	35.84	35.71	35.57	35.46	35.34	35.18	34.99	34.99	34.98	34.86	34.74	34.59	34.39	34.23	34.02	33.17	33.41	33.57	33.52	33.44	33.24	33.13	32.94	32.79	32.61	32.44	32.29	32.09	31.98	31.95	31.81	31.65	31.48	31.30	31.08	30.91	30.75	30.45	30.24	29.96	29.80	29.57	29.34	29.15	28.90	28.65	28.49	28.26	28.06	27.85	27.68	27.42	27.26	27.06	26.87	26.71	26.51	26.14	26.03	25.90	25.74	





Read count (%) per base for different quality score ranges

	KU330797-16_C_L004_R1_039.trimmed.fastq.gz
Ranges	0-10	11-20	21-30	31-40
Base
1	0.00	1.60	9.84	88.56
2	0.00	0.75	8.10	91.15
3	0.00	0.46	7.43	92.11
4	0.00	0.39	2.90	96.71
5	0.00	0.45	3.28	96.28
6	0.00	0.48	3.38	96.14
7	0.00	0.49	3.39	96.12
8	0.00	0.47	3.25	96.28
9	0.00	0.47	3.29	96.24
10	0.00	0.47	3.31	96.22
11	0.00	0.49	3.40	96.12
12	0.00	0.51	3.51	95.98
13	0.00	0.51	3.49	96.00
14	0.00	1.12	6.32	92.56
15	0.00	1.10	6.26	92.64
16	0.00	1.12	6.32	92.56
17	0.00	1.07	6.20	92.73
18	0.00	1.09	6.30	92.61
19	0.00	1.08	6.29	92.63
20	0.00	1.08	6.23	92.69
21	0.00	1.08	6.27	92.65
22	0.00	1.06	6.26	92.68
23	0.00	1.09	6.30	92.62
24	0.00	1.10	6.42	92.48
25	0.00	1.17	6.71	92.12
26	0.00	1.14	6.49	92.37
27	0.00	1.12	6.50	92.38
28	0.00	1.08	6.47	92.46
29	0.00	1.03	6.40	92.57
30	0.00	1.02	6.41	92.57
31	0.00	0.99	6.36	92.66
32	0.00	0.99	6.49	92.51
33	0.00	0.95	6.48	92.57
34	0.00	0.95	6.62	92.44
35	0.00	1.01	6.83	92.16
36	0.00	0.99	6.89	92.12
37	0.00	0.95	6.75	92.30
38	0.00	0.97	6.80	92.22
39	0.00	0.93	6.68	92.39
40	0.00	1.01	6.90	92.09
41	0.00	0.91	6.61	92.47
42	0.00	0.86	6.44	92.70
43	0.00	0.92	6.70	92.38
44	0.00	0.92	6.55	92.53
45	0.00	0.89	6.43	92.68
46	0.00	0.87	6.39	92.73
47	0.00	0.86	6.33	92.81
48	0.00	0.88	6.31	92.82
49	0.00	0.92	6.43	92.66
50	0.00	0.79	6.07	93.14
51	0.00	0.82	6.04	93.14
52	0.00	0.79	5.92	93.29
53	0.00	0.81	5.91	93.28
54	0.00	0.79	5.90	93.31
55	0.00	0.86	6.19	92.95
56	0.00	0.80	6.02	93.18
57	0.00	0.76	5.82	93.42
58	0.00	0.76	5.77	93.47
59	0.00	0.75	5.84	93.41
60	0.00	0.72	5.73	93.55
61	0.00	0.75	5.79	93.46
62	0.00	0.75	5.87	93.38
63	0.00	0.70	5.67	93.62
64	0.00	0.71	5.78	93.51
65	0.00	0.72	5.87	93.40
66	0.00	0.69	5.81	93.50
67	0.00	0.68	5.73	93.59
68	0.00	0.72	5.95	93.33
69	0.00	0.75	6.27	92.99
70	0.00	0.74	6.29	92.96
71	0.00	0.71	6.18	93.11
72	0.00	0.73	6.34	92.93
73	0.00	0.76	6.58	92.66
74	0.00	0.71	6.43	92.86
75	0.00	0.73	6.52	92.75
76	0.00	0.69	8.84	90.47
77	0.00	0.61	6.85	92.54
78	0.00	0.62	6.20	93.18
79	0.00	0.61	6.00	93.39
80	0.00	0.61	5.95	93.44
81	0.00	0.65	6.03	93.32
82	0.00	0.69	6.24	93.07
83	0.00	0.75	6.61	92.64
84	0.00	0.74	6.63	92.63
85	0.00	0.77	6.77	92.47
86	0.00	0.84	7.08	92.08
87	0.00	0.84	7.10	92.06
88	0.00	0.85	7.17	91.98
89	0.00	0.88	7.27	91.85
90	0.00	0.87	7.32	91.81
91	0.00	0.96	7.63	91.41
92	0.00	0.97	7.78	91.24
93	0.00	1.01	7.97	91.03
94	0.00	0.99	7.96	91.06
95	0.00	0.96	7.95	91.09
96	0.00	0.97	7.94	91.09
97	0.00	0.98	8.17	90.85
98	0.00	1.00	8.40	90.60
99	0.00	1.01	8.61	90.38
100	0.00	2.74	16.67	80.59


	KU330797-16_C_L004_R2_039.trimmed.fastq.gz
Ranges	0-10	11-20	21-30	31-40
Base
1	0.14	2.39	4.37	93.10
2	0.00	1.15	3.23	95.61
3	0.00	0.76	2.55	96.68
4	0.00	0.66	2.32	97.03
5	0.00	1.54	19.14	79.32
6	0.00	1.01	11.97	87.02
7	0.00	0.92	9.96	89.12
8	0.00	0.89	4.57	94.54
9	0.00	0.85	4.40	94.75
10	0.00	0.91	4.54	94.55
11	0.00	0.89	4.45	94.66
12	0.00	0.91	4.54	94.54
13	0.00	0.94	4.66	94.40
14	0.00	0.87	4.44	94.69
15	0.00	0.82	4.33	94.85
16	0.00	0.87	4.56	94.57
17	0.00	0.77	4.23	94.99
18	0.00	1.60	7.52	90.88
19	0.00	1.56	7.45	90.98
20	0.00	1.52	7.42	91.06
21	0.00	1.49	7.40	91.11
22	0.00	1.42	7.12	91.46
23	0.00	1.49	7.52	90.99
24	0.00	1.41	7.26	91.34
25	0.00	1.40	7.25	91.35
26	0.00	1.37	7.25	91.38
27	0.00	1.38	7.24	91.39
28	0.00	1.29	7.12	91.59
29	0.00	1.30	7.26	91.44
30	0.00	1.24	7.08	91.68
31	0.00	1.25	7.22	91.53
32	0.00	1.14	6.90	91.97
33	0.00	1.10	6.91	91.99
34	0.00	1.06	6.87	92.07
35	0.00	1.10	7.10	91.80
36	0.00	0.99	6.84	92.17
37	0.00	1.03	7.09	91.88
38	0.00	1.07	7.27	91.65
39	0.00	0.98	6.97	92.04
40	0.00	0.91	6.76	92.33
41	0.00	0.93	6.90	92.17
42	0.00	0.94	6.88	92.18
43	0.00	0.92	6.81	92.26
44	0.00	0.92	6.72	92.36
45	0.00	0.93	6.80	92.27
46	0.00	0.97	6.98	92.05
47	0.00	0.94	6.94	92.12
48	0.00	0.85	6.54	92.62
49	0.00	0.89	6.62	92.49
50	0.00	0.89	6.62	92.50
51	0.00	0.87	6.52	92.60
52	0.00	0.91	6.71	92.38
53	0.00	0.90	6.67	92.43
54	0.00	0.94	6.80	92.26
55	0.00	0.61	5.86	93.52
56	0.00	0.61	5.03	94.36
57	0.00	0.68	5.33	93.99
58	0.00	0.76	5.80	93.44
59	0.00	0.78	5.87	93.35
60	0.00	0.84	6.27	92.89
61	0.00	0.80	6.05	93.15
62	0.00	0.85	6.19	92.96
63	0.00	0.80	6.11	93.08
64	0.00	0.81	6.15	93.03
65	0.00	0.80	6.19	93.01
66	0.00	0.76	6.08	93.15
67	0.00	0.79	6.17	93.04
68	0.00	0.77	6.29	92.95
69	0.00	0.67	5.78	93.55
70	0.00	0.67	5.75	93.58
71	0.00	0.65	5.67	93.68
72	0.00	0.66	5.68	93.66
73	0.00	0.65	5.63	93.72
74	0.00	0.66	5.77	93.57
75	0.00	0.63	5.63	93.74
76	0.00	0.59	5.46	93.95
77	0.00	0.69	5.91	93.40
78	0.00	0.65	5.90	93.45
79	0.00	0.70	6.23	93.06
80	0.00	0.62	5.87	93.51
81	0.00	0.63	5.96	93.40
82	0.00	0.66	6.05	93.29
83	0.00	0.63	5.89	93.48
84	0.00	0.67	6.12	93.20
85	0.00	0.71	6.36	92.93
86	0.00	0.65	6.07	93.29
87	0.00	0.69	6.29	93.02
88	0.00	0.70	6.36	92.94
89	0.00	0.73	6.52	92.75
90	0.00	0.73	6.50	92.77
91	0.00	0.87	7.03	92.10
92	0.00	0.81	6.99	92.20
93	0.00	0.88	7.22	91.90
94	0.00	0.89	7.37	91.74
95	0.00	0.90	7.35	91.75
96	0.00	0.91	7.47	91.62
97	0.00	1.11	8.35	90.54
98	0.00	0.93	7.88	91.19
99	0.00	0.87	7.63	91.50
100	0.00	1.05	8.06	90.89




