Parameters
	Library type	Paired-end
	Input files	KU330797-16_C_L004_R1_029.trimmed.fastq.gz	KU330797-16_C_L004_R2_029.trimmed.fastq.gz
	Primer/Adaptor library	NA
	Cut-off read length for HQ	70%
	Cut-off quality score	20
	Only statistics	On
	Number of CPUs	2


QC statistics
	File name	KU330797-16_C_L004_R1_029.trimmed.fastq.gz	KU330797-16_C_L004_R2_029.trimmed.fastq.gz
	Total number of reads	4000000	4000000
	Total number of HQ reads	3983259	3983259
	Percentage of HQ reads	99.58%	99.58%
	Total number of bases	363378985	357575959
	Total number of bases in HQ reads	362468773	357300690
	Total number of HQ bases in HQ reads	360160656	355022594
	Percentage of HQ bases in HQ reads	99.36%	99.36%
	Number of Primer/Adaptor contaminated HQ reads	NA	NA
	Total number of HQ filtered reads	3983259	3983259
	Percentage of HQ filtered reads	99.58%	99.58%


Detailed QC statistics
	File name	KU330797-16_C_L004_R1_029.trimmed.fastq.gz	KU330797-16_C_L004_R2_029.trimmed.fastq.gz
	Minimum read length	1	1
	Maximum read length	100	100
	Average read length	90.84	89.39
	Total number of reads	4000000	4000000
	Total number of reads with non-ATGC bases	157	3539
	Percentage of reads with non-ATGC bases	0.00%	0.09%
	Total number of bases	363378985	357575959
	Total number of HQ bases	361028289	355213810
	Percentage of HQ bases	99.35%	99.34%
	Total number of non-ATGC bases	157	3539
	Percentage of non-ATGC bases	0.00%	0.00%


Average quality score at each base position of input reads

KU330797-16_C_L004_R1_029.trimmed.fastq.gz
31.48	32.20	32.55	35.89	35.88	35.90	35.90	35.93	37.50	37.51	37.49	37.44	37.47	38.58	38.59	38.60	38.58	38.55	38.57	38.53	38.49	38.42	38.36	38.25	38.17	38.04	37.79	37.73	37.67	37.58	37.49	37.36	37.25	37.12	37.00	36.85	36.70	36.55	36.41	36.28	36.10	36.16	36.11	36.03	35.92	35.70	35.62	35.51	35.38	35.37	35.31	35.15	35.05	34.91	34.58	34.40	34.24	33.95	33.83	33.67	33.50	33.31	33.16	32.95	32.75	32.52	32.33	32.12	31.90	31.67	31.41	31.19	30.97	30.60	30.36	29.55	29.72	29.73	29.60	29.40	29.22	29.00	28.78	28.54	28.37	28.15	27.82	27.64	27.25	27.08	26.91	26.74	26.57	26.45	26.28	26.12	25.96	25.80	25.58	24.13	

KU330797-16_C_L004_R2_029.trimmed.fastq.gz
35.66	36.11	36.32	36.41	31.54	31.99	32.21	35.40	35.43	35.43	35.39	35.36	36.82	36.79	36.70	36.68	36.61	37.78	37.72	37.65	37.52	37.40	37.40	37.35	37.24	37.07	37.06	36.97	36.87	36.73	36.60	36.53	36.46	36.32	36.16	36.10	35.96	35.86	35.75	35.64	35.50	35.37	35.28	35.16	34.93	34.85	34.80	34.76	34.64	34.50	34.40	34.22	34.07	33.94	32.99	33.20	33.34	33.33	33.23	33.09	32.92	32.75	32.60	32.45	32.31	32.13	31.90	31.84	31.75	31.62	31.47	31.30	31.12	30.94	30.73	30.52	30.32	30.11	29.90	29.72	29.46	29.25	29.03	28.81	28.63	28.41	28.21	28.03	27.85	27.64	27.45	27.26	27.00	26.55	26.44	26.30	26.11	25.97	25.79	25.69	





Read count (%) per base for different quality score ranges

	KU330797-16_C_L004_R1_029.trimmed.fastq.gz
Ranges	0-10	11-20	21-30	31-40
Base
1	0.00	3.61	12.74	83.65
2	0.00	1.65	10.82	87.53
3	0.00	1.01	9.29	89.71
4	0.00	0.69	3.83	95.48
5	0.00	0.67	4.15	95.18
6	0.00	0.67	4.11	95.22
7	0.00	0.66	4.22	95.12
8	0.00	0.63	4.13	95.24
9	0.00	0.62	4.15	95.23
10	0.00	0.60	4.13	95.27
11	0.00	0.61	4.17	95.22
12	0.00	0.64	4.33	95.03
13	0.00	0.62	4.24	95.14
14	0.00	2.24	6.98	90.78
15	0.00	1.62	7.12	91.26
16	0.00	1.42	6.86	91.72
17	0.00	1.36	6.82	91.82
18	0.00	1.34	6.86	91.80
19	0.00	1.30	6.92	91.78
20	0.00	1.24	6.89	91.87
21	0.00	1.22	6.84	91.94
22	0.00	1.21	6.89	91.90
23	0.00	1.18	6.81	92.02
24	0.00	1.26	7.13	91.61
25	0.00	1.20	7.06	91.74
26	0.00	1.22	7.09	91.69
27	0.00	1.81	7.26	90.93
28	0.00	1.45	7.33	91.22
29	0.00	1.24	7.11	91.66
30	0.00	1.14	7.08	91.78
31	0.00	1.10	7.03	91.87
32	0.00	1.09	7.14	91.77
33	0.00	1.05	7.15	91.80
34	0.00	1.04	7.18	91.79
35	0.00	1.02	7.19	91.80
36	0.00	1.04	7.27	91.69
37	0.00	1.02	7.30	91.68
38	0.00	1.01	7.27	91.73
39	0.00	1.00	7.27	91.73
40	0.00	0.97	7.14	91.89
41	0.00	1.00	7.27	91.73
42	0.00	0.95	7.20	91.85
43	0.00	0.95	7.14	91.91
44	0.00	0.94	7.02	92.04
45	0.00	0.95	7.00	92.05
46	0.00	1.38	7.22	91.40
47	0.00	1.09	7.14	91.78
48	0.00	1.00	7.05	91.95
49	0.00	1.01	7.00	91.99
50	0.00	0.93	6.75	92.33
51	0.00	0.87	6.47	92.66
52	0.00	0.87	6.48	92.65
53	0.00	0.82	6.28	92.90
54	0.00	0.84	6.29	92.88
55	0.00	0.81	6.12	93.07
56	0.00	0.82	6.21	92.96
57	0.00	0.81	6.15	93.04
58	0.00	0.91	6.60	92.49
59	0.00	0.80	6.33	92.87
60	0.00	0.79	6.22	92.99
61	0.00	0.77	6.20	93.03
62	0.00	0.77	6.22	93.01
63	0.00	0.74	6.09	93.18
64	0.00	0.75	6.19	93.06
65	0.00	0.75	6.21	93.03
66	0.00	0.76	6.34	92.90
67	0.00	0.75	6.32	92.93
68	0.00	0.75	6.34	92.91
69	0.00	0.73	6.38	92.88
70	0.00	0.75	6.44	92.81
71	0.00	0.76	6.66	92.58
72	0.00	0.73	6.61	92.65
73	0.00	0.74	6.60	92.66
74	0.00	0.76	6.81	92.43
75	0.00	0.73	6.84	92.43
76	0.00	0.69	9.12	90.19
77	0.00	0.63	7.17	92.20
78	0.00	0.62	6.56	92.82
79	0.00	0.63	6.35	93.01
80	0.00	0.68	6.43	92.89
81	0.00	0.65	6.31	93.04
82	0.00	0.68	6.43	92.88
83	0.00	0.71	6.63	92.66
84	0.00	0.76	6.90	92.34
85	0.00	0.74	6.81	92.45
86	0.00	0.80	7.08	92.11
87	0.00	0.86	7.34	91.80
88	0.00	0.87	7.35	91.78
89	0.00	1.16	7.53	91.31
90	0.00	1.05	7.77	91.18
91	0.00	1.01	7.99	91.00
92	0.00	1.05	8.12	90.83
93	0.00	1.06	8.24	90.70
94	0.00	0.99	8.14	90.88
95	0.00	1.02	8.25	90.72
96	0.00	1.01	8.30	90.68
97	0.00	1.00	8.38	90.62
98	0.00	1.00	8.51	90.50
99	0.00	0.97	8.48	90.55
100	0.00	2.78	17.02	80.20


	KU330797-16_C_L004_R2_029.trimmed.fastq.gz
Ranges	0-10	11-20	21-30	31-40
Base
1	0.09	2.84	5.22	91.86
2	0.00	1.44	3.71	94.85
3	0.00	0.88	2.94	96.17
4	0.00	0.76	2.67	96.58
5	0.00	1.45	15.94	82.61
6	0.00	1.12	11.87	87.01
7	0.00	1.05	10.80	88.15
8	0.00	1.25	5.43	93.32
9	0.00	1.07	5.33	93.60
10	0.00	1.07	5.27	93.66
11	0.00	1.07	5.31	93.62
12	0.00	1.05	5.23	93.72
13	0.00	1.02	5.18	93.79
14	0.00	0.99	5.13	93.88
15	0.00	1.00	5.26	93.74
16	0.00	0.95	5.10	93.94
17	0.00	0.94	5.11	93.95
18	0.00	1.70	8.10	90.21
19	0.00	1.64	7.91	90.46
20	0.00	1.57	7.86	90.57
21	0.00	1.58	8.00	90.42
22	0.00	1.60	8.01	90.39
23	0.00	1.56	7.93	90.51
24	0.00	1.47	7.72	90.81
25	0.00	1.45	7.75	90.80
26	0.00	1.52	7.92	90.55
27	0.00	1.36	7.48	91.17
28	0.00	1.38	7.77	90.85
29	0.00	1.34	7.69	90.97
30	0.00	1.36	7.76	90.88
31	0.00	1.32	7.73	90.95
32	0.00	1.23	7.57	91.20
33	0.00	1.17	7.42	91.40
34	0.00	1.15	7.50	91.35
35	0.00	1.16	7.66	91.18
36	0.00	1.08	7.43	91.49
37	0.00	1.08	7.55	91.37
38	0.00	1.05	7.50	91.45
39	0.00	1.02	7.50	91.48
40	0.00	1.00	7.41	91.58
41	0.00	1.02	7.50	91.49
42	0.00	1.01	7.48	91.51
43	0.00	0.98	7.34	91.68
44	0.00	0.96	7.28	91.75
45	0.00	1.28	7.58	91.15
46	0.00	1.05	7.32	91.63
47	0.00	1.04	7.49	91.46
48	0.00	0.99	7.25	91.76
49	0.00	1.07	7.17	91.76
50	0.00	1.05	7.34	91.60
51	0.00	0.93	7.00	92.07
52	0.00	0.94	7.13	91.93
53	0.00	0.92	7.08	92.00
54	0.00	0.90	6.90	92.20
55	0.00	0.67	6.38	92.95
56	0.00	0.65	5.59	93.76
57	0.00	0.73	5.94	93.33
58	0.00	0.80	6.24	92.96
59	0.00	0.82	6.38	92.80
60	0.00	0.83	6.45	92.73
61	0.00	0.85	6.60	92.56
62	0.00	0.83	6.53	92.64
63	0.00	0.82	6.50	92.67
64	0.00	0.80	6.46	92.74
65	0.00	0.77	6.35	92.88
66	0.00	0.79	6.41	92.80
67	0.00	0.85	6.63	92.53
68	0.00	0.73	6.37	92.90
69	0.00	0.68	6.07	93.25
70	0.00	0.65	5.91	93.44
71	0.00	0.64	5.84	93.51
72	0.00	0.65	5.87	93.47
73	0.00	0.64	5.88	93.48
74	0.00	0.63	5.86	93.50
75	0.00	0.63	5.95	93.42
76	0.00	0.64	5.99	93.37
77	0.00	0.64	5.98	93.38
78	0.00	0.62	6.01	93.37
79	0.00	0.63	6.05	93.32
80	0.00	0.58	5.85	93.57
81	0.00	0.65	6.12	93.23
82	0.00	0.63	6.14	93.23
83	0.00	0.64	6.22	93.14
84	0.00	0.66	6.30	93.05
85	0.00	0.64	6.21	93.15
86	0.00	0.66	6.34	93.00
87	0.00	0.68	6.42	92.89
88	0.00	0.68	6.41	92.91
89	0.00	0.69	6.43	92.88
90	0.00	0.75	6.72	92.53
91	0.00	0.73	6.70	92.57
92	0.00	0.78	6.91	92.31
93	0.00	0.77	6.85	92.38
94	0.00	1.12	7.49	91.38
95	0.00	0.95	7.49	91.56
96	0.00	0.87	7.39	91.75
97	0.00	0.85	7.31	91.84
98	0.00	0.81	7.29	91.90
99	0.00	0.88	7.65	91.47
100	0.00	0.92	7.62	91.45




