Parameters
	Library type	Paired-end
	Input files	KU330797-16_C_L004_R1_044.trimmed.fastq.gz	KU330797-16_C_L004_R2_044.trimmed.fastq.gz
	Primer/Adaptor library	NA
	Cut-off read length for HQ	70%
	Cut-off quality score	20
	Only statistics	On
	Number of CPUs	2


QC statistics
	File name	KU330797-16_C_L004_R1_044.trimmed.fastq.gz	KU330797-16_C_L004_R2_044.trimmed.fastq.gz
	Total number of reads	4000000	4000000
	Total number of HQ reads	3981663	3981663
	Percentage of HQ reads	99.54%	99.54%
	Total number of bases	368198204	360200057
	Total number of bases in HQ reads	367189374	359944329
	Total number of HQ bases in HQ reads	365309466	357829747
	Percentage of HQ bases in HQ reads	99.49%	99.41%
	Number of Primer/Adaptor contaminated HQ reads	NA	NA
	Total number of HQ filtered reads	3981663	3981663
	Percentage of HQ filtered reads	99.54%	99.54%


Detailed QC statistics
	File name	KU330797-16_C_L004_R1_044.trimmed.fastq.gz	KU330797-16_C_L004_R2_044.trimmed.fastq.gz
	Minimum read length	1	1
	Maximum read length	100	100
	Average read length	92.05	90.05
	Total number of reads	4000000	4000000
	Total number of reads with non-ATGC bases	165	5888
	Percentage of reads with non-ATGC bases	0.00%	0.15%
	Total number of bases	368198204	360200057
	Total number of HQ bases	366277374	358006187
	Percentage of HQ bases	99.48%	99.39%
	Total number of non-ATGC bases	165	5888
	Percentage of non-ATGC bases	0.00%	0.00%


Average quality score at each base position of input reads

KU330797-16_C_L004_R1_044.trimmed.fastq.gz
32.03	32.52	32.69	36.05	36.01	36.00	36.02	36.02	37.66	37.63	37.62	37.61	37.56	38.93	38.90	38.86	38.84	38.77	38.77	38.76	38.71	38.60	38.54	38.51	38.41	38.32	38.23	38.12	38.02	37.90	37.80	37.64	37.54	37.40	37.30	37.18	37.02	36.87	36.77	36.62	36.47	36.57	36.53	36.46	36.36	36.23	36.14	35.99	35.86	35.84	35.78	35.66	35.51	35.40	35.25	35.10	34.95	34.75	34.64	34.45	34.28	34.08	33.90	33.70	33.51	33.33	33.14	32.91	32.64	32.38	32.17	31.96	31.71	31.41	31.18	30.37	30.52	30.55	30.40	30.21	30.03	29.82	29.58	29.37	29.18	28.97	28.76	28.63	28.44	28.27	28.09	27.92	27.76	27.63	27.43	27.29	27.14	26.97	26.82	25.58	

KU330797-16_C_L004_R2_044.trimmed.fastq.gz
35.76	36.18	36.37	36.45	31.20	31.78	32.13	35.54	35.56	35.55	35.54	35.52	37.00	36.97	36.87	36.84	36.76	38.01	37.94	37.87	37.79	37.70	37.53	37.48	37.44	37.37	37.31	37.25	37.17	37.06	36.95	36.83	36.61	36.51	36.47	36.35	36.23	36.15	36.05	35.89	35.82	35.71	35.57	35.47	35.33	35.20	35.24	35.16	35.07	34.95	34.83	34.66	34.52	34.37	33.48	33.71	33.82	33.83	33.72	33.62	33.45	33.28	33.12	32.97	32.79	32.63	32.44	32.27	32.18	32.06	31.88	31.71	31.58	31.40	31.19	30.98	30.78	30.45	30.23	30.00	29.81	29.59	29.35	29.16	28.94	28.73	28.52	28.34	28.16	28.01	27.80	27.65	27.48	27.30	27.14	26.96	26.78	26.63	26.47	26.32	





Read count (%) per base for different quality score ranges

	KU330797-16_C_L004_R1_044.trimmed.fastq.gz
Ranges	0-10	11-20	21-30	31-40
Base
1	0.00	1.64	10.22	88.13
2	0.00	0.77	8.76	90.47
3	0.00	0.56	8.08	91.36
4	0.00	0.46	3.24	96.30
5	0.00	0.49	3.52	95.99
6	0.00	0.53	3.58	95.88
7	0.00	0.50	3.51	95.98
8	0.00	0.50	3.53	95.97
9	0.00	0.51	3.58	95.92
10	0.00	0.53	3.65	95.82
11	0.00	0.53	3.69	95.79
12	0.00	0.53	3.69	95.79
13	0.00	0.56	3.85	95.59
14	0.00	1.09	6.35	92.55
15	0.00	1.08	6.37	92.54
16	0.00	1.13	6.42	92.45
17	0.00	1.13	6.35	92.53
18	0.00	1.17	6.49	92.35
19	0.00	1.16	6.53	92.31
20	0.00	1.12	6.38	92.49
21	0.00	1.12	6.41	92.47
22	0.00	1.14	6.56	92.30
23	0.00	1.12	6.48	92.40
24	0.00	1.09	6.53	92.38
25	0.00	1.13	6.62	92.25
26	0.00	1.14	6.62	92.25
27	0.00	1.11	6.53	92.36
28	0.00	1.08	6.58	92.34
29	0.00	1.05	6.57	92.38
30	0.00	1.03	6.57	92.40
31	0.00	0.99	6.57	92.45
32	0.00	1.00	6.76	92.24
33	0.00	0.97	6.71	92.31
34	0.00	0.97	6.85	92.17
35	0.00	0.95	6.76	92.30
36	0.00	0.93	6.73	92.34
37	0.00	0.94	6.86	92.19
38	0.00	0.95	6.84	92.21
39	0.00	0.92	6.66	92.43
40	0.00	0.93	6.73	92.34
41	0.00	0.93	6.78	92.30
42	0.00	0.87	6.65	92.48
43	0.00	0.86	6.59	92.55
44	0.00	0.88	6.56	92.57
45	0.00	0.88	6.52	92.59
46	0.00	0.91	6.62	92.47
47	0.00	0.87	6.45	92.68
48	0.00	0.90	6.61	92.49
49	0.00	0.89	6.55	92.56
50	0.00	0.81	6.35	92.83
51	0.00	0.80	6.11	93.09
52	0.00	0.79	6.03	93.18
53	0.00	0.80	6.06	93.14
54	0.00	0.77	5.91	93.32
55	0.00	0.77	5.92	93.31
56	0.00	0.76	5.86	93.38
57	0.00	0.75	5.83	93.42
58	0.00	0.79	5.97	93.25
59	0.00	0.71	5.79	93.49
60	0.00	0.73	5.82	93.45
61	0.00	0.72	5.73	93.55
62	0.00	0.73	5.84	93.44
63	0.00	0.72	5.82	93.46
64	0.00	0.72	5.86	93.41
65	0.00	0.70	5.86	93.44
66	0.00	0.68	5.83	93.49
67	0.00	0.67	5.78	93.55
68	0.00	0.68	5.89	93.43
69	0.00	0.72	6.13	93.15
70	0.00	0.68	6.05	93.27
71	0.00	0.68	6.05	93.28
72	0.00	0.65	6.02	93.33
73	0.00	0.68	6.15	93.17
74	0.00	0.73	6.51	92.76
75	0.00	0.70	6.48	92.82
76	0.00	0.66	8.59	90.75
77	0.00	0.62	6.89	92.49
78	0.00	0.59	6.14	93.28
79	0.00	0.60	6.00	93.40
80	0.00	0.63	5.99	93.38
81	0.00	0.60	5.88	93.52
82	0.00	0.62	5.96	93.42
83	0.00	0.69	6.26	93.05
84	0.00	0.70	6.38	92.92
85	0.00	0.69	6.39	92.92
86	0.00	0.74	6.56	92.70
87	0.00	0.78	6.77	92.45
88	0.00	0.74	6.65	92.61
89	0.00	0.79	6.84	92.37
90	0.00	0.83	7.04	92.14
91	0.00	0.88	7.22	91.91
92	0.00	0.91	7.44	91.65
93	0.00	0.93	7.53	91.54
94	0.00	0.89	7.45	91.65
95	0.00	0.98	7.85	91.17
96	0.00	0.93	7.81	91.26
97	0.00	0.93	7.82	91.25
98	0.00	0.95	8.05	91.00
99	0.00	0.93	8.05	91.02
100	0.00	2.50	15.85	81.66


	KU330797-16_C_L004_R2_044.trimmed.fastq.gz
Ranges	0-10	11-20	21-30	31-40
Base
1	0.15	2.60	4.79	92.47
2	0.00	1.22	3.48	95.30
3	0.00	0.80	2.66	96.54
4	0.00	0.68	2.39	96.93
5	0.00	1.59	19.78	78.63
6	0.00	1.04	12.80	86.16
7	0.00	0.95	10.65	88.41
8	0.00	0.91	4.85	94.25
9	0.00	0.89	4.81	94.31
10	0.00	0.93	4.77	94.30
11	0.00	0.90	4.68	94.42
12	0.00	0.89	4.60	94.51
13	0.00	0.89	4.68	94.43
14	0.00	0.86	4.62	94.52
15	0.00	0.90	4.81	94.29
16	0.00	0.86	4.65	94.49
17	0.00	0.85	4.75	94.41
18	0.00	1.58	7.61	90.81
19	0.00	1.55	7.52	90.94
20	0.00	1.51	7.48	91.01
21	0.00	1.48	7.44	91.07
22	0.00	1.45	7.39	91.16
23	0.00	2.29	7.67	90.04
24	0.00	1.73	7.75	90.52
25	0.00	1.52	7.37	91.11
26	0.00	1.47	7.27	91.25
27	0.00	1.38	7.14	91.48
28	0.00	1.36	7.40	91.23
29	0.00	1.28	7.24	91.48
30	0.00	1.23	7.25	91.52
31	0.00	1.19	7.20	91.62
32	0.00	1.17	7.23	91.61
33	0.00	1.65	7.35	91.01
34	0.00	1.35	7.44	91.21
35	0.00	1.19	7.12	91.69
36	0.00	1.14	7.18	91.68
37	0.00	1.13	7.25	91.62
38	0.00	1.04	7.15	91.81
39	0.00	0.99	7.13	91.88
40	0.00	1.02	7.32	91.67
41	0.00	0.95	7.09	91.96
42	0.00	0.93	7.03	92.04
43	0.00	0.96	7.11	91.93
44	0.00	0.92	6.96	92.12
45	0.00	0.94	7.01	92.06
46	0.00	0.93	6.94	92.14
47	0.00	0.87	6.87	92.26
48	0.00	0.88	6.85	92.28
49	0.00	0.88	6.81	92.31
50	0.00	0.89	6.80	92.31
51	0.00	0.85	6.69	92.46
52	0.00	0.87	6.69	92.44
53	0.00	0.87	6.65	92.48
54	0.00	0.87	6.62	92.52
55	0.00	0.60	5.81	93.59
56	0.00	0.62	5.26	94.12
57	0.00	0.74	5.77	93.49
58	0.00	0.75	5.90	93.35
59	0.00	0.78	6.16	93.06
60	0.00	0.77	6.05	93.18
61	0.00	0.79	6.11	93.09
62	0.00	0.81	6.20	92.99
63	0.00	0.78	6.28	92.94
64	0.00	0.77	6.19	93.03
65	0.00	0.78	6.26	92.96
66	0.00	0.76	6.19	93.04
67	0.00	0.79	6.26	92.95
68	0.00	0.72	6.13	93.15
69	0.00	0.68	5.81	93.52
70	0.00	0.64	5.67	93.69
71	0.00	0.66	5.72	93.62
72	0.00	0.65	5.71	93.64
73	0.00	0.59	5.48	93.93
74	0.00	0.59	5.50	93.91
75	0.00	0.60	5.60	93.80
76	0.00	0.60	5.66	93.74
77	0.00	0.58	5.60	93.82
78	0.00	0.57	5.57	93.86
79	0.00	0.58	5.63	93.80
80	0.00	0.59	5.72	93.70
81	0.00	0.57	5.66	93.77
82	0.00	0.58	5.71	93.71
83	0.00	0.61	5.85	93.54
84	0.00	0.60	5.80	93.60
85	0.00	0.62	5.93	93.45
86	0.00	0.64	6.02	93.34
87	0.00	0.65	6.14	93.21
88	0.00	0.65	6.16	93.19
89	0.00	0.66	6.15	93.18
90	0.00	0.65	6.08	93.27
91	0.00	0.73	6.41	92.86
92	0.00	0.71	6.39	92.90
93	0.00	0.74	6.47	92.79
94	0.00	0.79	6.72	92.49
95	0.00	0.80	6.86	92.34
96	0.00	0.79	6.85	92.36
97	0.00	0.75	6.72	92.52
98	0.00	0.75	6.78	92.47
99	0.00	0.79	6.99	92.22
100	0.00	0.91	7.39	91.69




