Parameters
	Library type	Paired-end
	Input files	KU330797-16_C_L004_R1_047.trimmed.fastq.gz	KU330797-16_C_L004_R2_047.trimmed.fastq.gz
	Primer/Adaptor library	NA
	Cut-off read length for HQ	70%
	Cut-off quality score	20
	Only statistics	On
	Number of CPUs	2


QC statistics
	File name	KU330797-16_C_L004_R1_047.trimmed.fastq.gz	KU330797-16_C_L004_R2_047.trimmed.fastq.gz
	Total number of reads	224544	224544
	Total number of HQ reads	222436	222436
	Percentage of HQ reads	99.06%	99.06%
	Total number of bases	19932671	18028949
	Total number of bases in HQ reads	19828131	18002928
	Total number of HQ bases in HQ reads	19683305	17623142
	Percentage of HQ bases in HQ reads	99.27%	97.89%
	Number of Primer/Adaptor contaminated HQ reads	NA	NA
	Total number of HQ filtered reads	222436	222436
	Percentage of HQ filtered reads	99.06%	99.06%


Detailed QC statistics
	File name	KU330797-16_C_L004_R1_047.trimmed.fastq.gz	KU330797-16_C_L004_R2_047.trimmed.fastq.gz
	Minimum read length	1	1
	Maximum read length	100	97
	Average read length	88.77	80.29
	Total number of reads	224544	224544
	Total number of reads with non-ATGC bases	2	534
	Percentage of reads with non-ATGC bases	0.00%	0.24%
	Total number of bases	19932671	18028949
	Total number of HQ bases	19782901	17638832
	Percentage of HQ bases	99.25%	97.84%
	Total number of non-ATGC bases	2	534
	Percentage of non-ATGC bases	0.00%	0.00%


Average quality score at each base position of input reads

KU330797-16_C_L004_R1_047.trimmed.fastq.gz
31.12	31.77	31.83	35.59	35.26	35.59	35.70	35.65	37.18	36.99	37.08	36.88	37.11	38.34	38.15	37.92	38.03	38.09	37.92	38.01	37.83	37.90	37.65	37.64	37.72	37.44	37.23	36.35	36.86	36.77	36.70	36.49	35.90	36.00	35.96	35.82	35.86	35.59	35.50	35.43	34.97	35.06	35.22	35.02	34.75	34.48	34.35	34.36	34.17	34.10	34.06	33.23	33.49	33.13	33.14	33.07	33.03	32.78	32.43	32.44	32.07	32.08	31.57	31.61	31.06	30.72	30.69	30.28	30.15	29.80	29.70	29.26	29.16	28.83	28.79	28.15	28.33	28.19	27.82	27.14	27.31	27.20	27.02	26.76	26.74	26.43	26.34	25.98	25.87	25.53	25.41	25.40	25.35	25.29	25.12	24.80	24.57	24.54	24.45	23.30	

KU330797-16_C_L004_R2_047.trimmed.fastq.gz
18.90	30.17	31.09	31.26	34.69	34.73	34.88	34.87	34.59	36.10	35.52	35.62	35.80	35.69	36.72	36.59	36.48	35.32	35.66	34.61	35.32	35.20	35.50	35.18	35.15	35.23	34.86	34.67	34.60	34.32	34.10	33.97	33.63	33.69	33.58	33.52	33.06	33.06	32.89	32.89	32.66	32.38	32.03	32.07	31.97	31.61	31.67	31.35	31.01	30.69	30.35	29.37	30.04	29.54	29.59	28.60	29.12	29.15	29.23	28.98	28.77	28.46	28.20	27.93	27.95	27.56	27.67	27.22	27.36	27.10	27.17	27.00	26.49	26.14	25.92	25.75	25.83	24.60	24.78	24.37	24.51	24.44	24.23	23.90	23.68	23.35	23.15	23.01	22.83	22.78	22.15	22.12	21.77	21.53	21.30	20.77	21.00	





Read count (%) per base for different quality score ranges

	KU330797-16_C_L004_R1_047.trimmed.fastq.gz
Ranges	0-10	11-20	21-30	31-40
Base
1	0.00	2.18	18.64	79.17
2	0.00	1.12	15.23	83.65
3	0.00	1.10	15.48	83.42
4	0.00	0.68	4.75	94.57
5	0.00	1.05	7.05	91.90
6	0.00	0.74	5.05	94.21
7	0.00	0.71	4.66	94.63
8	0.00	0.72	5.06	94.21
9	0.00	0.69	5.03	94.28
10	0.00	0.82	5.78	93.40
11	0.00	0.80	5.33	93.87
12	0.00	0.92	6.21	92.87
13	0.00	0.80	5.07	94.13
14	0.00	1.19	7.10	91.71
15	0.00	1.33	7.65	91.02
16	0.00	1.49	8.04	90.46
17	0.00	1.29	7.62	91.09
18	0.00	1.26	7.31	91.43
19	0.00	1.46	8.12	90.42
20	0.00	1.28	7.37	91.35
21	0.00	1.40	7.82	90.78
22	0.00	1.26	7.31	91.43
23	0.00	1.35	7.81	90.83
24	0.00	1.29	7.84	90.87
25	0.00	1.18	7.24	91.58
26	0.00	1.37	7.82	90.81
27	0.00	1.44	8.00	90.56
28	0.00	2.10	10.40	87.50
29	0.00	1.22	7.76	91.02
30	0.00	1.27	7.88	90.85
31	0.00	1.20	7.90	90.91
32	0.00	1.33	8.11	90.56
33	0.00	1.66	9.74	88.59
34	0.00	1.27	8.64	90.09
35	0.00	1.27	8.33	90.40
36	0.00	1.22	8.33	90.45
37	0.00	1.03	7.66	91.31
38	0.00	1.21	8.14	90.65
39	0.00	1.07	7.83	91.10
40	0.00	1.07	7.41	91.52
41	0.00	1.28	8.52	90.20
42	0.00	1.09	8.27	90.64
43	0.00	0.96	7.34	91.70
44	0.00	1.04	7.78	91.18
45	0.00	1.15	8.22	90.63
46	0.00	1.25	8.52	90.23
47	0.00	1.15	8.32	90.53
48	0.00	0.98	7.80	91.22
49	0.00	1.08	7.91	91.01
50	0.00	0.98	7.80	91.21
51	0.00	0.91	7.33	91.76
52	0.00	1.48	9.45	89.07
53	0.00	0.96	7.43	91.61
54	0.00	1.13	8.11	90.76
55	0.00	0.92	7.42	91.66
56	0.00	0.91	6.94	92.15
57	0.00	0.81	6.51	92.69
58	0.00	0.87	6.94	92.19
59	0.00	1.02	7.39	91.59
60	0.00	0.79	6.61	92.60
61	0.00	0.98	7.33	91.69
62	0.00	0.75	6.56	92.70
63	0.00	1.03	7.89	91.08
64	0.00	0.79	6.87	92.34
65	0.00	1.12	8.40	90.48
66	0.00	1.17	8.77	90.06
67	0.00	0.93	7.79	91.28
68	0.00	1.14	8.45	90.41
69	0.00	0.94	7.96	91.10
70	0.00	1.05	8.23	90.72
71	0.00	0.89	7.80	91.32
72	0.00	1.04	8.84	90.13
73	0.00	0.83	7.98	91.19
74	0.00	0.98	8.48	90.54
75	0.00	0.73	7.64	91.63
76	0.00	0.61	9.29	90.10
77	0.00	0.60	7.24	92.16
78	0.00	0.73	7.47	91.80
79	0.00	0.96	8.63	90.42
80	0.00	1.52	11.32	87.16
81	0.00	0.85	8.97	90.18
82	0.00	0.84	8.16	91.00
83	0.00	0.85	8.18	90.97
84	0.00	0.93	8.69	90.38
85	0.00	0.73	7.62	91.65
86	0.00	0.93	8.45	90.63
87	0.00	0.82	8.02	91.16
88	0.00	1.16	9.44	89.40
89	0.00	0.97	9.14	89.88
90	0.00	1.32	10.36	88.32
91	0.00	1.21	10.02	88.77
92	0.00	0.99	8.85	90.16
93	0.00	0.86	8.14	90.99
94	0.00	0.76	7.67	91.58
95	0.00	0.90	8.14	90.96
96	0.00	1.14	9.50	89.36
97	0.00	1.27	10.22	88.51
98	0.00	0.99	9.07	89.94
99	0.00	0.90	8.74	90.36
100	0.00	2.79	17.41	79.80


	KU330797-16_C_L004_R2_047.trimmed.fastq.gz
Ranges	0-10	11-20	21-30	31-40
Base
1	0.24	86.43	8.99	4.35
2	0.00	3.79	31.26	64.94
3	0.00	2.10	19.95	77.94
4	0.00	2.10	18.31	79.59
5	0.00	1.81	8.25	89.94
6	0.00	1.82	8.38	89.81
7	0.00	1.72	7.38	90.90
8	0.00	1.70	7.51	90.79
9	0.00	2.01	8.79	89.20
10	0.00	1.65	7.58	90.77
11	0.00	2.12	9.57	88.31
12	0.00	1.87	8.73	89.41
13	0.00	1.59	7.60	90.81
14	0.00	1.57	7.70	90.73
15	0.00	2.23	9.87	87.89
16	0.00	2.18	9.95	87.87
17	0.00	2.18	9.70	88.12
18	0.00	3.18	12.43	84.39
19	0.00	2.21	10.28	87.51
20	0.00	3.73	13.40	82.87
21	0.00	2.13	10.03	87.84
22	0.00	2.22	10.26	87.52
23	0.00	1.70	8.91	89.39
24	0.00	1.90	9.83	88.27
25	0.00	1.84	9.58	88.57
26	0.00	1.62	8.98	89.40
27	0.00	1.83	9.74	88.44
28	0.00	1.74	9.59	88.66
29	0.00	1.58	9.14	89.28
30	0.00	1.63	9.41	88.96
31	0.00	1.59	9.50	88.91
32	0.00	1.52	9.27	89.21
33	0.00	1.57	9.92	88.52
34	0.00	1.40	8.96	89.64
35	0.00	1.32	8.81	89.86
36	0.00	1.21	8.54	90.25
37	0.00	1.36	9.39	89.25
38	0.00	1.24	8.74	90.01
39	0.00	1.21	8.57	90.21
40	0.00	1.18	7.94	90.88
41	0.00	1.15	8.36	90.49
42	0.00	1.14	8.55	90.30
43	0.00	1.36	9.42	89.23
44	0.00	1.20	8.60	90.21
45	0.00	1.21	8.61	90.18
46	0.00	1.47	9.41	89.12
47	0.00	1.08	8.46	90.46
48	0.00	1.25	8.92	89.83
49	0.00	1.37	9.49	89.13
50	0.00	1.41	9.77	88.83
51	0.00	1.45	9.81	88.74
52	0.00	1.24	10.38	88.37
53	0.00	0.76	6.75	92.50
54	0.00	1.40	9.36	89.24
55	0.00	1.17	9.00	89.84
56	0.00	2.19	11.91	85.90
57	0.00	1.02	8.42	90.56
58	0.00	1.01	7.79	91.20
59	0.00	0.79	6.94	92.27
60	0.00	0.95	7.48	91.57
61	0.00	0.96	7.65	91.39
62	0.00	1.13	8.32	90.55
63	0.00	1.09	8.57	90.34
64	0.00	1.22	8.78	90.00
65	0.00	0.95	8.00	91.06
66	0.00	1.20	8.84	89.96
67	0.00	0.83	7.34	91.83
68	0.00	1.13	8.76	90.11
69	0.00	0.83	7.14	92.02
70	0.00	0.89	7.63	91.48
71	0.00	0.69	6.37	92.95
72	0.00	0.69	6.33	92.98
73	0.00	0.95	8.23	90.83
74	0.00	1.11	8.92	89.97
75	0.00	1.03	8.99	89.98
76	0.00	0.93	8.77	90.30
77	0.00	0.60	6.87	92.53
78	0.00	1.90	12.11	86.00
79	0.00	0.96	9.49	89.55
80	0.00	1.23	10.37	88.39
81	0.00	0.72	8.00	91.28
82	0.00	0.62	7.28	92.09
83	0.00	0.74	7.52	91.74
84	0.00	0.93	8.74	90.33
85	0.00	0.97	9.13	89.91
86	0.00	1.24	10.26	88.50
87	0.00	1.20	10.21	88.59
88	0.00	1.17	9.82	89.01
89	0.00	1.19	9.89	88.91
90	0.00	0.90	9.03	90.07
91	0.00	1.80	12.51	85.69
92	0.00	1.28	11.12	87.60
93	0.00	1.62	12.10	86.29
94	0.00	1.59	12.35	86.06
95	0.00	1.70	12.51	85.79
96	0.00	2.42	15.45	82.12
97	0.00	1.26	11.69	87.05




