Parameters
	Library type	Paired-end
	Input files	KU330797-16_C_L004_R1_046.trimmed.fastq.gz	KU330797-16_C_L004_R2_046.trimmed.fastq.gz
	Primer/Adaptor library	NA
	Cut-off read length for HQ	70%
	Cut-off quality score	20
	Only statistics	On
	Number of CPUs	2


QC statistics
	File name	KU330797-16_C_L004_R1_046.trimmed.fastq.gz	KU330797-16_C_L004_R2_046.trimmed.fastq.gz
	Total number of reads	4000000	4000000
	Total number of HQ reads	3971647	3971647
	Percentage of HQ reads	99.29%	99.29%
	Total number of bases	359140810	340421717
	Total number of bases in HQ reads	357655803	340056797
	Total number of HQ bases in HQ reads	355247461	335569143
	Percentage of HQ bases in HQ reads	99.33%	98.68%
	Number of Primer/Adaptor contaminated HQ reads	NA	NA
	Total number of HQ filtered reads	3971647	3971647
	Percentage of HQ filtered reads	99.29%	99.29%


Detailed QC statistics
	File name	KU330797-16_C_L004_R1_046.trimmed.fastq.gz	KU330797-16_C_L004_R2_046.trimmed.fastq.gz
	Minimum read length	1	1
	Maximum read length	100	100
	Average read length	89.79	85.11
	Total number of reads	4000000	4000000
	Total number of reads with non-ATGC bases	94	7388
	Percentage of reads with non-ATGC bases	0.00%	0.18%
	Total number of bases	359140810	340421717
	Total number of HQ bases	356667198	335798549
	Percentage of HQ bases	99.31%	98.64%
	Total number of non-ATGC bases	94	7388
	Percentage of non-ATGC bases	0.00%	0.00%


Average quality score at each base position of input reads

KU330797-16_C_L004_R1_046.trimmed.fastq.gz
31.55	32.20	32.40	35.82	35.71	35.74	35.71	35.74	37.31	37.27	37.27	37.22	37.25	38.52	38.35	38.38	38.32	38.28	38.26	38.22	38.16	38.13	37.88	37.90	37.80	37.76	37.62	37.50	37.37	37.22	37.13	36.95	36.80	36.62	36.45	36.31	36.20	36.00	35.88	35.72	35.55	35.59	35.57	35.43	35.34	35.23	35.11	34.93	34.81	34.78	34.62	34.52	34.33	34.21	34.06	33.91	33.74	33.51	33.40	33.18	32.98	32.54	32.40	32.20	31.99	31.77	31.50	30.84	30.63	30.46	30.32	30.18	29.96	29.72	29.45	28.63	28.78	28.74	28.68	28.54	28.32	28.09	27.82	27.69	27.46	27.18	27.03	26.88	26.71	26.48	26.29	26.09	25.96	25.88	25.70	25.50	25.33	25.16	25.02	23.73	

KU330797-16_C_L004_R2_046.trimmed.fastq.gz
27.03	33.21	33.71	33.97	32.85	33.24	33.42	35.07	35.03	35.71	35.63	35.61	36.12	36.12	36.53	36.54	36.49	36.97	36.81	36.73	36.69	36.50	36.49	36.35	36.26	36.14	36.01	35.86	35.75	35.45	35.35	35.26	35.16	35.04	34.84	34.76	34.50	34.38	34.28	34.12	34.02	33.88	33.68	33.67	33.56	33.39	33.36	33.25	33.00	32.87	32.73	32.10	32.16	32.18	31.66	31.62	31.65	31.59	31.44	31.27	30.94	30.71	30.54	30.39	30.27	30.08	29.87	29.81	29.64	29.48	29.28	29.09	28.86	28.66	28.47	28.26	28.04	27.81	27.62	27.36	27.22	26.97	26.81	26.59	26.35	26.11	25.89	25.72	25.54	25.40	25.14	24.95	24.74	24.54	24.37	24.16	23.98	12.37	12.34	12.27	





Read count (%) per base for different quality score ranges

	KU330797-16_C_L004_R1_046.trimmed.fastq.gz
Ranges	0-10	11-20	21-30	31-40
Base
1	0.00	2.37	13.90	83.72
2	0.00	1.05	11.36	87.59
3	0.00	0.75	10.56	88.69
4	0.00	0.61	4.14	95.24
5	0.00	0.70	4.89	94.40
6	0.00	0.71	4.69	94.60
7	0.00	0.74	4.90	94.37
8	0.00	0.71	4.75	94.53
9	0.00	0.69	4.69	94.62
10	0.00	0.71	4.85	94.43
11	0.00	0.71	4.80	94.49
12	0.00	0.75	4.98	94.27
13	0.00	0.71	4.86	94.43
14	0.00	1.23	7.08	91.70
15	0.00	1.41	7.63	90.96
16	0.00	1.31	7.26	91.43
17	0.00	1.34	7.39	91.27
18	0.00	1.42	7.28	91.30
19	0.00	1.41	7.57	91.02
20	0.00	1.33	7.50	91.16
21	0.00	1.30	7.43	91.27
22	0.00	1.27	7.29	91.44
23	0.00	1.43	7.88	90.69
24	0.00	1.32	7.55	91.13
25	0.00	1.32	7.66	91.03
26	0.00	1.26	7.37	91.37
27	0.00	1.29	7.50	91.22
28	0.00	1.28	7.51	91.21
29	0.00	1.24	7.54	91.22
30	0.00	1.22	7.63	91.15
31	0.00	1.16	7.50	91.34
32	0.00	1.17	7.75	91.08
33	0.00	1.15	7.80	91.05
34	0.00	1.17	7.98	90.85
35	0.00	1.17	8.03	90.81
36	0.00	1.15	7.99	90.86
37	0.00	1.09	7.81	91.10
38	0.00	1.14	8.01	90.85
39	0.00	1.09	7.81	91.09
40	0.00	1.09	7.80	91.10
41	0.00	1.09	7.84	91.06
42	0.00	1.05	7.77	91.19
43	0.00	0.98	7.57	91.45
44	0.00	1.04	7.63	91.33
45	0.00	1.02	7.47	91.51
46	0.00	0.99	7.45	91.56
47	0.00	0.99	7.38	91.63
48	0.00	1.04	7.57	91.39
49	0.00	1.02	7.41	91.56
50	0.00	0.92	7.17	91.91
51	0.00	0.98	7.19	91.83
52	0.00	0.92	6.93	92.15
53	0.00	0.94	7.01	92.04
54	0.00	0.89	6.84	92.27
55	0.00	0.88	6.75	92.37
56	0.00	0.86	6.66	92.48
57	0.00	0.85	6.66	92.49
58	0.00	0.89	6.82	92.28
59	0.00	0.81	6.57	92.62
60	0.00	0.85	6.72	92.44
61	0.00	0.84	6.72	92.44
62	0.00	1.19	7.00	91.80
63	0.00	0.96	6.81	92.23
64	0.00	0.91	6.82	92.26
65	0.00	0.89	6.88	92.22
66	0.00	0.87	6.96	92.16
67	0.00	0.89	7.20	91.92
68	0.00	1.72	8.38	89.89
69	0.00	1.72	7.72	90.56
70	0.00	1.40	7.47	91.13
71	0.00	1.06	7.52	91.42
72	0.00	0.82	7.27	91.91
73	0.00	0.78	7.18	92.04
74	0.00	0.80	7.28	91.92
75	0.00	0.83	7.55	91.62
76	0.00	0.79	10.08	89.12
77	0.00	0.72	8.07	91.21
78	0.00	0.77	7.59	91.64
79	0.00	0.68	6.99	92.33
80	0.00	0.66	6.74	92.59
81	0.00	0.70	6.89	92.40
82	0.00	0.74	7.10	92.16
83	0.00	0.81	7.42	91.77
84	0.00	0.72	7.07	92.22
85	0.00	0.80	7.36	91.84
86	0.00	0.94	8.06	91.00
87	0.00	0.88	7.90	91.22
88	0.00	0.89	7.85	91.27
89	0.00	0.90	7.87	91.23
90	0.00	1.03	8.41	90.56
91	0.00	1.08	8.69	90.24
92	0.00	1.15	9.02	89.83
93	0.00	1.09	8.86	90.04
94	0.00	0.97	8.33	90.70
95	0.00	1.05	8.58	90.36
96	0.00	1.10	8.92	89.98
97	0.00	1.09	9.07	89.85
98	0.00	1.09	9.25	89.66
99	0.00	1.04	9.11	89.86
100	0.00	2.85	17.39	79.76


	KU330797-16_C_L004_R2_046.trimmed.fastq.gz
Ranges	0-10	11-20	21-30	31-40
Base
1	0.18	45.50	7.49	46.83
2	0.00	2.36	15.81	81.83
3	0.00	1.50	10.74	87.76
4	0.00	1.30	9.08	89.62
5	0.00	2.03	16.65	81.32
6	0.00	1.50	11.93	86.57
7	0.00	1.42	10.24	88.34
8	0.00	1.44	6.81	91.75
9	0.00	1.45	6.93	91.62
10	0.00	1.41	6.68	91.91
11	0.00	1.44	6.85	91.72
12	0.00	1.36	6.61	92.02
13	0.00	1.47	7.16	91.36
14	0.00	1.36	6.84	91.80
15	0.00	2.03	7.71	90.25
16	0.00	1.71	7.58	90.71
17	0.00	1.55	7.32	91.13
18	0.00	2.00	9.13	88.86
19	0.00	1.97	9.21	88.82
20	0.00	1.93	9.22	88.84
21	0.00	1.80	8.89	89.31
22	0.00	1.84	9.08	89.08
23	0.00	1.73	8.80	89.47
24	0.00	1.73	8.86	89.40
25	0.00	1.67	8.80	89.52
26	0.00	1.64	8.79	89.57
27	0.00	1.59	8.67	89.74
28	0.00	1.58	8.77	89.65
29	0.00	1.51	8.66	89.83
30	0.00	1.76	9.09	89.15
31	0.00	1.56	8.90	89.54
32	0.00	1.46	8.68	89.87
33	0.00	1.35	8.54	90.11
34	0.00	1.29	8.50	90.21
35	0.00	1.33	8.72	89.95
36	0.00	1.24	8.51	90.25
37	0.00	1.69	8.67	89.64
38	0.00	1.38	8.87	89.75
39	0.00	1.26	8.58	90.16
40	0.00	1.24	8.58	90.17
41	0.00	1.19	8.33	90.48
42	0.00	1.15	8.27	90.58
43	0.00	1.19	8.46	90.36
44	0.00	1.09	8.12	90.80
45	0.00	1.06	8.04	90.89
46	0.00	1.11	8.16	90.73
47	0.00	1.05	7.95	91.00
48	0.00	1.03	7.86	91.10
49	0.00	1.12	8.22	90.65
50	0.00	1.09	8.07	90.85
51	0.00	1.03	7.79	91.18
52	0.00	0.99	7.95	91.06
53	0.00	0.91	7.23	91.86
54	0.00	0.92	7.15	91.93
55	0.00	0.88	7.23	91.89
56	0.00	0.95	7.20	91.85
57	0.00	0.90	7.02	92.08
58	0.00	0.89	6.94	92.17
59	0.00	0.92	7.09	91.99
60	0.00	0.90	7.14	91.96
61	0.00	0.93	7.16	91.90
62	0.00	0.97	7.37	91.66
63	0.00	0.94	7.30	91.76
64	0.00	0.91	7.19	91.90
65	0.00	0.85	7.03	92.11
66	0.00	0.88	7.08	92.04
67	0.00	0.89	7.21	91.90
68	0.00	0.77	6.77	92.46
69	0.00	0.77	6.71	92.52
70	0.00	0.76	6.71	92.53
71	0.00	0.72	6.57	92.70
72	0.00	0.74	6.62	92.64
73	0.00	0.77	6.86	92.36
74	0.00	0.75	6.82	92.43
75	0.00	0.74	6.84	92.42
76	0.00	0.74	6.87	92.39
77	0.00	0.74	6.95	92.31
78	0.00	0.76	7.09	92.15
79	0.00	0.71	6.97	92.31
80	0.00	0.78	7.30	91.92
81	0.00	0.70	6.90	92.40
82	0.00	0.76	7.21	92.03
83	0.00	0.71	6.98	92.30
84	0.00	0.75	7.15	92.10
85	0.00	0.82	7.47	91.71
86	0.00	0.76	7.30	91.94
87	0.00	0.85	7.51	91.65
88	0.00	0.81	7.46	91.73
89	0.00	0.82	7.51	91.67
90	0.00	0.80	7.34	91.86
91	0.00	0.97	8.11	90.91
92	0.00	0.98	8.33	90.69
93	0.00	1.06	8.65	90.29
94	0.00	1.08	8.90	90.03
95	0.00	1.08	9.04	89.88
96	0.00	1.09	9.16	89.75
97	0.00	1.13	9.13	89.73
98	0.00	1.00	8.65	90.35
99	0.00	0.84	8.01	91.15
100	0.00	0.99	8.29	90.71




