Parameters
	Library type	Paired-end
	Input files	KU330797-16_C_L004_R1_033.trimmed.fastq.gz	KU330797-16_C_L004_R2_033.trimmed.fastq.gz
	Primer/Adaptor library	NA
	Cut-off read length for HQ	70%
	Cut-off quality score	20
	Only statistics	On
	Number of CPUs	2


QC statistics
	File name	KU330797-16_C_L004_R1_033.trimmed.fastq.gz	KU330797-16_C_L004_R2_033.trimmed.fastq.gz
	Total number of reads	4000000	4000000
	Total number of HQ reads	3986118	3986118
	Percentage of HQ reads	99.65%	99.65%
	Total number of bases	371580186	368897936
	Total number of bases in HQ reads	370786518	368712266
	Total number of HQ bases in HQ reads	369218098	367116677
	Percentage of HQ bases in HQ reads	99.58%	99.57%
	Number of Primer/Adaptor contaminated HQ reads	NA	NA
	Total number of HQ filtered reads	3986118	3986118
	Percentage of HQ filtered reads	99.65%	99.65%


Detailed QC statistics
	File name	KU330797-16_C_L004_R1_033.trimmed.fastq.gz	KU330797-16_C_L004_R2_033.trimmed.fastq.gz
	Minimum read length	1	1
	Maximum read length	100	100
	Average read length	92.90	92.22
	Total number of reads	4000000	4000000
	Total number of reads with non-ATGC bases	154	5155
	Percentage of reads with non-ATGC bases	0.00%	0.13%
	Total number of bases	371580186	368897936
	Total number of HQ bases	369983002	367247921
	Percentage of HQ bases	99.57%	99.55%
	Total number of non-ATGC bases	154	5155
	Percentage of non-ATGC bases	0.00%	0.00%


Average quality score at each base position of input reads

KU330797-16_C_L004_R1_033.trimmed.fastq.gz
32.47	32.88	33.01	36.30	36.27	36.19	36.24	36.26	37.97	37.97	37.95	37.93	37.93	39.39	39.36	39.33	39.30	39.25	39.27	39.22	39.18	39.11	39.03	38.98	38.92	38.82	38.71	38.63	38.54	38.43	38.34	38.23	38.12	37.99	37.89	37.79	37.61	37.50	37.38	37.28	37.15	37.20	37.18	37.10	37.03	36.89	36.78	36.65	36.56	36.59	36.53	36.45	36.34	36.20	36.08	35.95	35.82	35.65	35.50	35.35	35.08	34.90	34.74	34.54	34.36	34.13	33.48	33.31	33.11	32.88	32.69	32.48	32.22	31.98	31.74	30.93	31.11	31.11	30.96	30.78	30.58	30.36	30.13	29.94	29.71	29.52	29.36	29.19	28.97	28.76	28.61	28.46	28.29	28.11	27.90	27.75	27.60	27.42	27.24	26.04	

KU330797-16_C_L004_R2_033.trimmed.fastq.gz
36.14	36.43	36.56	36.61	31.58	32.16	32.50	35.92	35.93	35.93	35.90	35.88	37.50	37.48	37.44	37.38	37.35	38.73	38.66	38.56	38.52	38.46	38.44	38.36	38.29	38.20	38.13	38.11	38.01	37.93	37.84	37.76	37.66	37.58	37.50	37.40	37.31	37.17	37.09	37.00	36.88	36.78	36.73	36.60	36.50	36.36	36.41	36.34	36.26	36.16	36.05	35.84	35.74	35.62	34.70	34.94	35.14	35.12	35.04	34.92	34.80	34.61	34.37	34.20	34.02	33.88	33.71	33.71	33.61	33.48	33.34	33.16	33.04	32.85	32.68	32.47	32.26	32.04	31.82	31.60	31.37	31.14	30.89	30.68	30.45	30.25	30.04	29.86	29.70	29.46	29.27	29.09	28.93	28.74	28.58	28.41	28.18	27.98	27.83	27.67	





Read count (%) per base for different quality score ranges

	KU330797-16_C_L004_R1_033.trimmed.fastq.gz
Ranges	0-10	11-20	21-30	31-40
Base
1	0.00	1.00	7.41	91.59
2	0.00	0.47	6.04	93.49
3	0.00	0.37	5.68	93.95
4	0.00	0.32	2.27	97.41
5	0.00	0.34	2.50	97.16
6	0.00	0.64	2.63	96.73
7	0.00	0.41	2.62	96.97
8	0.00	0.36	2.50	97.15
9	0.00	0.36	2.61	97.03
10	0.00	0.37	2.62	97.01
11	0.00	0.36	2.65	96.98
12	0.00	0.38	2.71	96.92
13	0.00	0.37	2.68	96.94
14	0.00	0.87	5.27	93.85
15	0.00	0.89	5.27	93.84
16	0.00	0.88	5.31	93.81
17	0.00	0.92	5.28	93.80
18	0.00	0.92	5.34	93.74
19	0.00	0.92	5.38	93.71
20	0.00	0.92	5.35	93.73
21	0.00	0.91	5.36	93.73
22	0.00	0.93	5.40	93.67
23	0.00	0.92	5.39	93.69
24	0.00	0.96	5.58	93.47
25	0.00	0.92	5.48	93.60
26	0.00	0.96	5.50	93.55
27	0.00	0.96	5.59	93.45
28	0.00	0.90	5.53	93.58
29	0.00	0.87	5.51	93.62
30	0.00	0.86	5.58	93.56
31	0.00	0.82	5.57	93.61
32	0.00	0.82	5.60	93.58
33	0.00	0.82	5.62	93.56
34	0.00	0.81	5.74	93.46
35	0.00	0.79	5.68	93.53
36	0.00	0.78	5.63	93.60
37	0.00	0.82	5.84	93.34
38	0.00	0.77	5.69	93.54
39	0.00	0.78	5.72	93.51
40	0.00	0.75	5.62	93.63
41	0.00	0.76	5.63	93.62
42	0.00	0.76	5.75	93.49
43	0.00	0.74	5.63	93.63
44	0.00	0.76	5.64	93.60
45	0.00	0.75	5.56	93.69
46	0.00	0.79	5.74	93.47
47	0.00	0.78	5.65	93.57
48	0.00	0.79	5.77	93.44
49	0.00	0.76	5.61	93.63
50	0.00	0.70	5.36	93.94
51	0.00	0.70	5.23	94.07
52	0.00	0.68	5.15	94.17
53	0.00	0.69	5.12	94.20
54	0.00	0.68	5.11	94.21
55	0.00	0.66	5.07	94.27
56	0.00	0.66	5.01	94.33
57	0.00	0.63	4.92	94.45
58	0.00	0.65	5.00	94.35
59	0.00	0.63	5.02	94.35
60	0.00	0.62	4.95	94.43
61	0.00	0.72	5.08	94.20
62	0.00	0.67	5.16	94.17
63	0.00	0.63	5.07	94.30
64	0.00	0.64	5.14	94.23
65	0.00	0.62	5.14	94.23
66	0.00	0.63	5.24	94.13
67	0.00	1.16	5.65	93.20
68	0.00	0.82	5.66	93.52
69	0.00	0.74	5.60	93.66
70	0.00	0.66	5.35	93.99
71	0.00	0.63	5.31	94.06
72	0.00	0.61	5.38	94.01
73	0.00	0.62	5.53	93.85
74	0.00	0.62	5.62	93.76
75	0.00	0.62	5.69	93.69
76	0.00	0.54	7.54	91.92
77	0.00	0.52	5.81	93.67
78	0.00	0.52	5.36	94.13
79	0.00	0.55	5.32	94.12
80	0.00	0.55	5.25	94.20
81	0.00	0.54	5.24	94.21
82	0.00	0.57	5.32	94.11
83	0.00	0.60	5.52	93.87
84	0.00	0.61	5.56	93.83
85	0.00	0.66	5.80	93.54
86	0.00	0.66	5.89	93.45
87	0.00	0.67	5.89	93.44
88	0.00	0.68	5.93	93.39
89	0.00	0.77	6.36	92.87
90	0.00	0.83	6.71	92.46
91	0.00	0.83	6.77	92.41
92	0.00	0.83	6.78	92.39
93	0.00	0.87	6.97	92.16
94	0.00	0.91	7.26	91.83
95	0.00	0.93	7.44	91.63
96	0.00	0.92	7.45	91.63
97	0.00	0.89	7.46	91.65
98	0.00	0.91	7.71	91.38
99	0.00	0.93	7.85	91.22
100	0.00	2.51	15.85	81.64


	KU330797-16_C_L004_R2_033.trimmed.fastq.gz
Ranges	0-10	11-20	21-30	31-40
Base
1	0.13	1.80	3.07	95.00
2	0.00	0.86	2.27	96.86
3	0.00	0.53	1.75	97.73
4	0.00	0.44	1.59	97.98
5	0.00	1.01	14.10	84.90
6	0.00	0.67	8.92	90.41
7	0.00	0.62	7.67	91.71
8	0.00	0.58	3.28	96.14
9	0.00	0.57	3.26	96.17
10	0.00	0.61	3.28	96.12
11	0.00	0.62	3.31	96.07
12	0.00	0.60	3.24	96.16
13	0.00	0.59	3.24	96.17
14	0.00	0.58	3.21	96.21
15	0.00	0.57	3.23	96.20
16	0.00	0.58	3.27	96.15
17	0.00	0.56	3.23	96.21
18	0.00	1.25	6.23	92.52
19	0.00	1.25	6.25	92.50
20	0.00	1.25	6.30	92.44
21	0.00	1.19	6.12	92.69
22	0.00	1.16	6.10	92.75
23	0.00	1.17	6.20	92.63
24	0.00	1.15	6.17	92.68
25	0.00	1.11	6.04	92.85
26	0.00	1.13	6.09	92.79
27	0.00	1.06	5.99	92.94
28	0.00	1.05	6.04	92.91
29	0.00	1.07	6.14	92.79
30	0.00	0.99	5.99	93.02
31	0.00	0.98	5.99	93.03
32	0.00	0.94	5.91	93.15
33	0.00	0.93	5.93	93.14
34	0.00	0.88	5.86	93.27
35	0.00	0.85	5.85	93.29
36	0.00	0.82	5.90	93.28
37	0.00	0.81	5.90	93.29
38	0.00	0.84	6.05	93.11
39	0.00	0.81	5.91	93.28
40	0.00	0.79	5.89	93.32
41	0.00	0.80	5.98	93.22
42	0.00	0.79	5.99	93.22
43	0.00	0.75	5.71	93.54
44	0.00	0.77	5.81	93.42
45	0.00	0.76	5.79	93.45
46	0.00	0.79	5.86	93.36
47	0.00	0.75	5.77	93.48
48	0.00	0.75	5.82	93.44
49	0.00	0.74	5.75	93.51
50	0.00	0.75	5.73	93.52
51	0.00	0.73	5.59	93.68
52	0.00	0.80	5.89	93.31
53	0.00	0.75	5.68	93.57
54	0.00	0.73	5.58	93.69
55	0.00	0.48	4.77	94.75
56	0.00	0.55	4.45	95.00
57	0.00	0.58	4.68	94.74
58	0.00	0.66	5.04	94.30
59	0.00	0.68	5.21	94.11
60	0.00	0.68	5.26	94.07
61	0.00	0.67	5.19	94.13
62	0.00	0.72	5.36	93.92
63	0.00	0.86	5.46	93.69
64	0.00	0.78	5.57	93.65
65	0.00	0.76	5.66	93.58
66	0.00	0.72	5.54	93.74
67	0.00	0.71	5.58	93.71
68	0.00	0.59	5.21	94.20
69	0.00	0.59	5.10	94.31
70	0.00	0.58	5.01	94.41
71	0.00	0.56	4.92	94.52
72	0.00	0.56	4.93	94.51
73	0.00	0.51	4.68	94.81
74	0.00	0.52	4.73	94.75
75	0.00	0.48	4.59	94.93
76	0.00	0.50	4.66	94.84
77	0.00	0.49	4.71	94.80
78	0.00	0.50	4.75	94.75
79	0.00	0.51	4.82	94.67
80	0.00	0.50	4.83	94.66
81	0.00	0.52	4.90	94.58
82	0.00	0.52	4.97	94.51
83	0.00	0.56	5.15	94.29
84	0.00	0.55	5.18	94.27
85	0.00	0.57	5.26	94.17
86	0.00	0.56	5.25	94.18
87	0.00	0.58	5.33	94.08
88	0.00	0.57	5.32	94.10
89	0.00	0.56	5.23	94.21
90	0.00	0.66	5.66	93.68
91	0.00	0.66	5.76	93.58
92	0.00	0.69	5.93	93.39
93	0.00	0.71	5.96	93.33
94	0.00	0.74	6.17	93.09
95	0.00	0.76	6.30	92.94
96	0.00	0.73	6.26	93.01
97	0.00	0.75	6.35	92.90
98	0.00	0.78	6.54	92.68
99	0.00	0.76	6.55	92.69
100	0.00	0.87	6.91	92.22




