Parameters
	Library type	Paired-end
	Input files	KU330797-16_C_L004_R1_015.trimmed.fastq.gz	KU330797-16_C_L004_R2_015.trimmed.fastq.gz
	Primer/Adaptor library	NA
	Cut-off read length for HQ	70%
	Cut-off quality score	20
	Only statistics	On
	Number of CPUs	2


QC statistics
	File name	KU330797-16_C_L004_R1_015.trimmed.fastq.gz	KU330797-16_C_L004_R2_015.trimmed.fastq.gz
	Total number of reads	4000000	4000000
	Total number of HQ reads	3981145	3981145
	Percentage of HQ reads	99.53%	99.53%
	Total number of bases	364231833	353543138
	Total number of bases in HQ reads	363220353	353256536
	Total number of HQ bases in HQ reads	361086708	350811239
	Percentage of HQ bases in HQ reads	99.41%	99.31%
	Number of Primer/Adaptor contaminated HQ reads	NA	NA
	Total number of HQ filtered reads	3981145	3981145
	Percentage of HQ filtered reads	99.53%	99.53%


Detailed QC statistics
	File name	KU330797-16_C_L004_R1_015.trimmed.fastq.gz	KU330797-16_C_L004_R2_015.trimmed.fastq.gz
	Minimum read length	1	1
	Maximum read length	100	100
	Average read length	91.06	88.39
	Total number of reads	4000000	4000000
	Total number of reads with non-ATGC bases	108	3627
	Percentage of reads with non-ATGC bases	0.00%	0.09%
	Total number of bases	364231833	353543138
	Total number of HQ bases	362052581	350999882
	Percentage of HQ bases	99.40%	99.28%
	Total number of non-ATGC bases	108	3627
	Percentage of non-ATGC bases	0.00%	0.00%


Average quality score at each base position of input reads

KU330797-16_C_L004_R1_015.trimmed.fastq.gz
32.00	32.49	32.60	35.96	35.92	35.91	35.88	35.91	37.52	37.53	37.48	37.41	37.39	38.72	38.72	38.64	38.67	38.56	38.55	38.52	38.42	38.28	38.25	38.23	38.18	38.07	37.93	37.80	37.78	37.60	37.45	37.36	37.21	37.09	36.98	36.79	36.69	36.49	36.35	36.18	36.01	36.19	36.14	36.07	35.99	35.90	35.68	35.58	35.42	35.42	35.38	35.23	35.01	34.86	34.77	34.60	34.43	34.19	34.01	33.82	33.56	33.40	33.21	32.99	32.80	32.54	32.27	31.99	31.77	31.54	31.27	31.03	30.71	30.14	30.03	28.92	29.34	29.51	29.41	29.29	29.12	28.92	28.60	28.34	28.17	27.95	27.78	27.57	27.42	27.20	27.03	26.80	26.65	26.51	26.34	26.11	25.98	25.79	25.60	24.16	

KU330797-16_C_L004_R2_015.trimmed.fastq.gz
35.37	35.98	36.22	36.32	31.66	32.02	32.18	35.34	35.34	35.30	35.25	35.19	36.59	36.64	36.55	36.47	36.46	37.52	37.39	37.36	37.28	37.14	37.13	37.02	36.80	36.75	36.44	36.48	36.40	36.26	36.17	36.09	35.97	35.87	35.77	35.64	35.46	35.39	35.24	35.12	34.89	34.73	34.69	34.49	34.37	34.27	34.26	34.11	34.02	33.94	33.82	33.62	33.47	33.33	32.37	32.59	32.69	32.71	32.62	32.46	32.41	32.32	32.14	31.94	31.76	31.62	31.29	31.26	31.15	30.98	30.77	30.57	30.34	30.27	30.05	29.84	29.61	29.37	29.06	28.95	28.76	28.57	28.35	28.18	27.88	27.63	27.29	27.24	27.00	26.85	26.72	26.47	26.28	26.13	25.84	25.71	25.52	25.32	25.15	25.01	





Read count (%) per base for different quality score ranges

	KU330797-16_C_L004_R1_015.trimmed.fastq.gz
Ranges	0-10	11-20	21-30	31-40
Base
1	0.00	1.27	11.08	87.65
2	0.00	0.67	9.06	90.27
3	0.00	0.55	8.73	90.72
4	0.00	0.48	3.69	95.83
5	0.00	0.51	3.93	95.56
6	0.00	0.57	4.02	95.41
7	0.00	0.59	4.14	95.28
8	0.00	0.55	3.95	95.50
9	0.00	0.57	4.03	95.41
10	0.00	0.55	3.97	95.48
11	0.00	0.58	4.15	95.27
12	0.00	0.63	4.37	95.01
13	0.00	0.63	4.39	94.98
14	0.00	1.14	6.63	92.23
15	0.00	1.12	6.54	92.34
16	0.00	1.16	6.70	92.14
17	0.00	1.12	6.46	92.43
18	0.00	1.17	6.76	92.07
19	0.00	1.20	6.82	91.98
20	0.00	1.15	6.74	92.11
21	0.00	1.21	6.84	91.96
22	0.00	1.22	6.98	91.80
23	0.00	1.15	6.79	92.05
24	0.00	1.16	6.84	92.00
25	0.00	1.12	6.77	92.11
26	0.00	1.14	6.81	92.05
27	0.00	1.17	6.90	91.93
28	0.00	1.15	6.98	91.86
29	0.00	1.04	6.67	92.30
30	0.00	1.08	6.95	91.97
31	0.00	1.07	7.06	91.87
32	0.00	1.02	6.92	92.06
33	0.00	1.02	7.06	91.92
34	0.00	1.00	7.06	91.94
35	0.00	0.97	7.00	92.03
36	0.00	1.01	7.24	91.75
37	0.00	0.95	7.02	92.03
38	0.00	1.00	7.24	91.76
39	0.00	0.97	7.16	91.87
40	0.00	0.98	7.18	91.84
41	0.00	0.99	7.24	91.77
42	0.00	0.86	6.85	92.29
43	0.00	0.89	6.86	92.26
44	0.00	0.89	6.79	92.32
45	0.00	0.88	6.66	92.46
46	0.00	0.87	6.63	92.51
47	0.00	0.95	7.00	92.05
48	0.00	0.90	6.79	92.31
49	0.00	0.93	6.94	92.13
50	0.00	0.83	6.55	92.62
51	0.00	0.80	6.19	93.01
52	0.00	0.81	6.21	92.98
53	0.00	0.85	6.45	92.70
54	0.00	0.81	6.35	92.84
55	0.00	0.78	6.08	93.15
56	0.00	0.79	6.13	93.08
57	0.00	0.78	6.11	93.11
58	0.00	0.85	6.36	92.79
59	0.00	0.81	6.41	92.78
60	0.00	0.79	6.34	92.88
61	0.00	0.86	6.60	92.54
62	0.00	0.79	6.42	92.78
63	0.00	0.79	6.44	92.77
64	0.00	0.80	6.54	92.66
65	0.00	0.78	6.53	92.70
66	0.00	0.83	6.77	92.41
67	0.00	0.85	6.99	92.16
68	0.00	0.87	7.22	91.91
69	0.00	0.85	7.19	91.97
70	0.00	0.79	7.07	92.15
71	0.00	0.84	7.25	91.90
72	0.00	0.82	7.31	91.87
73	0.00	0.84	7.45	91.71
74	0.00	1.07	9.07	89.85
75	0.00	0.91	8.29	90.80
76	0.00	0.92	12.59	86.48
77	0.00	0.72	8.71	90.58
78	0.00	0.65	7.25	92.09
79	0.00	0.69	7.08	92.23
80	0.00	0.66	6.75	92.59
81	0.00	0.65	6.63	92.72
82	0.00	0.67	6.65	92.68
83	0.00	0.81	7.41	91.79
84	0.00	0.86	7.80	91.34
85	0.00	0.81	7.62	91.57
86	0.00	0.88	7.85	91.27
87	0.00	0.88	7.90	91.22
88	0.00	0.95	8.10	90.94
89	0.00	0.92	8.07	91.01
90	0.00	1.01	8.52	90.46
91	0.00	1.04	8.63	90.33
92	0.00	1.15	9.07	89.79
93	0.00	1.12	9.02	89.86
94	0.00	1.08	8.96	89.96
95	0.00	1.10	9.02	89.88
96	0.00	1.19	9.52	89.30
97	0.00	1.08	9.23	89.70
98	0.00	1.08	9.38	89.54
99	0.00	1.08	9.43	89.48
100	0.00	3.45	19.70	76.85


	KU330797-16_C_L004_R2_015.trimmed.fastq.gz
Ranges	0-10	11-20	21-30	31-40
Base
1	0.09	2.97	5.82	91.13
2	0.00	1.45	4.31	94.24
3	0.00	1.00	3.41	95.60
4	0.00	0.87	3.09	96.03
5	0.00	1.45	15.17	83.38
6	0.00	1.26	12.43	86.31
7	0.00	1.18	11.46	87.37
8	0.00	1.14	5.86	92.99
9	0.00	1.13	5.82	93.05
10	0.00	1.19	5.86	92.95
11	0.00	1.20	5.88	92.93
12	0.00	1.21	5.94	92.84
13	0.00	1.18	5.89	92.93
14	0.00	1.08	5.49	93.43
15	0.00	1.08	5.62	93.31
16	0.00	1.08	5.59	93.33
17	0.00	0.99	5.38	93.63
18	0.00	1.78	8.37	89.84
19	0.00	1.78	8.30	89.92
20	0.00	1.65	8.02	90.33
21	0.00	1.62	7.99	90.39
22	0.00	1.62	8.10	90.28
23	0.00	1.59	7.99	90.42
24	0.00	1.55	7.97	90.48
25	0.00	1.59	8.19	90.22
26	0.00	1.48	7.81	90.70
27	0.00	1.67	8.41	89.92
28	0.00	1.47	8.11	90.43
29	0.00	1.40	7.94	90.67
30	0.00	1.40	7.97	90.63
31	0.00	1.33	7.83	90.84
32	0.00	1.26	7.67	91.07
33	0.00	1.21	7.65	91.14
34	0.00	1.17	7.50	91.33
35	0.00	1.12	7.49	91.39
36	0.00	1.11	7.59	91.30
37	0.00	1.15	7.81	91.05
38	0.00	1.05	7.55	91.40
39	0.00	1.06	7.66	91.28
40	0.00	1.03	7.62	91.34
41	0.00	1.10	7.93	90.97
42	0.00	1.10	7.98	90.92
43	0.00	1.00	7.49	91.51
44	0.00	1.06	7.77	91.17
45	0.00	1.02	7.54	91.44
46	0.00	0.99	7.38	91.64
47	0.00	0.97	7.46	91.57
48	0.00	1.03	7.65	91.31
49	0.00	1.01	7.54	91.45
50	0.00	0.96	7.35	91.69
51	0.00	0.92	7.10	91.98
52	0.00	0.95	7.20	91.85
53	0.00	0.93	7.13	91.95
54	0.00	0.90	6.90	92.20
55	0.00	0.69	6.68	92.63
56	0.00	0.70	5.86	93.44
57	0.00	0.79	6.25	92.96
58	0.00	0.80	6.40	92.81
59	0.00	0.83	6.51	92.66
60	0.00	0.84	6.61	92.55
61	0.00	0.77	6.18	93.06
62	0.00	0.75	6.01	93.25
63	0.00	0.76	6.22	93.02
64	0.00	0.79	6.45	92.75
65	0.00	0.80	6.43	92.76
66	0.00	0.78	6.37	92.85
67	0.00	0.90	7.03	92.07
68	0.00	0.74	6.46	92.79
69	0.00	0.71	6.21	93.08
70	0.00	0.72	6.24	93.03
71	0.00	0.75	6.42	92.83
72	0.00	0.74	6.48	92.77
73	0.00	0.77	6.66	92.57
74	0.00	0.61	5.98	93.40
75	0.00	0.67	6.19	93.15
76	0.00	0.67	6.26	93.07
77	0.00	0.69	6.39	92.93
78	0.00	0.70	6.60	92.70
79	0.00	0.80	7.16	92.05
80	0.00	0.67	6.55	92.78
81	0.00	0.65	6.42	92.93
82	0.00	0.63	6.29	93.08
83	0.00	0.67	6.43	92.90
84	0.00	0.62	6.31	93.06
85	0.00	0.73	6.91	92.36
86	0.00	0.79	7.17	92.04
87	0.00	0.96	8.09	90.96
88	0.00	0.72	7.10	92.19
89	0.00	0.83	7.44	91.72
90	0.00	0.79	7.30	91.91
91	0.00	0.75	7.04	92.21
92	0.00	0.90	7.68	91.42
93	0.00	0.91	7.85	91.23
94	0.00	0.90	7.77	91.33
95	0.00	1.09	8.60	90.31
96	0.00	0.94	8.24	90.83
97	0.00	0.87	7.80	91.34
98	0.00	0.94	8.04	91.03
99	0.00	0.96	8.36	90.68
100	0.00	1.07	8.58	90.36




