Parameters
	Library type	Paired-end
	Input files	KU330797-16_C_L004_R1_007.trimmed.fastq.gz	KU330797-16_C_L004_R2_007.trimmed.fastq.gz
	Primer/Adaptor library	NA
	Cut-off read length for HQ	70%
	Cut-off quality score	20
	Only statistics	On
	Number of CPUs	2


QC statistics
	File name	KU330797-16_C_L004_R1_007.trimmed.fastq.gz	KU330797-16_C_L004_R2_007.trimmed.fastq.gz
	Total number of reads	4000000	4000000
	Total number of HQ reads	3979472	3979472
	Percentage of HQ reads	99.49%	99.49%
	Total number of bases	362259382	350060642
	Total number of bases in HQ reads	361176782	349756258
	Total number of HQ bases in HQ reads	359008630	347184878
	Percentage of HQ bases in HQ reads	99.40%	99.26%
	Number of Primer/Adaptor contaminated HQ reads	NA	NA
	Total number of HQ filtered reads	3979472	3979472
	Percentage of HQ filtered reads	99.49%	99.49%


Detailed QC statistics
	File name	KU330797-16_C_L004_R1_007.trimmed.fastq.gz	KU330797-16_C_L004_R2_007.trimmed.fastq.gz
	Minimum read length	1	1
	Maximum read length	100	100
	Average read length	90.56	87.52
	Total number of reads	4000000	4000000
	Total number of reads with non-ATGC bases	96	4106
	Percentage of reads with non-ATGC bases	0.00%	0.10%
	Total number of bases	362259382	350060642
	Total number of HQ bases	360041002	347383092
	Percentage of HQ bases	99.39%	99.24%
	Total number of non-ATGC bases	96	4106
	Percentage of non-ATGC bases	0.00%	0.00%


Average quality score at each base position of input reads

KU330797-16_C_L004_R1_007.trimmed.fastq.gz
31.91	32.38	32.56	35.92	35.85	35.83	35.80	35.82	37.40	37.40	37.38	37.38	37.33	38.66	38.51	38.53	38.41	38.44	38.46	38.40	38.41	38.30	38.18	38.14	38.04	37.97	37.80	37.60	37.60	37.51	37.39	37.17	37.09	36.84	36.68	36.58	36.44	36.24	36.17	36.05	35.90	36.02	35.91	35.73	35.69	35.58	35.42	35.31	35.11	35.11	35.03	34.89	34.70	34.54	34.39	34.24	34.00	33.79	33.71	33.50	33.31	33.05	32.82	32.66	32.49	32.32	32.07	31.71	31.47	31.15	30.91	30.66	30.38	29.92	29.77	28.59	29.03	29.17	29.17	29.04	28.85	28.70	28.44	28.16	27.97	27.70	27.53	27.44	27.29	27.07	26.97	26.78	26.60	26.47	26.32	26.19	25.98	25.71	25.60	24.33	

KU330797-16_C_L004_R2_007.trimmed.fastq.gz
35.30	35.90	36.13	36.24	31.73	32.05	32.15	35.25	35.26	35.18	35.12	35.02	36.49	36.43	36.35	36.33	36.24	37.34	37.25	37.14	37.08	36.89	36.89	36.77	36.54	36.52	36.35	36.21	36.02	35.94	35.85	35.81	35.65	35.58	35.41	35.26	35.07	34.96	34.79	34.72	34.56	34.39	34.28	34.10	33.98	33.78	33.73	33.69	33.54	33.45	33.26	33.00	32.92	32.81	31.79	32.03	32.23	32.30	32.10	32.00	31.87	31.66	31.56	31.40	31.25	31.08	30.85	30.72	30.54	30.35	30.25	30.10	29.84	29.76	29.51	29.37	29.09	28.99	28.67	28.42	28.28	28.11	27.86	27.68	27.47	27.21	27.07	26.84	26.59	26.41	26.22	26.01	25.87	25.77	25.54	25.35	25.08	24.91	24.80	24.65	





Read count (%) per base for different quality score ranges

	KU330797-16_C_L004_R1_007.trimmed.fastq.gz
Ranges	0-10	11-20	21-30	31-40
Base
1	0.00	1.42	11.91	86.67
2	0.00	0.76	10.01	89.22
3	0.00	0.59	9.20	90.22
4	0.00	0.51	3.86	95.63
5	0.00	0.57	4.34	95.09
6	0.00	0.62	4.38	95.00
7	0.00	0.66	4.54	94.80
8	0.00	0.64	4.39	94.97
9	0.00	0.65	4.46	94.89
10	0.00	0.64	4.38	94.98
11	0.00	0.65	4.46	94.89
12	0.00	0.65	4.43	94.93
13	0.00	0.67	4.58	94.75
14	0.00	1.18	6.89	91.93
15	0.00	1.33	7.28	91.38
16	0.00	1.25	7.03	91.72
17	0.00	1.34	7.37	91.29
18	0.00	1.24	7.07	91.69
19	0.00	1.29	7.19	91.52
20	0.00	1.27	7.19	91.54
21	0.00	1.18	6.92	91.90
22	0.00	1.23	7.09	91.68
23	0.00	1.25	7.28	91.47
24	0.00	1.23	7.26	91.51
25	0.00	1.21	7.29	91.50
26	0.00	1.21	7.09	91.70
27	0.00	1.25	7.38	91.37
28	0.00	1.29	7.64	91.07
29	0.00	1.13	7.11	91.76
30	0.00	1.10	7.14	91.76
31	0.00	1.08	7.25	91.67
32	0.00	1.17	7.59	91.24
33	0.00	1.07	7.37	91.55
34	0.00	1.14	7.84	91.01
35	0.00	1.15	7.91	90.94
36	0.00	1.07	7.71	91.22
37	0.00	1.05	7.65	91.29
38	0.00	1.09	7.87	91.04
39	0.00	1.00	7.47	91.53
40	0.00	1.00	7.33	91.67
41	0.00	0.99	7.40	91.61
42	0.00	0.91	7.09	92.00
43	0.00	0.95	7.28	91.77
44	0.00	1.02	7.53	91.45
45	0.00	0.96	7.12	91.92
46	0.00	0.95	7.11	91.93
47	0.00	0.97	7.18	91.85
48	0.00	0.95	7.12	91.93
49	0.00	1.02	7.37	91.62
50	0.00	0.89	6.99	92.13
51	0.00	0.87	6.71	92.41
52	0.00	0.87	6.65	92.48
53	0.00	0.87	6.74	92.39
54	0.00	0.87	6.65	92.48
55	0.00	0.86	6.59	92.54
56	0.00	0.84	6.52	92.64
57	0.00	0.87	6.73	92.40
58	0.00	0.90	6.79	92.30
59	0.00	0.79	6.40	92.81
60	0.00	0.82	6.48	92.70
61	0.00	0.82	6.53	92.65
62	0.00	0.86	6.79	92.35
63	0.00	0.87	6.86	92.27
64	0.00	0.81	6.61	92.58
65	0.00	0.78	6.54	92.67
66	0.00	0.74	6.37	92.89
67	0.00	0.76	6.56	92.68
68	0.00	0.88	7.25	91.87
69	0.00	0.84	7.16	91.99
70	0.00	0.81	7.01	92.18
71	0.00	0.80	7.05	92.15
72	0.00	0.82	7.19	91.99
73	0.00	0.82	7.41	91.76
74	0.00	0.99	8.55	90.46
75	0.00	0.89	8.01	91.10
76	0.00	0.89	12.67	86.44
77	0.00	0.73	8.66	90.61
78	0.00	0.71	7.48	91.81
79	0.00	0.62	6.70	92.68
80	0.00	0.61	6.41	92.98
81	0.00	0.64	6.42	92.94
82	0.00	0.60	6.15	93.25
83	0.00	0.70	6.67	92.63
84	0.00	0.80	7.26	91.93
85	0.00	0.81	7.33	91.86
86	0.00	0.92	7.89	91.19
87	0.00	0.89	7.83	91.27
88	0.00	0.80	7.33	91.87
89	0.00	0.81	7.29	91.90
90	0.00	0.93	7.82	91.25
91	0.00	0.86	7.54	91.60
92	0.00	0.94	7.91	91.14
93	0.00	1.00	8.24	90.76
94	0.00	0.98	8.15	90.87
95	0.00	0.97	8.27	90.76
96	0.00	0.95	8.14	90.91
97	0.00	1.01	8.51	90.48
98	0.00	1.17	9.31	89.52
99	0.00	1.01	8.90	90.10
100	0.00	3.01	17.84	79.15


	KU330797-16_C_L004_R2_007.trimmed.fastq.gz
Ranges	0-10	11-20	21-30	31-40
Base
1	0.10	3.27	6.34	90.28
2	0.00	1.68	4.67	93.65
3	0.00	1.10	3.77	95.14
4	0.00	0.97	3.38	95.64
5	0.00	1.53	14.91	83.57
6	0.00	1.35	12.49	86.16
7	0.00	1.29	11.87	86.83
8	0.00	1.27	6.31	92.42
9	0.00	1.21	6.13	92.66
10	0.00	1.33	6.38	92.29
11	0.00	1.33	6.38	92.29
12	0.00	1.40	6.60	92.00
13	0.00	1.22	6.06	92.72
14	0.00	1.22	6.11	92.68
15	0.00	1.21	6.15	92.64
16	0.00	1.15	5.89	92.96
17	0.00	1.12	5.92	92.96
18	0.00	1.86	8.70	89.44
19	0.00	1.86	8.64	89.50
20	0.00	1.80	8.61	89.59
21	0.00	1.72	8.37	89.91
22	0.00	1.78	8.66	89.57
23	0.00	1.69	8.48	89.83
24	0.00	1.66	8.44	89.90
25	0.00	1.73	8.70	89.57
26	0.00	1.55	8.16	90.29
27	0.00	1.59	8.33	90.08
28	0.00	1.62	8.63	89.75
29	0.00	1.67	8.79	89.54
30	0.00	1.51	8.45	90.04
31	0.00	1.44	8.25	90.31
32	0.00	1.31	7.92	90.77
33	0.00	1.32	8.10	90.58
34	0.00	1.21	7.81	90.98
35	0.00	1.23	8.00	90.78
36	0.00	1.21	8.06	90.73
37	0.00	1.22	8.28	90.50
38	0.00	1.16	8.16	90.69
39	0.00	1.19	8.25	90.57
40	0.00	1.10	7.97	90.93
41	0.00	1.12	8.09	90.79
42	0.00	1.13	8.11	90.75
43	0.00	1.09	7.97	90.94
44	0.00	1.12	8.06	90.82
45	0.00	1.07	7.85	91.08
46	0.00	1.13	8.08	90.80
47	0.00	1.08	8.08	90.84
48	0.00	1.03	7.79	91.18
49	0.00	1.08	7.92	91.00
50	0.00	1.04	7.75	91.21
51	0.00	1.05	7.70	91.25
52	0.00	1.08	7.92	91.00
53	0.00	0.98	7.43	91.59
54	0.00	0.94	7.12	91.94
55	0.00	0.68	6.94	92.38
56	0.00	0.71	5.95	93.34
57	0.00	0.75	6.14	93.11
58	0.00	0.73	6.05	93.23
59	0.00	0.88	6.78	92.34
60	0.00	0.84	6.65	92.51
61	0.00	0.83	6.61	92.56
62	0.00	0.88	6.74	92.39
63	0.00	0.78	6.46	92.76
64	0.00	0.81	6.50	92.70
65	0.00	0.77	6.40	92.83
66	0.00	0.78	6.41	92.81
67	0.00	0.83	6.74	92.43
68	0.00	0.78	6.65	92.57
69	0.00	0.77	6.68	92.55
70	0.00	0.79	6.71	92.50
71	0.00	0.72	6.35	92.93
72	0.00	0.69	6.18	93.12
73	0.00	0.76	6.57	92.67
74	0.00	0.60	5.98	93.42
75	0.00	0.71	6.32	92.97
76	0.00	0.62	6.06	93.32
77	0.00	0.71	6.48	92.82
78	0.00	0.57	5.90	93.52
79	0.00	0.72	6.56	92.73
80	0.00	0.74	6.84	92.42
81	0.00	0.65	6.49	92.86
82	0.00	0.61	6.26	93.13
83	0.00	0.66	6.54	92.79
84	0.00	0.64	6.45	92.90
85	0.00	0.66	6.57	92.77
86	0.00	0.77	7.00	92.23
87	0.00	0.68	6.65	92.68
88	0.00	0.77	7.05	92.18
89	0.00	0.84	7.47	91.68
90	0.00	0.83	7.50	91.67
91	0.00	0.85	7.48	91.67
92	0.00	0.90	7.80	91.30
93	0.00	0.87	7.68	91.45
94	0.00	0.80	7.25	91.95
95	0.00	0.93	7.77	91.30
96	0.00	0.95	7.94	91.11
97	0.00	0.96	8.05	90.99
98	0.00	0.96	8.21	90.83
99	0.00	0.89	8.00	91.12
100	0.00	1.03	8.36	90.61




