Parameters
	Library type	Paired-end
	Input files	KU330797-16_C_L004_R1_034.trimmed.fastq.gz	KU330797-16_C_L004_R2_034.trimmed.fastq.gz
	Primer/Adaptor library	NA
	Cut-off read length for HQ	70%
	Cut-off quality score	20
	Only statistics	On
	Number of CPUs	2


QC statistics
	File name	KU330797-16_C_L004_R1_034.trimmed.fastq.gz	KU330797-16_C_L004_R2_034.trimmed.fastq.gz
	Total number of reads	4000000	4000000
	Total number of HQ reads	3986288	3986288
	Percentage of HQ reads	99.66%	99.66%
	Total number of bases	372785342	368768158
	Total number of bases in HQ reads	371991898	368576346
	Total number of HQ bases in HQ reads	370400637	366910902
	Percentage of HQ bases in HQ reads	99.57%	99.55%
	Number of Primer/Adaptor contaminated HQ reads	NA	NA
	Total number of HQ filtered reads	3986288	3986288
	Percentage of HQ filtered reads	99.66%	99.66%


Detailed QC statistics
	File name	KU330797-16_C_L004_R1_034.trimmed.fastq.gz	KU330797-16_C_L004_R2_034.trimmed.fastq.gz
	Minimum read length	1	1
	Maximum read length	100	100
	Average read length	93.20	92.19
	Total number of reads	4000000	4000000
	Total number of reads with non-ATGC bases	161	5229
	Percentage of reads with non-ATGC bases	0.00%	0.13%
	Total number of bases	372785342	368768158
	Total number of HQ bases	371166135	367048059
	Percentage of HQ bases	99.57%	99.53%
	Total number of non-ATGC bases	161	5229
	Percentage of non-ATGC bases	0.00%	0.00%


Average quality score at each base position of input reads

KU330797-16_C_L004_R1_034.trimmed.fastq.gz
32.40	32.80	32.93	36.24	36.19	36.18	36.20	36.19	37.90	37.89	37.87	37.84	37.83	39.28	39.25	39.23	39.18	39.13	39.18	39.13	39.07	38.99	38.94	38.89	38.81	38.74	38.65	38.56	38.47	38.33	38.21	38.12	38.02	37.93	37.82	37.71	37.57	37.44	37.32	37.21	37.04	37.18	37.12	37.02	36.97	36.86	36.73	36.60	36.50	36.52	36.47	36.40	36.28	36.15	36.00	35.89	35.75	35.58	35.43	35.27	35.09	34.89	34.72	34.53	34.35	34.18	33.97	33.76	33.52	33.24	32.97	32.79	32.54	32.28	32.05	31.23	31.37	31.40	31.26	31.09	30.87	30.66	30.42	30.22	29.99	29.78	29.58	29.41	29.20	29.02	28.88	28.70	28.52	28.38	28.22	28.08	27.91	27.73	27.58	26.33	

KU330797-16_C_L004_R2_034.trimmed.fastq.gz
36.09	36.39	36.53	36.59	31.54	32.08	32.45	35.85	35.86	35.86	35.86	35.84	37.44	37.39	37.33	37.31	37.26	38.64	38.56	38.50	38.43	38.36	38.34	38.26	38.19	38.12	38.05	38.01	37.93	37.80	37.75	37.66	37.57	37.48	37.37	37.27	37.19	37.09	36.98	36.90	36.75	36.67	36.58	36.50	36.39	36.26	36.29	36.22	36.13	36.04	35.93	35.79	35.65	35.53	34.63	34.88	35.04	35.02	34.94	34.80	34.68	34.51	34.39	34.21	34.01	33.85	33.66	33.65	33.57	33.44	33.31	33.14	32.96	32.78	32.59	32.40	32.16	31.96	31.74	31.53	31.29	31.06	30.84	30.64	30.41	30.22	30.00	29.79	29.62	29.43	29.25	29.09	28.89	28.72	28.58	28.39	28.17	28.00	27.82	27.67	





Read count (%) per base for different quality score ranges

	KU330797-16_C_L004_R1_034.trimmed.fastq.gz
Ranges	0-10	11-20	21-30	31-40
Base
1	0.00	0.97	7.92	91.11
2	0.00	0.49	6.65	92.85
3	0.00	0.39	6.20	93.41
4	0.00	0.33	2.49	97.18
5	0.00	0.37	2.78	96.85
6	0.00	0.39	2.85	96.75
7	0.00	0.38	2.77	96.85
8	0.00	0.40	2.82	96.78
9	0.00	0.38	2.83	96.79
10	0.00	0.39	2.84	96.77
11	0.00	0.39	2.89	96.72
12	0.00	0.41	2.97	96.62
13	0.00	0.42	3.00	96.58
14	0.00	0.92	5.53	93.54
15	0.00	0.92	5.55	93.53
16	0.00	0.92	5.49	93.59
17	0.00	0.95	5.62	93.43
18	0.00	0.96	5.63	93.41
19	0.00	0.93	5.53	93.54
20	0.00	0.94	5.60	93.46
21	0.00	0.94	5.62	93.44
22	0.00	0.97	5.71	93.32
23	0.00	0.94	5.61	93.45
24	0.00	0.97	5.81	93.23
25	0.00	0.96	5.80	93.24
26	0.00	0.95	5.75	93.30
27	0.00	0.95	5.73	93.32
28	0.00	0.93	5.70	93.36
29	0.00	0.91	5.72	93.37
30	0.00	0.90	5.91	93.18
31	0.00	0.90	5.98	93.12
32	0.00	0.85	5.89	93.25
33	0.00	0.85	5.91	93.23
34	0.00	0.81	5.88	93.31
35	0.00	0.81	5.93	93.26
36	0.00	0.80	5.90	93.30
37	0.00	0.82	5.96	93.22
38	0.00	0.81	5.96	93.23
39	0.00	0.80	5.91	93.28
40	0.00	0.79	5.87	93.34
41	0.00	0.82	6.01	93.17
42	0.00	0.75	5.80	93.45
43	0.00	0.78	5.92	93.31
44	0.00	0.80	6.00	93.20
45	0.00	0.78	5.85	93.37
46	0.00	0.78	5.84	93.37
47	0.00	0.81	5.92	93.28
48	0.00	0.80	5.95	93.25
49	0.00	0.80	5.84	93.36
50	0.00	0.72	5.59	93.69
51	0.00	0.70	5.42	93.89
52	0.00	0.69	5.26	94.06
53	0.00	0.70	5.25	94.05
54	0.00	0.69	5.20	94.11
55	0.00	0.71	5.29	94.00
56	0.00	0.65	5.13	94.22
57	0.00	0.65	5.08	94.27
58	0.00	0.67	5.17	94.16
59	0.00	0.65	5.18	94.17
60	0.00	0.64	5.17	94.19
61	0.00	0.66	5.21	94.13
62	0.00	0.65	5.25	94.10
63	0.00	0.64	5.24	94.12
64	0.00	0.64	5.30	94.06
65	0.00	0.64	5.29	94.08
66	0.00	0.61	5.22	94.17
67	0.00	0.63	5.30	94.07
68	0.00	0.62	5.33	94.04
69	0.00	0.63	5.44	93.93
70	0.00	0.59	5.34	94.07
71	0.00	0.65	5.62	93.73
72	0.00	0.60	5.50	93.90
73	0.00	0.61	5.63	93.75
74	0.00	0.63	5.77	93.59
75	0.00	0.63	5.80	93.57
76	0.00	0.54	7.66	91.80
77	0.00	0.57	6.13	93.30
78	0.00	0.53	5.50	93.97
79	0.00	0.55	5.41	94.04
80	0.00	0.55	5.29	94.16
81	0.00	0.56	5.35	94.09
82	0.00	0.58	5.43	93.99
83	0.00	0.61	5.71	93.67
84	0.00	0.63	5.75	93.62
85	0.00	0.67	6.01	93.32
86	0.00	0.70	6.14	93.16
87	0.00	0.73	6.30	92.97
88	0.00	0.73	6.34	92.93
89	0.00	0.80	6.66	92.53
90	0.00	0.82	6.81	92.38
91	0.00	0.81	6.74	92.45
92	0.00	0.86	7.02	92.12
93	0.00	0.91	7.23	91.86
94	0.00	0.88	7.23	91.88
95	0.00	0.90	7.32	91.78
96	0.00	0.89	7.34	91.77
97	0.00	0.89	7.43	91.68
98	0.00	0.89	7.66	91.45
99	0.00	0.88	7.69	91.43
100	0.00	2.52	15.89	81.59


	KU330797-16_C_L004_R2_034.trimmed.fastq.gz
Ranges	0-10	11-20	21-30	31-40
Base
1	0.13	1.89	3.36	94.62
2	0.00	0.89	2.49	96.62
3	0.00	0.54	1.91	97.54
4	0.00	0.47	1.71	97.82
5	0.00	1.04	14.81	84.15
6	0.00	0.75	9.83	89.42
7	0.00	0.65	8.19	91.16
8	0.00	0.64	3.62	95.74
9	0.00	0.63	3.61	95.76
10	0.00	0.66	3.56	95.78
11	0.00	0.65	3.54	95.82
12	0.00	0.64	3.48	95.88
13	0.00	0.63	3.50	95.87
14	0.00	0.64	3.58	95.78
15	0.00	0.65	3.60	95.76
16	0.00	0.62	3.56	95.83
17	0.00	0.62	3.58	95.80
18	0.00	1.26	6.38	92.36
19	0.00	1.28	6.51	92.20
20	0.00	1.28	6.41	92.31
21	0.00	1.24	6.44	92.33
22	0.00	1.20	6.35	92.46
23	0.00	1.21	6.39	92.41
24	0.00	1.18	6.38	92.43
25	0.00	1.16	6.29	92.54
26	0.00	1.13	6.24	92.64
27	0.00	1.10	6.20	92.70
28	0.00	1.10	6.33	92.57
29	0.00	1.07	6.29	92.64
30	0.00	1.09	6.36	92.55
31	0.00	1.01	6.19	92.81
32	0.00	0.98	6.18	92.84
33	0.00	0.95	6.16	92.89
34	0.00	0.91	6.11	92.98
35	0.00	0.91	6.18	92.92
36	0.00	0.88	6.19	92.93
37	0.00	0.86	6.17	92.97
38	0.00	0.84	6.17	92.99
39	0.00	0.84	6.19	92.98
40	0.00	0.81	6.12	93.06
41	0.00	0.85	6.34	92.81
42	0.00	0.82	6.17	93.02
43	0.00	0.79	6.12	93.09
44	0.00	0.77	5.96	93.27
45	0.00	0.78	5.94	93.28
46	0.00	0.79	6.03	93.18
47	0.00	0.76	6.05	93.18
48	0.00	0.76	6.04	93.19
49	0.00	0.78	6.05	93.17
50	0.00	0.77	5.99	93.24
51	0.00	0.76	5.80	93.44
52	0.00	0.76	5.85	93.39
53	0.00	0.76	5.86	93.37
54	0.00	0.75	5.76	93.49
55	0.00	0.52	5.00	94.48
56	0.00	0.53	4.51	94.96
57	0.00	0.63	4.92	94.45
58	0.00	0.68	5.27	94.05
59	0.00	0.69	5.41	93.90
60	0.00	0.71	5.48	93.81
61	0.00	0.70	5.43	93.87
62	0.00	0.72	5.50	93.77
63	0.00	0.68	5.45	93.87
64	0.00	0.71	5.59	93.70
65	0.00	0.72	5.75	93.53
66	0.00	0.71	5.66	93.63
67	0.00	0.73	5.77	93.50
68	0.00	0.62	5.36	94.02
69	0.00	0.59	5.14	94.27
70	0.00	0.57	5.05	94.38
71	0.00	0.54	4.89	94.56
72	0.00	0.54	4.89	94.57
73	0.00	0.54	4.91	94.55
74	0.00	0.53	4.86	94.61
75	0.00	0.52	4.88	94.59
76	0.00	0.51	4.83	94.67
77	0.00	0.53	4.98	94.49
78	0.00	0.51	4.95	94.53
79	0.00	0.52	4.99	94.49
80	0.00	0.51	4.98	94.50
81	0.00	0.53	5.06	94.41
82	0.00	0.54	5.18	94.28
83	0.00	0.54	5.21	94.25
84	0.00	0.53	5.14	94.34
85	0.00	0.56	5.30	94.14
86	0.00	0.56	5.27	94.17
87	0.00	0.59	5.41	94.00
88	0.00	0.60	5.57	93.82
89	0.00	0.60	5.56	93.84
90	0.00	0.64	5.71	93.66
91	0.00	0.65	5.77	93.58
92	0.00	0.66	5.86	93.49
93	0.00	0.72	6.10	93.18
94	0.00	0.74	6.28	92.98
95	0.00	0.72	6.21	93.06
96	0.00	0.74	6.32	92.94
97	0.00	0.72	6.32	92.95
98	0.00	0.73	6.40	92.87
99	0.00	0.78	6.69	92.53
100	0.00	0.87	6.99	92.14




