Parameters
	Library type	Paired-end
	Input files	KU330797-16_C_L004_R1_009.trimmed.fastq.gz	KU330797-16_C_L004_R2_009.trimmed.fastq.gz
	Primer/Adaptor library	NA
	Cut-off read length for HQ	70%
	Cut-off quality score	20
	Only statistics	On
	Number of CPUs	2


QC statistics
	File name	KU330797-16_C_L004_R1_009.trimmed.fastq.gz	KU330797-16_C_L004_R2_009.trimmed.fastq.gz
	Total number of reads	4000000	4000000
	Total number of HQ reads	3989445	3989445
	Percentage of HQ reads	99.74%	99.74%
	Total number of bases	373233942	369737290
	Total number of bases in HQ reads	372600852	369588275
	Total number of HQ bases in HQ reads	371105977	368080892
	Percentage of HQ bases in HQ reads	99.60%	99.59%
	Number of Primer/Adaptor contaminated HQ reads	NA	NA
	Total number of HQ filtered reads	3989445	3989445
	Percentage of HQ filtered reads	99.74%	99.74%


Detailed QC statistics
	File name	KU330797-16_C_L004_R1_009.trimmed.fastq.gz	KU330797-16_C_L004_R2_009.trimmed.fastq.gz
	Minimum read length	1	1
	Maximum read length	100	100
	Average read length	93.31	92.43
	Total number of reads	4000000	4000000
	Total number of reads with non-ATGC bases	92	3288
	Percentage of reads with non-ATGC bases	0.00%	0.08%
	Total number of bases	373233942	369737290
	Total number of HQ bases	371716291	368183047
	Percentage of HQ bases	99.59%	99.58%
	Total number of non-ATGC bases	92	3288
	Percentage of non-ATGC bases	0.00%	0.00%


Average quality score at each base position of input reads

KU330797-16_C_L004_R1_009.trimmed.fastq.gz
32.64	32.99	33.10	36.38	36.33	36.32	36.32	36.32	38.08	38.05	38.02	38.02	38.00	39.51	39.49	39.45	39.42	39.38	39.38	39.34	39.27	39.20	39.13	39.09	39.05	38.95	38.87	38.78	38.68	38.57	38.47	38.35	38.26	38.17	38.01	37.91	37.77	37.61	37.47	37.37	37.26	37.35	37.31	37.26	37.16	37.04	36.93	36.80	36.70	36.74	36.71	36.60	36.51	36.36	36.24	36.11	35.98	35.80	35.63	35.43	35.30	35.12	34.93	34.73	34.53	34.29	34.10	33.89	33.63	33.32	33.09	32.83	32.50	31.95	31.89	30.81	31.23	31.35	31.22	31.06	30.88	30.69	30.45	30.18	29.97	29.76	29.56	29.39	29.19	29.03	28.83	28.68	28.49	28.33	28.14	27.97	27.79	27.61	27.42	26.17	

KU330797-16_C_L004_R2_009.trimmed.fastq.gz
35.99	36.44	36.58	36.65	32.50	32.78	32.89	36.03	36.02	36.02	35.99	35.95	37.58	37.54	37.50	37.47	37.41	38.83	38.74	38.67	38.64	38.56	38.56	38.49	38.43	38.36	38.26	38.21	38.13	38.04	37.97	37.87	37.79	37.71	37.60	37.47	37.39	37.28	37.17	37.08	36.98	36.87	36.78	36.66	36.54	36.42	36.46	36.39	36.34	36.25	36.09	35.98	35.83	35.68	34.68	34.98	35.22	35.24	35.18	35.06	34.91	34.75	34.61	34.46	34.29	34.06	33.88	33.90	33.84	33.70	33.59	33.43	33.26	33.10	32.89	32.68	32.47	32.26	32.05	31.80	31.57	31.34	31.11	30.88	30.63	30.39	30.20	29.96	29.79	29.61	29.43	29.24	29.06	28.89	28.72	28.57	28.23	28.02	27.83	27.68	





Read count (%) per base for different quality score ranges

	KU330797-16_C_L004_R1_009.trimmed.fastq.gz
Ranges	0-10	11-20	21-30	31-40
Base
1	0.00	0.81	6.54	92.64
2	0.00	0.38	5.52	94.10
3	0.00	0.30	5.06	94.64
4	0.00	0.26	1.98	97.76
5	0.00	0.29	2.24	97.48
6	0.00	0.31	2.32	97.37
7	0.00	0.31	2.31	97.38
8	0.00	0.31	2.29	97.41
9	0.00	0.31	2.28	97.41
10	0.00	0.32	2.37	97.30
11	0.00	0.34	2.45	97.21
12	0.00	0.33	2.42	97.25
13	0.00	0.34	2.46	97.20
14	0.00	0.81	4.96	94.23
15	0.00	0.82	5.01	94.17
16	0.00	0.84	5.04	94.13
17	0.00	0.85	5.04	94.11
18	0.00	0.84	5.06	94.10
19	0.00	0.86	5.12	94.02
20	0.00	0.85	5.13	94.01
21	0.00	0.87	5.18	93.95
22	0.00	0.87	5.20	93.93
23	0.00	0.87	5.17	93.96
24	0.00	0.88	5.29	93.82
25	0.00	0.83	5.19	93.97
26	0.00	0.87	5.24	93.90
27	0.00	0.84	5.13	94.04
28	0.00	0.83	5.20	93.97
29	0.00	0.82	5.24	93.94
30	0.00	0.79	5.27	93.94
31	0.00	0.77	5.31	93.92
32	0.00	0.78	5.37	93.85
33	0.00	0.75	5.34	93.91
34	0.00	0.72	5.24	94.04
35	0.00	0.77	5.53	93.70
36	0.00	0.74	5.44	93.82
37	0.00	0.75	5.49	93.76
38	0.00	0.78	5.63	93.59
39	0.00	0.77	5.62	93.61
40	0.00	0.74	5.48	93.78
41	0.00	0.74	5.38	93.89
42	0.00	0.71	5.42	93.86
43	0.00	0.70	5.40	93.89
44	0.00	0.69	5.31	94.01
45	0.00	0.72	5.33	93.94
46	0.00	0.72	5.40	93.87
47	0.00	0.72	5.34	93.94
48	0.00	0.75	5.44	93.81
49	0.00	0.75	5.40	93.85
50	0.00	0.67	5.15	94.18
51	0.00	0.64	4.98	94.38
52	0.00	0.66	4.97	94.37
53	0.00	0.63	4.86	94.51
54	0.00	0.64	4.89	94.47
55	0.00	0.64	4.84	94.52
56	0.00	0.63	4.82	94.56
57	0.00	0.61	4.68	94.71
58	0.00	0.62	4.85	94.53
59	0.00	0.62	4.94	94.44
60	0.00	0.64	5.03	94.33
61	0.00	0.62	4.86	94.52
62	0.00	0.62	4.95	94.42
63	0.00	0.62	5.00	94.38
64	0.00	0.63	5.10	94.27
65	0.00	0.63	5.15	94.22
66	0.00	0.66	5.38	93.97
67	0.00	0.64	5.30	94.06
68	0.00	0.63	5.31	94.06
69	0.00	0.66	5.50	93.85
70	0.00	0.67	5.68	93.65
71	0.00	0.65	5.68	93.67
72	0.00	0.68	5.80	93.52
73	0.00	0.67	5.91	93.41
74	0.00	0.86	7.26	91.88
75	0.00	0.68	6.36	92.97
76	0.00	0.64	9.56	89.80
77	0.00	0.53	6.37	93.10
78	0.00	0.52	5.49	94.00
79	0.00	0.57	5.46	93.98
80	0.00	0.55	5.33	94.12
81	0.00	0.54	5.22	94.24
82	0.00	0.54	5.17	94.29
83	0.00	0.58	5.41	94.00
84	0.00	0.64	5.74	93.62
85	0.00	0.66	5.89	93.45
86	0.00	0.69	6.04	93.27
87	0.00	0.73	6.25	93.03
88	0.00	0.74	6.24	93.02
89	0.00	0.78	6.52	92.70
90	0.00	0.79	6.55	92.66
91	0.00	0.86	6.88	92.27
92	0.00	0.85	6.92	92.23
93	0.00	0.90	7.18	91.92
94	0.00	0.91	7.31	91.78
95	0.00	0.95	7.54	91.51
96	0.00	0.94	7.61	91.45
97	0.00	0.96	7.83	91.21
98	0.00	0.95	7.96	91.09
99	0.00	0.98	8.16	90.87
100	0.00	2.61	16.29	81.10


	KU330797-16_C_L004_R2_009.trimmed.fastq.gz
Ranges	0-10	11-20	21-30	31-40
Base
1	0.08	1.75	2.89	95.28
2	0.00	0.80	2.08	97.12
3	0.00	0.48	1.62	97.89
4	0.00	0.41	1.44	98.15
5	0.00	0.64	7.76	91.61
6	0.00	0.57	6.44	92.99
7	0.00	0.54	6.08	93.38
8	0.00	0.54	2.99	96.47
9	0.00	0.53	2.99	96.48
10	0.00	0.54	2.92	96.54
11	0.00	0.55	2.97	96.48
12	0.00	0.56	3.04	96.41
13	0.00	0.56	3.00	96.44
14	0.00	0.56	3.07	96.37
15	0.00	0.55	3.09	96.36
16	0.00	0.54	3.04	96.42
17	0.00	0.54	3.06	96.40
18	0.00	1.21	6.01	92.78
19	0.00	1.20	6.09	92.71
20	0.00	1.20	6.01	92.80
21	0.00	1.12	5.81	93.07
22	0.00	1.14	5.87	92.99
23	0.00	1.10	5.86	93.04
24	0.00	1.09	5.87	93.04
25	0.00	1.05	5.72	93.23
26	0.00	1.03	5.69	93.28
27	0.00	1.02	5.70	93.28
28	0.00	1.02	5.86	93.12
29	0.00	0.99	5.85	93.16
30	0.00	0.96	5.80	93.23
31	0.00	0.90	5.65	93.45
32	0.00	0.90	5.69	93.41
33	0.00	0.86	5.60	93.55
34	0.00	0.84	5.58	93.59
35	0.00	0.84	5.69	93.47
36	0.00	0.83	5.81	93.37
37	0.00	0.79	5.69	93.52
38	0.00	0.80	5.76	93.44
39	0.00	0.79	5.79	93.43
40	0.00	0.77	5.74	93.49
41	0.00	0.76	5.73	93.52
42	0.00	0.77	5.73	93.50
43	0.00	0.75	5.68	93.58
44	0.00	0.75	5.68	93.57
45	0.00	0.76	5.69	93.56
46	0.00	0.77	5.70	93.53
47	0.00	0.71	5.60	93.68
48	0.00	0.73	5.59	93.68
49	0.00	0.71	5.47	93.82
50	0.00	0.71	5.46	93.83
51	0.00	0.72	5.49	93.79
52	0.00	0.71	5.40	93.89
53	0.00	0.72	5.48	93.80
54	0.00	0.73	5.49	93.78
55	0.00	0.46	4.68	94.86
56	0.00	0.49	4.10	95.41
57	0.00	0.52	4.25	95.23
58	0.00	0.59	4.68	94.74
59	0.00	0.63	4.87	94.49
60	0.00	0.63	5.00	94.37
61	0.00	0.66	5.08	94.26
62	0.00	0.68	5.14	94.18
63	0.00	0.66	5.13	94.21
64	0.00	0.66	5.17	94.18
65	0.00	0.66	5.22	94.13
66	0.00	0.71	5.48	93.81
67	0.00	0.71	5.49	93.80
68	0.00	0.59	5.06	94.35
69	0.00	0.54	4.82	94.63
70	0.00	0.55	4.80	94.65
71	0.00	0.50	4.61	94.88
72	0.00	0.50	4.53	94.96
73	0.00	0.50	4.53	94.97
74	0.00	0.47	4.42	95.11
75	0.00	0.48	4.52	95.00
76	0.00	0.50	4.57	94.93
77	0.00	0.49	4.59	94.92
78	0.00	0.49	4.60	94.92
79	0.00	0.47	4.63	94.90
80	0.00	0.50	4.77	94.73
81	0.00	0.51	4.84	94.65
82	0.00	0.50	4.88	94.62
83	0.00	0.52	4.89	94.58
84	0.00	0.54	5.02	94.44
85	0.00	0.57	5.23	94.21
86	0.00	0.60	5.41	93.99
87	0.00	0.59	5.34	94.07
88	0.00	0.63	5.61	93.76
89	0.00	0.62	5.53	93.85
90	0.00	0.63	5.55	93.82
91	0.00	0.64	5.63	93.72
92	0.00	0.68	5.84	93.47
93	0.00	0.71	5.98	93.31
94	0.00	0.72	6.07	93.22
95	0.00	0.75	6.22	93.03
96	0.00	0.74	6.26	93.00
97	0.00	0.77	6.42	92.80
98	0.00	0.78	6.56	92.66
99	0.00	0.81	6.77	92.43
100	0.00	0.89	7.02	92.09




