Parameters
	Library type	Paired-end
	Input files	KU330797-16_C_L004_R1_022.trimmed.fastq.gz	KU330797-16_C_L004_R2_022.trimmed.fastq.gz
	Primer/Adaptor library	NA
	Cut-off read length for HQ	70%
	Cut-off quality score	20
	Only statistics	On
	Number of CPUs	2


QC statistics
	File name	KU330797-16_C_L004_R1_022.trimmed.fastq.gz	KU330797-16_C_L004_R2_022.trimmed.fastq.gz
	Total number of reads	4000000	4000000
	Total number of HQ reads	3984442	3984442
	Percentage of HQ reads	99.61%	99.61%
	Total number of bases	365986707	360641631
	Total number of bases in HQ reads	365133894	360396255
	Total number of HQ bases in HQ reads	363144373	358301257
	Percentage of HQ bases in HQ reads	99.46%	99.42%
	Number of Primer/Adaptor contaminated HQ reads	NA	NA
	Total number of HQ filtered reads	3984442	3984442
	Percentage of HQ filtered reads	99.61%	99.61%


Detailed QC statistics
	File name	KU330797-16_C_L004_R1_022.trimmed.fastq.gz	KU330797-16_C_L004_R2_022.trimmed.fastq.gz
	Minimum read length	1	1
	Maximum read length	100	100
	Average read length	91.50	90.16
	Total number of reads	4000000	4000000
	Total number of reads with non-ATGC bases	94	3584
	Percentage of reads with non-ATGC bases	0.00%	0.09%
	Total number of bases	365986707	360641631
	Total number of HQ bases	363959944	358470624
	Percentage of HQ bases	99.45%	99.40%
	Total number of non-ATGC bases	94	3584
	Percentage of non-ATGC bases	0.00%	0.00%


Average quality score at each base position of input reads

KU330797-16_C_L004_R1_022.trimmed.fastq.gz
32.07	32.50	32.65	36.03	35.98	35.96	35.96	35.95	37.48	37.55	37.57	37.53	37.52	38.89	38.84	38.77	38.73	38.66	38.71	38.63	38.58	38.53	38.48	38.41	38.28	38.20	38.09	37.98	37.90	37.75	37.63	37.53	37.39	37.25	37.09	36.93	36.76	36.67	36.47	36.38	36.24	36.35	36.29	36.25	36.14	36.03	35.91	35.77	35.58	35.54	35.49	35.39	35.24	35.08	34.96	34.81	34.65	34.51	34.37	34.13	33.99	33.72	33.57	33.27	33.05	32.88	32.69	32.47	32.23	31.96	31.66	31.44	31.13	30.61	30.52	29.45	29.85	29.96	29.86	29.64	29.49	29.30	29.09	28.90	28.67	28.49	28.32	28.15	27.96	27.79	27.60	27.41	27.27	27.11	26.96	26.81	26.66	26.47	26.32	25.04	

KU330797-16_C_L004_R2_022.trimmed.fastq.gz
35.59	36.16	36.36	36.44	31.62	32.08	32.29	35.56	35.55	35.53	35.51	35.48	36.96	36.90	36.86	36.84	36.72	37.98	37.92	37.78	37.73	37.64	37.59	37.54	37.44	37.36	37.27	37.20	37.08	36.99	36.86	36.74	36.66	36.58	36.44	36.33	36.21	36.10	35.98	35.82	35.72	35.59	35.50	35.38	35.22	35.08	35.11	34.99	34.97	34.92	34.68	34.52	34.38	34.25	33.20	33.48	33.71	33.72	33.67	33.55	33.42	33.27	33.03	32.92	32.74	32.59	32.38	32.36	32.24	32.07	31.94	31.78	31.58	31.39	31.22	30.96	30.79	30.59	30.39	30.16	29.94	29.71	29.47	29.28	29.03	28.85	28.65	28.47	28.27	28.13	27.93	27.77	27.63	27.43	27.28	27.10	26.93	26.76	26.60	26.48	





Read count (%) per base for different quality score ranges

	KU330797-16_C_L004_R1_022.trimmed.fastq.gz
Ranges	0-10	11-20	21-30	31-40
Base
1	0.00	1.21	10.45	88.34
2	0.00	0.66	9.03	90.31
3	0.00	0.52	8.38	91.10
4	0.00	0.45	3.33	96.22
5	0.00	0.50	3.75	95.75
6	0.00	0.55	3.82	95.62
7	0.00	0.54	3.79	95.66
8	0.00	0.55	3.82	95.63
9	0.00	0.63	4.22	95.15
10	0.00	0.57	3.93	95.50
11	0.00	0.54	3.83	95.63
12	0.00	0.58	3.97	95.45
13	0.00	0.56	3.96	95.47
14	0.00	1.10	6.36	92.54
15	0.00	1.13	6.51	92.36
16	0.00	1.19	6.64	92.17
17	0.00	1.15	6.60	92.26
18	0.00	1.21	6.71	92.08
19	0.00	1.15	6.57	92.28
20	0.00	1.18	6.73	92.09
21	0.00	1.15	6.58	92.27
22	0.00	1.14	6.56	92.31
23	0.00	1.09	6.44	92.47
24	0.00	1.13	6.66	92.22
25	0.00	1.15	6.78	92.07
26	0.00	1.15	6.65	92.21
27	0.00	1.14	6.68	92.18
28	0.00	1.11	6.69	92.20
29	0.00	1.05	6.62	92.32
30	0.00	1.06	6.81	92.13
31	0.00	1.02	6.74	92.24
32	0.00	0.99	6.70	92.31
33	0.00	0.98	6.84	92.17
34	0.00	0.98	6.91	92.11
35	0.00	1.01	7.04	91.96
36	0.00	1.00	7.08	91.93
37	0.00	0.99	7.15	91.86
38	0.00	0.93	6.78	92.29
39	0.00	0.99	7.08	91.93
40	0.00	0.92	6.79	92.29
41	0.00	0.91	6.77	92.32
42	0.00	0.86	6.63	92.51
43	0.00	0.89	6.71	92.39
44	0.00	0.85	6.52	92.63
45	0.00	0.88	6.59	92.53
46	0.00	0.87	6.53	92.60
47	0.00	0.87	6.51	92.62
48	0.00	0.89	6.57	92.54
49	0.00	0.93	6.82	92.24
50	0.00	0.85	6.54	92.61
51	0.00	0.81	6.20	92.99
52	0.00	0.78	6.07	93.15
53	0.00	0.78	6.07	93.15
54	0.00	0.80	6.07	93.13
55	0.00	0.79	5.98	93.23
56	0.00	0.75	5.94	93.31
57	0.00	0.77	5.95	93.29
58	0.00	0.75	5.85	93.40
59	0.00	0.71	5.75	93.53
60	0.00	0.76	6.05	93.19
61	0.00	0.72	5.80	93.49
62	0.00	0.79	6.19	93.02
63	0.00	0.74	6.01	93.26
64	0.00	0.84	6.41	92.75
65	0.00	0.82	6.49	92.69
66	0.00	0.76	6.35	92.89
67	0.00	0.74	6.29	92.97
68	0.00	0.76	6.34	92.90
69	0.00	0.75	6.46	92.79
70	0.00	0.79	6.69	92.52
71	0.00	0.83	6.96	92.20
72	0.00	0.79	6.92	92.29
73	0.00	0.81	7.09	92.10
74	0.00	0.98	8.36	90.66
75	0.00	0.82	7.54	91.64
76	0.00	0.82	11.35	87.83
77	0.00	0.66	7.85	91.50
78	0.00	0.64	6.81	92.55
79	0.00	0.65	6.59	92.76
80	0.00	0.71	6.76	92.52
81	0.00	0.66	6.46	92.88
82	0.00	0.66	6.44	92.90
83	0.00	0.70	6.56	92.75
84	0.00	0.69	6.60	92.71
85	0.00	0.76	6.88	92.36
86	0.00	0.75	6.94	92.31
87	0.00	0.77	6.99	92.24
88	0.00	0.79	7.03	92.18
89	0.00	0.85	7.28	91.86
90	0.00	0.86	7.40	91.75
91	0.00	0.93	7.74	91.33
92	0.00	0.98	7.98	91.04
93	0.00	0.98	7.99	91.03
94	0.00	0.99	8.12	90.89
95	0.00	0.99	8.20	90.81
96	0.00	0.99	8.21	90.80
97	0.00	0.96	8.20	90.84
98	0.00	1.00	8.56	90.44
99	0.00	0.96	8.53	90.51
100	0.00	2.87	17.37	79.76


	KU330797-16_C_L004_R2_022.trimmed.fastq.gz
Ranges	0-10	11-20	21-30	31-40
Base
1	0.09	2.40	4.74	92.77
2	0.00	1.19	3.49	95.32
3	0.00	0.80	2.75	96.46
4	0.00	0.68	2.49	96.82
5	0.00	1.25	14.96	83.79
6	0.00	0.98	10.94	88.07
7	0.00	0.94	10.10	88.95
8	0.00	0.92	4.93	94.15
9	0.00	0.91	4.93	94.16
10	0.00	0.96	4.92	94.12
11	0.00	0.94	4.89	94.17
12	0.00	0.93	4.83	94.23
13	0.00	0.94	4.88	94.18
14	0.00	0.94	4.93	94.14
15	0.00	0.91	4.89	94.20
16	0.00	0.87	4.77	94.36
17	0.00	0.91	4.99	94.10
18	0.00	1.58	7.65	90.77
19	0.00	1.54	7.59	90.87
20	0.00	1.60	7.72	90.69
21	0.00	1.52	7.53	90.95
22	0.00	1.48	7.51	91.01
23	0.00	1.50	7.65	90.85
24	0.00	1.42	7.42	91.16
25	0.00	1.41	7.44	91.16
26	0.00	1.36	7.37	91.27
27	0.00	1.32	7.26	91.42
28	0.00	1.34	7.46	91.20
29	0.00	1.33	7.46	91.21
30	0.00	1.26	7.33	91.42
31	0.00	1.24	7.40	91.36
32	0.00	1.21	7.32	91.47
33	0.00	1.15	7.22	91.63
34	0.00	1.07	7.09	91.84
35	0.00	1.07	7.26	91.66
36	0.00	1.04	7.19	91.77
37	0.00	1.04	7.28	91.68
38	0.00	0.99	7.21	91.80
39	0.00	1.00	7.21	91.78
40	0.00	1.03	7.36	91.61
41	0.00	0.98	7.25	91.77
42	0.00	0.98	7.25	91.78
43	0.00	0.94	7.13	91.93
44	0.00	0.94	7.09	91.97
45	0.00	0.96	7.15	91.88
46	0.00	0.96	7.16	91.88
47	0.00	0.91	7.04	92.05
48	0.00	0.95	7.17	91.88
49	0.00	0.88	6.83	92.29
50	0.00	0.84	6.57	92.59
51	0.00	0.93	6.94	92.12
52	0.00	0.90	6.87	92.22
53	0.00	0.89	6.72	92.40
54	0.00	0.87	6.64	92.50
55	0.00	0.65	6.35	93.00
56	0.00	0.64	5.41	93.95
57	0.00	0.66	5.57	93.77
58	0.00	0.75	5.91	93.34
59	0.00	0.75	5.96	93.29
60	0.00	0.75	5.99	93.26
61	0.00	0.75	6.01	93.25
62	0.00	0.76	6.02	93.22
63	0.00	0.81	6.42	92.77
64	0.00	0.76	6.11	93.14
65	0.00	0.77	6.22	93.01
66	0.00	0.74	6.12	93.14
67	0.00	0.78	6.32	92.91
68	0.00	0.65	5.80	93.54
69	0.00	0.63	5.71	93.66
70	0.00	0.66	5.71	93.63
71	0.00	0.59	5.49	93.92
72	0.00	0.60	5.49	93.91
73	0.00	0.61	5.57	93.82
74	0.00	0.61	5.60	93.79
75	0.00	0.58	5.49	93.93
76	0.00	0.63	5.84	93.53
77	0.00	0.58	5.67	93.75
78	0.00	0.58	5.60	93.82
79	0.00	0.57	5.62	93.81
80	0.00	0.58	5.74	93.68
81	0.00	0.58	5.80	93.62
82	0.00	0.60	5.89	93.51
83	0.00	0.62	6.06	93.32
84	0.00	0.61	6.01	93.39
85	0.00	0.66	6.25	93.08
86	0.00	0.64	6.15	93.21
87	0.00	0.67	6.21	93.12
88	0.00	0.65	6.20	93.15
89	0.00	0.69	6.39	92.92
90	0.00	0.65	6.23	93.12
91	0.00	0.72	6.50	92.78
92	0.00	0.73	6.56	92.71
93	0.00	0.72	6.50	92.78
94	0.00	0.79	6.85	92.35
95	0.00	0.79	6.91	92.30
96	0.00	0.82	7.06	92.12
97	0.00	0.76	6.89	92.35
98	0.00	0.81	7.12	92.07
99	0.00	0.83	7.36	91.81
100	0.00	0.88	7.42	91.70




