Parameters
	Library type	Paired-end
	Input files	KU330797-16_C_L004_R1_042.trimmed.fastq.gz	KU330797-16_C_L004_R2_042.trimmed.fastq.gz
	Primer/Adaptor library	NA
	Cut-off read length for HQ	70%
	Cut-off quality score	20
	Only statistics	On
	Number of CPUs	2


QC statistics
	File name	KU330797-16_C_L004_R1_042.trimmed.fastq.gz	KU330797-16_C_L004_R2_042.trimmed.fastq.gz
	Total number of reads	4000000	4000000
	Total number of HQ reads	3983990	3983990
	Percentage of HQ reads	99.60%	99.60%
	Total number of bases	370312463	364434321
	Total number of bases in HQ reads	369411627	364220303
	Total number of HQ bases in HQ reads	367732895	362376379
	Percentage of HQ bases in HQ reads	99.55%	99.49%
	Number of Primer/Adaptor contaminated HQ reads	NA	NA
	Total number of HQ filtered reads	3983990	3983990
	Percentage of HQ filtered reads	99.60%	99.60%


Detailed QC statistics
	File name	KU330797-16_C_L004_R1_042.trimmed.fastq.gz	KU330797-16_C_L004_R2_042.trimmed.fastq.gz
	Minimum read length	1	1
	Maximum read length	100	100
	Average read length	92.58	91.11
	Total number of reads	4000000	4000000
	Total number of reads with non-ATGC bases	157	6140
	Percentage of reads with non-ATGC bases	0.00%	0.15%
	Total number of bases	370312463	364434321
	Total number of HQ bases	368600459	362527102
	Percentage of HQ bases	99.54%	99.48%
	Total number of non-ATGC bases	157	6140
	Percentage of non-ATGC bases	0.00%	0.00%


Average quality score at each base position of input reads

KU330797-16_C_L004_R1_042.trimmed.fastq.gz
32.28	32.69	32.84	36.17	36.11	36.10	36.11	36.11	37.80	37.78	37.76	37.73	37.72	39.15	39.10	39.06	39.06	38.99	39.01	38.99	38.91	38.86	38.78	38.74	38.64	38.56	38.46	38.38	38.26	38.08	38.00	37.90	37.82	37.70	37.58	37.44	37.33	37.21	37.09	36.94	36.75	36.88	36.81	36.74	36.65	36.55	36.44	36.24	36.14	36.16	36.13	36.04	35.91	35.77	35.59	35.45	35.31	35.18	35.01	34.86	34.67	34.48	34.33	34.17	33.97	33.80	33.59	33.37	33.12	32.83	32.58	32.37	32.13	31.87	31.66	30.84	30.99	30.97	30.86	30.68	30.50	30.28	30.05	29.84	29.64	29.42	29.23	29.06	28.83	28.69	28.53	28.36	28.24	28.10	27.94	27.80	27.64	27.46	27.31	26.20	

KU330797-16_C_L004_R2_042.trimmed.fastq.gz
35.95	36.30	36.45	36.52	31.14	31.80	32.18	35.67	35.69	35.70	35.70	35.66	37.24	37.22	37.16	37.08	37.06	38.36	38.29	38.22	38.14	38.03	37.99	37.89	37.86	37.81	37.69	37.62	37.52	37.46	37.36	37.22	37.16	37.03	36.95	36.80	36.70	36.63	36.50	36.41	36.30	36.18	36.08	35.98	35.86	35.72	35.73	35.66	35.57	35.48	35.35	35.20	35.08	34.91	34.01	34.27	34.44	34.40	34.24	34.15	34.01	33.85	33.69	33.55	33.34	33.21	33.01	32.98	32.91	32.79	32.60	32.46	32.32	32.14	31.92	31.72	31.52	31.30	31.09	30.85	30.60	30.42	30.21	29.98	29.77	29.54	29.32	29.15	28.97	28.77	28.62	28.44	28.27	28.11	27.94	27.79	27.57	27.37	27.22	27.09	





Read count (%) per base for different quality score ranges

	KU330797-16_C_L004_R1_042.trimmed.fastq.gz
Ranges	0-10	11-20	21-30	31-40
Base
1	0.00	1.13	8.83	90.04
2	0.00	0.57	7.58	91.85
3	0.00	0.43	6.92	92.66
4	0.00	0.38	2.78	96.84
5	0.00	0.43	3.18	96.39
6	0.00	0.46	3.22	96.33
7	0.00	0.44	3.16	96.40
8	0.00	0.44	3.12	96.45
9	0.00	0.44	3.16	96.40
10	0.00	0.45	3.21	96.34
11	0.00	0.45	3.24	96.31
12	0.00	0.47	3.33	96.20
13	0.00	0.47	3.36	96.17
14	0.00	1.00	5.89	93.11
15	0.00	1.02	5.97	93.01
16	0.00	1.05	6.02	92.93
17	0.00	1.01	5.94	93.05
18	0.00	1.04	6.08	92.88
19	0.00	1.05	6.04	92.91
20	0.00	1.02	5.98	93.01
21	0.00	1.03	6.07	92.89
22	0.00	1.03	6.05	92.91
23	0.00	1.05	6.08	92.88
24	0.00	1.04	6.17	92.79
25	0.00	1.06	6.28	92.66
26	0.00	1.06	6.14	92.80
27	0.00	1.06	6.17	92.77
28	0.00	1.02	6.12	92.86
29	0.00	1.00	6.19	92.80
30	0.00	1.05	6.48	92.48
31	0.00	0.96	6.32	92.73
32	0.00	0.94	6.31	92.75
33	0.00	0.90	6.26	92.84
34	0.00	0.90	6.34	92.76
35	0.00	0.89	6.36	92.74
36	0.00	0.89	6.45	92.66
37	0.00	0.87	6.35	92.78
38	0.00	0.86	6.25	92.89
39	0.00	0.86	6.24	92.89
40	0.00	0.87	6.33	92.80
41	0.00	0.90	6.50	92.59
42	0.00	0.83	6.29	92.88
43	0.00	0.84	6.33	92.83
44	0.00	0.84	6.22	92.93
45	0.00	0.84	6.24	92.92
46	0.00	0.83	6.18	92.99
47	0.00	0.83	6.15	93.01
48	0.00	0.90	6.50	92.60
49	0.00	0.86	6.25	92.89
50	0.00	0.77	5.95	93.27
51	0.00	0.74	5.71	93.55
52	0.00	0.72	5.57	93.70
53	0.00	0.74	5.59	93.67
54	0.00	0.74	5.54	93.71
55	0.00	0.77	5.69	93.54
56	0.00	0.73	5.55	93.72
57	0.00	0.71	5.53	93.76
58	0.00	0.69	5.38	93.93
59	0.00	0.69	5.48	93.82
60	0.00	0.68	5.36	93.96
61	0.00	0.68	5.42	93.89
62	0.00	0.69	5.44	93.87
63	0.00	0.66	5.37	93.98
64	0.00	0.64	5.28	94.09
65	0.00	0.64	5.32	94.04
66	0.00	0.61	5.26	94.13
67	0.00	0.63	5.37	94.00
68	0.00	0.63	5.41	93.95
69	0.00	0.65	5.58	93.77
70	0.00	0.65	5.62	93.73
71	0.00	0.67	5.75	93.58
72	0.00	0.63	5.68	93.69
73	0.00	0.64	5.74	93.61
74	0.00	0.66	5.91	93.43
75	0.00	0.63	5.81	93.56
76	0.00	0.60	7.82	91.58
77	0.00	0.56	6.17	93.27
78	0.00	0.58	5.75	93.66
79	0.00	0.56	5.48	93.97
80	0.00	0.56	5.41	94.03
81	0.00	0.53	5.28	94.19
82	0.00	0.58	5.43	93.99
83	0.00	0.61	5.65	93.75
84	0.00	0.63	5.80	93.57
85	0.00	0.64	5.84	93.52
86	0.00	0.70	6.12	93.18
87	0.00	0.71	6.22	93.07
88	0.00	0.72	6.26	93.02
89	0.00	0.83	6.71	92.47
90	0.00	0.79	6.67	92.54
91	0.00	0.80	6.73	92.47
92	0.00	0.86	6.95	92.20
93	0.00	0.84	6.84	92.32
94	0.00	0.83	6.87	92.30
95	0.00	0.86	7.01	92.13
96	0.00	0.84	7.03	92.13
97	0.00	0.84	7.16	92.01
98	0.00	0.88	7.53	91.59
99	0.00	0.88	7.61	91.51
100	0.00	2.29	14.82	82.89


	KU330797-16_C_L004_R2_042.trimmed.fastq.gz
Ranges	0-10	11-20	21-30	31-40
Base
1	0.15	2.13	3.96	93.75
2	0.00	1.02	2.95	96.04
3	0.00	0.64	2.26	97.11
4	0.00	0.55	2.03	97.42
5	0.00	1.50	20.19	78.30
6	0.00	0.87	11.81	87.33
7	0.00	0.79	9.53	89.68
8	0.00	0.76	4.19	95.05
9	0.00	0.75	4.21	95.04
10	0.00	0.78	4.13	95.09
11	0.00	0.76	4.03	95.21
12	0.00	0.76	4.07	95.17
13	0.00	0.75	4.00	95.25
14	0.00	0.73	3.94	95.33
15	0.00	0.73	4.00	95.28
16	0.00	0.73	4.10	95.16
17	0.00	0.70	3.99	95.31
18	0.00	1.45	7.03	91.52
19	0.00	1.43	7.00	91.57
20	0.00	1.39	6.94	91.67
21	0.00	1.38	6.90	91.73
22	0.00	1.36	6.94	91.70
23	0.00	1.38	7.06	91.55
24	0.00	1.37	7.11	91.52
25	0.00	1.24	6.79	91.96
26	0.00	1.20	6.68	92.12
27	0.00	1.23	6.73	92.03
28	0.00	1.24	6.97	91.78
29	0.00	1.21	6.92	91.87
30	0.00	1.14	6.74	92.11
31	0.00	1.13	6.73	92.14
32	0.00	1.12	6.81	92.07
33	0.00	1.04	6.60	92.36
34	0.00	1.03	6.72	92.25
35	0.00	0.97	6.64	92.40
36	0.00	1.01	6.79	92.20
37	0.00	0.96	6.75	92.30
38	0.00	0.91	6.59	92.50
39	0.00	0.95	6.69	92.37
40	0.00	0.89	6.60	92.51
41	0.00	0.89	6.62	92.50
42	0.00	0.88	6.59	92.53
43	0.00	0.87	6.56	92.57
44	0.00	0.84	6.43	92.72
45	0.00	0.86	6.44	92.70
46	0.00	0.87	6.44	92.69
47	0.00	0.85	6.51	92.65
48	0.00	0.83	6.44	92.73
49	0.00	0.84	6.41	92.76
50	0.00	0.82	6.30	92.88
51	0.00	0.80	6.18	93.02
52	0.00	0.82	6.27	92.90
53	0.00	0.81	6.17	93.03
54	0.00	0.83	6.26	92.92
55	0.00	0.55	5.37	94.09
56	0.00	0.56	4.77	94.66
57	0.00	0.64	5.14	94.22
58	0.00	0.72	5.56	93.72
59	0.00	0.79	6.02	93.19
60	0.00	0.75	5.83	93.42
61	0.00	0.77	5.83	93.40
62	0.00	0.77	5.84	93.39
63	0.00	0.75	5.94	93.30
64	0.00	0.74	5.79	93.47
65	0.00	0.77	5.95	93.28
66	0.00	0.72	5.79	93.49
67	0.00	0.74	5.93	93.33
68	0.00	0.65	5.63	93.73
69	0.00	0.60	5.28	94.13
70	0.00	0.59	5.16	94.25
71	0.00	0.60	5.28	94.12
72	0.00	0.57	5.11	94.32
73	0.00	0.54	4.97	94.49
74	0.00	0.54	4.99	94.47
75	0.00	0.55	5.12	94.34
76	0.00	0.54	5.14	94.32
77	0.00	0.53	5.08	94.39
78	0.00	0.54	5.17	94.29
79	0.00	0.54	5.15	94.31
80	0.00	0.55	5.27	94.18
81	0.00	0.58	5.50	93.92
82	0.00	0.53	5.28	94.19
83	0.00	0.55	5.25	94.21
84	0.00	0.56	5.37	94.07
85	0.00	0.57	5.45	93.97
86	0.00	0.60	5.60	93.80
87	0.00	0.63	5.78	93.59
88	0.00	0.61	5.69	93.70
89	0.00	0.63	5.73	93.64
90	0.00	0.65	5.91	93.44
91	0.00	0.64	5.83	93.53
92	0.00	0.69	6.03	93.29
93	0.00	0.70	6.16	93.14
94	0.00	0.72	6.24	93.04
95	0.00	0.75	6.38	92.87
96	0.00	0.72	6.26	93.02
97	0.00	0.72	6.29	92.99
98	0.00	0.75	6.55	92.70
99	0.00	0.77	6.71	92.51
100	0.00	0.86	6.96	92.18




