Parameters
	Library type	Paired-end
	Input files	KU330797-16_C_L004_R1_024.trimmed.fastq.gz	KU330797-16_C_L004_R2_024.trimmed.fastq.gz
	Primer/Adaptor library	NA
	Cut-off read length for HQ	70%
	Cut-off quality score	20
	Only statistics	On
	Number of CPUs	2


QC statistics
	File name	KU330797-16_C_L004_R1_024.trimmed.fastq.gz	KU330797-16_C_L004_R2_024.trimmed.fastq.gz
	Total number of reads	4000000	4000000
	Total number of HQ reads	3988326	3988326
	Percentage of HQ reads	99.71%	99.71%
	Total number of bases	369772672	365287166
	Total number of bases in HQ reads	369104700	365109392
	Total number of HQ bases in HQ reads	367429365	363377368
	Percentage of HQ bases in HQ reads	99.55%	99.53%
	Number of Primer/Adaptor contaminated HQ reads	NA	NA
	Total number of HQ filtered reads	3988326	3988326
	Percentage of HQ filtered reads	99.71%	99.71%


Detailed QC statistics
	File name	KU330797-16_C_L004_R1_024.trimmed.fastq.gz	KU330797-16_C_L004_R2_024.trimmed.fastq.gz
	Minimum read length	1	1
	Maximum read length	100	100
	Average read length	92.44	91.32
	Total number of reads	4000000	4000000
	Total number of reads with non-ATGC bases	124	2938
	Percentage of reads with non-ATGC bases	0.00%	0.07%
	Total number of bases	369772672	365287166
	Total number of HQ bases	368069928	363500862
	Percentage of HQ bases	99.54%	99.51%
	Total number of non-ATGC bases	124	2938
	Percentage of non-ATGC bases	0.00%	0.00%


Average quality score at each base position of input reads

KU330797-16_C_L004_R1_024.trimmed.fastq.gz
32.35	32.79	32.94	36.24	36.20	36.19	36.18	36.19	37.91	37.86	37.86	37.87	37.85	39.31	39.18	39.17	39.15	39.12	39.11	39.07	39.03	38.97	38.90	38.84	38.77	38.66	38.54	38.45	38.34	38.24	38.13	38.01	37.87	37.77	37.63	37.53	37.39	37.28	37.13	36.97	36.83	36.91	36.84	36.76	36.63	36.51	36.40	36.27	36.15	36.22	36.17	36.09	35.97	35.84	35.69	35.55	35.39	35.24	35.04	34.89	34.74	34.56	34.39	34.17	33.99	33.79	33.58	33.38	33.14	32.87	32.64	32.41	32.13	31.86	31.64	30.82	31.01	31.01	30.87	30.68	30.43	30.23	30.01	29.79	29.55	29.29	29.09	28.93	28.75	28.58	28.38	28.23	28.04	27.86	27.67	27.50	27.36	27.21	27.03	25.88	

KU330797-16_C_L004_R2_024.trimmed.fastq.gz
36.02	36.37	36.53	36.60	31.71	32.23	32.53	35.87	35.86	35.87	35.84	35.81	37.40	37.35	37.29	37.25	37.21	38.56	38.46	38.41	38.33	38.26	38.24	38.16	38.07	38.02	37.90	37.84	37.76	37.70	37.56	37.44	37.37	37.23	37.15	37.06	36.95	36.84	36.74	36.64	36.55	36.43	36.31	36.15	36.05	35.94	35.94	35.86	35.80	35.70	35.54	35.37	35.24	34.97	34.07	34.35	34.51	34.55	34.47	34.36	34.18	34.01	33.84	33.66	33.53	33.35	33.15	33.19	33.11	32.99	32.85	32.69	32.52	32.35	32.11	31.92	31.71	31.51	31.26	31.05	30.82	30.60	30.36	30.16	29.93	29.69	29.48	29.31	29.14	28.92	28.66	28.49	28.30	28.15	28.01	27.84	27.61	27.38	27.16	27.04	





Read count (%) per base for different quality score ranges

	KU330797-16_C_L004_R1_024.trimmed.fastq.gz
Ranges	0-10	11-20	21-30	31-40
Base
1	0.00	1.09	8.38	90.52
2	0.00	0.53	6.85	92.62
3	0.00	0.41	6.33	93.26
4	0.00	0.36	2.56	97.08
5	0.00	0.38	2.80	96.82
6	0.00	0.42	2.85	96.74
7	0.00	0.43	2.92	96.66
8	0.00	0.41	2.83	96.76
9	0.00	0.41	2.83	96.76
10	0.00	0.44	3.01	96.55
11	0.00	0.43	2.96	96.60
12	0.00	0.42	2.91	96.66
13	0.00	0.41	2.95	96.64
14	0.00	0.98	5.62	93.40
15	0.00	1.61	5.89	92.50
16	0.00	1.28	5.88	92.84
17	0.00	1.14	5.82	93.04
18	0.00	1.11	5.76	93.13
19	0.00	1.12	5.95	92.93
20	0.00	1.08	5.93	92.99
21	0.00	1.04	5.88	93.08
22	0.00	1.02	5.85	93.13
23	0.00	1.00	5.81	93.18
24	0.00	1.02	6.01	92.96
25	0.00	0.99	5.97	93.03
26	0.00	1.04	5.98	92.98
27	0.00	1.03	6.02	92.94
28	0.00	0.99	5.97	93.03
29	0.00	0.98	6.00	93.02
30	0.00	0.94	5.96	93.10
31	0.00	0.92	5.97	93.11
32	0.00	0.92	6.05	93.03
33	0.00	0.92	6.17	92.91
34	0.00	0.88	6.13	92.99
35	0.00	0.89	6.20	92.91
36	0.00	0.85	6.09	93.06
37	0.00	0.87	6.17	92.96
38	0.00	0.84	6.07	93.09
39	0.00	0.86	6.13	93.01
40	0.00	0.88	6.21	92.92
41	0.00	0.87	6.21	92.92
42	0.00	0.81	6.11	93.09
43	0.00	0.82	6.09	93.09
44	0.00	0.82	5.95	93.23
45	0.00	0.85	6.09	93.06
46	0.00	0.85	6.13	93.02
47	0.00	0.82	6.03	93.15
48	0.00	0.85	6.13	93.01
49	0.00	0.84	6.04	93.12
50	0.00	0.74	5.65	93.61
51	0.00	0.75	5.55	93.70
52	0.00	0.71	5.39	93.90
53	0.00	0.71	5.37	93.92
54	0.00	0.71	5.28	94.01
55	0.00	0.73	5.37	93.90
56	0.00	0.71	5.29	94.00
57	0.00	0.70	5.26	94.04
58	0.00	0.70	5.25	94.05
59	0.00	0.72	5.43	93.85
60	0.00	0.68	5.30	94.03
61	0.00	0.65	5.19	94.16
62	0.00	0.65	5.20	94.14
63	0.00	0.65	5.16	94.20
64	0.00	0.68	5.34	93.99
65	0.00	0.65	5.29	94.06
66	0.00	0.65	5.36	93.99
67	0.00	0.65	5.37	93.98
68	0.00	0.64	5.37	93.98
69	0.00	0.66	5.54	93.80
70	0.00	0.70	5.70	93.61
71	0.00	0.68	5.77	93.55
72	0.00	0.67	5.76	93.57
73	0.00	0.70	5.96	93.34
74	0.00	0.69	6.00	93.30
75	0.00	0.65	5.93	93.42
76	0.00	0.55	7.77	91.68
77	0.00	0.53	5.96	93.50
78	0.00	0.55	5.50	93.95
79	0.00	0.56	5.35	94.09
80	0.00	0.57	5.31	94.13
81	0.00	0.62	5.48	93.90
82	0.00	0.60	5.49	93.91
83	0.00	0.62	5.57	93.81
84	0.00	0.65	5.73	93.61
85	0.00	0.70	6.01	93.29
86	0.00	0.71	6.05	93.25
87	0.00	0.75	6.24	93.02
88	0.00	0.73	6.19	93.08
89	0.00	0.76	6.34	92.90
90	0.00	0.79	6.46	92.75
91	0.00	0.85	6.73	92.42
92	0.00	0.86	6.77	92.37
93	0.00	0.90	7.03	92.07
94	0.00	0.93	7.25	91.82
95	0.00	0.96	7.49	91.54
96	0.00	0.97	7.59	91.45
97	0.00	0.92	7.51	91.57
98	0.00	0.89	7.56	91.55
99	0.00	0.92	7.73	91.35
100	0.00	2.40	15.21	82.39


	KU330797-16_C_L004_R2_024.trimmed.fastq.gz
Ranges	0-10	11-20	21-30	31-40
Base
1	0.07	2.02	3.48	94.43
2	0.00	1.03	2.48	96.49
3	0.00	0.58	1.94	97.48
4	0.00	0.49	1.75	97.76
5	0.00	1.04	13.31	85.65
6	0.00	0.76	9.14	90.10
7	0.00	0.70	8.02	91.29
8	0.00	0.65	3.57	95.78
9	0.00	0.66	3.63	95.71
10	0.00	0.67	3.51	95.83
11	0.00	0.68	3.52	95.80
12	0.00	0.67	3.53	95.80
13	0.00	0.67	3.55	95.78
14	0.00	0.67	3.59	95.74
15	0.00	0.67	3.64	95.69
16	0.00	0.66	3.62	95.72
17	0.00	0.64	3.55	95.81
18	0.00	1.38	6.70	91.92
19	0.00	1.39	6.76	91.84
20	0.00	1.33	6.61	92.06
21	0.00	1.31	6.60	92.09
22	0.00	1.27	6.52	92.21
23	0.00	1.28	6.58	92.15
24	0.00	1.25	6.54	92.21
25	0.00	1.21	6.49	92.30
26	0.00	1.15	6.29	92.56
27	0.00	1.18	6.36	92.46
28	0.00	1.17	6.53	92.29
29	0.00	1.14	6.44	92.42
30	0.00	1.07	6.29	92.64
31	0.00	1.09	6.42	92.49
32	0.00	1.06	6.40	92.54
33	0.00	0.99	6.30	92.71
34	0.00	1.01	6.42	92.57
35	0.00	0.94	6.27	92.79
36	0.00	0.90	6.20	92.89
37	0.00	0.89	6.33	92.78
38	0.00	0.89	6.34	92.77
39	0.00	0.86	6.29	92.85
40	0.00	0.83	6.24	92.93
41	0.00	0.82	6.18	92.99
42	0.00	0.84	6.22	92.94
43	0.00	0.83	6.19	92.98
44	0.00	0.88	6.36	92.76
45	0.00	0.84	6.20	92.96
46	0.00	0.81	6.09	93.10
47	0.00	0.80	6.13	93.07
48	0.00	0.80	6.13	93.07
49	0.00	0.79	5.96	93.26
50	0.00	0.79	5.95	93.26
51	0.00	0.79	5.94	93.27
52	0.00	0.82	6.12	93.06
53	0.00	0.80	5.98	93.22
54	0.00	0.91	6.38	92.71
55	0.00	0.53	5.26	94.21
56	0.00	0.55	4.53	94.91
57	0.00	0.65	5.00	94.35
58	0.00	0.69	5.20	94.12
59	0.00	0.72	5.39	93.89
60	0.00	0.71	5.42	93.87
61	0.00	0.76	5.60	93.65
62	0.00	0.75	5.58	93.68
63	0.00	0.74	5.67	93.58
64	0.00	0.76	5.74	93.50
65	0.00	0.69	5.60	93.71
66	0.00	0.73	5.68	93.59
67	0.00	0.74	5.80	93.46
68	0.00	0.61	5.34	94.05
69	0.00	0.58	5.09	94.33
70	0.00	0.58	5.03	94.39
71	0.00	0.56	4.92	94.52
72	0.00	0.55	4.85	94.60
73	0.00	0.54	4.88	94.58
74	0.00	0.53	4.78	94.69
75	0.00	0.56	4.98	94.46
76	0.00	0.53	4.93	94.54
77	0.00	0.54	4.95	94.51
78	0.00	0.53	4.95	94.53
79	0.00	0.55	5.07	94.37
80	0.00	0.54	5.05	94.41
81	0.00	0.54	5.12	94.33
82	0.00	0.54	5.12	94.34
83	0.00	0.57	5.30	94.13
84	0.00	0.55	5.23	94.22
85	0.00	0.58	5.30	94.12
86	0.00	0.62	5.53	93.85
87	0.00	0.62	5.60	93.77
88	0.00	0.59	5.51	93.90
89	0.00	0.59	5.44	93.97
90	0.00	0.67	5.76	93.57
91	0.00	0.75	6.13	93.12
92	0.00	0.74	6.14	93.12
93	0.00	0.78	6.33	92.89
94	0.00	0.77	6.32	92.92
95	0.00	0.74	6.22	93.04
96	0.00	0.77	6.35	92.88
97	0.00	0.75	6.34	92.91
98	0.00	0.80	6.67	92.52
99	0.00	0.88	7.12	92.01
100	0.00	0.90	7.15	91.95




