Parameters
	Library type	Paired-end
	Input files	KU330797-16_C_L004_R1_003.trimmed.fastq.gz	KU330797-16_C_L004_R2_003.trimmed.fastq.gz
	Primer/Adaptor library	NA
	Cut-off read length for HQ	70%
	Cut-off quality score	20
	Only statistics	On
	Number of CPUs	2


QC statistics
	File name	KU330797-16_C_L004_R1_003.trimmed.fastq.gz	KU330797-16_C_L004_R2_003.trimmed.fastq.gz
	Total number of reads	4000000	4000000
	Total number of HQ reads	3988172	3988172
	Percentage of HQ reads	99.70%	99.70%
	Total number of bases	371312606	366758816
	Total number of bases in HQ reads	370627817	366579074
	Total number of HQ bases in HQ reads	369004869	364829541
	Percentage of HQ bases in HQ reads	99.56%	99.52%
	Number of Primer/Adaptor contaminated HQ reads	NA	NA
	Total number of HQ filtered reads	3988172	3988172
	Percentage of HQ filtered reads	99.70%	99.70%


Detailed QC statistics
	File name	KU330797-16_C_L004_R1_003.trimmed.fastq.gz	KU330797-16_C_L004_R2_003.trimmed.fastq.gz
	Minimum read length	1	1
	Maximum read length	100	100
	Average read length	92.83	91.69
	Total number of reads	4000000	4000000
	Total number of reads with non-ATGC bases	88	3383
	Percentage of reads with non-ATGC bases	0.00%	0.08%
	Total number of bases	371312606	366758816
	Total number of HQ bases	369662864	364955154
	Percentage of HQ bases	99.56%	99.51%
	Total number of non-ATGC bases	88	3383
	Percentage of non-ATGC bases	0.00%	0.00%


Average quality score at each base position of input reads

KU330797-16_C_L004_R1_003.trimmed.fastq.gz
32.39	32.80	32.92	36.23	36.16	36.16	36.14	36.15	37.83	37.83	37.82	37.81	37.79	39.20	39.18	39.13	39.11	39.08	39.09	39.04	39.00	38.95	38.84	38.79	38.71	38.65	38.57	38.45	38.38	38.25	38.15	38.07	37.94	37.83	37.69	37.60	37.48	37.36	37.25	37.10	36.95	37.05	37.02	36.93	36.79	36.71	36.65	36.52	36.35	36.37	36.32	36.22	36.09	35.94	35.78	35.64	35.47	35.34	35.22	35.04	34.89	34.63	34.48	34.29	34.10	33.91	33.69	33.52	33.24	32.81	32.57	32.35	32.09	31.52	31.51	30.45	30.89	31.01	30.91	30.75	30.54	30.37	30.14	29.92	29.73	29.57	29.41	29.21	29.02	28.83	28.68	28.52	28.38	28.24	28.07	27.94	27.78	27.65	27.47	26.32	

KU330797-16_C_L004_R2_003.trimmed.fastq.gz
35.87	36.31	36.48	36.56	32.36	32.64	32.70	35.87	35.85	35.84	35.83	35.77	37.33	37.30	37.30	37.22	37.21	38.49	38.46	38.40	38.30	38.21	38.21	38.13	38.02	37.98	37.91	37.80	37.72	37.63	37.57	37.45	37.33	37.25	37.14	37.07	36.98	36.84	36.74	36.66	36.52	36.43	36.31	36.20	36.10	35.97	35.94	35.89	35.79	35.73	35.60	35.43	35.31	35.19	34.16	34.47	34.67	34.70	34.60	34.54	34.40	34.22	34.06	33.93	33.77	33.58	33.40	33.37	33.25	33.12	32.95	32.83	32.65	32.49	32.27	32.07	31.84	31.63	31.42	31.21	30.98	30.72	30.50	30.30	30.08	29.86	29.65	29.49	29.30	29.10	28.90	28.74	28.59	28.42	28.27	28.13	27.84	27.68	27.49	27.39	





Read count (%) per base for different quality score ranges

	KU330797-16_C_L004_R1_003.trimmed.fastq.gz
Ranges	0-10	11-20	21-30	31-40
Base
1	0.00	0.99	8.32	90.69
2	0.00	0.49	6.87	92.64
3	0.00	0.40	6.39	93.22
4	0.00	0.34	2.57	97.09
5	0.00	0.39	3.01	96.60
6	0.00	0.42	2.94	96.64
7	0.00	0.43	3.03	96.55
8	0.00	0.42	2.98	96.60
9	0.00	0.42	3.06	96.52
10	0.00	0.43	3.05	96.52
11	0.00	0.43	3.07	96.51
12	0.00	0.43	3.08	96.49
13	0.00	0.43	3.11	96.46
14	0.00	0.99	5.85	93.16
15	0.00	0.98	5.75	93.27
16	0.00	1.00	5.87	93.13
17	0.00	1.00	5.86	93.15
18	0.00	1.00	5.86	93.14
19	0.00	1.00	5.92	93.08
20	0.00	1.02	5.93	93.05
21	0.00	0.99	5.88	93.13
22	0.00	0.98	5.79	93.24
23	0.00	1.02	5.98	93.00
24	0.00	1.04	6.12	92.84
25	0.00	1.02	6.14	92.84
26	0.00	1.00	5.93	93.08
27	0.00	0.99	5.97	93.04
28	0.00	0.98	6.06	92.96
29	0.00	0.89	5.78	93.33
30	0.00	0.93	6.03	93.04
31	0.00	0.91	6.05	93.04
32	0.00	0.86	5.97	93.17
33	0.00	0.89	6.19	92.93
34	0.00	0.86	6.18	92.96
35	0.00	0.87	6.31	92.83
36	0.00	0.85	6.16	92.99
37	0.00	0.83	6.18	92.99
38	0.00	0.82	6.16	93.02
39	0.00	0.81	6.07	93.11
40	0.00	0.84	6.15	93.01
41	0.00	0.84	6.21	92.95
42	0.00	0.77	6.11	93.12
43	0.00	0.78	5.98	93.24
44	0.00	0.79	6.02	93.18
45	0.00	0.84	6.18	92.98
46	0.00	0.80	6.06	93.14
47	0.00	0.76	5.85	93.39
48	0.00	0.79	5.94	93.27
49	0.00	0.85	6.18	92.98
50	0.00	0.74	5.79	93.47
51	0.00	0.70	5.50	93.81
52	0.00	0.69	5.47	93.84
53	0.00	0.71	5.43	93.86
54	0.00	0.72	5.50	93.79
55	0.00	0.73	5.58	93.69
56	0.00	0.72	5.48	93.80
57	0.00	0.72	5.56	93.73
58	0.00	0.70	5.46	93.84
59	0.00	0.64	5.23	94.13
60	0.00	0.66	5.32	94.02
61	0.00	0.63	5.20	94.17
62	0.00	0.72	5.59	93.69
63	0.00	0.67	5.45	93.88
64	0.00	0.67	5.43	93.89
65	0.00	0.66	5.48	93.86
66	0.00	0.65	5.47	93.88
67	0.00	0.65	5.60	93.75
68	0.00	0.61	5.38	94.00
69	0.00	0.65	5.62	93.73
70	0.00	0.68	5.85	93.47
71	0.00	0.68	5.85	93.48
72	0.00	0.65	5.87	93.48
73	0.00	0.65	5.99	93.35
74	0.00	0.91	7.51	91.59
75	0.00	0.66	6.32	93.02
76	0.00	0.62	9.55	89.83
77	0.00	0.50	6.26	93.24
78	0.00	0.49	5.43	94.08
79	0.00	0.52	5.30	94.18
80	0.00	0.52	5.22	94.27
81	0.00	0.54	5.30	94.16
82	0.00	0.52	5.20	94.27
83	0.00	0.57	5.44	94.00
84	0.00	0.61	5.62	93.77
85	0.00	0.62	5.69	93.70
86	0.00	0.61	5.64	93.74
87	0.00	0.61	5.63	93.76
88	0.00	0.68	5.96	93.36
89	0.00	0.73	6.20	93.07
90	0.00	0.79	6.55	92.66
91	0.00	0.77	6.57	92.66
92	0.00	0.81	6.74	92.44
93	0.00	0.81	6.74	92.45
94	0.00	0.81	6.76	92.43
95	0.00	0.86	7.08	92.06
96	0.00	0.83	6.98	92.19
97	0.00	0.85	7.20	91.95
98	0.00	0.81	7.23	91.96
99	0.00	0.87	7.45	91.68
100	0.00	2.33	15.05	82.62


	KU330797-16_C_L004_R2_003.trimmed.fastq.gz
Ranges	0-10	11-20	21-30	31-40
Base
1	0.08	2.08	3.82	94.02
2	0.00	1.04	2.71	96.25
3	0.00	0.62	2.16	97.22
4	0.00	0.53	1.94	97.53
5	0.00	0.79	9.33	89.88
6	0.00	0.72	7.84	91.45
7	0.00	0.71	7.69	91.61
8	0.00	0.69	3.86	95.45
9	0.00	0.70	3.93	95.37
10	0.00	0.73	3.89	95.38
11	0.00	0.72	3.80	95.49
12	0.00	0.74	3.95	95.31
13	0.00	0.72	3.93	95.35
14	0.00	0.72	3.95	95.33
15	0.00	0.68	3.79	95.53
16	0.00	0.70	3.94	95.36
17	0.00	0.66	3.77	95.56
18	0.00	1.43	6.95	91.63
19	0.00	1.34	6.78	91.88
20	0.00	1.35	6.74	91.92
21	0.00	1.34	6.81	91.85
22	0.00	1.29	6.62	92.09
23	0.00	1.28	6.65	92.08
24	0.00	1.27	6.68	92.05
25	0.00	1.27	6.72	92.00
26	0.00	1.19	6.52	92.29
27	0.00	1.14	6.42	92.44
28	0.00	1.23	6.89	91.88
29	0.00	1.18	6.69	92.13
30	0.00	1.14	6.69	92.17
31	0.00	1.06	6.47	92.48
32	0.00	1.05	6.56	92.39
33	0.00	1.03	6.56	92.41
34	0.00	0.98	6.43	92.59
35	0.00	0.96	6.51	92.54
36	0.00	0.91	6.39	92.71
37	0.00	0.91	6.37	92.73
38	0.00	0.90	6.58	92.52
39	0.00	0.91	6.52	92.56
40	0.00	0.85	6.40	92.75
41	0.00	0.88	6.49	92.63
42	0.00	0.85	6.42	92.74
43	0.00	0.84	6.41	92.75
44	0.00	0.84	6.40	92.76
45	0.00	0.82	6.28	92.90
46	0.00	0.84	6.26	92.90
47	0.00	0.84	6.46	92.69
48	0.00	0.82	6.31	92.87
49	0.00	0.83	6.34	92.84
50	0.00	0.81	6.15	93.05
51	0.00	0.78	6.09	93.13
52	0.00	0.82	6.17	93.01
53	0.00	0.78	6.00	93.22
54	0.00	0.76	5.86	93.38
55	0.00	0.52	5.33	94.16
56	0.00	0.53	4.56	94.91
57	0.00	0.61	4.97	94.43
58	0.00	0.66	5.27	94.07
59	0.00	0.71	5.56	93.73
60	0.00	0.66	5.35	93.99
61	0.00	0.68	5.40	93.92
62	0.00	0.71	5.49	93.80
63	0.00	0.69	5.62	93.69
64	0.00	0.66	5.45	93.89
65	0.00	0.67	5.50	93.83
66	0.00	0.68	5.61	93.70
67	0.00	0.69	5.65	93.66
68	0.00	0.59	5.30	94.10
69	0.00	0.59	5.15	94.27
70	0.00	0.57	5.05	94.39
71	0.00	0.56	5.07	94.36
72	0.00	0.51	4.82	94.67
73	0.00	0.52	4.82	94.66
74	0.00	0.49	4.73	94.78
75	0.00	0.52	4.86	94.62
76	0.00	0.51	4.90	94.60
77	0.00	0.52	4.98	94.50
78	0.00	0.53	5.05	94.43
79	0.00	0.52	5.03	94.45
80	0.00	0.51	5.00	94.50
81	0.00	0.52	5.09	94.39
82	0.00	0.57	5.29	94.15
83	0.00	0.55	5.33	94.11
84	0.00	0.55	5.31	94.14
85	0.00	0.56	5.33	94.10
86	0.00	0.59	5.51	93.90
87	0.00	0.61	5.59	93.80
88	0.00	0.57	5.41	94.02
89	0.00	0.60	5.52	93.89
90	0.00	0.64	5.73	93.64
91	0.00	0.66	5.82	93.52
92	0.00	0.66	5.91	93.42
93	0.00	0.66	5.88	93.47
94	0.00	0.69	6.04	93.27
95	0.00	0.71	6.10	93.20
96	0.00	0.70	6.11	93.19
97	0.00	0.70	6.16	93.14
98	0.00	0.70	6.18	93.12
99	0.00	0.76	6.61	92.63
100	0.00	0.79	6.63	92.57




