Parameters
	Library type	Paired-end
	Input files	KU330797-16_C_L004_R1_020.trimmed.fastq.gz	KU330797-16_C_L004_R2_020.trimmed.fastq.gz
	Primer/Adaptor library	NA
	Cut-off read length for HQ	70%
	Cut-off quality score	20
	Only statistics	On
	Number of CPUs	2


QC statistics
	File name	KU330797-16_C_L004_R1_020.trimmed.fastq.gz	KU330797-16_C_L004_R2_020.trimmed.fastq.gz
	Total number of reads	4000000	4000000
	Total number of HQ reads	3986474	3986474
	Percentage of HQ reads	99.66%	99.66%
	Total number of bases	370419281	365722278
	Total number of bases in HQ reads	369644347	365513555
	Total number of HQ bases in HQ reads	367918576	363697704
	Percentage of HQ bases in HQ reads	99.53%	99.50%
	Number of Primer/Adaptor contaminated HQ reads	NA	NA
	Total number of HQ filtered reads	3986474	3986474
	Percentage of HQ filtered reads	99.66%	99.66%


Detailed QC statistics
	File name	KU330797-16_C_L004_R1_020.trimmed.fastq.gz	KU330797-16_C_L004_R2_020.trimmed.fastq.gz
	Minimum read length	1	1
	Maximum read length	100	100
	Average read length	92.60	91.43
	Total number of reads	4000000	4000000
	Total number of reads with non-ATGC bases	112	3552
	Percentage of reads with non-ATGC bases	0.00%	0.09%
	Total number of bases	370419281	365722278
	Total number of HQ bases	368662548	363842648
	Percentage of HQ bases	99.53%	99.49%
	Total number of non-ATGC bases	112	3552
	Percentage of non-ATGC bases	0.00%	0.00%


Average quality score at each base position of input reads

KU330797-16_C_L004_R1_020.trimmed.fastq.gz
32.32	32.71	32.85	36.17	36.10	36.11	36.11	36.11	37.78	37.70	37.73	37.73	37.72	39.13	39.13	39.07	39.03	39.02	39.00	38.91	38.89	38.81	38.74	38.71	38.64	38.52	38.43	38.36	38.25	38.14	38.03	37.93	37.79	37.72	37.59	37.48	37.35	37.21	37.11	36.95	36.79	36.90	36.85	36.78	36.71	36.61	36.50	36.38	36.27	36.24	36.16	36.03	35.95	35.81	35.70	35.56	35.42	35.23	35.10	34.89	34.74	34.61	34.42	34.23	34.03	33.84	33.66	33.41	33.18	32.86	32.58	32.29	32.01	31.45	31.39	30.26	30.68	30.82	30.72	30.51	30.29	30.09	29.91	29.70	29.47	29.26	29.10	28.96	28.74	28.54	28.42	28.27	28.13	27.96	27.85	27.69	27.51	27.36	27.19	25.99	

KU330797-16_C_L004_R2_020.trimmed.fastq.gz
35.75	36.27	36.46	36.53	31.83	32.29	32.50	35.76	35.74	35.74	35.73	35.69	37.23	37.19	37.17	37.10	37.06	38.36	38.28	38.22	38.15	38.10	38.07	37.96	37.88	37.80	37.74	37.67	37.60	37.50	37.41	37.33	37.22	37.12	37.03	36.92	36.81	36.68	36.57	36.44	36.34	36.24	36.14	36.03	35.90	35.79	35.81	35.76	35.68	35.58	35.44	35.30	35.20	35.04	34.03	34.31	34.52	34.57	34.45	34.32	34.21	34.08	33.91	33.73	33.57	33.41	33.26	33.19	33.09	32.97	32.71	32.60	32.47	32.31	32.12	31.89	31.67	31.47	31.28	31.05	30.82	30.61	30.42	30.17	29.96	29.76	29.58	29.39	29.22	29.01	28.82	28.66	28.50	28.36	28.20	28.04	27.83	27.69	27.50	27.38	





Read count (%) per base for different quality score ranges

	KU330797-16_C_L004_R1_020.trimmed.fastq.gz
Ranges	0-10	11-20	21-30	31-40
Base
1	0.00	1.03	8.84	90.13
2	0.00	0.54	7.50	91.96
3	0.00	0.43	6.85	92.72
4	0.00	0.37	2.83	96.79
5	0.00	0.43	3.23	96.34
6	0.00	0.44	3.15	96.41
7	0.00	0.44	3.15	96.41
8	0.00	0.44	3.11	96.45
9	0.00	0.45	3.21	96.34
10	0.00	0.50	3.48	96.02
11	0.00	0.47	3.35	96.18
12	0.00	0.47	3.32	96.21
13	0.00	0.48	3.34	96.18
14	0.00	1.00	5.95	93.04
15	0.00	0.99	5.85	93.16
16	0.00	1.03	5.99	92.98
17	0.00	1.04	6.03	92.94
18	0.00	1.01	5.90	93.09
19	0.00	1.03	6.04	92.93
20	0.00	1.07	6.21	92.72
21	0.00	1.03	6.04	92.93
22	0.00	1.04	6.12	92.84
23	0.00	1.05	6.12	92.82
24	0.00	1.03	6.22	92.75
25	0.00	1.04	6.15	92.81
26	0.00	1.08	6.29	92.64
27	0.00	1.04	6.21	92.74
28	0.00	1.00	6.15	92.85
29	0.00	0.97	6.16	92.87
30	0.00	0.97	6.26	92.77
31	0.00	0.94	6.24	92.82
32	0.00	0.92	6.28	92.80
33	0.00	0.94	6.41	92.66
34	0.00	0.87	6.27	92.87
35	0.00	0.88	6.33	92.79
36	0.00	0.86	6.34	92.80
37	0.00	0.85	6.37	92.78
38	0.00	0.86	6.40	92.74
39	0.00	0.83	6.23	92.94
40	0.00	0.85	6.35	92.80
41	0.00	0.88	6.38	92.74
42	0.00	0.81	6.31	92.88
43	0.00	0.82	6.33	92.85
44	0.00	0.83	6.27	92.91
45	0.00	0.80	6.12	93.09
46	0.00	0.81	6.13	93.07
47	0.00	0.81	6.07	93.12
48	0.00	0.82	6.13	93.05
49	0.00	0.81	6.09	93.10
50	0.00	0.76	5.95	93.29
51	0.00	0.75	5.74	93.51
52	0.00	0.74	5.75	93.50
53	0.00	0.71	5.53	93.76
54	0.00	0.73	5.55	93.72
55	0.00	0.71	5.50	93.80
56	0.00	0.69	5.41	93.89
57	0.00	0.69	5.35	93.96
58	0.00	0.73	5.52	93.76
59	0.00	0.66	5.40	93.94
60	0.00	0.69	5.50	93.81
61	0.00	0.67	5.39	93.94
62	0.00	0.63	5.26	94.10
63	0.00	0.65	5.32	94.03
64	0.00	0.65	5.42	93.92
65	0.00	0.66	5.49	93.85
66	0.00	0.64	5.45	93.91
67	0.00	0.63	5.45	93.92
68	0.00	0.66	5.61	93.73
69	0.00	0.67	5.66	93.67
70	0.00	0.73	6.08	93.19
71	0.00	0.75	6.29	92.95
72	0.00	0.78	6.48	92.74
73	0.00	0.73	6.50	92.77
74	0.00	0.97	7.85	91.18
75	0.00	0.75	6.89	92.36
76	0.00	0.80	10.54	88.66
77	0.00	0.60	7.18	92.21
78	0.00	0.58	6.08	93.35
79	0.00	0.60	5.88	93.53
80	0.00	0.63	5.94	93.43
81	0.00	0.65	6.02	93.33
82	0.00	0.63	5.99	93.37
83	0.00	0.63	5.88	93.49
84	0.00	0.65	5.99	93.35
85	0.00	0.70	6.27	93.03
86	0.00	0.74	6.44	92.82
87	0.00	0.72	6.37	92.91
88	0.00	0.70	6.26	93.04
89	0.00	0.80	6.65	92.55
90	0.00	0.86	6.95	92.19
91	0.00	0.81	6.82	92.38
92	0.00	0.83	6.88	92.29
93	0.00	0.82	6.88	92.30
94	0.00	0.87	7.10	92.03
95	0.00	0.82	7.02	92.16
96	0.00	0.84	7.13	92.03
97	0.00	0.88	7.42	91.69
98	0.00	0.86	7.50	91.63
99	0.00	0.88	7.62	91.50
100	0.00	2.48	15.55	81.97


	KU330797-16_C_L004_R2_020.trimmed.fastq.gz
Ranges	0-10	11-20	21-30	31-40
Base
1	0.09	2.14	4.06	93.71
2	0.00	1.02	2.97	96.00
3	0.00	0.67	2.33	97.00
4	0.00	0.58	2.09	97.33
5	0.00	1.04	12.96	86.00
6	0.00	0.84	9.56	89.60
7	0.00	0.79	8.68	90.54
8	0.00	0.76	4.15	95.09
9	0.00	0.77	4.23	95.00
10	0.00	0.80	4.14	95.06
11	0.00	0.78	4.10	95.13
12	0.00	0.78	4.12	95.09
13	0.00	0.78	4.15	95.06
14	0.00	0.78	4.16	95.06
15	0.00	0.74	4.08	95.18
16	0.00	0.75	4.19	95.06
17	0.00	0.74	4.09	95.17
18	0.00	1.47	7.20	91.33
19	0.00	1.45	7.13	91.43
20	0.00	1.41	7.07	91.52
21	0.00	1.38	6.99	91.63
22	0.00	1.32	6.91	91.78
23	0.00	1.33	7.05	91.62
24	0.00	1.34	7.10	91.55
25	0.00	1.30	7.01	91.68
26	0.00	1.27	6.88	91.86
27	0.00	1.22	6.75	92.03
28	0.00	1.23	6.98	91.79
29	0.00	1.18	6.88	91.94
30	0.00	1.15	6.82	92.03
31	0.00	1.12	6.81	92.07
32	0.00	1.06	6.65	92.29
33	0.00	1.03	6.69	92.27
34	0.00	1.02	6.72	92.26
35	0.00	0.98	6.65	92.37
36	0.00	0.96	6.67	92.37
37	0.00	0.95	6.70	92.35
38	0.00	0.95	6.77	92.28
39	0.00	0.94	6.81	92.25
40	0.00	0.94	6.84	92.22
41	0.00	0.92	6.80	92.29
42	0.00	0.89	6.74	92.36
43	0.00	0.89	6.69	92.42
44	0.00	0.88	6.61	92.51
45	0.00	0.87	6.65	92.47
46	0.00	0.86	6.52	92.62
47	0.00	0.84	6.56	92.61
48	0.00	0.83	6.44	92.73
49	0.00	0.82	6.42	92.76
50	0.00	0.84	6.41	92.75
51	0.00	0.82	6.35	92.84
52	0.00	0.82	6.33	92.85
53	0.00	0.79	6.13	93.08
54	0.00	0.80	6.14	93.06
55	0.00	0.52	5.42	94.06
56	0.00	0.56	4.84	94.59
57	0.00	0.62	5.14	94.23
58	0.00	0.66	5.40	93.94
59	0.00	0.73	5.74	93.52
60	0.00	0.74	5.81	93.45
61	0.00	0.71	5.62	93.67
62	0.00	0.69	5.57	93.74
63	0.00	0.71	5.71	93.58
64	0.00	0.73	5.81	93.47
65	0.00	0.73	5.81	93.46
66	0.00	0.72	5.75	93.53
67	0.00	0.69	5.70	93.60
68	0.00	0.62	5.58	93.80
69	0.00	0.60	5.32	94.07
70	0.00	0.58	5.19	94.24
71	0.00	0.68	5.55	93.76
72	0.00	0.57	5.20	94.23
73	0.00	0.54	4.98	94.48
74	0.00	0.51	4.90	94.59
75	0.00	0.51	4.91	94.58
76	0.00	0.55	5.07	94.39
77	0.00	0.53	5.12	94.35
78	0.00	0.52	5.10	94.38
79	0.00	0.51	5.02	94.47
80	0.00	0.52	5.10	94.38
81	0.00	0.53	5.16	94.31
82	0.00	0.52	5.21	94.27
83	0.00	0.51	5.08	94.42
84	0.00	0.56	5.32	94.12
85	0.00	0.56	5.33	94.12
86	0.00	0.55	5.33	94.12
87	0.00	0.55	5.34	94.11
88	0.00	0.57	5.40	94.03
89	0.00	0.57	5.41	94.02
90	0.00	0.62	5.66	93.72
91	0.00	0.67	5.82	93.51
92	0.00	0.66	5.89	93.45
93	0.00	0.68	5.98	93.35
94	0.00	0.67	5.98	93.35
95	0.00	0.70	6.07	93.23
96	0.00	0.71	6.19	93.10
97	0.00	0.72	6.21	93.07
98	0.00	0.66	6.11	93.22
99	0.00	0.75	6.56	92.69
100	0.00	0.80	6.70	92.50




