Parameters
	Library type	Paired-end
	Input files	KU330797-16_C_L004_R1_010.trimmed.fastq.gz	KU330797-16_C_L004_R2_010.trimmed.fastq.gz
	Primer/Adaptor library	NA
	Cut-off read length for HQ	70%
	Cut-off quality score	20
	Only statistics	On
	Number of CPUs	2


QC statistics
	File name	KU330797-16_C_L004_R1_010.trimmed.fastq.gz	KU330797-16_C_L004_R2_010.trimmed.fastq.gz
	Total number of reads	4000000	4000000
	Total number of HQ reads	3988839	3988839
	Percentage of HQ reads	99.72%	99.72%
	Total number of bases	373127966	369535894
	Total number of bases in HQ reads	372464616	369369887
	Total number of HQ bases in HQ reads	370934791	367804673
	Percentage of HQ bases in HQ reads	99.59%	99.58%
	Number of Primer/Adaptor contaminated HQ reads	NA	NA
	Total number of HQ filtered reads	3988839	3988839
	Percentage of HQ filtered reads	99.72%	99.72%


Detailed QC statistics
	File name	KU330797-16_C_L004_R1_010.trimmed.fastq.gz	KU330797-16_C_L004_R2_010.trimmed.fastq.gz
	Minimum read length	1	1
	Maximum read length	100	100
	Average read length	93.28	92.38
	Total number of reads	4000000	4000000
	Total number of reads with non-ATGC bases	99	3323
	Percentage of reads with non-ATGC bases	0.00%	0.08%
	Total number of bases	373127966	369535894
	Total number of HQ bases	371573348	367920382
	Percentage of HQ bases	99.58%	99.56%
	Total number of non-ATGC bases	99	3323
	Percentage of non-ATGC bases	0.00%	0.00%


Average quality score at each base position of input reads

KU330797-16_C_L004_R1_010.trimmed.fastq.gz
32.56	32.91	33.03	36.32	36.27	36.27	36.27	36.27	37.98	37.98	37.95	37.94	37.94	39.41	39.39	39.35	39.30	39.28	39.28	39.25	39.19	39.12	39.06	39.02	38.94	38.87	38.78	38.69	38.61	38.46	38.37	38.29	38.18	38.09	37.95	37.82	37.69	37.59	37.45	37.30	37.19	37.31	37.23	37.18	37.08	36.99	36.86	36.76	36.63	36.69	36.65	36.55	36.40	36.28	36.14	36.00	35.87	35.72	35.52	35.35	35.21	35.04	34.87	34.66	34.46	34.27	34.04	33.84	33.61	33.30	33.07	32.83	32.46	31.92	31.84	30.63	31.14	31.28	31.18	31.03	30.85	30.64	30.38	30.17	29.96	29.76	29.58	29.39	29.21	29.05	28.88	28.73	28.55	28.38	28.21	28.04	27.88	27.71	27.54	26.29	

KU330797-16_C_L004_R2_010.trimmed.fastq.gz
35.93	36.40	36.56	36.63	32.39	32.71	32.81	35.97	35.96	35.97	35.93	35.89	37.52	37.47	37.47	37.39	37.36	38.70	38.65	38.62	38.53	38.50	38.49	38.37	38.31	38.25	38.16	38.10	38.04	37.96	37.86	37.78	37.69	37.59	37.48	37.37	37.30	37.18	37.11	37.00	36.92	36.80	36.69	36.60	36.49	36.37	36.39	36.34	36.24	36.15	36.01	35.88	35.78	35.61	34.59	34.91	35.12	35.12	35.09	34.98	34.83	34.68	34.52	34.39	34.23	34.04	33.86	33.85	33.76	33.68	33.49	33.36	33.15	32.99	32.80	32.61	32.39	32.20	31.97	31.75	31.52	31.26	31.04	30.82	30.61	30.37	30.19	29.99	29.77	29.60	29.43	29.25	29.07	28.89	28.72	28.54	28.22	28.03	27.86	27.75	





Read count (%) per base for different quality score ranges

	KU330797-16_C_L004_R1_010.trimmed.fastq.gz
Ranges	0-10	11-20	21-30	31-40
Base
1	0.00	0.82	7.12	92.06
2	0.00	0.42	6.00	93.58
3	0.00	0.33	5.55	94.12
4	0.00	0.29	2.20	97.52
5	0.00	0.32	2.51	97.17
6	0.00	0.34	2.48	97.18
7	0.00	0.34	2.50	97.16
8	0.00	0.34	2.49	97.17
9	0.00	0.36	2.59	97.05
10	0.00	0.35	2.60	97.05
11	0.00	0.36	2.66	96.97
12	0.00	0.37	2.69	96.93
13	0.00	0.37	2.67	96.96
14	0.00	0.88	5.23	93.89
15	0.00	0.87	5.24	93.88
16	0.00	0.88	5.26	93.86
17	0.00	0.90	5.34	93.77
18	0.00	0.88	5.24	93.88
19	0.00	0.92	5.37	93.71
20	0.00	0.89	5.29	93.82
21	0.00	0.90	5.32	93.78
22	0.00	0.89	5.37	93.73
23	0.00	0.89	5.32	93.79
24	0.00	0.91	5.47	93.61
25	0.00	0.90	5.47	93.62
26	0.00	0.89	5.40	93.71
27	0.00	0.89	5.43	93.68
28	0.00	0.86	5.42	93.72
29	0.00	0.83	5.35	93.83
30	0.00	0.84	5.57	93.59
31	0.00	0.82	5.52	93.67
32	0.00	0.77	5.47	93.76
33	0.00	0.78	5.55	93.67
34	0.00	0.76	5.54	93.70
35	0.00	0.77	5.64	93.58
36	0.00	0.77	5.71	93.51
37	0.00	0.77	5.71	93.52
38	0.00	0.74	5.59	93.67
39	0.00	0.75	5.66	93.59
40	0.00	0.78	5.72	93.51
41	0.00	0.75	5.61	93.63
42	0.00	0.71	5.54	93.76
43	0.00	0.75	5.67	93.58
44	0.00	0.73	5.52	93.75
45	0.00	0.75	5.57	93.68
46	0.00	0.74	5.52	93.74
47	0.00	0.75	5.58	93.67
48	0.00	0.75	5.57	93.68
49	0.00	0.76	5.62	93.62
50	0.00	0.65	5.23	94.12
51	0.00	0.66	5.05	94.29
52	0.00	0.65	5.03	94.32
53	0.00	0.66	5.13	94.21
54	0.00	0.67	5.05	94.29
55	0.00	0.67	5.08	94.25
56	0.00	0.65	5.04	94.30
57	0.00	0.63	4.98	94.38
58	0.00	0.64	4.95	94.40
59	0.00	0.67	5.17	94.16
60	0.00	0.64	5.16	94.19
61	0.00	0.62	5.00	94.39
62	0.00	0.61	5.00	94.38
63	0.00	0.60	5.05	94.34
64	0.00	0.64	5.16	94.20
65	0.00	0.63	5.23	94.14
66	0.00	0.62	5.26	94.11
67	0.00	0.64	5.40	93.96
68	0.00	0.62	5.34	94.04
69	0.00	0.62	5.41	93.96
70	0.00	0.66	5.61	93.73
71	0.00	0.64	5.62	93.74
72	0.00	0.65	5.70	93.65
73	0.00	0.68	6.01	93.32
74	0.00	0.85	7.32	91.82
75	0.00	0.70	6.46	92.84
76	0.00	0.69	10.43	88.88
77	0.00	0.57	6.70	92.74
78	0.00	0.54	5.72	93.74
79	0.00	0.55	5.52	93.93
80	0.00	0.54	5.34	94.12
81	0.00	0.55	5.26	94.19
82	0.00	0.57	5.35	94.09
83	0.00	0.63	5.68	93.69
84	0.00	0.62	5.71	93.67
85	0.00	0.64	5.79	93.57
86	0.00	0.68	6.00	93.32
87	0.00	0.69	6.07	93.24
88	0.00	0.71	6.21	93.08
89	0.00	0.75	6.36	92.89
90	0.00	0.77	6.48	92.75
91	0.00	0.80	6.64	92.56
92	0.00	0.80	6.70	92.50
93	0.00	0.87	6.96	92.17
94	0.00	0.89	7.16	91.95
95	0.00	0.90	7.34	91.76
96	0.00	0.91	7.41	91.67
97	0.00	0.90	7.52	91.57
98	0.00	0.90	7.69	91.41
99	0.00	0.91	7.83	91.26
100	0.00	2.58	16.01	81.41


	KU330797-16_C_L004_R2_010.trimmed.fastq.gz
Ranges	0-10	11-20	21-30	31-40
Base
1	0.08	1.84	3.16	94.92
2	0.00	0.85	2.27	96.88
3	0.00	0.52	1.79	97.69
4	0.00	0.44	1.59	97.97
5	0.00	0.71	8.71	90.57
6	0.00	0.62	7.04	92.34
7	0.00	0.60	6.72	92.69
8	0.00	0.59	3.30	96.10
9	0.00	0.60	3.34	96.06
10	0.00	0.59	3.20	96.21
11	0.00	0.61	3.30	96.10
12	0.00	0.62	3.32	96.06
13	0.00	0.60	3.22	96.18
14	0.00	0.61	3.36	96.03
15	0.00	0.57	3.20	96.23
16	0.00	0.59	3.33	96.08
17	0.00	0.58	3.27	96.16
18	0.00	1.29	6.40	92.31
19	0.00	1.25	6.23	92.51
20	0.00	1.18	6.11	92.70
21	0.00	1.21	6.21	92.58
22	0.00	1.15	5.99	92.86
23	0.00	1.14	6.12	92.74
24	0.00	1.17	6.22	92.61
25	0.00	1.12	6.11	92.77
26	0.00	1.08	5.96	92.97
27	0.00	1.07	5.96	92.97
28	0.00	1.07	6.15	92.78
29	0.00	1.04	6.04	92.92
30	0.00	0.99	5.96	93.06
31	0.00	0.97	5.98	93.05
32	0.00	0.94	5.88	93.19
33	0.00	0.91	5.92	93.17
34	0.00	0.88	5.93	93.19
35	0.00	0.87	5.99	93.14
36	0.00	0.86	6.08	93.06
37	0.00	0.82	5.92	93.26
38	0.00	0.84	6.04	93.13
39	0.00	0.78	5.87	93.35
40	0.00	0.80	5.96	93.25
41	0.00	0.77	5.90	93.33
42	0.00	0.78	5.94	93.28
43	0.00	0.77	5.91	93.32
44	0.00	0.76	5.80	93.44
45	0.00	0.75	5.73	93.52
46	0.00	0.76	5.77	93.46
47	0.00	0.73	5.77	93.51
48	0.00	0.73	5.74	93.53
49	0.00	0.75	5.80	93.45
50	0.00	0.75	5.70	93.55
51	0.00	0.74	5.72	93.54
52	0.00	0.74	5.68	93.58
53	0.00	0.71	5.52	93.76
54	0.00	0.75	5.64	93.62
55	0.00	0.48	4.94	94.58
56	0.00	0.49	4.20	95.31
57	0.00	0.56	4.56	94.88
58	0.00	0.66	5.04	94.31
59	0.00	0.64	5.04	94.32
60	0.00	0.65	5.13	94.22
61	0.00	0.67	5.25	94.08
62	0.00	0.69	5.26	94.05
63	0.00	0.67	5.39	93.93
64	0.00	0.65	5.24	94.11
65	0.00	0.65	5.28	94.07
66	0.00	0.67	5.36	93.96
67	0.00	0.68	5.44	93.88
68	0.00	0.57	5.11	94.31
69	0.00	0.55	4.87	94.58
70	0.00	0.51	4.64	94.85
71	0.00	0.54	4.80	94.67
72	0.00	0.50	4.58	94.92
73	0.00	0.52	4.71	94.76
74	0.00	0.49	4.60	94.91
75	0.00	0.49	4.65	94.85
76	0.00	0.48	4.58	94.93
77	0.00	0.49	4.66	94.85
78	0.00	0.46	4.58	94.96
79	0.00	0.48	4.69	94.82
80	0.00	0.49	4.71	94.80
81	0.00	0.49	4.76	94.76
82	0.00	0.53	4.99	94.48
83	0.00	0.53	5.07	94.40
84	0.00	0.54	5.10	94.36
85	0.00	0.53	5.06	94.41
86	0.00	0.58	5.30	94.12
87	0.00	0.55	5.19	94.26
88	0.00	0.57	5.30	94.13
89	0.00	0.62	5.51	93.87
90	0.00	0.61	5.52	93.86
91	0.00	0.61	5.54	93.85
92	0.00	0.65	5.68	93.67
93	0.00	0.69	5.89	93.42
94	0.00	0.72	6.06	93.22
95	0.00	0.73	6.20	93.06
96	0.00	0.78	6.39	92.84
97	0.00	0.78	6.49	92.73
98	0.00	0.76	6.54	92.69
99	0.00	0.78	6.66	92.56
100	0.00	0.81	6.66	92.53




