Parameters
	Library type	Paired-end
	Input files	KU330797-16_C_L004_R1_032.trimmed.fastq.gz	KU330797-16_C_L004_R2_032.trimmed.fastq.gz
	Primer/Adaptor library	NA
	Cut-off read length for HQ	70%
	Cut-off quality score	20
	Only statistics	On
	Number of CPUs	2


QC statistics
	File name	KU330797-16_C_L004_R1_032.trimmed.fastq.gz	KU330797-16_C_L004_R2_032.trimmed.fastq.gz
	Total number of reads	4000000	4000000
	Total number of HQ reads	3986812	3986812
	Percentage of HQ reads	99.67%	99.67%
	Total number of bases	373695807	369681608
	Total number of bases in HQ reads	372914850	369515165
	Total number of HQ bases in HQ reads	371433768	367992461
	Percentage of HQ bases in HQ reads	99.60%	99.59%
	Number of Primer/Adaptor contaminated HQ reads	NA	NA
	Total number of HQ filtered reads	3986812	3986812
	Percentage of HQ filtered reads	99.67%	99.67%


Detailed QC statistics
	File name	KU330797-16_C_L004_R1_032.trimmed.fastq.gz	KU330797-16_C_L004_R2_032.trimmed.fastq.gz
	Minimum read length	1	1
	Maximum read length	100	100
	Average read length	93.42	92.42
	Total number of reads	4000000	4000000
	Total number of reads with non-ATGC bases	147	5110
	Percentage of reads with non-ATGC bases	0.00%	0.13%
	Total number of bases	373695807	369681608
	Total number of HQ bases	372189317	368107784
	Percentage of HQ bases	99.60%	99.57%
	Total number of non-ATGC bases	147	5110
	Percentage of non-ATGC bases	0.00%	0.00%


Average quality score at each base position of input reads

KU330797-16_C_L004_R1_032.trimmed.fastq.gz
32.57	32.96	33.07	36.36	36.32	36.33	36.32	36.32	38.06	38.06	38.04	38.02	38.00	39.52	39.46	39.44	39.41	39.37	39.36	39.34	39.28	39.23	39.14	39.12	39.02	38.95	38.86	38.76	38.66	38.58	38.45	38.34	38.25	38.15	38.03	37.94	37.79	37.66	37.55	37.40	37.27	37.37	37.32	37.24	37.16	37.06	36.94	36.78	36.69	36.75	36.72	36.64	36.54	36.43	36.31	36.17	36.00	35.83	35.70	35.55	35.37	35.18	34.99	34.80	34.58	34.38	34.18	33.99	33.75	33.43	33.20	32.98	32.73	32.47	32.22	31.41	31.60	31.59	31.45	31.24	31.03	30.80	30.57	30.32	30.11	29.92	29.74	29.55	29.34	29.16	28.99	28.83	28.65	28.46	28.30	28.14	27.96	27.75	27.57	26.32	

KU330797-16_C_L004_R2_032.trimmed.fastq.gz
36.17	36.46	36.58	36.64	31.60	32.22	32.58	35.99	35.99	35.98	35.97	35.96	37.57	37.55	37.51	37.44	37.40	38.79	38.75	38.62	38.60	38.56	38.55	38.48	38.42	38.33	38.28	38.24	38.13	38.05	37.97	37.87	37.75	37.71	37.62	37.51	37.39	37.33	37.23	37.10	37.00	36.92	36.81	36.70	36.60	36.49	36.51	36.45	36.37	36.26	36.12	36.00	35.87	35.72	34.81	35.06	35.24	35.23	35.14	35.01	34.88	34.74	34.54	34.38	34.22	34.05	33.85	33.88	33.83	33.71	33.58	33.40	33.26	33.06	32.89	32.68	32.43	32.22	32.00	31.77	31.54	31.28	31.05	30.85	30.64	30.40	30.17	29.98	29.82	29.61	29.41	29.23	29.04	28.86	28.71	28.52	28.26	28.09	27.89	27.72	





Read count (%) per base for different quality score ranges

	KU330797-16_C_L004_R1_032.trimmed.fastq.gz
Ranges	0-10	11-20	21-30	31-40
Base
1	0.00	0.83	6.81	92.35
2	0.00	0.40	5.62	93.98
3	0.00	0.31	5.19	94.50
4	0.00	0.27	2.06	97.66
5	0.00	0.30	2.27	97.43
6	0.00	0.31	2.23	97.46
7	0.00	0.31	2.27	97.41
8	0.00	0.31	2.28	97.41
9	0.00	0.32	2.35	97.33
10	0.00	0.32	2.35	97.33
11	0.00	0.33	2.37	97.30
12	0.00	0.34	2.42	97.25
13	0.00	0.34	2.46	97.20
14	0.00	0.82	4.97	94.21
15	0.00	0.86	5.11	94.03
16	0.00	0.86	5.07	94.06
17	0.00	0.86	5.06	94.08
18	0.00	0.86	5.10	94.04
19	0.00	0.89	5.23	93.89
20	0.00	0.85	5.11	94.03
21	0.00	0.87	5.18	93.96
22	0.00	0.86	5.14	94.00
23	0.00	0.86	5.15	93.99
24	0.00	0.87	5.24	93.89
25	0.00	0.89	5.32	93.79
26	0.00	0.89	5.25	93.86
27	0.00	0.87	5.25	93.88
28	0.00	0.87	5.28	93.85
29	0.00	0.83	5.30	93.86
30	0.00	0.79	5.24	93.97
31	0.00	0.83	5.36	93.82
32	0.00	0.80	5.42	93.78
33	0.00	0.77	5.38	93.85
34	0.00	0.75	5.41	93.85
35	0.00	0.76	5.45	93.79
36	0.00	0.74	5.37	93.89
37	0.00	0.75	5.49	93.76
38	0.00	0.74	5.48	93.77
39	0.00	0.74	5.44	93.82
40	0.00	0.76	5.49	93.75
41	0.00	0.76	5.49	93.75
42	0.00	0.72	5.47	93.81
43	0.00	0.73	5.48	93.80
44	0.00	0.73	5.45	93.81
45	0.00	0.73	5.41	93.86
46	0.00	0.73	5.40	93.87
47	0.00	0.74	5.43	93.83
48	0.00	0.77	5.62	93.61
49	0.00	0.75	5.48	93.77
50	0.00	0.69	5.21	94.10
51	0.00	0.66	5.01	94.34
52	0.00	0.66	4.95	94.40
53	0.00	0.65	4.89	94.46
54	0.00	0.63	4.78	94.59
55	0.00	0.64	4.83	94.53
56	0.00	0.63	4.81	94.55
57	0.00	0.65	4.88	94.47
58	0.00	0.65	4.90	94.45
59	0.00	0.62	4.85	94.53
60	0.00	0.61	4.82	94.56
61	0.00	0.61	4.88	94.51
62	0.00	0.63	4.96	94.41
63	0.00	0.63	4.98	94.39
64	0.00	0.62	4.99	94.39
65	0.00	0.65	5.20	94.15
66	0.00	0.62	5.17	94.21
67	0.00	0.63	5.20	94.16
68	0.00	0.61	5.14	94.25
69	0.00	0.63	5.28	94.09
70	0.00	0.62	5.35	94.02
71	0.00	0.61	5.42	93.97
72	0.00	0.61	5.40	93.99
73	0.00	0.63	5.51	93.86
74	0.00	0.64	5.66	93.70
75	0.00	0.65	5.76	93.60
76	0.00	0.54	7.52	91.94
77	0.00	0.51	5.73	93.75
78	0.00	0.53	5.35	94.12
79	0.00	0.55	5.24	94.21
80	0.00	0.57	5.25	94.18
81	0.00	0.58	5.33	94.09
82	0.00	0.60	5.38	94.02
83	0.00	0.63	5.60	93.78
84	0.00	0.68	5.87	93.45
85	0.00	0.69	5.96	93.35
86	0.00	0.69	5.99	93.32
87	0.00	0.71	6.02	93.27
88	0.00	0.74	6.16	93.10
89	0.00	0.79	6.45	92.76
90	0.00	0.82	6.65	92.53
91	0.00	0.82	6.73	92.45
92	0.00	0.85	6.83	92.32
93	0.00	0.88	7.06	92.06
94	0.00	0.93	7.28	91.79
95	0.00	0.93	7.41	91.66
96	0.00	0.92	7.45	91.63
97	0.00	0.92	7.58	91.50
98	0.00	0.95	7.93	91.12
99	0.00	0.97	8.11	90.92
100	0.00	2.61	16.12	81.27


	KU330797-16_C_L004_R2_032.trimmed.fastq.gz
Ranges	0-10	11-20	21-30	31-40
Base
1	0.13	1.72	2.85	95.30
2	0.00	0.83	2.10	97.07
3	0.00	0.49	1.61	97.90
4	0.00	0.41	1.44	98.15
5	0.00	0.97	13.75	85.28
6	0.00	0.61	8.27	91.12
7	0.00	0.56	6.87	92.57
8	0.00	0.53	2.96	96.51
9	0.00	0.54	3.01	96.46
10	0.00	0.56	3.00	96.44
11	0.00	0.56	2.98	96.46
12	0.00	0.54	2.89	96.57
13	0.00	0.55	3.01	96.43
14	0.00	0.54	2.99	96.47
15	0.00	0.53	2.99	96.48
16	0.00	0.55	3.07	96.39
17	0.00	0.53	3.06	96.41
18	0.00	1.23	6.06	92.70
19	0.00	1.18	5.98	92.83
20	0.00	1.23	6.13	92.64
21	0.00	1.15	5.85	93.00
22	0.00	1.10	5.75	93.15
23	0.00	1.11	5.86	93.03
24	0.00	1.09	5.84	93.07
25	0.00	1.07	5.73	93.20
26	0.00	1.05	5.77	93.18
27	0.00	0.99	5.61	93.39
28	0.00	1.01	5.80	93.19
29	0.00	1.01	5.85	93.15
30	0.00	0.97	5.72	93.31
31	0.00	0.92	5.68	93.40
32	0.00	0.91	5.66	93.43
33	0.00	0.91	5.76	93.33
34	0.00	0.82	5.52	93.66
35	0.00	0.81	5.60	93.59
36	0.00	0.81	5.63	93.56
37	0.00	0.80	5.78	93.42
38	0.00	0.74	5.60	93.65
39	0.00	0.76	5.61	93.63
40	0.00	0.77	5.74	93.49
41	0.00	0.77	5.76	93.47
42	0.00	0.74	5.62	93.64
43	0.00	0.76	5.67	93.57
44	0.00	0.73	5.63	93.64
45	0.00	0.74	5.58	93.68
46	0.00	0.74	5.56	93.70
47	0.00	0.72	5.58	93.70
48	0.00	0.72	5.51	93.77
49	0.00	0.72	5.49	93.79
50	0.00	0.73	5.53	93.75
51	0.00	0.72	5.53	93.75
52	0.00	0.72	5.48	93.80
53	0.00	0.72	5.47	93.80
54	0.00	0.72	5.46	93.81
55	0.00	0.46	4.57	94.97
56	0.00	0.50	4.16	95.34
57	0.00	0.57	4.47	94.96
58	0.00	0.64	4.85	94.51
59	0.00	0.68	5.07	94.25
60	0.00	0.68	5.18	94.13
61	0.00	0.68	5.15	94.17
62	0.00	0.68	5.13	94.19
63	0.00	0.71	5.41	93.88
64	0.00	0.71	5.42	93.87
65	0.00	0.69	5.39	93.91
66	0.00	0.68	5.41	93.92
67	0.00	0.71	5.56	93.73
68	0.00	0.59	5.14	94.27
69	0.00	0.56	4.79	94.65
70	0.00	0.54	4.73	94.72
71	0.00	0.52	4.62	94.86
72	0.00	0.53	4.63	94.84
73	0.00	0.50	4.49	95.01
74	0.00	0.50	4.53	94.97
75	0.00	0.48	4.47	95.04
76	0.00	0.49	4.54	94.97
77	0.00	0.51	4.73	94.76
78	0.00	0.50	4.74	94.76
79	0.00	0.50	4.76	94.73
80	0.00	0.52	4.83	94.66
81	0.00	0.52	4.88	94.61
82	0.00	0.55	5.05	94.41
83	0.00	0.55	5.08	94.37
84	0.00	0.54	5.03	94.43
85	0.00	0.55	5.04	94.42
86	0.00	0.57	5.19	94.24
87	0.00	0.61	5.41	93.98
88	0.00	0.60	5.40	94.00
89	0.00	0.59	5.32	94.09
90	0.00	0.64	5.57	93.79
91	0.00	0.67	5.72	93.61
92	0.00	0.69	5.85	93.46
93	0.00	0.73	6.04	93.24
94	0.00	0.75	6.19	93.06
95	0.00	0.75	6.21	93.04
96	0.00	0.77	6.35	92.88
97	0.00	0.78	6.48	92.75
98	0.00	0.74	6.42	92.84
99	0.00	0.79	6.68	92.52
100	0.00	0.93	7.11	91.96




