Parameters
	Library type	Paired-end
	Input files	KU330797-16_C_L004_R1_018.trimmed.fastq.gz	KU330797-16_C_L004_R2_018.trimmed.fastq.gz
	Primer/Adaptor library	NA
	Cut-off read length for HQ	70%
	Cut-off quality score	20
	Only statistics	On
	Number of CPUs	2


QC statistics
	File name	KU330797-16_C_L004_R1_018.trimmed.fastq.gz	KU330797-16_C_L004_R2_018.trimmed.fastq.gz
	Total number of reads	4000000	4000000
	Total number of HQ reads	3988849	3988849
	Percentage of HQ reads	99.72%	99.72%
	Total number of bases	371639851	368186708
	Total number of bases in HQ reads	370981461	368019275
	Total number of HQ bases in HQ reads	369371206	366363169
	Percentage of HQ bases in HQ reads	99.57%	99.55%
	Number of Primer/Adaptor contaminated HQ reads	NA	NA
	Total number of HQ filtered reads	3988849	3988849
	Percentage of HQ filtered reads	99.72%	99.72%


Detailed QC statistics
	File name	KU330797-16_C_L004_R1_018.trimmed.fastq.gz	KU330797-16_C_L004_R2_018.trimmed.fastq.gz
	Minimum read length	1	1
	Maximum read length	100	100
	Average read length	92.91	92.05
	Total number of reads	4000000	4000000
	Total number of reads with non-ATGC bases	93	3329
	Percentage of reads with non-ATGC bases	0.00%	0.08%
	Total number of bases	371639851	368186708
	Total number of HQ bases	370004432	366480309
	Percentage of HQ bases	99.56%	99.54%
	Total number of non-ATGC bases	93	3329
	Percentage of non-ATGC bases	0.00%	0.00%


Average quality score at each base position of input reads

KU330797-16_C_L004_R1_018.trimmed.fastq.gz
32.48	32.85	32.97	36.28	36.22	36.21	36.19	36.20	37.91	37.90	37.87	37.87	37.83	39.28	39.28	39.24	39.19	39.12	39.15	39.12	39.08	39.01	38.94	38.89	38.80	38.73	38.63	38.55	38.46	38.32	38.22	38.11	38.01	37.88	37.79	37.65	37.54	37.42	37.29	37.15	37.01	37.11	37.02	36.97	36.88	36.79	36.67	36.55	36.44	36.46	36.39	36.28	36.14	36.06	35.92	35.77	35.61	35.47	35.30	35.14	34.97	34.82	34.60	34.40	34.25	34.06	33.85	33.64	33.37	33.08	32.86	32.61	32.32	31.78	31.69	30.54	30.97	31.09	30.98	30.81	30.62	30.42	30.17	29.97	29.74	29.53	29.33	29.16	28.98	28.80	28.63	28.50	28.32	28.17	28.02	27.78	27.64	27.48	27.32	26.17	

KU330797-16_C_L004_R2_018.trimmed.fastq.gz
35.96	36.38	36.53	36.60	31.97	32.44	32.65	35.89	35.90	35.90	35.89	35.86	37.44	37.42	37.37	37.33	37.29	38.66	38.56	38.50	38.43	38.38	38.35	38.27	38.20	38.13	38.05	38.00	37.91	37.82	37.73	37.62	37.55	37.45	37.34	37.25	37.15	37.00	36.90	36.82	36.74	36.63	36.52	36.43	36.32	36.14	36.17	36.14	36.05	35.94	35.81	35.65	35.57	35.44	34.43	34.73	34.92	34.97	34.90	34.77	34.63	34.48	34.28	34.13	33.98	33.82	33.65	33.59	33.51	33.37	33.24	33.09	32.91	32.71	32.53	32.32	32.12	31.92	31.64	31.44	31.20	31.00	30.77	30.55	30.32	30.11	29.93	29.72	29.53	29.33	29.13	28.97	28.80	28.65	28.50	28.34	28.09	27.87	27.72	27.57	





Read count (%) per base for different quality score ranges

	KU330797-16_C_L004_R1_018.trimmed.fastq.gz
Ranges	0-10	11-20	21-30	31-40
Base
1	0.00	0.91	7.73	91.35
2	0.00	0.46	6.49	93.04
3	0.00	0.36	5.95	93.69
4	0.00	0.31	2.38	97.31
5	0.00	0.36	2.74	96.90
6	0.00	0.38	2.75	96.87
7	0.00	0.39	2.84	96.77
8	0.00	0.38	2.76	96.87
9	0.00	0.39	2.81	96.80
10	0.00	0.39	2.82	96.79
11	0.00	0.41	2.90	96.69
12	0.00	0.40	2.89	96.71
13	0.00	0.41	2.99	96.60
14	0.00	0.95	5.57	93.48
15	0.00	0.92	5.47	93.60
16	0.00	0.93	5.57	93.50
17	0.00	0.97	5.62	93.41
18	0.00	1.00	5.71	93.29
19	0.00	0.97	5.70	93.33
20	0.00	0.96	5.66	93.39
21	0.00	0.95	5.57	93.49
22	0.00	0.93	5.61	93.46
23	0.00	0.93	5.59	93.48
24	0.00	0.97	5.77	93.26
25	0.00	0.96	5.79	93.25
26	0.00	0.95	5.70	93.35
27	0.00	0.96	5.77	93.27
28	0.00	0.91	5.69	93.40
29	0.00	0.90	5.68	93.43
30	0.00	0.90	5.82	93.28
31	0.00	0.87	5.84	93.29
32	0.00	0.85	5.84	93.31
33	0.00	0.83	5.89	93.28
34	0.00	0.84	6.00	93.15
35	0.00	0.81	5.89	93.31
36	0.00	0.84	6.01	93.15
37	0.00	0.81	5.91	93.28
38	0.00	0.80	5.89	93.31
39	0.00	0.80	5.86	93.34
40	0.00	0.81	5.90	93.29
41	0.00	0.79	5.91	93.30
42	0.00	0.74	5.80	93.45
43	0.00	0.79	5.97	93.25
44	0.00	0.76	5.81	93.43
45	0.00	0.78	5.78	93.45
46	0.00	0.77	5.74	93.49
47	0.00	0.78	5.75	93.47
48	0.00	0.78	5.80	93.42
49	0.00	0.78	5.74	93.49
50	0.00	0.70	5.51	93.78
51	0.00	0.70	5.39	93.91
52	0.00	0.72	5.40	93.88
53	0.00	0.72	5.39	93.89
54	0.00	0.66	5.14	94.20
55	0.00	0.68	5.21	94.11
56	0.00	0.67	5.17	94.16
57	0.00	0.69	5.21	94.10
58	0.00	0.68	5.16	94.16
59	0.00	0.67	5.22	94.11
60	0.00	0.65	5.17	94.18
61	0.00	0.64	5.16	94.20
62	0.00	0.62	5.09	94.29
63	0.00	0.66	5.24	94.09
64	0.00	0.67	5.35	93.98
65	0.00	0.61	5.21	94.18
66	0.00	0.61	5.22	94.17
67	0.00	0.62	5.28	94.10
68	0.00	0.62	5.33	94.05
69	0.00	0.65	5.55	93.80
70	0.00	0.69	5.77	93.55
71	0.00	0.67	5.80	93.53
72	0.00	0.68	5.91	93.41
73	0.00	0.66	5.91	93.43
74	0.00	0.85	7.19	91.96
75	0.00	0.69	6.38	92.93
76	0.00	0.73	10.04	89.23
77	0.00	0.58	6.74	92.68
78	0.00	0.55	5.81	93.65
79	0.00	0.59	5.65	93.76
80	0.00	0.58	5.50	93.92
81	0.00	0.57	5.43	94.00
82	0.00	0.58	5.45	93.97
83	0.00	0.63	5.75	93.62
84	0.00	0.63	5.77	93.61
85	0.00	0.68	5.98	93.34
86	0.00	0.72	6.17	93.11
87	0.00	0.74	6.29	92.97
88	0.00	0.75	6.36	92.89
89	0.00	0.77	6.44	92.79
90	0.00	0.82	6.63	92.55
91	0.00	0.82	6.74	92.44
92	0.00	0.82	6.66	92.52
93	0.00	0.88	6.94	92.17
94	0.00	0.85	7.00	92.15
95	0.00	0.85	7.08	92.06
96	0.00	0.99	7.67	91.34
97	0.00	0.93	7.57	91.51
98	0.00	0.90	7.66	91.43
99	0.00	0.92	7.75	91.33
100	0.00	2.43	15.21	82.36


	KU330797-16_C_L004_R2_018.trimmed.fastq.gz
Ranges	0-10	11-20	21-30	31-40
Base
1	0.08	1.90	3.53	94.49
2	0.00	0.89	2.52	96.59
3	0.00	0.55	1.97	97.48
4	0.00	0.48	1.75	97.78
5	0.00	0.87	11.45	87.68
6	0.00	0.68	8.26	91.06
7	0.00	0.64	7.48	91.88
8	0.00	0.64	3.63	95.72
9	0.00	0.62	3.55	95.83
10	0.00	0.66	3.53	95.82
11	0.00	0.64	3.48	95.87
12	0.00	0.64	3.48	95.88
13	0.00	0.65	3.56	95.79
14	0.00	0.63	3.50	95.87
15	0.00	0.63	3.55	95.82
16	0.00	0.63	3.56	95.81
17	0.00	0.62	3.52	95.86
18	0.00	1.28	6.45	92.27
19	0.00	1.32	6.56	92.13
20	0.00	1.29	6.51	92.19
21	0.00	1.26	6.43	92.31
22	0.00	1.20	6.33	92.47
23	0.00	1.22	6.48	92.30
24	0.00	1.20	6.45	92.35
25	0.00	1.18	6.32	92.50
26	0.00	1.13	6.21	92.66
27	0.00	1.11	6.20	92.69
28	0.00	1.14	6.37	92.48
29	0.00	1.09	6.35	92.56
30	0.00	1.05	6.27	92.67
31	0.00	1.02	6.24	92.74
32	0.00	1.01	6.27	92.72
33	0.00	0.96	6.17	92.87
34	0.00	0.95	6.17	92.88
35	0.00	0.92	6.23	92.84
36	0.00	0.90	6.20	92.90
37	0.00	0.87	6.23	92.90
38	0.00	0.89	6.37	92.74
39	0.00	0.86	6.32	92.82
40	0.00	0.83	6.22	92.95
41	0.00	0.81	6.05	93.14
42	0.00	0.80	6.10	93.11
43	0.00	0.82	6.11	93.07
44	0.00	0.78	6.00	93.22
45	0.00	0.79	5.95	93.26
46	0.00	0.83	6.19	92.98
47	0.00	0.79	6.13	93.09
48	0.00	0.75	5.92	93.33
49	0.00	0.77	5.92	93.31
50	0.00	0.80	6.01	93.18
51	0.00	0.77	5.88	93.35
52	0.00	0.79	5.94	93.26
53	0.00	0.73	5.70	93.57
54	0.00	0.74	5.63	93.63
55	0.00	0.50	5.00	94.51
56	0.00	0.51	4.34	95.15
57	0.00	0.59	4.70	94.71
58	0.00	0.63	5.01	94.36
59	0.00	0.66	5.16	94.19
60	0.00	0.67	5.31	94.02
61	0.00	0.68	5.32	93.99
62	0.00	0.68	5.34	93.98
63	0.00	0.72	5.55	93.73
64	0.00	0.69	5.52	93.79
65	0.00	0.69	5.46	93.86
66	0.00	0.65	5.43	93.91
67	0.00	0.67	5.50	93.83
68	0.00	0.61	5.29	94.10
69	0.00	0.57	5.03	94.40
70	0.00	0.56	4.97	94.47
71	0.00	0.54	4.86	94.60
72	0.00	0.51	4.75	94.74
73	0.00	0.52	4.76	94.72
74	0.00	0.54	4.83	94.63
75	0.00	0.51	4.76	94.73
76	0.00	0.51	4.80	94.69
77	0.00	0.49	4.77	94.75
78	0.00	0.49	4.72	94.80
79	0.00	0.55	5.05	94.40
80	0.00	0.52	5.01	94.47
81	0.00	0.53	5.09	94.38
82	0.00	0.50	5.00	94.50
83	0.00	0.53	5.13	94.34
84	0.00	0.54	5.16	94.30
85	0.00	0.56	5.25	94.19
86	0.00	0.57	5.34	94.09
87	0.00	0.55	5.23	94.23
88	0.00	0.59	5.39	94.02
89	0.00	0.61	5.49	93.90
90	0.00	0.65	5.68	93.67
91	0.00	0.69	5.89	93.42
92	0.00	0.67	5.89	93.44
93	0.00	0.69	6.00	93.31
94	0.00	0.69	5.99	93.32
95	0.00	0.69	6.02	93.29
96	0.00	0.70	6.09	93.21
97	0.00	0.71	6.16	93.13
98	0.00	0.78	6.56	92.66
99	0.00	0.75	6.61	92.64
100	0.00	0.87	6.96	92.17




