Parameters
	Library type	Paired-end
	Input files	KU330797-16_C_L004_R1_031.trimmed.fastq.gz	KU330797-16_C_L004_R2_031.trimmed.fastq.gz
	Primer/Adaptor library	NA
	Cut-off read length for HQ	70%
	Cut-off quality score	20
	Only statistics	On
	Number of CPUs	2


QC statistics
	File name	KU330797-16_C_L004_R1_031.trimmed.fastq.gz	KU330797-16_C_L004_R2_031.trimmed.fastq.gz
	Total number of reads	4000000	4000000
	Total number of HQ reads	3980140	3980140
	Percentage of HQ reads	99.50%	99.50%
	Total number of bases	360714073	348982445
	Total number of bases in HQ reads	359665596	348692151
	Total number of HQ bases in HQ reads	357428420	346096976
	Percentage of HQ bases in HQ reads	99.38%	99.26%
	Number of Primer/Adaptor contaminated HQ reads	NA	NA
	Total number of HQ filtered reads	3980140	3980140
	Percentage of HQ filtered reads	99.50%	99.50%


Detailed QC statistics
	File name	KU330797-16_C_L004_R1_031.trimmed.fastq.gz	KU330797-16_C_L004_R2_031.trimmed.fastq.gz
	Minimum read length	1	1
	Maximum read length	100	100
	Average read length	90.18	87.25
	Total number of reads	4000000	4000000
	Total number of reads with non-ATGC bases	108	3941
	Percentage of reads with non-ATGC bases	0.00%	0.10%
	Total number of bases	360714073	348982445
	Total number of HQ bases	358429264	346286766
	Percentage of HQ bases	99.37%	99.23%
	Total number of non-ATGC bases	108	3941
	Percentage of non-ATGC bases	0.00%	0.00%


Average quality score at each base position of input reads

KU330797-16_C_L004_R1_031.trimmed.fastq.gz
31.87	32.45	32.65	35.96	35.93	35.92	35.90	35.90	37.52	37.47	37.48	37.24	37.35	38.67	38.69	38.62	38.58	38.55	38.56	38.50	38.40	38.36	38.33	38.17	38.10	37.96	37.83	37.69	37.48	37.42	37.29	37.22	37.08	36.92	36.72	36.62	36.48	36.35	36.18	36.02	35.93	35.91	35.86	35.73	35.64	35.48	35.36	35.26	35.11	35.14	35.05	34.92	34.76	34.61	34.46	34.27	34.15	33.99	33.78	33.58	33.40	33.25	33.07	32.72	32.55	32.36	32.13	31.62	31.42	31.16	30.94	30.60	30.41	30.06	29.83	28.77	28.95	28.99	28.89	28.70	28.49	28.32	28.09	27.84	27.68	27.46	27.26	27.04	26.80	26.58	26.37	26.25	26.08	25.89	25.68	25.50	25.34	25.11	24.93	23.72	

KU330797-16_C_L004_R2_031.trimmed.fastq.gz
34.98	35.82	36.19	36.31	31.26	31.83	32.12	35.35	35.34	35.36	35.32	35.27	36.69	36.61	36.42	36.39	36.37	37.44	37.41	37.30	37.16	36.97	37.01	36.90	36.84	36.56	36.50	36.45	36.35	36.21	36.11	35.89	35.80	35.68	35.51	35.48	35.29	35.06	35.02	34.82	34.72	34.56	34.46	34.32	34.24	33.99	33.97	33.90	33.82	33.77	33.57	33.39	33.21	32.97	32.05	32.27	32.12	32.16	32.08	31.86	31.69	31.52	31.30	31.12	30.95	30.75	30.66	30.64	30.48	30.27	30.07	29.97	29.76	29.62	29.33	29.11	28.94	28.65	28.35	28.20	27.97	27.77	27.59	27.30	27.16	26.79	26.58	26.36	26.20	26.03	25.75	25.61	25.48	25.31	25.12	24.95	24.74	24.56	24.39	24.26	





Read count (%) per base for different quality score ranges

	KU330797-16_C_L004_R1_031.trimmed.fastq.gz
Ranges	0-10	11-20	21-30	31-40
Base
1	0.00	1.74	11.80	86.46
2	0.00	0.78	9.51	89.71
3	0.00	0.59	8.69	90.72
4	0.00	0.52	3.75	95.73
5	0.00	0.55	4.06	95.39
6	0.00	0.58	4.06	95.36
7	0.00	0.61	4.15	95.24
8	0.00	0.62	4.16	95.22
9	0.00	0.60	4.09	95.31
10	0.00	0.64	4.27	95.09
11	0.00	0.61	4.18	95.20
12	0.00	1.26	4.67	94.07
13	0.00	0.88	4.52	94.60
14	0.00	1.41	7.05	91.55
15	0.00	1.33	6.94	91.73
16	0.00	1.34	7.09	91.58
17	0.00	1.30	7.04	91.66
18	0.00	1.27	7.05	91.68
19	0.00	1.27	7.10	91.63
20	0.00	1.25	7.11	91.63
21	0.00	1.28	7.22	91.50
22	0.00	1.23	7.02	91.75
23	0.00	1.17	6.90	91.93
24	0.00	1.31	7.41	91.28
25	0.00	1.23	7.21	91.55
26	0.00	1.30	7.32	91.38
27	0.00	1.28	7.36	91.37
28	0.00	1.27	7.39	91.34
29	0.00	1.59	7.48	90.93
30	0.00	1.32	7.36	91.32
31	0.00	1.22	7.48	91.30
32	0.00	1.12	7.19	91.69
33	0.00	1.10	7.28	91.63
34	0.00	1.08	7.44	91.47
35	0.00	1.14	7.67	91.19
36	0.00	1.07	7.49	91.44
37	0.00	1.03	7.40	91.57
38	0.00	1.01	7.29	91.70
39	0.00	1.04	7.42	91.55
40	0.00	1.02	7.36	91.63
41	0.00	0.96	7.09	91.95
42	0.00	0.99	7.35	91.65
43	0.00	0.96	7.22	91.82
44	0.00	1.00	7.27	91.73
45	0.00	0.96	7.11	91.93
46	0.00	0.98	7.26	91.75
47	0.00	0.97	7.18	91.85
48	0.00	0.95	7.01	92.03
49	0.00	0.97	7.11	91.92
50	0.00	0.86	6.71	92.43
51	0.00	0.86	6.57	92.57
52	0.00	0.87	6.53	92.60
53	0.00	0.89	6.56	92.55
54	0.00	0.87	6.50	92.64
55	0.00	0.86	6.47	92.67
56	0.00	0.87	6.56	92.57
57	0.00	0.82	6.30	92.88
58	0.00	0.82	6.28	92.90
59	0.00	0.82	6.43	92.76
60	0.00	0.83	6.45	92.73
61	0.00	0.81	6.40	92.79
62	0.00	0.78	6.17	93.05
63	0.00	0.77	6.25	92.98
64	0.00	0.90	6.88	92.22
65	0.00	0.82	6.67	92.51
66	0.00	0.80	6.56	92.64
67	0.00	0.83	6.67	92.50
68	0.00	1.14	7.05	91.82
69	0.00	0.91	7.04	92.05
70	0.00	0.84	7.08	92.08
71	0.00	0.84	7.04	92.12
72	0.00	0.82	7.04	92.15
73	0.00	0.76	6.87	92.37
74	0.00	0.87	7.41	91.72
75	0.00	0.81	7.37	91.82
76	0.00	1.05	10.03	88.93
77	0.00	0.82	7.94	91.24
78	0.00	0.75	7.22	92.04
79	0.00	0.71	6.81	92.48
80	0.00	0.72	6.74	92.54
81	0.00	0.73	6.88	92.39
82	0.00	0.70	6.66	92.64
83	0.00	0.75	6.90	92.34
84	0.00	0.82	7.34	91.85
85	0.00	0.77	7.13	92.10
86	0.00	0.84	7.40	91.75
87	0.00	0.88	7.55	91.57
88	0.00	0.96	7.95	91.10
89	0.00	0.88	7.63	91.49
90	0.00	1.00	8.07	90.93
91	0.00	1.08	8.53	90.39
92	0.00	1.00	8.26	90.74
93	0.00	1.04	8.42	90.54
94	0.00	1.09	8.63	90.28
95	0.00	1.15	9.05	89.80
96	0.00	1.14	9.11	89.75
97	0.00	1.09	9.05	89.86
98	0.00	1.15	9.45	89.40
99	0.00	1.17	9.49	89.34
100	0.00	3.10	18.03	78.87


	KU330797-16_C_L004_R2_031.trimmed.fastq.gz
Ranges	0-10	11-20	21-30	31-40
Base
1	0.10	3.54	6.37	89.99
2	0.00	1.63	4.46	93.91
3	0.00	1.03	3.40	95.58
4	0.00	0.89	3.11	96.00
5	0.00	1.85	19.22	78.94
6	0.00	1.30	13.25	85.45
7	0.00	1.20	11.49	87.31
8	0.00	1.16	5.78	93.06
9	0.00	1.14	5.76	93.09
10	0.00	1.13	5.49	93.38
11	0.00	1.15	5.52	93.33
12	0.00	1.14	5.50	93.36
13	0.00	1.11	5.44	93.45
14	0.00	1.11	5.55	93.34
15	0.00	1.53	5.64	92.83
16	0.00	1.28	5.62	93.10
17	0.00	1.10	5.43	93.47
18	0.00	2.01	8.75	89.24
19	0.00	1.86	8.36	89.78
20	0.00	1.83	8.44	89.73
21	0.00	1.81	8.48	89.71
22	0.00	2.22	8.52	89.26
23	0.00	1.84	8.54	89.62
24	0.00	1.68	8.35	89.97
25	0.00	1.56	8.09	90.35
26	0.00	2.02	8.54	89.44
27	0.00	1.70	8.24	90.07
28	0.00	1.63	8.25	90.12
29	0.00	1.54	8.09	90.37
30	0.00	1.53	8.17	90.30
31	0.00	1.42	7.96	90.62
32	0.00	1.43	8.23	90.34
33	0.00	1.32	8.03	90.65
34	0.00	1.28	7.97	90.75
35	0.00	1.26	8.13	90.61
36	0.00	1.12	7.63	91.25
37	0.00	1.18	7.96	90.86
38	0.00	1.24	8.29	90.47
39	0.00	1.10	7.80	91.10
40	0.00	1.35	7.96	90.68
41	0.00	1.16	7.84	91.00
42	0.00	1.15	7.91	90.94
43	0.00	1.12	7.66	91.23
44	0.00	1.07	7.64	91.29
45	0.00	1.00	7.35	91.65
46	0.00	1.11	7.80	91.09
47	0.00	1.02	7.70	91.29
48	0.00	1.01	7.56	91.43
49	0.00	0.98	7.34	91.68
50	0.00	0.92	7.05	92.03
51	0.00	0.95	7.19	91.86
52	0.00	0.96	7.23	91.81
53	0.00	0.97	7.22	91.80
54	0.00	1.03	7.39	91.57
55	0.00	0.75	6.78	92.46
56	0.00	0.74	5.88	93.38
57	0.00	1.23	6.66	92.11
58	0.00	0.99	6.62	92.39
59	0.00	0.98	6.64	92.38
60	0.00	1.06	7.06	91.88
61	0.00	0.92	6.66	92.42
62	0.00	0.89	6.72	92.39
63	0.00	0.91	6.96	92.13
64	0.00	0.90	6.95	92.14
65	0.00	0.90	6.89	92.21
66	0.00	0.92	6.95	92.13
67	0.00	0.78	6.50	92.71
68	0.00	0.71	6.16	93.13
69	0.00	0.74	6.32	92.94
70	0.00	0.80	6.53	92.67
71	0.00	0.78	6.62	92.60
72	0.00	0.71	6.22	93.07
73	0.00	0.73	6.40	92.87
74	0.00	0.67	6.14	93.19
75	0.00	0.71	6.41	92.89
76	0.00	0.73	6.56	92.71
77	0.00	0.68	6.32	92.99
78	0.00	0.75	6.76	92.49
79	0.00	0.79	6.99	92.23
80	0.00	0.69	6.63	92.68
81	0.00	0.73	6.76	92.51
82	0.00	0.70	6.68	92.63
83	0.00	0.67	6.53	92.80
84	0.00	0.78	7.05	92.17
85	0.00	0.69	6.65	92.66
86	0.00	0.76	6.96	92.28
87	0.00	0.78	7.10	92.11
88	0.00	0.83	7.33	91.84
89	0.00	0.80	7.26	91.94
90	0.00	0.81	7.23	91.95
91	0.00	0.98	7.93	91.08
92	0.00	0.89	7.76	91.35
93	0.00	0.87	7.55	91.59
94	0.00	0.92	7.66	91.42
95	0.00	0.96	7.94	91.10
96	0.00	0.93	7.88	91.18
97	0.00	0.93	7.85	91.22
98	0.00	0.95	8.10	90.96
99	0.00	0.98	8.30	90.71
100	0.00	1.03	8.38	90.59




