Parameters
	Library type	Paired-end
	Input files	KU330797-16_C_L004_R1_021.trimmed.fastq.gz	KU330797-16_C_L004_R2_021.trimmed.fastq.gz
	Primer/Adaptor library	NA
	Cut-off read length for HQ	70%
	Cut-off quality score	20
	Only statistics	On
	Number of CPUs	2


QC statistics
	File name	KU330797-16_C_L004_R1_021.trimmed.fastq.gz	KU330797-16_C_L004_R2_021.trimmed.fastq.gz
	Total number of reads	4000000	4000000
	Total number of HQ reads	3985334	3985334
	Percentage of HQ reads	99.63%	99.63%
	Total number of bases	368727235	363934430
	Total number of bases in HQ reads	367893751	363702472
	Total number of HQ bases in HQ reads	366060239	361782545
	Percentage of HQ bases in HQ reads	99.50%	99.47%
	Number of Primer/Adaptor contaminated HQ reads	NA	NA
	Total number of HQ filtered reads	3985334	3985334
	Percentage of HQ filtered reads	99.63%	99.63%


Detailed QC statistics
	File name	KU330797-16_C_L004_R1_021.trimmed.fastq.gz	KU330797-16_C_L004_R2_021.trimmed.fastq.gz
	Minimum read length	1	1
	Maximum read length	100	100
	Average read length	92.18	90.98
	Total number of reads	4000000	4000000
	Total number of reads with non-ATGC bases	139	3786
	Percentage of reads with non-ATGC bases	0.00%	0.09%
	Total number of bases	368727235	363934430
	Total number of HQ bases	366859642	361944436
	Percentage of HQ bases	99.49%	99.45%
	Total number of non-ATGC bases	139	3786
	Percentage of non-ATGC bases	0.00%	0.00%


Average quality score at each base position of input reads

KU330797-16_C_L004_R1_021.trimmed.fastq.gz
32.21	32.61	32.76	36.10	36.05	36.05	36.05	36.04	37.69	37.69	37.65	37.65	37.62	39.04	38.99	38.96	38.94	38.86	38.86	38.84	38.78	38.67	38.61	38.58	38.42	38.39	38.31	38.23	38.08	38.00	37.90	37.78	37.64	37.51	37.41	37.30	37.14	37.01	36.88	36.69	36.59	36.71	36.67	36.50	36.45	36.36	36.23	36.13	36.00	35.95	35.91	35.74	35.66	35.52	35.41	35.26	35.03	34.92	34.77	34.57	34.43	34.25	34.08	33.87	33.71	33.51	33.31	33.10	32.86	32.56	32.27	32.01	31.70	31.16	31.06	29.98	30.33	30.47	30.38	30.20	30.02	29.83	29.62	29.37	29.16	28.93	28.76	28.63	28.41	28.25	28.08	27.96	27.76	27.62	27.48	27.31	27.14	26.94	26.78	25.56	

KU330797-16_C_L004_R2_021.trimmed.fastq.gz
35.76	36.23	36.43	36.50	31.74	32.20	32.41	35.69	35.68	35.67	35.62	35.60	37.14	37.07	37.03	36.97	36.92	38.23	38.11	38.08	37.98	37.93	37.89	37.85	37.76	37.69	37.59	37.52	37.41	37.30	37.21	37.12	36.97	36.86	36.73	36.68	36.59	36.42	36.31	36.23	36.09	35.94	35.86	35.78	35.64	35.53	35.57	35.54	35.44	35.32	35.16	34.99	34.91	34.77	33.72	34.04	34.24	34.27	34.19	34.06	33.92	33.73	33.63	33.49	33.29	33.11	32.92	32.89	32.78	32.62	32.46	32.33	32.15	31.99	31.75	31.57	31.33	31.15	30.91	30.72	30.50	30.29	30.08	29.86	29.66	29.44	29.23	29.04	28.88	28.69	28.52	28.33	28.17	28.04	27.84	27.67	27.50	27.34	27.19	27.08	





Read count (%) per base for different quality score ranges

	KU330797-16_C_L004_R1_021.trimmed.fastq.gz
Ranges	0-10	11-20	21-30	31-40
Base
1	0.00	1.09	9.59	89.31
2	0.00	0.59	8.17	91.24
3	0.00	0.47	7.54	91.99
4	0.00	0.42	3.11	96.48
5	0.00	0.44	3.41	96.15
6	0.00	0.48	3.42	96.10
7	0.00	0.48	3.43	96.09
8	0.00	0.49	3.46	96.05
9	0.00	0.50	3.51	95.99
10	0.00	0.48	3.47	96.04
11	0.00	0.51	3.61	95.88
12	0.00	0.51	3.57	95.93
13	0.00	0.53	3.68	95.80
14	0.00	1.04	6.08	92.88
15	0.00	1.08	6.23	92.69
16	0.00	1.05	6.16	92.79
17	0.00	1.04	6.11	92.84
18	0.00	1.09	6.31	92.60
19	0.00	1.11	6.37	92.52
20	0.00	1.07	6.26	92.67
21	0.00	1.07	6.24	92.69
22	0.00	1.13	6.44	92.43
23	0.00	1.07	6.34	92.59
24	0.00	1.06	6.36	92.58
25	0.00	1.17	6.69	92.14
26	0.00	1.08	6.39	92.53
27	0.00	1.06	6.33	92.61
28	0.00	1.00	6.27	92.73
29	0.00	1.05	6.49	92.46
30	0.00	0.98	6.39	92.64
31	0.00	0.95	6.36	92.68
32	0.00	0.95	6.45	92.60
33	0.00	0.95	6.61	92.44
34	0.00	0.94	6.63	92.42
35	0.00	0.91	6.60	92.49
36	0.00	0.89	6.50	92.61
37	0.00	0.91	6.66	92.43
38	0.00	0.90	6.61	92.49
39	0.00	0.88	6.56	92.56
40	0.00	0.93	6.72	92.35
41	0.00	0.88	6.47	92.65
42	0.00	0.81	6.38	92.81
43	0.00	0.83	6.42	92.75
44	0.00	0.92	6.67	92.41
45	0.00	0.86	6.43	92.71
46	0.00	0.86	6.36	92.79
47	0.00	0.86	6.36	92.78
48	0.00	0.85	6.30	92.85
49	0.00	0.86	6.39	92.76
50	0.00	0.80	6.21	92.99
51	0.00	0.75	5.90	93.35
52	0.00	0.80	6.00	93.19
53	0.00	0.74	5.74	93.52
54	0.00	0.74	5.75	93.51
55	0.00	0.72	5.65	93.63
56	0.00	0.71	5.59	93.70
57	0.00	0.79	5.84	93.37
58	0.00	0.73	5.65	93.63
59	0.00	0.69	5.60	93.71
60	0.00	0.71	5.67	93.63
61	0.00	0.68	5.54	93.78
62	0.00	0.67	5.55	93.79
63	0.00	0.68	5.55	93.76
64	0.00	0.69	5.70	93.61
65	0.00	0.65	5.62	93.73
66	0.00	0.66	5.62	93.72
67	0.00	0.65	5.68	93.67
68	0.00	0.66	5.74	93.60
69	0.00	0.67	5.87	93.46
70	0.00	0.73	6.24	93.03
71	0.00	0.76	6.50	92.74
72	0.00	0.76	6.58	92.67
73	0.00	0.76	6.71	92.53
74	0.00	0.96	8.00	91.04
75	0.00	0.80	7.20	91.99
76	0.00	0.80	10.83	88.37
77	0.00	0.69	7.74	91.57
78	0.00	0.61	6.49	92.89
79	0.00	0.63	6.24	93.14
80	0.00	0.65	6.19	93.16
81	0.00	0.63	6.06	93.32
82	0.00	0.62	5.98	93.40
83	0.00	0.65	6.08	93.27
84	0.00	0.71	6.42	92.87
85	0.00	0.73	6.58	92.68
86	0.00	0.79	6.91	92.30
87	0.00	0.79	6.85	92.37
88	0.00	0.73	6.64	92.62
89	0.00	0.85	7.09	92.06
90	0.00	0.84	7.15	92.01
91	0.00	0.87	7.26	91.88
92	0.00	0.84	7.13	92.03
93	0.00	0.94	7.54	91.52
94	0.00	0.91	7.55	91.54
95	0.00	0.90	7.54	91.56
96	0.00	0.93	7.72	91.35
97	0.00	0.93	7.89	91.18
98	0.00	0.98	8.20	90.82
99	0.00	0.97	8.29	90.74
100	0.00	2.71	16.51	80.78


	KU330797-16_C_L004_R2_021.trimmed.fastq.gz
Ranges	0-10	11-20	21-30	31-40
Base
1	0.09	2.23	4.36	93.32
2	0.00	1.07	3.20	95.73
3	0.00	0.71	2.50	96.79
4	0.00	0.62	2.27	97.11
5	0.00	1.13	13.88	84.99
6	0.00	0.90	10.18	88.92
7	0.00	0.85	9.26	89.88
8	0.00	0.82	4.43	94.76
9	0.00	0.82	4.46	94.73
10	0.00	0.86	4.44	94.70
11	0.00	0.88	4.55	94.57
12	0.00	0.86	4.47	94.67
13	0.00	0.83	4.36	94.81
14	0.00	0.84	4.49	94.67
15	0.00	0.82	4.49	94.69
16	0.00	0.82	4.52	94.66
17	0.00	0.80	4.48	94.72
18	0.00	1.49	7.32	91.19
19	0.00	1.51	7.39	91.09
20	0.00	1.44	7.25	91.31
21	0.00	1.44	7.32	91.24
22	0.00	1.37	7.11	91.52
23	0.00	1.41	7.28	91.31
24	0.00	1.31	7.04	91.65
25	0.00	1.29	7.02	91.69
26	0.00	1.24	6.90	91.86
27	0.00	1.23	6.88	91.89
28	0.00	1.25	7.11	91.64
29	0.00	1.22	7.09	91.68
30	0.00	1.21	7.08	91.71
31	0.00	1.16	7.00	91.84
32	0.00	1.11	6.94	91.95
33	0.00	1.12	7.05	91.83
34	0.00	1.08	7.02	91.91
35	0.00	1.07	7.12	91.81
36	0.00	0.98	6.90	92.12
37	0.00	0.97	6.85	92.18
38	0.00	0.99	7.11	91.90
39	0.00	0.96	7.11	91.93
40	0.00	0.94	6.89	92.17
41	0.00	0.94	7.02	92.04
42	0.00	0.97	7.14	91.89
43	0.00	0.93	6.92	92.15
44	0.00	0.88	6.75	92.36
45	0.00	0.92	6.83	92.25
46	0.00	0.89	6.72	92.39
47	0.00	0.83	6.67	92.50
48	0.00	0.83	6.47	92.70
49	0.00	0.84	6.53	92.62
50	0.00	0.86	6.63	92.51
51	0.00	0.85	6.59	92.56
52	0.00	0.88	6.66	92.46
53	0.00	0.82	6.35	92.83
54	0.00	0.83	6.30	92.87
55	0.00	0.57	5.80	93.63
56	0.00	0.57	4.95	94.48
57	0.00	0.65	5.34	94.02
58	0.00	0.69	5.64	93.67
59	0.00	0.72	5.76	93.52
60	0.00	0.74	5.83	93.43
61	0.00	0.74	5.80	93.46
62	0.00	0.79	5.99	93.22
63	0.00	0.69	5.77	93.54
64	0.00	0.71	5.73	93.56
65	0.00	0.73	5.94	93.34
66	0.00	0.73	5.97	93.31
67	0.00	0.73	6.04	93.23
68	0.00	0.63	5.61	93.76
69	0.00	0.61	5.49	93.91
70	0.00	0.62	5.49	93.90
71	0.00	0.60	5.41	93.99
72	0.00	0.56	5.21	94.23
73	0.00	0.56	5.27	94.17
74	0.00	0.53	5.16	94.30
75	0.00	0.58	5.40	94.03
76	0.00	0.55	5.29	94.16
77	0.00	0.57	5.45	93.98
78	0.00	0.55	5.34	94.11
79	0.00	0.58	5.47	93.95
80	0.00	0.54	5.34	94.12
81	0.00	0.55	5.40	94.05
82	0.00	0.54	5.44	94.03
83	0.00	0.54	5.43	94.03
84	0.00	0.56	5.53	93.91
85	0.00	0.57	5.50	93.93
86	0.00	0.60	5.67	93.73
87	0.00	0.61	5.80	93.59
88	0.00	0.62	5.85	93.52
89	0.00	0.61	5.74	93.65
90	0.00	0.64	5.89	93.47
91	0.00	0.66	6.03	93.31
92	0.00	0.70	6.23	93.07
93	0.00	0.71	6.32	92.97
94	0.00	0.70	6.25	93.04
95	0.00	0.78	6.56	92.65
96	0.00	0.78	6.68	92.54
97	0.00	0.72	6.48	92.80
98	0.00	0.73	6.59	92.68
99	0.00	0.75	6.77	92.48
100	0.00	0.81	6.89	92.30




