Parameters
	Library type	Paired-end
	Input files	KU330797-16_C_L004_R1_027.trimmed.fastq.gz	KU330797-16_C_L004_R2_027.trimmed.fastq.gz
	Primer/Adaptor library	NA
	Cut-off read length for HQ	70%
	Cut-off quality score	20
	Only statistics	On
	Number of CPUs	2


QC statistics
	File name	KU330797-16_C_L004_R1_027.trimmed.fastq.gz	KU330797-16_C_L004_R2_027.trimmed.fastq.gz
	Total number of reads	4000000	4000000
	Total number of HQ reads	3986072	3986072
	Percentage of HQ reads	99.65%	99.65%
	Total number of bases	369547195	363554611
	Total number of bases in HQ reads	368760983	363327444
	Total number of HQ bases in HQ reads	366986713	361386216
	Percentage of HQ bases in HQ reads	99.52%	99.47%
	Number of Primer/Adaptor contaminated HQ reads	NA	NA
	Total number of HQ filtered reads	3986072	3986072
	Percentage of HQ filtered reads	99.65%	99.65%


Detailed QC statistics
	File name	KU330797-16_C_L004_R1_027.trimmed.fastq.gz	KU330797-16_C_L004_R2_027.trimmed.fastq.gz
	Minimum read length	1	1
	Maximum read length	100	100
	Average read length	92.39	90.89
	Total number of reads	4000000	4000000
	Total number of reads with non-ATGC bases	166	3270
	Percentage of reads with non-ATGC bases	0.00%	0.08%
	Total number of bases	369547195	363554611
	Total number of HQ bases	367739675	361546543
	Percentage of HQ bases	99.51%	99.45%
	Total number of non-ATGC bases	166	3270
	Percentage of non-ATGC bases	0.00%	0.00%


Average quality score at each base position of input reads

KU330797-16_C_L004_R1_027.trimmed.fastq.gz
32.20	32.62	32.77	36.10	36.04	36.04	36.03	36.04	37.70	37.69	37.67	37.62	37.64	39.02	39.01	38.96	38.95	38.88	38.87	38.83	38.79	38.72	38.66	38.59	38.51	38.42	38.33	38.21	38.10	38.02	37.91	37.80	37.69	37.56	37.43	37.34	37.17	37.05	36.94	36.81	36.66	36.76	36.70	36.61	36.55	36.41	36.27	36.17	36.07	36.07	36.01	35.89	35.75	35.62	35.46	35.32	35.20	35.06	34.90	34.74	34.55	34.36	34.16	33.99	33.81	33.60	33.38	33.15	32.96	32.69	32.47	32.22	31.99	31.73	31.50	30.68	30.86	30.88	30.76	30.54	30.31	30.10	29.88	29.69	29.49	29.24	29.06	28.94	28.75	28.60	28.46	28.27	28.11	27.97	27.81	27.66	27.49	27.35	27.20	26.03	

KU330797-16_C_L004_R2_027.trimmed.fastq.gz
35.87	36.26	36.44	36.52	31.65	32.12	32.36	35.65	35.67	35.67	35.64	35.60	37.15	37.11	37.03	37.01	36.95	38.21	38.15	38.05	38.01	37.93	37.85	37.82	37.72	37.67	37.60	37.50	37.45	37.35	37.25	37.16	37.05	36.97	36.83	36.72	36.62	36.53	36.43	36.32	36.22	36.07	35.95	35.84	35.74	35.59	35.59	35.54	35.48	35.38	35.24	35.10	34.96	34.81	33.86	34.09	34.26	34.25	34.14	34.02	33.82	33.69	33.57	33.39	33.24	33.05	32.85	32.82	32.72	32.61	32.46	32.32	32.14	31.96	31.78	31.56	31.37	31.09	30.83	30.64	30.41	30.19	29.97	29.75	29.51	29.34	29.14	28.95	28.78	28.60	28.40	28.24	28.08	27.91	27.75	27.60	27.41	27.21	27.05	26.95	





Read count (%) per base for different quality score ranges

	KU330797-16_C_L004_R1_027.trimmed.fastq.gz
Ranges	0-10	11-20	21-30	31-40
Base
1	0.00	1.17	9.62	89.21
2	0.00	0.62	8.08	91.31
3	0.00	0.48	7.50	92.03
4	0.00	0.42	3.09	96.49
5	0.00	0.47	3.47	96.07
6	0.00	0.50	3.43	96.07
7	0.00	0.51	3.51	95.98
8	0.00	0.50	3.45	96.05
9	0.00	0.50	3.49	96.02
10	0.00	0.50	3.50	96.01
11	0.00	0.50	3.56	95.93
12	0.00	0.54	3.72	95.74
13	0.00	0.51	3.59	95.90
14	0.00	1.09	6.30	92.60
15	0.00	1.06	6.22	92.71
16	0.00	1.12	6.33	92.55
17	0.00	1.09	6.21	92.70
18	0.00	1.11	6.35	92.54
19	0.00	1.15	6.51	92.34
20	0.00	1.12	6.44	92.44
21	0.00	1.12	6.39	92.49
22	0.00	1.13	6.43	92.44
23	0.00	1.11	6.41	92.49
24	0.00	1.12	6.58	92.30
25	0.00	1.11	6.57	92.32
26	0.00	1.12	6.54	92.33
27	0.00	1.10	6.49	92.42
28	0.00	1.10	6.55	92.35
29	0.00	1.08	6.61	92.31
30	0.00	1.03	6.52	92.45
31	0.00	0.99	6.54	92.47
32	0.00	0.98	6.59	92.44
33	0.00	0.96	6.65	92.40
34	0.00	0.95	6.75	92.30
35	0.00	0.95	6.79	92.26
36	0.00	0.91	6.66	92.43
37	0.00	0.94	6.77	92.29
38	0.00	0.92	6.69	92.39
39	0.00	0.90	6.64	92.46
40	0.00	0.91	6.58	92.51
41	0.00	0.93	6.67	92.40
42	0.00	0.85	6.56	92.60
43	0.00	0.85	6.57	92.58
44	0.00	0.88	6.53	92.58
45	0.00	0.86	6.41	92.72
46	0.00	0.89	6.49	92.63
47	0.00	0.90	6.56	92.55
48	0.00	0.88	6.47	92.65
49	0.00	0.86	6.40	92.74
50	0.00	0.80	6.16	93.05
51	0.00	0.79	5.93	93.28
52	0.00	0.78	5.92	93.30
53	0.00	0.78	5.91	93.31
54	0.00	0.76	5.81	93.43
55	0.00	0.77	5.90	93.33
56	0.00	0.77	5.77	93.46
57	0.00	0.74	5.67	93.59
58	0.00	0.72	5.61	93.67
59	0.00	0.69	5.63	93.67
60	0.00	0.69	5.51	93.80
61	0.00	0.70	5.60	93.69
62	0.00	0.71	5.63	93.67
63	0.00	0.71	5.71	93.58
64	0.00	0.68	5.65	93.67
65	0.00	0.67	5.62	93.72
66	0.00	0.68	5.68	93.64
67	0.00	0.68	5.75	93.57
68	0.00	0.70	5.87	93.43
69	0.00	0.65	5.72	93.63
70	0.00	0.70	5.94	93.36
71	0.00	0.68	5.94	93.38
72	0.00	0.69	6.04	93.27
73	0.00	0.68	6.04	93.28
74	0.00	0.67	6.12	93.21
75	0.00	0.66	6.07	93.27
76	0.00	0.59	8.10	91.31
77	0.00	0.56	6.32	93.13
78	0.00	0.55	5.74	93.72
79	0.00	0.54	5.50	93.96
80	0.00	0.59	5.61	93.80
81	0.00	0.61	5.77	93.62
82	0.00	0.62	5.80	93.59
83	0.00	0.64	5.93	93.43
84	0.00	0.63	5.94	93.43
85	0.00	0.65	6.01	93.34
86	0.00	0.75	6.43	92.82
87	0.00	0.76	6.49	92.75
88	0.00	0.69	6.24	93.07
89	0.00	0.75	6.43	92.82
90	0.00	0.77	6.52	92.71
91	0.00	0.76	6.51	92.73
92	0.00	0.84	6.83	92.34
93	0.00	0.87	7.00	92.13
94	0.00	0.86	7.04	92.10
95	0.00	0.87	7.12	92.01
96	0.00	0.86	7.24	91.90
97	0.00	0.89	7.47	91.64
98	0.00	0.85	7.51	91.63
99	0.00	0.86	7.51	91.64
100	0.00	2.36	15.23	82.41


	KU330797-16_C_L004_R2_027.trimmed.fastq.gz
Ranges	0-10	11-20	21-30	31-40
Base
1	0.08	2.35	4.28	93.29
2	0.00	1.22	3.04	95.74
3	0.00	0.70	2.42	96.88
4	0.00	0.61	2.19	97.20
5	0.00	1.19	14.60	84.21
6	0.00	0.93	10.64	88.44
7	0.00	0.87	9.63	89.49
8	0.00	0.84	4.54	94.63
9	0.00	0.82	4.46	94.73
10	0.00	0.84	4.37	94.79
11	0.00	0.85	4.40	94.75
12	0.00	0.84	4.41	94.74
13	0.00	0.81	4.30	94.89
14	0.00	0.80	4.32	94.88
15	0.00	0.82	4.46	94.72
16	0.00	0.78	4.34	94.87
17	0.00	0.78	4.37	94.85
18	0.00	1.54	7.49	90.97
19	0.00	1.48	7.36	91.16
20	0.00	1.51	7.39	91.10
21	0.00	1.43	7.24	91.34
22	0.00	1.41	7.20	91.39
23	0.00	1.89	7.33	90.78
24	0.00	1.50	7.25	91.24
25	0.00	1.43	7.25	91.32
26	0.00	1.33	7.02	91.64
27	0.00	1.28	6.92	91.80
28	0.00	1.33	7.25	91.42
29	0.00	1.21	7.02	91.77
30	0.00	1.20	7.08	91.73
31	0.00	1.17	7.02	91.81
32	0.00	1.11	6.94	91.95
33	0.00	1.08	6.94	91.98
34	0.00	1.04	6.82	92.14
35	0.00	1.04	7.02	91.94
36	0.00	1.00	6.96	92.03
37	0.00	0.98	6.94	92.08
38	0.00	0.95	6.90	92.15
39	0.00	0.93	6.86	92.20
40	0.00	0.93	6.88	92.18
41	0.00	0.90	6.87	92.23
42	0.00	0.94	6.94	92.11
43	0.00	0.94	6.95	92.11
44	0.00	0.91	6.83	92.26
45	0.00	0.88	6.73	92.40
46	0.00	0.91	6.79	92.30
47	0.00	0.89	6.86	92.25
48	0.00	0.87	6.72	92.42
49	0.00	0.85	6.59	92.56
50	0.00	0.85	6.60	92.55
51	0.00	0.83	6.47	92.70
52	0.00	0.85	6.44	92.71
53	0.00	0.84	6.43	92.73
54	0.00	0.83	6.41	92.76
55	0.00	0.58	5.69	93.73
56	0.00	0.62	5.16	94.22
57	0.00	0.68	5.50	93.82
58	0.00	0.74	5.80	93.46
59	0.00	0.78	6.03	93.18
60	0.00	0.77	6.04	93.19
61	0.00	0.84	6.26	92.90
62	0.00	0.77	6.03	93.19
63	0.00	0.74	5.94	93.33
64	0.00	0.76	6.01	93.23
65	0.00	0.74	5.98	93.27
66	0.00	0.77	6.11	93.12
67	0.00	0.79	6.19	93.02
68	0.00	0.66	5.88	93.46
69	0.00	0.64	5.65	93.71
70	0.00	0.60	5.42	93.98
71	0.00	0.60	5.38	94.02
72	0.00	0.57	5.25	94.18
73	0.00	0.59	5.26	94.15
74	0.00	0.56	5.23	94.21
75	0.00	0.54	5.17	94.29
76	0.00	0.57	5.32	94.12
77	0.00	0.54	5.20	94.26
78	0.00	0.55	5.29	94.16
79	0.00	0.59	5.49	93.91
80	0.00	0.56	5.41	94.03
81	0.00	0.56	5.45	94.00
82	0.00	0.56	5.46	93.98
83	0.00	0.57	5.55	93.89
84	0.00	0.58	5.59	93.82
85	0.00	0.63	5.79	93.58
86	0.00	0.58	5.62	93.79
87	0.00	0.60	5.65	93.75
88	0.00	0.61	5.72	93.67
89	0.00	0.61	5.74	93.65
90	0.00	0.64	5.78	93.58
91	0.00	0.65	5.89	93.46
92	0.00	0.65	5.93	93.41
93	0.00	0.68	5.99	93.33
94	0.00	0.71	6.16	93.13
95	0.00	0.73	6.32	92.95
96	0.00	0.72	6.26	93.02
97	0.00	0.69	6.21	93.10
98	0.00	0.74	6.50	92.76
99	0.00	0.78	6.75	92.47
100	0.00	0.81	6.75	92.45




