Parameters
	Library type	Paired-end
	Input files	KU330797-16_C_L004_R1_035.trimmed.fastq.gz	KU330797-16_C_L004_R2_035.trimmed.fastq.gz
	Primer/Adaptor library	NA
	Cut-off read length for HQ	70%
	Cut-off quality score	20
	Only statistics	On
	Number of CPUs	2


QC statistics
	File name	KU330797-16_C_L004_R1_035.trimmed.fastq.gz	KU330797-16_C_L004_R2_035.trimmed.fastq.gz
	Total number of reads	4000000	4000000
	Total number of HQ reads	3985082	3985082
	Percentage of HQ reads	99.63%	99.63%
	Total number of bases	372877410	368288071
	Total number of bases in HQ reads	372019991	368070015
	Total number of HQ bases in HQ reads	370419457	366377788
	Percentage of HQ bases in HQ reads	99.57%	99.54%
	Number of Primer/Adaptor contaminated HQ reads	NA	NA
	Total number of HQ filtered reads	3985082	3985082
	Percentage of HQ filtered reads	99.63%	99.63%


Detailed QC statistics
	File name	KU330797-16_C_L004_R1_035.trimmed.fastq.gz	KU330797-16_C_L004_R2_035.trimmed.fastq.gz
	Minimum read length	1	1
	Maximum read length	100	100
	Average read length	93.22	92.07
	Total number of reads	4000000	4000000
	Total number of reads with non-ATGC bases	151	4918
	Percentage of reads with non-ATGC bases	0.00%	0.12%
	Total number of bases	372877410	368288071
	Total number of HQ bases	371244831	366534111
	Percentage of HQ bases	99.56%	99.52%
	Total number of non-ATGC bases	151	4918
	Percentage of non-ATGC bases	0.00%	0.00%


Average quality score at each base position of input reads

KU330797-16_C_L004_R1_035.trimmed.fastq.gz
32.37	32.77	32.90	36.22	36.18	36.17	36.18	36.17	37.87	37.86	37.82	37.82	37.80	39.25	39.20	39.18	39.15	39.13	39.15	39.10	39.05	38.98	38.90	38.84	38.81	38.71	38.62	38.54	38.43	38.33	38.23	38.12	38.04	37.93	37.80	37.68	37.53	37.43	37.29	37.18	37.05	37.17	37.10	37.05	36.98	36.88	36.76	36.64	36.55	36.50	36.46	36.37	36.26	36.16	36.03	35.87	35.72	35.52	35.40	35.23	35.06	34.88	34.73	34.53	34.34	34.12	33.94	33.69	33.46	33.17	32.98	32.73	32.48	32.23	31.99	31.18	31.38	31.38	31.24	31.06	30.83	30.62	30.40	30.21	30.00	29.81	29.61	29.44	29.24	29.09	28.94	28.78	28.62	28.46	28.31	28.18	28.01	27.82	27.64	26.38	

KU330797-16_C_L004_R2_035.trimmed.fastq.gz
36.06	36.37	36.51	36.57	31.61	32.13	32.43	35.80	35.81	35.83	35.81	35.77	37.38	37.34	37.29	37.23	37.16	38.54	38.45	38.40	38.34	38.28	38.27	38.15	38.07	38.03	37.93	37.90	37.82	37.73	37.66	37.56	37.48	37.40	37.27	37.16	37.07	36.98	36.89	36.78	36.69	36.58	36.50	36.42	36.31	36.18	36.19	36.12	36.07	35.99	35.86	35.71	35.61	35.47	34.58	34.82	34.98	34.96	34.87	34.75	34.60	34.47	34.34	34.15	34.00	33.80	33.62	33.63	33.54	33.42	33.25	33.06	32.90	32.74	32.54	32.35	32.15	31.94	31.73	31.52	31.29	31.06	30.84	30.62	30.38	30.19	29.99	29.78	29.60	29.40	29.24	29.06	28.89	28.74	28.58	28.41	28.19	28.02	27.86	27.72	





Read count (%) per base for different quality score ranges

	KU330797-16_C_L004_R1_035.trimmed.fastq.gz
Ranges	0-10	11-20	21-30	31-40
Base
1	0.00	1.00	8.19	90.80
2	0.00	0.52	6.92	92.57
3	0.00	0.40	6.41	93.19
4	0.00	0.35	2.58	97.07
5	0.00	0.38	2.87	96.75
6	0.00	0.41	2.89	96.70
7	0.00	0.40	2.87	96.73
8	0.00	0.40	2.88	96.72
9	0.00	0.41	2.93	96.66
10	0.00	0.41	2.92	96.67
11	0.00	0.42	3.06	96.52
12	0.00	0.42	3.02	96.55
13	0.00	0.43	3.07	96.50
14	0.00	0.93	5.60	93.47
15	0.00	0.96	5.72	93.32
16	0.00	0.95	5.67	93.37
17	0.00	0.96	5.67	93.37
18	0.00	0.94	5.65	93.40
19	0.00	0.96	5.70	93.34
20	0.00	0.95	5.72	93.33
21	0.00	0.94	5.68	93.37
22	0.00	0.95	5.72	93.33
23	0.00	0.98	5.77	93.26
24	0.00	0.99	5.92	93.08
25	0.00	0.95	5.80	93.26
26	0.00	0.99	5.79	93.22
27	0.00	0.98	5.85	93.18
28	0.00	0.92	5.84	93.23
29	0.00	0.91	5.87	93.22
30	0.00	0.90	5.93	93.16
31	0.00	0.87	5.89	93.24
32	0.00	0.89	5.99	93.12
33	0.00	0.84	5.93	93.23
34	0.00	0.82	5.98	93.20
35	0.00	0.84	6.03	93.13
36	0.00	0.84	6.06	93.10
37	0.00	0.85	6.19	92.96
38	0.00	0.81	6.01	93.18
39	0.00	0.82	6.05	93.13
40	0.00	0.80	5.96	93.24
41	0.00	0.82	6.03	93.15
42	0.00	0.77	5.98	93.25
43	0.00	0.79	6.06	93.15
44	0.00	0.79	5.92	93.29
45	0.00	0.79	5.85	93.36
46	0.00	0.79	5.86	93.35
47	0.00	0.80	5.93	93.28
48	0.00	0.80	5.93	93.27
49	0.00	0.78	5.84	93.39
50	0.00	0.74	5.77	93.49
51	0.00	0.72	5.53	93.76
52	0.00	0.70	5.44	93.86
53	0.00	0.70	5.38	93.92
54	0.00	0.67	5.22	94.11
55	0.00	0.67	5.25	94.07
56	0.00	0.67	5.24	94.09
57	0.00	0.67	5.25	94.07
58	0.00	0.71	5.37	93.92
59	0.00	0.66	5.27	94.06
60	0.00	0.66	5.27	94.07
61	0.00	0.65	5.25	94.11
62	0.00	0.65	5.23	94.12
63	0.00	0.61	5.17	94.22
64	0.00	0.64	5.20	94.16
65	0.00	0.63	5.26	94.11
66	0.00	0.65	5.41	93.94
67	0.00	0.63	5.34	94.03
68	0.00	0.67	5.56	93.77
69	0.00	0.65	5.60	93.75
70	0.00	0.64	5.60	93.76
71	0.00	0.61	5.55	93.84
72	0.00	0.63	5.66	93.71
73	0.00	0.64	5.79	93.56
74	0.00	0.64	5.89	93.47
75	0.00	0.66	5.94	93.40
76	0.00	0.58	7.82	91.59
77	0.00	0.52	6.00	93.48
78	0.00	0.52	5.49	94.00
79	0.00	0.54	5.42	94.04
80	0.00	0.55	5.35	94.10
81	0.00	0.57	5.50	93.93
82	0.00	0.58	5.55	93.87
83	0.00	0.61	5.70	93.69
84	0.00	0.61	5.69	93.69
85	0.00	0.64	5.87	93.49
86	0.00	0.66	5.93	93.41
87	0.00	0.70	6.14	93.16
88	0.00	0.71	6.24	93.05
89	0.00	0.77	6.49	92.73
90	0.00	0.77	6.59	92.64
91	0.00	0.77	6.60	92.64
92	0.00	0.81	6.76	92.43
93	0.00	0.82	6.88	92.29
94	0.00	0.87	7.03	92.10
95	0.00	0.86	7.14	92.00
96	0.00	0.83	7.02	92.15
97	0.00	0.85	7.21	91.94
98	0.00	0.89	7.56	91.55
99	0.00	0.91	7.83	91.26
100	0.00	2.54	16.10	81.36


	KU330797-16_C_L004_R2_035.trimmed.fastq.gz
Ranges	0-10	11-20	21-30	31-40
Base
1	0.12	1.95	3.49	94.44
2	0.00	0.96	2.60	96.45
3	0.00	0.59	2.01	97.40
4	0.00	0.51	1.81	97.68
5	0.00	1.04	14.20	84.76
6	0.00	0.78	9.64	89.58
7	0.00	0.72	8.49	90.79
8	0.00	0.69	3.80	95.51
9	0.00	0.68	3.79	95.53
10	0.00	0.68	3.68	95.64
11	0.00	0.69	3.67	95.64
12	0.00	0.70	3.74	95.56
13	0.00	0.67	3.64	95.70
14	0.00	0.67	3.67	95.66
15	0.00	0.66	3.70	95.64
16	0.00	0.66	3.75	95.59
17	0.00	0.67	3.82	95.51
18	0.00	1.33	6.65	92.02
19	0.00	1.34	6.77	91.89
20	0.00	1.32	6.63	92.06
21	0.00	1.29	6.58	92.14
22	0.00	1.24	6.53	92.23
23	0.00	1.22	6.55	92.22
24	0.00	1.26	6.68	92.06
25	0.00	1.22	6.61	92.17
26	0.00	1.15	6.43	92.42
27	0.00	1.15	6.43	92.43
28	0.00	1.15	6.61	92.24
29	0.00	1.11	6.54	92.35
30	0.00	1.08	6.50	92.42
31	0.00	1.04	6.40	92.56
32	0.00	1.01	6.38	92.61
33	0.00	0.97	6.36	92.67
34	0.00	0.92	6.26	92.81
35	0.00	0.94	6.41	92.65
36	0.00	0.93	6.47	92.60
37	0.00	0.89	6.43	92.68
38	0.00	0.86	6.39	92.75
39	0.00	0.86	6.35	92.79
40	0.00	0.87	6.42	92.71
41	0.00	0.85	6.36	92.79
42	0.00	0.85	6.37	92.78
43	0.00	0.81	6.23	92.96
44	0.00	0.79	6.14	93.07
45	0.00	0.80	6.12	93.08
46	0.00	0.82	6.17	93.02
47	0.00	0.79	6.26	92.95
48	0.00	0.79	6.24	92.97
49	0.00	0.78	6.09	93.12
50	0.00	0.78	5.99	93.23
51	0.00	0.77	5.96	93.27
52	0.00	0.78	6.02	93.20
53	0.00	0.76	5.91	93.33
54	0.00	0.76	5.84	93.39
55	0.00	0.51	5.03	94.46
56	0.00	0.54	4.61	94.85
57	0.00	0.62	5.02	94.36
58	0.00	0.68	5.33	93.98
59	0.00	0.71	5.56	93.72
60	0.00	0.73	5.59	93.68
61	0.00	0.74	5.65	93.61
62	0.00	0.72	5.56	93.72
63	0.00	0.69	5.54	93.77
64	0.00	0.71	5.66	93.63
65	0.00	0.70	5.64	93.67
66	0.00	0.74	5.77	93.49
67	0.00	0.73	5.81	93.46
68	0.00	0.60	5.34	94.06
69	0.00	0.58	5.17	94.25
70	0.00	0.56	5.03	94.42
71	0.00	0.57	5.04	94.39
72	0.00	0.58	5.09	94.33
73	0.00	0.55	4.96	94.49
74	0.00	0.53	4.86	94.61
75	0.00	0.53	4.90	94.58
76	0.00	0.52	4.86	94.62
77	0.00	0.50	4.90	94.60
78	0.00	0.50	4.84	94.66
79	0.00	0.50	4.86	94.64
80	0.00	0.51	4.87	94.62
81	0.00	0.50	5.00	94.50
82	0.00	0.52	5.04	94.44
83	0.00	0.53	5.12	94.35
84	0.00	0.53	5.19	94.28
85	0.00	0.57	5.38	94.05
86	0.00	0.56	5.31	94.13
87	0.00	0.57	5.35	94.08
88	0.00	0.59	5.49	93.92
89	0.00	0.60	5.51	93.89
90	0.00	0.65	5.69	93.66
91	0.00	0.64	5.71	93.66
92	0.00	0.66	5.85	93.48
93	0.00	0.70	5.96	93.34
94	0.00	0.69	6.00	93.30
95	0.00	0.71	6.09	93.20
96	0.00	0.70	6.10	93.20
97	0.00	0.71	6.20	93.09
98	0.00	0.74	6.31	92.95
99	0.00	0.74	6.45	92.81
100	0.00	0.83	6.76	92.40




