Parameters
	Library type	Paired-end
	Input files	KU330797-16_C_L004_R1_014.trimmed.fastq.gz	KU330797-16_C_L004_R2_014.trimmed.fastq.gz
	Primer/Adaptor library	NA
	Cut-off read length for HQ	70%
	Cut-off quality score	20
	Only statistics	On
	Number of CPUs	2


QC statistics
	File name	KU330797-16_C_L004_R1_014.trimmed.fastq.gz	KU330797-16_C_L004_R2_014.trimmed.fastq.gz
	Total number of reads	4000000	4000000
	Total number of HQ reads	3984570	3984570
	Percentage of HQ reads	99.61%	99.61%
	Total number of bases	367489613	361261652
	Total number of bases in HQ reads	366642597	361020472
	Total number of HQ bases in HQ reads	364711207	358954822
	Percentage of HQ bases in HQ reads	99.47%	99.43%
	Number of Primer/Adaptor contaminated HQ reads	NA	NA
	Total number of HQ filtered reads	3984570	3984570
	Percentage of HQ filtered reads	99.61%	99.61%


Detailed QC statistics
	File name	KU330797-16_C_L004_R1_014.trimmed.fastq.gz	KU330797-16_C_L004_R2_014.trimmed.fastq.gz
	Minimum read length	1	1
	Maximum read length	100	100
	Average read length	91.87	90.32
	Total number of reads	4000000	4000000
	Total number of reads with non-ATGC bases	150	3590
	Percentage of reads with non-ATGC bases	0.00%	0.09%
	Total number of bases	367489613	361261652
	Total number of HQ bases	365522002	359120556
	Percentage of HQ bases	99.46%	99.41%
	Total number of non-ATGC bases	150	3590
	Percentage of non-ATGC bases	0.00%	0.00%


Average quality score at each base position of input reads

KU330797-16_C_L004_R1_014.trimmed.fastq.gz
32.16	32.59	32.74	36.09	36.04	36.05	36.02	36.02	37.66	37.64	37.63	37.61	37.58	38.88	38.91	38.88	38.86	38.81	38.83	38.75	38.72	38.65	38.59	38.45	38.44	38.36	38.26	38.16	38.05	37.90	37.78	37.68	37.57	37.44	37.28	37.18	37.06	36.88	36.73	36.60	36.47	36.57	36.47	36.41	36.37	36.27	36.15	35.98	35.89	35.82	35.76	35.66	35.54	35.40	35.29	35.00	34.92	34.73	34.59	34.33	34.10	33.92	33.77	33.50	33.34	33.17	32.94	32.72	32.40	32.09	31.82	31.64	31.31	30.77	30.72	29.63	29.99	30.11	30.05	29.89	29.69	29.48	29.25	29.05	28.79	28.60	28.40	28.19	28.02	27.89	27.72	27.54	27.35	27.17	26.97	26.81	26.68	26.53	26.31	24.91	

KU330797-16_C_L004_R2_014.trimmed.fastq.gz
35.77	36.20	36.36	36.46	31.98	32.34	32.45	35.58	35.58	35.56	35.55	35.51	37.01	36.96	36.89	36.83	36.75	38.01	37.95	37.88	37.74	37.67	37.67	37.62	37.50	37.39	37.27	37.18	37.12	36.97	36.90	36.83	36.77	36.62	36.50	36.45	36.31	36.19	36.07	35.93	35.81	35.68	35.57	35.37	35.24	35.14	35.17	35.10	35.08	34.97	34.88	34.69	34.53	34.37	33.35	33.64	33.81	33.85	33.76	33.55	33.41	33.24	33.16	33.03	32.86	32.73	32.50	32.40	32.32	32.20	32.05	31.88	31.68	31.53	31.32	31.12	30.85	30.67	30.39	30.20	30.01	29.80	29.61	29.39	29.19	28.97	28.75	28.58	28.37	28.21	28.03	27.78	27.66	27.50	27.35	27.16	26.88	26.74	26.56	26.43	





Read count (%) per base for different quality score ranges

	KU330797-16_C_L004_R1_014.trimmed.fastq.gz
Ranges	0-10	11-20	21-30	31-40
Base
1	0.00	1.12	9.86	89.01
2	0.00	0.59	8.26	91.15
3	0.00	0.47	7.63	91.90
4	0.00	0.41	3.11	96.48
5	0.00	0.45	3.49	96.06
6	0.00	0.46	3.40	96.14
7	0.00	0.49	3.55	95.96
8	0.00	0.49	3.53	95.98
9	0.00	0.50	3.56	95.94
10	0.00	0.51	3.66	95.83
11	0.00	0.51	3.64	95.85
12	0.00	0.52	3.69	95.79
13	0.00	0.54	3.76	95.70
14	0.00	1.11	6.41	92.48
15	0.00	1.05	6.24	92.71
16	0.00	1.06	6.21	92.73
17	0.00	1.06	6.23	92.71
18	0.00	1.05	6.26	92.69
19	0.00	1.07	6.28	92.65
20	0.00	1.09	6.34	92.57
21	0.00	1.05	6.28	92.67
22	0.00	1.07	6.33	92.60
23	0.00	1.04	6.28	92.68
24	0.00	1.13	6.67	92.20
25	0.00	1.03	6.38	92.59
26	0.00	1.05	6.35	92.60
27	0.00	1.06	6.35	92.59
28	0.00	1.02	6.37	92.62
29	0.00	1.00	6.42	92.58
30	0.00	1.00	6.58	92.42
31	0.00	1.00	6.59	92.42
32	0.00	0.95	6.57	92.48
33	0.00	0.93	6.51	92.56
34	0.00	0.92	6.62	92.46
35	0.00	0.94	6.80	92.26
36	0.00	0.90	6.64	92.46
37	0.00	0.89	6.59	92.51
38	0.00	0.91	6.78	92.31
39	0.00	0.92	6.72	92.36
40	0.00	0.89	6.65	92.46
41	0.00	0.89	6.54	92.57
42	0.00	0.86	6.53	92.61
43	0.00	0.88	6.71	92.41
44	0.00	0.87	6.58	92.54
45	0.00	0.83	6.38	92.79
46	0.00	0.84	6.40	92.77
47	0.00	0.84	6.35	92.80
48	0.00	0.87	6.57	92.56
49	0.00	0.85	6.37	92.78
50	0.00	0.82	6.31	92.87
51	0.00	0.78	6.06	93.15
52	0.00	0.76	5.96	93.28
53	0.00	0.75	5.83	93.42
54	0.00	0.74	5.77	93.49
55	0.00	0.72	5.66	93.62
56	0.00	0.82	6.14	93.04
57	0.00	0.73	5.73	93.54
58	0.00	0.76	5.86	93.38
59	0.00	0.72	5.81	93.48
60	0.00	0.79	6.11	93.10
61	0.00	0.79	6.20	93.01
62	0.00	0.76	6.14	93.10
63	0.00	0.72	6.00	93.28
64	0.00	0.80	6.35	92.85
65	0.00	0.74	6.17	93.09
66	0.00	0.72	6.08	93.20
67	0.00	0.74	6.26	93.00
68	0.00	0.72	6.26	93.02
69	0.00	0.80	6.70	92.50
70	0.00	0.81	6.89	92.30
71	0.00	0.82	6.98	92.20
72	0.00	0.75	6.80	92.45
73	0.00	0.77	6.97	92.25
74	0.00	0.98	8.45	90.57
75	0.00	0.78	7.39	91.83
76	0.00	0.79	11.23	87.98
77	0.00	0.66	7.97	91.36
78	0.00	0.64	6.92	92.45
79	0.00	0.63	6.52	92.85
80	0.00	0.64	6.38	92.98
81	0.00	0.66	6.50	92.84
82	0.00	0.67	6.51	92.82
83	0.00	0.72	6.75	92.53
84	0.00	0.72	6.76	92.52
85	0.00	0.81	7.20	92.00
86	0.00	0.81	7.25	91.94
87	0.00	0.84	7.41	91.74
88	0.00	0.90	7.71	91.39
89	0.00	0.91	7.81	91.28
90	0.00	0.86	7.64	91.50
91	0.00	0.91	7.76	91.33
92	0.00	0.97	8.02	91.00
93	0.00	1.02	8.26	90.72
94	0.00	1.06	8.50	90.45
95	0.00	1.12	8.87	90.01
96	0.00	1.09	8.85	90.06
97	0.00	1.03	8.63	90.34
98	0.00	0.97	8.57	90.46
99	0.00	1.03	8.91	90.06
100	0.00	3.18	18.63	78.18


	KU330797-16_C_L004_R2_014.trimmed.fastq.gz
Ranges	0-10	11-20	21-30	31-40
Base
1	0.09	2.40	4.58	92.93
2	0.00	1.18	3.37	95.45
3	0.00	0.78	2.70	96.52
4	0.00	0.67	2.44	96.89
5	0.00	1.08	12.25	86.67
6	0.00	0.93	9.83	89.24
7	0.00	0.91	9.29	89.80
8	0.00	0.93	4.97	94.10
9	0.00	0.91	4.89	94.19
10	0.00	0.94	4.83	94.23
11	0.00	0.93	4.71	94.36
12	0.00	0.93	4.76	94.31
13	0.00	0.90	4.72	94.38
14	0.00	0.89	4.76	94.35
15	0.00	0.89	4.83	94.28
16	0.00	0.88	4.83	94.29
17	0.00	0.89	4.88	94.23
18	0.00	1.57	7.59	90.84
19	0.00	1.51	7.51	90.98
20	0.00	1.48	7.46	91.06
21	0.00	1.53	7.59	90.89
22	0.00	1.47	7.40	91.14
23	0.00	1.43	7.40	91.17
24	0.00	1.37	7.24	91.38
25	0.00	1.37	7.30	91.32
26	0.00	1.35	7.25	91.40
27	0.00	1.33	7.30	91.38
28	0.00	1.34	7.55	91.11
29	0.00	1.28	7.30	91.42
30	0.00	1.29	7.45	91.26
31	0.00	1.21	7.22	91.57
32	0.00	1.14	7.05	91.82
33	0.00	1.07	6.93	92.00
34	0.00	1.08	7.13	91.79
35	0.00	1.06	7.10	91.85
36	0.00	0.98	6.92	92.10
37	0.00	0.99	7.07	91.94
38	0.00	0.98	7.08	91.94
39	0.00	0.96	7.08	91.96
40	0.00	0.97	7.16	91.86
41	0.00	0.96	7.18	91.86
42	0.00	0.97	7.12	91.91
43	0.00	0.94	7.09	91.97
44	0.00	0.99	7.30	91.71
45	0.00	0.97	7.14	91.89
46	0.00	0.93	7.04	92.02
47	0.00	0.90	6.98	92.12
48	0.00	0.90	7.00	92.10
49	0.00	0.86	6.66	92.48
50	0.00	0.87	6.70	92.43
51	0.00	0.80	6.43	92.77
52	0.00	0.85	6.62	92.53
53	0.00	0.86	6.63	92.51
54	0.00	0.85	6.53	92.62
55	0.00	0.61	6.13	93.26
56	0.00	0.61	5.24	94.15
57	0.00	0.67	5.52	93.81
58	0.00	0.72	5.81	93.48
59	0.00	0.75	6.05	93.20
60	0.00	0.84	6.41	92.74
61	0.00	0.82	6.36	92.82
62	0.00	0.83	6.41	92.76
63	0.00	0.74	6.11	93.15
64	0.00	0.74	6.02	93.24
65	0.00	0.76	6.11	93.14
66	0.00	0.71	5.97	93.31
67	0.00	0.77	6.25	92.98
68	0.00	0.69	6.05	93.26
69	0.00	0.64	5.73	93.63
70	0.00	0.62	5.59	93.78
71	0.00	0.61	5.51	93.88
72	0.00	0.60	5.56	93.84
73	0.00	0.61	5.61	93.78
74	0.00	0.55	5.42	94.02
75	0.00	0.59	5.56	93.85
76	0.00	0.59	5.57	93.84
77	0.00	0.64	5.87	93.49
78	0.00	0.59	5.79	93.62
79	0.00	0.67	6.07	93.27
80	0.00	0.61	5.97	93.42
81	0.00	0.59	5.89	93.52
82	0.00	0.58	5.83	93.58
83	0.00	0.58	5.80	93.62
84	0.00	0.59	5.87	93.54
85	0.00	0.59	5.86	93.55
86	0.00	0.61	6.01	93.38
87	0.00	0.66	6.23	93.11
88	0.00	0.64	6.16	93.20
89	0.00	0.69	6.38	92.93
90	0.00	0.68	6.36	92.96
91	0.00	0.71	6.45	92.84
92	0.00	0.83	7.05	92.12
93	0.00	0.76	6.74	92.50
94	0.00	0.78	6.83	92.40
95	0.00	0.79	6.91	92.31
96	0.00	0.83	7.14	92.03
97	0.00	0.84	7.28	91.87
98	0.00	0.80	7.13	92.07
99	0.00	0.85	7.46	91.69
100	0.00	0.93	7.62	91.45




