Parameters
	Library type	Paired-end
	Input files	KU330797-16_C_L004_R1_012.trimmed.fastq.gz	KU330797-16_C_L004_R2_012.trimmed.fastq.gz
	Primer/Adaptor library	NA
	Cut-off read length for HQ	70%
	Cut-off quality score	20
	Only statistics	On
	Number of CPUs	2


QC statistics
	File name	KU330797-16_C_L004_R1_012.trimmed.fastq.gz	KU330797-16_C_L004_R2_012.trimmed.fastq.gz
	Total number of reads	4000000	4000000
	Total number of HQ reads	3987334	3987334
	Percentage of HQ reads	99.68%	99.68%
	Total number of bases	373213203	368115544
	Total number of bases in HQ reads	372469753	367916227
	Total number of HQ bases in HQ reads	370884830	366234909
	Percentage of HQ bases in HQ reads	99.57%	99.54%
	Number of Primer/Adaptor contaminated HQ reads	NA	NA
	Total number of HQ filtered reads	3987334	3987334
	Percentage of HQ filtered reads	99.68%	99.68%


Detailed QC statistics
	File name	KU330797-16_C_L004_R1_012.trimmed.fastq.gz	KU330797-16_C_L004_R2_012.trimmed.fastq.gz
	Minimum read length	1	1
	Maximum read length	100	100
	Average read length	93.30	92.03
	Total number of reads	4000000	4000000
	Total number of reads with non-ATGC bases	127	3598
	Percentage of reads with non-ATGC bases	0.00%	0.09%
	Total number of bases	373213203	368115544
	Total number of HQ bases	371598640	366376334
	Percentage of HQ bases	99.57%	99.53%
	Total number of non-ATGC bases	127	3598
	Percentage of non-ATGC bases	0.00%	0.00%


Average quality score at each base position of input reads

KU330797-16_C_L004_R1_012.trimmed.fastq.gz
32.45	32.82	32.95	36.25	36.19	36.20	36.20	36.19	37.87	37.86	37.86	37.82	37.82	39.28	39.25	39.22	39.19	39.17	39.17	39.11	39.06	39.01	38.92	38.89	38.80	38.74	38.64	38.55	38.48	38.38	38.26	38.18	38.09	37.98	37.85	37.74	37.64	37.47	37.38	37.25	37.09	37.25	37.17	37.12	37.03	36.95	36.85	36.75	36.63	36.62	36.57	36.43	36.35	36.21	36.09	35.96	35.78	35.65	35.50	35.30	35.15	35.01	34.79	34.60	34.43	34.24	34.03	33.79	33.57	33.27	33.02	32.78	32.46	31.90	31.83	30.77	31.16	31.30	31.21	31.05	30.87	30.66	30.43	30.20	29.99	29.78	29.61	29.44	29.28	29.11	28.95	28.80	28.64	28.46	28.29	28.17	28.02	27.85	27.67	26.41	

KU330797-16_C_L004_R2_012.trimmed.fastq.gz
35.90	36.34	36.50	36.58	32.29	32.61	32.69	35.86	35.85	35.86	35.83	35.80	37.38	37.34	37.31	37.22	37.18	38.54	38.46	38.41	38.35	38.28	38.25	38.18	38.10	38.04	37.98	37.93	37.85	37.76	37.63	37.56	37.49	37.38	37.28	37.16	37.06	36.98	36.87	36.70	36.64	36.53	36.44	36.32	36.22	36.07	36.10	36.06	35.99	35.91	35.73	35.59	35.52	35.38	34.36	34.65	34.89	34.90	34.83	34.72	34.57	34.45	34.33	34.17	33.97	33.80	33.60	33.58	33.51	33.39	33.25	33.09	32.91	32.76	32.56	32.35	32.10	31.90	31.69	31.48	31.28	31.05	30.82	30.61	30.34	30.14	29.95	29.77	29.62	29.44	29.27	29.09	28.91	28.75	28.60	28.43	28.16	27.96	27.80	27.70	





Read count (%) per base for different quality score ranges

	KU330797-16_C_L004_R1_012.trimmed.fastq.gz
Ranges	0-10	11-20	21-30	31-40
Base
1	0.00	0.94	7.92	91.14
2	0.00	0.48	6.70	92.82
3	0.00	0.37	6.10	93.53
4	0.00	0.33	2.48	97.19
5	0.00	0.38	2.87	96.76
6	0.00	0.39	2.81	96.81
7	0.00	0.38	2.80	96.82
8	0.00	0.38	2.84	96.78
9	0.00	0.40	2.97	96.63
10	0.00	0.40	2.97	96.63
11	0.00	0.41	2.96	96.64
12	0.00	0.42	3.07	96.50
13	0.00	0.42	3.05	96.53
14	0.00	0.92	5.62	93.46
15	0.00	0.92	5.66	93.42
16	0.00	0.94	5.64	93.41
17	0.00	0.94	5.66	93.40
18	0.00	0.93	5.60	93.47
19	0.00	0.96	5.72	93.32
20	0.00	0.96	5.73	93.32
21	0.00	0.96	5.74	93.30
22	0.00	0.96	5.75	93.29
23	0.00	0.95	5.80	93.24
24	0.00	0.95	5.89	93.16
25	0.00	0.97	5.92	93.11
26	0.00	0.96	5.82	93.23
27	0.00	0.96	5.86	93.18
28	0.00	0.94	5.87	93.20
29	0.00	0.89	5.79	93.32
30	0.00	0.88	5.86	93.26
31	0.00	0.87	5.91	93.22
32	0.00	0.83	5.88	93.28
33	0.00	0.83	5.89	93.28
34	0.00	0.82	5.92	93.27
35	0.00	0.83	6.04	93.13
36	0.00	0.82	6.05	93.14
37	0.00	0.80	5.99	93.22
38	0.00	0.82	6.10	93.08
39	0.00	0.79	5.93	93.28
40	0.00	0.80	5.97	93.23
41	0.00	0.83	6.06	93.11
42	0.00	0.72	5.82	93.45
43	0.00	0.77	6.03	93.20
44	0.00	0.77	5.91	93.32
45	0.00	0.77	5.89	93.34
46	0.00	0.77	5.85	93.38
47	0.00	0.75	5.85	93.40
48	0.00	0.76	5.78	93.46
49	0.00	0.78	5.86	93.37
50	0.00	0.71	5.59	93.69
51	0.00	0.69	5.39	93.92
52	0.00	0.71	5.49	93.79
53	0.00	0.66	5.30	94.04
54	0.00	0.67	5.27	94.05
55	0.00	0.67	5.26	94.07
56	0.00	0.65	5.21	94.14
57	0.00	0.68	5.27	94.05
58	0.00	0.66	5.19	94.15
59	0.00	0.65	5.21	94.14
60	0.00	0.66	5.29	94.05
61	0.00	0.64	5.21	94.15
62	0.00	0.61	5.08	94.31
63	0.00	0.64	5.30	94.06
64	0.00	0.64	5.30	94.05
65	0.00	0.63	5.31	94.06
66	0.00	0.63	5.33	94.04
67	0.00	0.62	5.40	93.98
68	0.00	0.64	5.54	93.82
69	0.00	0.63	5.50	93.86
70	0.00	0.65	5.72	93.63
71	0.00	0.66	5.79	93.55
72	0.00	0.65	5.85	93.50
73	0.00	0.67	5.99	93.35
74	0.00	0.88	7.41	91.71
75	0.00	0.69	6.52	92.79
76	0.00	0.67	9.73	89.60
77	0.00	0.54	6.66	92.80
78	0.00	0.51	5.67	93.81
79	0.00	0.53	5.46	94.01
80	0.00	0.54	5.33	94.14
81	0.00	0.52	5.31	94.17
82	0.00	0.56	5.36	94.08
83	0.00	0.59	5.55	93.86
84	0.00	0.62	5.72	93.66
85	0.00	0.64	5.89	93.47
86	0.00	0.69	6.07	93.24
87	0.00	0.68	6.13	93.19
88	0.00	0.70	6.20	93.10
89	0.00	0.72	6.28	93.00
90	0.00	0.74	6.43	92.83
91	0.00	0.77	6.56	92.67
92	0.00	0.80	6.67	92.53
93	0.00	0.83	6.86	92.31
94	0.00	0.87	7.13	92.00
95	0.00	0.91	7.33	91.75
96	0.00	0.86	7.20	91.94
97	0.00	0.85	7.26	91.90
98	0.00	0.86	7.50	91.64
99	0.00	0.88	7.66	91.46
100	0.00	2.56	15.95	81.49


	KU330797-16_C_L004_R2_012.trimmed.fastq.gz
Ranges	0-10	11-20	21-30	31-40
Base
1	0.09	1.98	3.60	94.33
2	0.00	0.94	2.62	96.45
3	0.00	0.60	2.07	97.33
4	0.00	0.50	1.87	97.63
5	0.00	0.82	9.66	89.52
6	0.00	0.73	7.87	91.40
7	0.00	0.70	7.65	91.65
8	0.00	0.68	3.79	95.53
9	0.00	0.68	3.81	95.51
10	0.00	0.70	3.66	95.64
11	0.00	0.70	3.73	95.57
12	0.00	0.69	3.70	95.61
13	0.00	0.69	3.69	95.62
14	0.00	0.68	3.75	95.57
15	0.00	0.67	3.71	95.62
16	0.00	0.69	3.87	95.43
17	0.00	0.68	3.82	95.50
18	0.00	1.39	6.78	91.84
19	0.00	1.35	6.83	91.81
20	0.00	1.32	6.73	91.96
21	0.00	1.28	6.67	92.04
22	0.00	1.28	6.60	92.13
23	0.00	1.28	6.73	91.99
24	0.00	1.25	6.67	92.08
25	0.00	1.22	6.62	92.17
26	0.00	1.17	6.52	92.31
27	0.00	1.13	6.36	92.51
28	0.00	1.14	6.59	92.27
29	0.00	1.09	6.50	92.41
30	0.00	1.07	6.44	92.48
31	0.00	1.08	6.56	92.36
32	0.00	1.01	6.44	92.55
33	0.00	0.97	6.30	92.73
34	0.00	0.97	6.37	92.66
35	0.00	0.95	6.38	92.67
36	0.00	0.94	6.48	92.58
37	0.00	0.91	6.54	92.55
38	0.00	0.86	6.41	92.73
39	0.00	0.87	6.46	92.67
40	0.00	0.92	6.69	92.39
41	0.00	0.85	6.43	92.72
42	0.00	0.86	6.44	92.70
43	0.00	0.84	6.38	92.79
44	0.00	0.84	6.41	92.75
45	0.00	0.83	6.30	92.87
46	0.00	0.86	6.39	92.75
47	0.00	0.81	6.38	92.81
48	0.00	0.79	6.26	92.95
49	0.00	0.80	6.20	93.00
50	0.00	0.80	6.10	93.10
51	0.00	0.82	6.19	93.00
52	0.00	0.80	6.16	93.04
53	0.00	0.75	5.86	93.39
54	0.00	0.76	5.85	93.40
55	0.00	0.49	5.12	94.40
56	0.00	0.52	4.55	94.92
57	0.00	0.58	4.77	94.65
58	0.00	0.66	5.23	94.11
59	0.00	0.67	5.39	93.94
60	0.00	0.68	5.46	93.87
61	0.00	0.71	5.50	93.79
62	0.00	0.67	5.38	93.94
63	0.00	0.65	5.37	93.97
64	0.00	0.68	5.40	93.92
65	0.00	0.70	5.63	93.67
66	0.00	0.69	5.65	93.66
67	0.00	0.71	5.75	93.54
68	0.00	0.61	5.35	94.04
69	0.00	0.55	5.03	94.42
70	0.00	0.55	4.93	94.52
71	0.00	0.52	4.84	94.64
72	0.00	0.52	4.81	94.67
73	0.00	0.52	4.84	94.64
74	0.00	0.48	4.67	94.85
75	0.00	0.50	4.72	94.77
76	0.00	0.50	4.82	94.68
77	0.00	0.53	4.99	94.48
78	0.00	0.51	4.96	94.53
79	0.00	0.52	4.99	94.50
80	0.00	0.50	4.92	94.58
81	0.00	0.48	4.87	94.65
82	0.00	0.50	5.00	94.50
83	0.00	0.52	5.08	94.39
84	0.00	0.52	5.10	94.38
85	0.00	0.58	5.39	94.03
86	0.00	0.57	5.40	94.03
87	0.00	0.57	5.40	94.03
88	0.00	0.57	5.39	94.04
89	0.00	0.57	5.29	94.15
90	0.00	0.59	5.39	94.02
91	0.00	0.59	5.44	93.97
92	0.00	0.64	5.65	93.71
93	0.00	0.66	5.81	93.53
94	0.00	0.68	5.91	93.40
95	0.00	0.71	6.03	93.26
96	0.00	0.71	6.16	93.13
97	0.00	0.69	6.08	93.22
98	0.00	0.73	6.28	92.99
99	0.00	0.75	6.50	92.75
100	0.00	0.78	6.51	92.71




