Parameters
	Library type	Paired-end
	Input files	KU330797-16_C_L004_R1_043.trimmed.fastq.gz	KU330797-16_C_L004_R2_043.trimmed.fastq.gz
	Primer/Adaptor library	NA
	Cut-off read length for HQ	70%
	Cut-off quality score	20
	Only statistics	On
	Number of CPUs	2


QC statistics
	File name	KU330797-16_C_L004_R1_043.trimmed.fastq.gz	KU330797-16_C_L004_R2_043.trimmed.fastq.gz
	Total number of reads	4000000	4000000
	Total number of HQ reads	3982590	3982590
	Percentage of HQ reads	99.56%	99.56%
	Total number of bases	370283671	363742041
	Total number of bases in HQ reads	369314287	363501002
	Total number of HQ bases in HQ reads	367596073	361604769
	Percentage of HQ bases in HQ reads	99.53%	99.48%
	Number of Primer/Adaptor contaminated HQ reads	NA	NA
	Total number of HQ filtered reads	3982590	3982590
	Percentage of HQ filtered reads	99.56%	99.56%


Detailed QC statistics
	File name	KU330797-16_C_L004_R1_043.trimmed.fastq.gz	KU330797-16_C_L004_R2_043.trimmed.fastq.gz
	Minimum read length	1	1
	Maximum read length	100	100
	Average read length	92.57	90.94
	Total number of reads	4000000	4000000
	Total number of reads with non-ATGC bases	144	5679
	Percentage of reads with non-ATGC bases	0.00%	0.14%
	Total number of bases	370283671	363742041
	Total number of HQ bases	368527180	361772754
	Percentage of HQ bases	99.53%	99.46%
	Total number of non-ATGC bases	144	5679
	Percentage of non-ATGC bases	0.00%	0.00%


Average quality score at each base position of input reads

KU330797-16_C_L004_R1_043.trimmed.fastq.gz
32.21	32.66	32.81	36.13	36.09	36.08	36.09	36.04	37.74	37.71	37.70	37.69	37.68	39.08	39.05	38.98	38.99	38.93	38.91	38.89	38.82	38.76	38.69	38.62	38.56	38.48	38.35	38.29	38.19	38.08	37.97	37.87	37.80	37.64	37.49	37.38	37.21	37.13	36.99	36.88	36.75	36.82	36.76	36.71	36.64	36.50	36.40	36.27	36.16	36.14	36.10	36.01	35.89	35.73	35.56	35.40	35.30	35.16	35.00	34.84	34.65	34.46	34.31	34.10	33.92	33.75	33.53	33.31	33.05	32.81	32.58	32.34	32.08	31.81	31.58	30.79	30.92	30.96	30.81	30.62	30.43	30.22	30.00	29.80	29.60	29.38	29.19	29.04	28.86	28.68	28.53	28.38	28.24	28.09	27.93	27.76	27.62	27.44	27.30	26.17	

KU330797-16_C_L004_R2_043.trimmed.fastq.gz
35.90	36.26	36.43	36.49	31.19	31.78	32.16	35.60	35.64	35.66	35.63	35.60	37.14	37.10	37.04	37.00	36.92	38.24	38.15	38.08	37.99	37.91	37.89	37.82	37.76	37.68	37.58	37.51	37.42	37.28	37.22	37.11	37.02	36.92	36.80	36.73	36.63	36.52	36.41	36.29	36.19	36.08	35.98	35.85	35.75	35.62	35.67	35.59	35.48	35.35	35.25	35.07	34.96	34.83	33.92	34.15	34.30	34.29	34.18	34.07	33.95	33.77	33.61	33.45	33.25	33.09	32.92	32.89	32.79	32.66	32.50	32.33	32.19	32.02	31.80	31.57	31.40	31.20	30.96	30.75	30.51	30.31	30.09	29.88	29.67	29.46	29.24	29.06	28.90	28.72	28.54	28.36	28.18	27.99	27.85	27.66	27.47	27.29	27.15	27.03	





Read count (%) per base for different quality score ranges

	KU330797-16_C_L004_R1_043.trimmed.fastq.gz
Ranges	0-10	11-20	21-30	31-40
Base
1	0.00	1.20	9.24	89.55
2	0.00	0.60	7.75	91.65
3	0.00	0.46	7.16	92.37
4	0.00	0.40	2.97	96.63
5	0.00	0.43	3.26	96.31
6	0.00	0.47	3.29	96.24
7	0.00	0.46	3.22	96.32
8	0.00	0.50	3.44	96.06
9	0.00	0.47	3.34	96.19
10	0.00	0.48	3.45	96.08
11	0.00	0.49	3.44	96.08
12	0.00	0.48	3.44	96.08
13	0.00	0.48	3.46	96.05
14	0.00	1.00	6.04	92.96
15	0.00	1.03	6.06	92.91
16	0.00	1.07	6.24	92.69
17	0.00	1.01	6.01	92.98
18	0.00	1.06	6.12	92.82
19	0.00	1.10	6.30	92.60
20	0.00	1.06	6.19	92.74
21	0.00	1.09	6.25	92.66
22	0.00	1.07	6.22	92.71
23	0.00	1.07	6.26	92.67
24	0.00	1.11	6.44	92.45
25	0.00	1.07	6.33	92.60
26	0.00	1.09	6.30	92.61
27	0.00	1.10	6.43	92.47
28	0.00	1.04	6.29	92.67
29	0.00	1.01	6.31	92.68
30	0.00	1.00	6.34	92.66
31	0.00	0.97	6.41	92.62
32	0.00	0.94	6.38	92.68
33	0.00	0.89	6.30	92.81
34	0.00	0.92	6.55	92.53
35	0.00	0.94	6.64	92.42
36	0.00	0.90	6.57	92.53
37	0.00	0.95	6.72	92.34
38	0.00	0.89	6.47	92.64
39	0.00	0.92	6.52	92.56
40	0.00	0.88	6.42	92.70
41	0.00	0.88	6.43	92.69
42	0.00	0.86	6.46	92.67
43	0.00	0.87	6.44	92.69
44	0.00	0.84	6.34	92.82
45	0.00	0.83	6.21	92.96
46	0.00	0.85	6.34	92.81
47	0.00	0.84	6.24	92.92
48	0.00	0.86	6.31	92.83
49	0.00	0.85	6.25	92.90
50	0.00	0.79	6.10	93.11
51	0.00	0.75	5.84	93.41
52	0.00	0.73	5.73	93.54
53	0.00	0.72	5.61	93.66
54	0.00	0.74	5.71	93.55
55	0.00	0.75	5.81	93.43
56	0.00	0.74	5.75	93.51
57	0.00	0.70	5.48	93.83
58	0.00	0.70	5.47	93.84
59	0.00	0.68	5.51	93.81
60	0.00	0.68	5.41	93.91
61	0.00	0.69	5.46	93.85
62	0.00	0.68	5.54	93.79
63	0.00	0.65	5.41	93.95
64	0.00	0.67	5.50	93.83
65	0.00	0.66	5.52	93.81
66	0.00	0.64	5.39	93.97
67	0.00	0.65	5.52	93.84
68	0.00	0.66	5.57	93.77
69	0.00	0.66	5.73	93.61
70	0.00	0.62	5.56	93.82
71	0.00	0.63	5.66	93.71
72	0.00	0.65	5.80	93.55
73	0.00	0.67	5.92	93.42
74	0.00	0.69	6.13	93.18
75	0.00	0.66	6.06	93.28
76	0.00	0.60	7.97	91.43
77	0.00	0.57	6.39	93.04
78	0.00	0.53	5.65	93.81
79	0.00	0.56	5.56	93.88
80	0.00	0.57	5.54	93.88
81	0.00	0.56	5.45	93.99
82	0.00	0.57	5.57	93.85
83	0.00	0.60	5.67	93.72
84	0.00	0.62	5.77	93.60
85	0.00	0.64	5.88	93.48
86	0.00	0.69	6.15	93.16
87	0.00	0.71	6.28	93.01
88	0.00	0.72	6.28	93.01
89	0.00	0.76	6.46	92.78
90	0.00	0.79	6.66	92.55
91	0.00	0.80	6.74	92.46
92	0.00	0.81	6.79	92.40
93	0.00	0.81	6.81	92.37
94	0.00	0.84	6.94	92.22
95	0.00	0.86	7.13	92.01
96	0.00	0.89	7.33	91.78
97	0.00	0.86	7.33	91.81
98	0.00	0.88	7.60	91.52
99	0.00	0.87	7.63	91.49
100	0.00	2.34	15.01	82.65


	KU330797-16_C_L004_R2_043.trimmed.fastq.gz
Ranges	0-10	11-20	21-30	31-40
Base
1	0.14	2.27	4.12	93.47
2	0.00	1.09	3.10	95.81
3	0.00	0.70	2.39	96.91
4	0.00	0.61	2.17	97.23
5	0.00	1.49	19.48	79.04
6	0.00	0.95	12.14	86.91
7	0.00	0.84	9.95	89.21
8	0.00	0.84	4.52	94.64
9	0.00	0.80	4.38	94.82
10	0.00	0.82	4.24	94.95
11	0.00	0.81	4.31	94.88
12	0.00	0.81	4.24	94.95
13	0.00	0.80	4.24	94.97
14	0.00	0.79	4.26	94.95
15	0.00	0.79	4.28	94.93
16	0.00	0.77	4.23	95.00
17	0.00	0.78	4.32	94.90
18	0.00	1.47	7.17	91.37
19	0.00	1.46	7.20	91.34
20	0.00	1.42	7.16	91.41
21	0.00	1.42	7.18	91.40
22	0.00	1.38	7.08	91.54
23	0.00	1.46	7.16	91.38
24	0.00	1.39	7.12	91.50
25	0.00	1.30	6.92	91.78
26	0.00	1.26	6.93	91.81
27	0.00	1.26	6.88	91.86
28	0.00	1.25	7.11	91.63
29	0.00	1.23	7.04	91.73
30	0.00	1.24	7.13	91.63
31	0.00	1.14	6.89	91.97
32	0.00	1.13	6.95	91.92
33	0.00	1.07	6.87	92.06
34	0.00	1.04	6.84	92.11
35	0.00	1.03	6.89	92.08
36	0.00	0.97	6.75	92.28
37	0.00	0.93	6.74	92.33
38	0.00	0.91	6.75	92.34
39	0.00	0.92	6.77	92.30
40	0.00	0.93	6.85	92.22
41	0.00	0.91	6.78	92.31
42	0.00	0.88	6.75	92.37
43	0.00	0.89	6.69	92.42
44	0.00	0.89	6.70	92.41
45	0.00	0.87	6.58	92.55
46	0.00	0.87	6.62	92.50
47	0.00	0.81	6.49	92.70
48	0.00	0.82	6.53	92.64
49	0.00	0.84	6.57	92.59
50	0.00	0.87	6.62	92.50
51	0.00	0.82	6.37	92.82
52	0.00	0.85	6.48	92.66
53	0.00	0.83	6.38	92.78
54	0.00	0.82	6.28	92.91
55	0.00	0.57	5.50	93.93
56	0.00	0.59	5.01	94.39
57	0.00	0.68	5.38	93.95
58	0.00	0.73	5.68	93.59
59	0.00	0.77	5.93	93.30
60	0.00	0.74	5.84	93.41
61	0.00	0.74	5.81	93.45
62	0.00	0.79	5.95	93.26
63	0.00	0.75	5.97	93.28
64	0.00	0.75	5.96	93.28
65	0.00	0.79	6.10	93.12
66	0.00	0.76	6.02	93.22
67	0.00	0.74	6.03	93.23
68	0.00	0.66	5.73	93.61
69	0.00	0.62	5.51	93.86
70	0.00	0.61	5.38	94.01
71	0.00	0.60	5.33	94.07
72	0.00	0.60	5.32	94.08
73	0.00	0.56	5.15	94.29
74	0.00	0.54	5.12	94.34
75	0.00	0.56	5.25	94.20
76	0.00	0.59	5.41	93.99
77	0.00	0.54	5.22	94.23
78	0.00	0.52	5.16	94.31
79	0.00	0.55	5.31	94.14
80	0.00	0.54	5.29	94.17
81	0.00	0.56	5.38	94.06
82	0.00	0.54	5.35	94.11
83	0.00	0.56	5.38	94.07
84	0.00	0.55	5.43	94.03
85	0.00	0.56	5.47	93.97
86	0.00	0.59	5.57	93.84
87	0.00	0.61	5.72	93.67
88	0.00	0.61	5.69	93.70
89	0.00	0.60	5.63	93.78
90	0.00	0.62	5.70	93.67
91	0.00	0.66	5.89	93.45
92	0.00	0.68	6.03	93.28
93	0.00	0.72	6.21	93.07
94	0.00	0.76	6.48	92.76
95	0.00	0.75	6.45	92.80
96	0.00	0.78	6.54	92.68
97	0.00	0.73	6.44	92.83
98	0.00	0.76	6.57	92.67
99	0.00	0.76	6.71	92.53
100	0.00	0.84	6.85	92.31




