Parameters
	Library type	Paired-end
	Input files	KU330797-16_C_L004_R1_013.trimmed.fastq.gz	KU330797-16_C_L004_R2_013.trimmed.fastq.gz
	Primer/Adaptor library	NA
	Cut-off read length for HQ	70%
	Cut-off quality score	20
	Only statistics	On
	Number of CPUs	2


QC statistics
	File name	KU330797-16_C_L004_R1_013.trimmed.fastq.gz	KU330797-16_C_L004_R2_013.trimmed.fastq.gz
	Total number of reads	4000000	4000000
	Total number of HQ reads	3985427	3985427
	Percentage of HQ reads	99.64%	99.64%
	Total number of bases	370604759	365013868
	Total number of bases in HQ reads	369783019	364785149
	Total number of HQ bases in HQ reads	368035374	362923981
	Percentage of HQ bases in HQ reads	99.53%	99.49%
	Number of Primer/Adaptor contaminated HQ reads	NA	NA
	Total number of HQ filtered reads	3985427	3985427
	Percentage of HQ filtered reads	99.64%	99.64%


Detailed QC statistics
	File name	KU330797-16_C_L004_R1_013.trimmed.fastq.gz	KU330797-16_C_L004_R2_013.trimmed.fastq.gz
	Minimum read length	1	1
	Maximum read length	100	100
	Average read length	92.65	91.25
	Total number of reads	4000000	4000000
	Total number of reads with non-ATGC bases	123	3714
	Percentage of reads with non-ATGC bases	0.00%	0.09%
	Total number of bases	370604759	365013868
	Total number of HQ bases	368823059	363082246
	Percentage of HQ bases	99.52%	99.47%
	Total number of non-ATGC bases	123	3714
	Percentage of non-ATGC bases	0.00%	0.00%


Average quality score at each base position of input reads

KU330797-16_C_L004_R1_013.trimmed.fastq.gz
32.32	32.72	32.86	36.17	36.12	36.12	36.09	36.10	37.76	37.76	37.76	37.73	37.72	39.13	39.10	38.99	39.03	38.98	39.01	38.93	38.85	38.82	38.75	38.72	38.62	38.56	38.43	38.36	38.28	38.16	38.06	37.91	37.84	37.71	37.57	37.37	37.32	37.20	37.05	36.90	36.78	36.94	36.85	36.79	36.74	36.62	36.51	36.36	36.29	36.24	36.18	36.07	35.96	35.83	35.71	35.57	35.40	35.21	35.05	34.83	34.70	34.49	34.33	34.13	33.92	33.73	33.57	33.36	33.09	32.79	32.54	32.28	31.97	31.37	31.31	30.18	30.61	30.75	30.66	30.53	30.31	30.09	29.88	29.63	29.46	29.27	29.08	28.92	28.71	28.54	28.38	28.22	28.05	27.88	27.68	27.53	27.37	27.19	27.01	25.69	

KU330797-16_C_L004_R2_013.trimmed.fastq.gz
35.82	36.27	36.44	36.52	32.18	32.48	32.54	35.74	35.72	35.69	35.68	35.62	37.17	37.15	37.10	37.03	36.99	38.27	38.18	38.11	38.02	37.96	37.98	37.91	37.82	37.71	37.62	37.57	37.44	37.38	37.31	37.20	37.12	37.01	36.92	36.77	36.69	36.57	36.44	36.35	36.23	36.10	36.00	35.91	35.79	35.64	35.73	35.66	35.60	35.44	35.34	35.22	35.00	34.91	33.82	34.16	34.41	34.40	34.36	34.25	34.06	33.88	33.75	33.65	33.45	33.29	33.14	33.09	32.97	32.86	32.72	32.55	32.38	32.22	32.04	31.83	31.58	31.39	31.17	30.96	30.70	30.45	30.25	30.05	29.82	29.64	29.45	29.25	29.07	28.86	28.68	28.51	28.34	28.20	28.01	27.86	27.58	27.44	27.28	27.15	





Read count (%) per base for different quality score ranges

	KU330797-16_C_L004_R1_013.trimmed.fastq.gz
Ranges	0-10	11-20	21-30	31-40
Base
1	0.00	1.00	8.81	90.19
2	0.00	0.53	7.41	92.06
3	0.00	0.41	6.74	92.86
4	0.00	0.38	2.84	96.79
5	0.00	0.40	3.14	96.46
6	0.00	0.43	3.11	96.46
7	0.00	0.45	3.26	96.29
8	0.00	0.44	3.16	96.41
9	0.00	0.45	3.27	96.28
10	0.00	0.45	3.26	96.29
11	0.00	0.44	3.25	96.31
12	0.00	0.46	3.34	96.20
13	0.00	0.45	3.34	96.21
14	0.00	0.98	5.89	93.13
15	0.00	0.99	5.91	93.09
16	0.00	1.06	6.14	92.80
17	0.00	0.98	5.79	93.23
18	0.00	1.00	5.96	93.04
19	0.00	1.01	5.99	93.01
20	0.00	1.02	6.06	92.91
21	0.00	1.03	6.13	92.84
22	0.00	1.01	6.03	92.96
23	0.00	1.00	6.03	92.97
24	0.00	0.99	6.13	92.88
25	0.00	1.01	6.19	92.79
26	0.00	1.02	6.05	92.93
27	0.00	1.02	6.19	92.79
28	0.00	0.98	6.10	92.93
29	0.00	0.95	6.09	92.96
30	0.00	0.94	6.20	92.86
31	0.00	0.91	6.15	92.94
32	0.00	0.91	6.31	92.78
33	0.00	0.85	6.13	93.02
34	0.00	0.87	6.32	92.82
35	0.00	0.88	6.42	92.70
36	0.00	0.93	6.63	92.44
37	0.00	0.85	6.31	92.85
38	0.00	0.83	6.27	92.90
39	0.00	0.87	6.38	92.75
40	0.00	0.86	6.39	92.75
41	0.00	0.85	6.31	92.84
42	0.00	0.77	6.12	93.11
43	0.00	0.80	6.27	92.93
44	0.00	0.80	6.18	93.02
45	0.00	0.78	6.04	93.18
46	0.00	0.80	6.17	93.03
47	0.00	0.80	6.08	93.12
48	0.00	0.84	6.20	92.96
49	0.00	0.79	6.02	93.19
50	0.00	0.78	5.97	93.25
51	0.00	0.73	5.81	93.46
52	0.00	0.74	5.72	93.55
53	0.00	0.72	5.66	93.62
54	0.00	0.72	5.56	93.73
55	0.00	0.69	5.45	93.86
56	0.00	0.69	5.45	93.86
57	0.00	0.70	5.52	93.78
58	0.00	0.73	5.62	93.65
59	0.00	0.70	5.62	93.68
60	0.00	0.73	5.75	93.52
61	0.00	0.68	5.59	93.74
62	0.00	0.71	5.69	93.61
63	0.00	0.68	5.61	93.71
64	0.00	0.68	5.68	93.64
65	0.00	0.70	5.74	93.56
66	0.00	0.67	5.77	93.56
67	0.00	0.64	5.61	93.75
68	0.00	0.66	5.65	93.69
69	0.00	0.69	5.92	93.39
70	0.00	0.70	6.10	93.19
71	0.00	0.70	6.19	93.11
72	0.00	0.72	6.34	92.94
73	0.00	0.70	6.38	92.92
74	0.00	0.96	8.08	90.95
75	0.00	0.76	7.05	92.19
76	0.00	0.76	10.86	88.39
77	0.00	0.61	7.39	91.99
78	0.00	0.59	6.35	93.06
79	0.00	0.60	6.08	93.32
80	0.00	0.57	5.79	93.65
81	0.00	0.61	5.94	93.45
82	0.00	0.64	6.08	93.29
83	0.00	0.66	6.12	93.22
84	0.00	0.71	6.42	92.87
85	0.00	0.68	6.33	92.99
86	0.00	0.70	6.42	92.88
87	0.00	0.74	6.60	92.66
88	0.00	0.73	6.59	92.68
89	0.00	0.83	6.98	92.20
90	0.00	0.84	7.10	92.06
91	0.00	0.85	7.18	91.97
92	0.00	0.87	7.31	91.82
93	0.00	0.92	7.50	91.58
94	0.00	0.94	7.69	91.37
95	0.00	1.01	8.08	90.91
96	0.00	0.97	7.99	91.04
97	0.00	0.97	8.07	90.96
98	0.00	0.96	8.24	90.80
99	0.00	0.98	8.43	90.59
100	0.00	2.86	17.31	79.83


	KU330797-16_C_L004_R2_013.trimmed.fastq.gz
Ranges	0-10	11-20	21-30	31-40
Base
1	0.09	2.18	4.01	93.71
2	0.00	1.05	2.96	95.98
3	0.00	0.69	2.38	96.93
4	0.00	0.60	2.12	97.29
5	0.00	0.94	10.62	88.44
6	0.00	0.84	8.82	90.34
7	0.00	0.82	8.72	90.46
8	0.00	0.79	4.25	94.96
9	0.00	0.78	4.31	94.91
10	0.00	0.83	4.31	94.86
11	0.00	0.81	4.21	94.98
12	0.00	0.84	4.36	94.80
13	0.00	0.80	4.27	94.93
14	0.00	0.77	4.21	95.02
15	0.00	0.77	4.24	94.99
16	0.00	0.78	4.32	94.91
17	0.00	0.75	4.23	95.02
18	0.00	1.49	7.24	91.27
19	0.00	1.47	7.19	91.33
20	0.00	1.43	7.20	91.37
21	0.00	1.43	7.20	91.38
22	0.00	1.37	7.08	91.55
23	0.00	1.34	7.04	91.63
24	0.00	1.29	6.97	91.74
25	0.00	1.28	6.95	91.77
26	0.00	1.26	6.93	91.81
27	0.00	1.22	6.87	91.91
28	0.00	1.23	6.99	91.78
29	0.00	1.23	7.07	91.69
30	0.00	1.16	6.88	91.96
31	0.00	1.11	6.76	92.13
32	0.00	1.10	6.84	92.06
33	0.00	1.04	6.68	92.28
34	0.00	1.01	6.76	92.23
35	0.00	0.98	6.68	92.34
36	0.00	1.00	6.88	92.12
37	0.00	0.94	6.83	92.23
38	0.00	0.94	6.83	92.22
39	0.00	0.94	6.89	92.17
40	0.00	0.91	6.77	92.32
41	0.00	0.91	6.87	92.22
42	0.00	0.92	6.88	92.20
43	0.00	0.90	6.82	92.27
44	0.00	0.87	6.71	92.43
45	0.00	0.88	6.66	92.46
46	0.00	0.91	6.78	92.31
47	0.00	0.81	6.49	92.70
48	0.00	0.81	6.46	92.73
49	0.00	0.80	6.37	92.83
50	0.00	0.88	6.59	92.53
51	0.00	0.80	6.31	92.89
52	0.00	0.80	6.27	92.93
53	0.00	0.87	6.55	92.58
54	0.00	0.80	6.21	92.99
55	0.00	0.57	5.83	93.60
56	0.00	0.56	4.90	94.54
57	0.00	0.62	5.11	94.28
58	0.00	0.71	5.64	93.65
59	0.00	0.71	5.64	93.65
60	0.00	0.71	5.66	93.64
61	0.00	0.76	5.93	93.31
62	0.00	0.77	6.02	93.21
63	0.00	0.73	5.94	93.32
64	0.00	0.69	5.73	93.58
65	0.00	0.74	5.94	93.32
66	0.00	0.70	5.86	93.43
67	0.00	0.70	5.81	93.49
68	0.00	0.62	5.52	93.87
69	0.00	0.59	5.40	94.00
70	0.00	0.57	5.20	94.23
71	0.00	0.56	5.12	94.32
72	0.00	0.55	5.16	94.29
73	0.00	0.54	5.12	94.33
74	0.00	0.52	4.98	94.50
75	0.00	0.52	4.98	94.51
76	0.00	0.52	5.07	94.41
77	0.00	0.55	5.29	94.16
78	0.00	0.53	5.26	94.21
79	0.00	0.55	5.30	94.15
80	0.00	0.54	5.28	94.19
81	0.00	0.57	5.52	93.92
82	0.00	0.59	5.73	93.68
83	0.00	0.58	5.64	93.79
84	0.00	0.58	5.62	93.80
85	0.00	0.60	5.71	93.69
86	0.00	0.58	5.59	93.83
87	0.00	0.58	5.66	93.75
88	0.00	0.61	5.79	93.60
89	0.00	0.62	5.84	93.54
90	0.00	0.67	6.06	93.26
91	0.00	0.69	6.21	93.10
92	0.00	0.72	6.31	92.97
93	0.00	0.74	6.42	92.85
94	0.00	0.73	6.34	92.93
95	0.00	0.78	6.66	92.56
96	0.00	0.77	6.66	92.57
97	0.00	0.77	6.70	92.53
98	0.00	0.71	6.54	92.74
99	0.00	0.76	6.71	92.53
100	0.00	0.86	7.02	92.13




