Parameters
	Library type	Paired-end
	Input files	KU330797-16_C_L004_R1_045.trimmed.fastq.gz	KU330797-16_C_L004_R2_045.trimmed.fastq.gz
	Primer/Adaptor library	NA
	Cut-off read length for HQ	70%
	Cut-off quality score	20
	Only statistics	On
	Number of CPUs	2


QC statistics
	File name	KU330797-16_C_L004_R1_045.trimmed.fastq.gz	KU330797-16_C_L004_R2_045.trimmed.fastq.gz
	Total number of reads	4000000	4000000
	Total number of HQ reads	3981133	3981133
	Percentage of HQ reads	99.53%	99.53%
	Total number of bases	360521634	355909090
	Total number of bases in HQ reads	359504770	355630578
	Total number of HQ bases in HQ reads	357223037	353260108
	Percentage of HQ bases in HQ reads	99.37%	99.33%
	Number of Primer/Adaptor contaminated HQ reads	NA	NA
	Total number of HQ filtered reads	3981133	3981133
	Percentage of HQ filtered reads	99.53%	99.53%


Detailed QC statistics
	File name	KU330797-16_C_L004_R1_045.trimmed.fastq.gz	KU330797-16_C_L004_R2_045.trimmed.fastq.gz
	Minimum read length	1	1
	Maximum read length	100	100
	Average read length	90.13	88.98
	Total number of reads	4000000	4000000
	Total number of reads with non-ATGC bases	141	4953
	Percentage of reads with non-ATGC bases	0.00%	0.12%
	Total number of bases	360521634	355909090
	Total number of HQ bases	358193055	353450253
	Percentage of HQ bases	99.35%	99.31%
	Total number of non-ATGC bases	141	4953
	Percentage of non-ATGC bases	0.00%	0.00%


Average quality score at each base position of input reads

KU330797-16_C_L004_R1_045.trimmed.fastq.gz
31.67	32.36	32.62	35.95	35.89	35.92	35.93	35.94	37.52	37.39	37.42	37.43	37.44	38.68	38.66	38.64	38.60	38.55	38.58	38.53	38.29	38.30	38.19	38.18	38.13	38.05	37.94	37.85	37.71	37.59	37.49	37.31	37.24	37.07	36.89	36.76	36.62	36.38	36.27	36.11	36.02	36.12	35.95	35.92	35.83	35.67	35.57	35.44	35.29	35.26	35.14	34.84	34.51	34.44	34.27	33.87	33.77	33.43	33.32	33.12	33.00	32.75	32.54	32.32	32.13	31.96	31.75	31.51	31.26	30.98	30.75	30.53	30.32	30.08	29.86	29.09	29.17	29.14	29.01	28.76	28.56	28.36	28.13	27.93	27.72	27.52	27.31	26.99	26.79	26.65	26.41	26.24	26.14	25.97	25.79	25.61	25.46	25.29	25.12	23.86	

KU330797-16_C_L004_R2_045.trimmed.fastq.gz
35.61	36.09	36.30	36.39	31.10	31.66	32.00	35.37	35.37	35.42	35.35	35.16	36.68	36.67	36.68	36.62	36.57	37.74	37.65	37.55	37.49	37.40	37.37	37.27	37.12	37.02	36.97	36.85	36.75	36.64	36.55	36.43	36.34	36.20	36.08	35.94	35.85	35.74	35.63	35.49	35.38	35.22	35.09	34.93	34.77	34.68	34.68	34.59	34.48	34.37	34.20	34.04	33.95	33.81	32.89	33.09	33.14	33.14	33.08	32.95	32.82	32.62	32.43	32.28	32.12	31.90	31.76	31.69	31.59	31.45	31.04	30.89	30.74	30.58	30.36	30.18	29.98	29.76	29.55	29.37	29.12	28.91	28.73	28.50	28.29	28.06	27.88	27.70	27.35	27.16	26.95	26.80	26.57	26.41	26.25	26.11	25.87	25.72	25.52	25.42	





Read count (%) per base for different quality score ranges

	KU330797-16_C_L004_R1_045.trimmed.fastq.gz
Ranges	0-10	11-20	21-30	31-40
Base
1	0.00	2.67	12.13	85.20
2	0.00	1.01	10.18	88.82
3	0.00	0.69	8.97	90.34
4	0.00	0.59	3.72	95.70
5	0.00	0.66	4.14	95.20
6	0.00	0.63	4.11	95.26
7	0.00	0.60	4.07	95.33
8	0.00	0.61	4.07	95.32
9	0.00	0.60	4.09	95.31
10	0.00	0.95	4.33	94.73
11	0.00	0.78	4.30	94.92
12	0.00	0.70	4.30	95.00
13	0.00	0.68	4.26	95.06
14	0.00	1.26	6.85	91.88
15	0.00	1.26	6.83	91.91
16	0.00	1.22	6.80	91.98
17	0.00	1.22	6.85	91.93
18	0.00	1.21	6.89	91.89
19	0.00	1.19	6.88	91.93
20	0.00	1.17	6.85	91.97
21	0.00	2.13	7.15	90.72
22	0.00	1.53	7.08	91.39
23	0.00	1.64	6.97	91.39
24	0.00	1.45	7.10	91.45
25	0.00	1.30	6.94	91.76
26	0.00	1.30	6.88	91.82
27	0.00	1.22	6.97	91.81
28	0.00	1.17	6.93	91.90
29	0.00	1.15	7.04	91.81
30	0.00	1.11	7.04	91.85
31	0.00	1.06	6.92	92.02
32	0.00	1.11	7.19	91.70
33	0.00	1.01	7.02	91.96
34	0.00	1.04	7.23	91.73
35	0.00	1.07	7.40	91.53
36	0.00	1.04	7.34	91.62
37	0.00	1.01	7.27	91.72
38	0.00	1.40	7.43	91.17
39	0.00	1.15	7.47	91.38
40	0.00	1.10	7.37	91.53
41	0.00	1.02	7.10	91.88
42	0.00	0.96	6.96	92.08
43	0.00	1.29	7.27	91.44
44	0.00	1.07	7.12	91.82
45	0.00	1.01	6.96	92.04
46	0.00	1.00	7.07	91.93
47	0.00	0.97	6.98	92.06
48	0.00	0.94	6.87	92.19
49	0.00	0.95	6.95	92.10
50	0.00	0.88	6.73	92.39
51	0.00	0.90	6.69	92.42
52	0.00	1.17	6.65	92.17
53	0.00	1.29	6.84	91.87
54	0.00	1.02	6.47	92.51
55	0.00	0.97	6.55	92.48
56	0.00	1.22	6.65	92.13
57	0.00	1.00	6.55	92.45
58	0.00	0.96	6.71	92.33
59	0.00	0.86	6.48	92.66
60	0.00	0.85	6.50	92.64
61	0.00	0.77	6.17	93.06
62	0.00	0.83	6.51	92.67
63	0.00	0.73	6.12	93.15
64	0.00	0.78	6.32	92.90
65	0.00	0.77	6.32	92.91
66	0.00	0.74	6.19	93.07
67	0.00	0.73	6.26	93.01
68	0.00	0.76	6.43	92.81
69	0.00	0.76	6.50	92.74
70	0.00	0.76	6.57	92.68
71	0.00	0.77	6.66	92.57
72	0.00	0.75	6.66	92.59
73	0.00	0.72	6.67	92.61
74	0.00	0.74	6.75	92.51
75	0.00	0.72	6.72	92.55
76	0.00	0.68	8.87	90.45
77	0.00	0.71	7.42	91.87
78	0.00	0.66	6.77	92.57
79	0.00	0.67	6.58	92.75
80	0.00	0.61	6.25	93.14
81	0.00	0.64	6.26	93.10
82	0.00	0.65	6.28	93.07
83	0.00	0.70	6.57	92.72
84	0.00	0.73	6.67	92.60
85	0.00	0.76	6.87	92.37
86	0.00	0.79	7.10	92.11
87	0.00	0.84	7.28	91.88
88	0.00	1.03	7.34	91.62
89	0.00	0.99	7.79	91.22
90	0.00	0.92	7.77	91.31
91	0.00	0.96	7.87	91.17
92	0.00	1.01	8.14	90.85
93	0.00	0.93	7.79	91.28
94	0.00	1.00	8.04	90.96
95	0.00	1.03	8.32	90.64
96	0.00	1.05	8.58	90.37
97	0.00	1.02	8.57	90.40
98	0.00	1.02	8.70	90.29
99	0.00	1.04	8.86	90.09
100	0.00	2.75	16.91	80.34


	KU330797-16_C_L004_R2_045.trimmed.fastq.gz
Ranges	0-10	11-20	21-30	31-40
Base
1	0.12	2.96	5.35	91.56
2	0.00	1.34	3.92	94.74
3	0.00	0.90	3.03	96.07
4	0.00	0.77	2.75	96.48
5	0.00	1.88	20.96	77.16
6	0.00	1.28	14.09	84.63
7	0.00	1.14	11.81	87.05
8	0.00	1.15	5.46	93.39
9	0.00	1.09	5.64	93.27
10	0.00	1.05	5.27	93.69
11	0.00	1.09	5.53	93.38
12	0.00	1.76	5.57	92.67
13	0.00	1.34	5.49	93.16
14	0.00	1.16	5.39	93.45
15	0.00	1.07	5.21	93.73
16	0.00	1.04	5.20	93.76
17	0.00	0.99	5.18	93.83
18	0.00	1.73	8.10	90.17
19	0.00	1.65	8.01	90.34
20	0.00	1.62	8.01	90.37
21	0.00	1.55	7.87	90.58
22	0.00	1.53	7.80	90.67
23	0.00	1.54	7.83	90.64
24	0.00	1.51	7.82	90.67
25	0.00	1.52	7.93	90.55
26	0.00	1.47	7.81	90.73
27	0.00	1.38	7.54	91.09
28	0.00	1.43	7.97	90.60
29	0.00	1.38	7.81	90.81
30	0.00	1.33	7.71	90.96
31	0.00	1.28	7.61	91.10
32	0.00	1.24	7.63	91.12
33	0.00	1.19	7.52	91.29
34	0.00	1.17	7.58	91.25
35	0.00	1.14	7.53	91.33
36	0.00	1.13	7.63	91.23
37	0.00	1.06	7.49	91.45
38	0.00	1.06	7.50	91.44
39	0.00	1.01	7.43	91.55
40	0.00	1.02	7.49	91.50
41	0.00	1.02	7.44	91.54
42	0.00	1.03	7.53	91.44
43	0.00	1.01	7.47	91.52
44	0.00	1.03	7.54	91.43
45	0.00	1.05	7.58	91.37
46	0.00	0.98	7.33	91.69
47	0.00	0.95	7.33	91.72
48	0.00	0.96	7.32	91.72
49	0.00	0.96	7.29	91.75
50	0.00	0.96	7.26	91.78
51	0.00	0.96	7.18	91.85
52	0.00	0.94	7.14	91.92
53	0.00	0.88	6.89	92.23
54	0.00	0.89	6.77	92.34
55	0.00	0.66	6.30	93.04
56	0.00	0.70	5.72	93.59
57	0.00	0.83	6.33	92.85
58	0.00	0.81	6.33	92.87
59	0.00	0.80	6.31	92.89
60	0.00	0.82	6.37	92.82
61	0.00	0.81	6.31	92.88
62	0.00	0.87	6.51	92.62
63	0.00	0.85	6.63	92.52
64	0.00	0.83	6.55	92.62
65	0.00	0.81	6.52	92.68
66	0.00	0.84	6.69	92.47
67	0.00	0.79	6.46	92.75
68	0.00	0.73	6.28	93.00
69	0.00	0.68	6.04	93.28
70	0.00	0.68	5.96	93.36
71	0.00	1.01	6.31	92.68
72	0.00	0.80	6.25	92.96
73	0.00	0.72	6.11	93.17
74	0.00	0.68	5.99	93.33
75	0.00	0.69	6.12	93.19
76	0.00	0.66	6.03	93.31
77	0.00	0.64	6.07	93.29
78	0.00	0.65	6.10	93.25
79	0.00	0.65	6.18	93.17
80	0.00	0.61	6.02	93.37
81	0.00	0.64	6.27	93.09
82	0.00	0.65	6.25	93.10
83	0.00	0.61	6.10	93.29
84	0.00	0.64	6.26	93.10
85	0.00	0.66	6.36	92.98
86	0.00	0.71	6.55	92.74
87	0.00	0.68	6.48	92.84
88	0.00	0.69	6.49	92.82
89	0.00	0.71	6.61	92.67
90	0.00	0.74	6.74	92.52
91	0.00	0.80	7.03	92.17
92	0.00	0.78	6.97	92.25
93	0.00	0.87	7.31	91.82
94	0.00	0.86	7.33	91.81
95	0.00	0.86	7.37	91.76
96	0.00	0.79	7.10	92.11
97	0.00	0.85	7.40	91.75
98	0.00	0.84	7.43	91.74
99	0.00	0.94	7.97	91.09
100	0.00	0.96	7.90	91.13




