Parameters
	Library type	Paired-end
	Input files	KU330797-16_C_L004_R1_037.trimmed.fastq.gz	KU330797-16_C_L004_R2_037.trimmed.fastq.gz
	Primer/Adaptor library	NA
	Cut-off read length for HQ	70%
	Cut-off quality score	20
	Only statistics	On
	Number of CPUs	2


QC statistics
	File name	KU330797-16_C_L004_R1_037.trimmed.fastq.gz	KU330797-16_C_L004_R2_037.trimmed.fastq.gz
	Total number of reads	4000000	4000000
	Total number of HQ reads	3981859	3981859
	Percentage of HQ reads	99.55%	99.55%
	Total number of bases	368515254	361331410
	Total number of bases in HQ reads	367508694	361074850
	Total number of HQ bases in HQ reads	365593009	358997141
	Percentage of HQ bases in HQ reads	99.48%	99.42%
	Number of Primer/Adaptor contaminated HQ reads	NA	NA
	Total number of HQ filtered reads	3981859	3981859
	Percentage of HQ filtered reads	99.55%	99.55%


Detailed QC statistics
	File name	KU330797-16_C_L004_R1_037.trimmed.fastq.gz	KU330797-16_C_L004_R2_037.trimmed.fastq.gz
	Minimum read length	1	1
	Maximum read length	100	100
	Average read length	92.13	90.33
	Total number of reads	4000000	4000000
	Total number of reads with non-ATGC bases	200	6081
	Percentage of reads with non-ATGC bases	0.01%	0.15%
	Total number of bases	368515254	361331410
	Total number of HQ bases	366557637	359175032
	Percentage of HQ bases	99.47%	99.40%
	Total number of non-ATGC bases	200	6081
	Percentage of non-ATGC bases	0.00%	0.00%


Average quality score at each base position of input reads

KU330797-16_C_L004_R1_037.trimmed.fastq.gz
32.01	32.52	32.71	36.05	36.01	36.02	36.03	36.00	37.65	37.65	37.61	37.58	37.54	38.92	38.88	38.85	38.81	38.81	38.81	38.75	38.69	38.64	38.57	38.51	38.43	38.31	38.23	38.13	38.01	37.92	37.80	37.69	37.56	37.42	37.29	37.18	36.98	36.88	36.76	36.62	36.45	36.59	36.58	36.48	36.38	36.28	36.20	36.06	35.94	35.90	35.80	35.70	35.57	35.47	35.29	35.09	34.97	34.78	34.62	34.48	34.32	34.11	33.89	33.69	33.52	33.31	33.09	32.92	32.66	32.35	32.14	31.91	31.66	31.38	31.14	30.33	30.51	30.51	30.38	30.19	30.00	29.76	29.56	29.32	29.11	28.93	28.75	28.59	28.39	28.20	28.05	27.90	27.73	27.51	27.38	27.22	27.06	26.87	26.65	25.27	

KU330797-16_C_L004_R2_037.trimmed.fastq.gz
35.81	36.20	36.38	36.45	31.48	31.96	32.24	35.54	35.55	35.56	35.53	35.51	37.02	36.94	36.91	36.82	36.79	38.04	37.97	37.89	37.80	37.74	37.71	37.61	37.53	37.45	37.39	37.31	37.15	37.05	37.00	36.90	36.76	36.62	36.52	36.46	36.35	36.25	36.11	36.02	35.92	35.80	35.69	35.58	35.43	35.32	35.36	35.24	35.16	35.01	34.80	34.66	34.58	34.38	33.50	33.73	33.89	33.85	33.79	33.67	33.53	33.32	33.20	33.00	32.88	32.72	32.46	32.44	32.35	32.21	32.01	31.86	31.68	31.52	31.36	31.17	30.95	30.70	30.51	30.28	30.06	29.81	29.59	29.37	29.16	28.98	28.76	28.57	28.40	28.18	28.01	27.84	27.61	27.44	27.29	27.11	26.90	26.74	26.57	26.42	





Read count (%) per base for different quality score ranges

	KU330797-16_C_L004_R1_037.trimmed.fastq.gz
Ranges	0-10	11-20	21-30	31-40
Base
1	0.01	1.67	10.24	88.09
2	0.00	0.78	8.73	90.50
3	0.00	0.51	7.95	91.53
4	0.00	0.45	3.28	96.27
5	0.00	0.47	3.53	96.00
6	0.00	0.50	3.50	96.00
7	0.00	0.49	3.50	96.02
8	0.00	0.52	3.64	95.84
9	0.00	0.50	3.60	95.89
10	0.00	0.51	3.59	95.90
11	0.00	0.52	3.73	95.75
12	0.00	0.55	3.81	95.64
13	0.00	0.55	3.92	95.52
14	0.00	1.08	6.30	92.62
15	0.00	1.10	6.37	92.52
16	0.00	1.09	6.36	92.55
17	0.00	1.10	6.38	92.52
18	0.00	1.08	6.22	92.70
19	0.00	1.10	6.35	92.55
20	0.00	1.11	6.41	92.48
21	0.00	1.12	6.40	92.48
22	0.00	1.09	6.37	92.54
23	0.00	1.08	6.32	92.60
24	0.00	1.09	6.49	92.42
25	0.00	1.08	6.44	92.48
26	0.00	1.12	6.53	92.36
27	0.00	1.07	6.44	92.49
28	0.00	1.05	6.44	92.51
29	0.00	1.03	6.51	92.45
30	0.00	1.00	6.48	92.52
31	0.00	0.99	6.56	92.45
32	0.00	0.95	6.57	92.48
33	0.00	0.95	6.64	92.42
34	0.00	0.97	6.74	92.30
35	0.00	0.95	6.75	92.30
36	0.00	0.93	6.70	92.37
37	0.00	0.97	6.93	92.10
38	0.00	0.92	6.71	92.37
39	0.00	0.91	6.68	92.41
40	0.00	0.91	6.69	92.40
41	0.00	0.93	6.78	92.29
42	0.00	0.85	6.56	92.59
43	0.00	0.83	6.47	92.70
44	0.00	0.86	6.51	92.63
45	0.00	0.88	6.53	92.60
46	0.00	0.87	6.49	92.64
47	0.00	0.83	6.38	92.79
48	0.00	0.85	6.48	92.67
49	0.00	0.87	6.43	92.70
50	0.00	0.81	6.31	92.89
51	0.00	0.82	6.19	92.99
52	0.00	0.78	6.08	93.13
53	0.00	0.78	5.99	93.23
54	0.00	0.75	5.86	93.38
55	0.00	0.79	6.00	93.21
56	0.00	0.81	6.10	93.09
57	0.00	0.75	5.87	93.38
58	0.00	0.78	5.98	93.24
59	0.00	0.75	5.97	93.28
60	0.00	0.71	5.79	93.50
61	0.00	0.70	5.73	93.57
62	0.00	0.72	5.84	93.45
63	0.00	0.74	5.99	93.27
64	0.00	0.73	6.01	93.26
65	0.00	0.71	5.91	93.37
66	0.00	0.72	6.02	93.26
67	0.00	0.73	6.11	93.16
68	0.00	0.67	5.96	93.36
69	0.00	0.71	6.17	93.12
70	0.00	0.71	6.26	93.03
71	0.00	0.70	6.26	93.03
72	0.00	0.71	6.32	92.97
73	0.00	0.71	6.45	92.84
74	0.00	0.74	6.69	92.56
75	0.00	0.74	6.75	92.51
76	0.00	0.65	8.84	90.51
77	0.00	0.61	6.95	92.44
78	0.00	0.61	6.40	93.00
79	0.00	0.62	6.22	93.16
80	0.00	0.64	6.22	93.14
81	0.00	0.64	6.17	93.19
82	0.00	0.68	6.39	92.93
83	0.00	0.68	6.46	92.86
84	0.00	0.74	6.73	92.53
85	0.00	0.76	6.89	92.35
86	0.00	0.76	6.91	92.33
87	0.00	0.79	6.92	92.30
88	0.00	0.76	6.93	92.31
89	0.00	0.83	7.19	91.98
90	0.00	0.88	7.44	91.68
91	0.00	0.88	7.45	91.67
92	0.00	0.90	7.51	91.59
93	0.00	0.94	7.72	91.34
94	0.00	1.04	8.23	90.73
95	0.00	0.99	8.12	90.89
96	0.00	0.99	8.12	90.89
97	0.00	0.96	8.18	90.86
98	0.00	0.98	8.42	90.60
99	0.00	1.05	8.84	90.11
100	0.00	2.92	17.62	79.45


	KU330797-16_C_L004_R2_037.trimmed.fastq.gz
Ranges	0-10	11-20	21-30	31-40
Base
1	0.15	2.51	4.57	92.77
2	0.00	1.19	3.35	95.46
3	0.00	0.79	2.60	96.61
4	0.00	0.67	2.37	96.96
5	0.00	1.32	16.21	82.47
6	0.00	1.02	11.62	87.36
7	0.00	0.93	10.19	88.88
8	0.00	1.02	4.80	94.18
9	0.00	0.93	4.84	94.23
10	0.00	0.92	4.73	94.34
11	0.00	0.93	4.74	94.33
12	0.00	0.91	4.65	94.44
13	0.00	0.88	4.61	94.51
14	0.00	0.90	4.77	94.34
15	0.00	0.86	4.68	94.46
16	0.00	0.87	4.84	94.29
17	0.00	0.83	4.70	94.47
18	0.00	1.53	7.54	90.93
19	0.00	1.51	7.52	90.98
20	0.00	1.48	7.44	91.08
21	0.00	1.46	7.38	91.16
22	0.00	1.41	7.28	91.31
23	0.00	1.43	7.38	91.20
24	0.00	1.39	7.40	91.21
25	0.00	1.36	7.25	91.39
26	0.00	1.32	7.19	91.49
27	0.00	1.24	7.03	91.73
28	0.00	1.29	7.27	91.44
29	0.00	1.31	7.47	91.22
30	0.00	1.26	7.33	91.41
31	0.00	1.17	7.09	91.73
32	0.00	1.13	7.09	91.78
33	0.00	1.13	7.18	91.70
34	0.00	1.12	7.25	91.63
35	0.00	1.08	7.19	91.73
36	0.00	1.01	7.02	91.97
37	0.00	1.00	7.07	91.93
38	0.00	0.97	7.06	91.97
39	0.00	0.98	7.18	91.83
40	0.00	0.94	7.05	92.01
41	0.00	0.93	7.04	92.03
42	0.00	0.93	7.01	92.06
43	0.00	0.92	6.97	92.11
44	0.00	0.92	6.91	92.17
45	0.00	0.93	7.00	92.07
46	0.00	0.90	6.85	92.24
47	0.00	0.86	6.80	92.34
48	0.00	0.91	6.92	92.18
49	0.00	0.90	6.86	92.25
50	0.00	1.16	6.89	91.95
51	0.00	0.99	6.78	92.23
52	0.00	0.98	6.72	92.30
53	0.00	0.91	6.49	92.60
54	0.00	0.94	6.71	92.34
55	0.00	0.61	5.92	93.48
56	0.00	0.63	5.31	94.06
57	0.00	0.70	5.61	93.69
58	0.00	0.77	6.04	93.20
59	0.00	0.77	6.07	93.16
60	0.00	0.78	6.08	93.14
61	0.00	0.78	6.10	93.12
62	0.00	0.83	6.32	92.85
63	0.00	0.78	6.19	93.03
64	0.00	0.82	6.39	92.80
65	0.00	0.76	6.13	93.11
66	0.00	0.75	6.10	93.15
67	0.00	0.83	6.52	92.65
68	0.00	0.68	6.04	93.28
69	0.00	0.65	5.78	93.57
70	0.00	0.65	5.73	93.62
71	0.00	0.67	5.86	93.47
72	0.00	0.63	5.70	93.66
73	0.00	0.64	5.75	93.61
74	0.00	0.60	5.60	93.79
75	0.00	0.58	5.48	93.94
76	0.00	0.57	5.47	93.96
77	0.00	0.59	5.57	93.84
78	0.00	0.62	5.79	93.59
79	0.00	0.60	5.72	93.69
80	0.00	0.59	5.75	93.66
81	0.00	0.59	5.85	93.56
82	0.00	0.64	6.04	93.32
83	0.00	0.63	6.06	93.31
84	0.00	0.65	6.20	93.16
85	0.00	0.65	6.16	93.19
86	0.00	0.64	6.11	93.25
87	0.00	0.66	6.24	93.10
88	0.00	0.67	6.28	93.05
89	0.00	0.67	6.24	93.09
90	0.00	0.76	6.62	92.63
91	0.00	0.73	6.59	92.67
92	0.00	0.75	6.68	92.57
93	0.00	0.80	6.82	92.38
94	0.00	0.80	6.96	92.24
95	0.00	0.80	6.96	92.24
96	0.00	0.80	6.93	92.27
97	0.00	0.81	7.00	92.19
98	0.00	0.79	7.05	92.16
99	0.00	0.84	7.30	91.86
100	0.00	0.97	7.73	91.30




