Parameters
	Library type	Paired-end
	Input files	KU330797-16_C_L004_R1_040.trimmed.fastq.gz	KU330797-16_C_L004_R2_040.trimmed.fastq.gz
	Primer/Adaptor library	NA
	Cut-off read length for HQ	70%
	Cut-off quality score	20
	Only statistics	On
	Number of CPUs	2


QC statistics
	File name	KU330797-16_C_L004_R1_040.trimmed.fastq.gz	KU330797-16_C_L004_R2_040.trimmed.fastq.gz
	Total number of reads	4000000	4000000
	Total number of HQ reads	3985596	3985596
	Percentage of HQ reads	99.64%	99.64%
	Total number of bases	370957715	366309991
	Total number of bases in HQ reads	370137874	366124140
	Total number of HQ bases in HQ reads	368555624	364449520
	Percentage of HQ bases in HQ reads	99.57%	99.54%
	Number of Primer/Adaptor contaminated HQ reads	NA	NA
	Total number of HQ filtered reads	3985596	3985596
	Percentage of HQ filtered reads	99.64%	99.64%


Detailed QC statistics
	File name	KU330797-16_C_L004_R1_040.trimmed.fastq.gz	KU330797-16_C_L004_R2_040.trimmed.fastq.gz
	Minimum read length	1	1
	Maximum read length	100	100
	Average read length	92.74	91.58
	Total number of reads	4000000	4000000
	Total number of reads with non-ATGC bases	138	5234
	Percentage of reads with non-ATGC bases	0.00%	0.13%
	Total number of bases	370957715	366309991
	Total number of HQ bases	369345669	364578313
	Percentage of HQ bases	99.57%	99.53%
	Total number of non-ATGC bases	138	5234
	Percentage of non-ATGC bases	0.00%	0.00%


Average quality score at each base position of input reads

KU330797-16_C_L004_R1_040.trimmed.fastq.gz
32.44	32.84	32.97	36.28	36.22	36.23	36.23	36.22	37.92	37.92	37.90	37.88	37.88	39.33	39.31	39.28	39.23	39.20	39.17	39.13	39.09	39.04	38.98	38.91	38.83	38.75	38.66	38.51	38.44	38.32	38.23	38.10	37.99	37.85	37.74	37.62	37.49	37.32	37.22	37.08	36.95	37.01	36.94	36.88	36.81	36.65	36.56	36.40	36.31	36.34	36.29	36.22	36.05	35.89	35.78	35.65	35.51	35.37	35.23	35.06	34.88	34.69	34.52	34.34	34.15	33.98	33.74	33.54	33.29	33.01	32.80	32.55	32.29	32.04	31.79	30.96	31.13	31.14	30.96	30.77	30.60	30.38	30.17	29.96	29.75	29.51	29.32	29.17	29.00	28.83	28.64	28.45	28.29	28.13	27.95	27.78	27.64	27.47	27.29	26.16	

KU330797-16_C_L004_R2_040.trimmed.fastq.gz
36.09	36.39	36.53	36.59	31.28	31.92	32.34	35.83	35.86	35.86	35.84	35.82	37.44	37.41	37.37	37.29	37.25	38.62	38.54	38.48	38.39	38.30	38.29	38.22	38.15	38.06	37.98	37.93	37.82	37.74	37.64	37.55	37.45	37.37	37.25	37.17	37.04	36.94	36.84	36.75	36.63	36.52	36.41	36.29	36.17	36.05	36.06	36.00	35.92	35.82	35.70	35.56	35.42	35.27	34.38	34.60	34.73	34.71	34.63	34.51	34.38	34.19	34.04	33.85	33.70	33.50	33.28	33.35	33.23	33.12	32.99	32.83	32.67	32.49	32.27	32.08	31.87	31.67	31.43	31.21	30.98	30.77	30.49	30.28	30.06	29.84	29.65	29.45	29.26	29.06	28.89	28.70	28.53	28.34	28.20	28.02	27.77	27.59	27.42	27.25	





Read count (%) per base for different quality score ranges

	KU330797-16_C_L004_R1_040.trimmed.fastq.gz
Ranges	0-10	11-20	21-30	31-40
Base
1	0.00	0.97	7.73	91.30
2	0.00	0.48	6.47	93.05
3	0.00	0.37	6.00	93.64
4	0.00	0.32	2.38	97.30
5	0.00	0.36	2.72	96.92
6	0.00	0.37	2.64	96.99
7	0.00	0.38	2.66	96.97
8	0.00	0.38	2.68	96.94
9	0.00	0.39	2.77	96.84
10	0.00	0.39	2.79	96.83
11	0.00	0.40	2.82	96.78
12	0.00	0.41	2.87	96.71
13	0.00	0.40	2.84	96.76
14	0.00	0.93	5.54	93.53
15	0.00	0.95	5.54	93.52
16	0.00	0.93	5.52	93.54
17	0.00	0.97	5.63	93.40
18	0.00	0.95	5.54	93.51
19	0.00	1.01	5.78	93.21
20	0.00	0.98	5.71	93.31
21	0.00	0.97	5.63	93.40
22	0.00	0.98	5.61	93.41
23	0.00	0.95	5.60	93.45
24	0.00	0.99	5.75	93.26
25	0.00	0.97	5.74	93.29
26	0.00	1.00	5.68	93.33
27	0.00	0.96	5.69	93.35
28	0.00	1.00	5.88	93.12
29	0.00	0.92	5.72	93.36
30	0.00	0.93	5.81	93.27
31	0.00	0.88	5.76	93.36
32	0.00	0.89	5.88	93.24
33	0.00	0.87	5.91	93.22
34	0.00	0.87	6.01	93.12
35	0.00	0.84	5.97	93.19
36	0.00	0.84	5.93	93.23
37	0.00	0.82	5.93	93.26
38	0.00	0.85	6.03	93.12
39	0.00	0.81	5.92	93.26
40	0.00	0.81	5.93	93.25
41	0.00	0.83	5.91	93.27
42	0.00	0.77	5.94	93.29
43	0.00	0.81	5.96	93.23
44	0.00	0.78	5.82	93.40
45	0.00	0.79	5.71	93.50
46	0.00	0.83	5.93	93.23
47	0.00	0.79	5.77	93.44
48	0.00	0.84	5.99	93.17
49	0.00	0.80	5.80	93.40
50	0.00	0.73	5.53	93.74
51	0.00	0.71	5.44	93.84
52	0.00	0.68	5.24	94.08
53	0.00	0.74	5.42	93.84
54	0.00	0.74	5.44	93.82
55	0.00	0.71	5.33	93.96
56	0.00	0.68	5.19	94.13
57	0.00	0.68	5.15	94.17
58	0.00	0.67	5.08	94.25
59	0.00	0.64	5.07	94.29
60	0.00	0.64	5.09	94.28
61	0.00	0.64	5.13	94.23
62	0.00	0.65	5.16	94.19
63	0.00	0.64	5.15	94.21
64	0.00	0.63	5.13	94.24
65	0.00	0.63	5.17	94.20
66	0.00	0.62	5.13	94.25
67	0.00	0.65	5.25	94.10
68	0.00	0.63	5.27	94.10
69	0.00	0.63	5.41	93.96
70	0.00	0.63	5.37	94.00
71	0.00	0.60	5.40	94.00
72	0.00	0.64	5.54	93.82
73	0.00	0.65	5.70	93.65
74	0.00	0.65	5.78	93.57
75	0.00	0.65	5.83	93.52
76	0.00	0.58	7.76	91.66
77	0.00	0.56	6.06	93.37
78	0.00	0.55	5.50	93.95
79	0.00	0.59	5.53	93.88
80	0.00	0.58	5.46	93.95
81	0.00	0.55	5.30	94.15
82	0.00	0.57	5.37	94.05
83	0.00	0.60	5.44	93.97
84	0.00	0.61	5.54	93.86
85	0.00	0.65	5.71	93.64
86	0.00	0.70	6.04	93.26
87	0.00	0.72	6.14	93.14
88	0.00	0.70	6.05	93.25
89	0.00	0.72	6.15	93.12
90	0.00	0.75	6.34	92.91
91	0.00	0.80	6.56	92.64
92	0.00	0.88	6.90	92.22
93	0.00	0.88	6.97	92.16
94	0.00	0.90	7.12	91.99
95	0.00	0.93	7.32	91.75
96	0.00	0.94	7.45	91.61
97	0.00	0.87	7.36	91.77
98	0.00	0.90	7.59	91.51
99	0.00	0.94	7.79	91.27
100	0.00	2.36	15.14	82.50


	KU330797-16_C_L004_R2_040.trimmed.fastq.gz
Ranges	0-10	11-20	21-30	31-40
Base
1	0.13	1.88	3.31	94.67
2	0.00	0.90	2.44	96.66
3	0.00	0.56	1.88	97.56
4	0.00	0.47	1.69	97.84
5	0.00	1.30	18.07	80.63
6	0.00	0.74	10.38	88.88
7	0.00	0.65	8.19	91.16
8	0.00	0.64	3.53	95.84
9	0.00	0.62	3.50	95.87
10	0.00	0.66	3.47	95.88
11	0.00	0.65	3.43	95.92
12	0.00	0.64	3.39	95.97
13	0.00	0.62	3.33	96.05
14	0.00	0.62	3.35	96.03
15	0.00	0.60	3.35	96.05
16	0.00	0.62	3.46	95.92
17	0.00	0.61	3.41	95.99
18	0.00	1.32	6.48	92.20
19	0.00	1.32	6.45	92.23
20	0.00	1.27	6.38	92.36
21	0.00	1.26	6.38	92.36
22	0.00	1.26	6.38	92.36
23	0.00	1.24	6.39	92.36
24	0.00	1.22	6.35	92.43
25	0.00	1.16	6.27	92.57
26	0.00	1.16	6.24	92.60
27	0.00	1.13	6.19	92.68
28	0.00	1.14	6.36	92.51
29	0.00	1.14	6.39	92.47
30	0.00	1.06	6.25	92.69
31	0.00	1.04	6.19	92.77
32	0.00	1.00	6.18	92.82
33	0.00	0.97	6.15	92.88
34	0.00	0.91	6.04	93.05
35	0.00	0.92	6.14	92.94
36	0.00	0.86	6.07	93.07
37	0.00	0.88	6.20	92.92
38	0.00	0.86	6.11	93.03
39	0.00	0.83	6.10	93.07
40	0.00	0.81	6.05	93.15
41	0.00	0.82	6.10	93.08
42	0.00	0.81	6.03	93.16
43	0.00	0.80	6.04	93.16
44	0.00	0.81	5.99	93.20
45	0.00	0.80	6.02	93.18
46	0.00	0.79	5.94	93.26
47	0.00	0.78	6.03	93.20
48	0.00	0.77	5.94	93.29
49	0.00	0.76	5.88	93.36
50	0.00	0.77	5.87	93.36
51	0.00	0.76	5.73	93.51
52	0.00	0.76	5.76	93.48
53	0.00	0.77	5.75	93.48
54	0.00	0.76	5.73	93.51
55	0.00	0.51	4.90	94.60
56	0.00	0.54	4.43	95.03
57	0.00	0.64	4.92	94.44
58	0.00	0.68	5.24	94.07
59	0.00	0.72	5.39	93.90
60	0.00	0.71	5.41	93.88
61	0.00	0.70	5.33	93.96
62	0.00	0.75	5.55	93.70
63	0.00	0.72	5.53	93.75
64	0.00	0.76	5.65	93.59
65	0.00	0.72	5.59	93.69
66	0.00	0.75	5.74	93.52
67	0.00	0.76	5.88	93.35
68	0.00	0.61	5.28	94.11
69	0.00	0.61	5.19	94.20
70	0.00	0.58	5.03	94.38
71	0.00	0.58	4.95	94.47
72	0.00	0.56	4.89	94.55
73	0.00	0.54	4.80	94.66
74	0.00	0.52	4.80	94.68
75	0.00	0.53	4.88	94.58
76	0.00	0.53	4.88	94.60
77	0.00	0.52	4.86	94.62
78	0.00	0.52	4.83	94.66
79	0.00	0.52	4.93	94.54
80	0.00	0.52	4.94	94.55
81	0.00	0.54	5.02	94.45
82	0.00	0.52	4.99	94.49
83	0.00	0.59	5.34	94.07
84	0.00	0.57	5.30	94.13
85	0.00	0.58	5.38	94.04
86	0.00	0.59	5.43	93.97
87	0.00	0.59	5.44	93.96
88	0.00	0.61	5.53	93.86
89	0.00	0.63	5.62	93.75
90	0.00	0.66	5.76	93.59
91	0.00	0.67	5.80	93.53
92	0.00	0.70	5.98	93.32
93	0.00	0.72	6.06	93.22
94	0.00	0.76	6.30	92.94
95	0.00	0.75	6.28	92.97
96	0.00	0.76	6.36	92.88
97	0.00	0.76	6.45	92.79
98	0.00	0.78	6.62	92.60
99	0.00	0.79	6.72	92.49
100	0.00	0.93	7.14	91.93




