Parameters
	Library type	Single-end
	Input file	/Volumes/wdhd/users/joaks1/projects/gekgo/data/genomes/msg/plate1/demultiplexed-raw/fastq/CDS_3751_Cyrtodactylus_philippinicus_Lubang_R1.fq
	Primer/Adaptor library	NA
	Cut-off read length for HQ	70%
	Cut-off quality score	20
	Only statistics	On
	Number of processes	2


QC statistics
	File name	CDS_3751_Cyrtodactylus_philippinicus_Lubang_R1.fq
	Total number of reads	377754
	Total number of HQ reads	370082
	Percentage of HQ reads	97.97%
	Total number of bases	35886630
	Total number of bases in HQ reads	35157790
	Total number of HQ bases in HQ reads	31498457
	Percentage of HQ bases in HQ reads	89.59%
	Number of Primer/Adaptor contaminated HQ reads	NA
	Total number of HQ filtered reads	370082
	Percentage of HQ filtered reads	97.97%


Detailed QC statistics
	File name	CDS_3751_Cyrtodactylus_philippinicus_Lubang_R1.fq
	Minimum read length	95
	Maximum read length	95
	Average read length	95.00
	Total number of reads	377754
	Total number of reads with non-ATGC bases	161
	Percentage of reads with non-ATGC bases	0.04%
	Total number of bases	35886630
	Total number of HQ bases	31938626
	Percentage of HQ bases	89.00%
	Total number of non-ATGC bases	843
	Percentage of non-ATGC bases	0.00%


Average quality score at each base position of input reads

CDS_3751_Cyrtodactylus_philippinicus_Lubang_R1.fq
36.83	36.70	36.89	36.30	36.88	36.93	36.71	39.12	38.38	37.99	38.13	38.42	38.24	38.23	38.28	37.83	38.04	37.37	37.27	37.09	37.57	36.98	37.04	37.09	37.46	37.23	37.28	37.71	36.76	36.45	36.67	36.75	36.56	36.78	37.25	36.83	37.08	37.40	37.69	36.91	36.78	36.68	36.62	36.27	36.00	34.62	32.85	30.60	27.97	25.00	22.52	21.01	19.89	19.22	18.73	18.60	18.79	19.01	20.10	21.16	23.00	24.91	26.84	28.75	30.48	31.58	32.60	33.28	33.64	32.74	33.23	33.85	34.28	34.37	34.22	34.36	34.43	34.23	34.20	34.24	34.25	34.05	34.06	34.15	34.02	34.06	34.12	34.21	34.31	34.30	34.22	34.16	34.11	34.10	33.06	




Read count (%) per base for different quality score ranges

	CDS_3751_Cyrtodactylus_philippinicus_Lubang_R1.fq
Ranges	0-10	11-20	21-30	31-40
Base
1	0.00	0.26	0.26	99.48
2	0.00	0.12	0.09	99.79
3	0.00	0.13	0.16	99.72
4	0.00	0.36	0.97	98.68
5	0.00	0.10	0.28	99.62
6	0.00	0.06	0.20	99.74
7	0.00	0.42	0.90	98.67
8	0.00	0.59	0.65	98.76
9	0.02	0.94	1.49	97.55
10	0.02	1.18	1.66	97.14
11	0.01	1.07	1.26	97.65
12	0.01	0.67	1.11	98.21
13	0.03	0.78	1.79	97.40
14	0.02	0.97	1.57	97.44
15	0.02	0.91	1.31	97.76
16	0.05	1.03	2.05	96.88
17	0.02	0.85	1.36	97.77
18	0.08	1.44	2.71	95.78
19	0.11	1.69	2.56	95.64
20	0.08	1.97	2.82	95.12
21	0.06	1.46	1.89	96.60
22	0.14	1.50	2.50	95.86
23	0.10	1.45	2.54	95.90
24	0.16	1.46	2.40	95.98
25	0.11	1.27	1.83	96.78
26	0.22	1.23	2.57	95.98
27	0.22	1.19	2.40	96.20
28	0.17	1.07	1.65	97.11
29	0.58	1.17	2.64	95.61
30	0.56	1.64	3.64	94.16
31	0.60	1.47	3.20	94.74
32	0.81	1.51	3.22	94.46
33	0.63	1.84	3.71	93.83
34	0.56	1.46	3.11	94.87
35	0.29	1.15	2.22	96.33
36	0.54	1.09	3.24	95.13
37	0.55	0.93	2.60	95.92
38	0.41	0.89	2.33	96.37
39	0.23	0.90	1.95	96.92
40	0.53	0.98	3.07	95.42
41	0.63	1.14	3.51	94.72
42	0.64	1.37	3.83	94.16
43	0.60	1.41	3.98	94.01
44	0.80	1.79	4.69	92.72
45	0.82	1.80	5.18	92.21
46	1.30	2.79	8.74	87.18
47	1.66	5.98	14.00	78.36
48	2.02	11.42	19.64	66.92
49	2.26	20.30	23.84	53.60
50	2.83	34.36	22.51	40.31
51	4.06	47.09	18.17	30.68
52	5.08	54.19	15.91	24.82
53	5.68	59.52	14.74	20.06
54	5.88	63.33	13.30	17.49
55	5.86	65.39	13.80	14.95
56	5.33	66.26	14.73	13.68
57	4.33	65.53	16.74	13.41
58	4.15	63.61	18.67	13.58
59	2.69	57.40	23.66	16.25
60	2.88	50.61	26.27	20.23
61	1.89	41.33	29.69	27.10
62	1.93	31.84	30.54	35.70
63	1.69	24.10	29.10	45.11
64	1.23	17.83	26.15	54.79
65	1.22	12.73	21.87	64.18
66	1.38	9.77	18.64	70.22
67	1.03	7.50	16.07	75.40
68	0.95	5.94	13.97	79.15
69	0.98	5.04	12.76	81.22
70	0.89	4.04	17.02	78.04
71	1.03	4.18	13.01	81.79
72	0.71	3.91	11.13	84.25
73	0.61	3.61	9.54	86.24
74	0.67	3.46	9.20	86.68
75	0.74	3.47	9.82	85.97
76	0.62	3.05	9.24	87.08
77	0.68	2.74	8.72	87.87
78	0.73	2.87	9.27	87.12
79	0.76	2.90	9.21	87.13
80	0.68	2.72	9.08	87.52
81	0.69	2.51	8.95	87.84
82	0.77	2.77	9.47	87.00
83	0.74	2.92	9.08	87.26
84	0.71	2.69	8.76	87.84
85	0.78	2.64	9.23	87.35
86	0.75	2.55	8.99	87.72
87	0.75	2.34	8.91	88.00
88	0.70	2.16	8.49	88.66
89	0.65	1.96	7.90	89.49
90	0.71	1.94	7.83	89.52
91	0.74	2.06	8.03	89.17
92	0.74	2.19	8.26	88.82
93	0.75	2.20	8.38	88.67
94	0.77	2.18	8.37	88.69
95	1.27	3.15	12.36	83.23




