Parameters
	Library type	Single-end
	Input file	/Volumes/wdhd/users/joaks1/projects/gekgo/data/genomes/msg/plate1/demultiplexed-raw/fastq/CDS_5822_Cyrtodactylus_philippinicus_Luzon_R1.fq
	Primer/Adaptor library	NA
	Cut-off read length for HQ	70%
	Cut-off quality score	20
	Only statistics	On
	Number of processes	2


QC statistics
	File name	CDS_5822_Cyrtodactylus_philippinicus_Luzon_R1.fq
	Total number of reads	551466
	Total number of HQ reads	539672
	Percentage of HQ reads	97.86%
	Total number of bases	52389270
	Total number of bases in HQ reads	51268840
	Total number of HQ bases in HQ reads	45840987
	Percentage of HQ bases in HQ reads	89.41%
	Number of Primer/Adaptor contaminated HQ reads	NA
	Total number of HQ filtered reads	539672
	Percentage of HQ filtered reads	97.86%


Detailed QC statistics
	File name	CDS_5822_Cyrtodactylus_philippinicus_Luzon_R1.fq
	Minimum read length	95
	Maximum read length	95
	Average read length	95.00
	Total number of reads	551466
	Total number of reads with non-ATGC bases	229
	Percentage of reads with non-ATGC bases	0.04%
	Total number of bases	52389270
	Total number of HQ bases	46516244
	Percentage of HQ bases	88.79%
	Total number of non-ATGC bases	1316
	Percentage of non-ATGC bases	0.00%


Average quality score at each base position of input reads

CDS_5822_Cyrtodactylus_philippinicus_Luzon_R1.fq
36.85	36.54	36.88	36.30	36.88	36.92	36.70	39.08	38.33	37.95	38.09	38.41	38.16	38.13	38.15	37.64	37.85	37.27	37.18	37.05	37.52	36.88	36.98	37.03	37.40	37.17	37.23	37.67	36.69	36.37	36.59	36.63	36.45	36.67	37.18	36.73	36.98	37.30	37.60	36.79	36.64	36.54	36.50	36.15	35.80	34.39	32.60	30.27	27.63	24.69	22.21	20.72	19.59	18.96	18.56	18.44	18.66	18.88	19.96	21.00	22.84	24.73	26.62	28.53	30.24	31.33	32.31	33.00	33.34	32.41	32.90	33.54	33.98	34.07	33.95	34.11	34.19	33.98	33.97	34.00	34.05	33.82	33.86	33.96	33.85	33.89	33.96	34.04	34.15	34.14	34.06	34.00	33.99	33.98	32.91	




Read count (%) per base for different quality score ranges

	CDS_5822_Cyrtodactylus_philippinicus_Luzon_R1.fq
Ranges	0-10	11-20	21-30	31-40
Base
1	0.00	0.28	0.27	99.45
2	0.00	0.14	0.12	99.75
3	0.00	0.16	0.14	99.70
4	0.00	0.40	0.96	98.64
5	0.00	0.12	0.25	99.62
6	0.00	0.07	0.18	99.75
7	0.00	0.46	0.90	98.63
8	0.00	0.64	0.66	98.69
9	0.02	0.96	1.54	97.47
10	0.02	1.20	1.65	97.12
11	0.01	1.09	1.26	97.64
12	0.01	0.69	1.09	98.21
13	0.03	0.85	1.83	97.29
14	0.02	0.99	1.59	97.41
15	0.02	0.91	1.33	97.75
16	0.04	1.05	2.10	96.81
17	0.01	0.83	1.37	97.78
18	0.08	1.42	2.78	95.72
19	0.11	1.73	2.62	95.54
20	0.10	1.99	2.87	95.05
21	0.08	1.43	1.88	96.60
22	0.18	1.52	2.57	95.74
23	0.12	1.41	2.58	95.88
24	0.21	1.39	2.39	96.01
25	0.14	1.25	1.90	96.71
26	0.29	1.22	2.58	95.92
27	0.27	1.17	2.41	96.15
28	0.20	1.01	1.69	97.11
29	0.69	1.07	2.69	95.55
30	0.63	1.62	3.79	93.96
31	0.67	1.43	3.34	94.55
32	0.88	1.61	3.36	94.15
33	0.70	1.90	3.83	93.58
34	0.65	1.51	3.23	94.61
35	0.30	1.19	2.32	96.19
36	0.53	1.16	3.43	94.88
37	0.58	0.98	2.79	95.64
38	0.45	0.92	2.46	96.17
39	0.26	0.91	2.03	96.80
40	0.55	1.06	3.34	95.05
41	0.68	1.22	3.74	94.36
42	0.71	1.48	4.09	93.72
43	0.62	1.48	4.33	93.57
44	0.81	1.86	4.99	92.34
45	0.89	1.97	5.73	91.40
46	1.39	2.99	9.68	85.93
47	1.88	6.18	14.88	77.06
48	2.27	11.87	20.76	65.10
49	2.60	20.61	25.05	51.74
50	3.30	34.51	23.59	38.60
51	4.69	47.15	19.15	29.01
52	5.83	54.13	16.77	23.27
53	6.50	59.53	15.33	18.64
54	6.69	63.10	14.03	16.18
55	6.52	64.99	14.49	14.01
56	6.04	65.69	15.34	12.92
57	5.00	64.87	17.47	12.66
58	4.87	63.13	19.01	12.99
59	3.09	57.42	24.09	15.40
60	3.36	50.52	26.77	19.34
61	2.15	41.36	30.39	26.11
62	2.17	32.15	30.84	34.84
63	1.95	24.40	29.56	44.09
64	1.38	18.21	26.59	53.82
65	1.46	13.01	22.20	63.33
66	1.50	10.12	19.04	69.35
67	1.21	7.77	16.58	74.44
68	1.11	6.10	14.50	78.30
69	1.12	5.25	13.39	80.23
70	1.02	4.32	17.96	76.70
71	1.22	4.39	13.78	80.62
72	0.81	4.12	11.79	83.27
73	0.72	3.81	10.09	85.38
74	0.74	3.66	9.88	85.73
75	0.78	3.65	10.43	85.14
76	0.70	3.23	9.75	86.32
77	0.75	2.88	9.28	87.09
78	0.85	3.04	9.89	86.22
79	0.81	3.06	9.87	86.26
80	0.77	2.89	9.75	86.59
81	0.74	2.64	9.54	87.08
82	0.85	2.97	10.08	86.10
83	0.83	3.03	9.58	86.56
84	0.77	2.82	9.32	87.09
85	0.85	2.80	9.71	86.64
86	0.80	2.71	9.51	86.98
87	0.82	2.54	9.30	87.33
88	0.78	2.34	8.96	87.92
89	0.74	2.10	8.42	88.73
90	0.80	2.11	8.26	88.84
91	0.81	2.26	8.47	88.45
92	0.83	2.35	8.67	88.14
93	0.80	2.35	8.74	88.12
94	0.86	2.28	8.60	88.26
95	1.34	3.38	12.76	82.52




