Parameters
	Library type	Single-end
	Input file	/Volumes/wdhd/users/joaks1/projects/gekgo/data/genomes/msg/plate1/demultiplexed-raw/fastq/CDS_5823_Cyrtodactylus_philippinicus_Luzon_R1.fq
	Primer/Adaptor library	NA
	Cut-off read length for HQ	70%
	Cut-off quality score	20
	Only statistics	On
	Number of processes	2


QC statistics
	File name	CDS_5823_Cyrtodactylus_philippinicus_Luzon_R1.fq
	Total number of reads	1190266
	Total number of HQ reads	1164581
	Percentage of HQ reads	97.84%
	Total number of bases	113075270
	Total number of bases in HQ reads	110635195
	Total number of HQ bases in HQ reads	98995605
	Percentage of HQ bases in HQ reads	89.48%
	Number of Primer/Adaptor contaminated HQ reads	NA
	Total number of HQ filtered reads	1164581
	Percentage of HQ filtered reads	97.84%


Detailed QC statistics
	File name	CDS_5823_Cyrtodactylus_philippinicus_Luzon_R1.fq
	Minimum read length	95
	Maximum read length	95
	Average read length	95.00
	Total number of reads	1190266
	Total number of reads with non-ATGC bases	576
	Percentage of reads with non-ATGC bases	0.05%
	Total number of bases	113075270
	Total number of HQ bases	100466663
	Percentage of HQ bases	88.85%
	Total number of non-ATGC bases	3017
	Percentage of non-ATGC bases	0.00%


Average quality score at each base position of input reads

CDS_5823_Cyrtodactylus_philippinicus_Luzon_R1.fq
35.45	34.98	36.82	36.22	36.87	36.91	36.69	39.09	38.35	37.96	38.11	38.41	38.22	38.21	38.25	37.80	38.00	37.34	37.25	37.07	37.54	36.93	37.01	37.08	37.43	37.21	37.26	37.69	36.74	36.43	36.65	36.68	36.50	36.73	37.22	36.79	37.04	37.36	37.65	36.88	36.72	36.63	36.59	36.24	35.91	34.51	32.76	30.45	27.83	24.85	22.32	20.84	19.72	19.08	18.68	18.53	18.75	18.95	20.02	21.09	22.92	24.82	26.73	28.60	30.35	31.46	32.48	33.19	33.56	32.66	33.17	33.75	34.18	34.25	34.14	34.28	34.35	34.13	34.10	34.11	34.14	33.94	33.99	34.06	33.93	33.97	34.03	34.12	34.24	34.21	34.13	34.08	34.05	34.04	32.98	




Read count (%) per base for different quality score ranges

	CDS_5823_Cyrtodactylus_philippinicus_Luzon_R1.fq
Ranges	0-10	11-20	21-30	31-40
Base
1	0.00	0.59	1.15	98.26
2	0.00	0.15	0.37	99.48
3	0.00	0.14	0.23	99.63
4	0.00	0.41	0.99	98.60
5	0.00	0.12	0.33	99.55
6	0.00	0.08	0.23	99.69
7	0.01	0.45	0.93	98.62
8	0.00	0.63	0.69	98.69
9	0.03	0.95	1.53	97.49
10	0.03	1.21	1.71	97.06
11	0.01	1.08	1.28	97.62
12	0.01	0.69	1.14	98.17
13	0.03	0.83	1.82	97.31
14	0.02	0.99	1.62	97.37
15	0.02	0.93	1.38	97.67
16	0.04	1.04	2.08	96.84
17	0.02	0.85	1.41	97.72
18	0.08	1.42	2.76	95.73
19	0.10	1.71	2.57	95.62
20	0.11	2.02	2.83	95.04
21	0.07	1.50	1.93	96.50
22	0.17	1.57	2.57	95.69
23	0.12	1.45	2.57	95.87
24	0.18	1.44	2.39	96.00
25	0.12	1.32	1.88	96.67
26	0.25	1.26	2.62	95.87
27	0.24	1.23	2.43	96.10
28	0.19	1.05	1.74	97.01
29	0.62	1.17	2.68	95.53
30	0.60	1.65	3.69	94.05
31	0.64	1.47	3.24	94.66
32	0.89	1.59	3.31	94.21
33	0.70	1.88	3.82	93.60
34	0.64	1.51	3.16	94.68
35	0.32	1.21	2.28	96.19
36	0.56	1.12	3.37	94.95
37	0.59	0.97	2.73	95.71
38	0.46	0.93	2.40	96.21
39	0.29	0.91	2.01	96.80
40	0.57	0.99	3.21	95.23
41	0.68	1.21	3.55	94.56
42	0.69	1.42	3.91	93.98
43	0.66	1.44	3.99	93.91
44	0.82	1.86	4.70	92.62
45	0.91	1.90	5.34	91.85
46	1.37	2.97	8.96	86.70
47	1.76	6.03	14.26	77.95
48	2.12	11.69	20.05	66.14
49	2.37	20.51	24.18	52.94
50	3.04	34.66	22.72	39.58
51	4.35	47.55	18.20	29.91
52	5.32	54.59	16.01	24.07
53	5.98	59.92	14.72	19.38
54	6.13	63.64	13.36	16.87
55	5.93	65.52	13.94	14.61
56	5.51	66.22	14.90	13.38
57	4.59	65.27	16.95	13.19
58	4.27	63.85	18.48	13.41
59	2.78	57.73	23.62	15.88
60	3.04	50.71	26.41	19.84
61	1.97	41.46	29.93	26.65
62	2.00	32.14	30.55	35.30
63	1.75	24.39	29.33	44.53
64	1.33	18.20	26.40	54.08
65	1.34	12.95	22.12	63.59
66	1.40	10.10	18.87	69.63
67	1.13	7.60	16.42	74.84
68	1.01	5.96	14.32	78.71
69	1.04	5.16	12.94	80.86
70	0.95	4.18	17.23	77.64
71	1.10	4.23	13.20	81.47
72	0.78	4.02	11.35	83.84
73	0.66	3.72	9.85	85.77
74	0.70	3.56	9.62	86.12
75	0.77	3.52	10.12	85.59
76	0.70	3.13	9.45	86.72
77	0.70	2.82	8.97	87.51
78	0.82	2.94	9.60	86.63
79	0.83	2.94	9.51	86.72
80	0.75	2.85	9.46	86.94
81	0.75	2.58	9.33	87.34
82	0.81	2.84	9.94	86.41
83	0.80	2.89	9.32	86.99
84	0.77	2.73	9.01	87.50
85	0.82	2.73	9.58	86.86
86	0.80	2.59	9.32	87.30
87	0.80	2.44	9.16	87.60
88	0.77	2.23	8.75	88.25
89	0.71	2.04	8.15	89.10
90	0.77	2.03	8.13	89.08
91	0.81	2.15	8.31	88.73
92	0.79	2.23	8.60	88.39
93	0.80	2.25	8.65	88.31
94	0.83	2.22	8.59	88.37
95	1.32	3.23	12.66	82.79




