Parameters
	Library type	Single-end
	Input file	/Volumes/wdhd/users/joaks1/projects/gekgo/data/genomes/msg/plate1/demultiplexed-raw/fastq/CDS_3869_Cyrtodactylus_philippinicus_Lubang_R1.fq
	Primer/Adaptor library	NA
	Cut-off read length for HQ	70%
	Cut-off quality score	20
	Only statistics	On
	Number of processes	2


QC statistics
	File name	CDS_3869_Cyrtodactylus_philippinicus_Lubang_R1.fq
	Total number of reads	52882
	Total number of HQ reads	51670
	Percentage of HQ reads	97.71%
	Total number of bases	5023790
	Total number of bases in HQ reads	4908650
	Total number of HQ bases in HQ reads	4391726
	Percentage of HQ bases in HQ reads	89.47%
	Number of Primer/Adaptor contaminated HQ reads	NA
	Total number of HQ filtered reads	51670
	Percentage of HQ filtered reads	97.71%


Detailed QC statistics
	File name	CDS_3869_Cyrtodactylus_philippinicus_Lubang_R1.fq
	Minimum read length	95
	Maximum read length	95
	Average read length	95.00
	Total number of reads	52882
	Total number of reads with non-ATGC bases	27
	Percentage of reads with non-ATGC bases	0.05%
	Total number of bases	5023790
	Total number of HQ bases	4461760
	Percentage of HQ bases	88.81%
	Total number of non-ATGC bases	114
	Percentage of non-ATGC bases	0.00%


Average quality score at each base position of input reads

CDS_3869_Cyrtodactylus_philippinicus_Lubang_R1.fq
36.76	35.64	36.82	36.30	36.86	36.91	36.69	39.09	38.35	37.98	38.12	38.42	38.25	38.24	38.27	37.85	38.09	37.40	37.29	37.09	37.54	36.95	37.07	37.10	37.44	37.24	37.27	37.69	36.73	36.42	36.63	36.72	36.51	36.78	37.24	36.84	37.04	37.38	37.66	36.90	36.75	36.61	36.59	36.27	35.94	34.53	32.86	30.54	28.01	24.96	22.48	21.01	19.79	19.15	18.64	18.51	18.70	18.90	20.08	21.15	22.98	24.77	26.72	28.62	30.36	31.50	32.54	33.20	33.59	32.69	33.17	33.77	34.20	34.29	34.16	34.30	34.40	34.20	34.17	34.23	34.20	33.98	33.99	34.10	33.97	34.02	34.09	34.14	34.26	34.22	34.16	34.06	34.00	33.99	32.98	




Read count (%) per base for different quality score ranges

	CDS_3869_Cyrtodactylus_philippinicus_Lubang_R1.fq
Ranges	0-10	11-20	21-30	31-40
Base
1	0.00	0.66	0.41	98.92
2	0.00	0.32	0.34	99.35
3	0.00	0.23	0.25	99.52
4	0.00	0.43	0.97	98.59
5	0.00	0.18	0.33	99.49
6	0.00	0.10	0.21	99.69
7	0.01	0.49	0.90	98.59
8	0.00	0.67	0.64	98.69
9	0.03	0.97	1.51	97.49
10	0.02	1.25	1.60	97.12
11	0.01	1.13	1.31	97.55
12	0.01	0.70	1.07	98.22
13	0.02	0.79	1.81	97.38
14	0.01	0.97	1.59	97.44
15	0.02	0.93	1.35	97.71
16	0.03	1.10	2.07	96.81
17	0.01	0.84	1.37	97.78
18	0.08	1.40	2.76	95.75
19	0.11	1.79	2.48	95.61
20	0.08	2.04	2.92	94.96
21	0.07	1.49	1.90	96.54
22	0.14	1.57	2.55	95.74
23	0.10	1.26	2.71	95.93
24	0.15	1.46	2.33	96.07
25	0.12	1.32	1.87	96.69
26	0.20	1.26	2.60	95.93
27	0.20	1.27	2.35	96.19
28	0.21	1.08	1.60	97.11
29	0.61	1.19	2.54	95.66
30	0.55	1.69	3.68	94.08
31	0.64	1.41	3.39	94.55
32	0.76	1.59	3.20	94.45
33	0.68	1.83	3.79	93.71
34	0.57	1.44	3.10	94.89
35	0.29	1.12	2.29	96.30
36	0.49	1.10	3.30	95.11
37	0.61	0.91	2.65	95.83
38	0.44	0.96	2.28	96.32
39	0.24	0.95	1.95	96.85
40	0.51	1.01	3.06	95.42
41	0.64	1.24	3.47	94.65
42	0.72	1.41	3.96	93.91
43	0.62	1.48	4.05	93.85
44	0.77	1.86	4.63	92.74
45	0.84	1.91	5.17	92.08
46	1.35	2.94	8.93	86.78
47	1.79	5.92	13.75	78.55
48	2.12	11.65	19.67	66.55
49	2.31	20.48	23.06	54.15
50	3.18	34.23	22.30	40.29
51	4.39	47.09	17.53	30.99
52	5.53	53.76	15.47	25.24
53	6.16	59.54	14.31	19.99
54	6.36	63.10	12.99	17.55
55	6.51	65.06	13.49	14.93
56	5.70	66.36	14.31	13.64
57	4.47	65.97	16.37	13.18
58	4.61	63.83	17.94	13.62
59	2.75	57.70	23.11	16.44
60	3.01	50.48	26.07	20.44
61	1.98	41.31	29.64	27.08
62	2.12	32.39	30.15	35.34
63	1.73	24.62	29.07	44.58
64	1.34	18.23	26.29	54.14
65	1.34	13.20	21.63	63.82
66	1.36	10.17	18.88	69.59
67	1.13	7.65	16.25	74.97
68	1.02	6.21	14.23	78.54
69	0.97	5.30	13.02	80.71
70	0.92	4.32	17.07	77.69
71	1.19	4.21	13.32	81.28
72	0.84	4.10	11.40	83.65
73	0.65	3.95	9.78	85.62
74	0.71	3.82	9.41	86.06
75	0.78	3.79	10.07	85.36
76	0.68	3.33	9.52	86.48
77	0.70	2.98	8.87	87.45
78	0.82	3.09	9.36	86.73
79	0.82	3.18	9.21	86.79
80	0.71	2.87	9.07	87.35
81	0.75	2.81	9.05	87.39
82	0.83	2.92	9.90	86.36
83	0.84	3.12	9.28	86.76
84	0.74	2.93	8.81	87.51
85	0.82	2.84	9.34	86.99
86	0.80	2.74	8.95	87.52
87	0.80	2.46	9.00	87.73
88	0.76	2.37	8.58	88.29
89	0.66	2.15	7.86	89.33
90	0.66	2.15	8.26	88.92
91	0.75	2.19	8.16	88.90
92	0.82	2.40	8.54	88.24
93	0.79	2.44	8.92	87.85
94	0.79	2.41	8.80	88.00
95	1.36	3.40	12.39	82.85




