Parameters
	Library type	Single-end
	Input file	/Volumes/wdhd/users/joaks1/projects/gekgo/data/genomes/msg/plate1/demultiplexed-raw/fastq/CDS_3752_Cyrtodactylus_philippinicus_Lubang_R1.fq
	Primer/Adaptor library	NA
	Cut-off read length for HQ	70%
	Cut-off quality score	20
	Only statistics	On
	Number of processes	2


QC statistics
	File name	CDS_3752_Cyrtodactylus_philippinicus_Lubang_R1.fq
	Total number of reads	46501
	Total number of HQ reads	45478
	Percentage of HQ reads	97.80%
	Total number of bases	4417595
	Total number of bases in HQ reads	4320410
	Total number of HQ bases in HQ reads	3868440
	Percentage of HQ bases in HQ reads	89.54%
	Number of Primer/Adaptor contaminated HQ reads	NA
	Total number of HQ filtered reads	45478
	Percentage of HQ filtered reads	97.80%


Detailed QC statistics
	File name	CDS_3752_Cyrtodactylus_philippinicus_Lubang_R1.fq
	Minimum read length	95
	Maximum read length	95
	Average read length	95.00
	Total number of reads	46501
	Total number of reads with non-ATGC bases	22
	Percentage of reads with non-ATGC bases	0.05%
	Total number of bases	4417595
	Total number of HQ bases	3927842
	Percentage of HQ bases	88.91%
	Total number of non-ATGC bases	96
	Percentage of non-ATGC bases	0.00%


Average quality score at each base position of input reads

CDS_3752_Cyrtodactylus_philippinicus_Lubang_R1.fq
34.09	33.60	36.73	36.13	36.87	36.93	36.70	39.10	38.34	37.97	38.11	38.41	38.27	38.26	38.29	37.80	37.97	37.33	37.28	37.14	37.58	37.01	37.06	37.09	37.47	37.25	37.31	37.72	36.79	36.47	36.72	36.77	36.58	36.82	37.27	36.84	37.11	37.46	37.72	36.96	36.78	36.71	36.63	36.29	35.93	34.51	32.86	30.48	27.90	25.02	22.50	20.95	19.80	19.10	18.67	18.56	18.75	19.00	20.03	21.08	22.92	24.83	26.73	28.67	30.46	31.48	32.49	33.19	33.52	32.63	33.08	33.74	34.16	34.24	34.10	34.26	34.35	34.16	34.15	34.18	34.19	33.99	33.96	34.03	33.93	34.02	34.13	34.17	34.31	34.27	34.18	34.14	34.10	34.10	33.04	




Read count (%) per base for different quality score ranges

	CDS_3752_Cyrtodactylus_philippinicus_Lubang_R1.fq
Ranges	0-10	11-20	21-30	31-40
Base
1	0.00	0.98	2.98	96.03
2	0.00	0.14	1.00	98.86
3	0.00	0.15	0.26	99.59
4	0.00	0.38	1.06	98.56
5	0.00	0.11	0.29	99.60
6	0.00	0.05	0.16	99.79
7	0.01	0.48	0.87	98.65
8	0.00	0.65	0.59	98.76
9	0.02	0.98	1.51	97.49
10	0.02	1.16	1.75	97.07
11	0.01	1.11	1.35	97.52
12	0.00	0.68	1.17	98.14
13	0.02	0.77	1.67	97.54
14	0.03	0.90	1.54	97.53
15	0.03	0.82	1.29	97.86
16	0.04	0.98	1.99	96.99
17	0.02	0.82	1.31	97.84
18	0.08	1.37	2.63	95.92
19	0.11	1.62	2.54	95.74
20	0.09	1.95	2.69	95.27
21	0.06	1.42	1.83	96.69
22	0.17	1.47	2.43	95.93
23	0.12	1.42	2.37	96.09
24	0.21	1.39	2.31	96.09
25	0.12	1.28	1.74	96.86
26	0.25	1.15	2.61	95.99
27	0.25	1.10	2.38	96.27
28	0.19	1.05	1.62	97.15
29	0.62	1.07	2.65	95.66
30	0.61	1.60	3.49	94.29
31	0.62	1.33	3.19	94.85
32	0.77	1.48	3.24	94.51
33	0.66	1.80	3.58	93.96
34	0.58	1.46	2.96	95.00
35	0.28	1.16	2.29	96.27
36	0.52	1.05	3.24	95.19
37	0.57	0.92	2.53	95.98
38	0.41	0.84	2.27	96.49
39	0.25	0.86	1.92	96.97
40	0.49	0.89	3.20	95.42
41	0.63	1.12	3.50	94.75
42	0.61	1.45	3.79	94.14
43	0.61	1.45	4.02	93.92
44	0.75	1.86	4.71	92.68
45	0.87	1.94	5.42	91.77
46	1.43	2.98	8.95	86.64
47	1.55	6.04	14.29	78.13
48	2.03	11.72	20.04	66.22
49	2.31	20.39	24.17	53.13
50	2.94	33.89	23.06	40.12
51	4.02	46.89	18.78	30.31
52	5.06	54.58	15.99	24.37
53	5.64	59.92	15.17	19.27
54	5.92	63.78	13.42	16.88
55	5.62	66.05	13.87	14.46
56	5.48	66.09	14.99	13.44
57	4.54	65.23	17.12	13.10
58	4.22	63.68	18.63	13.47
59	2.89	57.63	23.47	16.01
60	2.96	50.78	26.61	19.65
61	1.83	41.69	29.77	26.71
62	1.88	32.32	30.53	35.28
63	1.66	24.65	29.10	44.59
64	1.22	18.13	26.18	54.47
65	1.23	12.63	22.00	64.13
66	1.44	9.91	18.92	69.73
67	1.06	7.64	16.43	74.88
68	0.96	6.00	14.17	78.87
69	1.06	5.25	12.92	80.78
70	0.89	4.17	17.52	77.42
71	1.16	4.35	13.35	81.14
72	0.69	4.16	11.27	83.88
73	0.63	3.74	9.83	85.80
74	0.70	3.65	9.41	86.23
75	0.69	3.68	10.18	85.44
76	0.65	3.16	9.53	86.66
77	0.66	2.94	8.81	87.59
78	0.72	2.97	9.44	86.87
79	0.75	2.97	9.28	87.00
80	0.66	2.76	9.32	87.27
81	0.76	2.64	9.09	87.51
82	0.72	2.91	9.84	86.53
83	0.81	3.05	9.23	86.92
84	0.76	2.81	9.07	87.36
85	0.78	2.79	9.57	86.87
86	0.78	2.65	8.94	87.64
87	0.72	2.39	8.72	88.18
88	0.73	2.18	8.71	88.38
89	0.68	2.02	7.84	89.46
90	0.74	2.11	7.76	89.39
91	0.80	2.10	8.29	88.81
92	0.72	2.11	8.69	88.49
93	0.70	2.31	8.38	88.61
94	0.76	2.21	8.38	88.65
95	1.22	3.38	12.38	83.02




