Parameters
	Library type	Single-end
	Input file	/Volumes/wdhd/users/joaks1/projects/gekgo/data/genomes/msg/plate1/demultiplexed-raw/fastq/CDS_3793_Cyrtodactylus_philippinicus_Lubang_R1.fq
	Primer/Adaptor library	NA
	Cut-off read length for HQ	70%
	Cut-off quality score	20
	Only statistics	On
	Number of processes	2


QC statistics
	File name	CDS_3793_Cyrtodactylus_philippinicus_Lubang_R1.fq
	Total number of reads	387255
	Total number of HQ reads	377801
	Percentage of HQ reads	97.56%
	Total number of bases	36789225
	Total number of bases in HQ reads	35891095
	Total number of HQ bases in HQ reads	32134481
	Percentage of HQ bases in HQ reads	89.53%
	Number of Primer/Adaptor contaminated HQ reads	NA
	Total number of HQ filtered reads	377801
	Percentage of HQ filtered reads	97.56%


Detailed QC statistics
	File name	CDS_3793_Cyrtodactylus_philippinicus_Lubang_R1.fq
	Minimum read length	95
	Maximum read length	95
	Average read length	95.00
	Total number of reads	387255
	Total number of reads with non-ATGC bases	162
	Percentage of reads with non-ATGC bases	0.04%
	Total number of bases	36789225
	Total number of HQ bases	32678304
	Percentage of HQ bases	88.83%
	Total number of non-ATGC bases	846
	Percentage of non-ATGC bases	0.00%


Average quality score at each base position of input reads

CDS_3793_Cyrtodactylus_philippinicus_Lubang_R1.fq
36.78	36.53	36.87	36.25	36.85	36.90	36.69	39.11	38.38	37.98	38.11	38.40	38.23	38.23	38.28	37.86	38.07	37.40	37.30	37.11	37.58	36.99	37.05	37.10	37.44	37.23	37.27	37.70	36.77	36.45	36.68	36.73	36.53	36.76	37.24	36.82	37.07	37.40	37.70	36.92	36.79	36.69	36.64	36.29	35.99	34.60	32.88	30.66	28.07	25.04	22.57	21.09	19.98	19.31	18.81	18.64	18.81	19.05	20.09	21.14	22.98	24.88	26.80	28.68	30.39	31.52	32.57	33.24	33.62	32.71	33.22	33.80	34.25	34.31	34.18	34.33	34.40	34.16	34.12	34.16	34.17	33.97	33.99	34.06	33.93	33.96	34.03	34.12	34.23	34.21	34.13	34.05	34.02	34.01	32.98	




Read count (%) per base for different quality score ranges

	CDS_3793_Cyrtodactylus_philippinicus_Lubang_R1.fq
Ranges	0-10	11-20	21-30	31-40
Base
1	0.00	0.35	0.33	99.32
2	0.00	0.15	0.16	99.69
3	0.00	0.17	0.21	99.62
4	0.00	0.48	0.99	98.53
5	0.00	0.16	0.39	99.45
6	0.00	0.10	0.26	99.64
7	0.01	0.46	0.93	98.61
8	0.00	0.61	0.70	98.68
9	0.03	0.97	1.55	97.46
10	0.02	1.25	1.68	97.05
11	0.01	1.15	1.33	97.51
12	0.01	0.73	1.21	98.05
13	0.03	0.87	1.84	97.26
14	0.02	1.02	1.61	97.35
15	0.02	0.95	1.39	97.64
16	0.04	1.08	2.07	96.81
17	0.02	0.89	1.43	97.66
18	0.07	1.48	2.76	95.69
19	0.09	1.80	2.57	95.54
20	0.08	2.05	2.85	95.01
21	0.07	1.50	1.91	96.53
22	0.14	1.56	2.54	95.75
23	0.11	1.51	2.56	95.82
24	0.17	1.50	2.38	95.95
25	0.13	1.36	1.89	96.62
26	0.23	1.32	2.57	95.89
27	0.23	1.29	2.41	96.07
28	0.18	1.14	1.72	96.96
29	0.57	1.27	2.64	95.52
30	0.56	1.72	3.65	94.07
31	0.61	1.50	3.18	94.71
32	0.83	1.57	3.27	94.34
33	0.71	1.88	3.74	93.68
34	0.66	1.50	3.10	94.75
35	0.32	1.22	2.26	96.20
36	0.57	1.13	3.24	95.06
37	0.60	0.95	2.64	95.80
38	0.45	0.90	2.32	96.32
39	0.27	0.89	1.95	96.89
40	0.56	0.96	3.11	95.36
41	0.66	1.17	3.45	94.72
42	0.66	1.46	3.74	94.14
43	0.62	1.42	3.95	94.00
44	0.80	1.85	4.59	92.77
45	0.89	1.87	5.13	92.12
46	1.35	2.93	8.71	87.01
47	1.72	5.98	13.75	78.55
48	2.05	11.56	19.11	67.28
49	2.29	20.24	23.19	54.27
50	2.84	34.45	22.05	40.66
51	4.05	47.10	17.74	31.11
52	4.91	54.23	15.60	25.27
53	5.54	59.47	14.37	20.61
54	5.75	63.24	12.95	18.05
55	5.68	65.47	13.49	15.36
56	5.24	66.30	14.45	14.01
57	4.22	65.87	16.27	13.65
58	4.08	63.74	18.21	13.97
59	2.68	57.75	23.18	16.39
60	2.87	50.93	25.89	20.30
61	1.88	41.57	29.47	27.08
62	1.96	32.15	30.15	35.74
63	1.68	24.49	28.89	44.94
64	1.29	18.27	25.90	54.54
65	1.29	13.19	21.80	63.72
66	1.38	10.15	18.71	69.76
67	1.11	7.69	16.05	75.15
68	1.00	6.16	14.06	78.78
69	1.03	5.30	12.80	80.87
70	0.96	4.39	16.83	77.82
71	1.09	4.43	13.02	81.46
72	0.76	4.26	11.19	83.79
73	0.67	3.91	9.64	85.79
74	0.73	3.78	9.41	86.08
75	0.79	3.78	9.86	85.58
76	0.68	3.33	9.32	86.67
77	0.71	3.00	8.80	87.49
78	0.83	3.19	9.35	86.63
79	0.85	3.21	9.40	86.54
80	0.74	3.06	9.22	86.98
81	0.78	2.83	9.01	87.38
82	0.81	3.07	9.67	86.45
83	0.83	3.14	9.19	86.84
84	0.80	2.97	8.97	87.25
85	0.86	2.94	9.49	86.71
86	0.81	2.88	9.19	87.12
87	0.81	2.65	9.06	87.49
88	0.75	2.42	8.69	88.13
89	0.71	2.22	8.18	88.90
90	0.79	2.20	7.97	89.04
91	0.80	2.33	8.22	88.65
92	0.82	2.51	8.51	88.16
93	0.82	2.52	8.56	88.09
94	0.83	2.45	8.61	88.11
95	1.34	3.36	12.58	82.72




