Parameters
	Library type	Single-end
	Input file	/Volumes/wdhd/users/joaks1/projects/gekgo/data/genomes/msg/plate1/demultiplexed-raw/fastq/CDS_5727_Cyrtodactylus_philippinicus_Luzon_R1.fq
	Primer/Adaptor library	NA
	Cut-off read length for HQ	70%
	Cut-off quality score	20
	Only statistics	On
	Number of processes	2


QC statistics
	File name	CDS_5727_Cyrtodactylus_philippinicus_Luzon_R1.fq
	Total number of reads	51251
	Total number of HQ reads	49831
	Percentage of HQ reads	97.23%
	Total number of bases	4868845
	Total number of bases in HQ reads	4733945
	Total number of HQ bases in HQ reads	4224523
	Percentage of HQ bases in HQ reads	89.24%
	Number of Primer/Adaptor contaminated HQ reads	NA
	Total number of HQ filtered reads	49831
	Percentage of HQ filtered reads	97.23%


Detailed QC statistics
	File name	CDS_5727_Cyrtodactylus_philippinicus_Luzon_R1.fq
	Minimum read length	95
	Maximum read length	95
	Average read length	95.00
	Total number of reads	51251
	Total number of reads with non-ATGC bases	25
	Percentage of reads with non-ATGC bases	0.05%
	Total number of bases	4868845
	Total number of HQ bases	4305370
	Percentage of HQ bases	88.43%
	Total number of non-ATGC bases	121
	Percentage of non-ATGC bases	0.00%


Average quality score at each base position of input reads

CDS_5727_Cyrtodactylus_philippinicus_Luzon_R1.fq
36.37	36.40	36.75	36.06	36.77	36.86	36.62	38.95	38.22	37.86	38.04	38.30	38.17	38.09	38.15	37.75	37.95	37.31	37.19	36.96	37.46	36.79	36.90	36.96	37.36	37.10	37.10	37.56	36.66	36.30	36.51	36.56	36.34	36.58	37.13	36.69	36.97	37.17	37.45	36.73	36.55	36.43	36.47	36.11	35.77	34.41	32.68	30.29	27.63	24.65	22.08	20.56	19.44	18.97	18.44	18.42	18.49	18.94	19.94	20.95	22.92	24.75	26.51	28.44	30.14	31.18	32.39	33.11	33.44	32.54	33.04	33.58	33.98	34.01	33.84	33.95	34.10	33.93	33.94	34.00	34.01	33.78	33.77	33.86	33.72	33.74	33.85	33.96	34.04	34.03	33.98	33.82	33.79	33.78	32.66	




Read count (%) per base for different quality score ranges

	CDS_5727_Cyrtodactylus_philippinicus_Luzon_R1.fq
Ranges	0-10	11-20	21-30	31-40
Base
1	0.00	1.38	1.22	97.40
2	0.00	0.32	0.49	99.20
3	0.00	0.32	0.47	99.21
4	0.00	0.76	1.50	97.75
5	0.00	0.27	0.62	99.11
6	0.00	0.17	0.37	99.45
7	0.00	0.58	1.22	98.20
8	0.01	0.79	0.86	98.34
9	0.04	1.12	1.79	97.06
10	0.04	1.35	1.96	96.66
11	0.02	1.18	1.48	97.32
12	0.01	0.83	1.43	97.73
13	0.03	0.89	1.97	97.11
14	0.03	1.19	1.93	96.85
15	0.03	1.06	1.61	97.31
16	0.04	1.23	2.36	96.37
17	0.03	1.01	1.61	97.35
18	0.11	1.44	2.91	95.55
19	0.10	1.87	2.68	95.35
20	0.12	2.23	3.14	94.52
21	0.07	1.50	2.19	96.24
22	0.18	1.85	2.91	95.06
23	0.10	1.71	2.92	95.27
24	0.22	1.64	2.75	95.38
25	0.13	1.52	1.96	96.39
26	0.26	1.41	2.90	95.43
27	0.31	1.50	2.72	95.47
28	0.23	1.24	1.90	96.63
29	0.61	1.33	2.98	95.08
30	0.70	1.84	3.95	93.50
31	0.67	1.68	3.51	94.15
32	0.94	1.73	3.49	93.84
33	0.77	2.02	4.22	93.00
34	0.76	1.64	3.32	94.27
35	0.36	1.28	2.35	96.01
36	0.64	1.24	3.61	94.51
37	0.55	0.94	2.95	95.55
38	0.59	1.04	2.65	95.71
39	0.35	1.11	2.31	96.23
40	0.73	1.06	3.37	94.84
41	0.82	1.28	4.01	93.89
42	0.86	1.64	4.07	93.42
43	0.74	1.51	4.21	93.54
44	0.98	1.97	4.90	92.15
45	1.06	1.99	5.56	91.38
46	1.44	3.03	9.26	86.27
47	2.01	5.96	14.12	77.92
48	2.30	11.88	20.29	65.52
49	2.65	21.14	23.94	52.27
50	3.48	35.18	22.51	38.83
51	5.16	48.11	17.33	29.40
52	6.25	55.03	15.37	23.36
53	6.83	60.50	13.89	18.78
54	6.76	63.52	12.87	16.84
55	6.82	65.57	13.63	13.98
56	6.28	65.68	14.67	13.37
57	5.23	65.93	16.20	12.64
58	4.51	63.27	18.90	13.32
59	3.29	57.29	23.69	15.74
60	3.58	50.44	26.56	19.41
61	2.15	41.15	30.15	26.55
62	2.25	32.11	30.31	35.32
63	2.06	25.19	28.91	43.84
64	1.60	18.56	26.46	53.38
65	1.52	13.63	22.11	62.74
66	1.61	10.88	19.34	68.17
67	1.28	7.84	16.55	74.33
68	1.14	6.19	14.33	78.34
69	1.21	5.39	13.26	80.14
70	1.11	4.36	17.71	76.82
71	1.26	4.54	13.46	80.74
72	0.96	4.43	11.64	82.97
73	0.91	4.09	10.38	84.62
74	0.96	3.95	10.18	84.91
75	1.06	4.14	10.86	83.94
76	0.96	3.78	10.42	84.85
77	0.92	3.39	9.57	86.13
78	0.99	3.52	9.83	85.66
79	0.96	3.38	9.86	85.80
80	0.88	3.20	9.61	86.31
81	0.82	2.92	9.60	86.66
82	0.98	3.24	10.15	85.63
83	1.05	3.35	9.88	85.72
84	0.91	3.28	9.59	86.22
85	1.03	3.21	10.02	85.74
86	1.02	3.07	9.97	85.94
87	0.96	2.86	9.43	86.75
88	0.96	2.55	9.15	87.34
89	0.84	2.49	8.75	87.92
90	0.97	2.28	8.60	88.15
91	0.96	2.48	8.66	87.89
92	1.05	2.66	9.23	87.05
93	1.05	2.76	9.21	86.98
94	1.06	2.72	9.32	86.90
95	1.65	3.74	13.56	81.05




