Parameters
	Library type	Single-end
	Input file	/Volumes/wdhd/users/joaks1/projects/gekgo/data/genomes/msg/plate1/demultiplexed-raw/fastq/CDS_5627_Cyrtodactylus_philippinicus_Luzon_R1.fq
	Primer/Adaptor library	NA
	Cut-off read length for HQ	70%
	Cut-off quality score	20
	Only statistics	On
	Number of processes	2


QC statistics
	File name	CDS_5627_Cyrtodactylus_philippinicus_Luzon_R1.fq
	Total number of reads	215536
	Total number of HQ reads	210857
	Percentage of HQ reads	97.83%
	Total number of bases	20475920
	Total number of bases in HQ reads	20031415
	Total number of HQ bases in HQ reads	17928726
	Percentage of HQ bases in HQ reads	89.50%
	Number of Primer/Adaptor contaminated HQ reads	NA
	Total number of HQ filtered reads	210857
	Percentage of HQ filtered reads	97.83%


Detailed QC statistics
	File name	CDS_5627_Cyrtodactylus_philippinicus_Luzon_R1.fq
	Minimum read length	95
	Maximum read length	95
	Average read length	95.00
	Total number of reads	215536
	Total number of reads with non-ATGC bases	79
	Percentage of reads with non-ATGC bases	0.04%
	Total number of bases	20475920
	Total number of HQ bases	18196001
	Percentage of HQ bases	88.87%
	Total number of non-ATGC bases	315
	Percentage of non-ATGC bases	0.00%


Average quality score at each base position of input reads

CDS_5627_Cyrtodactylus_philippinicus_Luzon_R1.fq
36.80	36.69	36.87	36.33	36.86	36.90	36.68	39.07	38.35	37.94	38.10	38.40	38.21	38.20	38.25	37.81	38.02	37.35	37.23	37.05	37.52	36.93	37.03	37.09	37.44	37.21	37.23	37.68	36.75	36.40	36.63	36.68	36.48	36.73	37.21	36.77	37.03	37.37	37.65	36.85	36.71	36.60	36.56	36.22	35.91	34.51	32.74	30.42	27.81	24.89	22.36	20.89	19.71	19.08	18.66	18.53	18.78	19.00	20.06	21.12	22.95	24.81	26.73	28.62	30.41	31.52	32.55	33.23	33.58	32.68	33.18	33.77	34.18	34.25	34.14	34.27	34.36	34.13	34.12	34.14	34.16	33.95	33.98	34.06	33.93	33.97	34.06	34.15	34.26	34.24	34.15	34.09	34.06	34.04	32.99	




Read count (%) per base for different quality score ranges

	CDS_5627_Cyrtodactylus_philippinicus_Luzon_R1.fq
Ranges	0-10	11-20	21-30	31-40
Base
1	0.00	0.37	0.36	99.28
2	0.00	0.14	0.15	99.71
3	0.00	0.16	0.21	99.64
4	0.00	0.41	1.01	98.58
5	0.00	0.13	0.37	99.50
6	0.00	0.09	0.27	99.64
7	0.01	0.49	0.98	98.53
8	0.00	0.66	0.74	98.59
9	0.03	0.97	1.60	97.40
10	0.02	1.27	1.75	96.97
11	0.01	1.09	1.35	97.55
12	0.01	0.71	1.16	98.13
13	0.03	0.86	1.84	97.28
14	0.03	1.04	1.64	97.29
15	0.02	0.94	1.40	97.65
16	0.04	1.05	2.06	96.85
17	0.02	0.81	1.39	97.79
18	0.08	1.41	2.75	95.76
19	0.11	1.75	2.62	95.52
20	0.09	2.11	2.86	94.94
21	0.07	1.55	1.94	96.45
22	0.17	1.57	2.58	95.67
23	0.11	1.44	2.55	95.90
24	0.18	1.42	2.36	96.05
25	0.13	1.34	1.82	96.72
26	0.24	1.26	2.63	95.86
27	0.26	1.29	2.51	95.94
28	0.19	1.08	1.76	96.97
29	0.63	1.16	2.67	95.53
30	0.63	1.68	3.66	94.02
31	0.66	1.49	3.25	94.60
32	0.86	1.60	3.35	94.19
33	0.73	1.93	3.72	93.62
34	0.66	1.50	3.17	94.66
35	0.32	1.22	2.27	96.19
36	0.59	1.17	3.32	94.92
37	0.62	0.96	2.73	95.69
38	0.47	0.91	2.35	96.27
39	0.29	0.98	1.99	96.75
40	0.57	1.03	3.25	95.15
41	0.67	1.20	3.60	94.53
42	0.69	1.46	3.98	93.87
43	0.66	1.46	4.11	93.77
44	0.84	1.86	4.77	92.53
45	0.86	1.91	5.39	91.84
46	1.38	2.98	8.95	86.69
47	1.79	6.11	14.30	77.81
48	2.11	11.73	20.38	65.78
49	2.33	20.67	24.22	52.79
50	3.02	34.49	22.71	39.77
51	4.26	47.44	18.37	29.93
52	5.21	54.55	15.99	24.25
53	5.95	60.02	14.74	19.29
54	5.94	64.03	13.09	16.94
55	5.89	65.71	13.82	14.58
56	5.48	66.18	14.94	13.41
57	4.44	65.36	16.94	13.27
58	4.24	63.56	18.63	13.57
59	2.77	57.46	23.70	16.07
60	2.92	50.76	26.33	19.99
61	1.91	41.48	29.82	26.79
62	1.98	32.20	30.57	35.25
63	1.77	24.35	29.31	44.57
64	1.34	18.05	26.41	54.20
65	1.29	12.75	22.06	63.90
66	1.35	9.93	18.71	70.01
67	1.09	7.46	16.26	75.19
68	1.03	5.84	14.15	78.98
69	1.04	5.03	12.99	80.94
70	0.91	4.13	17.20	77.76
71	1.13	4.13	13.17	81.57
72	0.77	3.94	11.37	83.92
73	0.67	3.68	9.86	85.79
74	0.71	3.56	9.65	86.08
75	0.75	3.48	10.19	85.58
76	0.69	3.12	9.44	86.75
77	0.70	2.76	8.93	87.60
78	0.79	3.00	9.56	86.64
79	0.78	2.93	9.56	86.73
80	0.74	2.84	9.31	87.10
81	0.74	2.57	9.24	87.45
82	0.84	2.82	9.89	86.44
83	0.79	2.93	9.42	86.87
84	0.71	2.75	9.15	87.39
85	0.82	2.71	9.58	86.89
86	0.84	2.57	9.32	87.28
87	0.75	2.41	9.13	87.71
88	0.78	2.17	8.64	88.41
89	0.69	2.04	8.01	89.27
90	0.76	2.00	8.01	89.22
91	0.83	2.13	8.21	88.84
92	0.81	2.21	8.47	88.50
93	0.82	2.26	8.48	88.44
94	0.83	2.26	8.48	88.42
95	1.29	3.23	12.61	82.88




