Parameters
	Library type	Single-end
	Input file	/Volumes/wdhd/users/joaks1/projects/gekgo/data/genomes/msg/plate1/demultiplexed-raw/fastq/CDS_4659_Cyrtodactylus_annulatus_Bohol_R1.fq
	Primer/Adaptor library	NA
	Cut-off read length for HQ	70%
	Cut-off quality score	20
	Only statistics	On
	Number of processes	2


QC statistics
	File name	CDS_4659_Cyrtodactylus_annulatus_Bohol_R1.fq
	Total number of reads	514648
	Total number of HQ reads	503642
	Percentage of HQ reads	97.86%
	Total number of bases	48891560
	Total number of bases in HQ reads	47845990
	Total number of HQ bases in HQ reads	42867696
	Percentage of HQ bases in HQ reads	89.60%
	Number of Primer/Adaptor contaminated HQ reads	NA
	Total number of HQ filtered reads	503642
	Percentage of HQ filtered reads	97.86%


Detailed QC statistics
	File name	CDS_4659_Cyrtodactylus_annulatus_Bohol_R1.fq
	Minimum read length	95
	Maximum read length	95
	Average read length	95.00
	Total number of reads	514648
	Total number of reads with non-ATGC bases	230
	Percentage of reads with non-ATGC bases	0.04%
	Total number of bases	48891560
	Total number of HQ bases	43486729
	Percentage of HQ bases	88.95%
	Total number of non-ATGC bases	1378
	Percentage of non-ATGC bases	0.00%


Average quality score at each base position of input reads

CDS_4659_Cyrtodactylus_annulatus_Bohol_R1.fq
36.84	36.41	36.87	36.41	36.88	36.93	36.69	39.12	38.40	38.04	38.18	38.49	38.13	37.97	38.06	37.61	37.91	37.37	37.29	37.13	37.62	36.99	37.08	37.14	37.47	37.26	37.30	37.75	36.81	36.48	36.69	36.70	36.53	36.75	37.26	36.80	37.06	37.35	37.67	36.88	36.73	36.59	36.51	36.16	35.87	34.44	32.59	30.17	27.59	24.56	22.30	20.82	19.91	19.18	18.73	18.59	18.73	19.10	20.02	21.04	22.88	24.82	26.64	28.57	30.18	31.24	32.24	32.98	33.31	32.41	32.89	33.40	33.83	33.95	33.87	33.99	34.07	33.88	33.87	33.93	33.98	33.84	33.88	33.97	33.88	33.89	33.96	34.05	34.17	34.21	34.16	34.12	34.08	34.05	32.89	




Read count (%) per base for different quality score ranges

	CDS_4659_Cyrtodactylus_annulatus_Bohol_R1.fq
Ranges	0-10	11-20	21-30	31-40
Base
1	0.00	0.34	0.31	99.34
2	0.00	0.15	0.18	99.67
3	0.00	0.18	0.17	99.66
4	0.00	0.39	0.80	98.81
5	0.00	0.14	0.26	99.60
6	0.00	0.08	0.18	99.74
7	0.01	0.46	0.92	98.61
8	0.00	0.66	0.68	98.65
9	0.02	0.92	1.47	97.58
10	0.02	1.17	1.59	97.22
11	0.01	1.03	1.22	97.74
12	0.01	0.64	1.02	98.34
13	0.02	0.75	1.66	97.56
14	0.02	0.96	1.55	97.47
15	0.01	0.90	1.25	97.83
16	0.05	1.00	1.95	97.00
17	0.02	0.81	1.32	97.85
18	0.09	1.31	2.52	96.08
19	0.13	1.61	2.46	95.80
20	0.12	1.86	2.73	95.29
21	0.10	1.37	1.79	96.74
22	0.26	1.33	2.42	95.99
23	0.17	1.32	2.43	96.08
24	0.30	1.23	2.25	96.22
25	0.20	1.16	1.80	96.85
26	0.37	1.05	2.48	96.10
27	0.33	1.12	2.40	96.15
28	0.24	0.99	1.60	97.17
29	0.70	1.00	2.58	95.72
30	0.64	1.57	3.57	94.22
31	0.66	1.41	3.19	94.74
32	0.91	1.58	3.29	94.22
33	0.66	1.85	3.78	93.71
34	0.63	1.50	3.14	94.73
35	0.32	1.22	2.27	96.19
36	0.57	1.11	3.38	94.94
37	0.58	0.95	2.74	95.73
38	0.46	0.95	2.46	96.14
39	0.29	0.86	2.01	96.85
40	0.55	0.93	3.29	95.23
41	0.66	1.13	3.65	94.56
42	0.69	1.40	4.13	93.78
43	0.65	1.46	4.46	93.43
44	0.81	1.79	5.25	92.16
45	0.89	1.85	5.95	91.30
46	1.32	2.90	10.22	85.56
47	1.61	5.91	16.50	75.98
48	1.97	11.56	23.24	63.24
49	2.23	20.48	27.09	50.20
50	2.79	35.15	25.18	36.89
51	3.88	47.14	20.89	28.10
52	4.95	54.12	18.40	22.52
53	5.33	59.16	16.55	18.96
54	5.63	63.15	14.99	16.23
55	5.66	64.95	15.43	13.96
56	5.08	66.17	15.88	12.87
57	4.25	65.77	17.32	12.66
58	3.72	63.46	19.57	13.26
59	2.63	57.56	24.64	15.17
60	2.81	50.89	27.21	19.09
61	1.89	41.42	30.62	26.07
62	1.93	31.77	31.19	35.11
63	1.71	24.34	29.84	44.11
64	1.21	17.75	26.96	54.09
65	1.28	13.05	22.32	63.36
66	1.36	10.05	19.36	69.22
67	1.13	7.50	16.77	74.60
68	0.99	5.78	14.36	78.87
69	1.05	4.87	13.15	80.93
70	0.95	4.11	17.55	77.39
71	1.09	4.28	13.42	81.20
72	0.84	4.06	11.82	83.29
73	0.70	3.72	10.28	85.31
74	0.73	3.47	9.92	85.88
75	0.79	3.41	10.40	85.40
76	0.75	3.04	9.85	86.36
77	0.79	2.82	9.25	87.14
78	0.84	2.94	10.06	86.16
79	0.89	2.91	9.96	86.24
80	0.83	2.77	9.74	86.65
81	0.83	2.60	9.43	87.14
82	0.86	2.83	9.88	86.43
83	0.85	2.92	9.46	86.77
84	0.83	2.74	9.09	87.34
85	0.88	2.67	9.44	87.02
86	0.90	2.64	9.29	87.17
87	0.88	2.49	9.10	87.53
88	0.86	2.35	8.69	88.10
89	0.81	2.09	8.15	88.95
90	0.88	2.07	7.80	89.26
91	0.89	2.14	7.93	89.05
92	0.91	2.23	7.98	88.87
93	0.92	2.24	8.21	88.63
94	0.91	2.27	8.15	88.67
95	1.46	3.54	12.48	82.52




