Parameters
	Library type	Single-end
	Input file	/Volumes/wdhd/users/joaks1/projects/gekgo/data/genomes/msg/plate1/demultiplexed-raw/fastq/CDS_3932_Cyrtodactylus_philippinicus_Lubang_R1.fq
	Primer/Adaptor library	NA
	Cut-off read length for HQ	70%
	Cut-off quality score	20
	Only statistics	On
	Number of processes	2


QC statistics
	File name	CDS_3932_Cyrtodactylus_philippinicus_Lubang_R1.fq
	Total number of reads	749999
	Total number of HQ reads	736490
	Percentage of HQ reads	98.20%
	Total number of bases	71249905
	Total number of bases in HQ reads	69966550
	Total number of HQ bases in HQ reads	62624748
	Percentage of HQ bases in HQ reads	89.51%
	Number of Primer/Adaptor contaminated HQ reads	NA
	Total number of HQ filtered reads	736490
	Percentage of HQ filtered reads	98.20%


Detailed QC statistics
	File name	CDS_3932_Cyrtodactylus_philippinicus_Lubang_R1.fq
	Minimum read length	95
	Maximum read length	95
	Average read length	95.00
	Total number of reads	749999
	Total number of reads with non-ATGC bases	347
	Percentage of reads with non-ATGC bases	0.05%
	Total number of bases	71249905
	Total number of HQ bases	63398301
	Percentage of HQ bases	88.98%
	Total number of non-ATGC bases	1757
	Percentage of non-ATGC bases	0.00%


Average quality score at each base position of input reads

CDS_3932_Cyrtodactylus_philippinicus_Lubang_R1.fq
36.88	36.54	36.89	36.40	36.88	36.93	36.71	39.13	38.39	38.01	38.15	38.45	37.90	37.87	38.01	37.54	37.85	37.28	37.19	37.07	37.56	36.94	37.03	37.09	37.46	37.23	37.28	37.71	36.76	36.44	36.67	36.72	36.53	36.75	37.23	36.78	37.04	37.38	37.62	36.80	36.63	36.52	36.47	36.09	35.77	34.26	32.40	30.05	27.40	24.50	22.12	20.69	19.62	18.99	18.52	18.42	18.59	18.86	19.90	20.96	22.80	24.67	26.56	28.46	30.15	31.20	32.17	32.82	33.15	32.26	32.75	33.35	33.80	33.90	33.80	33.99	34.10	33.92	33.92	33.97	34.02	33.85	33.91	34.02	33.90	33.96	34.05	34.13	34.25	34.25	34.18	34.13	34.11	34.11	33.02	




Read count (%) per base for different quality score ranges

	CDS_3932_Cyrtodactylus_philippinicus_Lubang_R1.fq
Ranges	0-10	11-20	21-30	31-40
Base
1	0.02	0.24	0.21	99.53
2	0.00	0.14	0.12	99.74
3	0.00	0.17	0.15	99.69
4	0.00	0.37	0.84	98.79
5	0.00	0.12	0.25	99.63
6	0.00	0.06	0.18	99.76
7	0.00	0.41	0.88	98.70
8	0.00	0.61	0.64	98.75
9	0.02	0.91	1.44	97.63
10	0.02	1.16	1.58	97.25
11	0.01	1.04	1.22	97.73
12	0.01	0.63	1.06	98.30
13	0.03	0.77	1.73	97.47
14	0.02	0.95	1.52	97.50
15	0.02	0.89	1.29	97.80
16	0.05	0.99	2.07	96.89
17	0.02	0.81	1.31	97.85
18	0.11	1.35	2.67	95.87
19	0.16	1.63	2.52	95.69
20	0.14	1.89	2.78	95.19
21	0.11	1.36	1.84	96.69
22	0.31	1.27	2.48	95.94
23	0.20	1.28	2.53	95.99
24	0.32	1.20	2.32	96.16
25	0.19	1.13	1.83	96.84
26	0.37	1.02	2.59	96.02
27	0.32	1.07	2.39	96.21
28	0.20	1.00	1.67	97.14
29	0.69	0.98	2.65	95.68
30	0.58	1.56	3.64	94.21
31	0.61	1.40	3.22	94.77
32	0.81	1.52	3.28	94.39
33	0.62	1.82	3.85	93.71
34	0.56	1.47	3.22	94.75
35	0.25	1.17	2.32	96.26
36	0.50	1.09	3.44	94.97
37	0.51	0.90	2.81	95.78
38	0.40	0.85	2.42	96.34
39	0.24	0.87	2.12	96.77
40	0.52	0.97	3.54	94.97
41	0.63	1.18	3.98	94.21
42	0.64	1.41	4.46	93.49
43	0.59	1.43	4.66	93.32
44	0.77	1.82	5.62	91.80
45	0.82	1.85	6.40	90.93
46	1.31	2.94	11.10	84.65
47	1.71	6.10	17.39	74.81
48	2.02	11.72	23.95	62.30
49	2.34	20.68	28.21	48.77
50	2.84	34.85	26.22	36.08
51	4.14	47.41	21.30	27.15
52	5.19	54.39	18.64	21.78
53	5.88	59.59	17.00	17.53
54	6.06	63.43	14.97	15.54
55	6.05	65.51	15.33	13.11
56	5.51	66.26	16.13	12.10
57	4.50	65.70	17.96	11.84
58	4.31	63.61	19.83	12.25
59	2.79	57.74	24.80	14.67
60	2.99	50.76	27.52	18.73
61	1.89	41.42	31.14	25.55
62	1.97	32.06	31.65	34.32
63	1.70	24.35	30.25	43.70
64	1.22	17.87	27.27	53.65
65	1.23	12.73	22.90	63.14
66	1.35	9.83	19.63	69.20
67	1.04	7.39	17.14	74.43
68	0.94	5.79	14.98	78.28
69	1.00	4.91	13.78	80.31
70	0.88	4.03	18.58	76.51
71	1.02	4.10	14.21	80.67
72	0.70	3.88	12.14	83.28
73	0.59	3.54	10.42	85.45
74	0.67	3.37	10.24	85.72
75	0.74	3.39	10.77	85.11
76	0.66	2.93	10.04	86.37
77	0.65	2.62	9.51	87.21
78	0.72	2.75	10.26	86.26
79	0.75	2.76	10.03	86.46
80	0.69	2.60	9.83	86.88
81	0.69	2.37	9.64	87.31
82	0.73	2.68	10.12	86.47
83	0.75	2.73	9.53	86.98
84	0.71	2.54	9.17	87.58
85	0.78	2.53	9.61	87.08
86	0.77	2.45	9.22	87.56
87	0.73	2.29	8.99	87.98
88	0.70	2.09	8.68	88.53
89	0.66	1.89	8.05	89.40
90	0.71	1.90	7.85	89.53
91	0.74	2.02	8.05	89.19
92	0.75	2.12	8.29	88.84
93	0.76	2.13	8.32	88.79
94	0.76	2.11	8.25	88.88
95	1.29	3.28	12.20	83.23




