Parameters
	Library type	Single-end
	Input file	/Volumes/wdhd/users/joaks1/projects/gekgo/data/genomes/msg/plate1/demultiplexed-raw/fastq/CDS_5724_Cyrtodactylus_philippinicus_Luzon_R1.fq
	Primer/Adaptor library	NA
	Cut-off read length for HQ	70%
	Cut-off quality score	20
	Only statistics	On
	Number of processes	2


QC statistics
	File name	CDS_5724_Cyrtodactylus_philippinicus_Luzon_R1.fq
	Total number of reads	958867
	Total number of HQ reads	940994
	Percentage of HQ reads	98.14%
	Total number of bases	91092365
	Total number of bases in HQ reads	89394430
	Total number of HQ bases in HQ reads	80075051
	Percentage of HQ bases in HQ reads	89.57%
	Number of Primer/Adaptor contaminated HQ reads	NA
	Total number of HQ filtered reads	940994
	Percentage of HQ filtered reads	98.14%


Detailed QC statistics
	File name	CDS_5724_Cyrtodactylus_philippinicus_Luzon_R1.fq
	Minimum read length	95
	Maximum read length	95
	Average read length	95.00
	Total number of reads	958867
	Total number of reads with non-ATGC bases	429
	Percentage of reads with non-ATGC bases	0.04%
	Total number of bases	91092365
	Total number of HQ bases	81098140
	Percentage of HQ bases	89.03%
	Total number of non-ATGC bases	2068
	Percentage of non-ATGC bases	0.00%


Average quality score at each base position of input reads

CDS_5724_Cyrtodactylus_philippinicus_Luzon_R1.fq
36.37	35.10	36.85	36.30	36.89	36.93	36.71	39.11	38.38	37.99	38.15	38.44	38.27	38.26	38.29	37.84	38.03	37.39	37.28	37.13	37.59	36.98	37.06	37.12	37.47	37.27	37.32	37.75	36.81	36.48	36.71	36.75	36.57	36.81	37.29	36.85	37.12	37.44	37.73	36.95	36.81	36.70	36.66	36.32	35.97	34.59	32.83	30.51	27.85	24.90	22.40	20.89	19.74	19.13	18.70	18.59	18.80	19.00	20.08	21.13	22.96	24.88	26.81	28.70	30.45	31.56	32.58	33.29	33.66	32.75	33.25	33.86	34.29	34.37	34.24	34.38	34.45	34.24	34.23	34.24	34.25	34.05	34.09	34.16	34.03	34.08	34.15	34.22	34.35	34.33	34.25	34.19	34.16	34.15	33.11	




Read count (%) per base for different quality score ranges

	CDS_5724_Cyrtodactylus_philippinicus_Luzon_R1.fq
Ranges	0-10	11-20	21-30	31-40
Base
1	0.00	0.33	0.52	99.15
2	0.00	0.13	0.30	99.57
3	0.00	0.11	0.18	99.70
4	0.00	0.34	0.85	98.81
5	0.00	0.09	0.25	99.66
6	0.00	0.06	0.15	99.79
7	0.00	0.42	0.89	98.68
8	0.00	0.63	0.65	98.72
9	0.02	0.93	1.46	97.59
10	0.02	1.17	1.59	97.22
11	0.01	1.03	1.20	97.76
12	0.01	0.65	1.07	98.28
13	0.03	0.75	1.75	97.47
14	0.02	0.93	1.53	97.52
15	0.01	0.88	1.26	97.85
16	0.03	0.98	1.98	97.00
17	0.01	0.80	1.31	97.88
18	0.07	1.35	2.64	95.95
19	0.10	1.65	2.48	95.76
20	0.08	1.94	2.73	95.25
21	0.06	1.42	1.80	96.71
22	0.15	1.47	2.45	95.93
23	0.10	1.40	2.48	96.03
24	0.15	1.38	2.31	96.17
25	0.11	1.27	1.78	96.83
26	0.22	1.19	2.51	96.07
27	0.22	1.15	2.29	96.34
28	0.16	1.01	1.62	97.21
29	0.56	1.08	2.56	95.79
30	0.56	1.58	3.54	94.31
31	0.59	1.41	3.12	94.88
32	0.82	1.50	3.19	94.49
33	0.60	1.80	3.68	93.91
34	0.57	1.42	3.03	94.98
35	0.26	1.13	2.13	96.47
36	0.50	1.06	3.17	95.27
37	0.52	0.89	2.58	96.02
38	0.41	0.84	2.24	96.51
39	0.22	0.85	1.85	97.07
40	0.49	0.94	3.04	95.52
41	0.60	1.11	3.37	94.92
42	0.61	1.37	3.74	94.27
43	0.57	1.38	3.87	94.18
44	0.73	1.77	4.58	92.92
45	0.83	1.83	5.22	92.12
46	1.26	2.85	8.86	87.02
47	1.65	5.90	14.21	78.24
48	1.98	11.57	20.13	66.31
49	2.23	20.54	24.34	52.89
50	2.86	34.55	22.89	39.70
51	4.08	47.49	18.35	30.08
52	5.18	54.65	15.92	24.26
53	5.74	60.15	14.78	19.33
54	5.86	63.79	13.36	17.00
55	5.74	65.66	13.95	14.65
56	5.21	66.25	15.10	13.44
57	4.34	65.26	17.12	13.28
58	4.11	63.76	18.62	13.51
59	2.63	57.61	23.75	16.01
60	2.84	50.78	26.40	19.98
61	1.79	41.47	30.02	26.71
62	1.86	32.04	30.59	35.52
63	1.62	24.19	29.38	44.82
64	1.20	17.92	26.45	54.43
65	1.21	12.70	22.06	64.03
66	1.28	9.86	18.73	70.14
67	1.02	7.46	16.13	75.38
68	0.93	5.77	14.06	79.25
69	0.95	4.97	12.76	81.32
70	0.86	3.97	16.99	78.18
71	1.00	4.07	12.92	82.01
72	0.69	3.82	11.09	84.40
73	0.58	3.49	9.54	86.39
74	0.64	3.36	9.27	86.73
75	0.69	3.30	9.87	86.13
76	0.63	2.91	9.18	87.27
77	0.63	2.62	8.66	88.09
78	0.73	2.75	9.32	87.20
79	0.72	2.74	9.25	87.29
80	0.67	2.58	9.17	87.58
81	0.69	2.36	9.07	87.88
82	0.75	2.67	9.54	87.04
83	0.75	2.72	9.07	87.47
84	0.71	2.53	8.76	88.00
85	0.75	2.52	9.35	87.38
86	0.73	2.40	9.03	87.84
87	0.71	2.26	8.77	88.26
88	0.70	2.05	8.46	88.78
89	0.64	1.84	7.82	89.70
90	0.71	1.83	7.74	89.72
91	0.75	1.96	7.93	89.37
92	0.75	2.03	8.17	89.05
93	0.74	2.07	8.24	88.95
94	0.76	2.03	8.24	88.97
95	1.21	2.99	12.28	83.51




