Parameters
	Library type	Single-end
	Input file	/Volumes/wdhd/users/joaks1/projects/gekgo/data/genomes/msg/plate1/demultiplexed-raw/fastq/CDS_1768_Cyrtodactylus_annulatus_Cebu_R1.fq
	Primer/Adaptor library	NA
	Cut-off read length for HQ	70%
	Cut-off quality score	20
	Only statistics	On
	Number of processes	2


QC statistics
	File name	CDS_1768_Cyrtodactylus_annulatus_Cebu_R1.fq
	Total number of reads	7203
	Total number of HQ reads	7007
	Percentage of HQ reads	97.28%
	Total number of bases	684285
	Total number of bases in HQ reads	665665
	Total number of HQ bases in HQ reads	596152
	Percentage of HQ bases in HQ reads	89.56%
	Number of Primer/Adaptor contaminated HQ reads	NA
	Total number of HQ filtered reads	7007
	Percentage of HQ filtered reads	97.28%


Detailed QC statistics
	File name	CDS_1768_Cyrtodactylus_annulatus_Cebu_R1.fq
	Minimum read length	95
	Maximum read length	95
	Average read length	95.00
	Total number of reads	7203
	Total number of reads with non-ATGC bases	2
	Percentage of reads with non-ATGC bases	0.03%
	Total number of bases	684285
	Total number of HQ bases	607104
	Percentage of HQ bases	88.72%
	Total number of non-ATGC bases	3
	Percentage of non-ATGC bases	0.00%


Average quality score at each base position of input reads

CDS_1768_Cyrtodactylus_annulatus_Cebu_R1.fq
36.51	36.39	36.82	36.20	36.85	36.90	36.64	39.11	38.31	37.95	38.08	38.41	38.24	38.26	38.35	37.85	38.10	37.38	37.32	37.17	37.62	36.96	37.01	37.07	37.40	37.13	37.22	37.69	36.78	36.48	36.68	36.72	36.56	36.81	37.27	36.76	37.06	37.40	37.66	36.90	36.76	36.70	36.58	36.22	35.99	34.65	33.01	30.70	28.00	24.78	22.28	21.06	20.18	19.36	18.85	18.73	18.84	19.31	20.13	21.14	23.06	25.12	27.01	28.87	30.44	31.38	32.49	33.27	33.63	32.80	33.24	33.81	34.19	34.26	34.06	34.25	34.27	34.05	34.04	34.10	34.08	33.93	33.93	34.09	33.86	33.82	33.89	34.01	34.18	34.17	34.08	34.07	34.04	34.02	32.85	




Read count (%) per base for different quality score ranges

	CDS_1768_Cyrtodactylus_annulatus_Cebu_R1.fq
Ranges	0-10	11-20	21-30	31-40
Base
1	0.00	0.74	0.56	98.71
2	0.00	0.37	0.15	99.47
3	0.00	0.29	0.28	99.43
4	0.00	0.53	0.99	98.49
5	0.00	0.18	0.26	99.56
6	0.00	0.12	0.18	99.69
7	0.01	0.60	1.01	98.38
8	0.01	0.60	0.74	98.65
9	0.01	1.18	1.61	97.20
10	0.00	1.44	1.54	97.02
11	0.00	1.22	1.39	97.39
12	0.00	0.82	1.15	98.03
13	0.07	0.85	1.79	97.29
14	0.03	1.31	1.26	97.40
15	0.01	0.85	1.32	97.82
16	0.07	1.06	2.21	96.67
17	0.01	0.83	1.39	97.76
18	0.07	1.65	2.51	95.77
19	0.10	1.86	2.32	95.72
20	0.08	1.99	2.69	95.24
21	0.08	1.49	1.93	96.50
22	0.22	1.69	2.64	95.45
23	0.19	1.74	2.40	95.67
24	0.14	1.67	2.62	95.57
25	0.12	1.39	1.87	96.61
26	0.18	1.39	2.73	95.70
27	0.19	1.39	2.61	95.81
28	0.24	1.12	1.76	96.88
29	0.56	1.21	2.64	95.60
30	0.49	1.67	3.83	94.02
31	0.58	1.65	3.12	94.64
32	0.71	1.72	3.15	94.42
33	0.71	1.82	3.65	93.82
34	0.56	1.35	3.23	94.86
35	0.39	1.19	2.28	96.14
36	0.75	1.15	3.22	94.88
37	0.58	1.11	2.49	95.82
38	0.43	1.01	2.47	96.08
39	0.35	1.00	2.00	96.65
40	0.64	1.14	3.19	95.03
41	0.75	1.25	3.42	94.59
42	0.64	1.51	3.72	94.13
43	0.71	1.60	3.83	93.86
44	0.89	1.89	4.41	92.81
45	1.12	1.68	4.83	92.36
46	1.22	3.04	8.66	87.07
47	1.67	5.29	13.84	79.20
48	2.21	11.52	18.21	68.05
49	2.30	20.31	23.55	53.84
50	3.04	35.76	21.35	39.84
51	4.15	48.99	16.95	29.90
52	4.96	53.89	16.30	24.85
53	5.58	58.24	14.42	21.75
54	6.03	62.86	12.88	18.23
55	5.94	65.00	13.37	15.69
56	4.96	66.44	14.27	14.33
57	4.26	65.69	16.30	13.74
58	3.61	62.88	18.81	14.70
59	3.04	57.31	22.80	16.85
60	2.85	50.98	25.95	20.23
61	2.00	41.22	29.24	27.54
62	1.82	31.56	30.08	36.54
63	1.79	23.66	28.47	46.08
64	1.36	17.78	25.24	55.62
65	1.32	13.36	21.17	64.15
66	1.64	10.69	18.33	69.35
67	1.04	7.89	16.65	74.43
68	1.01	5.79	14.42	78.77
69	1.25	4.87	12.48	81.40
70	1.10	4.68	15.33	78.90
71	1.24	4.36	12.84	81.56
72	0.97	4.04	10.80	84.19
73	0.72	4.15	9.33	85.80
74	0.74	3.89	9.66	85.71
75	0.97	3.92	10.08	85.03
76	0.93	3.43	8.93	86.71
77	0.97	3.05	8.82	87.16
78	1.10	3.39	8.70	86.81
79	0.78	3.53	9.34	86.35
80	0.99	2.94	8.90	87.17
81	0.89	3.37	8.23	87.51
82	0.94	3.46	9.22	86.38
83	0.86	3.53	9.02	86.59
84	0.68	3.18	8.94	87.20
85	0.99	3.08	9.77	86.16
86	1.08	3.12	9.33	86.46
87	0.93	3.04	9.01	87.02
88	0.89	2.51	9.08	87.52
89	0.75	2.53	8.00	88.73
90	1.10	2.28	7.61	89.02
91	1.06	2.61	7.83	88.50
92	0.83	2.67	8.37	88.13
93	0.86	2.62	8.25	88.27
94	1.03	2.55	8.12	88.30
95	1.51	3.62	13.06	81.80




