Parameters
	Library type	Single-end
	Input file	/Volumes/wdhd/users/joaks1/projects/gekgo/data/genomes/msg/plate1/demultiplexed-raw/fastq/CDS_4658_Cyrtodactylus_annulatus_Bohol_R1.fq
	Primer/Adaptor library	NA
	Cut-off read length for HQ	70%
	Cut-off quality score	20
	Only statistics	On
	Number of processes	2


QC statistics
	File name	CDS_4658_Cyrtodactylus_annulatus_Bohol_R1.fq
	Total number of reads	151925
	Total number of HQ reads	147454
	Percentage of HQ reads	97.06%
	Total number of bases	14432875
	Total number of bases in HQ reads	14008130
	Total number of HQ bases in HQ reads	12532313
	Percentage of HQ bases in HQ reads	89.46%
	Number of Primer/Adaptor contaminated HQ reads	NA
	Total number of HQ filtered reads	147454
	Percentage of HQ filtered reads	97.06%


Detailed QC statistics
	File name	CDS_4658_Cyrtodactylus_annulatus_Bohol_R1.fq
	Minimum read length	95
	Maximum read length	95
	Average read length	95.00
	Total number of reads	151925
	Total number of reads with non-ATGC bases	81
	Percentage of reads with non-ATGC bases	0.05%
	Total number of bases	14432875
	Total number of HQ bases	12786519
	Percentage of HQ bases	88.59%
	Total number of non-ATGC bases	406
	Percentage of non-ATGC bases	0.00%


Average quality score at each base position of input reads

CDS_4658_Cyrtodactylus_annulatus_Bohol_R1.fq
36.69	36.50	36.82	36.16	36.81	36.89	36.64	39.03	38.33	37.95	38.09	38.39	38.25	38.22	38.29	37.88	38.08	37.41	37.28	37.07	37.53	36.93	37.04	37.11	37.41	37.22	37.24	37.69	36.75	36.42	36.58	36.64	36.46	36.66	37.20	36.66	36.95	37.24	37.59	36.86	36.75	36.59	36.50	36.19	35.95	34.57	32.82	30.44	27.91	24.86	22.50	21.01	20.05	19.38	18.85	18.68	18.84	19.14	20.14	21.09	23.02	24.97	26.68	28.53	30.21	31.33	32.43	33.13	33.50	32.63	33.13	33.67	34.12	34.21	34.11	34.20	34.23	33.95	33.89	33.93	33.98	33.81	33.85	33.93	33.82	33.78	33.85	33.92	34.06	34.07	34.02	33.95	33.88	33.79	32.67	




Read count (%) per base for different quality score ranges

	CDS_4658_Cyrtodactylus_annulatus_Bohol_R1.fq
Ranges	0-10	11-20	21-30	31-40
Base
1	0.00	0.50	0.55	98.95
2	0.00	0.19	0.26	99.55
3	0.00	0.24	0.32	99.45
4	0.00	0.69	1.25	98.06
5	0.00	0.23	0.49	99.28
6	0.00	0.14	0.30	99.56
7	0.01	0.57	1.09	98.34
8	0.00	0.74	0.74	98.52
9	0.03	1.05	1.63	97.30
10	0.03	1.28	1.83	96.86
11	0.02	1.14	1.40	97.43
12	0.02	0.77	1.24	97.98
13	0.03	0.86	1.81	97.30
14	0.02	1.05	1.72	97.21
15	0.02	0.97	1.44	97.58
16	0.04	1.09	2.15	96.73
17	0.02	0.98	1.46	97.54
18	0.06	1.52	2.80	95.62
19	0.10	1.90	2.79	95.21
20	0.10	2.13	2.96	94.82
21	0.07	1.64	2.10	96.19
22	0.18	1.71	2.68	95.44
23	0.12	1.57	2.53	95.78
24	0.17	1.53	2.35	95.95
25	0.14	1.41	1.91	96.53
26	0.25	1.36	2.57	95.82
27	0.27	1.37	2.49	95.87
28	0.23	1.15	1.72	96.90
29	0.62	1.30	2.74	95.34
30	0.61	1.82	3.63	93.94
31	0.71	1.64	3.41	94.25
32	1.00	1.71	3.33	93.96
33	0.78	1.98	3.79	93.45
34	0.76	1.68	3.24	94.31
35	0.41	1.32	2.33	95.94
36	0.72	1.28	3.52	94.48
37	0.72	1.08	2.86	95.34
38	0.61	1.06	2.56	95.77
39	0.36	1.00	2.12	96.51
40	0.64	1.03	3.13	95.20
41	0.75	1.23	3.38	94.64
42	0.82	1.47	3.95	93.76
43	0.80	1.63	4.17	93.41
44	0.92	1.89	4.81	92.38
45	0.96	1.95	5.23	91.85
46	1.56	3.01	8.57	86.86
47	1.81	6.13	13.99	78.08
48	2.09	12.04	19.76	66.12
49	2.37	20.96	23.10	53.56
50	3.00	35.14	21.79	40.08
51	4.21	47.01	18.07	30.71
52	5.23	53.88	16.00	24.89
53	5.62	58.79	14.77	20.82
54	5.78	62.70	13.26	18.27
55	5.72	65.00	13.80	15.48
56	5.21	66.29	14.15	14.35
57	4.40	65.74	15.74	14.12
58	4.02	63.58	17.88	14.53
59	2.67	57.67	22.96	16.70
60	3.13	51.02	25.58	20.28
61	1.98	41.41	29.32	27.29
62	2.04	31.74	29.99	36.24
63	1.97	24.80	28.61	44.61
64	1.43	18.71	26.01	53.85
65	1.44	13.74	21.90	62.92
66	1.50	10.73	18.85	68.93
67	1.22	7.97	16.39	74.42
68	1.19	6.34	14.09	78.37
69	1.19	5.51	12.99	80.30
70	1.13	4.60	16.85	77.42
71	1.24	4.75	12.97	81.05
72	0.97	4.51	11.48	83.05
73	0.86	4.11	9.93	85.09
74	0.86	3.94	9.59	85.62
75	0.88	3.84	10.12	85.15
76	0.88	3.53	9.55	86.05
77	0.91	3.29	9.07	86.73
78	1.07	3.48	9.88	85.57
79	1.07	3.53	9.83	85.57
80	0.96	3.32	9.73	86.00
81	0.95	3.12	9.31	86.62
82	1.03	3.30	9.86	85.81
83	1.00	3.45	9.21	86.34
84	0.97	3.17	9.04	86.82
85	1.00	3.18	9.41	86.40
86	1.07	3.07	9.61	86.25
87	1.02	2.97	9.34	86.67
88	1.02	2.74	8.89	87.35
89	0.94	2.55	8.36	88.15
90	1.06	2.44	8.14	88.36
91	1.02	2.57	8.39	88.03
92	1.07	2.62	8.45	87.87
93	1.02	2.71	8.75	87.52
94	1.10	2.71	9.08	87.11
95	1.63	3.88	13.42	81.08




