Parameters
	Library type	Single-end
	Input file	/Volumes/wdhd/users/joaks1/projects/gekgo/data/genomes/msg/plate1/demultiplexed-raw/fastq/CDS_4485_Cyrtodactylus_annulatus_Bohol_R1.fq
	Primer/Adaptor library	NA
	Cut-off read length for HQ	70%
	Cut-off quality score	20
	Only statistics	On
	Number of processes	2


QC statistics
	File name	CDS_4485_Cyrtodactylus_annulatus_Bohol_R1.fq
	Total number of reads	520814
	Total number of HQ reads	506749
	Percentage of HQ reads	97.30%
	Total number of bases	49477330
	Total number of bases in HQ reads	48141155
	Total number of HQ bases in HQ reads	43103495
	Percentage of HQ bases in HQ reads	89.54%
	Number of Primer/Adaptor contaminated HQ reads	NA
	Total number of HQ filtered reads	506749
	Percentage of HQ filtered reads	97.30%


Detailed QC statistics
	File name	CDS_4485_Cyrtodactylus_annulatus_Bohol_R1.fq
	Minimum read length	95
	Maximum read length	95
	Average read length	95.00
	Total number of reads	520814
	Total number of reads with non-ATGC bases	243
	Percentage of reads with non-ATGC bases	0.05%
	Total number of bases	49477330
	Total number of HQ bases	43901814
	Percentage of HQ bases	88.73%
	Total number of non-ATGC bases	1375
	Percentage of non-ATGC bases	0.00%


Average quality score at each base position of input reads

CDS_4485_Cyrtodactylus_annulatus_Bohol_R1.fq
35.18	35.32	36.80	36.01	36.85	36.91	36.68	39.09	38.36	37.97	38.13	38.45	38.29	38.26	38.32	37.91	38.12	37.45	37.36	37.13	37.61	37.02	37.10	37.17	37.48	37.26	37.29	37.73	36.81	36.45	36.66	36.69	36.52	36.74	37.26	36.80	37.05	37.36	37.68	36.93	36.77	36.65	36.60	36.26	35.97	34.64	32.89	30.56	28.04	24.92	22.59	21.06	20.06	19.31	18.87	18.73	18.85	19.18	20.15	21.14	23.00	24.90	26.73	28.65	30.31	31.40	32.45	33.22	33.62	32.70	33.20	33.75	34.18	34.27	34.15	34.27	34.31	34.08	34.03	34.03	34.06	33.90	33.92	34.00	33.89	33.89	33.95	34.02	34.14	34.16	34.09	34.04	34.01	33.96	32.84	




Read count (%) per base for different quality score ranges

	CDS_4485_Cyrtodactylus_annulatus_Bohol_R1.fq
Ranges	0-10	11-20	21-30	31-40
Base
1	0.00	0.74	1.41	97.84
2	0.00	0.19	0.29	99.52
3	0.00	0.17	0.26	99.56
4	0.00	0.48	1.16	98.36
5	0.00	0.16	0.34	99.49
6	0.00	0.09	0.22	99.68
7	0.01	0.49	0.96	98.54
8	0.00	0.67	0.71	98.63
9	0.03	0.99	1.53	97.44
10	0.03	1.24	1.72	97.01
11	0.02	1.08	1.30	97.60
12	0.01	0.71	1.15	98.13
13	0.03	0.79	1.75	97.43
14	0.02	1.01	1.59	97.39
15	0.02	0.93	1.35	97.70
16	0.04	1.07	1.98	96.92
17	0.02	0.87	1.39	97.73
18	0.07	1.42	2.64	95.87
19	0.10	1.72	2.55	95.63
20	0.09	2.01	2.80	95.10
21	0.07	1.48	1.91	96.54
22	0.14	1.55	2.50	95.80
23	0.11	1.40	2.48	96.01
24	0.15	1.43	2.29	96.14
25	0.13	1.29	1.81	96.77
26	0.22	1.29	2.50	95.99
27	0.25	1.28	2.39	96.08
28	0.20	1.09	1.68	97.03
29	0.57	1.24	2.59	95.60
30	0.58	1.75	3.67	93.99
31	0.67	1.50	3.21	94.61
32	0.92	1.68	3.28	94.12
33	0.71	1.90	3.76	93.63
34	0.70	1.53	3.11	94.66
35	0.38	1.22	2.23	96.17
36	0.62	1.18	3.32	94.88
37	0.66	0.99	2.71	95.63
38	0.52	0.99	2.40	96.09
39	0.33	0.92	1.98	96.77
40	0.58	0.97	3.02	95.42
41	0.69	1.22	3.41	94.68
42	0.74	1.48	3.82	93.97
43	0.69	1.48	3.95	93.88
44	0.87	1.86	4.57	92.71
45	0.97	1.93	5.09	92.00
46	1.39	2.96	8.53	87.12
47	1.72	5.99	13.78	78.51
48	2.04	11.70	19.52	66.74
49	2.25	20.48	23.22	54.04
50	2.88	35.04	21.81	40.27
51	4.02	46.93	17.95	31.11
52	4.97	54.19	15.72	25.12
53	5.62	58.94	14.37	21.07
54	5.74	63.21	13.09	17.96
55	5.70	64.90	13.92	15.49
56	5.18	65.99	14.37	14.46
57	4.26	65.85	15.80	14.09
58	3.87	63.55	17.97	14.61
59	2.68	57.60	23.02	16.69
60	2.96	50.98	25.67	20.39
61	1.99	41.50	29.27	27.25
62	2.05	32.09	30.01	35.85
63	1.85	24.70	28.77	44.69
64	1.36	18.29	26.01	54.33
65	1.38	13.49	21.77	63.36
66	1.48	10.56	18.69	69.27
67	1.21	8.03	16.17	74.59
68	1.12	6.24	13.94	78.70
69	1.09	5.32	12.66	80.93
70	1.06	4.47	16.64	77.83
71	1.22	4.65	12.70	81.44
72	0.91	4.43	11.06	83.60
73	0.76	4.05	9.78	85.41
74	0.80	3.82	9.43	85.95
75	0.85	3.79	9.83	85.53
76	0.80	3.41	9.29	86.50
77	0.83	3.15	8.82	87.20
78	0.94	3.29	9.48	86.29
79	0.96	3.33	9.40	86.31
80	0.89	3.21	9.31	86.59
81	0.90	2.99	9.16	86.95
82	0.91	3.24	9.58	86.27
83	0.94	3.32	9.09	86.66
84	0.90	3.11	8.80	87.18
85	0.97	3.07	9.27	86.70
86	0.97	2.99	9.24	86.80
87	0.94	2.83	9.08	87.15
88	0.93	2.64	8.71	87.72
89	0.89	2.40	8.09	88.61
90	0.92	2.35	8.00	88.74
91	0.97	2.40	8.16	88.47
92	0.97	2.49	8.29	88.25
93	0.95	2.51	8.47	88.07
94	0.98	2.52	8.51	87.98
95	1.53	3.62	12.78	82.07




