Parameters
	Library type	Single-end
	Input file	/Volumes/wdhd/users/joaks1/projects/gekgo/data/genomes/msg/plate1/demultiplexed-raw/fastq/CDS_4660_Cyrtodactylus_annulatus_Bohol_R1.fq
	Primer/Adaptor library	NA
	Cut-off read length for HQ	70%
	Cut-off quality score	20
	Only statistics	On
	Number of processes	2


QC statistics
	File name	CDS_4660_Cyrtodactylus_annulatus_Bohol_R1.fq
	Total number of reads	334103
	Total number of HQ reads	326694
	Percentage of HQ reads	97.78%
	Total number of bases	31739785
	Total number of bases in HQ reads	31035930
	Total number of HQ bases in HQ reads	27757456
	Percentage of HQ bases in HQ reads	89.44%
	Number of Primer/Adaptor contaminated HQ reads	NA
	Total number of HQ filtered reads	326694
	Percentage of HQ filtered reads	97.78%


Detailed QC statistics
	File name	CDS_4660_Cyrtodactylus_annulatus_Bohol_R1.fq
	Minimum read length	95
	Maximum read length	95
	Average read length	95.00
	Total number of reads	334103
	Total number of reads with non-ATGC bases	146
	Percentage of reads with non-ATGC bases	0.04%
	Total number of bases	31739785
	Total number of HQ bases	28176999
	Percentage of HQ bases	88.78%
	Total number of non-ATGC bases	704
	Percentage of non-ATGC bases	0.00%


Average quality score at each base position of input reads

CDS_4660_Cyrtodactylus_annulatus_Bohol_R1.fq
35.76	34.82	36.81	36.17	36.87	36.92	36.69	39.10	38.37	37.98	38.14	38.45	38.21	38.10	38.12	37.57	37.85	37.30	37.24	37.06	37.58	36.94	37.01	37.08	37.42	37.20	37.25	37.71	36.75	36.41	36.62	36.65	36.45	36.67	37.20	36.72	36.99	37.30	37.60	36.81	36.65	36.52	36.46	36.07	35.80	34.37	32.54	30.16	27.58	24.48	22.23	20.76	19.84	19.11	18.67	18.56	18.70	19.02	19.97	21.01	22.85	24.75	26.58	28.47	30.12	31.19	32.21	32.93	33.31	32.41	32.88	33.43	33.86	33.98	33.88	34.01	34.08	33.86	33.85	33.90	33.93	33.79	33.84	33.92	33.83	33.82	33.88	33.95	34.10	34.12	34.06	34.00	33.96	33.93	32.78	




Read count (%) per base for different quality score ranges

	CDS_4660_Cyrtodactylus_annulatus_Bohol_R1.fq
Ranges	0-10	11-20	21-30	31-40
Base
1	0.00	0.57	0.87	98.56
2	0.00	0.15	0.36	99.49
3	0.00	0.15	0.24	99.61
4	0.00	0.44	1.01	98.55
5	0.00	0.14	0.32	99.54
6	0.00	0.08	0.20	99.72
7	0.00	0.46	0.96	98.57
8	0.00	0.64	0.70	98.66
9	0.03	0.92	1.52	97.53
10	0.02	1.20	1.64	97.14
11	0.01	1.05	1.22	97.72
12	0.01	0.67	1.08	98.24
13	0.02	0.78	1.74	97.45
14	0.02	1.01	1.62	97.36
15	0.02	0.93	1.33	97.73
16	0.04	1.07	2.08	96.81
17	0.01	0.84	1.42	97.73
18	0.09	1.43	2.66	95.82
19	0.11	1.69	2.54	95.65
20	0.12	1.98	2.83	95.08
21	0.08	1.45	1.87	96.60
22	0.21	1.48	2.51	95.80
23	0.15	1.42	2.51	95.92
24	0.23	1.35	2.37	96.05
25	0.18	1.26	1.85	96.70
26	0.35	1.17	2.52	95.96
27	0.31	1.19	2.44	96.06
28	0.24	0.99	1.64	97.12
29	0.72	1.07	2.66	95.54
30	0.69	1.64	3.66	94.01
31	0.70	1.46	3.28	94.55
32	0.93	1.63	3.37	94.07
33	0.69	1.88	3.91	93.51
34	0.68	1.58	3.28	94.47
35	0.33	1.25	2.39	96.04
36	0.60	1.18	3.50	94.72
37	0.62	0.98	2.81	95.58
38	0.49	0.96	2.50	96.05
39	0.32	0.89	2.12	96.66
40	0.59	1.03	3.29	95.09
41	0.74	1.24	3.68	94.34
42	0.74	1.46	4.17	93.63
43	0.68	1.51	4.40	93.41
44	0.89	1.91	5.19	92.01
45	0.94	1.97	5.90	91.19
46	1.44	3.05	9.87	85.63
47	1.80	6.20	15.61	76.39
48	2.16	11.99	21.83	64.02
49	2.48	20.85	25.62	51.06
50	3.24	35.50	23.84	37.42
51	4.45	47.21	19.68	28.65
52	5.52	54.13	17.27	23.08
53	6.06	58.78	15.80	19.36
54	6.27	62.89	14.31	16.54
55	6.31	64.66	14.75	14.28
56	5.53	65.86	15.46	13.15
57	4.70	65.48	16.91	12.91
58	4.18	63.49	18.90	13.44
59	2.92	57.71	24.03	15.34
60	3.05	50.80	27.05	19.11
61	2.00	41.68	30.22	26.10
62	2.08	32.14	30.93	34.86
63	1.88	24.58	29.72	43.82
64	1.32	18.24	26.88	53.56
65	1.41	13.31	22.48	62.79
66	1.46	10.35	19.54	68.64
67	1.20	7.68	17.05	74.08
68	1.09	6.04	14.62	78.25
69	1.08	5.08	13.42	80.42
70	1.01	4.21	17.81	76.97
71	1.18	4.31	13.79	80.71
72	0.86	4.16	11.93	83.06
73	0.76	3.78	10.41	85.06
74	0.80	3.54	10.02	85.65
75	0.86	3.52	10.44	85.18
76	0.79	3.11	9.98	86.12
77	0.80	2.87	9.46	86.87
78	0.91	2.99	10.18	85.92
79	0.94	3.01	10.07	85.97
80	0.89	2.86	9.85	86.40
81	0.86	2.67	9.78	86.69
82	0.91	2.90	10.11	86.09
83	0.87	2.98	9.56	86.59
84	0.85	2.77	9.36	87.02
85	0.94	2.70	9.69	86.67
86	0.94	2.71	9.60	86.75
87	0.92	2.62	9.37	87.09
88	0.91	2.38	9.14	87.57
89	0.83	2.14	8.44	88.60
90	0.90	2.15	8.10	88.86
91	0.95	2.19	8.25	88.61
92	0.99	2.29	8.46	88.26
93	0.95	2.33	8.76	87.95
94	0.96	2.38	8.65	88.01
95	1.52	3.59	13.00	81.89




