Parameters
	Library type	Single-end
	Input file	/Volumes/wdhd/users/joaks1/projects/gekgo/data/genomes/msg/plate1/demultiplexed-raw/fastq/CWL_90_Cyrtodactylus_annulatus_Cebu_R1.fq
	Primer/Adaptor library	NA
	Cut-off read length for HQ	70%
	Cut-off quality score	20
	Only statistics	On
	Number of processes	2


QC statistics
	File name	CWL_90_Cyrtodactylus_annulatus_Cebu_R1.fq
	Total number of reads	178821
	Total number of HQ reads	174620
	Percentage of HQ reads	97.65%
	Total number of bases	16987995
	Total number of bases in HQ reads	16588900
	Total number of HQ bases in HQ reads	14836307
	Percentage of HQ bases in HQ reads	89.44%
	Number of Primer/Adaptor contaminated HQ reads	NA
	Total number of HQ filtered reads	174620
	Percentage of HQ filtered reads	97.65%


Detailed QC statistics
	File name	CWL_90_Cyrtodactylus_annulatus_Cebu_R1.fq
	Minimum read length	95
	Maximum read length	95
	Average read length	95.00
	Total number of reads	178821
	Total number of reads with non-ATGC bases	64
	Percentage of reads with non-ATGC bases	0.04%
	Total number of bases	16987995
	Total number of HQ bases	15074251
	Percentage of HQ bases	88.73%
	Total number of non-ATGC bases	353
	Percentage of non-ATGC bases	0.00%


Average quality score at each base position of input reads

CWL_90_Cyrtodactylus_annulatus_Cebu_R1.fq
36.82	36.17	36.85	36.30	36.85	36.91	36.67	39.07	38.31	37.95	38.09	38.42	38.21	38.17	38.22	37.76	37.96	37.33	37.23	37.04	37.56	36.93	37.02	37.06	37.40	37.17	37.22	37.69	36.71	36.36	36.57	36.57	36.42	36.64	37.17	36.69	36.95	37.26	37.58	36.81	36.67	36.50	36.45	36.10	35.84	34.41	32.64	30.26	27.72	24.66	22.28	20.83	19.87	19.11	18.74	18.60	18.73	19.07	20.01	21.04	22.88	24.78	26.63	28.57	30.24	31.31	32.37	33.09	33.48	32.54	33.04	33.60	34.03	34.14	34.00	34.12	34.16	33.96	33.94	34.00	34.02	33.83	33.85	33.95	33.84	33.84	33.88	33.97	34.09	34.13	34.06	34.00	33.96	33.92	32.76	




Read count (%) per base for different quality score ranges

	CWL_90_Cyrtodactylus_annulatus_Cebu_R1.fq
Ranges	0-10	11-20	21-30	31-40
Base
1	0.00	0.34	0.33	99.33
2	0.00	0.15	0.23	99.61
3	0.00	0.17	0.28	99.55
4	0.00	0.52	0.99	98.49
5	0.00	0.16	0.36	99.47
6	0.00	0.09	0.22	99.70
7	0.00	0.50	0.96	98.53
8	0.00	0.66	0.73	98.61
9	0.02	1.01	1.63	97.34
10	0.02	1.27	1.71	97.00
11	0.02	1.12	1.36	97.50
12	0.01	0.69	1.19	98.11
13	0.04	0.85	1.83	97.28
14	0.02	1.04	1.66	97.28
15	0.02	0.94	1.39	97.65
16	0.04	1.06	2.09	96.81
17	0.02	0.89	1.43	97.66
18	0.07	1.44	2.72	95.77
19	0.11	1.76	2.59	95.55
20	0.10	2.09	2.91	94.90
21	0.08	1.50	1.94	96.47
22	0.18	1.58	2.60	95.64
23	0.13	1.47	2.61	95.80
24	0.17	1.50	2.40	95.93
25	0.14	1.37	1.85	96.64
26	0.26	1.29	2.59	95.85
27	0.28	1.26	2.46	96.00
28	0.21	1.08	1.64	97.07
29	0.69	1.19	2.74	95.39
30	0.65	1.74	3.78	93.82
31	0.72	1.53	3.38	94.37
32	1.02	1.75	3.38	93.85
33	0.72	1.96	3.89	93.43
34	0.69	1.63	3.33	94.36
35	0.36	1.28	2.39	95.97
36	0.64	1.27	3.49	94.60
37	0.67	1.04	2.85	95.44
38	0.54	1.00	2.55	95.91
39	0.31	1.01	2.05	96.63
40	0.63	1.00	3.36	95.01
41	0.70	1.24	3.62	94.44
42	0.79	1.54	4.11	93.56
43	0.71	1.56	4.30	93.42
44	0.92	1.93	4.98	92.16
45	0.99	1.98	5.55	91.48
46	1.46	3.13	9.34	86.07
47	1.83	6.20	14.66	77.30
48	2.27	11.90	20.64	65.18
49	2.53	20.71	24.38	52.38
50	3.15	35.29	22.77	38.79
51	4.42	47.50	18.60	29.48
52	5.58	53.93	16.62	23.87
53	6.12	58.88	14.95	20.05
54	6.29	63.02	13.76	16.92
55	6.15	64.65	14.41	14.80
56	5.58	65.73	14.93	13.76
57	4.72	65.44	16.46	13.38
58	4.18	63.34	18.57	13.90
59	2.84	57.85	23.44	15.87
60	3.05	50.92	26.41	19.62
61	2.04	41.65	29.88	26.43
62	2.09	32.20	30.63	35.08
63	1.89	24.61	29.40	44.09
64	1.32	18.12	26.69	53.88
65	1.40	13.22	22.17	63.21
66	1.50	10.31	19.13	69.06
67	1.19	7.65	16.57	74.59
68	1.08	6.03	14.38	78.51
69	1.12	5.05	13.26	80.58
70	1.06	4.29	17.34	77.31
71	1.16	4.40	13.45	80.99
72	0.92	4.14	11.67	83.27
73	0.76	3.85	10.11	85.29
74	0.77	3.66	9.74	85.83
75	0.87	3.60	10.38	85.15
76	0.80	3.21	9.80	86.19
77	0.86	2.97	9.38	86.79
78	0.93	3.05	10.01	86.00
79	0.91	3.04	9.93	86.12
80	0.85	2.86	9.64	86.65
81	0.88	2.67	9.41	87.03
82	0.96	2.93	9.92	86.20
83	0.92	3.03	9.65	86.39
84	0.87	2.81	9.24	87.07
85	0.95	2.83	9.68	86.55
86	0.94	2.77	9.56	86.72
87	0.93	2.64	9.46	86.98
88	0.91	2.41	9.08	87.60
89	0.88	2.20	8.43	88.49
90	0.92	2.20	8.12	88.77
91	0.97	2.22	8.43	88.39
92	0.93	2.32	8.57	88.18
93	0.95	2.35	8.82	87.88
94	0.99	2.40	8.65	87.96
95	1.56	3.61	13.05	81.78




