Parameters
	Library type	Single-end
	Input file	/Volumes/wdhd/users/joaks1/projects/gekgo/data/genomes/msg/plate1/demultiplexed-raw/fastq/CWL_89_Cyrtodactylus_annulatus_Cebu_R1.fq
	Primer/Adaptor library	NA
	Cut-off read length for HQ	70%
	Cut-off quality score	20
	Only statistics	On
	Number of processes	2


QC statistics
	File name	CWL_89_Cyrtodactylus_annulatus_Cebu_R1.fq
	Total number of reads	406299
	Total number of HQ reads	396169
	Percentage of HQ reads	97.51%
	Total number of bases	38598405
	Total number of bases in HQ reads	37636055
	Total number of HQ bases in HQ reads	33703001
	Percentage of HQ bases in HQ reads	89.55%
	Number of Primer/Adaptor contaminated HQ reads	NA
	Total number of HQ filtered reads	396169
	Percentage of HQ filtered reads	97.51%


Detailed QC statistics
	File name	CWL_89_Cyrtodactylus_annulatus_Cebu_R1.fq
	Minimum read length	95
	Maximum read length	95
	Average read length	95.00
	Total number of reads	406299
	Total number of reads with non-ATGC bases	174
	Percentage of reads with non-ATGC bases	0.04%
	Total number of bases	38598405
	Total number of HQ bases	34277811
	Percentage of HQ bases	88.81%
	Total number of non-ATGC bases	946
	Percentage of non-ATGC bases	0.00%


Average quality score at each base position of input reads

CWL_89_Cyrtodactylus_annulatus_Cebu_R1.fq
36.13	36.09	36.85	36.18	36.86	36.92	36.69	39.11	38.38	38.00	38.15	38.46	38.29	38.25	38.29	37.88	38.09	37.42	37.32	37.11	37.61	37.01	37.08	37.14	37.46	37.25	37.27	37.73	36.80	36.46	36.66	36.69	36.51	36.72	37.25	36.78	37.06	37.36	37.67	36.92	36.79	36.66	36.62	36.27	36.00	34.63	32.85	30.56	28.00	24.89	22.53	20.99	20.01	19.28	18.85	18.72	18.82	19.13	20.09	21.11	22.99	24.92	26.76	28.69	30.34	31.44	32.49	33.24	33.64	32.71	33.20	33.73	34.17	34.26	34.14	34.24	34.30	34.08	34.06	34.05	34.08	33.90	33.93	34.01	33.90	33.90	33.95	34.03	34.14	34.17	34.10	34.04	34.00	33.97	32.84	




Read count (%) per base for different quality score ranges

	CWL_89_Cyrtodactylus_annulatus_Cebu_R1.fq
Ranges	0-10	11-20	21-30	31-40
Base
1	0.00	0.44	0.61	98.95
2	0.00	0.15	0.18	99.67
3	0.00	0.13	0.20	99.67
4	0.00	0.43	1.04	98.52
5	0.00	0.14	0.35	99.51
6	0.00	0.09	0.21	99.70
7	0.01	0.48	0.93	98.59
8	0.00	0.63	0.68	98.69
9	0.03	0.93	1.52	97.52
10	0.02	1.22	1.68	97.08
11	0.01	1.06	1.29	97.64
12	0.01	0.69	1.11	98.19
13	0.03	0.78	1.78	97.42
14	0.02	1.03	1.58	97.37
15	0.01	0.94	1.38	97.67
16	0.05	1.03	2.01	96.92
17	0.02	0.87	1.38	97.73
18	0.07	1.43	2.64	95.86
19	0.09	1.75	2.52	95.64
20	0.08	2.00	2.81	95.11
21	0.06	1.47	1.91	96.55
22	0.16	1.56	2.46	95.82
23	0.10	1.45	2.50	95.94
24	0.16	1.44	2.31	96.09
25	0.13	1.29	1.84	96.74
26	0.23	1.24	2.53	96.00
27	0.24	1.31	2.43	96.02
28	0.20	1.08	1.62	97.10
29	0.60	1.17	2.61	95.61
30	0.61	1.70	3.67	94.02
31	0.65	1.51	3.21	94.63
32	0.93	1.61	3.29	94.17
33	0.71	1.94	3.71	93.64
34	0.65	1.58	3.22	94.55
35	0.36	1.22	2.28	96.14
36	0.61	1.19	3.37	94.82
37	0.65	0.98	2.65	95.72
38	0.52	0.98	2.39	96.12
39	0.31	0.94	1.95	96.80
40	0.59	1.01	3.05	95.35
41	0.70	1.20	3.38	94.72
42	0.73	1.45	3.75	94.06
43	0.69	1.44	3.91	93.96
44	0.85	1.82	4.59	92.74
45	0.91	1.85	5.17	92.07
46	1.38	2.93	8.66	87.04
47	1.74	6.00	13.92	78.34
48	2.04	11.50	19.75	66.71
49	2.31	20.35	23.47	53.87
50	2.98	34.85	22.06	40.11
51	4.07	47.01	18.12	30.80
52	5.12	54.17	15.97	24.75
53	5.55	59.22	14.52	20.70
54	5.82	63.14	13.27	17.77
55	5.78	64.80	14.04	15.37
56	5.14	65.94	14.64	14.28
57	4.38	65.74	15.99	13.89
58	3.82	63.81	18.13	14.24
59	2.74	57.75	23.18	16.32
60	2.92	50.97	26.05	20.05
61	1.97	41.47	29.54	27.02
62	1.99	31.93	30.24	35.85
63	1.80	24.51	28.96	44.74
64	1.33	18.00	26.17	54.49
65	1.39	13.24	21.79	63.57
66	1.45	10.32	18.75	69.48
67	1.18	7.70	16.31	74.81
68	1.08	5.98	13.96	78.98
69	1.10	5.07	12.62	81.22
70	1.06	4.29	16.65	78.00
71	1.24	4.42	12.79	81.55
72	0.89	4.25	11.26	83.61
73	0.75	3.89	9.85	85.51
74	0.81	3.62	9.44	86.13
75	0.86	3.66	9.93	85.55
76	0.81	3.27	9.34	86.57
77	0.81	2.97	8.94	87.28
78	0.91	3.13	9.54	86.42
79	0.92	3.08	9.44	86.56
80	0.90	3.01	9.33	86.76
81	0.87	2.79	9.16	87.18
82	0.95	3.05	9.63	86.37
83	0.88	3.20	9.19	86.72
84	0.87	2.95	8.96	87.22
85	0.93	2.92	9.34	86.80
86	0.95	2.85	9.33	86.87
87	0.94	2.66	9.19	87.22
88	0.90	2.45	8.86	87.78
89	0.89	2.29	8.19	88.63
90	0.93	2.26	7.96	88.85
91	0.98	2.30	8.21	88.52
92	0.99	2.35	8.37	88.28
93	0.96	2.41	8.50	88.13
94	0.95	2.43	8.58	88.04
95	1.51	3.57	12.87	82.06




