Parameters
	Library type	Single-end
	Input file	/Volumes/wdhd/users/joaks1/projects/gekgo/data/genomes/msg/plate1/demultiplexed-raw/fastq/CWL_88_Cyrtodactylus_annulatus_Cebu_R1.fq
	Primer/Adaptor library	NA
	Cut-off read length for HQ	70%
	Cut-off quality score	20
	Only statistics	On
	Number of processes	2


QC statistics
	File name	CWL_88_Cyrtodactylus_annulatus_Cebu_R1.fq
	Total number of reads	47428
	Total number of HQ reads	46285
	Percentage of HQ reads	97.59%
	Total number of bases	4505660
	Total number of bases in HQ reads	4397075
	Total number of HQ bases in HQ reads	3938561
	Percentage of HQ bases in HQ reads	89.57%
	Number of Primer/Adaptor contaminated HQ reads	NA
	Total number of HQ filtered reads	46285
	Percentage of HQ filtered reads	97.59%


Detailed QC statistics
	File name	CWL_88_Cyrtodactylus_annulatus_Cebu_R1.fq
	Minimum read length	95
	Maximum read length	95
	Average read length	95.00
	Total number of reads	47428
	Total number of reads with non-ATGC bases	21
	Percentage of reads with non-ATGC bases	0.04%
	Total number of bases	4505660
	Total number of HQ bases	4003452
	Percentage of HQ bases	88.85%
	Total number of non-ATGC bases	132
	Percentage of non-ATGC bases	0.00%


Average quality score at each base position of input reads

CWL_88_Cyrtodactylus_annulatus_Cebu_R1.fq
36.81	36.44	36.85	36.32	36.85	36.92	36.70	39.12	38.38	38.01	38.15	38.47	38.28	38.21	38.25	37.78	37.94	37.37	37.32	37.09	37.58	36.98	37.06	37.14	37.45	37.27	37.30	37.75	36.82	36.48	36.65	36.72	36.50	36.72	37.25	36.76	37.02	37.37	37.65	36.89	36.74	36.61	36.55	36.19	35.94	34.56	32.70	30.46	27.95	24.81	22.45	20.95	20.03	19.32	18.80	18.71	18.85	19.17	20.08	21.07	22.92	24.89	26.72	28.68	30.30	31.39	32.39	33.17	33.52	32.61	33.10	33.64	34.04	34.19	34.07	34.19	34.23	34.01	34.00	34.04	34.04	33.91	33.92	34.03	33.94	33.96	33.99	34.05	34.18	34.19	34.15	34.11	34.05	34.00	32.89	




Read count (%) per base for different quality score ranges

	CWL_88_Cyrtodactylus_annulatus_Cebu_R1.fq
Ranges	0-10	11-20	21-30	31-40
Base
1	0.00	0.34	0.34	99.33
2	0.00	0.16	0.16	99.68
3	0.00	0.19	0.21	99.60
4	0.00	0.44	0.93	98.63
5	0.01	0.16	0.35	99.49
6	0.00	0.07	0.20	99.73
7	0.00	0.38	1.01	98.61
8	0.00	0.59	0.70	98.71
9	0.04	0.90	1.51	97.56
10	0.01	1.18	1.59	97.22
11	0.01	1.09	1.26	97.64
12	0.01	0.64	1.22	98.13
13	0.02	0.83	1.59	97.56
14	0.02	1.00	1.66	97.33
15	0.01	0.94	1.35	97.70
16	0.04	1.05	1.91	96.99
17	0.01	0.95	1.40	97.64
18	0.09	1.31	2.64	95.96
19	0.11	1.63	2.49	95.77
20	0.10	1.97	2.76	95.17
21	0.05	1.54	1.90	96.50
22	0.18	1.53	2.59	95.69
23	0.14	1.42	2.53	95.91
24	0.22	1.38	2.34	96.07
25	0.18	1.31	1.83	96.68
26	0.28	1.18	2.56	95.98
27	0.26	1.25	2.36	96.13
28	0.22	0.99	1.59	97.20
29	0.67	1.07	2.61	95.65
30	0.68	1.61	3.51	94.20
31	0.67	1.58	3.20	94.55
32	0.89	1.66	3.16	94.29
33	0.71	1.92	3.75	93.62
34	0.62	1.64	3.22	94.52
35	0.38	1.22	2.25	96.15
36	0.67	1.14	3.43	94.76
37	0.64	1.03	2.76	95.57
38	0.43	1.01	2.51	96.06
39	0.31	0.98	1.99	96.73
40	0.57	0.96	3.22	95.25
41	0.66	1.24	3.61	94.49
42	0.75	1.51	3.98	93.76
43	0.70	1.55	4.06	93.68
44	0.84	1.88	4.95	92.32
45	0.91	1.96	5.33	91.81
46	1.31	2.93	9.05	86.71
47	1.69	6.19	14.62	77.51
48	2.00	11.57	20.33	66.10
49	2.19	20.42	23.95	53.44
50	2.84	35.06	22.79	39.31
51	4.12	47.06	18.64	30.18
52	5.00	54.24	16.59	24.17
53	5.44	58.99	15.09	20.48
54	5.81	62.80	13.80	17.60
55	5.72	65.04	14.37	14.87
56	4.97	66.06	15.13	13.84
57	4.16	65.72	16.47	13.65
58	3.71	63.43	18.89	13.97
59	2.77	57.58	23.52	16.13
60	2.90	50.92	26.71	19.48
61	2.04	41.34	30.23	26.38
62	2.01	31.97	30.37	35.65
63	1.79	24.59	29.05	44.57
64	1.25	17.98	26.32	54.45
65	1.35	13.11	22.34	63.20
66	1.41	10.14	19.16	69.29
67	1.25	7.62	16.49	74.64
68	1.08	5.91	14.10	78.90
69	1.16	5.04	12.87	80.93
70	1.03	4.26	16.94	77.77
71	1.12	4.48	13.05	81.36
72	0.85	4.23	11.34	83.59
73	0.80	3.83	10.03	85.35
74	0.80	3.59	9.23	86.38
75	0.85	3.56	9.91	85.68
76	0.77	3.20	9.23	86.79
77	0.86	2.85	9.01	87.28
78	0.91	3.05	9.56	86.47
79	0.90	3.05	9.48	86.57
80	0.87	2.85	9.38	86.91
81	0.81	2.79	9.25	87.14
82	0.83	3.02	9.73	86.41
83	0.88	3.11	9.15	86.86
84	0.90	2.73	8.91	87.45
85	0.88	2.73	9.42	86.97
86	0.88	2.70	9.01	87.40
87	0.90	2.54	9.06	87.50
88	0.90	2.39	8.79	87.91
89	0.82	2.23	7.91	89.04
90	0.90	2.19	7.94	88.96
91	0.96	2.24	7.83	88.97
92	0.91	2.28	8.03	88.78
93	0.90	2.40	8.36	88.34
94	0.92	2.33	8.46	88.29
95	1.49	3.43	12.48	82.60




