Parameters
	Library type	Single-end
	Input file	/Volumes/wdhd/users/joaks1/projects/gekgo/data/genomes/msg/plate1/demultiplexed-raw/fastq/ELR_681_Cyrtodactylus_philippinicus_Mindoro_R1.fq
	Primer/Adaptor library	NA
	Cut-off read length for HQ	70%
	Cut-off quality score	20
	Only statistics	On
	Number of processes	2


QC statistics
	File name	ELR_681_Cyrtodactylus_philippinicus_Mindoro_R1.fq
	Total number of reads	1957566
	Total number of HQ reads	1917967
	Percentage of HQ reads	97.98%
	Total number of bases	185968770
	Total number of bases in HQ reads	182206865
	Total number of HQ bases in HQ reads	162895951
	Percentage of HQ bases in HQ reads	89.40%
	Number of Primer/Adaptor contaminated HQ reads	NA
	Total number of HQ filtered reads	1917967
	Percentage of HQ filtered reads	97.98%


Detailed QC statistics
	File name	ELR_681_Cyrtodactylus_philippinicus_Mindoro_R1.fq
	Minimum read length	95
	Maximum read length	95
	Average read length	95.00
	Total number of reads	1957566
	Total number of reads with non-ATGC bases	887
	Percentage of reads with non-ATGC bases	0.05%
	Total number of bases	185968770
	Total number of HQ bases	165163812
	Percentage of HQ bases	88.81%
	Total number of non-ATGC bases	4975
	Percentage of non-ATGC bases	0.00%


Average quality score at each base position of input reads

ELR_681_Cyrtodactylus_philippinicus_Mindoro_R1.fq
36.84	36.38	36.87	36.29	36.87	36.92	36.69	39.07	38.33	37.96	38.09	38.41	38.09	38.02	38.03	37.49	37.81	37.26	37.17	37.02	37.52	36.87	36.97	37.02	37.39	37.17	37.21	37.67	36.68	36.36	36.60	36.64	36.44	36.68	37.17	36.72	36.99	37.29	37.59	36.77	36.61	36.51	36.44	36.09	35.76	34.26	32.42	30.07	27.43	24.55	22.17	20.75	19.63	18.96	18.58	18.43	18.58	18.86	19.92	20.96	22.79	24.63	26.53	28.45	30.17	31.23	32.25	32.92	33.26	32.37	32.86	33.44	33.89	33.98	33.86	34.00	34.12	33.93	33.93	33.96	33.98	33.79	33.85	33.94	33.81	33.88	33.96	34.05	34.17	34.16	34.08	34.01	33.99	34.00	32.84	




Read count (%) per base for different quality score ranges

	ELR_681_Cyrtodactylus_philippinicus_Mindoro_R1.fq
Ranges	0-10	11-20	21-30	31-40
Base
1	0.00	0.32	0.30	99.38
2	0.00	0.14	0.17	99.69
3	0.00	0.16	0.17	99.67
4	0.00	0.41	0.99	98.60
5	0.00	0.13	0.30	99.56
6	0.00	0.07	0.20	99.72
7	0.01	0.46	0.94	98.59
8	0.00	0.64	0.69	98.67
9	0.03	0.97	1.55	97.45
10	0.03	1.21	1.69	97.07
11	0.01	1.09	1.29	97.60
12	0.01	0.67	1.11	98.21
13	0.03	0.84	1.88	97.25
14	0.02	0.99	1.62	97.37
15	0.02	0.93	1.35	97.70
16	0.04	1.08	2.18	96.70
17	0.02	0.82	1.40	97.76
18	0.10	1.39	2.76	95.75
19	0.13	1.69	2.61	95.57
20	0.12	1.98	2.89	95.02
21	0.09	1.42	1.89	96.60
22	0.22	1.46	2.61	95.71
23	0.15	1.36	2.60	95.89
24	0.25	1.34	2.42	95.99
25	0.17	1.20	1.88	96.76
26	0.34	1.12	2.62	95.92
27	0.31	1.17	2.49	96.03
28	0.21	1.01	1.69	97.09
29	0.72	1.04	2.78	95.47
30	0.65	1.60	3.82	93.93
31	0.66	1.44	3.33	94.57
32	0.88	1.57	3.36	94.19
33	0.68	1.87	3.93	93.51
34	0.61	1.51	3.31	94.56
35	0.27	1.22	2.41	96.10
36	0.53	1.12	3.53	94.82
37	0.55	0.94	2.86	95.65
38	0.44	0.93	2.52	96.11
39	0.25	0.90	2.10	96.76
40	0.57	0.99	3.42	95.01
41	0.68	1.23	3.89	94.20
42	0.68	1.43	4.25	93.64
43	0.64	1.47	4.49	93.41
44	0.83	1.85	5.27	92.05
45	0.92	1.95	5.96	91.18
46	1.45	3.06	10.34	85.15
47	1.85	6.26	16.18	75.71
48	2.29	11.98	22.20	63.54
49	2.58	20.91	26.34	50.17
50	3.24	34.93	24.45	37.38
51	4.44	47.39	19.94	28.23
52	5.61	54.03	17.45	22.91
53	6.28	59.46	15.92	18.34
54	6.43	63.28	14.41	15.88
55	6.27	65.03	14.93	13.76
56	5.79	66.09	15.47	12.64
57	4.89	65.49	17.37	12.25
58	4.56	63.50	19.39	12.56
59	3.01	57.56	24.34	15.08
60	3.23	50.79	26.98	19.00
61	2.06	41.57	30.73	25.64
62	2.17	32.38	31.16	34.29
63	1.88	24.66	29.91	43.55
64	1.33	18.22	26.99	53.46
65	1.34	13.02	22.53	63.11
66	1.43	10.17	19.40	69.00
67	1.13	7.61	16.91	74.35
68	1.01	6.03	14.81	78.15
69	1.05	5.15	13.59	80.21
70	0.95	4.20	18.17	76.69
71	1.14	4.28	13.90	80.68
72	0.78	4.05	12.11	83.06
73	0.66	3.69	10.40	85.26
74	0.71	3.53	10.06	85.70
75	0.80	3.54	10.67	84.99
76	0.74	3.16	9.97	86.12
77	0.71	2.82	9.49	86.97
78	0.81	2.95	10.09	86.15
79	0.81	2.94	10.01	86.25
80	0.75	2.80	9.92	86.53
81	0.75	2.56	9.81	86.88
82	0.81	2.86	10.37	85.96
83	0.79	2.90	9.76	86.55
84	0.77	2.73	9.38	87.13
85	0.85	2.72	9.86	86.56
86	0.79	2.62	9.59	87.00
87	0.79	2.46	9.30	87.44
88	0.74	2.23	8.98	88.05
89	0.71	2.04	8.32	88.94
90	0.77	2.03	8.16	89.05
91	0.82	2.16	8.38	88.64
92	0.82	2.29	8.68	88.20
93	0.82	2.31	8.73	88.14
94	0.82	2.25	8.59	88.34
95	1.40	3.48	12.88	82.23




