Parameters
	Library type	Single-end
	Input file	/Volumes/wdhd/users/joaks1/projects/gekgo/data/genomes/msg/plate1/demultiplexed-raw/fastq/PNM.CMNH_1298_Cyrtodactylus_annulatus_Mindanao_R1.fq
	Primer/Adaptor library	NA
	Cut-off read length for HQ	70%
	Cut-off quality score	20
	Only statistics	On
	Number of processes	2


QC statistics
	File name	PNM.CMNH_1298_Cyrtodactylus_annulatus_Mindanao_R1.fq
	Total number of reads	44357
	Total number of HQ reads	43189
	Percentage of HQ reads	97.37%
	Total number of bases	4213915
	Total number of bases in HQ reads	4102955
	Total number of HQ bases in HQ reads	3675542
	Percentage of HQ bases in HQ reads	89.58%
	Number of Primer/Adaptor contaminated HQ reads	NA
	Total number of HQ filtered reads	43189
	Percentage of HQ filtered reads	97.37%


Detailed QC statistics
	File name	PNM.CMNH_1298_Cyrtodactylus_annulatus_Mindanao_R1.fq
	Minimum read length	95
	Maximum read length	95
	Average read length	95.00
	Total number of reads	44357
	Total number of reads with non-ATGC bases	23
	Percentage of reads with non-ATGC bases	0.05%
	Total number of bases	4213915
	Total number of HQ bases	3739880
	Percentage of HQ bases	88.75%
	Total number of non-ATGC bases	152
	Percentage of non-ATGC bases	0.00%


Average quality score at each base position of input reads

PNM.CMNH_1298_Cyrtodactylus_annulatus_Mindanao_R1.fq
36.87	36.66	36.88	36.36	36.87	36.92	36.63	38.91	38.18	37.91	37.95	38.23	37.90	37.98	38.00	37.48	37.87	37.31	37.13	36.96	37.51	36.81	36.90	36.99	37.33	37.08	37.12	37.62	36.71	36.38	36.56	36.68	36.48	36.65	37.18	36.70	36.80	37.18	37.49	36.69	36.63	36.57	36.52	36.11	35.49	34.03	32.36	29.69	27.47	24.44	22.37	21.07	20.45	19.38	18.55	18.57	18.85	18.83	20.06	21.42	23.22	25.26	27.25	28.75	30.30	30.77	31.75	32.69	32.88	31.80	32.48	33.07	33.61	33.72	33.68	33.80	33.92	33.82	33.73	33.71	33.71	33.69	33.81	33.92	33.81	33.71	33.65	33.87	34.11	34.08	34.01	33.93	33.92	33.79	32.42	




Read count (%) per base for different quality score ranges

	PNM.CMNH_1298_Cyrtodactylus_annulatus_Mindanao_R1.fq
Ranges	0-10	11-20	21-30	31-40
Base
1	0.00	0.30	0.27	99.44
2	0.00	0.14	0.14	99.72
3	0.00	0.17	0.15	99.68
4	0.00	0.45	0.93	98.62
5	0.00	0.16	0.27	99.57
6	0.00	0.07	0.20	99.73
7	0.02	0.52	1.10	98.37
8	0.00	0.84	0.87	98.28
9	0.01	1.05	1.58	97.36
10	0.03	1.19	1.81	96.97
11	0.05	1.05	1.33	97.58
12	0.01	0.74	1.37	97.88
13	0.05	1.03	2.12	96.80
14	0.02	1.09	1.89	96.99
15	0.02	0.97	1.37	97.64
16	0.06	1.10	2.23	96.61
17	0.03	0.79	1.41	97.77
18	0.10	1.31	2.47	96.12
19	0.13	1.81	2.68	95.38
20	0.15	2.10	2.99	94.76
21	0.16	1.55	1.93	96.35
22	0.33	1.71	2.83	95.13
23	0.27	1.59	2.79	95.35
24	0.32	1.40	2.42	95.86
25	0.32	1.15	1.89	96.64
26	0.40	1.10	2.52	95.98
27	0.46	1.16	2.47	95.90
28	0.37	1.11	1.64	96.88
29	0.94	1.16	2.82	95.09
30	0.90	1.76	3.68	93.65
31	0.81	1.59	3.33	94.27
32	1.06	1.61	3.23	94.10
33	0.83	1.86	3.82	93.50
34	0.80	1.68	3.07	94.45
35	0.40	1.35	2.43	95.82
36	0.78	1.18	3.56	94.49
37	0.78	1.24	3.19	94.80
38	0.67	1.04	2.59	95.70
39	0.47	1.05	2.32	96.16
40	0.75	1.20	3.77	94.28
41	0.87	1.24	3.65	94.24
42	0.83	1.45	4.08	93.64
43	0.80	1.51	4.01	93.68
44	0.93	1.93	5.21	91.93
45	1.30	2.24	6.68	89.78
46	1.61	3.30	10.52	84.57
47	1.97	6.27	16.48	75.29
48	2.40	11.91	24.18	61.51
49	2.66	21.06	25.62	50.66
50	3.88	34.63	24.18	37.32
51	4.59	45.06	21.71	28.64
52	5.94	51.98	17.60	24.48
53	5.95	55.92	16.30	21.82
54	6.93	60.55	14.80	17.72
55	6.47	65.51	13.97	14.05
56	6.31	64.99	15.10	13.60
57	5.20	63.64	17.69	13.47
58	4.44	64.12	18.72	12.72
59	3.20	56.80	24.15	15.86
60	3.36	48.15	27.34	21.16
61	2.13	39.67	30.13	28.07
62	2.24	29.63	30.57	37.56
63	1.95	21.84	28.75	47.46
64	1.53	17.26	26.01	55.20
65	1.48	12.97	21.48	64.06
66	1.88	10.99	20.43	66.70
67	1.45	8.63	17.74	72.17
68	1.28	5.87	15.59	77.26
69	1.33	5.59	14.14	78.94
70	1.32	5.02	20.13	73.53
71	1.56	4.66	14.68	79.10
72	1.05	4.48	12.91	81.56
73	0.95	4.08	10.61	84.36
74	0.99	3.99	10.09	84.93
75	1.08	3.77	10.58	84.57
76	1.02	3.40	10.33	85.25
77	1.02	2.99	9.64	86.34
78	1.06	3.03	10.07	85.85
79	1.18	3.03	10.25	85.54
80	1.02	3.03	10.49	85.47
81	1.08	2.83	10.23	85.87
82	1.11	2.87	10.12	85.90
83	1.07	2.96	9.37	86.60
84	1.08	2.67	8.97	87.28
85	1.09	2.74	9.75	86.41
86	1.11	2.89	9.67	86.32
87	1.20	2.69	10.01	86.09
88	1.06	2.48	9.02	87.44
89	0.95	2.20	8.20	88.65
90	1.11	2.36	7.69	88.83
91	1.09	2.42	8.02	88.47
92	1.18	2.56	8.28	87.97
93	1.21	2.49	8.49	87.81
94	1.19	2.58	8.93	87.30
95	2.14	4.05	13.67	80.15




