Parameters
	Library type	Single-end
	Input file	/Volumes/wdhd/users/joaks1/projects/gekgo/data/genomes/msg/plate1/demultiplexed-raw/fastq/PNM.CMNH_1293_Cyrtodactylus_annulatus_Mindanao_R1.fq
	Primer/Adaptor library	NA
	Cut-off read length for HQ	70%
	Cut-off quality score	20
	Only statistics	On
	Number of processes	2


QC statistics
	File name	PNM.CMNH_1293_Cyrtodactylus_annulatus_Mindanao_R1.fq
	Total number of reads	11434
	Total number of HQ reads	11063
	Percentage of HQ reads	96.76%
	Total number of bases	1086230
	Total number of bases in HQ reads	1050985
	Total number of HQ bases in HQ reads	940176
	Percentage of HQ bases in HQ reads	89.46%
	Number of Primer/Adaptor contaminated HQ reads	NA
	Total number of HQ filtered reads	11063
	Percentage of HQ filtered reads	96.76%


Detailed QC statistics
	File name	PNM.CMNH_1293_Cyrtodactylus_annulatus_Mindanao_R1.fq
	Minimum read length	95
	Maximum read length	95
	Average read length	95.00
	Total number of reads	11434
	Total number of reads with non-ATGC bases	6
	Percentage of reads with non-ATGC bases	0.05%
	Total number of bases	1086230
	Total number of HQ bases	960939
	Percentage of HQ bases	88.47%
	Total number of non-ATGC bases	18
	Percentage of non-ATGC bases	0.00%


Average quality score at each base position of input reads

PNM.CMNH_1293_Cyrtodactylus_annulatus_Mindanao_R1.fq
36.70	36.52	36.70	36.02	36.65	36.77	36.49	38.73	38.01	37.75	37.78	38.08	37.81	37.94	38.03	37.57	37.90	37.22	37.05	36.83	37.32	36.68	36.68	36.84	37.09	36.89	36.93	37.36	36.59	36.28	36.41	36.57	36.28	36.45	36.96	36.49	36.58	36.92	37.24	36.55	36.56	36.49	36.39	36.05	35.55	34.14	32.44	30.10	27.83	24.71	22.64	21.25	20.53	19.39	18.67	18.59	18.82	18.85	19.97	21.35	23.39	25.28	27.35	28.95	30.52	31.17	32.21	32.96	33.25	32.30	32.89	33.46	33.92	33.98	33.85	34.09	34.13	33.92	33.92	33.80	33.74	33.66	33.74	33.80	33.74	33.70	33.64	33.86	33.95	33.97	33.87	33.73	33.78	33.70	32.49	




Read count (%) per base for different quality score ranges

	PNM.CMNH_1293_Cyrtodactylus_annulatus_Mindanao_R1.fq
Ranges	0-10	11-20	21-30	31-40
Base
1	0.00	0.53	0.71	98.76
2	0.00	0.30	0.38	99.33
3	0.00	0.44	0.66	98.90
4	0.00	1.22	2.03	96.75
5	0.00	0.57	0.95	98.48
6	0.00	0.33	0.72	98.95
7	0.02	0.78	1.51	97.69
8	0.01	1.13	1.23	97.63
9	0.01	1.50	2.19	96.30
10	0.07	1.55	2.21	96.17
11	0.03	1.50	1.92	96.55
12	0.03	1.18	1.76	97.04
13	0.03	1.34	2.44	96.20
14	0.01	1.36	2.38	96.25
15	0.03	1.33	1.77	96.88
16	0.09	1.48	2.50	95.93
17	0.02	1.17	1.88	96.93
18	0.08	1.85	2.96	95.10
19	0.25	2.06	3.17	94.53
20	0.22	2.51	3.59	93.68
21	0.24	2.10	2.38	95.28
22	0.26	2.29	3.07	94.38
23	0.24	2.34	3.24	94.18
24	0.20	2.20	2.84	94.75
25	0.28	1.90	2.55	95.28
26	0.45	1.71	3.26	94.58
27	0.51	1.72	3.08	94.69
28	0.55	1.57	2.16	95.71
29	0.84	1.71	3.16	94.30
30	0.84	2.19	3.86	93.12
31	0.87	1.96	3.82	93.35
32	1.15	1.67	3.50	93.68
33	1.08	2.34	3.97	92.60
34	1.14	1.76	3.72	93.39
35	0.73	1.53	2.85	94.89
36	1.06	1.47	3.84	93.63
37	1.10	1.44	3.49	93.97
38	0.90	1.53	3.04	94.53
39	0.62	1.55	2.72	95.11
40	1.04	1.43	3.91	93.62
41	1.12	1.27	3.95	93.66
42	1.01	1.77	4.11	93.11
43	1.03	1.89	4.17	92.91
44	1.17	2.16	5.11	91.56
45	1.66	2.31	5.99	90.04
46	1.68	3.84	9.19	85.29
47	2.15	7.00	14.30	76.55
48	2.46	11.91	20.94	64.69
49	2.81	20.61	23.25	53.34
50	3.92	34.00	22.77	39.31
51	4.22	45.24	19.52	31.01
52	5.70	52.19	15.93	26.18
53	5.98	56.16	14.89	22.97
54	6.85	61.33	13.15	18.66
55	5.96	66.06	12.77	15.21
56	5.57	66.67	13.53	14.23
57	5.19	64.09	17.08	13.64
58	4.27	64.58	17.86	13.29
59	3.31	57.75	22.99	15.94
60	3.23	48.97	26.70	21.10
61	2.03	38.99	30.08	28.91
62	2.09	30.37	29.68	37.86
63	1.82	22.66	27.33	48.19
64	1.57	16.87	25.82	55.74
65	1.46	12.80	21.19	64.54
66	1.64	10.73	19.67	67.96
67	1.52	8.02	16.78	73.68
68	1.43	5.86	15.06	77.65
69	1.50	5.16	13.70	79.65
70	1.36	4.51	18.75	75.38
71	1.56	4.42	13.85	80.17
72	0.99	4.43	12.39	82.19
73	1.09	3.95	10.31	84.64
74	1.06	4.19	9.65	85.11
75	1.07	3.92	10.97	84.05
76	0.88	3.48	9.68	85.95
77	0.98	2.96	9.79	86.27
78	1.22	3.02	9.80	85.97
79	1.08	3.23	9.52	86.17
80	0.97	3.17	10.40	85.46
81	1.01	3.13	10.54	85.32
82	1.11	3.30	10.04	85.55
83	1.08	3.30	9.73	85.89
84	1.15	3.15	9.51	86.20
85	0.99	3.28	9.65	86.09
86	1.15	2.97	10.01	85.86
87	1.07	3.03	10.08	85.82
88	1.08	2.45	9.38	87.10
89	1.09	2.48	8.51	87.92
90	1.15	2.27	8.68	87.90
91	1.15	2.67	8.56	87.62
92	1.22	2.72	9.52	86.55
93	1.14	2.77	9.04	87.05
94	1.15	2.50	9.69	86.65
95	1.68	3.89	14.73	79.70




