Parameters
	Library type	Single-end
	Input file	/Volumes/wdhd/users/joaks1/projects/gekgo/data/genomes/msg/plate1/demultiplexed-raw/fastq/PNM.CMNH_1289_Cyrtodactylus_annulatus_Mindanao_R1.fq
	Primer/Adaptor library	NA
	Cut-off read length for HQ	70%
	Cut-off quality score	20
	Only statistics	On
	Number of processes	2


QC statistics
	File name	PNM.CMNH_1289_Cyrtodactylus_annulatus_Mindanao_R1.fq
	Total number of reads	36931
	Total number of HQ reads	36176
	Percentage of HQ reads	97.96%
	Total number of bases	3508445
	Total number of bases in HQ reads	3436720
	Total number of HQ bases in HQ reads	3078548
	Percentage of HQ bases in HQ reads	89.58%
	Number of Primer/Adaptor contaminated HQ reads	NA
	Total number of HQ filtered reads	36176
	Percentage of HQ filtered reads	97.96%


Detailed QC statistics
	File name	PNM.CMNH_1289_Cyrtodactylus_annulatus_Mindanao_R1.fq
	Minimum read length	95
	Maximum read length	95
	Average read length	95.00
	Total number of reads	36931
	Total number of reads with non-ATGC bases	15
	Percentage of reads with non-ATGC bases	0.04%
	Total number of bases	3508445
	Total number of HQ bases	3119774
	Percentage of HQ bases	88.92%
	Total number of non-ATGC bases	95
	Percentage of non-ATGC bases	0.00%


Average quality score at each base position of input reads

PNM.CMNH_1289_Cyrtodactylus_annulatus_Mindanao_R1.fq
36.85	36.49	36.87	36.33	36.87	36.91	36.63	38.93	38.25	37.95	38.02	38.33	37.69	37.82	37.98	37.46	37.89	37.31	37.16	37.00	37.55	36.87	36.93	37.00	37.34	37.06	37.16	37.64	36.78	36.43	36.61	36.72	36.48	36.66	37.16	36.71	36.85	37.20	37.49	36.75	36.57	36.46	36.42	36.03	35.46	33.84	32.10	29.47	27.28	24.34	22.26	21.05	20.32	19.34	18.58	18.52	18.71	18.75	19.94	21.22	23.02	25.06	27.03	28.58	30.16	30.82	31.77	32.62	32.82	31.80	32.44	32.95	33.53	33.67	33.69	33.84	33.92	33.81	33.79	33.76	33.75	33.71	33.86	34.01	33.86	33.89	33.85	34.00	34.21	34.16	34.13	34.04	34.01	33.88	32.58	




Read count (%) per base for different quality score ranges

	PNM.CMNH_1289_Cyrtodactylus_annulatus_Mindanao_R1.fq
Ranges	0-10	11-20	21-30	31-40
Base
1	0.02	0.22	0.28	99.47
2	0.02	0.08	0.15	99.75
3	0.00	0.14	0.18	99.68
4	0.00	0.38	0.94	98.68
5	0.00	0.13	0.31	99.56
6	0.00	0.10	0.22	99.69
7	0.01	0.54	1.10	98.34
8	0.00	0.81	0.90	98.29
9	0.03	0.97	1.49	97.52
10	0.02	1.13	1.58	97.26
11	0.02	0.96	1.39	97.63
12	0.00	0.64	1.22	98.15
13	0.03	0.92	2.01	97.04
14	0.03	1.00	1.67	97.30
15	0.02	0.91	1.28	97.80
16	0.03	1.12	2.19	96.66
17	0.02	0.74	1.23	98.01
18	0.11	1.34	2.37	96.19
19	0.15	1.67	2.76	95.42
20	0.19	1.92	2.86	95.03
21	0.16	1.41	1.83	96.60
22	0.41	1.35	2.69	95.55
23	0.36	1.37	2.83	95.44
24	0.45	1.26	2.46	95.84
25	0.29	1.22	1.94	96.55
26	0.48	1.07	2.65	95.80
27	0.47	1.09	2.51	95.94
28	0.32	1.03	1.69	96.95
29	0.81	1.03	2.83	95.33
30	0.78	1.63	3.59	94.00
31	0.75	1.46	3.26	94.52
32	0.91	1.58	3.29	94.22
33	0.76	1.80	3.91	93.53
34	0.72	1.52	3.27	94.48
35	0.47	1.16	2.40	95.97
36	0.61	1.16	3.56	94.67
37	0.67	1.03	3.34	94.96
38	0.54	1.05	2.74	95.67
39	0.41	1.00	2.48	96.11
40	0.63	1.05	3.71	94.61
41	0.87	1.29	3.90	93.94
42	0.82	1.54	4.45	93.18
43	0.71	1.53	4.55	93.20
44	0.96	1.88	5.45	91.70
45	1.16	2.33	6.91	89.60
46	1.50	3.46	12.10	82.94
47	1.81	6.39	18.53	73.27
48	2.23	11.88	27.11	58.78
49	2.31	21.37	27.93	48.39
50	3.70	34.50	25.92	35.87
51	4.42	45.33	22.89	27.36
52	5.77	51.79	18.81	23.62
53	5.77	56.39	17.18	20.66
54	6.84	60.44	15.57	17.15
55	5.99	65.68	14.70	13.62
56	6.05	65.39	15.55	13.00
57	4.82	64.92	17.72	12.54
58	4.26	64.72	18.82	12.20
59	3.08	57.52	24.05	15.34
60	3.12	49.28	27.46	20.14
61	1.94	40.09	31.28	26.69
62	2.21	30.15	30.99	36.64
63	1.79	22.46	29.23	46.52
64	1.46	17.19	26.81	54.54
65	1.40	12.47	22.70	63.43
66	1.64	10.39	20.75	67.21
67	1.31	7.92	18.15	72.62
68	1.17	5.55	15.70	77.58
69	1.18	5.22	14.48	79.12
70	1.10	4.44	20.78	73.67
71	1.35	4.29	15.01	79.34
72	0.95	4.09	13.73	81.23
73	0.84	3.68	11.06	84.43
74	0.81	3.59	10.64	84.96
75	0.97	3.39	10.69	84.94
76	0.83	2.96	10.53	85.68
77	0.89	2.84	9.75	86.52
78	0.96	2.79	10.29	85.95
79	0.97	2.77	10.46	85.79
80	0.91	2.65	10.64	85.80
81	0.87	2.71	10.28	86.15
82	0.91	2.72	10.47	85.90
83	0.93	2.66	9.75	86.67
84	0.86	2.43	9.08	87.63
85	0.94	2.51	9.87	86.68
86	0.86	2.40	9.57	87.18
87	0.92	2.58	9.27	87.23
88	0.89	2.25	8.85	88.01
89	0.94	1.90	8.02	89.15
90	1.05	2.05	7.57	89.33
91	0.99	2.10	7.76	89.16
92	1.06	2.20	8.12	88.63
93	1.02	2.41	8.41	88.16
94	1.01	2.48	8.67	87.84
95	1.81	3.79	13.48	80.93




