Parameters
	Library type	Single-end
	Input file	/Volumes/wdhd/users/joaks1/projects/gekgo/data/genomes/msg/plate1/demultiplexed-raw/fastq/PNM.CMNH_1292_Cyrtodactylus_annulatus_Mindanao_R1.fq
	Primer/Adaptor library	NA
	Cut-off read length for HQ	70%
	Cut-off quality score	20
	Only statistics	On
	Number of processes	2


QC statistics
	File name	PNM.CMNH_1292_Cyrtodactylus_annulatus_Mindanao_R1.fq
	Total number of reads	25671
	Total number of HQ reads	25040
	Percentage of HQ reads	97.54%
	Total number of bases	2438745
	Total number of bases in HQ reads	2378800
	Total number of HQ bases in HQ reads	2137051
	Percentage of HQ bases in HQ reads	89.84%
	Number of Primer/Adaptor contaminated HQ reads	NA
	Total number of HQ filtered reads	25040
	Percentage of HQ filtered reads	97.54%


Detailed QC statistics
	File name	PNM.CMNH_1292_Cyrtodactylus_annulatus_Mindanao_R1.fq
	Minimum read length	95
	Maximum read length	95
	Average read length	95.00
	Total number of reads	25671
	Total number of reads with non-ATGC bases	12
	Percentage of reads with non-ATGC bases	0.05%
	Total number of bases	2438745
	Total number of HQ bases	2171915
	Percentage of HQ bases	89.06%
	Total number of non-ATGC bases	105
	Percentage of non-ATGC bases	0.00%


Average quality score at each base position of input reads

PNM.CMNH_1292_Cyrtodactylus_annulatus_Mindanao_R1.fq
36.76	36.50	36.88	36.31	36.88	36.94	36.66	38.95	38.22	38.00	38.05	38.28	38.08	38.23	38.33	37.80	38.13	37.50	37.31	37.10	37.63	36.93	37.02	37.15	37.40	37.16	37.25	37.71	36.89	36.54	36.73	36.83	36.66	36.77	37.28	36.87	36.99	37.31	37.63	37.00	36.87	36.80	36.72	36.36	35.89	34.45	32.77	30.34	27.99	25.08	22.88	21.56	20.86	19.72	18.72	18.81	19.03	19.00	20.15	21.59	23.43	25.59	27.57	29.08	30.67	31.29	32.29	33.19	33.36	32.37	33.02	33.54	34.10	34.18	34.15	34.22	34.32	34.16	34.13	34.11	34.06	33.96	34.10	34.20	34.09	34.02	33.95	34.14	34.35	34.30	34.22	34.14	34.17	33.99	32.69	




Read count (%) per base for different quality score ranges

	PNM.CMNH_1292_Cyrtodactylus_annulatus_Mindanao_R1.fq
Ranges	0-10	11-20	21-30	31-40
Base
1	0.00	0.23	0.34	99.43
2	0.00	0.09	0.09	99.82
3	0.00	0.11	0.15	99.74
4	0.00	0.36	0.89	98.75
5	0.01	0.09	0.32	99.58
6	0.00	0.05	0.15	99.80
7	0.02	0.46	1.04	98.48
8	0.00	0.80	0.78	98.42
9	0.03	1.04	1.52	97.42
10	0.03	1.20	1.60	97.17
11	0.01	0.95	1.34	97.69
12	0.00	0.69	1.40	97.90
13	0.02	0.88	1.99	97.11
14	0.03	0.97	1.59	97.41
15	0.02	0.79	1.27	97.92
16	0.07	0.99	2.17	96.77
17	0.03	0.73	1.31	97.93
18	0.09	1.38	2.17	96.37
19	0.14	1.63	2.69	95.54
20	0.11	1.98	3.01	94.89
21	0.12	1.52	1.82	96.54
22	0.25	1.80	2.41	95.54
23	0.19	1.67	2.45	95.68
24	0.24	1.31	2.34	96.11
25	0.21	1.36	1.95	96.47
26	0.30	1.18	2.59	95.92
27	0.34	1.18	2.38	96.10
28	0.22	1.13	1.60	97.04
29	0.69	1.20	2.47	95.64
30	0.72	1.68	3.39	94.21
31	0.78	1.49	3.01	94.72
32	1.01	1.48	3.00	94.50
33	0.81	1.69	3.42	94.08
34	0.79	1.56	2.90	94.75
35	0.47	1.29	2.18	96.07
36	0.68	1.13	3.15	95.04
37	0.66	1.11	2.91	95.31
38	0.54	1.16	2.38	95.93
39	0.51	0.95	2.10	96.44
40	0.62	1.04	2.89	95.46
41	0.78	1.18	3.20	94.84
42	0.69	1.41	3.69	94.21
43	0.73	1.31	3.69	94.27
44	0.89	1.80	4.51	92.80
45	1.11	2.07	5.27	91.55
46	1.32	3.15	8.83	86.70
47	1.74	6.03	14.21	78.01
48	1.95	11.06	21.76	65.23
49	2.40	20.69	22.61	54.30
50	3.26	33.43	22.45	40.86
51	3.95	44.32	19.78	31.95
52	5.27	51.70	15.62	27.41
53	5.19	55.72	14.99	24.10
54	6.05	60.76	13.59	19.60
55	5.63	66.45	12.72	15.20
56	5.34	65.53	14.36	14.78
57	4.52	64.21	16.77	14.50
58	3.73	64.70	17.76	13.82
59	2.82	57.10	23.57	16.51
60	2.88	48.20	26.80	22.11
61	1.94	38.95	30.23	28.87
62	1.85	29.36	29.62	39.17
63	1.57	21.83	27.58	49.02
64	1.29	17.12	25.04	56.55
65	1.39	12.13	21.22	65.25
66	1.59	10.54	18.92	68.95
67	1.25	7.92	16.86	73.97
68	1.20	5.48	14.44	78.87
69	1.39	5.20	13.06	80.34
70	1.11	4.67	18.24	75.98
71	1.41	4.35	13.62	80.62
72	1.05	4.36	11.29	83.30
73	0.92	3.68	9.86	85.54
74	0.88	3.89	9.15	86.08
75	0.90	3.63	9.52	85.95
76	0.86	3.26	9.07	86.81
77	0.92	2.86	8.71	87.51
78	1.00	2.86	9.30	86.84
79	1.07	2.87	8.99	87.07
80	0.91	2.78	9.36	86.95
81	0.95	2.63	9.11	87.31
82	0.99	2.82	9.50	86.69
83	0.89	2.85	8.62	87.65
84	0.92	2.47	8.43	88.18
85	0.92	2.52	9.05	87.50
86	0.99	2.57	8.97	87.48
87	0.90	2.80	8.96	87.35
88	0.91	2.12	8.56	88.41
89	0.78	2.05	7.64	89.52
90	1.01	2.05	7.26	89.68
91	0.97	2.13	7.54	89.36
92	1.09	2.30	7.55	89.07
93	0.92	2.36	7.85	88.87
94	1.17	2.38	8.24	88.20
95	1.82	3.71	13.27	81.20




