Parameters
	Library type	Single-end
	Input file	/Volumes/wdhd/users/joaks1/projects/gekgo/data/genomes/msg/plate1/demultiplexed-raw/fastq/RMB_14956_Cyrtodactylus_philippinicus_Luzon_R1.fq
	Primer/Adaptor library	NA
	Cut-off read length for HQ	70%
	Cut-off quality score	20
	Only statistics	On
	Number of processes	2


QC statistics
	File name	RMB_14956_Cyrtodactylus_philippinicus_Luzon_R1.fq
	Total number of reads	24968
	Total number of HQ reads	24432
	Percentage of HQ reads	97.85%
	Total number of bases	2371960
	Total number of bases in HQ reads	2321040
	Total number of HQ bases in HQ reads	2074723
	Percentage of HQ bases in HQ reads	89.39%
	Number of Primer/Adaptor contaminated HQ reads	NA
	Total number of HQ filtered reads	24432
	Percentage of HQ filtered reads	97.85%


Detailed QC statistics
	File name	RMB_14956_Cyrtodactylus_philippinicus_Luzon_R1.fq
	Minimum read length	95
	Maximum read length	95
	Average read length	95.00
	Total number of reads	24968
	Total number of reads with non-ATGC bases	8
	Percentage of reads with non-ATGC bases	0.03%
	Total number of bases	2371960
	Total number of HQ bases	2105478
	Percentage of HQ bases	88.77%
	Total number of non-ATGC bases	53
	Percentage of non-ATGC bases	0.00%


Average quality score at each base position of input reads

RMB_14956_Cyrtodactylus_philippinicus_Luzon_R1.fq
34.89	34.32	36.76	36.10	36.86	36.92	36.67	39.04	38.28	37.89	38.05	38.34	38.17	38.14	38.20	37.75	37.96	37.29	37.18	37.02	37.50	36.86	36.95	37.01	37.36	37.17	37.21	37.64	36.68	36.38	36.59	36.63	36.41	36.69	37.17	36.73	37.01	37.29	37.60	36.87	36.65	36.54	36.51	36.19	35.87	34.45	32.67	30.35	27.83	24.83	22.28	20.72	19.56	18.91	18.59	18.38	18.59	18.88	19.93	21.09	22.97	24.84	26.71	28.59	30.34	31.39	32.47	33.13	33.53	32.60	33.08	33.70	34.11	34.20	34.08	34.22	34.30	34.13	34.11	34.13	34.10	33.92	33.94	33.96	33.86	33.96	33.96	34.07	34.19	34.18	34.12	34.02	33.96	33.95	32.90	




Read count (%) per base for different quality score ranges

	RMB_14956_Cyrtodactylus_philippinicus_Luzon_R1.fq
Ranges	0-10	11-20	21-30	31-40
Base
1	0.00	0.72	1.80	97.48
2	0.00	0.16	0.58	99.27
3	0.00	0.12	0.30	99.58
4	0.00	0.49	1.25	98.25
5	0.00	0.14	0.31	99.55
6	0.00	0.08	0.20	99.72
7	0.01	0.50	0.95	98.54
8	0.00	0.72	0.77	98.51
9	0.02	1.07	1.61	97.30
10	0.02	1.31	1.74	96.94
11	0.02	1.16	1.31	97.51
12	0.00	0.82	1.27	97.91
13	0.03	0.92	1.76	97.30
14	0.03	1.10	1.70	97.17
15	0.02	0.87	1.54	97.57
16	0.02	1.18	2.15	96.65
17	0.02	0.83	1.53	97.63
18	0.10	1.49	2.80	95.61
19	0.10	1.79	2.70	95.41
20	0.06	2.04	2.97	94.93
21	0.06	1.53	2.05	96.36
22	0.17	1.66	2.58	95.59
23	0.09	1.55	2.59	95.77
24	0.13	1.65	2.32	95.89
25	0.12	1.43	2.05	96.40
26	0.26	1.30	2.67	95.77
27	0.28	1.27	2.47	95.97
28	0.17	1.08	1.87	96.88
29	0.61	1.13	2.96	95.31
30	0.57	1.69	3.68	94.06
31	0.78	1.40	3.44	94.38
32	1.00	1.69	3.25	94.06
33	0.74	2.01	4.00	93.25
34	0.56	1.55	3.27	94.62
35	0.28	1.20	2.43	96.09
36	0.54	1.13	3.66	94.67
37	0.51	1.09	2.76	95.64
38	0.50	1.00	2.49	96.01
39	0.28	0.98	1.99	96.75
40	0.48	0.99	3.31	95.23
41	0.67	1.24	3.82	94.27
42	0.66	1.54	4.07	93.72
43	0.59	1.56	4.31	93.55
44	0.80	1.69	5.02	92.49
45	0.90	1.90	5.45	91.75
46	1.46	2.82	9.11	86.60
47	1.75	6.20	14.53	77.52
48	2.16	11.55	21.07	65.22
49	2.40	20.58	24.01	53.01
50	3.28	34.29	22.97	39.46
51	4.70	47.18	18.37	29.75
52	5.48	55.26	15.42	23.84
53	6.50	60.06	14.49	18.94
54	6.72	63.86	12.94	16.47
55	6.46	64.99	14.13	14.41
56	6.05	66.16	14.85	12.94
57	4.94	65.36	17.13	12.57
58	4.76	63.36	18.75	13.13
59	3.12	57.56	23.84	15.48
60	3.22	50.22	26.70	19.86
61	2.07	41.15	29.73	27.05
62	2.09	32.12	30.23	35.56
63	1.92	24.26	29.39	44.43
64	1.38	18.05	26.52	54.05
65	1.29	13.15	22.00	63.55
66	1.47	10.14	19.33	69.06
67	1.12	7.79	16.30	74.80
68	0.99	6.15	14.61	78.26
69	1.02	5.18	13.34	80.46
70	0.94	4.39	17.34	77.34
71	1.19	4.43	13.20	81.17
72	0.70	4.33	11.30	83.67
73	0.68	3.73	10.21	85.38
74	0.68	3.67	9.59	86.06
75	0.73	3.62	10.33	85.32
76	0.64	3.31	9.58	86.47
77	0.70	2.92	8.92	87.46
78	0.64	3.06	9.72	86.57
79	0.72	2.96	9.60	86.72
80	0.74	2.78	9.42	87.07
81	0.71	2.64	9.77	86.88
82	0.77	2.95	10.02	86.26
83	0.79	3.06	9.40	86.74
84	0.81	2.90	9.32	86.97
85	0.84	2.80	9.69	86.67
86	0.67	2.64	9.52	87.17
87	0.92	2.54	8.98	87.55
88	0.76	2.33	8.92	87.99
89	0.67	2.08	8.15	89.10
90	0.81	2.07	8.12	89.00
91	0.73	2.27	8.35	88.66
92	0.75	2.33	8.88	88.03
93	0.80	2.37	8.99	87.84
94	0.81	2.43	8.82	87.95
95	1.23	3.52	13.03	82.22




