Parameters
	Library type	Single-end
	Input file	/Volumes/wdhd/users/joaks1/projects/gekgo/data/genomes/msg/plate1/demultiplexed-raw/fastq/RMB_12834_Cyrtodactylus_philippinicus_Luzon_R1.fq
	Primer/Adaptor library	NA
	Cut-off read length for HQ	70%
	Cut-off quality score	20
	Only statistics	On
	Number of processes	2


QC statistics
	File name	RMB_12834_Cyrtodactylus_philippinicus_Luzon_R1.fq
	Total number of reads	263553
	Total number of HQ reads	258205
	Percentage of HQ reads	97.97%
	Total number of bases	25037535
	Total number of bases in HQ reads	24529475
	Total number of HQ bases in HQ reads	21986087
	Percentage of HQ bases in HQ reads	89.63%
	Number of Primer/Adaptor contaminated HQ reads	NA
	Total number of HQ filtered reads	258205
	Percentage of HQ filtered reads	97.97%


Detailed QC statistics
	File name	RMB_12834_Cyrtodactylus_philippinicus_Luzon_R1.fq
	Minimum read length	95
	Maximum read length	95
	Average read length	95.00
	Total number of reads	263553
	Total number of reads with non-ATGC bases	123
	Percentage of reads with non-ATGC bases	0.05%
	Total number of bases	25037535
	Total number of HQ bases	22293417
	Percentage of HQ bases	89.04%
	Total number of non-ATGC bases	633
	Percentage of non-ATGC bases	0.00%


Average quality score at each base position of input reads

RMB_12834_Cyrtodactylus_philippinicus_Luzon_R1.fq
36.66	35.88	36.87	36.24	36.90	36.94	36.72	39.15	38.41	38.04	38.19	38.49	38.32	38.32	38.37	37.95	38.16	37.50	37.38	37.19	37.62	37.02	37.10	37.16	37.52	37.31	37.35	37.77	36.84	36.52	36.73	36.77	36.61	36.81	37.31	36.91	37.16	37.48	37.77	37.02	36.90	36.81	36.76	36.40	36.08	34.75	33.02	30.73	28.15	25.08	22.58	20.99	19.86	19.18	18.76	18.60	18.84	19.03	20.14	21.23	23.11	25.01	26.92	28.77	30.51	31.64	32.69	33.42	33.75	32.84	33.33	33.93	34.37	34.45	34.32	34.47	34.51	34.28	34.27	34.29	34.29	34.08	34.13	34.21	34.08	34.11	34.16	34.24	34.36	34.33	34.24	34.18	34.17	34.17	33.13	




Read count (%) per base for different quality score ranges

	RMB_12834_Cyrtodactylus_philippinicus_Luzon_R1.fq
Ranges	0-10	11-20	21-30	31-40
Base
1	0.00	0.29	0.32	99.39
2	0.00	0.13	0.16	99.71
3	0.00	0.09	0.16	99.74
4	0.00	0.32	0.93	98.74
5	0.00	0.10	0.21	99.69
6	0.00	0.06	0.13	99.80
7	0.00	0.42	0.83	98.74
8	0.00	0.62	0.59	98.79
9	0.02	0.89	1.44	97.65
10	0.02	1.11	1.55	97.33
11	0.01	0.98	1.15	97.86
12	0.01	0.62	1.00	98.37
13	0.02	0.70	1.67	97.61
14	0.02	0.90	1.42	97.66
15	0.01	0.84	1.19	97.96
16	0.03	0.92	1.89	97.17
17	0.01	0.76	1.24	97.98
18	0.07	1.32	2.55	96.06
19	0.09	1.66	2.42	95.83
20	0.08	1.89	2.63	95.40
21	0.06	1.39	1.79	96.76
22	0.11	1.46	2.44	95.99
23	0.09	1.32	2.43	96.16
24	0.14	1.36	2.19	96.31
25	0.10	1.22	1.74	96.94
26	0.18	1.17	2.44	96.21
27	0.19	1.16	2.20	96.44
28	0.14	1.02	1.58	97.26
29	0.49	1.16	2.46	95.89
30	0.46	1.62	3.50	94.42
31	0.56	1.42	3.08	94.94
32	0.77	1.55	3.19	94.49
33	0.57	1.80	3.64	94.00
34	0.55	1.48	2.97	95.00
35	0.26	1.10	2.13	96.50
36	0.45	1.05	3.10	95.40
37	0.52	0.87	2.42	96.19
38	0.38	0.84	2.14	96.63
39	0.22	0.86	1.76	97.17
40	0.44	0.91	2.95	95.70
41	0.56	1.08	3.16	95.19
42	0.57	1.27	3.55	94.62
43	0.54	1.32	3.58	94.56
44	0.73	1.69	4.40	93.18
45	0.77	1.78	4.87	92.58
46	1.16	2.80	8.32	87.72
47	1.59	5.73	13.47	79.20
48	1.92	11.32	19.14	67.62
49	2.15	20.00	23.25	54.59
50	2.84	34.23	22.12	40.81
51	4.10	46.93	17.73	31.24
52	5.17	54.41	15.45	24.97
53	5.68	59.93	14.19	20.19
54	5.91	63.61	12.98	17.49
55	5.80	65.45	13.66	15.09
56	5.28	66.33	14.63	13.76
57	4.31	65.31	16.73	13.64
58	4.05	63.89	18.15	13.90
59	2.60	57.53	23.28	16.59
60	2.86	50.42	26.11	20.61
61	1.74	41.03	29.60	27.63
62	1.89	31.69	30.05	36.36
63	1.69	23.99	28.74	45.58
64	1.23	18.14	25.68	54.95
65	1.22	12.85	21.61	64.32
66	1.34	9.91	18.38	70.37
67	1.04	7.49	15.73	75.75
68	0.95	5.73	13.79	79.54
69	0.99	5.14	12.35	81.52
70	0.86	4.14	16.47	78.53
71	1.04	4.14	12.69	82.13
72	0.74	3.96	10.77	84.52
73	0.61	3.64	9.29	86.46
74	0.64	3.49	9.06	86.81
75	0.71	3.53	9.53	86.23
76	0.65	3.08	8.87	87.40
77	0.68	2.81	8.53	87.98
78	0.75	3.00	9.06	87.19
79	0.77	2.93	8.96	87.34
80	0.69	2.77	8.91	87.63
81	0.72	2.52	8.74	88.01
82	0.77	2.77	9.40	87.06
83	0.74	2.89	8.74	87.63
84	0.68	2.67	8.58	88.07
85	0.75	2.65	9.02	87.59
86	0.73	2.53	8.77	87.97
87	0.72	2.39	8.63	88.26
88	0.69	2.18	8.26	88.87
89	0.62	2.00	7.63	89.75
90	0.71	1.94	7.70	89.65
91	0.75	2.05	7.93	89.28
92	0.75	2.16	8.19	88.89
93	0.69	2.19	8.28	88.84
94	0.72	2.09	8.17	89.02
95	1.21	3.08	12.16	83.55




