Parameters
	Library type	Single-end
	Input file	/Volumes/wdhd/users/joaks1/projects/gekgo/data/genomes/msg/plate1/demultiplexed-raw/fastq/RMB_11714_Cyrtodactylus_annulatus_Mindanao_R1.fq
	Primer/Adaptor library	NA
	Cut-off read length for HQ	70%
	Cut-off quality score	20
	Only statistics	On
	Number of processes	2


QC statistics
	File name	RMB_11714_Cyrtodactylus_annulatus_Mindanao_R1.fq
	Total number of reads	103319
	Total number of HQ reads	101281
	Percentage of HQ reads	98.03%
	Total number of bases	9815305
	Total number of bases in HQ reads	9621695
	Total number of HQ bases in HQ reads	8590067
	Percentage of HQ bases in HQ reads	89.28%
	Number of Primer/Adaptor contaminated HQ reads	NA
	Total number of HQ filtered reads	101281
	Percentage of HQ filtered reads	98.03%


Detailed QC statistics
	File name	RMB_11714_Cyrtodactylus_annulatus_Mindanao_R1.fq
	Minimum read length	95
	Maximum read length	95
	Average read length	95.00
	Total number of reads	103319
	Total number of reads with non-ATGC bases	38
	Percentage of reads with non-ATGC bases	0.04%
	Total number of bases	9815305
	Total number of HQ bases	8705331
	Percentage of HQ bases	88.69%
	Total number of non-ATGC bases	205
	Percentage of non-ATGC bases	0.00%


Average quality score at each base position of input reads

RMB_11714_Cyrtodactylus_annulatus_Mindanao_R1.fq
36.82	36.44	36.85	36.32	36.85	36.91	36.68	39.04	38.28	37.89	38.03	38.35	37.75	37.74	37.91	37.45	37.79	37.18	37.06	36.88	37.41	36.81	36.92	36.99	37.37	37.09	37.13	37.62	36.56	36.23	36.44	36.48	36.13	36.43	36.99	36.49	36.75	37.08	37.32	36.46	36.28	36.09	35.99	35.59	35.21	33.57	31.57	29.16	26.62	23.74	21.56	20.12	19.35	18.76	18.38	18.27	18.48	18.80	19.75	20.67	22.51	24.42	26.21	28.05	29.56	30.51	31.44	32.17	32.51	31.54	32.11	32.68	33.21	33.42	33.45	33.59	33.68	33.55	33.57	33.68	33.75	33.59	33.69	33.83	33.75	33.82	33.90	33.97	34.10	34.12	34.01	34.03	33.98	33.92	32.72	




Read count (%) per base for different quality score ranges

	RMB_11714_Cyrtodactylus_annulatus_Mindanao_R1.fq
Ranges	0-10	11-20	21-30	31-40
Base
1	0.03	0.30	0.31	99.36
2	0.02	0.12	0.18	99.67
3	0.00	0.18	0.20	99.62
4	0.00	0.47	1.01	98.51
5	0.00	0.15	0.36	99.49
6	0.00	0.09	0.24	99.67
7	0.00	0.44	1.05	98.50
8	0.00	0.68	0.70	98.61
9	0.03	1.00	1.59	97.38
10	0.03	1.22	1.85	96.90
11	0.02	1.12	1.32	97.54
12	0.01	0.70	1.20	98.10
13	0.05	0.84	2.00	97.11
14	0.05	1.05	1.80	97.10
15	0.03	0.99	1.40	97.58
16	0.15	1.04	2.20	96.61
17	0.06	0.76	1.43	97.75
18	0.40	1.11	2.80	95.69
19	0.51	1.38	2.77	95.34
20	0.39	1.84	3.13	94.65
21	0.21	1.47	2.12	96.20
22	0.55	1.15	2.65	95.65
23	0.32	1.31	2.71	95.66
24	0.42	1.19	2.52	95.87
25	0.24	1.17	1.96	96.62
26	0.44	1.07	2.76	95.73
27	0.40	1.12	2.60	95.87
28	0.21	1.07	1.87	96.85
29	0.75	1.09	3.28	94.88
30	0.70	1.66	4.14	93.51
31	0.68	1.49	3.91	93.91
32	0.96	1.65	3.95	93.44
33	0.73	2.28	5.14	91.84
34	0.63	1.68	4.19	93.50
35	0.28	1.30	3.10	95.33
36	0.59	1.19	4.47	93.75
37	0.57	1.05	3.74	94.64
38	0.43	1.04	3.38	95.15
39	0.31	0.95	3.01	95.73
40	0.64	1.05	4.94	93.37
41	0.69	1.34	5.51	92.47
42	0.74	1.51	6.23	91.52
43	0.68	1.57	6.81	90.94
44	0.90	1.99	7.94	89.18
45	0.96	2.07	9.58	87.39
46	1.48	3.16	16.06	79.30
47	1.77	6.36	24.05	67.82
48	2.29	12.15	30.84	54.72
49	2.46	21.36	34.15	42.03
50	3.26	36.67	29.19	30.88
51	4.66	48.38	23.60	23.36
52	6.28	54.83	20.28	18.62
53	6.69	59.15	18.02	16.15
54	6.34	63.73	15.66	14.27
55	6.50	64.99	16.21	12.29
56	6.12	65.85	16.33	11.71
57	4.82	65.56	18.14	11.47
58	4.50	63.06	20.44	12.00
59	3.15	57.68	25.12	14.05
60	3.48	51.01	28.10	17.41
61	2.10	41.88	31.86	24.17
62	2.06	31.94	33.01	33.00
63	1.93	24.33	31.40	42.33
64	1.35	17.74	28.96	51.94
65	1.29	13.18	24.47	61.06
66	1.44	10.30	21.30	66.97
67	1.20	7.75	19.14	71.92
68	1.11	5.79	16.76	76.33
69	1.08	5.01	15.61	78.29
70	1.05	4.38	21.46	73.12
71	1.13	4.25	16.16	78.45
72	0.88	4.08	14.22	80.82
73	0.76	3.76	12.21	83.26
74	0.77	3.54	11.38	84.31
75	0.84	3.38	11.67	84.10
76	0.82	2.88	11.45	84.86
77	0.84	2.70	10.87	85.59
78	0.85	2.88	11.28	84.99
79	0.85	2.85	11.14	85.15
80	0.81	2.67	10.67	85.84
81	0.90	2.44	10.16	86.50
82	0.88	2.85	10.65	85.62
83	0.86	2.88	9.94	86.33
84	0.86	2.69	9.38	87.07
85	0.90	2.70	9.75	86.66
86	0.87	2.64	9.43	87.07
87	0.88	2.47	9.13	87.52
88	0.93	2.34	8.69	88.05
89	0.81	2.13	8.20	88.86
90	0.89	2.11	7.77	89.24
91	0.94	2.28	8.30	88.47
92	0.92	2.28	8.03	88.77
93	0.88	2.40	8.37	88.35
94	0.93	2.35	8.65	88.06
95	1.55	3.78	12.93	81.74




