Parameters
	Library type	Single-end
	Input file	/Volumes/wdhd/users/joaks1/projects/gekgo/data/genomes/msg/plate1/demultiplexed-raw/fastq/RMB_7725_Cyrtodactylus_annulatus_Palawan_R1.fq
	Primer/Adaptor library	NA
	Cut-off read length for HQ	70%
	Cut-off quality score	20
	Only statistics	On
	Number of processes	2


QC statistics
	File name	RMB_7725_Cyrtodactylus_annulatus_Palawan_R1.fq
	Total number of reads	76454
	Total number of HQ reads	74745
	Percentage of HQ reads	97.76%
	Total number of bases	7263130
	Total number of bases in HQ reads	7100775
	Total number of HQ bases in HQ reads	6356746
	Percentage of HQ bases in HQ reads	89.52%
	Number of Primer/Adaptor contaminated HQ reads	NA
	Total number of HQ filtered reads	74745
	Percentage of HQ filtered reads	97.76%


Detailed QC statistics
	File name	RMB_7725_Cyrtodactylus_annulatus_Palawan_R1.fq
	Minimum read length	95
	Maximum read length	95
	Average read length	95.00
	Total number of reads	76454
	Total number of reads with non-ATGC bases	25
	Percentage of reads with non-ATGC bases	0.03%
	Total number of bases	7263130
	Total number of HQ bases	6454817
	Percentage of HQ bases	88.87%
	Total number of non-ATGC bases	107
	Percentage of non-ATGC bases	0.00%


Average quality score at each base position of input reads

RMB_7725_Cyrtodactylus_annulatus_Palawan_R1.fq
35.39	34.97	36.80	36.18	36.87	36.92	36.68	39.05	38.33	37.95	38.12	38.44	38.26	38.21	38.24	37.80	37.98	37.32	37.23	37.04	37.54	36.98	37.08	37.14	37.41	37.20	37.24	37.72	36.78	36.48	36.67	36.71	36.48	36.70	37.21	36.74	37.03	37.34	37.65	36.89	36.73	36.62	36.55	36.23	35.97	34.61	32.78	30.44	27.98	24.87	22.33	20.88	19.80	19.21	18.77	18.60	18.73	19.07	20.03	21.04	22.91	24.91	26.80	28.71	30.40	31.46	32.47	33.24	33.70	32.77	33.21	33.77	34.20	34.33	34.22	34.34	34.38	34.18	34.12	34.14	34.16	33.98	33.98	34.03	33.97	34.00	34.03	34.12	34.21	34.24	34.17	34.08	34.09	34.04	32.90	




Read count (%) per base for different quality score ranges

	RMB_7725_Cyrtodactylus_annulatus_Palawan_R1.fq
Ranges	0-10	11-20	21-30	31-40
Base
1	0.00	0.61	1.38	98.01
2	0.00	0.16	0.35	99.49
3	0.00	0.16	0.27	99.57
4	0.00	0.44	1.03	98.53
5	0.00	0.12	0.29	99.58
6	0.00	0.08	0.19	99.73
7	0.01	0.49	0.93	98.57
8	0.00	0.66	0.73	98.61
9	0.02	0.90	1.56	97.52
10	0.02	1.20	1.70	97.07
11	0.01	1.04	1.25	97.71
12	0.00	0.65	1.09	98.26
13	0.03	0.78	1.79	97.40
14	0.01	1.03	1.64	97.32
15	0.01	0.94	1.39	97.65
16	0.03	1.09	2.11	96.76
17	0.01	0.86	1.47	97.66
18	0.05	1.40	2.89	95.66
19	0.08	1.74	2.71	95.47
20	0.09	2.07	2.94	94.90
21	0.06	1.49	2.07	96.38
22	0.14	1.49	2.57	95.79
23	0.07	1.38	2.48	96.07
24	0.15	1.38	2.22	96.25
25	0.13	1.36	1.91	96.60
26	0.21	1.26	2.66	95.86
27	0.23	1.27	2.47	96.03
28	0.19	0.96	1.64	97.20
29	0.60	1.14	2.50	95.76
30	0.54	1.63	3.55	94.28
31	0.62	1.44	3.12	94.82
32	0.89	1.55	3.26	94.30
33	0.73	1.91	3.75	93.61
34	0.66	1.51	3.16	94.67
35	0.30	1.24	2.31	96.15
36	0.59	1.15	3.50	94.76
37	0.53	0.99	2.70	95.78
38	0.49	0.89	2.39	96.24
39	0.25	0.94	1.96	96.85
40	0.58	0.97	3.13	95.32
41	0.71	1.16	3.56	94.57
42	0.70	1.44	3.80	94.06
43	0.68	1.57	3.90	93.84
44	0.77	1.88	4.72	92.64
45	0.89	1.75	5.28	92.08
46	1.33	2.85	8.79	87.03
47	1.73	6.08	14.02	78.17
48	2.15	11.80	19.87	66.18
49	2.39	20.23	23.59	53.79
50	3.03	34.75	22.29	39.93
51	4.26	47.89	17.87	29.98
52	5.36	54.26	16.18	24.20
53	5.94	59.55	14.76	19.76
54	6.14	62.84	13.58	17.44
55	6.26	64.48	14.22	15.04
56	5.74	65.56	14.85	13.85
57	4.62	65.69	16.20	13.49
58	4.11	63.33	18.68	13.88
59	2.89	57.64	23.49	15.98
60	3.04	51.04	26.16	19.76
61	1.94	42.04	29.29	26.73
62	2.04	31.67	30.73	35.56
63	1.83	24.23	29.02	44.93
64	1.26	17.95	26.14	54.65
65	1.28	13.00	21.91	63.81
66	1.40	10.24	18.81	69.56
67	1.12	7.78	16.29	74.81
68	1.05	5.85	14.27	78.83
69	0.99	4.78	12.77	81.45
70	0.91	4.05	16.75	78.29
71	1.11	4.20	12.98	81.71
72	0.77	4.11	11.26	83.86
73	0.66	3.75	9.80	85.79
74	0.72	3.45	9.23	86.60
75	0.78	3.42	9.66	86.14
76	0.66	3.09	9.09	87.16
77	0.72	2.83	8.62	87.83
78	0.82	2.84	9.40	86.95
79	0.73	3.07	9.32	86.88
80	0.77	2.81	9.19	87.23
81	0.76	2.63	9.12	87.49
82	0.82	2.92	9.35	86.91
83	0.78	3.06	9.15	87.01
84	0.79	2.93	8.82	87.46
85	0.82	2.67	9.40	87.11
86	0.84	2.70	9.06	87.40
87	0.85	2.54	9.07	87.55
88	0.78	2.35	8.51	88.35
89	0.72	2.13	8.09	89.06
90	0.82	2.08	7.89	89.21
91	0.83	2.19	8.10	88.88
92	0.87	2.35	8.22	88.56
93	0.78	2.28	8.45	88.49
94	0.90	2.29	8.18	88.62
95	1.43	3.41	12.75	82.41




