Parameters
	Library type	Single-end
	Input file	/Volumes/wdhd/users/joaks1/projects/gekgo/data/genomes/msg/plate1/demultiplexed-raw/fastq/RMB_13510_Cyrtodactylus_philippinicus_Luzon_R1.fq
	Primer/Adaptor library	NA
	Cut-off read length for HQ	70%
	Cut-off quality score	20
	Only statistics	On
	Number of processes	2


QC statistics
	File name	RMB_13510_Cyrtodactylus_philippinicus_Luzon_R1.fq
	Total number of reads	209641
	Total number of HQ reads	205268
	Percentage of HQ reads	97.91%
	Total number of bases	19915895
	Total number of bases in HQ reads	19500460
	Total number of HQ bases in HQ reads	17468066
	Percentage of HQ bases in HQ reads	89.58%
	Number of Primer/Adaptor contaminated HQ reads	NA
	Total number of HQ filtered reads	205268
	Percentage of HQ filtered reads	97.91%


Detailed QC statistics
	File name	RMB_13510_Cyrtodactylus_philippinicus_Luzon_R1.fq
	Minimum read length	95
	Maximum read length	95
	Average read length	95.00
	Total number of reads	209641
	Total number of reads with non-ATGC bases	94
	Percentage of reads with non-ATGC bases	0.04%
	Total number of bases	19915895
	Total number of HQ bases	17719654
	Percentage of HQ bases	88.97%
	Total number of non-ATGC bases	540
	Percentage of non-ATGC bases	0.00%


Average quality score at each base position of input reads

RMB_13510_Cyrtodactylus_philippinicus_Luzon_R1.fq
36.82	35.98	36.85	36.30	36.86	36.91	36.70	39.11	38.39	37.99	38.14	38.43	38.25	38.25	38.31	37.90	38.12	37.47	37.34	37.15	37.60	37.01	37.06	37.13	37.49	37.27	37.31	37.73	36.81	36.50	36.71	36.75	36.57	36.79	37.27	36.86	37.13	37.44	37.71	36.94	36.80	36.69	36.66	36.32	36.02	34.64	32.89	30.61	28.05	25.00	22.60	20.99	19.93	19.27	18.81	18.69	18.86	19.07	20.11	21.19	23.02	24.93	26.88	28.76	30.50	31.63	32.63	33.33	33.69	32.81	33.30	33.89	34.31	34.38	34.28	34.42	34.46	34.25	34.21	34.22	34.23	34.02	34.05	34.14	34.01	34.05	34.11	34.20	34.30	34.30	34.22	34.17	34.14	34.13	33.08	




Read count (%) per base for different quality score ranges

	RMB_13510_Cyrtodactylus_philippinicus_Luzon_R1.fq
Ranges	0-10	11-20	21-30	31-40
Base
1	0.00	0.38	0.35	99.26
2	0.00	0.17	0.23	99.59
3	0.00	0.16	0.25	99.58
4	0.00	0.47	0.96	98.57
5	0.00	0.16	0.33	99.50
6	0.00	0.09	0.22	99.69
7	0.00	0.45	0.92	98.63
8	0.00	0.65	0.66	98.69
9	0.03	0.93	1.52	97.52
10	0.02	1.22	1.69	97.07
11	0.01	1.08	1.32	97.59
12	0.00	0.71	1.10	98.18
13	0.03	0.79	1.76	97.43
14	0.02	1.00	1.54	97.45
15	0.01	0.93	1.33	97.74
16	0.03	0.99	1.97	97.01
17	0.02	0.87	1.35	97.76
18	0.07	1.38	2.65	95.90
19	0.08	1.73	2.57	95.62
20	0.08	1.97	2.80	95.15
21	0.05	1.49	1.85	96.61
22	0.13	1.54	2.44	95.89
23	0.10	1.46	2.49	95.95
24	0.14	1.47	2.31	96.08
25	0.12	1.27	1.82	96.80
26	0.21	1.26	2.50	96.03
27	0.19	1.25	2.41	96.15
28	0.15	1.07	1.67	97.10
29	0.52	1.19	2.54	95.75
30	0.52	1.65	3.55	94.27
31	0.58	1.47	3.16	94.79
32	0.78	1.61	3.27	94.34
33	0.62	1.83	3.74	93.82
34	0.59	1.46	3.15	94.81
35	0.29	1.19	2.20	96.31
36	0.54	1.06	3.21	95.19
37	0.53	0.90	2.57	95.99
38	0.44	0.88	2.24	96.45
39	0.27	0.89	1.91	96.93
40	0.51	1.02	3.04	95.44
41	0.63	1.18	3.39	94.80
42	0.63	1.39	3.83	94.16
43	0.58	1.40	3.94	94.09
44	0.80	1.74	4.50	92.97
45	0.80	1.86	5.15	92.19
46	1.29	2.90	8.51	87.30
47	1.67	6.03	13.68	78.63
48	1.96	11.60	19.37	67.07
49	2.22	20.23	23.37	54.18
50	2.87	34.65	21.97	40.51
51	3.95	47.04	17.81	31.20
52	4.99	54.57	15.62	24.82
53	5.58	59.66	14.37	20.40
54	5.64	63.62	12.96	17.77
55	5.67	65.44	13.61	15.29
56	5.13	66.17	14.54	14.16
57	4.28	65.52	16.35	13.85
58	4.04	63.67	18.22	14.07
59	2.65	57.77	23.11	16.47
60	2.80	50.71	26.09	20.40
61	1.83	41.40	29.53	27.23
62	1.85	31.99	30.26	35.89
63	1.63	24.06	28.97	45.33
64	1.21	18.09	25.75	54.94
65	1.19	12.87	21.67	64.27
66	1.29	9.94	18.38	70.39
67	1.02	7.51	16.03	75.44
68	0.94	5.98	13.81	79.27
69	0.99	5.06	12.73	81.22
70	0.86	4.10	16.78	78.26
71	1.02	4.23	12.75	81.99
72	0.73	3.98	11.03	84.26
73	0.62	3.67	9.59	86.12
74	0.67	3.55	9.28	86.50
75	0.72	3.47	9.80	86.02
76	0.63	3.06	9.12	87.20
77	0.69	2.78	8.64	87.89
78	0.74	2.96	9.27	87.03
79	0.75	2.95	9.19	87.11
80	0.70	2.77	9.25	87.27
81	0.72	2.56	9.10	87.62
82	0.76	2.88	9.55	86.81
83	0.77	2.91	9.21	87.11
84	0.72	2.71	8.86	87.70
85	0.75	2.67	9.42	87.16
86	0.75	2.58	9.04	87.63
87	0.70	2.46	8.88	87.96
88	0.70	2.16	8.59	88.56
89	0.68	2.05	7.88	89.39
90	0.73	1.98	7.81	89.48
91	0.70	2.13	8.01	89.16
92	0.73	2.14	8.41	88.72
93	0.72	2.17	8.44	88.67
94	0.73	2.14	8.39	88.74
95	1.19	3.17	12.35	83.30




