Parameters
	Library type	Single-end
	Input file	/Volumes/wdhd/users/joaks1/projects/gekgo/data/genomes/msg/plate1/demultiplexed-raw/fastq/RMB_13367_Cyrtodactylus_philippinicus_Luzon_R1.fq
	Primer/Adaptor library	NA
	Cut-off read length for HQ	70%
	Cut-off quality score	20
	Only statistics	On
	Number of processes	2


QC statistics
	File name	RMB_13367_Cyrtodactylus_philippinicus_Luzon_R1.fq
	Total number of reads	67481
	Total number of HQ reads	65467
	Percentage of HQ reads	97.02%
	Total number of bases	6410695
	Total number of bases in HQ reads	6219365
	Total number of HQ bases in HQ reads	5564061
	Percentage of HQ bases in HQ reads	89.46%
	Number of Primer/Adaptor contaminated HQ reads	NA
	Total number of HQ filtered reads	65467
	Percentage of HQ filtered reads	97.02%


Detailed QC statistics
	File name	RMB_13367_Cyrtodactylus_philippinicus_Luzon_R1.fq
	Minimum read length	95
	Maximum read length	95
	Average read length	95.00
	Total number of reads	67481
	Total number of reads with non-ATGC bases	28
	Percentage of reads with non-ATGC bases	0.04%
	Total number of bases	6410695
	Total number of HQ bases	5679470
	Percentage of HQ bases	88.59%
	Total number of non-ATGC bases	92
	Percentage of non-ATGC bases	0.00%


Average quality score at each base position of input reads

RMB_13367_Cyrtodactylus_philippinicus_Luzon_R1.fq
35.32	35.32	36.71	35.89	36.74	36.83	36.61	38.98	38.26	37.86	37.99	38.27	38.13	38.13	38.17	37.77	37.96	37.31	37.22	37.00	37.47	36.88	36.94	37.02	37.34	37.13	37.14	37.57	36.66	36.31	36.54	36.60	36.40	36.66	37.10	36.70	36.96	37.27	37.58	36.81	36.66	36.55	36.51	36.21	35.86	34.57	32.80	30.53	28.02	24.96	22.45	20.95	19.88	19.20	18.83	18.70	18.85	19.06	20.10	21.15	22.96	24.82	26.74	28.63	30.34	31.43	32.45	33.18	33.52	32.67	33.19	33.76	34.14	34.23	34.10	34.27	34.30	34.08	34.06	34.05	34.03	33.84	33.89	33.98	33.83	33.88	33.92	34.01	34.10	34.12	34.04	33.96	33.95	33.95	32.86	




Read count (%) per base for different quality score ranges

	RMB_13367_Cyrtodactylus_philippinicus_Luzon_R1.fq
Ranges	0-10	11-20	21-30	31-40
Base
1	0.00	1.09	1.39	97.53
2	0.00	0.33	0.51	99.15
3	0.00	0.40	0.47	99.13
4	0.00	0.98	1.59	97.43
5	0.00	0.41	0.67	98.92
6	0.00	0.27	0.38	99.35
7	0.00	0.65	1.11	98.24
8	0.00	0.79	0.89	98.32
9	0.03	1.10	1.80	97.07
10	0.03	1.41	1.97	96.58
11	0.02	1.40	1.58	96.99
12	0.01	1.00	1.51	97.48
13	0.02	1.06	2.06	96.86
14	0.03	1.14	1.89	96.94
15	0.01	1.18	1.62	97.19
16	0.04	1.26	2.25	96.46
17	0.02	1.15	1.66	97.17
18	0.08	1.67	2.98	95.27
19	0.12	2.00	2.65	95.24
20	0.09	2.35	2.97	94.59
21	0.08	1.71	2.15	96.06
22	0.16	1.86	2.70	95.28
23	0.13	1.77	2.74	95.35
24	0.19	1.66	2.55	95.60
25	0.17	1.54	2.03	96.26
26	0.27	1.55	2.79	95.39
27	0.32	1.53	2.68	95.48
28	0.24	1.38	1.96	96.42
29	0.66	1.47	2.92	94.95
30	0.76	1.91	3.95	93.39
31	0.77	1.70	3.47	94.06
32	1.00	1.78	3.48	93.75
33	0.84	2.06	4.02	93.07
34	0.75	1.71	3.41	94.13
35	0.44	1.42	2.52	95.63
36	0.74	1.32	3.46	94.47
37	0.79	1.08	2.79	95.34
38	0.61	1.02	2.59	95.78
39	0.38	1.04	2.20	96.37
40	0.69	1.10	3.28	94.93
41	0.78	1.38	3.59	94.25
42	0.79	1.63	3.91	93.66
43	0.78	1.58	4.11	93.53
44	0.94	1.99	4.58	92.49
45	1.00	2.15	5.36	91.49
46	1.34	3.11	8.61	86.94
47	1.95	6.02	13.76	78.27
48	2.15	11.81	19.56	66.49
49	2.36	20.28	23.38	53.98
50	3.09	34.59	21.95	40.37
51	4.12	47.51	17.81	30.56
52	5.23	54.53	15.51	24.73
53	5.79	59.70	14.16	20.35
54	5.71	63.78	13.10	17.42
55	5.78	65.13	13.64	15.45
56	5.23	66.00	14.49	14.29
57	4.32	65.40	16.47	13.81
58	4.01	63.68	18.38	13.93
59	2.76	57.59	23.27	16.38
60	3.03	50.68	25.89	20.40
61	2.02	41.51	29.35	27.12
62	2.01	32.42	30.06	35.50
63	1.78	24.60	28.79	44.83
64	1.34	18.29	26.19	54.18
65	1.36	13.35	21.67	63.63
66	1.44	10.49	18.68	69.38
67	1.24	7.91	16.15	74.69
68	1.13	6.14	14.26	78.47
69	1.19	5.46	12.98	80.37
70	0.94	4.65	16.93	77.49
71	1.14	4.57	12.86	81.43
72	0.83	4.39	11.15	83.63
73	0.76	4.12	9.84	85.28
74	0.78	3.81	9.62	85.78
75	0.85	3.90	10.10	85.15
76	0.76	3.32	9.53	86.39
77	0.80	3.15	9.02	87.02
78	0.91	3.30	9.59	86.20
79	0.91	3.31	9.44	86.35
80	0.81	3.20	9.61	86.38
81	0.87	3.12	9.32	86.69
82	0.95	3.11	10.15	85.79
83	0.91	3.32	9.18	86.59
84	0.84	3.02	9.34	86.80
85	0.90	3.04	9.79	86.27
86	0.83	3.07	9.32	86.78
87	0.87	2.81	9.33	87.00
88	0.90	2.51	8.86	87.72
89	0.82	2.40	8.48	88.30
90	0.89	2.32	8.20	88.59
91	0.90	2.43	8.47	88.20
92	0.90	2.57	8.73	87.81
93	0.90	2.54	8.82	87.74
94	0.92	2.50	8.71	87.87
95	1.51	3.57	12.79	82.14




