Parameters
	Library type	Single-end
	Input file	/Volumes/wdhd/users/joaks1/projects/gekgo/data/genomes/msg/plate1/demultiplexed-raw/fastq/RMB_14180_Cyrtodactylus_philippinicus_Luzon_R1.fq
	Primer/Adaptor library	NA
	Cut-off read length for HQ	70%
	Cut-off quality score	20
	Only statistics	On
	Number of processes	2


QC statistics
	File name	RMB_14180_Cyrtodactylus_philippinicus_Luzon_R1.fq
	Total number of reads	104291
	Total number of HQ reads	102070
	Percentage of HQ reads	97.87%
	Total number of bases	9907645
	Total number of bases in HQ reads	9696650
	Total number of HQ bases in HQ reads	8670701
	Percentage of HQ bases in HQ reads	89.42%
	Number of Primer/Adaptor contaminated HQ reads	NA
	Total number of HQ filtered reads	102070
	Percentage of HQ filtered reads	97.87%


Detailed QC statistics
	File name	RMB_14180_Cyrtodactylus_philippinicus_Luzon_R1.fq
	Minimum read length	95
	Maximum read length	95
	Average read length	95.00
	Total number of reads	104291
	Total number of reads with non-ATGC bases	49
	Percentage of reads with non-ATGC bases	0.05%
	Total number of bases	9907645
	Total number of HQ bases	8798297
	Percentage of HQ bases	88.80%
	Total number of non-ATGC bases	240
	Percentage of non-ATGC bases	0.00%


Average quality score at each base position of input reads

RMB_14180_Cyrtodactylus_philippinicus_Luzon_R1.fq
36.79	36.49	36.84	36.31	36.86	36.90	36.66	39.06	38.31	37.92	38.07	38.37	38.13	38.09	38.09	37.58	37.81	37.28	37.17	37.02	37.51	36.88	36.95	37.01	37.38	37.13	37.17	37.62	36.66	36.33	36.57	36.63	36.40	36.64	37.15	36.69	36.98	37.30	37.57	36.77	36.64	36.52	36.46	36.10	35.78	34.34	32.53	30.25	27.59	24.69	22.24	20.70	19.61	18.92	18.57	18.44	18.68	18.92	19.95	21.01	22.82	24.71	26.65	28.53	30.24	31.32	32.33	33.01	33.34	32.44	32.93	33.52	33.96	34.04	33.93	34.09	34.20	34.01	33.98	33.97	34.02	33.82	33.88	33.97	33.83	33.90	33.98	34.06	34.17	34.16	34.07	34.01	34.02	34.03	32.90	




Read count (%) per base for different quality score ranges

	RMB_14180_Cyrtodactylus_philippinicus_Luzon_R1.fq
Ranges	0-10	11-20	21-30	31-40
Base
1	0.00	0.43	0.42	99.15
2	0.00	0.18	0.22	99.60
3	0.00	0.20	0.24	99.56
4	0.00	0.46	1.04	98.50
5	0.01	0.12	0.37	99.50
6	0.00	0.09	0.25	99.66
7	0.01	0.52	1.00	98.48
8	0.00	0.63	0.71	98.65
9	0.02	1.04	1.63	97.31
10	0.03	1.27	1.79	96.92
11	0.02	1.10	1.36	97.53
12	0.01	0.71	1.17	98.11
13	0.03	0.83	1.88	97.26
14	0.02	1.01	1.67	97.30
15	0.02	0.96	1.44	97.58
16	0.05	1.11	2.07	96.77
17	0.01	0.88	1.45	97.66
18	0.09	1.38	2.73	95.80
19	0.11	1.77	2.62	95.51
20	0.11	2.06	2.90	94.93
21	0.08	1.46	1.93	96.52
22	0.16	1.53	2.65	95.66
23	0.13	1.48	2.66	95.73
24	0.22	1.49	2.49	95.80
25	0.16	1.32	1.89	96.62
26	0.33	1.30	2.65	95.72
27	0.30	1.27	2.62	95.80
28	0.22	1.11	1.85	96.82
29	0.74	1.12	2.89	95.25
30	0.68	1.64	3.99	93.69
31	0.69	1.47	3.37	94.47
32	0.93	1.57	3.40	94.09
33	0.73	2.01	3.95	93.31
34	0.64	1.61	3.30	94.45
35	0.31	1.28	2.40	96.01
36	0.55	1.24	3.63	94.58
37	0.59	0.96	2.86	95.59
38	0.48	0.87	2.56	96.09
39	0.31	0.93	2.11	96.65
40	0.56	1.07	3.50	94.87
41	0.68	1.18	3.72	94.42
42	0.71	1.44	4.27	93.58
43	0.64	1.50	4.52	93.35
44	0.81	1.90	5.22	92.07
45	0.90	1.94	5.87	91.29
46	1.44	3.03	9.74	85.80
47	1.81	6.18	15.53	76.49
48	2.26	11.56	21.44	64.73
49	2.62	20.58	25.45	51.35
50	3.06	34.85	23.67	38.43
51	4.40	47.34	19.42	28.84
52	5.61	54.53	16.82	23.03
53	6.10	60.04	15.38	18.48
54	6.54	63.61	13.79	16.06
55	6.29	65.30	14.44	13.97
56	5.66	66.21	15.44	12.69
57	4.74	65.03	17.63	12.60
58	4.49	63.37	19.15	12.99
59	2.97	57.68	24.00	15.35
60	3.12	50.70	26.94	19.24
61	2.07	41.54	30.52	25.88
62	2.10	32.08	31.23	34.59
63	1.84	24.32	29.67	44.18
64	1.37	18.03	26.83	53.77
65	1.40	12.87	22.41	63.33
66	1.39	10.02	19.43	69.16
67	1.11	7.59	16.80	74.51
68	1.05	5.91	14.80	78.24
69	1.04	5.19	13.50	80.26
70	0.98	4.24	17.94	76.84
71	1.14	4.29	13.83	80.74
72	0.80	4.00	11.97	83.23
73	0.67	3.72	10.26	85.36
74	0.75	3.60	10.03	85.62
75	0.78	3.62	10.54	85.07
76	0.71	3.19	9.81	86.29
77	0.70	2.83	9.31	87.16
78	0.78	2.94	9.92	86.37
79	0.81	2.95	9.93	86.31
80	0.83	2.85	9.86	86.47
81	0.78	2.53	9.80	86.89
82	0.83	2.82	10.31	86.04
83	0.80	2.89	9.81	86.51
84	0.80	2.67	9.47	87.06
85	0.91	2.76	9.67	86.65
86	0.80	2.61	9.62	86.97
87	0.81	2.46	9.31	87.43
88	0.77	2.28	8.92	88.03
89	0.74	2.05	8.39	88.82
90	0.76	2.10	8.20	88.94
91	0.87	2.09	8.57	88.47
92	0.82	2.27	8.76	88.15
93	0.80	2.25	8.76	88.19
94	0.83	2.21	8.64	88.32
95	1.35	3.38	12.80	82.46




