Parameters
	Library type	Single-end
	Input file	/Volumes/wdhd/users/joaks1/projects/gekgo/data/genomes/msg/plate1/demultiplexed-raw/fastq/RMB_11746_Cyrtodactylus_jambangan_Mindanao_R1.fq
	Primer/Adaptor library	NA
	Cut-off read length for HQ	70%
	Cut-off quality score	20
	Only statistics	On
	Number of processes	2


QC statistics
	File name	RMB_11746_Cyrtodactylus_jambangan_Mindanao_R1.fq
	Total number of reads	179784
	Total number of HQ reads	175089
	Percentage of HQ reads	97.39%
	Total number of bases	17079480
	Total number of bases in HQ reads	16633455
	Total number of HQ bases in HQ reads	14841698
	Percentage of HQ bases in HQ reads	89.23%
	Number of Primer/Adaptor contaminated HQ reads	NA
	Total number of HQ filtered reads	175089
	Percentage of HQ filtered reads	97.39%


Detailed QC statistics
	File name	RMB_11746_Cyrtodactylus_jambangan_Mindanao_R1.fq
	Minimum read length	95
	Maximum read length	95
	Average read length	95.00
	Total number of reads	179784
	Total number of reads with non-ATGC bases	81
	Percentage of reads with non-ATGC bases	0.05%
	Total number of bases	17079480
	Total number of HQ bases	15108155
	Percentage of HQ bases	88.46%
	Total number of non-ATGC bases	401
	Percentage of non-ATGC bases	0.00%


Average quality score at each base position of input reads

RMB_11746_Cyrtodactylus_jambangan_Mindanao_R1.fq
35.84	35.25	36.73	36.09	36.79	36.86	36.62	38.98	38.22	37.84	37.99	38.31	38.03	37.92	37.94	37.44	37.73	37.14	37.09	36.90	37.43	36.80	36.90	36.93	37.29	37.03	37.08	37.56	36.57	36.24	36.44	36.46	36.26	36.51	37.05	36.57	36.79	37.13	37.42	36.62	36.47	36.34	36.28	35.92	35.60	34.17	32.28	29.93	27.36	24.35	22.02	20.50	19.61	18.90	18.51	18.43	18.53	18.85	19.86	20.81	22.71	24.62	26.46	28.32	29.91	30.97	31.96	32.73	33.12	32.18	32.68	33.24	33.68	33.79	33.72	33.85	33.92	33.72	33.69	33.71	33.76	33.60	33.64	33.74	33.64	33.66	33.73	33.80	33.94	33.96	33.87	33.82	33.79	33.75	32.61	




Read count (%) per base for different quality score ranges

	RMB_11746_Cyrtodactylus_jambangan_Mindanao_R1.fq
Ranges	0-10	11-20	21-30	31-40
Base
1	0.00	0.91	1.30	97.78
2	0.00	0.28	0.61	99.11
3	0.00	0.32	0.44	99.24
4	0.00	0.83	1.28	97.89
5	0.00	0.30	0.53	99.16
6	0.00	0.20	0.33	99.46
7	0.01	0.60	1.11	98.28
8	0.00	0.78	0.80	98.41
9	0.03	1.12	1.75	97.10
10	0.03	1.38	1.93	96.65
11	0.02	1.26	1.50	97.22
12	0.01	0.85	1.38	97.76
13	0.04	0.98	2.05	96.93
14	0.04	1.20	1.87	96.89
15	0.02	1.08	1.59	97.31
16	0.05	1.22	2.25	96.47
17	0.02	0.98	1.65	97.35
18	0.09	1.64	3.00	95.27
19	0.16	1.84	2.78	95.22
20	0.15	2.19	3.10	94.56
21	0.10	1.62	2.07	96.21
22	0.26	1.65	2.77	95.33
23	0.20	1.54	2.73	95.54
24	0.31	1.56	2.60	95.53
25	0.24	1.36	2.12	96.27
26	0.47	1.28	2.82	95.43
27	0.44	1.35	2.75	95.45
28	0.31	1.17	1.88	96.65
29	0.84	1.20	3.06	94.89
30	0.80	1.80	4.03	93.37
31	0.83	1.63	3.61	93.93
32	1.09	1.75	3.69	93.46
33	0.84	2.08	4.25	92.83
34	0.77	1.67	3.65	93.91
35	0.41	1.35	2.65	95.59
36	0.73	1.26	3.89	94.12
37	0.76	1.14	3.23	94.87
38	0.60	1.06	2.81	95.54
39	0.38	1.04	2.43	96.14
40	0.71	1.15	3.71	94.43
41	0.80	1.33	4.13	93.74
42	0.86	1.59	4.52	93.03
43	0.80	1.67	4.75	92.78
44	1.02	2.01	5.50	91.47
45	1.09	2.14	6.30	90.48
46	1.61	3.27	10.31	84.82
47	2.04	6.41	16.32	75.23
48	2.47	12.25	22.27	63.01
49	2.84	21.02	26.04	50.10
50	3.60	35.52	23.95	36.94
51	4.97	47.38	19.79	27.87
52	6.18	54.35	17.46	22.02
53	6.77	58.64	16.16	18.44
54	6.97	62.70	14.54	15.79
55	6.90	64.33	15.14	13.62
56	6.18	65.58	15.39	12.85
57	5.26	65.60	16.74	12.40
58	4.67	63.44	19.27	12.62
59	3.15	57.88	24.08	14.89
60	3.45	51.30	26.84	18.41
61	2.25	41.95	30.29	25.51
62	2.28	32.29	31.23	34.20
63	2.07	24.73	29.76	43.44
64	1.48	18.45	27.34	52.73
65	1.53	13.61	23.15	61.71
66	1.62	10.65	20.02	67.71
67	1.34	8.14	17.55	72.97
68	1.18	6.22	15.32	77.28
69	1.21	5.22	13.89	79.68
70	1.10	4.54	18.55	75.80
71	1.30	4.60	14.25	79.84
72	0.97	4.40	12.46	82.18
73	0.83	4.05	10.94	84.17
74	0.88	3.79	10.55	84.77
75	0.92	3.68	10.98	84.42
76	0.89	3.32	10.38	85.41
77	0.88	3.05	10.05	86.02
78	1.03	3.17	10.53	85.27
79	1.03	3.21	10.61	85.15
80	1.02	3.08	10.42	85.48
81	1.01	2.84	10.19	85.96
82	1.00	3.18	10.67	85.16
83	0.99	3.21	10.25	85.56
84	0.99	2.99	9.88	86.14
85	1.01	2.96	10.34	85.68
86	1.05	2.92	10.07	85.96
87	0.99	2.83	9.85	86.33
88	1.01	2.63	9.61	86.75
89	0.97	2.31	8.88	87.83
90	0.98	2.34	8.66	88.02
91	1.01	2.50	8.92	87.57
92	1.06	2.51	9.08	87.35
93	1.07	2.53	9.15	87.25
94	1.07	2.61	9.18	87.14
95	1.66	3.89	13.43	81.02




