Parameters
	Library type	Single-end
	Input file	/Volumes/wdhd/users/joaks1/projects/gekgo/data/genomes/msg/plate1/demultiplexed-raw/fastq/RMB_5907_Cyrtodactylus_philippinicus_BabuyanClaro_R1.fq
	Primer/Adaptor library	NA
	Cut-off read length for HQ	70%
	Cut-off quality score	20
	Only statistics	On
	Number of processes	2


QC statistics
	File name	RMB_5907_Cyrtodactylus_philippinicus_BabuyanClaro_R1.fq
	Total number of reads	4302
	Total number of HQ reads	4205
	Percentage of HQ reads	97.75%
	Total number of bases	408690
	Total number of bases in HQ reads	399475
	Total number of HQ bases in HQ reads	356922
	Percentage of HQ bases in HQ reads	89.35%
	Number of Primer/Adaptor contaminated HQ reads	NA
	Total number of HQ filtered reads	4205
	Percentage of HQ filtered reads	97.75%


Detailed QC statistics
	File name	RMB_5907_Cyrtodactylus_philippinicus_BabuyanClaro_R1.fq
	Minimum read length	95
	Maximum read length	95
	Average read length	95.00
	Total number of reads	4302
	Total number of reads with non-ATGC bases	0
	Percentage of reads with non-ATGC bases	0.00%
	Total number of bases	408690
	Total number of HQ bases	362418
	Percentage of HQ bases	88.68%
	Total number of non-ATGC bases	0
	Percentage of non-ATGC bases	0.00%


Average quality score at each base position of input reads

RMB_5907_Cyrtodactylus_philippinicus_BabuyanClaro_R1.fq
36.03	34.51	36.80	36.16	36.88	36.95	36.74	39.10	38.34	37.96	38.11	38.42	38.25	38.22	38.24	37.75	37.96	37.17	37.24	37.03	37.56	36.94	36.98	37.05	37.36	37.20	37.28	37.79	36.71	36.43	36.52	36.60	36.46	36.74	37.24	36.92	37.04	37.32	37.62	36.85	36.69	36.56	36.51	36.04	35.86	34.52	32.84	30.29	27.59	24.45	22.08	20.29	19.39	18.72	18.57	18.48	18.77	19.01	20.10	21.04	22.94	24.79	26.67	28.60	30.22	31.38	32.41	33.21	33.50	32.64	33.16	33.76	34.28	34.35	34.16	34.25	34.29	34.05	34.09	34.07	34.08	33.89	33.99	34.15	33.96	34.00	34.00	33.98	34.16	34.10	34.06	33.92	33.94	33.78	32.80	




Read count (%) per base for different quality score ranges

	RMB_5907_Cyrtodactylus_philippinicus_BabuyanClaro_R1.fq
Ranges	0-10	11-20	21-30	31-40
Base
1	0.00	0.51	0.72	98.77
2	0.00	0.02	0.49	99.49
3	0.00	0.14	0.23	99.63
4	0.00	0.37	1.21	98.42
5	0.00	0.09	0.23	99.67
6	0.00	0.07	0.07	99.86
7	0.00	0.42	0.72	98.86
8	0.00	0.65	0.53	98.81
9	0.00	0.88	1.39	97.72
10	0.00	1.32	1.65	97.02
11	0.00	1.12	1.07	97.81
12	0.00	0.77	1.02	98.21
13	0.00	0.58	1.86	97.56
14	0.02	0.74	1.58	97.65
15	0.02	0.88	1.42	97.68
16	0.05	1.14	2.25	96.56
17	0.05	1.05	1.35	97.56
18	0.07	2.16	2.67	95.10
19	0.09	1.60	2.49	95.82
20	0.07	2.14	3.00	94.79
21	0.02	1.49	1.63	96.86
22	0.19	1.23	2.70	95.89
23	0.19	1.44	2.65	95.72
24	0.19	1.37	2.53	95.91
25	0.14	1.58	1.91	96.37
26	0.19	1.30	2.51	96.00
27	0.26	1.26	2.25	96.23
28	0.14	0.95	1.42	97.49
29	0.67	1.23	2.42	95.68
30	0.58	1.42	3.84	94.17
31	0.74	1.65	3.25	94.35
32	0.95	1.72	3.30	94.03
33	0.67	1.77	3.86	93.70
34	0.46	1.44	3.35	94.75
35	0.30	0.95	2.58	96.16
36	0.37	0.95	3.30	95.37
37	0.56	0.86	3.07	95.51
38	0.46	0.93	2.37	96.23
39	0.23	1.00	2.14	96.63
40	0.74	0.93	3.00	95.33
41	0.72	1.35	3.14	94.79
42	0.58	1.37	4.00	94.05
43	0.60	1.42	4.28	93.70
44	1.02	1.79	5.30	91.89
45	0.91	1.58	6.02	91.49
46	1.58	2.72	8.81	86.89
47	2.00	5.76	13.71	78.52
48	2.63	12.27	19.36	65.74
49	2.98	21.55	22.69	52.79
50	3.56	35.84	22.73	37.87
51	5.35	47.28	18.46	28.92
52	6.74	55.37	16.06	21.83
53	6.69	60.72	13.99	18.60
54	7.02	64.11	12.92	15.95
55	6.90	64.76	13.44	14.90
56	6.16	66.16	13.53	14.16
57	5.09	64.46	16.67	13.78
58	5.18	61.67	19.76	13.39
59	3.35	57.00	22.80	16.85
60	3.81	50.12	26.08	19.99
61	2.53	40.35	30.50	26.62
62	2.32	31.94	30.38	35.36
63	2.19	23.87	29.34	44.61
64	1.42	18.08	26.55	53.95
65	1.53	13.18	22.27	63.02
66	1.37	10.62	18.78	69.22
67	1.37	7.79	16.06	74.78
68	1.12	5.53	14.90	78.45
69	1.19	5.09	13.41	80.31
70	1.09	4.04	17.22	77.64
71	1.02	4.46	12.69	81.82
72	0.77	4.35	10.99	83.89
73	0.70	3.70	9.44	86.17
74	0.63	3.46	9.09	86.82
75	0.74	3.63	10.39	85.24
76	0.74	3.67	8.74	86.84
77	0.91	3.16	8.34	87.59
78	0.98	3.25	9.48	86.29
79	0.86	3.16	9.55	86.42
80	0.77	3.05	9.32	86.87
81	0.77	2.56	9.62	87.05
82	0.84	2.95	9.88	86.33
83	0.74	3.46	8.00	87.80
84	0.51	3.07	8.34	88.08
85	0.91	2.67	9.37	87.05
86	0.58	2.46	9.69	87.26
87	0.72	2.79	9.02	87.47
88	0.95	2.63	8.76	87.66
89	0.91	1.91	8.74	88.45
90	1.00	2.46	7.74	88.80
91	0.81	2.63	7.93	88.63
92	1.07	2.56	8.51	87.87
93	1.07	2.39	8.55	87.98
94	1.14	2.58	8.76	87.52
95	1.49	3.58	13.02	81.92




