Parameters
	Library type	Single-end
	Input file	/Volumes/wdhd/users/joaks1/projects/gekgo/data/genomes/msg/plate1/demultiplexed-raw/fastq/RMB_13654_Cyrtodactylus_philippinicus_Luzon_R1.fq
	Primer/Adaptor library	NA
	Cut-off read length for HQ	70%
	Cut-off quality score	20
	Only statistics	On
	Number of processes	2


QC statistics
	File name	RMB_13654_Cyrtodactylus_philippinicus_Luzon_R1.fq
	Total number of reads	237256
	Total number of HQ reads	231902
	Percentage of HQ reads	97.74%
	Total number of bases	22539320
	Total number of bases in HQ reads	22030690
	Total number of HQ bases in HQ reads	19736285
	Percentage of HQ bases in HQ reads	89.59%
	Number of Primer/Adaptor contaminated HQ reads	NA
	Total number of HQ filtered reads	231902
	Percentage of HQ filtered reads	97.74%


Detailed QC statistics
	File name	RMB_13654_Cyrtodactylus_philippinicus_Luzon_R1.fq
	Minimum read length	95
	Maximum read length	95
	Average read length	95.00
	Total number of reads	237256
	Total number of reads with non-ATGC bases	113
	Percentage of reads with non-ATGC bases	0.05%
	Total number of bases	22539320
	Total number of HQ bases	20043755
	Percentage of HQ bases	88.93%
	Total number of non-ATGC bases	691
	Percentage of non-ATGC bases	0.00%


Average quality score at each base position of input reads

RMB_13654_Cyrtodactylus_philippinicus_Luzon_R1.fq
35.60	34.76	36.81	36.19	36.87	36.92	36.71	39.13	38.40	37.99	38.15	38.43	38.26	38.27	38.30	37.86	38.03	37.40	37.29	37.12	37.58	36.98	37.06	37.14	37.49	37.28	37.30	37.73	36.80	36.47	36.70	36.74	36.55	36.77	37.27	36.85	37.11	37.42	37.72	36.96	36.83	36.72	36.67	36.35	36.00	34.60	32.91	30.72	28.02	25.00	22.47	21.00	19.85	19.22	18.85	18.66	18.84	19.03	20.09	21.11	23.00	24.91	26.79	28.68	30.43	31.50	32.52	33.21	33.60	32.73	33.23	33.79	34.21	34.29	34.18	34.31	34.38	34.16	34.12	34.14	34.16	33.97	34.01	34.07	33.96	34.01	34.07	34.13	34.26	34.25	34.18	34.12	34.05	34.06	33.00	




Read count (%) per base for different quality score ranges

	RMB_13654_Cyrtodactylus_philippinicus_Luzon_R1.fq
Ranges	0-10	11-20	21-30	31-40
Base
1	0.00	0.60	0.96	98.44
2	0.00	0.16	0.39	99.44
3	0.00	0.13	0.24	99.63
4	0.00	0.40	1.03	98.57
5	0.00	0.11	0.33	99.55
6	0.00	0.08	0.20	99.72
7	0.01	0.41	0.90	98.69
8	0.00	0.59	0.65	98.75
9	0.02	0.91	1.50	97.56
10	0.02	1.16	1.69	97.12
11	0.02	1.04	1.25	97.69
12	0.01	0.70	1.12	98.16
13	0.03	0.83	1.71	97.43
14	0.02	0.97	1.56	97.45
15	0.01	0.90	1.34	97.74
16	0.03	1.01	1.94	97.02
17	0.01	0.86	1.40	97.73
18	0.08	1.39	2.61	95.93
19	0.10	1.70	2.56	95.65
20	0.10	2.04	2.79	95.07
21	0.06	1.49	1.88	96.56
22	0.15	1.54	2.51	95.80
23	0.11	1.44	2.53	95.91
24	0.16	1.39	2.32	96.14
25	0.12	1.24	1.82	96.81
26	0.23	1.18	2.54	96.05
27	0.24	1.20	2.40	96.16
28	0.20	1.03	1.72	97.05
29	0.59	1.14	2.63	95.64
30	0.60	1.62	3.63	94.14
31	0.63	1.44	3.19	94.74
32	0.87	1.55	3.21	94.37
33	0.68	1.85	3.73	93.73
34	0.63	1.51	3.15	94.70
35	0.31	1.18	2.24	96.27
36	0.54	1.10	3.21	95.15
37	0.58	0.94	2.63	95.84
38	0.46	0.91	2.27	96.37
39	0.25	0.88	1.94	96.93
40	0.52	0.95	3.11	95.42
41	0.64	1.19	3.36	94.82
42	0.65	1.35	3.75	94.25
43	0.61	1.41	3.91	94.07
44	0.77	1.76	4.50	92.97
45	0.84	1.87	5.14	92.14
46	1.31	2.90	8.77	87.02
47	1.65	5.93	13.82	78.60
48	1.99	11.17	19.40	67.44
49	2.10	20.20	24.02	53.68
50	2.81	34.25	22.70	40.24
51	3.95	47.30	18.51	30.24
52	4.99	54.16	16.20	24.65
53	5.60	59.85	14.65	19.90
54	5.65	63.58	13.41	17.36
55	5.51	65.27	13.94	15.28
56	5.12	66.23	14.78	13.87
57	4.33	65.31	16.77	13.60
58	4.00	63.79	18.57	13.65
59	2.65	57.61	23.66	16.08
60	2.93	50.84	26.31	19.92
61	1.85	41.21	30.03	26.91
62	1.94	31.76	30.62	35.68
63	1.70	24.38	29.04	44.88
64	1.23	18.17	26.12	54.48
65	1.23	12.91	21.87	63.99
66	1.34	10.17	18.59	69.90
67	1.11	7.68	16.12	75.10
68	1.00	6.09	13.97	78.94
69	0.99	5.24	12.76	81.01
70	0.91	4.25	16.72	78.12
71	1.08	4.25	12.81	81.86
72	0.78	4.10	11.10	84.02
73	0.68	3.76	9.67	85.89
74	0.70	3.63	9.42	86.25
75	0.75	3.55	9.86	85.83
76	0.69	3.16	9.25	86.90
77	0.68	2.87	8.82	87.63
78	0.82	3.04	9.31	86.83
79	0.80	3.03	9.38	86.79
80	0.75	2.89	9.24	87.12
81	0.76	2.69	9.07	87.49
82	0.79	2.95	9.65	86.61
83	0.75	3.04	9.26	86.95
84	0.73	2.85	9.01	87.41
85	0.80	2.74	9.47	86.99
86	0.74	2.65	9.22	87.39
87	0.79	2.48	8.96	87.77
88	0.76	2.32	8.65	88.27
89	0.69	2.11	8.01	89.19
90	0.75	2.13	7.83	89.29
91	0.76	2.21	8.07	88.96
92	0.81	2.30	8.31	88.58
93	0.81	2.34	8.60	88.25
94	0.83	2.31	8.43	88.43
95	1.35	3.35	12.30	83.01




