Parameters
	Library type	Single-end
	Input file	/Volumes/wdhd/users/joaks1/projects/gekgo/data/genomes/msg/plate1/demultiplexed-raw/fastq/RMB_15211_Cyrtodactylus_philippinicus_Luzon_R1.fq
	Primer/Adaptor library	NA
	Cut-off read length for HQ	70%
	Cut-off quality score	20
	Only statistics	On
	Number of processes	2


QC statistics
	File name	RMB_15211_Cyrtodactylus_philippinicus_Luzon_R1.fq
	Total number of reads	3350
	Total number of HQ reads	3282
	Percentage of HQ reads	97.97%
	Total number of bases	318250
	Total number of bases in HQ reads	311790
	Total number of HQ bases in HQ reads	277510
	Percentage of HQ bases in HQ reads	89.01%
	Number of Primer/Adaptor contaminated HQ reads	NA
	Total number of HQ filtered reads	3282
	Percentage of HQ filtered reads	97.97%


Detailed QC statistics
	File name	RMB_15211_Cyrtodactylus_philippinicus_Luzon_R1.fq
	Minimum read length	95
	Maximum read length	95
	Average read length	95.00
	Total number of reads	3350
	Total number of reads with non-ATGC bases	1
	Percentage of reads with non-ATGC bases	0.03%
	Total number of bases	318250
	Total number of HQ bases	281424
	Percentage of HQ bases	88.43%
	Total number of non-ATGC bases	1
	Percentage of non-ATGC bases	0.00%


Average quality score at each base position of input reads

RMB_15211_Cyrtodactylus_philippinicus_Luzon_R1.fq
36.79	36.48	36.83	36.18	36.83	36.90	36.66	38.93	38.19	37.83	37.99	38.27	37.60	37.57	37.77	37.23	37.50	36.97	36.80	36.71	37.19	36.49	36.66	36.73	37.15	36.82	36.92	37.34	36.44	36.11	36.34	36.34	36.09	36.50	36.92	36.38	36.59	36.92	37.13	36.31	36.09	35.85	35.81	35.47	35.02	33.44	31.45	29.22	26.63	23.60	21.39	19.91	18.89	18.32	17.95	17.95	18.05	18.31	19.42	20.49	22.35	23.88	25.91	27.84	29.25	30.35	31.31	31.96	31.95	31.24	31.80	32.44	33.09	33.40	33.25	33.48	33.68	33.37	33.54	33.58	33.52	33.45	33.52	33.74	33.54	33.70	33.81	33.78	33.99	33.99	33.91	33.72	33.63	33.78	32.58	




Read count (%) per base for different quality score ranges

	RMB_15211_Cyrtodactylus_philippinicus_Luzon_R1.fq
Ranges	0-10	11-20	21-30	31-40
Base
1	0.06	0.30	0.57	99.07
2	0.00	0.15	0.21	99.64
3	0.00	0.18	0.33	99.49
4	0.00	0.69	1.10	98.21
5	0.00	0.12	0.57	99.31
6	0.00	0.06	0.27	99.67
7	0.00	0.57	0.84	98.60
8	0.00	0.75	0.81	98.45
9	0.00	0.96	1.61	97.43
10	0.00	1.58	1.49	96.93
11	0.00	1.10	1.58	97.31
12	0.03	0.66	1.37	97.94
13	0.12	0.99	1.88	97.01
14	0.03	1.04	2.27	96.66
15	0.03	0.93	1.85	97.19
16	0.24	1.22	2.21	96.33
17	0.03	1.07	1.85	97.04
18	0.36	1.25	3.31	95.07
19	0.66	1.37	2.96	95.01
20	0.36	2.03	3.67	93.94
21	0.24	1.82	2.36	95.58
22	0.72	1.22	3.55	94.51
23	0.24	1.55	3.49	94.72
24	0.39	1.43	3.07	95.10
25	0.36	1.37	2.12	96.15
26	0.42	1.46	3.28	94.84
27	0.30	1.25	3.40	95.04
28	0.24	1.13	2.36	96.27
29	0.72	0.96	3.61	94.72
30	0.66	1.34	4.93	93.07
31	0.72	1.55	3.52	94.21
32	1.01	1.79	3.37	93.82
33	0.90	2.15	4.30	92.66
34	0.45	1.49	3.64	94.42
35	0.27	1.25	3.07	95.40
36	0.57	1.19	4.78	93.46
37	0.69	1.07	3.73	94.51
38	0.39	1.31	3.34	94.96
39	0.21	1.16	3.16	95.46
40	0.54	1.22	5.13	93.10
41	0.75	1.22	5.49	92.54
42	0.96	1.49	6.54	91.01
43	0.84	1.58	7.25	90.33
44	0.99	1.91	8.36	88.75
45	1.28	1.85	9.52	87.34
46	1.67	3.46	15.64	79.22
47	2.36	6.99	23.28	67.37
48	2.87	10.69	31.13	55.31
49	3.19	21.04	32.63	43.13
50	5.07	34.39	29.73	30.81
51	5.70	46.63	25.61	22.06
52	8.06	53.55	19.85	18.54
53	8.78	58.30	18.33	14.60
54	9.16	61.61	15.94	13.28
55	8.45	64.90	15.28	11.37
56	8.24	63.88	17.34	10.54
57	6.69	65.55	17.28	10.48
58	6.45	63.25	19.79	10.51
59	4.30	58.42	23.55	13.73
60	4.33	50.96	27.70	17.01
61	2.51	41.22	32.81	23.46
62	2.96	33.28	33.10	30.66
63	2.75	24.42	31.94	40.90
64	1.61	18.12	29.49	50.78
65	1.70	13.34	25.70	59.25
66	1.67	10.72	21.49	66.12
67	1.28	7.79	20.00	70.93
68	1.07	6.24	18.39	74.30
69	1.70	5.46	17.73	75.10
70	1.10	4.27	24.27	70.36
71	0.93	4.24	19.61	75.22
72	0.96	4.48	15.10	79.46
73	0.54	3.58	13.25	82.63
74	0.42	3.64	12.27	83.67
75	0.81	4.00	12.18	83.01
76	0.81	3.13	11.52	84.54
77	0.54	2.96	10.90	85.61
78	0.93	3.25	11.73	84.09
79	0.81	3.04	11.22	84.93
80	0.63	3.40	10.63	85.34
81	0.90	2.78	11.10	85.22
82	0.60	2.93	12.12	84.36
83	0.84	2.93	11.13	85.10
84	0.51	2.99	9.79	86.72
85	0.90	2.93	10.36	85.82
86	0.66	2.78	9.55	87.01
87	0.87	2.69	8.69	87.76
88	0.78	2.84	9.40	86.99
89	0.54	2.18	9.01	88.27
90	0.69	2.24	8.06	89.01
91	0.96	2.30	8.09	88.66
92	0.90	2.99	8.90	87.22
93	0.66	3.16	9.97	86.21
94	0.84	2.75	8.66	87.76
95	1.46	4.00	12.87	81.67




