Parameters
	Library type	Single-end
	Input file	/Volumes/wdhd/users/joaks1/projects/gekgo/data/genomes/msg/plate1/demultiplexed-raw/fastq/RMB_5905_Cyrtodactylus_philippinicus_BabuyanClaro_R1.fq
	Primer/Adaptor library	NA
	Cut-off read length for HQ	70%
	Cut-off quality score	20
	Only statistics	On
	Number of processes	2


QC statistics
	File name	RMB_5905_Cyrtodactylus_philippinicus_BabuyanClaro_R1.fq
	Total number of reads	576836
	Total number of HQ reads	564722
	Percentage of HQ reads	97.90%
	Total number of bases	54799420
	Total number of bases in HQ reads	53648590
	Total number of HQ bases in HQ reads	47980600
	Percentage of HQ bases in HQ reads	89.43%
	Number of Primer/Adaptor contaminated HQ reads	NA
	Total number of HQ filtered reads	564722
	Percentage of HQ filtered reads	97.90%


Detailed QC statistics
	File name	RMB_5905_Cyrtodactylus_philippinicus_BabuyanClaro_R1.fq
	Minimum read length	95
	Maximum read length	95
	Average read length	95.00
	Total number of reads	576836
	Total number of reads with non-ATGC bases	282
	Percentage of reads with non-ATGC bases	0.05%
	Total number of bases	54799420
	Total number of HQ bases	48675047
	Percentage of HQ bases	88.82%
	Total number of non-ATGC bases	1494
	Percentage of non-ATGC bases	0.00%


Average quality score at each base position of input reads

RMB_5905_Cyrtodactylus_philippinicus_BabuyanClaro_R1.fq
36.82	36.35	36.86	36.28	36.86	36.91	36.68	39.07	38.33	37.94	38.09	38.38	38.11	38.02	38.04	37.51	37.80	37.24	37.17	37.01	37.50	36.87	36.95	37.04	37.42	37.18	37.22	37.67	36.72	36.39	36.61	36.66	36.46	36.70	37.19	36.73	36.99	37.32	37.60	36.78	36.61	36.50	36.44	36.08	35.74	34.32	32.48	30.14	27.53	24.67	22.18	20.75	19.65	18.96	18.59	18.49	18.64	18.89	19.95	20.96	22.80	24.68	26.60	28.46	30.19	31.24	32.21	32.88	33.24	32.36	32.85	33.45	33.88	33.96	33.88	34.04	34.13	33.93	33.94	33.97	34.00	33.82	33.86	33.97	33.87	33.91	33.99	34.06	34.19	34.19	34.10	34.02	34.00	34.01	32.92	




Read count (%) per base for different quality score ranges

	RMB_5905_Cyrtodactylus_philippinicus_BabuyanClaro_R1.fq
Ranges	0-10	11-20	21-30	31-40
Base
1	0.00	0.37	0.32	99.31
2	0.00	0.15	0.19	99.66
3	0.00	0.18	0.19	99.63
4	0.00	0.45	1.00	98.55
5	0.00	0.16	0.32	99.53
6	0.00	0.09	0.22	99.69
7	0.01	0.49	0.97	98.54
8	0.00	0.66	0.72	98.62
9	0.03	1.01	1.60	97.36
10	0.02	1.28	1.71	96.99
11	0.01	1.11	1.31	97.57
12	0.01	0.71	1.17	98.11
13	0.03	0.85	1.88	97.24
14	0.02	1.04	1.63	97.31
15	0.02	0.93	1.39	97.66
16	0.04	1.08	2.10	96.78
17	0.02	0.87	1.44	97.67
18	0.10	1.45	2.78	95.67
19	0.13	1.71	2.70	95.46
20	0.13	2.03	2.87	94.98
21	0.09	1.48	1.96	96.47
22	0.22	1.50	2.61	95.66
23	0.16	1.46	2.63	95.75
24	0.26	1.37	2.44	95.93
25	0.17	1.23	1.86	96.74
26	0.35	1.18	2.61	95.87
27	0.31	1.16	2.49	96.03
28	0.21	1.04	1.73	97.02
29	0.69	1.06	2.73	95.52
30	0.65	1.62	3.77	93.95
31	0.69	1.46	3.29	94.55
32	0.89	1.59	3.39	94.14
33	0.67	1.89	3.98	93.46
34	0.62	1.53	3.22	94.63
35	0.28	1.21	2.37	96.14
36	0.54	1.14	3.52	94.79
37	0.58	0.95	2.89	95.59
38	0.44	0.89	2.51	96.16
39	0.26	0.91	2.12	96.71
40	0.55	1.01	3.46	94.98
41	0.68	1.23	3.90	94.19
42	0.69	1.46	4.26	93.59
43	0.65	1.51	4.52	93.31
44	0.81	1.94	5.33	91.92
45	0.92	1.96	6.02	91.10
46	1.36	3.03	10.22	85.39
47	1.83	6.23	15.88	76.06
48	2.21	11.91	22.05	63.83
49	2.52	20.70	26.13	50.66
50	3.17	34.40	24.54	37.89
51	4.46	47.45	19.62	28.47
52	5.49	54.22	17.36	22.93
53	6.20	59.46	15.87	18.47
54	6.42	63.39	14.21	15.98
55	6.25	64.94	15.02	13.79
56	5.71	65.67	15.90	12.72
57	4.77	65.16	17.73	12.35
58	4.58	63.41	19.22	12.80
59	2.94	57.57	24.33	15.16
60	3.12	50.99	26.91	18.98
61	2.01	41.51	30.81	25.67
62	2.05	32.32	31.16	34.47
63	1.83	24.32	29.91	43.93
64	1.35	18.25	26.78	53.62
65	1.33	13.03	22.52	63.13
66	1.41	10.19	19.31	69.09
67	1.18	7.79	16.78	74.25
68	1.03	6.17	14.84	77.96
69	1.06	5.25	13.54	80.15
70	0.97	4.31	18.10	76.62
71	1.12	4.33	13.97	80.58
72	0.77	4.09	11.92	83.22
73	0.66	3.74	10.37	85.24
74	0.71	3.63	10.03	85.63
75	0.75	3.54	10.57	85.13
76	0.66	3.21	9.85	86.28
77	0.71	2.84	9.45	87.00
78	0.79	2.97	10.15	86.09
79	0.77	2.98	9.95	86.30
80	0.77	2.81	9.86	86.57
81	0.71	2.61	9.73	86.95
82	0.80	2.82	10.25	86.13
83	0.78	2.93	9.72	86.57
84	0.73	2.71	9.36	87.20
85	0.82	2.65	9.75	86.78
86	0.76	2.65	9.43	87.16
87	0.74	2.45	9.28	87.53
88	0.76	2.25	8.88	88.11
89	0.67	2.07	8.29	88.98
90	0.74	2.02	8.13	89.11
91	0.79	2.16	8.37	88.68
92	0.83	2.30	8.62	88.26
93	0.78	2.32	8.74	88.15
94	0.80	2.27	8.55	88.37
95	1.32	3.38	12.65	82.64




