Parameters
	Library type	Single-end
	Input file	/Volumes/wdhd/users/joaks1/projects/gekgo/data/genomes/msg/plate1/demultiplexed-raw/fastq/RMB_5906_Cyrtodactylus_philippinicus_BabuyanClaro_R1.fq
	Primer/Adaptor library	NA
	Cut-off read length for HQ	70%
	Cut-off quality score	20
	Only statistics	On
	Number of processes	2


QC statistics
	File name	RMB_5906_Cyrtodactylus_philippinicus_BabuyanClaro_R1.fq
	Total number of reads	100025
	Total number of HQ reads	98443
	Percentage of HQ reads	98.42%
	Total number of bases	9502375
	Total number of bases in HQ reads	9352085
	Total number of HQ bases in HQ reads	8371670
	Percentage of HQ bases in HQ reads	89.52%
	Number of Primer/Adaptor contaminated HQ reads	NA
	Total number of HQ filtered reads	98443
	Percentage of HQ filtered reads	98.42%


Detailed QC statistics
	File name	RMB_5906_Cyrtodactylus_philippinicus_BabuyanClaro_R1.fq
	Minimum read length	95
	Maximum read length	95
	Average read length	95.00
	Total number of reads	100025
	Total number of reads with non-ATGC bases	46
	Percentage of reads with non-ATGC bases	0.05%
	Total number of bases	9502375
	Total number of HQ bases	8461829
	Percentage of HQ bases	89.05%
	Total number of non-ATGC bases	263
	Percentage of non-ATGC bases	0.00%


Average quality score at each base position of input reads

RMB_5906_Cyrtodactylus_philippinicus_BabuyanClaro_R1.fq
36.89	36.32	36.89	36.45	36.92	36.95	36.72	39.13	38.42	38.05	38.18	38.48	37.92	37.90	38.07	37.59	37.90	37.30	37.20	37.10	37.57	36.95	37.03	37.14	37.53	37.33	37.36	37.78	36.81	36.45	36.67	36.72	36.51	36.73	37.22	36.74	37.01	37.34	37.57	36.71	36.52	36.40	36.36	35.96	35.58	34.00	32.02	29.60	27.00	24.23	21.89	20.46	19.38	18.78	18.42	18.33	18.55	18.81	19.86	20.85	22.65	24.50	26.30	28.12	29.76	30.78	31.74	32.39	32.72	31.84	32.34	33.02	33.53	33.69	33.67	33.86	33.98	33.84	33.85	33.91	33.98	33.82	33.90	34.01	33.94	34.00	34.09	34.19	34.32	34.36	34.25	34.21	34.20	34.21	33.07	




Read count (%) per base for different quality score ranges

	RMB_5906_Cyrtodactylus_philippinicus_BabuyanClaro_R1.fq
Ranges	0-10	11-20	21-30	31-40
Base
1	0.02	0.24	0.18	99.55
2	0.02	0.12	0.13	99.73
3	0.00	0.14	0.11	99.75
4	0.00	0.26	0.73	99.00
5	0.00	0.08	0.15	99.77
6	0.00	0.04	0.12	99.83
7	0.00	0.41	0.85	98.73
8	0.00	0.61	0.60	98.79
9	0.02	0.86	1.37	97.75
10	0.02	1.11	1.52	97.35
11	0.01	0.99	1.12	97.88
12	0.01	0.59	0.95	98.45
13	0.02	0.73	1.60	97.65
14	0.03	0.89	1.46	97.62
15	0.02	0.81	1.21	97.96
16	0.08	0.89	1.95	97.08
17	0.04	0.73	1.20	98.03
18	0.31	1.10	2.57	96.02
19	0.42	1.27	2.32	95.99
20	0.26	1.68	2.65	95.41
21	0.16	1.30	1.78	96.76
22	0.42	1.01	2.45	96.12
23	0.24	1.19	2.40	96.17
24	0.30	1.09	2.26	96.35
25	0.16	1.05	1.71	97.08
26	0.28	0.94	2.36	96.43
27	0.23	0.96	2.27	96.54
28	0.16	0.90	1.53	97.40
29	0.58	0.95	2.63	95.83
30	0.52	1.47	3.80	94.21
31	0.58	1.31	3.36	94.76
32	0.75	1.44	3.47	94.34
33	0.54	1.72	4.09	93.65
34	0.52	1.38	3.35	94.75
35	0.20	1.08	2.50	96.22
36	0.44	1.02	3.87	94.67
37	0.45	0.86	3.18	95.51
38	0.33	0.82	2.82	96.03
39	0.17	0.82	2.48	96.54
40	0.48	0.86	4.23	94.42
41	0.56	1.08	4.81	93.56
42	0.60	1.33	5.34	92.72
43	0.49	1.36	5.78	92.37
44	0.67	1.74	7.04	90.54
45	0.73	1.79	8.25	89.23
46	1.21	2.69	14.31	81.79
47	1.57	5.91	22.00	70.51
48	1.94	11.56	29.42	57.08
49	2.16	20.61	33.33	43.90
50	2.95	34.46	29.73	32.86
51	4.01	47.67	23.62	24.71
52	5.26	54.93	19.91	19.90
53	5.83	60.49	17.67	16.00
54	5.95	64.02	15.99	14.03
55	5.83	65.84	16.19	12.14
56	5.34	66.60	16.52	11.54
57	4.46	65.42	18.70	11.43
58	4.31	63.43	20.33	11.92
59	2.70	57.87	24.95	14.48
60	2.84	51.23	27.77	18.15
61	1.84	41.37	32.17	24.63
62	1.89	32.05	32.66	33.39
63	1.72	24.29	31.47	42.53
64	1.12	18.12	28.58	52.17
65	1.15	12.67	24.43	61.75
66	1.26	9.83	20.88	68.03
67	0.97	7.45	18.16	73.42
68	0.92	5.73	16.14	77.22
69	0.98	5.02	14.87	79.13
70	0.81	3.98	20.52	74.69
71	0.97	4.07	15.43	79.54
72	0.66	3.82	13.00	82.52
73	0.58	3.43	11.08	84.91
74	0.62	3.24	10.68	85.46
75	0.67	3.19	11.01	85.12
76	0.60	2.83	10.24	86.33
77	0.65	2.53	9.70	87.12
78	0.67	2.66	10.29	86.38
79	0.69	2.66	10.40	86.25
80	0.66	2.54	10.02	86.79
81	0.68	2.27	9.65	87.40
82	0.67	2.62	10.14	86.57
83	0.65	2.67	9.52	87.16
84	0.67	2.52	8.90	87.91
85	0.70	2.43	9.38	87.49
86	0.69	2.46	8.97	87.89
87	0.67	2.24	8.79	88.30
88	0.65	2.12	8.06	89.16
89	0.59	1.89	7.63	89.88
90	0.63	1.88	7.29	90.21
91	0.68	2.05	7.57	89.69
92	0.67	2.12	7.84	89.38
93	0.65	2.14	7.87	89.34
94	0.67	2.07	7.68	89.59
95	1.19	3.44	11.74	83.63




