Parameters
	Library type	Single-end
	Input file	/Volumes/wdhd/users/joaks1/projects/gekgo/data/genomes/msg/plate1/demultiplexed-raw/fastq/RMB_7716_Cyrtodactylus_annulatus_Palawan_R1.fq
	Primer/Adaptor library	NA
	Cut-off read length for HQ	70%
	Cut-off quality score	20
	Only statistics	On
	Number of processes	2


QC statistics
	File name	RMB_7716_Cyrtodactylus_annulatus_Palawan_R1.fq
	Total number of reads	126775
	Total number of HQ reads	124518
	Percentage of HQ reads	98.22%
	Total number of bases	12043625
	Total number of bases in HQ reads	11829210
	Total number of HQ bases in HQ reads	10588849
	Percentage of HQ bases in HQ reads	89.51%
	Number of Primer/Adaptor contaminated HQ reads	NA
	Total number of HQ filtered reads	124518
	Percentage of HQ filtered reads	98.22%


Detailed QC statistics
	File name	RMB_7716_Cyrtodactylus_annulatus_Palawan_R1.fq
	Minimum read length	95
	Maximum read length	95
	Average read length	95.00
	Total number of reads	126775
	Total number of reads with non-ATGC bases	52
	Percentage of reads with non-ATGC bases	0.04%
	Total number of bases	12043625
	Total number of HQ bases	10716990
	Percentage of HQ bases	88.98%
	Total number of non-ATGC bases	403
	Percentage of non-ATGC bases	0.00%


Average quality score at each base position of input reads

RMB_7716_Cyrtodactylus_annulatus_Palawan_R1.fq
36.33	35.67	36.85	36.32	36.89	36.93	36.70	39.10	38.36	38.02	38.17	38.49	37.90	37.87	38.01	37.54	37.85	37.26	37.19	37.03	37.56	36.94	37.05	37.11	37.45	37.23	37.28	37.77	36.81	36.51	36.70	36.72	36.51	36.73	37.23	36.76	37.06	37.35	37.63	36.81	36.60	36.47	36.43	36.11	35.76	34.24	32.31	29.85	27.35	24.38	22.05	20.60	19.55	18.98	18.58	18.46	18.62	18.93	19.91	20.89	22.75	24.70	26.53	28.43	30.06	31.10	32.03	32.76	33.11	32.18	32.68	33.23	33.69	33.83	33.78	33.96	34.05	33.88	33.86	33.93	33.98	33.86	33.92	33.98	33.91	33.94	34.02	34.12	34.26	34.29	34.20	34.15	34.13	34.09	32.98	




Read count (%) per base for different quality score ranges

	RMB_7716_Cyrtodactylus_annulatus_Palawan_R1.fq
Ranges	0-10	11-20	21-30	31-40
Base
1	0.05	0.37	0.60	98.98
2	0.02	0.13	0.21	99.64
3	0.00	0.13	0.19	99.68
4	0.00	0.36	0.89	98.75
5	0.01	0.11	0.25	99.63
6	0.00	0.06	0.16	99.78
7	0.00	0.45	0.91	98.63
8	0.00	0.64	0.67	98.69
9	0.02	0.93	1.44	97.62
10	0.02	1.16	1.56	97.26
11	0.01	1.00	1.20	97.79
12	0.01	0.61	1.00	98.38
13	0.03	0.70	1.77	97.49
14	0.02	0.95	1.57	97.46
15	0.01	0.90	1.30	97.79
16	0.03	1.03	2.02	96.92
17	0.01	0.81	1.33	97.84
18	0.11	1.36	2.72	95.81
19	0.16	1.59	2.49	95.75
20	0.17	1.90	2.75	95.18
21	0.10	1.38	1.90	96.61
22	0.40	1.22	2.44	95.94
23	0.22	1.26	2.47	96.04
24	0.35	1.19	2.25	96.21
25	0.18	1.16	1.85	96.80
26	0.35	1.01	2.48	96.16
27	0.31	1.13	2.38	96.18
28	0.19	0.94	1.54	97.33
29	0.61	1.00	2.58	95.81
30	0.53	1.47	3.59	94.41
31	0.56	1.36	3.18	94.91
32	0.83	1.51	3.32	94.34
33	0.61	1.83	3.83	93.73
34	0.56	1.48	3.18	94.79
35	0.24	1.17	2.29	96.30
36	0.48	1.12	3.51	94.89
37	0.52	0.84	2.69	95.94
38	0.41	0.86	2.41	96.32
39	0.25	0.84	2.04	96.86
40	0.52	0.94	3.59	94.95
41	0.64	1.21	4.03	94.12
42	0.63	1.40	4.64	93.33
43	0.57	1.46	4.80	93.17
44	0.70	1.76	5.65	91.88
45	0.85	1.83	6.64	90.67
46	1.32	2.91	11.57	84.20
47	1.62	6.07	18.42	73.89
48	2.01	11.88	25.50	60.61
49	2.25	20.58	29.31	47.86
50	2.93	34.97	27.02	35.08
51	4.16	47.57	21.87	26.41
52	5.42	54.14	19.42	21.01
53	6.11	59.40	17.33	17.16
54	6.26	62.94	15.52	15.28
55	6.19	64.81	15.75	13.25
56	5.46	65.99	16.42	12.13
57	4.54	65.70	17.71	12.05
58	4.18	63.34	20.03	12.46
59	2.76	57.89	24.55	14.80
60	2.96	51.29	27.26	18.49
61	1.90	41.67	30.96	25.47
62	1.84	32.04	31.75	34.37
63	1.67	24.35	30.41	43.57
64	1.22	17.81	27.30	53.67
65	1.26	12.71	23.11	62.92
66	1.36	9.93	19.63	69.08
67	1.05	7.55	17.38	74.01
68	0.95	5.63	15.11	78.30
69	0.96	4.84	13.67	80.53
70	0.88	4.00	18.63	76.49
71	1.02	4.15	14.12	80.71
72	0.76	3.97	12.34	82.93
73	0.64	3.64	10.62	85.10
74	0.67	3.38	10.15	85.80
75	0.70	3.32	10.69	85.29
76	0.63	2.87	9.99	86.51
77	0.68	2.57	9.60	87.16
78	0.73	2.71	10.24	86.32
79	0.79	2.66	10.30	86.25
80	0.72	2.54	9.94	86.79
81	0.72	2.38	9.57	87.34
82	0.74	2.57	9.97	86.72
83	0.72	2.68	9.39	87.21
84	0.77	2.52	9.19	87.52
85	0.75	2.51	9.57	87.16
86	0.79	2.46	9.17	87.58
87	0.76	2.30	9.07	87.87
88	0.72	2.14	8.57	88.58
89	0.72	1.89	7.75	89.64
90	0.77	1.87	7.53	89.83
91	0.83	1.97	7.92	89.28
92	0.84	2.04	8.10	89.03
93	0.78	2.15	8.10	88.98
94	0.82	2.18	8.08	88.91
95	1.35	3.36	12.23	83.05




