Parameters
	Library type	Single-end
	Input file	/Volumes/wdhd/users/joaks1/projects/gekgo/data/genomes/msg/plate1/demultiplexed-raw/fastq/RMB_8933_Cyrtodactylus_gubaot_Leyte_R1.fq
	Primer/Adaptor library	NA
	Cut-off read length for HQ	70%
	Cut-off quality score	20
	Only statistics	On
	Number of processes	2


QC statistics
	File name	RMB_8933_Cyrtodactylus_gubaot_Leyte_R1.fq
	Total number of reads	1627847
	Total number of HQ reads	1595322
	Percentage of HQ reads	98.00%
	Total number of bases	154645465
	Total number of bases in HQ reads	151555590
	Total number of HQ bases in HQ reads	135584997
	Percentage of HQ bases in HQ reads	89.46%
	Number of Primer/Adaptor contaminated HQ reads	NA
	Total number of HQ filtered reads	1595322
	Percentage of HQ filtered reads	98.00%


Detailed QC statistics
	File name	RMB_8933_Cyrtodactylus_gubaot_Leyte_R1.fq
	Minimum read length	95
	Maximum read length	95
	Average read length	95.00
	Total number of reads	1627847
	Total number of reads with non-ATGC bases	773
	Percentage of reads with non-ATGC bases	0.05%
	Total number of bases	154645465
	Total number of HQ bases	137453809
	Percentage of HQ bases	88.88%
	Total number of non-ATGC bases	4180
	Percentage of non-ATGC bases	0.00%


Average quality score at each base position of input reads

RMB_8933_Cyrtodactylus_gubaot_Leyte_R1.fq
36.59	35.99	36.86	36.32	36.86	36.91	36.69	39.08	38.35	37.96	38.10	38.41	38.10	37.98	38.00	37.52	37.81	37.27	37.21	37.06	37.53	36.90	37.00	37.06	37.43	37.22	37.26	37.70	36.75	36.42	36.65	36.70	36.50	36.73	37.21	36.78	37.03	37.35	37.64	36.83	36.67	36.56	36.51	36.15	35.79	34.35	32.54	30.18	27.59	24.56	22.16	20.75	19.68	19.04	18.63	18.49	18.63	18.91	19.94	20.99	22.81	24.69	26.62	28.50	30.24	31.30	32.28	32.95	33.30	32.41	32.91	33.48	33.92	34.01	33.90	34.06	34.17	33.96	33.97	33.99	34.00	33.80	33.88	33.98	33.87	33.93	34.00	34.08	34.20	34.20	34.12	34.08	34.06	34.04	32.97	




Read count (%) per base for different quality score ranges

	RMB_8933_Cyrtodactylus_gubaot_Leyte_R1.fq
Ranges	0-10	11-20	21-30	31-40
Base
1	0.00	0.34	0.47	99.18
2	0.00	0.14	0.20	99.66
3	0.00	0.13	0.22	99.65
4	0.00	0.44	0.98	98.59
5	0.00	0.13	0.35	99.52
6	0.00	0.08	0.22	99.70
7	0.01	0.46	0.96	98.58
8	0.00	0.65	0.72	98.63
9	0.03	0.95	1.55	97.48
10	0.02	1.22	1.71	97.06
11	0.01	1.10	1.31	97.58
12	0.01	0.68	1.15	98.16
13	0.03	0.85	1.85	97.26
14	0.02	1.02	1.68	97.27
15	0.01	0.94	1.40	97.64
16	0.04	1.05	2.08	96.83
17	0.02	0.86	1.44	97.68
18	0.10	1.42	2.77	95.71
19	0.12	1.70	2.57	95.61
20	0.12	1.98	2.83	95.07
21	0.09	1.46	1.90	96.55
22	0.25	1.46	2.57	95.72
23	0.16	1.38	2.58	95.87
24	0.27	1.33	2.39	96.01
25	0.19	1.23	1.86	96.73
26	0.35	1.10	2.60	95.95
27	0.35	1.14	2.44	96.07
28	0.22	1.01	1.72	97.05
29	0.73	1.04	2.67	95.56
30	0.66	1.60	3.75	93.99
31	0.66	1.45	3.25	94.64
32	0.88	1.54	3.34	94.24
33	0.68	1.86	3.85	93.60
34	0.62	1.51	3.23	94.64
35	0.29	1.21	2.39	96.11
36	0.55	1.11	3.46	94.89
37	0.56	0.96	2.84	95.64
38	0.44	0.92	2.46	96.18
39	0.27	0.90	2.07	96.77
40	0.55	0.98	3.41	95.06
41	0.67	1.17	3.81	94.35
42	0.67	1.43	4.20	93.70
43	0.62	1.45	4.42	93.51
44	0.81	1.81	5.21	92.17
45	0.89	1.92	6.00	91.19
46	1.36	2.94	10.24	85.47
47	1.72	6.12	16.04	76.12
48	2.10	11.79	22.33	63.78
49	2.30	20.61	26.50	50.59
50	2.96	35.18	24.75	37.11
51	4.14	47.71	20.22	27.93
52	5.15	54.70	17.46	22.69
53	5.81	59.89	15.92	18.38
54	5.91	63.59	14.58	15.92
55	5.91	65.32	15.00	13.78
56	5.29	66.49	15.56	12.66
57	4.48	65.72	17.61	12.20
58	4.19	63.89	19.20	12.72
59	2.72	57.90	24.40	14.98
60	2.94	51.02	27.08	18.96
61	1.90	41.64	30.76	25.70
62	1.93	32.31	31.38	34.38
63	1.72	24.39	29.98	43.91
64	1.27	18.09	26.96	53.69
65	1.24	12.87	22.50	63.38
66	1.34	9.99	19.34	69.33
67	1.09	7.50	16.87	74.54
68	0.98	5.89	14.80	78.34
69	1.00	5.06	13.48	80.46
70	0.90	4.16	18.07	76.88
71	1.05	4.17	13.75	81.02
72	0.75	3.98	11.86	83.41
73	0.61	3.61	10.29	85.49
74	0.67	3.44	9.99	85.90
75	0.74	3.45	10.53	85.28
76	0.65	3.01	9.92	86.43
77	0.67	2.67	9.33	87.32
78	0.78	2.86	10.07	86.28
79	0.78	2.83	9.92	86.48
80	0.74	2.71	9.84	86.71
81	0.75	2.48	9.75	87.02
82	0.78	2.82	10.36	86.04
83	0.76	2.85	9.70	86.68
84	0.76	2.64	9.32	87.29
85	0.80	2.63	9.76	86.82
86	0.77	2.57	9.44	87.23
87	0.78	2.43	9.19	87.60
88	0.75	2.20	8.90	88.14
89	0.68	2.06	8.26	89.00
90	0.73	1.99	8.11	89.17
91	0.78	2.10	8.30	88.82
92	0.77	2.20	8.53	88.50
93	0.78	2.22	8.52	88.48
94	0.81	2.21	8.49	88.49
95	1.33	3.29	12.49	82.89




