Parameters
	Library type	Single-end
	Input file	/Volumes/wdhd/users/joaks1/projects/gekgo/data/genomes/msg/plate1/demultiplexed-raw/fastq/RMB_13670_Cyrtodactylus_philippinicus_Luzon_R1.fq
	Primer/Adaptor library	NA
	Cut-off read length for HQ	70%
	Cut-off quality score	20
	Only statistics	On
	Number of processes	2


QC statistics
	File name	RMB_13670_Cyrtodactylus_philippinicus_Luzon_R1.fq
	Total number of reads	302791
	Total number of HQ reads	295579
	Percentage of HQ reads	97.62%
	Total number of bases	28765145
	Total number of bases in HQ reads	28080005
	Total number of HQ bases in HQ reads	25081907
	Percentage of HQ bases in HQ reads	89.32%
	Number of Primer/Adaptor contaminated HQ reads	NA
	Total number of HQ filtered reads	295579
	Percentage of HQ filtered reads	97.62%


Detailed QC statistics
	File name	RMB_13670_Cyrtodactylus_philippinicus_Luzon_R1.fq
	Minimum read length	95
	Maximum read length	95
	Average read length	95.00
	Total number of reads	302791
	Total number of reads with non-ATGC bases	155
	Percentage of reads with non-ATGC bases	0.05%
	Total number of bases	28765145
	Total number of HQ bases	25493177
	Percentage of HQ bases	88.63%
	Total number of non-ATGC bases	762
	Percentage of non-ATGC bases	0.00%


Average quality score at each base position of input reads

RMB_13670_Cyrtodactylus_philippinicus_Luzon_R1.fq
35.51	35.31	36.77	36.15	36.83	36.88	36.66	39.03	38.27	37.89	38.05	38.35	38.04	37.94	37.95	37.45	37.75	37.20	37.13	36.96	37.45	36.82	36.91	36.97	37.36	37.12	37.16	37.60	36.66	36.30	36.55	36.59	36.36	36.63	37.11	36.64	36.92	37.25	37.52	36.69	36.53	36.43	36.36	36.03	35.67	34.22	32.38	30.04	27.42	24.49	22.04	20.62	19.52	18.91	18.52	18.39	18.57	18.79	19.91	20.96	22.72	24.60	26.48	28.34	30.10	31.18	32.18	32.83	33.18	32.31	32.79	33.37	33.80	33.88	33.78	33.95	34.05	33.84	33.85	33.89	33.92	33.72	33.79	33.87	33.74	33.81	33.89	33.99	34.11	34.10	34.01	33.96	33.95	33.93	32.86	




Read count (%) per base for different quality score ranges

	RMB_13670_Cyrtodactylus_philippinicus_Luzon_R1.fq
Ranges	0-10	11-20	21-30	31-40
Base
1	0.00	0.89	1.27	97.84
2	0.00	0.26	0.43	99.30
3	0.00	0.26	0.33	99.41
4	0.00	0.58	1.14	98.29
5	0.00	0.22	0.39	99.38
6	0.00	0.16	0.29	99.55
7	0.01	0.53	1.04	98.42
8	0.00	0.73	0.78	98.48
9	0.04	1.09	1.70	97.17
10	0.03	1.32	1.84	96.82
11	0.02	1.15	1.41	97.42
12	0.01	0.75	1.26	97.98
13	0.04	0.92	1.98	97.06
14	0.03	1.10	1.71	97.16
15	0.02	1.01	1.49	97.48
16	0.05	1.17	2.18	96.60
17	0.03	0.94	1.56	97.47
18	0.11	1.53	2.87	95.49
19	0.14	1.84	2.68	95.34
20	0.14	2.09	3.01	94.76
21	0.10	1.56	2.09	96.25
22	0.26	1.60	2.70	95.44
23	0.19	1.52	2.69	95.59
24	0.32	1.46	2.52	95.70
25	0.21	1.32	1.98	96.49
26	0.42	1.23	2.74	95.62
27	0.38	1.26	2.56	95.81
28	0.26	1.12	1.85	96.77
29	0.79	1.11	2.83	95.27
30	0.77	1.68	3.87	93.68
31	0.75	1.55	3.39	94.32
32	0.97	1.66	3.46	93.91
33	0.79	2.04	4.09	93.08
34	0.70	1.60	3.40	94.31
35	0.37	1.27	2.48	95.87
36	0.65	1.22	3.67	94.46
37	0.67	1.05	3.02	95.26
38	0.53	0.99	2.65	95.83
39	0.35	1.01	2.23	96.41
40	0.65	1.10	3.69	94.56
41	0.74	1.32	3.98	93.96
42	0.76	1.54	4.44	93.26
43	0.74	1.60	4.66	92.99
44	0.88	2.00	5.43	91.69
45	1.01	2.04	6.18	90.77
46	1.49	3.12	10.44	84.96
47	1.92	6.32	16.34	75.41
48	2.30	12.07	22.43	63.20
49	2.62	21.01	26.28	50.08
50	3.30	35.07	24.55	37.08
51	4.55	47.84	19.86	27.76
52	5.71	54.54	17.33	22.42
53	6.31	59.99	15.78	17.92
54	6.43	63.75	14.12	15.70
55	6.31	65.37	14.82	13.50
56	5.77	66.27	15.57	12.38
57	4.79	65.50	17.71	11.99
58	4.58	63.94	19.09	12.39
59	2.90	57.77	24.40	14.93
60	3.15	50.91	26.98	18.96
61	2.04	41.98	30.60	25.38
62	2.08	32.57	31.27	34.09
63	1.89	24.78	29.95	43.37
64	1.41	18.55	27.04	52.99
65	1.39	13.10	22.82	62.69
66	1.44	10.28	19.50	68.79
67	1.18	7.76	17.02	74.04
68	1.10	6.09	15.03	77.77
69	1.10	5.32	13.72	79.85
70	0.97	4.35	18.36	76.32
71	1.18	4.39	14.06	80.38
72	0.82	4.24	12.15	82.79
73	0.69	3.84	10.60	84.86
74	0.77	3.71	10.29	85.23
75	0.83	3.65	10.89	84.63
76	0.74	3.26	10.12	85.88
77	0.77	2.93	9.67	86.63
78	0.88	3.07	10.36	85.68
79	0.85	3.12	10.21	85.82
80	0.77	2.95	10.09	86.19
81	0.80	2.68	9.94	86.58
82	0.87	3.02	10.49	85.62
83	0.83	3.03	9.98	86.15
84	0.82	2.89	9.55	86.74
85	0.90	2.89	10.03	86.18
86	0.85	2.73	9.81	86.61
87	0.86	2.60	9.46	87.09
88	0.83	2.33	9.11	87.74
89	0.78	2.17	8.36	88.69
90	0.82	2.17	8.41	88.59
91	0.85	2.34	8.56	88.24
92	0.84	2.41	8.88	87.87
93	0.83	2.39	8.97	87.81
94	0.90	2.42	8.74	87.94
95	1.41	3.54	12.73	82.32




