Parameters
	Library type	Single-end
	Input file	/Volumes/wdhd/users/joaks1/projects/gekgo/data/genomes/msg/plate1/demultiplexed-raw/fastq/RMB_13571_Cyrtodactylus_philippinicus_Luzon_R1.fq
	Primer/Adaptor library	NA
	Cut-off read length for HQ	70%
	Cut-off quality score	20
	Only statistics	On
	Number of processes	2


QC statistics
	File name	RMB_13571_Cyrtodactylus_philippinicus_Luzon_R1.fq
	Total number of reads	119734
	Total number of HQ reads	117216
	Percentage of HQ reads	97.90%
	Total number of bases	11374730
	Total number of bases in HQ reads	11135520
	Total number of HQ bases in HQ reads	9947134
	Percentage of HQ bases in HQ reads	89.33%
	Number of Primer/Adaptor contaminated HQ reads	NA
	Total number of HQ filtered reads	117216
	Percentage of HQ filtered reads	97.90%


Detailed QC statistics
	File name	RMB_13571_Cyrtodactylus_philippinicus_Luzon_R1.fq
	Minimum read length	95
	Maximum read length	95
	Average read length	95.00
	Total number of reads	119734
	Total number of reads with non-ATGC bases	41
	Percentage of reads with non-ATGC bases	0.03%
	Total number of bases	11374730
	Total number of HQ bases	10091291
	Percentage of HQ bases	88.72%
	Total number of non-ATGC bases	150
	Percentage of non-ATGC bases	0.00%


Average quality score at each base position of input reads

RMB_13571_Cyrtodactylus_philippinicus_Luzon_R1.fq
35.71	35.52	36.80	36.25	36.85	36.90	36.66	39.03	38.29	37.88	38.03	38.33	37.77	37.76	37.90	37.44	37.73	37.18	37.09	36.95	37.44	36.79	36.86	36.95	37.34	37.09	37.12	37.59	36.63	36.31	36.53	36.57	36.35	36.61	37.07	36.63	36.93	37.24	37.49	36.65	36.46	36.34	36.30	35.91	35.54	34.05	32.21	29.73	27.14	24.25	21.95	20.50	19.44	18.83	18.48	18.39	18.57	18.79	19.78	20.86	22.62	24.47	26.38	28.18	29.89	30.97	31.94	32.60	32.91	32.02	32.51	33.15	33.58	33.70	33.61	33.80	33.91	33.74	33.76	33.82	33.87	33.69	33.75	33.85	33.74	33.78	33.87	33.98	34.12	34.13	34.06	34.01	34.01	34.00	32.91	




Read count (%) per base for different quality score ranges

	RMB_13571_Cyrtodactylus_philippinicus_Luzon_R1.fq
Ranges	0-10	11-20	21-30	31-40
Base
1	0.07	0.62	1.23	98.08
2	0.02	0.13	0.42	99.43
3	0.00	0.14	0.30	99.56
4	0.00	0.49	1.15	98.36
5	0.00	0.12	0.41	99.47
6	0.00	0.08	0.27	99.65
7	0.01	0.49	1.01	98.49
8	0.00	0.67	0.77	98.56
9	0.03	1.00	1.68	97.29
10	0.02	1.28	1.82	96.89
11	0.01	1.16	1.41	97.42
12	0.01	0.74	1.23	98.02
13	0.04	0.89	2.00	97.07
14	0.03	1.03	1.78	97.17
15	0.02	0.98	1.43	97.57
16	0.06	1.09	2.25	96.60
17	0.03	0.90	1.53	97.54
18	0.14	1.42	2.91	95.54
19	0.22	1.64	2.73	95.40
20	0.20	2.03	2.93	94.84
21	0.14	1.48	2.01	96.37
22	0.44	1.36	2.69	95.50
23	0.30	1.42	2.78	95.50
24	0.45	1.29	2.53	95.74
25	0.25	1.30	1.92	96.53
26	0.46	1.19	2.74	95.62
27	0.40	1.24	2.66	95.69
28	0.25	1.10	1.85	96.79
29	0.78	1.12	2.86	95.24
30	0.68	1.61	3.93	93.78
31	0.69	1.53	3.49	94.28
32	0.90	1.66	3.64	93.81
33	0.70	1.95	4.14	93.21
34	0.65	1.57	3.44	94.34
35	0.30	1.31	2.64	95.76
36	0.61	1.19	3.81	94.40
37	0.60	0.97	3.08	95.34
38	0.45	0.96	2.76	95.82
39	0.27	0.94	2.50	96.29
40	0.58	1.11	3.95	94.36
41	0.69	1.28	4.47	93.56
42	0.75	1.51	4.90	92.84
43	0.67	1.54	5.22	92.57
44	0.89	1.94	6.11	91.06
45	0.93	2.07	7.18	89.81
46	1.47	3.10	12.03	83.40
47	1.89	6.22	18.31	73.57
48	2.20	12.26	25.36	60.18
49	2.60	20.92	29.49	46.99
50	3.31	35.23	26.75	34.71
51	4.60	47.31	21.91	26.18
52	5.73	54.55	18.81	20.91
53	6.43	59.71	17.03	16.84
54	6.46	63.67	15.05	14.82
55	6.46	65.03	15.54	12.97
56	5.72	66.03	16.19	12.07
57	4.86	65.24	18.07	11.83
58	4.67	63.54	19.58	12.20
59	3.10	58.05	24.54	14.31
60	3.16	51.18	27.25	18.40
61	2.14	41.84	31.36	24.66
62	2.20	32.56	31.73	33.52
63	1.89	24.75	30.35	43.01
64	1.44	18.63	27.49	52.44
65	1.40	13.12	23.49	61.98
66	1.43	10.14	20.09	68.33
67	1.20	7.62	17.60	73.58
68	1.05	6.03	15.44	77.49
69	1.09	5.11	14.53	79.27
70	0.99	4.25	19.59	75.17
71	1.18	4.30	14.85	79.68
72	0.81	4.00	12.79	82.41
73	0.68	3.72	11.04	84.57
74	0.73	3.56	10.76	84.95
75	0.83	3.51	11.42	84.23
76	0.70	3.18	10.71	85.40
77	0.75	2.79	10.04	86.42
78	0.85	2.90	10.57	85.68
79	0.84	2.90	10.46	85.80
80	0.76	2.81	10.23	86.21
81	0.75	2.48	10.30	86.47
82	0.82	2.82	10.66	85.70
83	0.79	2.92	9.99	86.30
84	0.78	2.71	9.56	86.95
85	0.87	2.67	10.01	86.44
86	0.83	2.72	9.67	86.78
87	0.80	2.54	9.51	87.16
88	0.76	2.24	9.22	87.78
89	0.74	2.01	8.44	88.81
90	0.81	2.01	8.08	89.10
91	0.86	2.15	8.29	88.70
92	0.85	2.29	8.49	88.38
93	0.83	2.25	8.54	88.38
94	0.85	2.26	8.47	88.42
95	1.37	3.50	12.45	82.68




