Parameters
	Library type	Single-end
	Input file	/Volumes/wdhd/users/joaks1/projects/gekgo/data/genomes/msg/plate1/demultiplexed-raw/fastq/RMB_14249_Cyrtodactylus_philippinicus_Luzon_R1.fq
	Primer/Adaptor library	NA
	Cut-off read length for HQ	70%
	Cut-off quality score	20
	Only statistics	On
	Number of processes	2


QC statistics
	File name	RMB_14249_Cyrtodactylus_philippinicus_Luzon_R1.fq
	Total number of reads	29584
	Total number of HQ reads	29004
	Percentage of HQ reads	98.04%
	Total number of bases	2810480
	Total number of bases in HQ reads	2755380
	Total number of HQ bases in HQ reads	2469907
	Percentage of HQ bases in HQ reads	89.64%
	Number of Primer/Adaptor contaminated HQ reads	NA
	Total number of HQ filtered reads	29004
	Percentage of HQ filtered reads	98.04%


Detailed QC statistics
	File name	RMB_14249_Cyrtodactylus_philippinicus_Luzon_R1.fq
	Minimum read length	95
	Maximum read length	95
	Average read length	95.00
	Total number of reads	29584
	Total number of reads with non-ATGC bases	8
	Percentage of reads with non-ATGC bases	0.03%
	Total number of bases	2810480
	Total number of HQ bases	2503350
	Percentage of HQ bases	89.07%
	Total number of non-ATGC bases	26
	Percentage of non-ATGC bases	0.00%


Average quality score at each base position of input reads

RMB_14249_Cyrtodactylus_philippinicus_Luzon_R1.fq
36.62	35.83	36.87	36.24	36.90	36.94	36.72	39.12	38.39	38.03	38.19	38.49	38.32	38.30	38.35	37.92	38.13	37.49	37.31	37.18	37.64	37.04	37.09	37.14	37.50	37.31	37.33	37.79	36.83	36.53	36.75	36.78	36.61	36.83	37.28	36.84	37.13	37.47	37.71	36.97	36.87	36.81	36.77	36.41	36.01	34.70	32.99	30.70	28.08	25.03	22.51	20.87	19.85	19.14	18.73	18.55	18.81	18.88	20.04	21.22	23.14	25.08	27.10	28.87	30.57	31.67	32.69	33.36	33.63	32.74	33.29	33.93	34.35	34.40	34.29	34.42	34.45	34.29	34.23	34.26	34.32	34.09	34.18	34.20	34.07	34.10	34.19	34.24	34.32	34.30	34.22	34.19	34.15	34.10	33.05	




Read count (%) per base for different quality score ranges

	RMB_14249_Cyrtodactylus_philippinicus_Luzon_R1.fq
Ranges	0-10	11-20	21-30	31-40
Base
1	0.00	0.33	0.34	99.33
2	0.00	0.15	0.17	99.68
3	0.00	0.12	0.17	99.71
4	0.00	0.35	0.93	98.72
5	0.00	0.11	0.18	99.72
6	0.00	0.07	0.13	99.80
7	0.01	0.41	0.83	98.75
8	0.00	0.61	0.68	98.72
9	0.03	0.83	1.48	97.66
10	0.02	1.09	1.55	97.34
11	0.01	0.96	1.12	97.90
12	0.00	0.55	1.13	98.32
13	0.02	0.66	1.62	97.70
14	0.01	0.90	1.44	97.65
15	0.01	0.88	1.05	98.06
16	0.04	0.92	1.88	97.16
17	0.03	0.83	1.17	97.97
18	0.05	1.40	2.35	96.20
19	0.10	1.70	2.46	95.74
20	0.07	1.87	2.69	95.37
21	0.02	1.39	1.67	96.92
22	0.10	1.41	2.40	96.09
23	0.06	1.30	2.38	96.25
24	0.15	1.39	2.18	96.28
25	0.10	1.27	1.73	96.90
26	0.20	1.07	2.57	96.17
27	0.22	1.16	2.26	96.35
28	0.10	0.95	1.62	97.33
29	0.47	1.02	2.66	95.84
30	0.49	1.55	3.44	94.51
31	0.52	1.40	3.03	95.05
32	0.88	1.48	2.94	94.71
33	0.58	1.74	3.51	94.17
34	0.53	1.39	3.04	95.05
35	0.22	1.13	2.21	96.44
36	0.46	1.14	3.20	95.20
37	0.54	0.86	2.45	96.15
38	0.35	0.85	2.16	96.64
39	0.22	0.90	1.84	97.04
40	0.44	0.94	2.94	95.69
41	0.56	1.11	3.23	95.10
42	0.61	1.25	3.55	94.60
43	0.62	1.29	3.52	94.57
44	0.80	1.63	4.40	93.18
45	0.91	1.72	5.12	92.25
46	1.20	2.65	8.59	87.57
47	1.60	6.15	13.14	79.12
48	2.12	11.33	18.96	67.60
49	2.38	19.57	23.68	54.37
50	2.83	34.00	23.02	40.15
51	4.19	46.94	17.97	30.90
52	5.35	54.62	15.65	24.37
53	6.21	58.96	14.72	20.11
54	6.25	63.26	13.03	17.46
55	6.14	65.11	13.65	15.10
56	5.59	66.07	14.90	13.44
57	4.58	64.93	16.99	13.50
58	4.63	63.77	18.16	13.44
59	2.84	57.28	24.06	15.81
60	3.15	49.62	26.85	20.37
61	1.97	40.25	30.11	27.67
62	2.00	31.45	29.64	36.91
63	1.75	23.06	28.72	46.46
64	1.33	17.51	25.68	55.49
65	1.30	12.64	21.08	64.98
66	1.34	9.76	18.32	70.59
67	1.16	7.38	15.60	75.86
68	1.08	5.74	13.55	79.63
69	1.18	5.18	12.50	81.14
70	0.95	4.12	16.85	78.08
71	1.02	4.17	12.95	81.86
72	0.64	3.96	10.87	84.53
73	0.72	3.54	9.40	86.35
74	0.68	3.62	8.94	86.76
75	0.69	3.41	9.84	86.06
76	0.71	3.02	9.00	87.27
77	0.72	2.91	8.48	87.89
78	0.77	2.97	8.87	87.38
79	0.72	2.98	9.09	87.21
80	0.64	2.75	9.12	87.49
81	0.65	2.46	8.66	88.23
82	0.78	2.72	9.34	87.16
83	0.70	2.79	8.68	87.83
84	0.73	2.56	8.56	88.14
85	0.73	2.59	9.03	87.65
86	0.68	2.60	8.79	87.93
87	0.66	2.22	8.68	88.44
88	0.68	2.07	8.48	88.76
89	0.65	1.95	7.86	89.55
90	0.69	1.95	7.75	89.61
91	0.72	2.06	7.91	89.31
92	0.69	2.19	8.09	89.03
93	0.66	2.11	8.37	88.86
94	0.78	2.07	8.53	88.63
95	1.32	2.94	12.65	83.09




