Parameters
	Library type	Single-end
	Input file	/Volumes/wdhd/users/joaks1/projects/gekgo/data/genomes/msg/plate1/demultiplexed-raw/fastq/RMB_14310_Cyrtodactylus_philippinicus_Luzon_R1.fq
	Primer/Adaptor library	NA
	Cut-off read length for HQ	70%
	Cut-off quality score	20
	Only statistics	On
	Number of processes	2


QC statistics
	File name	RMB_14310_Cyrtodactylus_philippinicus_Luzon_R1.fq
	Total number of reads	355472
	Total number of HQ reads	348005
	Percentage of HQ reads	97.90%
	Total number of bases	33769840
	Total number of bases in HQ reads	33060475
	Total number of HQ bases in HQ reads	29582323
	Percentage of HQ bases in HQ reads	89.48%
	Number of Primer/Adaptor contaminated HQ reads	NA
	Total number of HQ filtered reads	348005
	Percentage of HQ filtered reads	97.90%


Detailed QC statistics
	File name	RMB_14310_Cyrtodactylus_philippinicus_Luzon_R1.fq
	Minimum read length	95
	Maximum read length	95
	Average read length	95.00
	Total number of reads	355472
	Total number of reads with non-ATGC bases	155
	Percentage of reads with non-ATGC bases	0.04%
	Total number of bases	33769840
	Total number of HQ bases	30008272
	Percentage of HQ bases	88.86%
	Total number of non-ATGC bases	706
	Percentage of non-ATGC bases	0.00%


Average quality score at each base position of input reads

RMB_14310_Cyrtodactylus_philippinicus_Luzon_R1.fq
36.75	36.10	36.83	36.32	36.86	36.91	36.68	39.08	38.35	37.96	38.11	38.40	37.99	37.87	37.99	37.53	37.83	37.28	37.17	37.04	37.52	36.90	36.97	37.05	37.44	37.20	37.24	37.68	36.75	36.42	36.65	36.70	36.48	36.72	37.20	36.75	37.03	37.35	37.60	36.78	36.62	36.51	36.45	36.08	35.73	34.29	32.41	30.09	27.48	24.59	22.20	20.72	19.61	18.96	18.58	18.45	18.65	18.88	19.92	20.97	22.81	24.68	26.58	28.43	30.15	31.22	32.18	32.82	33.17	32.29	32.78	33.37	33.82	33.91	33.81	33.98	34.08	33.90	33.90	33.92	33.95	33.80	33.86	33.96	33.85	33.92	34.01	34.10	34.21	34.20	34.12	34.09	34.07	34.07	32.96	




Read count (%) per base for different quality score ranges

	RMB_14310_Cyrtodactylus_philippinicus_Luzon_R1.fq
Ranges	0-10	11-20	21-30	31-40
Base
1	0.00	0.56	0.41	99.03
2	0.00	0.23	0.27	99.51
3	0.00	0.23	0.22	99.55
4	0.00	0.43	0.98	98.59
5	0.00	0.17	0.30	99.53
6	0.00	0.11	0.23	99.66
7	0.01	0.49	0.93	98.57
8	0.00	0.67	0.72	98.61
9	0.03	1.01	1.56	97.40
10	0.02	1.25	1.68	97.05
11	0.02	1.10	1.30	97.58
12	0.01	0.71	1.15	98.12
13	0.03	0.86	1.85	97.26
14	0.02	1.01	1.60	97.37
15	0.01	0.91	1.39	97.69
16	0.04	1.02	2.03	96.91
17	0.02	0.87	1.40	97.71
18	0.11	1.42	2.72	95.75
19	0.15	1.72	2.66	95.48
20	0.14	1.97	2.80	95.09
21	0.11	1.45	1.85	96.59
22	0.28	1.42	2.50	95.81
23	0.19	1.39	2.58	95.84
24	0.33	1.28	2.37	96.01
25	0.21	1.20	1.84	96.76
26	0.38	1.07	2.59	95.95
27	0.34	1.08	2.47	96.10
28	0.22	1.04	1.71	97.02
29	0.73	1.02	2.69	95.57
30	0.65	1.55	3.69	94.11
31	0.64	1.43	3.30	94.63
32	0.87	1.54	3.30	94.29
33	0.68	1.86	3.90	93.56
34	0.61	1.51	3.29	94.59
35	0.29	1.18	2.42	96.11
36	0.51	1.11	3.58	94.81
37	0.55	0.94	2.87	95.63
38	0.44	0.89	2.52	96.16
39	0.28	0.89	2.18	96.65
40	0.54	1.04	3.52	94.90
41	0.65	1.19	3.97	94.19
42	0.66	1.45	4.35	93.54
43	0.63	1.43	4.70	93.24
44	0.80	1.85	5.51	91.84
45	0.88	1.91	6.35	90.86
46	1.30	2.96	10.80	84.94
47	1.76	6.16	16.95	75.13
48	2.13	11.76	23.17	62.93
49	2.34	20.51	27.61	49.54
50	2.99	34.54	25.66	36.80
51	4.15	47.28	20.70	27.87
52	5.25	54.40	18.11	22.23
53	5.88	59.89	16.50	17.73
54	6.06	63.78	14.60	15.55
55	5.89	65.58	15.08	13.45
56	5.47	66.11	16.12	12.29
57	4.47	65.35	18.12	12.06
58	4.39	63.64	19.46	12.51
59	2.84	57.64	24.71	14.81
60	3.03	50.89	27.21	18.87
61	1.96	41.55	30.85	25.64
62	1.96	32.12	31.59	34.33
63	1.77	24.37	30.10	43.77
64	1.31	18.21	26.96	53.52
65	1.28	12.92	22.66	63.15
66	1.37	9.97	19.52	69.15
67	1.12	7.60	16.92	74.36
68	1.04	5.98	14.86	78.11
69	1.06	5.14	13.65	80.15
70	0.96	4.27	18.14	76.62
71	1.07	4.26	14.04	80.63
72	0.77	4.05	12.02	83.16
73	0.67	3.69	10.28	85.36
74	0.70	3.56	10.03	85.71
75	0.77	3.51	10.70	85.02
76	0.70	3.12	9.93	86.25
77	0.73	2.83	9.46	86.98
78	0.81	2.91	10.18	86.10
79	0.77	2.95	10.05	86.22
80	0.75	2.83	9.91	86.52
81	0.76	2.58	9.80	86.87
82	0.82	2.83	10.23	86.12
83	0.79	2.91	9.64	86.66
84	0.75	2.70	9.33	87.22
85	0.85	2.70	9.67	86.77
86	0.78	2.59	9.33	87.30
87	0.80	2.46	8.98	87.77
88	0.77	2.20	8.67	88.36
89	0.71	2.03	8.04	89.21
90	0.78	2.05	7.94	89.22
91	0.82	2.15	8.21	88.82
92	0.79	2.25	8.46	88.51
93	0.79	2.27	8.34	88.60
94	0.82	2.22	8.31	88.64
95	1.37	3.43	12.32	82.88




