Parameters
	Library type	Single-end
	Input file	/Volumes/wdhd/users/joaks1/projects/gekgo/data/genomes/msg/plate1/demultiplexed-raw/fastq/RMB_5811_Cyrtodactylus_philippinicus_CamiguinNorte_R1.fq
	Primer/Adaptor library	NA
	Cut-off read length for HQ	70%
	Cut-off quality score	20
	Only statistics	On
	Number of processes	2


QC statistics
	File name	RMB_5811_Cyrtodactylus_philippinicus_CamiguinNorte_R1.fq
	Total number of reads	788803
	Total number of HQ reads	772624
	Percentage of HQ reads	97.95%
	Total number of bases	74936285
	Total number of bases in HQ reads	73399280
	Total number of HQ bases in HQ reads	65788144
	Percentage of HQ bases in HQ reads	89.63%
	Number of Primer/Adaptor contaminated HQ reads	NA
	Total number of HQ filtered reads	772624
	Percentage of HQ filtered reads	97.95%


Detailed QC statistics
	File name	RMB_5811_Cyrtodactylus_philippinicus_CamiguinNorte_R1.fq
	Minimum read length	95
	Maximum read length	95
	Average read length	95.00
	Total number of reads	788803
	Total number of reads with non-ATGC bases	391
	Percentage of reads with non-ATGC bases	0.05%
	Total number of bases	74936285
	Total number of HQ bases	66719159
	Percentage of HQ bases	89.03%
	Total number of non-ATGC bases	2008
	Percentage of non-ATGC bases	0.00%


Average quality score at each base position of input reads

RMB_5811_Cyrtodactylus_philippinicus_CamiguinNorte_R1.fq
36.71	36.53	36.88	36.27	36.87	36.92	36.71	39.13	38.41	38.00	38.16	38.45	38.29	38.28	38.31	37.88	38.09	37.42	37.32	37.12	37.58	36.99	37.05	37.13	37.48	37.28	37.32	37.74	36.82	36.49	36.73	36.77	36.57	36.80	37.29	36.87	37.14	37.45	37.73	36.98	36.84	36.74	36.70	36.34	36.02	34.68	32.94	30.65	28.03	25.05	22.58	21.03	19.99	19.31	18.86	18.72	18.90	19.11	20.14	21.24	23.06	25.00	26.92	28.78	30.55	31.64	32.67	33.40	33.77	32.86	33.37	33.93	34.34	34.43	34.31	34.43	34.49	34.26	34.23	34.25	34.26	34.07	34.13	34.19	34.06	34.09	34.16	34.25	34.35	34.34	34.25	34.20	34.18	34.16	33.10	




Read count (%) per base for different quality score ranges

	RMB_5811_Cyrtodactylus_philippinicus_CamiguinNorte_R1.fq
Ranges	0-10	11-20	21-30	31-40
Base
1	0.00	0.32	0.33	99.35
2	0.00	0.13	0.13	99.74
3	0.00	0.12	0.20	99.69
4	0.00	0.44	1.02	98.55
5	0.00	0.12	0.33	99.54
6	0.00	0.07	0.21	99.71
7	0.01	0.43	0.87	98.70
8	0.00	0.60	0.65	98.75
9	0.03	0.90	1.49	97.58
10	0.02	1.21	1.63	97.14
11	0.01	1.04	1.26	97.69
12	0.01	0.69	1.10	98.21
13	0.03	0.79	1.74	97.45
14	0.02	0.96	1.57	97.45
15	0.01	0.92	1.36	97.72
16	0.03	1.04	2.05	96.88
17	0.02	0.86	1.39	97.73
18	0.08	1.41	2.70	95.81
19	0.10	1.72	2.54	95.64
20	0.09	2.01	2.81	95.09
21	0.06	1.50	1.89	96.56
22	0.14	1.54	2.51	95.80
23	0.10	1.48	2.56	95.86
24	0.15	1.43	2.34	96.08
25	0.11	1.29	1.85	96.75
26	0.20	1.25	2.51	96.04
27	0.21	1.22	2.35	96.22
28	0.16	1.08	1.68	97.08
29	0.54	1.19	2.60	95.67
30	0.57	1.62	3.58	94.23
31	0.60	1.46	3.10	94.85
32	0.83	1.55	3.19	94.43
33	0.64	1.84	3.69	93.82
34	0.61	1.47	3.07	94.85
35	0.27	1.19	2.18	96.36
36	0.51	1.09	3.19	95.21
37	0.53	0.91	2.58	95.98
38	0.42	0.89	2.24	96.45
39	0.24	0.91	1.92	96.93
40	0.51	0.94	2.96	95.58
41	0.62	1.15	3.34	94.89
42	0.63	1.37	3.69	94.31
43	0.59	1.40	3.78	94.23
44	0.74	1.78	4.55	92.93
45	0.83	1.84	5.05	92.28
46	1.26	2.85	8.46	87.43
47	1.60	5.86	13.75	78.79
48	1.94	11.47	19.50	67.09
49	2.13	20.31	23.58	53.97
50	2.74	34.37	22.27	40.61
51	3.87	47.24	17.85	31.04
52	4.79	54.73	15.57	24.91
53	5.35	59.70	14.45	20.50
54	5.53	63.55	13.07	17.85
55	5.51	65.38	13.63	15.47
56	4.91	66.19	14.81	14.09
57	4.10	65.35	16.73	13.82
58	3.88	63.68	18.38	14.06
59	2.53	57.70	23.26	16.50
60	2.66	50.67	26.15	20.52
61	1.76	41.33	29.58	27.34
62	1.80	31.70	30.40	36.10
63	1.60	24.07	28.84	45.49
64	1.17	17.98	25.93	54.91
65	1.18	12.69	21.69	64.44
66	1.28	9.86	18.51	70.35
67	1.04	7.43	15.92	75.62
68	0.92	5.79	13.74	79.54
69	0.96	5.02	12.42	81.60
70	0.88	4.03	16.54	78.55
71	1.02	4.09	12.62	82.28
72	0.72	3.91	10.93	84.44
73	0.61	3.61	9.52	86.27
74	0.65	3.44	9.15	86.76
75	0.73	3.41	9.60	86.27
76	0.65	3.01	9.07	87.28
77	0.66	2.72	8.58	88.05
78	0.76	2.87	9.24	87.13
79	0.74	2.90	9.12	87.25
80	0.69	2.74	9.07	87.49
81	0.70	2.50	8.94	87.85
82	0.76	2.75	9.48	87.02
83	0.73	2.82	8.86	87.59
84	0.71	2.63	8.68	87.99
85	0.78	2.60	9.15	87.46
86	0.74	2.52	8.92	87.82
87	0.73	2.36	8.70	88.21
88	0.67	2.13	8.34	88.86
89	0.66	1.96	7.74	89.65
90	0.71	1.93	7.73	89.64
91	0.75	2.04	7.96	89.25
92	0.73	2.12	8.19	88.96
93	0.72	2.13	8.17	88.98
94	0.75	2.08	8.20	88.97
95	1.25	3.10	12.20	83.46




