Parameters
	Library type	Single-end
	Input file	/Volumes/wdhd/users/joaks1/projects/gekgo/data/genomes/msg/plate1/demultiplexed-raw/fastq/RMB_8445_Cyrtodactylus_mamanwa_Dinagat_R1.fq
	Primer/Adaptor library	NA
	Cut-off read length for HQ	70%
	Cut-off quality score	20
	Only statistics	On
	Number of processes	2


QC statistics
	File name	RMB_8445_Cyrtodactylus_mamanwa_Dinagat_R1.fq
	Total number of reads	251060
	Total number of HQ reads	245831
	Percentage of HQ reads	97.92%
	Total number of bases	23850700
	Total number of bases in HQ reads	23353945
	Total number of HQ bases in HQ reads	20930001
	Percentage of HQ bases in HQ reads	89.62%
	Number of Primer/Adaptor contaminated HQ reads	NA
	Total number of HQ filtered reads	245831
	Percentage of HQ filtered reads	97.92%


Detailed QC statistics
	File name	RMB_8445_Cyrtodactylus_mamanwa_Dinagat_R1.fq
	Minimum read length	95
	Maximum read length	95
	Average read length	95.00
	Total number of reads	251060
	Total number of reads with non-ATGC bases	120
	Percentage of reads with non-ATGC bases	0.05%
	Total number of bases	23850700
	Total number of HQ bases	21230411
	Percentage of HQ bases	89.01%
	Total number of non-ATGC bases	615
	Percentage of non-ATGC bases	0.00%


Average quality score at each base position of input reads

RMB_8445_Cyrtodactylus_mamanwa_Dinagat_R1.fq
36.55	36.39	36.87	36.26	36.87	36.92	36.71	39.13	38.41	38.00	38.14	38.44	38.28	38.28	38.32	37.89	38.09	37.45	37.35	37.14	37.59	37.00	37.08	37.15	37.49	37.28	37.32	37.74	36.83	36.50	36.71	36.75	36.58	36.82	37.29	36.87	37.14	37.44	37.72	36.97	36.83	36.75	36.72	36.38	36.08	34.70	32.96	30.64	28.07	25.00	22.47	21.06	19.93	19.29	18.88	18.71	18.89	19.12	20.13	21.19	23.03	24.93	26.88	28.77	30.52	31.67	32.69	33.40	33.76	32.87	33.35	33.92	34.36	34.43	34.29	34.42	34.50	34.27	34.25	34.27	34.27	34.05	34.10	34.20	34.06	34.11	34.18	34.24	34.36	34.34	34.27	34.21	34.16	34.16	33.12	




Read count (%) per base for different quality score ranges

	RMB_8445_Cyrtodactylus_mamanwa_Dinagat_R1.fq
Ranges	0-10	11-20	21-30	31-40
Base
1	0.00	0.30	0.37	99.33
2	0.00	0.13	0.12	99.76
3	0.00	0.12	0.19	99.69
4	0.00	0.40	0.93	98.67
5	0.00	0.12	0.32	99.56
6	0.00	0.08	0.20	99.72
7	0.01	0.44	0.84	98.72
8	0.00	0.60	0.68	98.72
9	0.03	0.91	1.50	97.56
10	0.02	1.20	1.66	97.12
11	0.02	1.05	1.31	97.63
12	0.01	0.66	1.13	98.19
13	0.04	0.80	1.77	97.40
14	0.02	0.99	1.60	97.39
15	0.02	0.91	1.34	97.73
16	0.03	0.99	2.04	96.94
17	0.02	0.85	1.43	97.71
18	0.06	1.36	2.66	95.91
19	0.10	1.65	2.50	95.74
20	0.09	1.98	2.74	95.18
21	0.07	1.48	1.89	96.56
22	0.15	1.55	2.55	95.76
23	0.10	1.42	2.50	95.97
24	0.15	1.40	2.27	96.17
25	0.12	1.31	1.78	96.79
26	0.21	1.24	2.48	96.07
27	0.22	1.21	2.37	96.20
28	0.17	1.06	1.63	97.14
29	0.52	1.19	2.60	95.69
30	0.52	1.68	3.54	94.26
31	0.62	1.44	3.12	94.82
32	0.87	1.56	3.21	94.36
33	0.63	1.85	3.65	93.87
34	0.58	1.46	2.97	94.99
35	0.31	1.16	2.19	96.35
36	0.54	1.07	3.12	95.27
37	0.53	0.91	2.59	95.97
38	0.45	0.87	2.27	96.41
39	0.24	0.90	1.91	96.96
40	0.53	0.95	3.01	95.51
41	0.62	1.15	3.48	94.75
42	0.63	1.39	3.63	94.35
43	0.59	1.38	3.76	94.28
44	0.75	1.75	4.43	93.07
45	0.80	1.77	4.97	92.46
46	1.27	2.81	8.44	87.48
47	1.58	5.81	13.85	78.76
48	1.88	11.56	19.60	66.96
49	2.09	20.15	23.82	53.94
50	2.72	34.75	22.24	40.29
51	3.79	47.83	17.98	30.39
52	4.65	54.82	15.44	25.09
53	5.15	60.43	14.05	20.38
54	5.25	63.90	13.24	17.60
55	5.40	65.30	13.82	15.48
56	4.89	66.37	14.62	14.12
57	4.08	65.45	16.63	13.84
58	3.84	63.74	18.32	14.11
59	2.54	57.71	23.34	16.41
60	2.72	50.78	26.19	20.31
61	1.77	41.47	29.51	27.25
62	1.82	32.02	30.40	35.76
63	1.55	24.25	28.98	45.23
64	1.15	17.88	26.15	54.82
65	1.16	12.76	21.75	64.33
66	1.22	9.82	18.44	70.53
67	0.97	7.41	15.91	75.71
68	0.93	5.80	13.66	79.61
69	0.92	5.05	12.52	81.51
70	0.84	4.04	16.49	78.64
71	0.98	4.13	12.72	82.17
72	0.72	3.94	10.94	84.39
73	0.57	3.67	9.32	86.45
74	0.65	3.48	9.13	86.75
75	0.71	3.49	9.70	86.10
76	0.61	3.08	9.06	87.24
77	0.65	2.75	8.51	88.09
78	0.78	2.90	9.12	87.20
79	0.73	2.93	9.07	87.27
80	0.71	2.69	9.01	87.59
81	0.71	2.54	8.84	87.92
82	0.76	2.83	9.45	86.96
83	0.73	2.92	8.89	87.46
84	0.70	2.64	8.63	88.03
85	0.76	2.62	9.19	87.42
86	0.69	2.53	8.86	87.92
87	0.69	2.35	8.65	88.31
88	0.72	2.18	8.32	88.78
89	0.66	1.96	7.72	89.66
90	0.70	1.92	7.70	89.68
91	0.72	2.07	7.79	89.42
92	0.74	2.14	8.12	89.00
93	0.75	2.15	8.30	88.80
94	0.75	2.08	8.19	88.98
95	1.24	3.10	12.23	83.44




