Parameters
	Library type	Single-end
	Input file	/Volumes/wdhd/users/joaks1/projects/gekgo/data/genomes/msg/plate1/demultiplexed-raw/fastq/RMB_8932_Cyrtodactylus_gubaot_Leyte_R1.fq
	Primer/Adaptor library	NA
	Cut-off read length for HQ	70%
	Cut-off quality score	20
	Only statistics	On
	Number of processes	2


QC statistics
	File name	RMB_8932_Cyrtodactylus_gubaot_Leyte_R1.fq
	Total number of reads	1578988
	Total number of HQ reads	1544654
	Percentage of HQ reads	97.83%
	Total number of bases	150003860
	Total number of bases in HQ reads	146742130
	Total number of HQ bases in HQ reads	131203062
	Percentage of HQ bases in HQ reads	89.41%
	Number of Primer/Adaptor contaminated HQ reads	NA
	Total number of HQ filtered reads	1544654
	Percentage of HQ filtered reads	97.83%


Detailed QC statistics
	File name	RMB_8932_Cyrtodactylus_gubaot_Leyte_R1.fq
	Minimum read length	95
	Maximum read length	95
	Average read length	95.00
	Total number of reads	1578988
	Total number of reads with non-ATGC bases	731
	Percentage of reads with non-ATGC bases	0.05%
	Total number of bases	150003860
	Total number of HQ bases	133171792
	Percentage of HQ bases	88.78%
	Total number of non-ATGC bases	3779
	Percentage of non-ATGC bases	0.00%


Average quality score at each base position of input reads

RMB_8932_Cyrtodactylus_gubaot_Leyte_R1.fq
36.85	36.42	36.86	36.33	36.86	36.91	36.68	39.08	38.35	37.95	38.07	38.40	38.08	37.98	38.01	37.50	37.80	37.25	37.17	37.03	37.53	36.88	36.97	37.03	37.41	37.18	37.21	37.65	36.69	36.37	36.59	36.64	36.46	36.68	37.18	36.72	36.98	37.30	37.57	36.74	36.59	36.47	36.42	36.06	35.75	34.28	32.47	30.15	27.52	24.56	22.16	20.75	19.68	19.01	18.58	18.44	18.59	18.90	19.95	20.98	22.81	24.67	26.54	28.44	30.14	31.19	32.17	32.84	33.20	32.29	32.79	33.39	33.84	33.93	33.83	33.98	34.07	33.87	33.89	33.91	33.92	33.73	33.80	33.90	33.80	33.87	33.95	34.02	34.13	34.14	34.05	33.99	33.97	33.98	32.88	




Read count (%) per base for different quality score ranges

	RMB_8932_Cyrtodactylus_gubaot_Leyte_R1.fq
Ranges	0-10	11-20	21-30	31-40
Base
1	0.00	0.38	0.27	99.35
2	0.00	0.17	0.18	99.65
3	0.00	0.18	0.19	99.63
4	0.00	0.44	0.94	98.62
5	0.00	0.16	0.32	99.51
6	0.00	0.09	0.23	99.68
7	0.01	0.47	0.96	98.56
8	0.00	0.66	0.72	98.62
9	0.03	0.99	1.59	97.39
10	0.02	1.24	1.70	97.04
11	0.02	1.13	1.34	97.52
12	0.01	0.69	1.15	98.15
13	0.03	0.86	1.89	97.22
14	0.03	1.03	1.67	97.28
15	0.01	0.94	1.39	97.66
16	0.04	1.08	2.11	96.77
17	0.02	0.85	1.42	97.71
18	0.10	1.43	2.74	95.73
19	0.13	1.72	2.61	95.55
20	0.11	1.99	2.83	95.06
21	0.09	1.44	1.89	96.59
22	0.25	1.47	2.61	95.68
23	0.17	1.42	2.62	95.79
24	0.27	1.35	2.41	95.97
25	0.19	1.23	1.90	96.68
26	0.36	1.13	2.61	95.89
27	0.34	1.15	2.49	96.02
28	0.22	1.05	1.74	97.00
29	0.74	1.06	2.76	95.44
30	0.67	1.63	3.78	93.92
31	0.68	1.50	3.36	94.46
32	0.91	1.60	3.43	94.06
33	0.71	1.89	3.90	93.50
34	0.64	1.53	3.32	94.51
35	0.30	1.20	2.38	96.12
36	0.55	1.12	3.53	94.80
37	0.59	0.97	2.90	95.54
38	0.45	0.93	2.52	96.10
39	0.28	0.94	2.15	96.64
40	0.59	1.05	3.54	94.82
41	0.69	1.24	3.98	94.09
42	0.71	1.49	4.36	93.45
43	0.66	1.52	4.61	93.20
44	0.86	1.89	5.43	91.83
45	0.90	1.95	6.07	91.08
46	1.42	3.03	10.44	85.12
47	1.82	6.20	16.23	75.75
48	2.18	11.87	22.30	63.65
49	2.49	20.75	26.34	50.42
50	3.10	35.19	24.45	37.25
51	4.36	47.54	20.04	28.05
52	5.48	54.26	17.44	22.82
53	6.14	59.40	15.90	18.56
54	6.31	63.19	14.54	15.96
55	6.23	65.13	14.91	13.73
56	5.66	66.21	15.59	12.54
57	4.68	65.78	17.39	12.15
58	4.46	63.52	19.23	12.79
59	2.88	57.59	24.44	15.09
60	3.07	50.82	27.16	18.94
61	2.02	41.49	30.75	25.73
62	2.09	32.22	31.29	34.40
63	1.84	24.58	29.91	43.67
64	1.32	18.23	27.03	53.43
65	1.31	13.12	22.59	62.97
66	1.43	10.21	19.49	68.87
67	1.16	7.75	16.97	74.12
68	1.02	6.15	14.93	77.90
69	1.05	5.21	13.67	80.07
70	0.95	4.35	18.37	76.33
71	1.12	4.38	14.03	80.47
72	0.78	4.14	12.07	83.01
73	0.65	3.77	10.39	85.19
74	0.71	3.62	10.12	85.55
75	0.79	3.59	10.67	84.95
76	0.72	3.18	10.04	86.05
77	0.73	2.89	9.58	86.81
78	0.81	3.06	10.30	85.83
79	0.81	3.02	10.09	86.08
80	0.76	2.90	9.97	86.36
81	0.77	2.69	9.84	86.70
82	0.82	3.02	10.44	85.72
83	0.80	3.03	9.87	86.30
84	0.78	2.84	9.45	86.94
85	0.84	2.81	9.85	86.50
86	0.78	2.72	9.52	86.98
87	0.80	2.54	9.24	87.42
88	0.78	2.36	9.01	87.85
89	0.71	2.20	8.43	88.66
90	0.76	2.11	8.30	88.83
91	0.83	2.27	8.43	88.47
92	0.80	2.40	8.75	88.04
93	0.81	2.39	8.76	88.04
94	0.83	2.35	8.63	88.20
95	1.39	3.48	12.66	82.47




