Parameters
	Library type	Single-end
	Input file	/Volumes/wdhd/users/joaks1/projects/gekgo/data/genomes/msg/plate1/demultiplexed-raw/fastq/RMB_13902_Cyrtodactylus_philippinicus_Luzon_R1.fq
	Primer/Adaptor library	NA
	Cut-off read length for HQ	70%
	Cut-off quality score	20
	Only statistics	On
	Number of processes	2


QC statistics
	File name	RMB_13902_Cyrtodactylus_philippinicus_Luzon_R1.fq
	Total number of reads	352897
	Total number of HQ reads	345397
	Percentage of HQ reads	97.87%
	Total number of bases	33525215
	Total number of bases in HQ reads	32812715
	Total number of HQ bases in HQ reads	29392662
	Percentage of HQ bases in HQ reads	89.58%
	Number of Primer/Adaptor contaminated HQ reads	NA
	Total number of HQ filtered reads	345397
	Percentage of HQ filtered reads	97.87%


Detailed QC statistics
	File name	RMB_13902_Cyrtodactylus_philippinicus_Luzon_R1.fq
	Minimum read length	95
	Maximum read length	95
	Average read length	95.00
	Total number of reads	352897
	Total number of reads with non-ATGC bases	158
	Percentage of reads with non-ATGC bases	0.04%
	Total number of bases	33525215
	Total number of HQ bases	29822973
	Percentage of HQ bases	88.96%
	Total number of non-ATGC bases	1067
	Percentage of non-ATGC bases	0.00%


Average quality score at each base position of input reads

RMB_13902_Cyrtodactylus_philippinicus_Luzon_R1.fq
34.67	33.78	36.76	36.15	36.87	36.92	36.70	39.10	38.38	38.00	38.15	38.44	38.29	38.29	38.31	37.87	38.06	37.43	37.32	37.15	37.61	37.02	37.10	37.15	37.49	37.29	37.34	37.77	36.84	36.52	36.72	36.77	36.57	36.82	37.29	36.87	37.13	37.45	37.73	36.98	36.83	36.73	36.67	36.35	36.03	34.65	32.90	30.62	27.99	25.01	22.46	20.94	19.80	19.16	18.77	18.63	18.86	19.05	20.07	21.16	23.00	24.89	26.85	28.72	30.51	31.62	32.62	33.31	33.68	32.77	33.27	33.85	34.29	34.37	34.23	34.37	34.42	34.21	34.21	34.23	34.25	34.04	34.08	34.16	34.03	34.08	34.13	34.20	34.32	34.31	34.21	34.17	34.14	34.13	33.09	




Read count (%) per base for different quality score ranges

	RMB_13902_Cyrtodactylus_philippinicus_Luzon_R1.fq
Ranges	0-10	11-20	21-30	31-40
Base
1	0.00	0.68	1.81	97.50
2	0.00	0.17	0.63	99.21
3	0.00	0.14	0.28	99.58
4	0.00	0.41	1.02	98.57
5	0.00	0.13	0.32	99.55
6	0.00	0.07	0.22	99.72
7	0.01	0.45	0.91	98.63
8	0.00	0.64	0.69	98.67
9	0.03	0.94	1.51	97.53
10	0.02	1.17	1.66	97.15
11	0.01	1.05	1.25	97.69
12	0.01	0.68	1.07	98.24
13	0.03	0.76	1.69	97.52
14	0.02	0.95	1.51	97.53
15	0.01	0.89	1.29	97.81
16	0.03	0.98	1.95	97.03
17	0.01	0.84	1.32	97.82
18	0.07	1.35	2.64	95.94
19	0.10	1.65	2.51	95.73
20	0.08	1.99	2.75	95.18
21	0.07	1.46	1.84	96.64
22	0.14	1.50	2.48	95.88
23	0.10	1.38	2.45	96.07
24	0.16	1.38	2.31	96.15
25	0.12	1.27	1.82	96.79
26	0.23	1.18	2.49	96.09
27	0.22	1.20	2.27	96.32
28	0.17	1.03	1.62	97.18
29	0.56	1.08	2.53	95.84
30	0.53	1.62	3.52	94.34
31	0.60	1.45	3.13	94.82
32	0.83	1.58	3.11	94.49
33	0.66	1.85	3.70	93.79
34	0.58	1.49	3.02	94.91
35	0.27	1.18	2.16	96.39
36	0.52	1.06	3.20	95.22
37	0.55	0.93	2.60	95.92
38	0.41	0.92	2.21	96.47
39	0.26	0.91	1.90	96.94
40	0.48	0.96	2.98	95.58
41	0.62	1.15	3.32	94.91
42	0.65	1.38	3.66	94.31
43	0.61	1.41	3.87	94.12
44	0.76	1.77	4.52	92.95
45	0.84	1.80	5.09	92.27
46	1.24	2.89	8.67	87.20
47	1.62	5.87	14.01	78.50
48	1.96	11.43	19.70	66.91
49	2.13	20.35	23.95	53.57
50	2.82	34.23	22.74	40.21
51	3.91	47.58	18.21	30.30
52	4.94	54.86	15.77	24.43
53	5.49	60.40	14.45	19.66
54	5.59	64.13	13.17	17.11
55	5.50	65.69	13.89	14.92
56	5.03	66.41	14.94	13.62
57	4.19	65.30	17.02	13.49
58	3.94	63.90	18.38	13.78
59	2.61	57.81	23.47	16.10
60	2.82	50.68	26.38	20.11
61	1.81	41.42	29.80	26.97
62	1.90	32.05	30.48	35.58
63	1.64	24.18	29.08	45.10
64	1.26	17.97	26.10	54.67
65	1.27	12.70	21.66	64.37
66	1.28	9.93	18.43	70.37
67	1.04	7.53	15.95	75.47
68	0.96	5.91	13.93	79.20
69	0.99	5.08	12.68	81.25
70	0.93	4.11	16.71	78.25
71	1.02	4.26	12.79	81.92
72	0.75	4.00	11.04	84.21
73	0.64	3.66	9.47	86.22
74	0.67	3.52	9.15	86.65
75	0.75	3.47	9.82	85.97
76	0.68	3.10	9.10	87.13
77	0.72	2.82	8.68	87.78
78	0.77	2.98	9.30	86.95
79	0.77	2.95	9.05	87.24
80	0.70	2.80	9.02	87.48
81	0.70	2.57	8.93	87.80
82	0.78	2.81	9.52	86.89
83	0.74	2.92	8.98	87.35
84	0.73	2.65	8.68	87.94
85	0.79	2.67	9.20	87.34
86	0.77	2.55	8.90	87.78
87	0.77	2.43	8.77	88.03
88	0.74	2.25	8.40	88.61
89	0.67	2.00	7.85	89.47
90	0.74	1.98	7.73	89.55
91	0.78	2.20	7.90	89.12
92	0.78	2.19	8.20	88.83
93	0.79	2.21	8.25	88.75
94	0.80	2.18	8.21	88.80
95	1.31	3.07	12.27	83.36




