Parameters
	Library type	Single-end
	Input file	/Volumes/wdhd/users/joaks1/projects/gekgo/data/genomes/msg/plate1/demultiplexed-raw/fastq/RMB_9223_Cyrtodactylus_jambangan_Mindanao_R1.fq
	Primer/Adaptor library	NA
	Cut-off read length for HQ	70%
	Cut-off quality score	20
	Only statistics	On
	Number of processes	2


QC statistics
	File name	RMB_9223_Cyrtodactylus_jambangan_Mindanao_R1.fq
	Total number of reads	72436
	Total number of HQ reads	70977
	Percentage of HQ reads	97.99%
	Total number of bases	6881420
	Total number of bases in HQ reads	6742815
	Total number of HQ bases in HQ reads	6035886
	Percentage of HQ bases in HQ reads	89.52%
	Number of Primer/Adaptor contaminated HQ reads	NA
	Total number of HQ filtered reads	70977
	Percentage of HQ filtered reads	97.99%


Detailed QC statistics
	File name	RMB_9223_Cyrtodactylus_jambangan_Mindanao_R1.fq
	Minimum read length	95
	Maximum read length	95
	Average read length	95.00
	Total number of reads	72436
	Total number of reads with non-ATGC bases	47
	Percentage of reads with non-ATGC bases	0.06%
	Total number of bases	6881420
	Total number of HQ bases	6119128
	Percentage of HQ bases	88.92%
	Total number of non-ATGC bases	277
	Percentage of non-ATGC bases	0.00%


Average quality score at each base position of input reads

RMB_9223_Cyrtodactylus_jambangan_Mindanao_R1.fq
36.83	35.30	36.84	36.36	36.89	36.93	36.71	39.12	38.36	37.94	38.13	38.41	38.24	38.23	38.29	37.94	38.09	37.41	37.25	37.05	37.51	36.99	37.12	37.15	37.51	37.28	37.36	37.83	36.78	36.52	36.68	36.69	36.37	36.71	37.24	36.84	37.10	37.37	37.67	36.97	36.81	36.65	36.63	36.31	35.88	34.44	32.70	30.47	27.76	24.58	22.18	20.56	19.70	19.08	18.69	18.58	18.83	19.17	20.05	20.99	22.87	24.94	26.89	28.86	30.44	31.57	32.54	33.32	33.61	32.65	33.22	33.69	34.10	34.24	34.24	34.31	34.35	34.15	34.14	34.22	34.17	33.97	34.01	34.13	34.09	34.14	34.21	34.27	34.28	34.32	34.21	34.22	34.15	34.03	32.88	




Read count (%) per base for different quality score ranges

	RMB_9223_Cyrtodactylus_jambangan_Mindanao_R1.fq
Ranges	0-10	11-20	21-30	31-40
Base
1	0.00	0.29	0.28	99.43
2	0.00	0.15	0.30	99.54
3	0.00	0.16	0.20	99.64
4	0.00	0.38	0.74	98.88
5	0.01	0.10	0.24	99.65
6	0.00	0.07	0.16	99.76
7	0.00	0.38	0.94	98.68
8	0.00	0.59	0.73	98.68
9	0.02	0.87	1.48	97.64
10	0.02	1.28	1.62	97.08
11	0.01	0.99	1.20	97.80
12	0.01	0.68	1.09	98.21
13	0.02	0.81	1.71	97.46
14	0.02	0.97	1.55	97.46
15	0.01	0.96	1.33	97.71
16	0.01	0.98	1.85	97.15
17	0.02	0.78	1.17	98.02
18	0.06	1.36	2.54	96.04
19	0.11	1.78	2.62	95.49
20	0.10	2.04	2.83	95.04
21	0.08	1.67	1.99	96.26
22	0.14	1.47	2.38	96.01
23	0.10	1.38	2.35	96.17
24	0.16	1.33	2.20	96.31
25	0.13	1.19	1.72	96.96
26	0.21	1.19	2.36	96.24
27	0.21	1.10	2.27	96.42
28	0.16	0.88	1.51	97.45
29	0.54	1.16	2.66	95.65
30	0.54	1.54	3.42	94.51
31	0.57	1.38	3.45	94.60
32	0.85	1.62	3.40	94.12
33	0.68	2.25	4.53	92.55
34	0.53	1.53	3.63	94.31
35	0.26	1.25	2.51	95.97
36	0.51	1.13	3.35	95.01
37	0.47	0.96	2.75	95.82
38	0.45	0.81	2.36	96.37
39	0.28	0.79	1.85	97.08
40	0.50	0.86	2.91	95.73
41	0.60	1.12	3.28	95.00
42	0.62	1.37	3.76	94.26
43	0.57	1.33	3.87	94.23
44	0.80	1.68	4.38	93.13
45	0.84	1.96	5.90	91.29
46	1.26	2.98	9.66	86.10
47	1.59	6.14	14.63	77.63
48	1.92	11.72	20.22	66.15
49	2.23	20.48	25.13	52.16
50	2.74	36.67	22.03	38.57
51	4.06	48.75	18.05	29.13
52	5.73	55.62	15.61	23.04
53	5.65	60.50	14.57	19.27
54	5.77	64.28	13.10	16.85
55	5.64	65.75	14.12	14.49
56	5.10	66.73	14.51	13.66
57	4.25	65.36	17.08	13.31
58	3.94	62.80	19.31	13.95
59	2.81	57.55	23.61	16.03
60	3.45	50.72	26.15	19.68
61	1.92	41.95	29.74	26.38
62	1.79	31.91	30.53	35.77
63	1.67	23.91	29.07	45.36
64	1.16	17.24	26.21	55.38
65	1.26	12.76	21.70	64.28
66	1.34	9.88	18.32	70.46
67	1.02	7.58	16.35	75.05
68	0.92	5.71	13.89	79.47
69	1.05	4.90	12.97	81.08
70	0.84	4.33	17.66	77.18
71	1.02	4.14	12.89	81.95
72	0.70	4.24	11.62	83.43
73	0.65	3.90	10.02	85.43
74	0.68	3.64	9.43	86.24
75	0.75	3.27	9.71	86.26
76	0.70	2.86	9.58	86.86
77	0.74	2.58	9.13	87.55
78	0.76	2.79	9.64	86.82
79	0.79	2.70	9.56	86.94
80	0.76	2.52	8.91	87.81
81	0.79	2.41	8.99	87.81
82	0.77	2.75	9.75	86.73
83	0.84	2.72	9.22	87.22
84	0.80	2.53	8.72	87.95
85	0.83	2.40	8.84	87.93
86	0.78	2.39	8.65	88.18
87	0.80	2.22	8.42	88.56
88	0.77	2.06	8.13	89.04
89	0.75	1.87	7.91	89.47
90	0.75	1.82	7.47	89.95
91	0.79	1.96	7.99	89.26
92	0.83	1.93	7.87	89.37
93	0.82	2.09	8.15	88.94
94	0.86	2.11	8.76	88.26
95	1.35	3.20	13.32	82.13




