Parameters
	Library type	Single-end
	Input file	/Volumes/wdhd/users/joaks1/projects/gekgo/data/genomes/msg/plate1/demultiplexed-raw/fastq/RMB_13719_Cyrtodactylus_philippinicus_Luzon_R1.fq
	Primer/Adaptor library	NA
	Cut-off read length for HQ	70%
	Cut-off quality score	20
	Only statistics	On
	Number of processes	2


QC statistics
	File name	RMB_13719_Cyrtodactylus_philippinicus_Luzon_R1.fq
	Total number of reads	89937
	Total number of HQ reads	87981
	Percentage of HQ reads	97.83%
	Total number of bases	8544015
	Total number of bases in HQ reads	8358195
	Total number of HQ bases in HQ reads	7464668
	Percentage of HQ bases in HQ reads	89.31%
	Number of Primer/Adaptor contaminated HQ reads	NA
	Total number of HQ filtered reads	87981
	Percentage of HQ filtered reads	97.83%


Detailed QC statistics
	File name	RMB_13719_Cyrtodactylus_philippinicus_Luzon_R1.fq
	Minimum read length	95
	Maximum read length	95
	Average read length	95.00
	Total number of reads	89937
	Total number of reads with non-ATGC bases	52
	Percentage of reads with non-ATGC bases	0.06%
	Total number of bases	8544015
	Total number of HQ bases	7575541
	Percentage of HQ bases	88.66%
	Total number of non-ATGC bases	204
	Percentage of non-ATGC bases	0.00%


Average quality score at each base position of input reads

RMB_13719_Cyrtodactylus_philippinicus_Luzon_R1.fq
36.82	36.55	36.87	36.27	36.86	36.91	36.67	39.05	38.32	37.94	38.07	38.37	38.07	37.99	38.02	37.48	37.76	37.22	37.13	36.99	37.48	36.82	36.92	37.00	37.38	37.12	37.16	37.61	36.62	36.31	36.52	36.57	36.35	36.59	37.11	36.64	36.91	37.22	37.52	36.71	36.56	36.42	36.33	36.00	35.64	34.21	32.41	30.07	27.40	24.49	22.10	20.65	19.58	18.90	18.50	18.33	18.56	18.86	19.88	20.88	22.71	24.58	26.47	28.35	30.06	31.08	32.14	32.81	33.13	32.24	32.72	33.32	33.77	33.83	33.78	33.92	34.02	33.83	33.84	33.89	33.94	33.72	33.79	33.86	33.73	33.78	33.86	33.94	34.06	34.06	34.00	33.94	33.91	33.91	32.77	




Read count (%) per base for different quality score ranges

	RMB_13719_Cyrtodactylus_philippinicus_Luzon_R1.fq
Ranges	0-10	11-20	21-30	31-40
Base
1	0.00	0.33	0.32	99.34
2	0.00	0.15	0.15	99.70
3	0.00	0.16	0.19	99.66
4	0.00	0.41	1.03	98.56
5	0.01	0.14	0.31	99.54
6	0.00	0.09	0.24	99.67
7	0.00	0.52	1.00	98.48
8	0.00	0.66	0.70	98.64
9	0.02	1.01	1.61	97.36
10	0.03	1.26	1.72	96.99
11	0.01	1.15	1.31	97.52
12	0.01	0.75	1.16	98.09
13	0.04	0.93	1.91	97.12
14	0.02	1.04	1.74	97.20
15	0.01	0.89	1.40	97.70
16	0.05	1.11	2.20	96.65
17	0.02	0.87	1.54	97.58
18	0.09	1.47	2.81	95.63
19	0.15	1.79	2.70	95.36
20	0.10	2.01	2.93	94.95
21	0.07	1.43	1.99	96.51
22	0.23	1.54	2.67	95.56
23	0.19	1.48	2.69	95.64
24	0.25	1.39	2.51	95.86
25	0.18	1.26	1.86	96.70
26	0.36	1.19	2.75	95.70
27	0.32	1.18	2.60	95.89
28	0.22	1.06	1.88	96.85
29	0.80	1.14	2.86	95.21
30	0.73	1.64	3.85	93.78
31	0.77	1.52	3.48	94.22
32	0.94	1.62	3.53	93.91
33	0.79	2.01	4.03	93.17
34	0.72	1.64	3.33	94.31
35	0.36	1.30	2.41	95.93
36	0.64	1.20	3.56	94.60
37	0.64	1.01	2.90	95.45
38	0.53	0.95	2.63	95.89
39	0.31	0.96	2.25	96.48
40	0.60	1.07	3.58	94.76
41	0.73	1.29	3.88	94.10
42	0.75	1.51	4.49	93.25
43	0.73	1.59	4.68	93.00
44	0.85	1.95	5.52	91.68
45	1.02	1.97	6.22	90.79
46	1.42	3.12	10.58	84.88
47	1.99	6.20	15.99	75.81
48	2.33	11.87	22.31	63.48
49	2.64	21.03	26.18	50.15
50	3.39	35.08	24.34	37.18
51	4.69	47.40	19.78	28.12
52	5.93	54.15	17.27	22.65
53	6.39	59.52	15.93	18.16
54	6.75	63.25	14.11	15.89
55	6.40	65.38	14.65	13.56
56	5.93	66.29	15.62	12.16
57	4.99	65.32	17.62	12.07
58	4.69	63.45	19.04	12.82
59	3.05	57.67	24.38	14.90
60	3.31	51.19	26.77	18.74
61	2.11	41.71	30.90	25.27
62	2.18	32.55	31.15	34.12
63	1.88	24.75	30.10	43.27
64	1.35	18.52	27.24	52.89
65	1.33	13.32	22.82	62.53
66	1.52	10.33	19.94	68.21
67	1.20	7.80	17.07	73.93
68	1.14	6.16	14.92	77.78
69	1.18	5.29	13.90	79.63
70	1.07	4.34	18.51	76.07
71	1.23	4.37	14.46	79.94
72	0.90	4.16	12.39	82.55
73	0.76	3.88	10.63	84.73
74	0.86	3.75	10.36	85.03
75	0.79	3.68	10.98	84.56
76	0.79	3.13	10.51	85.58
77	0.80	2.79	9.87	86.55
78	0.89	3.03	10.34	85.73
79	0.87	3.04	10.18	85.91
80	0.81	2.87	9.97	86.34
81	0.78	2.66	9.75	86.80
82	0.86	3.04	10.43	85.68
83	0.84	2.99	9.99	86.19
84	0.83	2.83	9.69	86.65
85	0.91	2.86	10.07	86.16
86	0.88	2.77	9.90	86.45
87	0.87	2.57	9.65	86.91
88	0.88	2.36	9.15	87.61
89	0.82	2.06	8.74	88.37
90	0.85	2.15	8.42	88.58
91	0.88	2.20	8.63	88.29
92	0.90	2.38	8.85	87.88
93	0.88	2.41	8.89	87.82
94	0.89	2.37	8.88	87.86
95	1.54	3.62	12.91	81.92




