Parameters
	Library type	Single-end
	Input file	/Volumes/wdhd/users/joaks1/projects/gekgo/data/genomes/msg/plate1/demultiplexed-raw/fastq/RMB_15119_Cyrtodactylus_philippinicus_Luzon_R1.fq
	Primer/Adaptor library	NA
	Cut-off read length for HQ	70%
	Cut-off quality score	20
	Only statistics	On
	Number of processes	2


QC statistics
	File name	RMB_15119_Cyrtodactylus_philippinicus_Luzon_R1.fq
	Total number of reads	277592
	Total number of HQ reads	272079
	Percentage of HQ reads	98.01%
	Total number of bases	26371240
	Total number of bases in HQ reads	25847505
	Total number of HQ bases in HQ reads	23120805
	Percentage of HQ bases in HQ reads	89.45%
	Number of Primer/Adaptor contaminated HQ reads	NA
	Total number of HQ filtered reads	272079
	Percentage of HQ filtered reads	98.01%


Detailed QC statistics
	File name	RMB_15119_Cyrtodactylus_philippinicus_Luzon_R1.fq
	Minimum read length	95
	Maximum read length	95
	Average read length	95.00
	Total number of reads	277592
	Total number of reads with non-ATGC bases	99
	Percentage of reads with non-ATGC bases	0.04%
	Total number of bases	26371240
	Total number of HQ bases	23438999
	Percentage of HQ bases	88.88%
	Total number of non-ATGC bases	463
	Percentage of non-ATGC bases	0.00%


Average quality score at each base position of input reads

RMB_15119_Cyrtodactylus_philippinicus_Luzon_R1.fq
36.88	36.71	36.90	36.30	36.89	36.93	36.71	39.11	38.37	37.97	38.12	38.43	38.23	38.23	38.27	37.84	38.06	37.37	37.28	37.08	37.55	36.92	36.99	37.07	37.43	37.20	37.25	37.69	36.74	36.41	36.62	36.66	36.48	36.71	37.20	36.77	37.03	37.36	37.66	36.87	36.71	36.63	36.58	36.23	35.90	34.53	32.75	30.48	27.88	24.92	22.42	20.86	19.83	19.09	18.66	18.56	18.75	18.95	20.03	21.05	22.91	24.82	26.75	28.64	30.38	31.50	32.54	33.25	33.62	32.73	33.24	33.84	34.29	34.38	34.27	34.41	34.46	34.22	34.19	34.19	34.22	34.01	34.06	34.13	34.00	34.04	34.08	34.16	34.27	34.25	34.16	34.10	34.08	34.09	33.01	




Read count (%) per base for different quality score ranges

	RMB_15119_Cyrtodactylus_philippinicus_Luzon_R1.fq
Ranges	0-10	11-20	21-30	31-40
Base
1	0.00	0.22	0.22	99.57
2	0.00	0.11	0.08	99.81
3	0.00	0.11	0.15	99.74
4	0.00	0.35	0.94	98.71
5	0.00	0.10	0.27	99.64
6	0.00	0.06	0.17	99.77
7	0.01	0.43	0.88	98.68
8	0.00	0.59	0.63	98.77
9	0.02	0.94	1.46	97.58
10	0.02	1.19	1.64	97.14
11	0.01	1.05	1.23	97.70
12	0.01	0.65	1.06	98.28
13	0.03	0.79	1.77	97.41
14	0.02	0.96	1.53	97.48
15	0.01	0.92	1.27	97.80
16	0.04	1.01	2.10	96.85
17	0.02	0.84	1.38	97.77
18	0.08	1.45	2.73	95.73
19	0.08	1.75	2.58	95.59
20	0.07	1.96	2.85	95.12
21	0.06	1.45	1.92	96.58
22	0.14	1.59	2.57	95.71
23	0.11	1.49	2.58	95.83
24	0.15	1.45	2.39	96.01
25	0.12	1.25	1.89	96.74
26	0.21	1.26	2.64	95.89
27	0.21	1.22	2.40	96.16
28	0.14	1.07	1.67	97.12
29	0.53	1.19	2.67	95.61
30	0.54	1.64	3.74	94.07
31	0.60	1.48	3.30	94.61
32	0.85	1.63	3.29	94.23
33	0.66	1.89	3.78	93.67
34	0.62	1.51	3.19	94.68
35	0.28	1.21	2.25	96.26
36	0.54	1.11	3.38	94.97
37	0.55	0.96	2.75	95.75
38	0.44	0.85	2.32	96.38
39	0.25	0.86	1.97	96.92
40	0.53	0.99	3.11	95.36
41	0.64	1.17	3.60	94.59
42	0.67	1.42	3.84	94.07
43	0.61	1.51	3.97	93.91
44	0.79	1.87	4.75	92.59
45	0.88	1.88	5.30	91.94
46	1.36	2.96	8.88	86.81
47	1.85	6.19	13.91	78.06
48	2.18	11.76	19.59	66.46
49	2.48	20.51	23.52	53.49
50	3.15	34.43	22.29	40.12
51	4.41	47.27	17.70	30.62
52	5.57	54.39	15.48	24.56
53	6.07	59.41	14.40	20.12
54	6.43	63.33	12.95	17.29
55	6.31	65.23	13.58	14.88
56	5.79	65.71	14.77	13.73
57	4.82	65.17	16.44	13.58
58	4.58	63.65	17.99	13.78
59	2.95	57.68	23.16	16.20
60	3.23	50.97	25.69	20.11
61	2.00	41.69	29.54	26.77
62	2.07	32.26	30.23	35.44
63	1.82	24.40	29.08	44.71
64	1.33	18.22	26.21	54.24
65	1.31	13.08	21.85	63.76
66	1.40	10.11	18.77	69.72
67	1.13	7.60	16.29	74.99
68	0.96	6.06	14.18	78.79
69	1.02	5.18	12.96	80.84
70	0.94	4.19	17.07	77.80
71	1.12	4.22	12.97	81.69
72	0.76	4.04	11.20	84.00
73	0.63	3.70	9.67	85.99
74	0.66	3.53	9.43	86.38
75	0.73	3.46	9.81	85.99
76	0.62	3.08	9.14	87.15
77	0.67	2.79	8.68	87.86
78	0.76	2.91	9.45	86.89
79	0.75	2.96	9.26	87.03
80	0.72	2.80	9.25	87.23
81	0.73	2.56	9.09	87.62
82	0.76	2.79	9.76	86.69
83	0.73	2.86	9.27	87.14
84	0.70	2.68	8.96	87.66
85	0.81	2.62	9.43	87.14
86	0.73	2.56	9.17	87.55
87	0.76	2.40	9.07	87.78
88	0.70	2.19	8.75	88.36
89	0.63	2.02	8.15	89.20
90	0.71	1.98	8.05	89.26
91	0.77	2.09	8.23	88.91
92	0.77	2.16	8.66	88.41
93	0.75	2.16	8.62	88.47
94	0.74	2.07	8.59	88.60
95	1.29	3.11	12.63	82.98




