Parameters
	Library type	Single-end
	Input file	/Volumes/wdhd/users/joaks1/projects/gekgo/data/genomes/msg/plate1/demultiplexed-raw/fastq/RMB_9745_Cyrtodactylus_philippinicus_Luzon_R1.fq
	Primer/Adaptor library	NA
	Cut-off read length for HQ	70%
	Cut-off quality score	20
	Only statistics	On
	Number of processes	2


QC statistics
	File name	RMB_9745_Cyrtodactylus_philippinicus_Luzon_R1.fq
	Total number of reads	606547
	Total number of HQ reads	593747
	Percentage of HQ reads	97.89%
	Total number of bases	57621965
	Total number of bases in HQ reads	56405965
	Total number of HQ bases in HQ reads	50441205
	Percentage of HQ bases in HQ reads	89.43%
	Number of Primer/Adaptor contaminated HQ reads	NA
	Total number of HQ filtered reads	593747
	Percentage of HQ filtered reads	97.89%


Detailed QC statistics
	File name	RMB_9745_Cyrtodactylus_philippinicus_Luzon_R1.fq
	Minimum read length	95
	Maximum read length	95
	Average read length	95.00
	Total number of reads	606547
	Total number of reads with non-ATGC bases	288
	Percentage of reads with non-ATGC bases	0.05%
	Total number of bases	57621965
	Total number of HQ bases	51164234
	Percentage of HQ bases	88.79%
	Total number of non-ATGC bases	1497
	Percentage of non-ATGC bases	0.00%


Average quality score at each base position of input reads

RMB_9745_Cyrtodactylus_philippinicus_Luzon_R1.fq
36.89	36.33	36.88	36.33	36.89	36.93	36.69	39.10	38.36	37.98	38.13	38.44	38.15	38.04	38.04	37.52	37.82	37.24	37.16	37.02	37.51	36.87	36.96	37.04	37.42	37.18	37.21	37.64	36.67	36.36	36.60	36.64	36.44	36.67	37.16	36.75	36.99	37.31	37.59	36.78	36.62	36.51	36.46	36.11	35.75	34.27	32.49	30.23	27.47	24.59	22.16	20.79	19.65	18.99	18.61	18.41	18.56	18.84	19.92	20.93	22.77	24.66	26.50	28.43	30.13	31.18	32.18	32.87	33.20	32.30	32.81	33.44	33.88	33.95	33.86	34.01	34.09	33.91	33.90	33.96	33.98	33.82	33.84	33.92	33.80	33.87	33.94	34.01	34.15	34.17	34.09	34.00	33.95	33.97	32.84	




Read count (%) per base for different quality score ranges

	RMB_9745_Cyrtodactylus_philippinicus_Luzon_R1.fq
Ranges	0-10	11-20	21-30	31-40
Base
1	0.00	0.25	0.18	99.56
2	0.00	0.13	0.14	99.72
3	0.00	0.14	0.14	99.72
4	0.00	0.35	0.91	98.74
5	0.00	0.11	0.25	99.63
6	0.00	0.07	0.17	99.76
7	0.01	0.46	0.91	98.62
8	0.00	0.64	0.67	98.70
9	0.03	0.94	1.51	97.52
10	0.02	1.18	1.65	97.15
11	0.01	1.03	1.26	97.69
12	0.01	0.66	1.06	98.27
13	0.03	0.79	1.80	97.39
14	0.02	0.97	1.60	97.40
15	0.02	0.92	1.37	97.70
16	0.04	1.01	2.07	96.88
17	0.02	0.82	1.37	97.80
18	0.10	1.47	2.82	95.62
19	0.13	1.71	2.60	95.55
20	0.12	1.99	2.85	95.04
21	0.09	1.45	1.88	96.57
22	0.23	1.48	2.60	95.69
23	0.17	1.41	2.58	95.84
24	0.26	1.35	2.38	96.01
25	0.17	1.22	1.87	96.75
26	0.33	1.13	2.64	95.90
27	0.32	1.14	2.48	96.06
28	0.22	1.06	1.73	96.98
29	0.74	1.10	2.79	95.37
30	0.66	1.64	3.81	93.88
31	0.67	1.46	3.31	94.57
32	0.92	1.60	3.29	94.19
33	0.70	1.88	3.85	93.56
34	0.66	1.56	3.18	94.60
35	0.31	1.26	2.33	96.10
36	0.58	1.12	3.39	94.91
37	0.62	0.95	2.79	95.64
38	0.48	0.92	2.44	96.16
39	0.30	0.91	2.06	96.74
40	0.57	1.03	3.42	94.98
41	0.72	1.22	3.82	94.24
42	0.71	1.45	4.21	93.62
43	0.65	1.47	4.49	93.39
44	0.82	1.88	5.21	92.10
45	0.89	1.93	6.05	91.14
46	1.44	3.01	10.44	85.10
47	1.81	6.11	16.06	76.02
48	2.18	11.69	21.85	64.28
49	2.53	20.87	26.32	50.28
50	3.22	34.71	24.67	37.40
51	4.43	47.39	20.09	28.08
52	5.59	53.42	18.22	22.76
53	6.26	59.33	16.07	18.34
54	6.41	63.16	14.42	16.00
55	6.20	64.94	15.07	13.79
56	5.79	66.21	15.52	12.49
57	4.88	65.66	17.36	12.10
58	4.48	63.72	19.31	12.49
59	2.97	57.65	24.42	14.96
60	3.27	50.82	27.14	18.77
61	2.10	41.61	30.64	25.64
62	2.23	32.06	31.35	34.37
63	1.96	24.69	29.79	43.55
64	1.34	18.39	26.82	53.46
65	1.41	13.09	22.56	62.94
66	1.51	10.22	19.37	68.91
67	1.17	7.76	16.96	74.12
68	1.06	6.00	14.93	78.01
69	1.10	5.24	13.53	80.13
70	1.01	4.27	18.30	76.42
71	1.18	4.32	13.89	80.61
72	0.79	4.08	11.89	83.24
73	0.70	3.70	10.24	85.36
74	0.75	3.64	9.96	85.65
75	0.83	3.55	10.46	85.16
76	0.73	3.22	9.83	86.22
77	0.77	2.89	9.40	86.94
78	0.85	3.00	9.99	86.15
79	0.83	3.00	10.08	86.09
80	0.78	2.83	9.77	86.62
81	0.78	2.58	9.74	86.90
82	0.85	2.82	10.12	86.20
83	0.83	2.98	9.69	86.51
84	0.81	2.79	9.40	87.00
85	0.85	2.77	9.84	86.54
86	0.83	2.63	9.57	86.97
87	0.85	2.49	9.25	87.42
88	0.81	2.30	8.93	87.97
89	0.74	2.07	8.19	89.00
90	0.81	2.02	8.03	89.13
91	0.84	2.19	8.25	88.72
92	0.88	2.36	8.52	88.24
93	0.88	2.37	8.75	88.00
94	0.85	2.30	8.60	88.25
95	1.43	3.51	12.82	82.24




