Parameters
	Library type	Single-end
	Input file	/Volumes/wdhd/users/joaks1/projects/gekgo/data/genomes/msg/plate1/demultiplexed-raw/fastq/RMB_9740_Cyrtodactylus_philippinicus_Luzon_R1.fq
	Primer/Adaptor library	NA
	Cut-off read length for HQ	70%
	Cut-off quality score	20
	Only statistics	On
	Number of processes	2


QC statistics
	File name	RMB_9740_Cyrtodactylus_philippinicus_Luzon_R1.fq
	Total number of reads	281883
	Total number of HQ reads	276117
	Percentage of HQ reads	97.95%
	Total number of bases	26778885
	Total number of bases in HQ reads	26231115
	Total number of HQ bases in HQ reads	23446005
	Percentage of HQ bases in HQ reads	89.38%
	Number of Primer/Adaptor contaminated HQ reads	NA
	Total number of HQ filtered reads	276117
	Percentage of HQ filtered reads	97.95%


Detailed QC statistics
	File name	RMB_9740_Cyrtodactylus_philippinicus_Luzon_R1.fq
	Minimum read length	95
	Maximum read length	95
	Average read length	95.00
	Total number of reads	281883
	Total number of reads with non-ATGC bases	126
	Percentage of reads with non-ATGC bases	0.04%
	Total number of bases	26778885
	Total number of HQ bases	23775795
	Percentage of HQ bases	88.79%
	Total number of non-ATGC bases	639
	Percentage of non-ATGC bases	0.00%


Average quality score at each base position of input reads

RMB_9740_Cyrtodactylus_philippinicus_Luzon_R1.fq
36.67	36.52	36.86	36.20	36.85	36.91	36.69	39.06	38.33	37.93	38.08	38.38	38.17	38.15	38.18	37.73	37.94	37.25	37.18	36.99	37.46	36.86	36.94	37.01	37.38	37.13	37.17	37.59	36.64	36.32	36.56	36.60	36.38	36.64	37.15	36.72	36.97	37.30	37.60	36.80	36.67	36.56	36.53	36.17	35.81	34.38	32.61	30.38	27.70	24.71	22.20	20.84	19.69	19.02	18.64	18.46	18.61	18.83	19.92	20.96	22.82	24.75	26.64	28.55	30.29	31.40	32.40	33.10	33.49	32.58	33.10	33.71	34.17	34.24	34.15	34.27	34.33	34.11	34.07	34.12	34.12	33.92	33.96	34.01	33.88	33.92	33.99	34.05	34.20	34.19	34.10	34.01	33.96	33.98	32.88	




Read count (%) per base for different quality score ranges

	RMB_9740_Cyrtodactylus_philippinicus_Luzon_R1.fq
Ranges	0-10	11-20	21-30	31-40
Base
1	0.00	0.31	0.39	99.29
2	0.00	0.14	0.13	99.73
3	0.00	0.16	0.22	99.62
4	0.00	0.50	1.11	98.38
5	0.00	0.16	0.37	99.47
6	0.00	0.10	0.23	99.67
7	0.01	0.46	0.94	98.59
8	0.00	0.64	0.69	98.68
9	0.03	0.94	1.57	97.46
10	0.02	1.21	1.72	97.05
11	0.02	1.09	1.34	97.56
12	0.01	0.69	1.20	98.10
13	0.03	0.87	1.92	97.19
14	0.03	1.06	1.65	97.27
15	0.02	0.99	1.41	97.58
16	0.03	1.08	2.14	96.74
17	0.02	0.87	1.45	97.66
18	0.08	1.57	2.94	95.42
19	0.09	1.78	2.68	95.45
20	0.08	2.16	2.89	94.87
21	0.07	1.57	2.02	96.34
22	0.17	1.64	2.69	95.49
23	0.11	1.54	2.71	95.64
24	0.18	1.49	2.45	95.88
25	0.13	1.36	1.93	96.58
26	0.25	1.35	2.70	95.70
27	0.24	1.28	2.58	95.89
28	0.19	1.17	1.79	96.84
29	0.66	1.25	2.86	95.24
30	0.63	1.72	3.96	93.68
31	0.66	1.53	3.39	94.42
32	0.92	1.65	3.43	93.99
33	0.73	1.98	4.00	93.29
34	0.69	1.58	3.24	94.49
35	0.29	1.28	2.44	95.99
36	0.60	1.16	3.48	94.76
37	0.61	0.99	2.89	95.50
38	0.49	0.94	2.44	96.13
39	0.29	0.92	2.10	96.70
40	0.59	1.03	3.28	95.09
41	0.71	1.23	3.68	94.38
42	0.72	1.50	3.95	93.82
43	0.63	1.53	4.09	93.75
44	0.87	1.90	4.83	92.40
45	0.94	1.98	5.57	91.51
46	1.45	3.13	9.30	86.13
47	1.87	6.31	14.43	77.39
48	2.29	11.90	19.84	65.97
49	2.56	21.02	23.91	52.51
50	3.36	34.98	22.41	39.25
51	4.63	47.55	18.48	29.33
52	5.79	53.57	16.60	24.03
53	6.61	59.14	14.75	19.51
54	6.66	63.06	13.45	16.83
55	6.45	64.79	14.08	14.67
56	5.95	65.96	14.77	13.31
57	5.02	65.43	16.73	12.81
58	4.73	63.75	18.48	13.03
59	3.03	57.93	23.56	15.49
60	3.32	51.00	26.26	19.41
61	2.05	41.85	29.85	26.24
62	2.15	32.20	30.67	34.99
63	1.89	24.49	29.48	44.14
64	1.33	18.27	26.60	53.80
65	1.38	12.99	22.32	63.31
66	1.44	10.01	19.22	69.33
67	1.21	7.55	16.77	74.47
68	1.03	5.95	14.78	78.24
69	1.08	5.05	13.26	80.61
70	0.98	4.08	17.67	77.28
71	1.13	4.15	13.42	81.30
72	0.79	3.97	11.50	83.75
73	0.69	3.59	9.94	85.78
74	0.74	3.47	9.63	86.16
75	0.76	3.43	10.05	85.76
76	0.67	3.09	9.46	86.79
77	0.74	2.72	9.01	87.53
78	0.86	2.82	9.69	86.62
79	0.83	2.88	9.67	86.62
80	0.76	2.70	9.47	87.06
81	0.77	2.48	9.49	87.25
82	0.84	2.74	9.99	86.44
83	0.79	2.90	9.40	86.92
84	0.79	2.67	9.30	87.23
85	0.86	2.67	9.75	86.72
86	0.80	2.54	9.61	87.06
87	0.81	2.39	9.26	87.54
88	0.82	2.15	9.00	88.03
89	0.75	1.92	8.27	89.06
90	0.79	1.94	8.24	89.03
91	0.82	2.05	8.51	88.62
92	0.87	2.20	8.72	88.21
93	0.85	2.24	8.95	87.96
94	0.84	2.18	8.81	88.18
95	1.44	3.23	13.03	82.30




