Parameters
	Library type	Single-end
	Input file	/Volumes/wdhd/users/joaks1/projects/gekgo/data/genomes/msg/plate1/demultiplexed-raw/fastq/RMB_8201_Cyrtodactylus_annulatus_CamiguinSur_R1.fq
	Primer/Adaptor library	NA
	Cut-off read length for HQ	70%
	Cut-off quality score	20
	Only statistics	On
	Number of processes	2


QC statistics
	File name	RMB_8201_Cyrtodactylus_annulatus_CamiguinSur_R1.fq
	Total number of reads	133548
	Total number of HQ reads	130303
	Percentage of HQ reads	97.57%
	Total number of bases	12687060
	Total number of bases in HQ reads	12378785
	Total number of HQ bases in HQ reads	11079128
	Percentage of HQ bases in HQ reads	89.50%
	Number of Primer/Adaptor contaminated HQ reads	NA
	Total number of HQ filtered reads	130303
	Percentage of HQ filtered reads	97.57%


Detailed QC statistics
	File name	RMB_8201_Cyrtodactylus_annulatus_CamiguinSur_R1.fq
	Minimum read length	95
	Maximum read length	95
	Average read length	95.00
	Total number of reads	133548
	Total number of reads with non-ATGC bases	58
	Percentage of reads with non-ATGC bases	0.04%
	Total number of bases	12687060
	Total number of HQ bases	11264001
	Percentage of HQ bases	88.78%
	Total number of non-ATGC bases	278
	Percentage of non-ATGC bases	0.00%


Average quality score at each base position of input reads

RMB_8201_Cyrtodactylus_annulatus_CamiguinSur_R1.fq
35.89	35.07	36.82	36.20	36.86	36.92	36.68	39.08	38.33	37.96	38.12	38.44	38.27	38.24	38.28	37.85	38.04	37.40	37.30	37.11	37.61	37.01	37.10	37.14	37.45	37.24	37.27	37.72	36.78	36.46	36.66	36.67	36.48	36.71	37.25	36.78	37.03	37.34	37.65	36.87	36.72	36.59	36.55	36.23	35.95	34.57	32.78	30.47	27.91	24.91	22.52	20.94	19.97	19.16	18.77	18.67	18.77	19.07	20.07	21.11	23.00	24.92	26.73	28.66	30.28	31.37	32.43	33.18	33.57	32.67	33.15	33.70	34.14	34.25	34.15	34.28	34.32	34.06	34.02	34.02	34.06	33.89	33.93	33.98	33.90	33.90	33.96	34.03	34.15	34.18	34.14	34.06	34.04	33.97	32.83	




Read count (%) per base for different quality score ranges

	RMB_8201_Cyrtodactylus_annulatus_CamiguinSur_R1.fq
Ranges	0-10	11-20	21-30	31-40
Base
1	0.00	0.57	0.73	98.70
2	0.00	0.20	0.33	99.47
3	0.00	0.17	0.22	99.61
4	0.00	0.48	1.00	98.52
5	0.00	0.16	0.31	99.53
6	0.00	0.08	0.20	99.72
7	0.01	0.49	0.95	98.55
8	0.00	0.69	0.72	98.59
9	0.03	0.99	1.58	97.41
10	0.03	1.27	1.68	97.01
11	0.01	1.09	1.32	97.58
12	0.01	0.75	1.17	98.08
13	0.02	0.80	1.73	97.44
14	0.01	0.96	1.64	97.38
15	0.02	0.90	1.39	97.70
16	0.03	1.04	2.02	96.91
17	0.02	0.88	1.40	97.70
18	0.07	1.38	2.68	95.87
19	0.10	1.70	2.59	95.61
20	0.08	2.01	2.83	95.07
21	0.06	1.48	1.87	96.59
22	0.13	1.56	2.50	95.81
23	0.11	1.38	2.50	96.01
24	0.17	1.43	2.31	96.10
25	0.13	1.29	1.91	96.67
26	0.25	1.22	2.54	95.99
27	0.25	1.25	2.46	96.04
28	0.21	1.04	1.66	97.09
29	0.64	1.16	2.64	95.55
30	0.64	1.66	3.57	94.14
31	0.68	1.41	3.27	94.64
32	0.96	1.65	3.29	94.10
33	0.70	1.95	3.80	93.55
34	0.67	1.53	3.21	94.58
35	0.32	1.23	2.24	96.21
36	0.58	1.19	3.46	94.77
37	0.63	0.97	2.75	95.64
38	0.51	0.99	2.36	96.15
39	0.31	0.95	1.99	96.75
40	0.56	0.98	3.27	95.18
41	0.74	1.25	3.48	94.54
42	0.72	1.48	3.97	93.83
43	0.66	1.53	4.16	93.65
44	0.82	1.84	4.71	92.64
45	0.91	1.86	5.27	91.95
46	1.34	3.00	8.89	86.77
47	1.72	6.17	14.08	78.03
48	2.09	11.72	20.05	66.14
49	2.24	20.61	23.86	53.29
50	2.98	34.73	22.18	40.11
51	4.08	47.00	18.24	30.68
52	5.11	54.32	16.11	24.46
53	5.63	59.08	14.92	20.38
54	5.90	63.58	13.32	17.19
55	5.89	64.96	14.12	15.03
56	5.20	65.92	14.96	13.92
57	4.48	65.78	16.10	13.64
58	3.95	63.82	18.28	13.94
59	2.80	57.76	23.24	16.21
60	2.96	50.80	26.34	19.90
61	1.95	41.36	29.66	27.03
62	2.00	31.86	30.40	35.74
63	1.85	24.47	29.05	44.63
64	1.30	18.09	26.24	54.36
65	1.35	13.48	21.79	63.38
66	1.48	10.39	19.02	69.11
67	1.20	7.76	16.37	74.67
68	1.04	6.15	14.10	78.71
69	1.05	5.22	12.93	80.80
70	0.99	4.39	16.77	77.85
71	1.20	4.51	12.90	81.40
72	0.83	4.33	11.40	83.44
73	0.69	3.94	9.93	85.45
74	0.79	3.61	9.46	86.15
75	0.80	3.64	9.82	85.74
76	0.74	3.24	9.19	86.83
77	0.78	2.95	8.83	87.43
78	0.92	3.06	9.55	86.46
79	0.88	3.19	9.49	86.44
80	0.89	3.10	9.30	86.71
81	0.87	2.84	9.14	87.15
82	0.91	3.13	9.57	86.39
83	0.87	3.18	9.23	86.72
84	0.86	2.98	9.12	87.05
85	0.91	2.86	9.50	86.73
86	0.91	2.85	9.28	86.97
87	0.91	2.74	9.08	87.27
88	0.88	2.53	8.81	87.79
89	0.82	2.34	8.28	88.56
90	0.86	2.30	7.93	88.91
91	0.84	2.34	8.07	88.75
92	0.94	2.39	8.30	88.38
93	0.88	2.43	8.44	88.26
94	0.96	2.40	8.53	88.11
95	1.49	3.61	12.84	82.06




