Parameters
	Library type	Single-end
	Input file	/Volumes/wdhd/users/joaks1/projects/gekgo/data/genomes/msg/plate1/demultiplexed-raw/fastq/RMB_12836_Cyrtodactylus_philippinicus_Luzon_R1.fq
	Primer/Adaptor library	NA
	Cut-off read length for HQ	70%
	Cut-off quality score	20
	Only statistics	On
	Number of processes	2


QC statistics
	File name	RMB_12836_Cyrtodactylus_philippinicus_Luzon_R1.fq
	Total number of reads	991313
	Total number of HQ reads	970870
	Percentage of HQ reads	97.94%
	Total number of bases	94174735
	Total number of bases in HQ reads	92232650
	Total number of HQ bases in HQ reads	82563836
	Percentage of HQ bases in HQ reads	89.52%
	Number of Primer/Adaptor contaminated HQ reads	NA
	Total number of HQ filtered reads	970870
	Percentage of HQ filtered reads	97.94%


Detailed QC statistics
	File name	RMB_12836_Cyrtodactylus_philippinicus_Luzon_R1.fq
	Minimum read length	95
	Maximum read length	95
	Average read length	95.00
	Total number of reads	991313
	Total number of reads with non-ATGC bases	430
	Percentage of reads with non-ATGC bases	0.04%
	Total number of bases	94174735
	Total number of HQ bases	83732100
	Percentage of HQ bases	88.91%
	Total number of non-ATGC bases	2216
	Percentage of non-ATGC bases	0.00%


Average quality score at each base position of input reads

RMB_12836_Cyrtodactylus_philippinicus_Luzon_R1.fq
36.84	36.37	36.87	36.40	36.88	36.92	36.69	39.11	38.38	38.00	38.14	38.44	37.96	37.88	38.01	37.56	37.86	37.32	37.20	37.07	37.56	36.92	37.03	37.08	37.45	37.22	37.28	37.72	36.77	36.46	36.67	36.71	36.52	36.75	37.23	36.80	37.06	37.37	37.63	36.83	36.68	36.57	36.50	36.13	35.79	34.30	32.48	30.14	27.51	24.60	22.15	20.69	19.59	18.93	18.52	18.43	18.63	18.87	19.94	21.02	22.82	24.67	26.58	28.45	30.14	31.22	32.19	32.84	33.19	32.30	32.78	33.36	33.79	33.89	33.79	33.97	34.07	33.88	33.88	33.92	33.98	33.81	33.88	34.00	33.88	33.94	34.04	34.12	34.24	34.23	34.16	34.11	34.09	34.10	33.01	




Read count (%) per base for different quality score ranges

	RMB_12836_Cyrtodactylus_philippinicus_Luzon_R1.fq
Ranges	0-10	11-20	21-30	31-40
Base
1	0.03	0.32	0.28	99.37
2	0.00	0.15	0.18	99.67
3	0.00	0.17	0.16	99.67
4	0.00	0.36	0.80	98.84
5	0.00	0.12	0.27	99.61
6	0.00	0.08	0.20	99.73
7	0.01	0.45	0.93	98.62
8	0.00	0.64	0.68	98.68
9	0.03	0.95	1.54	97.49
10	0.02	1.21	1.65	97.12
11	0.01	1.06	1.25	97.68
12	0.01	0.65	1.10	98.25
13	0.03	0.77	1.77	97.43
14	0.02	0.95	1.53	97.50
15	0.02	0.90	1.30	97.79
16	0.04	1.00	2.00	96.96
17	0.02	0.81	1.35	97.82
18	0.10	1.32	2.66	95.93
19	0.16	1.66	2.51	95.68
20	0.14	1.92	2.75	95.19
21	0.10	1.39	1.83	96.68
22	0.31	1.33	2.47	95.90
23	0.20	1.31	2.48	96.02
24	0.32	1.24	2.30	96.14
25	0.21	1.18	1.79	96.82
26	0.38	1.07	2.54	96.02
27	0.34	1.06	2.37	96.23
28	0.22	0.99	1.67	97.13
29	0.68	1.01	2.63	95.69
30	0.60	1.55	3.64	94.21
31	0.62	1.40	3.25	94.73
32	0.85	1.53	3.31	94.32
33	0.64	1.83	3.82	93.71
34	0.59	1.49	3.21	94.71
35	0.28	1.16	2.29	96.28
36	0.51	1.04	3.45	95.00
37	0.54	0.90	2.82	95.74
38	0.41	0.88	2.47	96.24
39	0.24	0.87	2.10	96.79
40	0.52	0.98	3.45	95.06
41	0.63	1.14	3.83	94.40
42	0.64	1.39	4.29	93.67
43	0.61	1.43	4.60	93.36
44	0.78	1.80	5.40	92.01
45	0.84	1.84	6.27	91.04
46	1.31	2.95	10.79	84.95
47	1.68	5.97	16.98	75.37
48	2.03	11.52	23.57	62.88
49	2.29	20.36	27.86	49.50
50	2.95	34.40	25.97	36.69
51	4.17	47.46	20.90	27.46
52	5.20	54.54	18.31	21.96
53	5.81	60.09	16.51	17.59
54	5.98	63.96	14.74	15.32
55	5.92	65.72	15.23	13.13
56	5.38	66.29	16.20	12.13
57	4.42	65.58	18.09	11.91
58	4.26	63.71	19.62	12.41
59	2.71	57.68	24.79	14.82
60	2.92	50.61	27.56	18.91
61	1.89	41.44	31.09	25.58
62	1.96	32.17	31.56	34.31
63	1.72	24.33	30.14	43.81
64	1.28	18.03	27.12	53.58
65	1.27	12.89	22.66	63.17
66	1.37	9.95	19.37	69.31
67	1.10	7.55	16.92	74.43
68	1.00	5.92	14.88	78.20
69	1.01	5.06	13.57	80.35
70	0.91	4.18	18.22	76.69
71	1.05	4.23	13.97	80.75
72	0.77	3.98	11.98	83.28
73	0.67	3.67	10.41	85.25
74	0.70	3.56	10.09	85.65
75	0.77	3.54	10.68	85.00
76	0.71	3.12	9.98	86.19
77	0.72	2.79	9.52	86.96
78	0.79	2.99	10.17	86.05
79	0.81	2.96	10.01	86.23
80	0.74	2.82	9.87	86.57
81	0.74	2.52	9.71	87.03
82	0.81	2.81	10.11	86.27
83	0.77	2.89	9.58	86.76
84	0.75	2.63	9.16	87.46
85	0.82	2.67	9.52	87.00
86	0.79	2.56	9.23	87.41
87	0.75	2.39	8.94	87.92
88	0.73	2.23	8.59	88.45
89	0.71	2.02	7.95	89.32
90	0.77	2.00	7.84	89.39
91	0.79	2.18	8.00	89.03
92	0.80	2.25	8.29	88.67
93	0.79	2.30	8.25	88.66
94	0.79	2.24	8.14	88.83
95	1.31	3.36	12.15	83.18




