Parameters
	Library type	Single-end
	Input file	/Volumes/wdhd/users/joaks1/projects/gekgo/data/genomes/msg/plate1/demultiplexed-raw/fastq/RMB_7724_Cyrtodactylus_annulatus_Palawan_R1.fq
	Primer/Adaptor library	NA
	Cut-off read length for HQ	70%
	Cut-off quality score	20
	Only statistics	On
	Number of processes	2


QC statistics
	File name	RMB_7724_Cyrtodactylus_annulatus_Palawan_R1.fq
	Total number of reads	212667
	Total number of HQ reads	208285
	Percentage of HQ reads	97.94%
	Total number of bases	20203365
	Total number of bases in HQ reads	19787075
	Total number of HQ bases in HQ reads	17721781
	Percentage of HQ bases in HQ reads	89.56%
	Number of Primer/Adaptor contaminated HQ reads	NA
	Total number of HQ filtered reads	208285
	Percentage of HQ filtered reads	97.94%


Detailed QC statistics
	File name	RMB_7724_Cyrtodactylus_annulatus_Palawan_R1.fq
	Minimum read length	95
	Maximum read length	95
	Average read length	95.00
	Total number of reads	212667
	Total number of reads with non-ATGC bases	102
	Percentage of reads with non-ATGC bases	0.05%
	Total number of bases	20203365
	Total number of HQ bases	17972254
	Percentage of HQ bases	88.96%
	Total number of non-ATGC bases	538
	Percentage of non-ATGC bases	0.00%


Average quality score at each base position of input reads

RMB_7724_Cyrtodactylus_annulatus_Palawan_R1.fq
36.25	35.66	36.85	36.30	36.88	36.92	36.69	39.08	38.34	37.98	38.14	38.44	38.28	38.23	38.26	37.81	38.00	37.35	37.26	37.05	37.58	36.99	37.08	37.13	37.44	37.23	37.26	37.74	36.79	36.48	36.66	36.70	36.50	36.72	37.24	36.80	37.07	37.35	37.68	36.93	36.76	36.63	36.62	36.26	35.96	34.57	32.76	30.46	27.96	24.92	22.49	20.94	19.91	19.30	18.87	18.69	18.79	19.09	20.07	21.06	22.97	24.92	26.78	28.75	30.45	31.51	32.55	33.32	33.70	32.80	33.26	33.80	34.23	34.32	34.22	34.34	34.37	34.17	34.12	34.15	34.18	34.03	34.05	34.11	34.00	34.02	34.06	34.15	34.26	34.27	34.21	34.14	34.11	34.07	32.96	




Read count (%) per base for different quality score ranges

	RMB_7724_Cyrtodactylus_annulatus_Palawan_R1.fq
Ranges	0-10	11-20	21-30	31-40
Base
1	0.00	0.36	0.55	99.09
2	0.00	0.13	0.25	99.62
3	0.00	0.11	0.19	99.70
4	0.00	0.41	0.92	98.67
5	0.00	0.11	0.33	99.56
6	0.00	0.08	0.20	99.72
7	0.00	0.46	0.92	98.61
8	0.00	0.62	0.74	98.65
9	0.03	0.94	1.47	97.56
10	0.02	1.18	1.70	97.11
11	0.01	1.04	1.26	97.68
12	0.01	0.69	1.10	98.20
13	0.02	0.77	1.73	97.47
14	0.02	1.02	1.60	97.36
15	0.01	0.96	1.37	97.66
16	0.04	1.05	2.02	96.88
17	0.01	0.85	1.39	97.74
18	0.06	1.41	2.71	95.82
19	0.08	1.73	2.57	95.62
20	0.09	2.08	2.87	94.96
21	0.06	1.47	1.87	96.60
22	0.14	1.54	2.47	95.86
23	0.08	1.44	2.45	96.03
24	0.17	1.39	2.31	96.13
25	0.12	1.29	1.85	96.74
26	0.24	1.21	2.47	96.09
27	0.27	1.28	2.44	96.01
28	0.20	1.01	1.64	97.14
29	0.62	1.12	2.58	95.68
30	0.56	1.63	3.55	94.25
31	0.65	1.47	3.18	94.70
32	0.88	1.58	3.29	94.24
33	0.68	1.90	3.76	93.67
34	0.65	1.53	3.11	94.71
35	0.29	1.22	2.31	96.18
36	0.57	1.14	3.36	94.94
37	0.56	0.95	2.65	95.84
38	0.47	0.94	2.40	96.19
39	0.28	0.89	1.99	96.84
40	0.53	1.00	3.04	95.44
41	0.68	1.20	3.42	94.71
42	0.69	1.46	3.89	93.96
43	0.62	1.44	3.92	94.02
44	0.82	1.80	4.64	92.74
45	0.90	1.88	5.27	91.95
46	1.35	2.96	8.78	86.92
47	1.69	6.09	14.16	78.06
48	2.04	11.76	19.89	66.31
49	2.21	20.30	23.90	53.59
50	2.97	34.46	22.41	40.16
51	3.98	47.46	18.01	30.55
52	5.09	54.37	16.17	24.37
53	5.62	59.44	14.85	20.08
54	5.87	62.66	13.78	17.69
55	5.94	64.38	14.36	15.33
56	5.22	65.86	14.89	14.03
57	4.33	65.77	16.33	13.56
58	4.04	63.30	18.84	13.82
59	2.71	57.82	23.33	16.14
60	2.90	51.15	26.29	19.66
61	1.84	41.52	29.93	26.71
62	1.96	31.76	30.63	35.66
63	1.72	24.36	29.19	44.73
64	1.24	17.80	26.16	54.80
65	1.24	12.88	21.81	64.07
66	1.36	10.04	18.71	69.88
67	1.07	7.55	16.12	75.25
68	0.97	5.82	13.76	79.44
69	0.98	4.91	12.58	81.53
70	0.91	4.06	16.51	78.53
71	1.09	4.25	12.76	81.90
72	0.79	4.05	11.09	84.06
73	0.66	3.67	9.71	85.97
74	0.70	3.48	9.30	86.52
75	0.76	3.38	9.75	86.11
76	0.66	3.02	9.28	87.04
77	0.72	2.74	8.75	87.78
78	0.76	2.88	9.41	86.94
79	0.81	2.83	9.45	86.91
80	0.77	2.68	9.20	87.35
81	0.77	2.46	9.06	87.71
82	0.81	2.74	9.38	87.07
83	0.78	2.88	8.99	87.34
84	0.77	2.69	8.80	87.74
85	0.81	2.63	9.30	87.25
86	0.82	2.49	9.15	87.55
87	0.83	2.37	9.08	87.72
88	0.76	2.21	8.62	88.41
89	0.72	2.00	8.06	89.22
90	0.81	1.98	7.81	89.40
91	0.84	2.03	8.03	89.11
92	0.88	2.13	8.22	88.77
93	0.82	2.12	8.49	88.58
94	0.88	2.12	8.31	88.69
95	1.38	3.25	12.68	82.69




