Parameters
	Library type	Single-end
	Input file	/Volumes/wdhd/users/joaks1/projects/gekgo/data/genomes/msg/plate1/demultiplexed-raw/fastq/RMB_8931_Cyrtodactylus_gubaot_Leyte_R1.fq
	Primer/Adaptor library	NA
	Cut-off read length for HQ	70%
	Cut-off quality score	20
	Only statistics	On
	Number of processes	2


QC statistics
	File name	RMB_8931_Cyrtodactylus_gubaot_Leyte_R1.fq
	Total number of reads	455612
	Total number of HQ reads	446147
	Percentage of HQ reads	97.92%
	Total number of bases	43283140
	Total number of bases in HQ reads	42383965
	Total number of HQ bases in HQ reads	38017811
	Percentage of HQ bases in HQ reads	89.70%
	Number of Primer/Adaptor contaminated HQ reads	NA
	Total number of HQ filtered reads	446147
	Percentage of HQ filtered reads	97.92%


Detailed QC statistics
	File name	RMB_8931_Cyrtodactylus_gubaot_Leyte_R1.fq
	Minimum read length	95
	Maximum read length	95
	Average read length	95.00
	Total number of reads	455612
	Total number of reads with non-ATGC bases	221
	Percentage of reads with non-ATGC bases	0.05%
	Total number of bases	43283140
	Total number of HQ bases	38562754
	Percentage of HQ bases	89.09%
	Total number of non-ATGC bases	1275
	Percentage of non-ATGC bases	0.00%


Average quality score at each base position of input reads

RMB_8931_Cyrtodactylus_gubaot_Leyte_R1.fq
35.76	33.95	36.80	36.27	36.90	36.94	36.72	39.15	38.45	38.06	38.19	38.50	38.33	38.31	38.35	37.90	38.07	37.45	37.37	37.22	37.68	37.08	37.16	37.21	37.55	37.37	37.40	37.83	36.90	36.59	36.80	36.83	36.67	36.89	37.36	36.96	37.22	37.52	37.80	37.05	36.92	36.82	36.79	36.44	36.10	34.74	33.02	30.72	28.14	25.03	22.52	21.04	19.94	19.28	18.85	18.69	18.84	19.11	20.16	21.20	23.07	24.94	26.87	28.78	30.52	31.62	32.63	33.32	33.66	32.74	33.26	33.85	34.26	34.34	34.20	34.34	34.42	34.20	34.19	34.22	34.23	34.02	34.07	34.13	34.03	34.10	34.16	34.23	34.34	34.34	34.25	34.20	34.18	34.17	33.14	




Read count (%) per base for different quality score ranges

	RMB_8931_Cyrtodactylus_gubaot_Leyte_R1.fq
Ranges	0-10	11-20	21-30	31-40
Base
1	0.00	0.47	0.79	98.75
2	0.00	0.16	0.53	99.31
3	0.00	0.13	0.20	99.68
4	0.00	0.30	0.82	98.88
5	0.00	0.11	0.22	99.67
6	0.00	0.07	0.13	99.80
7	0.00	0.41	0.84	98.75
8	0.00	0.63	0.63	98.74
9	0.02	0.87	1.39	97.73
10	0.02	1.12	1.52	97.34
11	0.01	1.03	1.18	97.78
12	0.01	0.64	1.01	98.35
13	0.03	0.71	1.62	97.63
14	0.02	0.92	1.47	97.59
15	0.01	0.87	1.19	97.93
16	0.03	0.92	1.80	97.25
17	0.02	0.77	1.19	98.02
18	0.07	1.26	2.46	96.21
19	0.09	1.55	2.34	96.02
20	0.07	1.82	2.60	95.50
21	0.06	1.33	1.70	96.91
22	0.13	1.40	2.26	96.20
23	0.09	1.25	2.35	96.31
24	0.16	1.27	2.11	96.46
25	0.11	1.16	1.67	97.06
26	0.20	1.07	2.32	96.40
27	0.22	1.11	2.16	96.51
28	0.16	0.97	1.51	97.36
29	0.53	1.00	2.42	96.04
30	0.51	1.51	3.41	94.57
31	0.55	1.34	3.01	95.10
32	0.79	1.50	3.05	94.66
33	0.59	1.74	3.52	94.16
34	0.54	1.38	2.91	95.17
35	0.25	1.09	2.08	96.58
36	0.45	0.98	3.02	95.55
37	0.49	0.84	2.43	96.25
38	0.39	0.83	2.11	96.67
39	0.22	0.83	1.80	97.15
40	0.43	0.88	2.90	95.79
41	0.55	1.03	3.24	95.18
42	0.56	1.28	3.54	94.63
43	0.50	1.32	3.68	94.50
44	0.68	1.67	4.41	93.25
45	0.74	1.75	5.07	92.44
46	1.15	2.72	8.59	87.55
47	1.48	5.70	13.91	78.91
48	1.81	11.17	19.90	67.11
49	2.00	19.76	24.15	54.09
50	2.59	34.47	22.87	40.07
51	3.69	47.46	18.56	30.28
52	4.72	54.48	16.20	24.60
53	5.26	59.92	14.73	20.09
54	5.35	63.65	13.70	17.29
55	5.40	65.30	14.22	15.07
56	4.85	66.47	14.83	13.85
57	4.02	65.65	16.93	13.40
58	3.76	63.75	18.65	13.84
59	2.50	57.40	23.84	16.27
60	2.71	50.54	26.56	20.18
61	1.72	41.12	29.96	27.21
62	1.75	31.93	30.64	35.68
63	1.53	24.14	29.24	45.09
64	1.16	17.80	26.11	54.93
65	1.15	12.73	21.64	64.49
66	1.20	9.93	18.37	70.50
67	0.98	7.50	15.90	75.62
68	0.91	5.83	13.86	79.40
69	0.93	5.07	12.54	81.46
70	0.84	4.14	16.78	78.24
71	0.97	4.25	12.66	82.12
72	0.67	4.00	10.87	84.46
73	0.59	3.66	9.44	86.32
74	0.62	3.52	9.16	86.70
75	0.70	3.49	9.73	86.08
76	0.62	3.07	9.10	87.21
77	0.63	2.76	8.57	88.04
78	0.72	2.94	9.27	87.07
79	0.71	2.95	9.11	87.24
80	0.67	2.80	9.01	87.52
81	0.68	2.59	8.87	87.86
82	0.73	2.89	9.49	86.88
83	0.73	2.95	8.92	87.41
84	0.69	2.76	8.72	87.83
85	0.74	2.71	9.08	87.47
86	0.69	2.61	8.79	87.91
87	0.73	2.42	8.60	88.26
88	0.68	2.22	8.32	88.78
89	0.61	2.06	7.70	89.63
90	0.66	2.01	7.59	89.74
91	0.73	2.11	7.80	89.37
92	0.72	2.18	8.12	88.98
93	0.70	2.22	8.14	88.94
94	0.73	2.18	8.08	89.01
95	1.18	3.14	12.05	83.63




