Parameters
	Library type	Single-end
	Input file	/Volumes/wdhd/users/joaks1/projects/gekgo/data/genomes/msg/plate1/demultiplexed-raw/fastq/RMB_9748_Cyrtodactylus_philippinicus_Luzon_R1.fq
	Primer/Adaptor library	NA
	Cut-off read length for HQ	70%
	Cut-off quality score	20
	Only statistics	On
	Number of processes	2


QC statistics
	File name	RMB_9748_Cyrtodactylus_philippinicus_Luzon_R1.fq
	Total number of reads	1360232
	Total number of HQ reads	1324723
	Percentage of HQ reads	97.39%
	Total number of bases	129222040
	Total number of bases in HQ reads	125848685
	Total number of HQ bases in HQ reads	112654262
	Percentage of HQ bases in HQ reads	89.52%
	Number of Primer/Adaptor contaminated HQ reads	NA
	Total number of HQ filtered reads	1324723
	Percentage of HQ filtered reads	97.39%


Detailed QC statistics
	File name	RMB_9748_Cyrtodactylus_philippinicus_Luzon_R1.fq
	Minimum read length	95
	Maximum read length	95
	Average read length	95.00
	Total number of reads	1360232
	Total number of reads with non-ATGC bases	643
	Percentage of reads with non-ATGC bases	0.05%
	Total number of bases	129222040
	Total number of HQ bases	114690580
	Percentage of HQ bases	88.75%
	Total number of non-ATGC bases	3283
	Percentage of non-ATGC bases	0.00%


Average quality score at each base position of input reads

RMB_9748_Cyrtodactylus_philippinicus_Luzon_R1.fq
36.43	36.17	36.86	36.15	36.86	36.91	36.69	39.11	38.37	37.98	38.14	38.44	38.27	38.27	38.30	37.89	38.11	37.43	37.35	37.14	37.59	36.99	37.06	37.11	37.47	37.25	37.29	37.69	36.77	36.46	36.68	36.71	36.53	36.77	37.24	36.85	37.09	37.41	37.70	36.94	36.81	36.72	36.69	36.35	36.00	34.65	32.96	30.76	28.06	25.07	22.49	21.07	19.88	19.21	18.84	18.58	18.76	19.01	20.06	21.10	22.95	24.85	26.74	28.64	30.38	31.47	32.49	33.19	33.59	32.70	33.19	33.80	34.24	34.30	34.19	34.31	34.37	34.15	34.10	34.14	34.14	33.95	33.97	34.04	33.91	33.95	34.01	34.06	34.19	34.19	34.11	34.02	33.98	33.97	32.88	




Read count (%) per base for different quality score ranges

	RMB_9748_Cyrtodactylus_philippinicus_Luzon_R1.fq
Ranges	0-10	11-20	21-30	31-40
Base
1	0.00	0.38	0.44	99.18
2	0.00	0.15	0.16	99.69
3	0.00	0.13	0.21	99.66
4	0.00	0.44	1.06	98.51
5	0.00	0.15	0.34	99.51
6	0.00	0.09	0.22	99.69
7	0.01	0.47	0.93	98.60
8	0.00	0.64	0.68	98.68
9	0.03	0.98	1.55	97.45
10	0.02	1.24	1.70	97.04
11	0.02	1.09	1.32	97.57
12	0.01	0.70	1.14	98.15
13	0.03	0.80	1.75	97.41
14	0.02	0.96	1.57	97.45
15	0.02	0.93	1.37	97.68
16	0.04	1.01	1.99	96.96
17	0.02	0.85	1.40	97.73
18	0.08	1.45	2.74	95.74
19	0.09	1.71	2.55	95.64
20	0.08	1.99	2.81	95.12
21	0.06	1.51	1.90	96.53
22	0.15	1.57	2.53	95.75
23	0.11	1.44	2.53	95.92
24	0.16	1.47	2.35	96.02
25	0.12	1.29	1.88	96.71
26	0.21	1.28	2.57	95.94
27	0.22	1.27	2.39	96.12
28	0.18	1.14	1.75	96.93
29	0.56	1.26	2.66	95.53
30	0.56	1.70	3.63	94.10
31	0.62	1.51	3.17	94.70
32	0.88	1.63	3.25	94.25
33	0.69	1.91	3.70	93.70
34	0.65	1.52	3.09	94.75
35	0.33	1.23	2.24	96.20
36	0.58	1.12	3.15	95.15
37	0.61	0.98	2.63	95.78
38	0.48	0.93	2.29	96.29
39	0.29	0.91	1.97	96.83
40	0.55	0.98	3.04	95.43
41	0.66	1.18	3.39	94.77
42	0.65	1.42	3.67	94.26
43	0.62	1.42	3.79	94.17
44	0.80	1.77	4.43	93.00
45	0.88	1.88	5.03	92.21
46	1.32	2.86	8.60	87.22
47	1.66	5.82	13.61	78.91
48	1.98	11.34	18.98	67.69
49	2.22	20.44	23.17	54.17
50	2.91	34.22	22.11	40.76
51	3.96	47.58	17.74	30.72
52	5.03	53.93	15.96	25.08
53	5.66	59.86	14.20	20.28
54	5.73	63.73	12.95	17.59
55	5.56	65.30	13.78	15.35
56	5.29	66.67	14.13	13.91
57	4.34	65.98	16.19	13.48
58	3.99	64.16	18.02	13.83
59	2.67	57.93	23.09	16.31
60	2.99	51.02	25.78	20.22
61	1.92	41.68	29.32	27.08
62	2.02	32.33	30.02	35.64
63	1.76	24.73	28.73	44.77
64	1.30	18.44	25.98	54.28
65	1.33	13.21	21.73	63.72
66	1.41	10.37	18.71	69.51
67	1.14	7.94	16.18	74.74
68	1.05	6.31	14.12	78.52
69	1.06	5.45	12.75	80.74
70	0.99	4.50	16.66	77.86
71	1.17	4.58	12.76	81.49
72	0.80	4.35	11.08	83.76
73	0.70	3.99	9.56	85.74
74	0.78	3.87	9.33	86.02
75	0.81	3.84	9.79	85.55
76	0.75	3.47	9.20	86.58
77	0.79	3.15	8.73	87.34
78	0.88	3.29	9.28	86.55
79	0.86	3.34	9.33	86.46
80	0.80	3.17	9.12	86.91
81	0.81	2.93	9.06	87.19
82	0.85	3.18	9.56	86.41
83	0.83	3.29	9.17	86.72
84	0.81	3.08	8.98	87.14
85	0.89	3.04	9.38	86.69
86	0.84	2.95	9.16	87.06
87	0.83	2.77	8.97	87.42
88	0.82	2.56	8.74	87.89
89	0.77	2.35	8.02	88.86
90	0.82	2.34	7.89	88.95
91	0.84	2.42	8.23	88.51
92	0.87	2.56	8.50	88.08
93	0.86	2.58	8.69	87.87
94	0.88	2.51	8.61	88.00
95	1.44	3.57	12.75	82.24




