Parameters
	Library type	Single-end
	Input file	/Volumes/wdhd/users/joaks1/projects/gekgo/data/genomes/msg/plate1/demultiplexed-raw/fastq/RMB_13366_Cyrtodactylus_philippinicus_Luzon_R1.fq
	Primer/Adaptor library	NA
	Cut-off read length for HQ	70%
	Cut-off quality score	20
	Only statistics	On
	Number of processes	2


QC statistics
	File name	RMB_13366_Cyrtodactylus_philippinicus_Luzon_R1.fq
	Total number of reads	456206
	Total number of HQ reads	446407
	Percentage of HQ reads	97.85%
	Total number of bases	43339570
	Total number of bases in HQ reads	42408665
	Total number of HQ bases in HQ reads	38004036
	Percentage of HQ bases in HQ reads	89.61%
	Number of Primer/Adaptor contaminated HQ reads	NA
	Total number of HQ filtered reads	446407
	Percentage of HQ filtered reads	97.85%


Detailed QC statistics
	File name	RMB_13366_Cyrtodactylus_philippinicus_Luzon_R1.fq
	Minimum read length	95
	Maximum read length	95
	Average read length	95.00
	Total number of reads	456206
	Total number of reads with non-ATGC bases	247
	Percentage of reads with non-ATGC bases	0.05%
	Total number of bases	43339570
	Total number of HQ bases	38567478
	Percentage of HQ bases	88.99%
	Total number of non-ATGC bases	1357
	Percentage of non-ATGC bases	0.00%


Average quality score at each base position of input reads

RMB_13366_Cyrtodactylus_philippinicus_Luzon_R1.fq
36.88	36.53	36.89	36.35	36.89	36.93	36.71	39.13	38.40	38.01	38.17	38.46	38.28	38.27	38.33	37.91	38.13	37.49	37.35	37.16	37.62	37.03	37.09	37.16	37.51	37.31	37.35	37.76	36.85	36.52	36.74	36.78	36.60	36.82	37.29	36.89	37.16	37.46	37.74	36.97	36.82	36.72	36.68	36.34	36.03	34.67	32.95	30.68	28.10	25.08	22.60	21.09	19.99	19.25	18.85	18.72	18.87	19.11	20.14	21.18	23.02	24.93	26.85	28.76	30.50	31.60	32.61	33.33	33.68	32.83	33.30	33.89	34.31	34.38	34.27	34.40	34.44	34.24	34.21	34.23	34.25	34.04	34.08	34.17	34.02	34.05	34.10	34.19	34.30	34.30	34.22	34.16	34.14	34.12	33.05	




Read count (%) per base for different quality score ranges

	RMB_13366_Cyrtodactylus_philippinicus_Luzon_R1.fq
Ranges	0-10	11-20	21-30	31-40
Base
1	0.00	0.27	0.25	99.48
2	0.00	0.14	0.13	99.73
3	0.00	0.12	0.16	99.72
4	0.00	0.36	0.84	98.80
5	0.00	0.11	0.26	99.63
6	0.00	0.07	0.18	99.75
7	0.00	0.44	0.89	98.67
8	0.00	0.61	0.67	98.72
9	0.02	0.93	1.50	97.54
10	0.02	1.20	1.59	97.19
11	0.01	1.01	1.24	97.73
12	0.01	0.65	1.05	98.29
13	0.03	0.77	1.71	97.49
14	0.02	0.97	1.55	97.46
15	0.01	0.89	1.30	97.80
16	0.03	0.98	1.96	97.03
17	0.01	0.81	1.31	97.87
18	0.07	1.32	2.60	96.00
19	0.08	1.70	2.51	95.71
20	0.07	1.94	2.76	95.22
21	0.06	1.41	1.84	96.69
22	0.13	1.46	2.40	96.02
23	0.09	1.41	2.47	96.03
24	0.12	1.41	2.23	96.24
25	0.10	1.23	1.72	96.94
26	0.19	1.19	2.47	96.16
27	0.21	1.14	2.28	96.37
28	0.16	1.02	1.64	97.18
29	0.50	1.14	2.49	95.87
30	0.51	1.58	3.55	94.36
31	0.55	1.44	3.11	94.90
32	0.80	1.56	3.12	94.52
33	0.60	1.78	3.70	93.91
34	0.58	1.44	3.02	94.96
35	0.27	1.17	2.15	96.41
36	0.52	1.03	3.12	95.32
37	0.51	0.90	2.51	96.08
38	0.40	0.87	2.19	96.54
39	0.24	0.86	1.86	97.04
40	0.49	0.97	3.02	95.53
41	0.62	1.16	3.36	94.86
42	0.63	1.39	3.67	94.32
43	0.60	1.40	3.81	94.19
44	0.78	1.77	4.48	92.97
45	0.81	1.85	5.10	92.24
46	1.27	2.83	8.55	87.35
47	1.67	5.89	13.58	78.86
48	1.91	11.39	19.41	67.29
49	2.12	20.19	23.37	54.31
50	2.82	34.28	22.12	40.78
51	3.90	47.13	17.76	31.21
52	4.85	54.35	15.52	25.27
53	5.45	59.54	14.34	20.66
54	5.70	63.63	13.00	17.67
55	5.58	65.28	13.71	15.43
56	5.11	66.04	14.58	14.27
57	4.28	65.33	16.60	13.79
58	3.97	63.48	18.40	14.14
59	2.61	57.64	23.16	16.59
60	2.84	50.83	25.88	20.45
61	1.83	41.41	29.60	27.16
62	1.90	32.05	30.11	35.93
63	1.69	24.25	28.79	45.27
64	1.21	18.04	25.89	54.86
65	1.23	12.88	21.62	64.28
66	1.32	9.96	18.57	70.15
67	1.10	7.60	15.88	75.43
68	0.97	5.97	13.85	79.21
69	1.00	5.17	12.66	81.17
70	0.88	4.19	16.50	78.43
71	1.06	4.29	12.71	81.93
72	0.73	4.07	10.96	84.24
73	0.64	3.74	9.43	86.18
74	0.68	3.60	9.18	86.53
75	0.72	3.55	9.71	86.01
76	0.68	3.17	9.04	87.10
77	0.72	2.86	8.69	87.73
78	0.78	3.02	9.19	87.01
79	0.77	3.01	9.09	87.13
80	0.71	2.83	9.06	87.39
81	0.71	2.58	8.91	87.79
82	0.76	2.88	9.47	86.89
83	0.77	2.94	8.95	87.34
84	0.72	2.74	8.68	87.87
85	0.77	2.74	9.21	87.27
86	0.74	2.65	9.03	87.58
87	0.74	2.47	8.91	87.88
88	0.73	2.24	8.47	88.56
89	0.68	2.03	7.92	89.37
90	0.74	2.08	7.73	89.46
91	0.76	2.14	7.98	89.12
92	0.79	2.23	8.24	88.74
93	0.77	2.22	8.36	88.65
94	0.79	2.20	8.26	88.75
95	1.27	3.17	12.45	83.11




