Parameters
	Library type	Single-end
	Input file	/Volumes/wdhd/users/joaks1/projects/gekgo/data/genomes/msg/plate1/demultiplexed-raw/fastq/RMB_8444_Cyrtodactylus_mamanwa_Dinagat_R1.fq
	Primer/Adaptor library	NA
	Cut-off read length for HQ	70%
	Cut-off quality score	20
	Only statistics	On
	Number of processes	2


QC statistics
	File name	RMB_8444_Cyrtodactylus_mamanwa_Dinagat_R1.fq
	Total number of reads	1165550
	Total number of HQ reads	1139594
	Percentage of HQ reads	97.77%
	Total number of bases	110727250
	Total number of bases in HQ reads	108261430
	Total number of HQ bases in HQ reads	96982995
	Percentage of HQ bases in HQ reads	89.58%
	Number of Primer/Adaptor contaminated HQ reads	NA
	Total number of HQ filtered reads	1139594
	Percentage of HQ filtered reads	97.77%


Detailed QC statistics
	File name	RMB_8444_Cyrtodactylus_mamanwa_Dinagat_R1.fq
	Minimum read length	95
	Maximum read length	95
	Average read length	95.00
	Total number of reads	1165550
	Total number of reads with non-ATGC bases	550
	Percentage of reads with non-ATGC bases	0.05%
	Total number of bases	110727250
	Total number of HQ bases	98472468
	Percentage of HQ bases	88.93%
	Total number of non-ATGC bases	3145
	Percentage of non-ATGC bases	0.00%


Average quality score at each base position of input reads

RMB_8444_Cyrtodactylus_mamanwa_Dinagat_R1.fq
35.94	35.29	36.82	36.20	36.85	36.91	36.70	39.13	38.40	37.99	38.14	38.44	38.26	38.25	38.27	37.83	38.01	37.37	37.29	37.12	37.59	36.99	37.07	37.13	37.47	37.27	37.30	37.73	36.80	36.46	36.70	36.72	36.54	36.77	37.26	36.86	37.12	37.42	37.71	36.94	36.78	36.69	36.65	36.32	36.00	34.62	32.86	30.57	27.99	24.93	22.43	21.01	19.90	19.22	18.82	18.64	18.82	19.05	20.09	21.16	23.00	24.89	26.76	28.66	30.42	31.54	32.56	33.26	33.62	32.71	33.21	33.78	34.21	34.29	34.17	34.31	34.38	34.16	34.13	34.15	34.16	33.95	34.00	34.08	33.96	34.03	34.10	34.16	34.29	34.27	34.19	34.14	34.10	34.11	33.05	




Read count (%) per base for different quality score ranges

	RMB_8444_Cyrtodactylus_mamanwa_Dinagat_R1.fq
Ranges	0-10	11-20	21-30	31-40
Base
1	0.00	0.63	0.83	98.54
2	0.00	0.20	0.34	99.47
3	0.00	0.17	0.26	99.56
4	0.00	0.48	1.08	98.44
5	0.00	0.16	0.34	99.50
6	0.00	0.10	0.22	99.68
7	0.01	0.44	0.90	98.66
8	0.00	0.62	0.65	98.73
9	0.03	0.94	1.51	97.53
10	0.02	1.21	1.64	97.12
11	0.01	1.05	1.29	97.64
12	0.01	0.68	1.12	98.19
13	0.03	0.81	1.78	97.38
14	0.02	1.00	1.59	97.39
15	0.02	0.94	1.37	97.67
16	0.03	1.02	2.05	96.89
17	0.02	0.86	1.39	97.74
18	0.08	1.41	2.70	95.81
19	0.09	1.68	2.53	95.70
20	0.08	2.01	2.76	95.15
21	0.06	1.47	1.87	96.59
22	0.15	1.54	2.50	95.81
23	0.11	1.42	2.51	95.97
24	0.17	1.42	2.31	96.10
25	0.13	1.27	1.84	96.76
26	0.24	1.23	2.51	96.02
27	0.25	1.23	2.40	96.11
28	0.18	1.06	1.70	97.06
29	0.61	1.14	2.63	95.63
30	0.59	1.66	3.62	94.13
31	0.63	1.43	3.19	94.75
32	0.90	1.55	3.26	94.29
33	0.70	1.88	3.72	93.70
34	0.63	1.49	3.14	94.73
35	0.30	1.20	2.27	96.22
36	0.53	1.08	3.18	95.22
37	0.56	0.92	2.63	95.89
38	0.45	0.88	2.31	96.35
39	0.27	0.88	1.95	96.89
40	0.53	0.97	3.09	95.42
41	0.64	1.16	3.53	94.67
42	0.66	1.40	3.77	94.17
43	0.61	1.44	3.91	94.03
44	0.76	1.80	4.61	92.82
45	0.83	1.86	5.19	92.12
46	1.28	2.87	8.82	87.03
47	1.65	5.87	14.23	78.24
48	1.99	11.46	20.09	66.46
49	2.18	20.17	24.12	53.53
50	2.78	34.75	22.64	39.84
51	3.90	47.69	18.36	30.06
52	4.89	54.42	16.02	24.67
53	5.51	59.81	14.61	20.07
54	5.57	63.73	13.49	17.22
55	5.50	65.31	14.25	14.95
56	5.06	66.43	14.79	13.72
57	4.18	65.56	16.89	13.37
58	3.93	63.86	18.52	13.70
59	2.59	57.69	23.63	16.09
60	2.81	50.63	26.56	20.00
61	1.81	41.30	29.97	26.91
62	1.87	31.99	30.57	35.57
63	1.69	24.38	29.29	44.64
64	1.23	18.08	26.41	54.28
65	1.22	12.92	21.94	63.92
66	1.32	9.95	18.68	70.06
67	1.04	7.54	16.16	75.26
68	0.95	5.92	14.01	79.12
69	0.99	5.12	12.75	81.15
70	0.92	4.22	16.87	78.00
71	1.06	4.25	12.93	81.76
72	0.77	4.07	11.15	84.01
73	0.62	3.71	9.67	86.00
74	0.69	3.54	9.38	86.39
75	0.73	3.56	9.88	85.84
76	0.67	3.13	9.27	86.93
77	0.70	2.81	8.74	87.75
78	0.81	2.95	9.38	86.85
79	0.80	2.99	9.33	86.89
80	0.73	2.83	9.26	87.18
81	0.73	2.64	9.16	87.47
82	0.80	2.92	9.81	86.47
83	0.77	2.99	9.23	87.01
84	0.74	2.79	8.89	87.57
85	0.81	2.74	9.37	87.08
86	0.77	2.62	9.02	87.59
87	0.77	2.47	8.83	87.93
88	0.77	2.29	8.55	88.39
89	0.68	2.07	7.92	89.32
90	0.72	2.05	7.89	89.34
91	0.80	2.15	8.02	89.04
92	0.80	2.24	8.27	88.69
93	0.78	2.28	8.41	88.52
94	0.79	2.22	8.27	88.72
95	1.28	3.23	12.29	83.20




