Parameters
	Library type	Single-end
	Input file	/Volumes/wdhd/users/joaks1/projects/gekgo/data/genomes/msg/plate1/demultiplexed-raw/fastq/RMB_13664_Cyrtodactylus_philippinicus_Luzon_R1.fq
	Primer/Adaptor library	NA
	Cut-off read length for HQ	70%
	Cut-off quality score	20
	Only statistics	On
	Number of processes	2


QC statistics
	File name	RMB_13664_Cyrtodactylus_philippinicus_Luzon_R1.fq
	Total number of reads	171128
	Total number of HQ reads	167476
	Percentage of HQ reads	97.87%
	Total number of bases	16257160
	Total number of bases in HQ reads	15910220
	Total number of HQ bases in HQ reads	14242249
	Percentage of HQ bases in HQ reads	89.52%
	Number of Primer/Adaptor contaminated HQ reads	NA
	Total number of HQ filtered reads	167476
	Percentage of HQ filtered reads	97.87%


Detailed QC statistics
	File name	RMB_13664_Cyrtodactylus_philippinicus_Luzon_R1.fq
	Minimum read length	95
	Maximum read length	95
	Average read length	95.00
	Total number of reads	171128
	Total number of reads with non-ATGC bases	80
	Percentage of reads with non-ATGC bases	0.05%
	Total number of bases	16257160
	Total number of HQ bases	14452193
	Percentage of HQ bases	88.90%
	Total number of non-ATGC bases	317
	Percentage of non-ATGC bases	0.00%


Average quality score at each base position of input reads

RMB_13664_Cyrtodactylus_philippinicus_Luzon_R1.fq
36.74	36.45	36.88	36.24	36.89	36.93	36.71	39.10	38.35	37.95	38.12	38.40	38.23	38.23	38.29	37.86	38.08	37.39	37.26	37.09	37.55	36.94	37.02	37.08	37.43	37.21	37.25	37.69	36.73	36.40	36.63	36.69	36.48	36.70	37.20	36.81	37.05	37.36	37.66	36.89	36.74	36.65	36.61	36.30	35.91	34.50	32.83	30.61	27.95	24.98	22.48	21.00	19.77	19.11	18.73	18.54	18.76	18.92	20.09	21.14	23.01	24.92	26.79	28.67	30.40	31.50	32.52	33.19	33.55	32.65	33.16	33.76	34.22	34.29	34.18	34.33	34.40	34.20	34.16	34.17	34.16	33.98	34.02	34.08	33.90	33.95	34.04	34.10	34.23	34.20	34.13	34.04	34.02	34.01	32.94	




Read count (%) per base for different quality score ranges

	RMB_13664_Cyrtodactylus_philippinicus_Luzon_R1.fq
Ranges	0-10	11-20	21-30	31-40
Base
1	0.00	0.28	0.28	99.43
2	0.00	0.13	0.11	99.76
3	0.00	0.12	0.15	99.73
4	0.00	0.35	0.98	98.67
5	0.00	0.11	0.25	99.64
6	0.00	0.06	0.15	99.78
7	0.00	0.44	0.85	98.71
8	0.00	0.62	0.61	98.77
9	0.03	0.90	1.49	97.58
10	0.03	1.21	1.62	97.14
11	0.01	1.05	1.26	97.68
12	0.01	0.67	1.08	98.23
13	0.03	0.76	1.83	97.38
14	0.02	0.98	1.62	97.38
15	0.02	0.91	1.31	97.76
16	0.03	1.02	2.02	96.93
17	0.01	0.83	1.36	97.80
18	0.08	1.46	2.66	95.80
19	0.10	1.74	2.61	95.55
20	0.10	2.03	2.78	95.10
21	0.07	1.47	1.88	96.59
22	0.14	1.52	2.57	95.78
23	0.11	1.41	2.59	95.89
24	0.13	1.45	2.34	96.08
25	0.11	1.30	1.88	96.71
26	0.21	1.23	2.65	95.91
27	0.21	1.23	2.39	96.18
28	0.15	1.08	1.66	97.10
29	0.55	1.21	2.70	95.54
30	0.55	1.70	3.80	93.95
31	0.60	1.48	3.32	94.59
32	0.82	1.61	3.29	94.28
33	0.67	1.90	3.87	93.56
34	0.65	1.56	3.17	94.62
35	0.28	1.25	2.29	96.18
36	0.51	1.11	3.29	95.08
37	0.55	0.92	2.76	95.77
38	0.43	0.92	2.35	96.31
39	0.25	0.89	2.01	96.85
40	0.50	1.00	3.22	95.28
41	0.66	1.20	3.50	94.64
42	0.65	1.41	3.87	94.07
43	0.60	1.46	4.01	93.93
44	0.76	1.83	4.56	92.85
45	0.88	1.92	5.31	91.89
46	1.38	2.96	9.10	86.56
47	1.74	6.05	13.97	78.23
48	2.06	11.69	19.24	67.01
49	2.39	20.33	23.62	53.65
50	3.11	34.08	22.54	40.28
51	4.27	46.96	18.15	30.61
52	5.45	53.61	16.11	24.83
53	6.22	59.39	14.55	19.84
54	6.29	63.20	13.39	17.11
55	6.16	64.93	13.80	15.10
56	5.57	66.34	14.36	13.72
57	4.68	65.17	16.75	13.40
58	4.59	63.61	18.28	13.52
59	2.88	57.29	23.43	16.40
60	3.24	50.20	26.31	20.25
61	2.05	41.04	29.68	27.23
62	2.12	31.64	30.34	35.90
63	1.82	24.27	28.94	44.98
64	1.32	18.11	26.16	54.42
65	1.29	12.92	22.07	63.72
66	1.40	10.04	18.72	69.83
67	1.13	7.60	16.32	74.95
68	1.04	6.05	14.20	78.72
69	1.07	5.27	12.99	80.68
70	0.97	4.23	17.25	77.54
71	1.12	4.24	13.26	81.38
72	0.77	4.13	11.25	83.84
73	0.64	3.77	9.80	85.79
74	0.72	3.60	9.55	86.14
75	0.77	3.63	9.95	85.65
76	0.68	3.13	9.37	86.81
77	0.71	2.87	8.84	87.57
78	0.81	2.95	9.32	86.92
79	0.81	2.99	9.27	86.93
80	0.73	2.86	9.28	87.13
81	0.77	2.62	9.32	87.29
82	0.81	2.83	9.78	86.57
83	0.78	2.93	9.27	87.01
84	0.73	2.81	9.06	87.41
85	0.85	2.81	9.60	86.73
86	0.77	2.71	9.33	87.19
87	0.80	2.46	9.02	87.72
88	0.75	2.27	8.85	88.12
89	0.70	2.08	8.05	89.16
90	0.77	2.11	8.07	89.06
91	0.80	2.17	8.35	88.68
92	0.83	2.29	8.67	88.22
93	0.78	2.33	8.76	88.13
94	0.79	2.29	8.61	88.31
95	1.34	3.36	12.74	82.56




