Parameters
	Library type	Single-end
	Input file	/Volumes/wdhd/users/joaks1/projects/gekgo/data/genomes/msg/plate1/demultiplexed-raw/fastq/RMB_11302_Cyrtodactylus_annulatus_Mindanao_R1.fq
	Primer/Adaptor library	NA
	Cut-off read length for HQ	70%
	Cut-off quality score	20
	Only statistics	On
	Number of processes	2


QC statistics
	File name	RMB_11302_Cyrtodactylus_annulatus_Mindanao_R1.fq
	Total number of reads	69467
	Total number of HQ reads	67788
	Percentage of HQ reads	97.58%
	Total number of bases	6599365
	Total number of bases in HQ reads	6439860
	Total number of HQ bases in HQ reads	5757100
	Percentage of HQ bases in HQ reads	89.40%
	Number of Primer/Adaptor contaminated HQ reads	NA
	Total number of HQ filtered reads	67788
	Percentage of HQ filtered reads	97.58%


Detailed QC statistics
	File name	RMB_11302_Cyrtodactylus_annulatus_Mindanao_R1.fq
	Minimum read length	95
	Maximum read length	95
	Average read length	95.00
	Total number of reads	69467
	Total number of reads with non-ATGC bases	32
	Percentage of reads with non-ATGC bases	0.05%
	Total number of bases	6599365
	Total number of HQ bases	5853409
	Percentage of HQ bases	88.70%
	Total number of non-ATGC bases	194
	Percentage of non-ATGC bases	0.00%


Average quality score at each base position of input reads

RMB_11302_Cyrtodactylus_annulatus_Mindanao_R1.fq
34.76	34.30	36.74	36.07	36.85	36.91	36.67	39.02	38.29	37.93	38.10	38.41	38.23	38.18	38.20	37.79	38.01	37.34	37.24	37.03	37.50	36.89	36.99	37.07	37.39	37.16	37.22	37.68	36.72	36.39	36.60	36.62	36.44	36.66	37.19	36.74	36.98	37.29	37.58	36.81	36.66	36.52	36.52	36.18	35.88	34.45	32.73	30.37	27.76	24.68	22.36	20.78	19.80	19.03	18.55	18.52	18.59	18.93	19.88	20.98	22.90	24.78	26.64	28.60	30.20	31.27	32.34	33.17	33.53	32.60	33.06	33.62	34.05	34.13	34.05	34.19	34.22	34.00	33.96	33.96	33.98	33.84	33.84	33.92	33.83	33.84	33.88	33.97	34.08	34.09	34.03	33.97	33.95	33.91	32.79	




Read count (%) per base for different quality score ranges

	RMB_11302_Cyrtodactylus_annulatus_Mindanao_R1.fq
Ranges	0-10	11-20	21-30	31-40
Base
1	0.00	1.11	2.16	96.73
2	0.00	0.16	0.78	99.06
3	0.00	0.15	0.34	99.50
4	0.00	0.48	1.24	98.29
5	0.00	0.13	0.39	99.48
6	0.00	0.10	0.17	99.72
7	0.01	0.50	0.98	98.51
8	0.00	0.69	0.74	98.57
9	0.02	1.01	1.61	97.37
10	0.03	1.23	1.78	96.97
11	0.02	1.03	1.38	97.58
12	0.01	0.71	1.18	98.10
13	0.02	0.78	1.94	97.25
14	0.03	1.05	1.68	97.24
15	0.01	0.96	1.49	97.54
16	0.04	1.06	2.16	96.74
17	0.03	0.81	1.42	97.74
18	0.07	1.39	2.74	95.80
19	0.08	1.77	2.63	95.52
20	0.07	2.08	3.00	94.85
21	0.08	1.63	2.00	96.30
22	0.13	1.58	2.81	95.47
23	0.09	1.49	2.72	95.70
24	0.17	1.36	2.50	95.97
25	0.12	1.32	1.87	96.69
26	0.23	1.23	2.72	95.82
27	0.26	1.22	2.60	95.92
28	0.20	1.06	1.69	97.04
29	0.62	1.13	2.87	95.38
30	0.60	1.68	3.81	93.91
31	0.64	1.43	3.40	94.53
32	0.93	1.65	3.48	93.93
33	0.62	1.97	4.00	93.41
34	0.67	1.53	3.24	94.57
35	0.33	1.27	2.35	96.04
36	0.63	1.17	3.43	94.76
37	0.59	1.02	2.98	95.42
38	0.50	0.96	2.43	96.11
39	0.31	1.01	2.00	96.68
40	0.58	1.03	3.35	95.04
41	0.73	1.29	3.66	94.32
42	0.72	1.58	4.12	93.58
43	0.66	1.51	4.13	93.70
44	0.90	1.78	4.85	92.47
45	0.92	2.04	5.43	91.61
46	1.49	2.99	9.16	86.36
47	1.78	6.16	14.28	77.77
48	2.19	11.77	20.36	65.67
49	2.47	20.98	23.91	52.64
50	3.24	35.11	22.58	39.06
51	4.58	46.98	18.34	30.10
52	5.82	54.11	16.21	23.86
53	6.31	59.11	14.56	20.02
54	6.55	63.18	13.50	16.77
55	6.50	65.14	14.21	14.15
56	5.91	65.75	14.79	13.54
57	4.99	65.96	16.08	12.97
58	4.55	63.45	18.68	13.32
59	3.25	57.92	23.41	15.42
60	3.25	50.84	26.74	19.16
61	2.15	41.54	29.72	26.59
62	2.20	32.14	30.59	35.07
63	1.95	24.46	29.58	44.01
64	1.38	18.10	26.33	54.19
65	1.47	13.43	22.03	63.07
66	1.54	10.49	19.27	68.71
67	1.26	7.67	16.82	74.25
68	1.09	5.78	14.34	78.79
69	1.15	4.98	12.87	81.00
70	1.00	4.25	17.20	77.55
71	1.29	4.31	13.34	81.06
72	0.88	4.30	11.48	83.35
73	0.79	3.94	9.98	85.29
74	0.77	3.72	9.94	85.57
75	0.91	3.68	10.03	85.38
76	0.83	3.19	9.67	86.31
77	0.77	3.12	8.99	87.12
78	0.95	3.04	9.75	86.26
79	0.93	3.09	9.71	86.27
80	0.90	3.04	9.62	86.44
81	0.88	2.78	9.60	86.74
82	0.92	2.91	9.96	86.21
83	0.90	3.07	9.83	86.19
84	0.94	2.94	9.16	86.95
85	0.95	2.87	9.69	86.49
86	0.94	2.81	9.56	86.69
87	0.92	2.66	9.36	87.05
88	0.87	2.46	9.03	87.64
89	0.85	2.19	8.48	88.48
90	0.96	2.15	8.27	88.62
91	0.98	2.28	8.42	88.32
92	0.95	2.42	8.58	88.05
93	0.86	2.39	8.99	87.76
94	0.92	2.42	8.76	87.90
95	1.52	3.48	13.25	81.75




