Parameters
	Library type	Single-end
	Input file	/Volumes/wdhd/users/joaks1/projects/gekgo/data/genomes/msg/plate1/demultiplexed-raw/fastq/RMB_13966_Cyrtodactylus_philippinicus_Luzon_R1.fq
	Primer/Adaptor library	NA
	Cut-off read length for HQ	70%
	Cut-off quality score	20
	Only statistics	On
	Number of processes	2


QC statistics
	File name	RMB_13966_Cyrtodactylus_philippinicus_Luzon_R1.fq
	Total number of reads	169499
	Total number of HQ reads	165870
	Percentage of HQ reads	97.86%
	Total number of bases	16102405
	Total number of bases in HQ reads	15757650
	Total number of HQ bases in HQ reads	14112867
	Percentage of HQ bases in HQ reads	89.56%
	Number of Primer/Adaptor contaminated HQ reads	NA
	Total number of HQ filtered reads	165870
	Percentage of HQ filtered reads	97.86%


Detailed QC statistics
	File name	RMB_13966_Cyrtodactylus_philippinicus_Luzon_R1.fq
	Minimum read length	95
	Maximum read length	95
	Average read length	95.00
	Total number of reads	169499
	Total number of reads with non-ATGC bases	76
	Percentage of reads with non-ATGC bases	0.04%
	Total number of bases	16102405
	Total number of HQ bases	14319936
	Percentage of HQ bases	88.93%
	Total number of non-ATGC bases	368
	Percentage of non-ATGC bases	0.00%


Average quality score at each base position of input reads

RMB_13966_Cyrtodactylus_philippinicus_Luzon_R1.fq
36.85	36.41	36.88	36.31	36.89	36.93	36.71	39.14	38.43	38.04	38.19	38.49	38.28	38.28	38.32	37.91	38.10	37.43	37.31	37.14	37.60	37.01	37.09	37.16	37.51	37.29	37.33	37.77	36.82	36.51	36.71	36.74	36.55	36.77	37.27	36.84	37.12	37.42	37.72	36.95	36.81	36.70	36.66	36.30	35.99	34.62	32.92	30.59	27.97	24.99	22.47	20.96	19.85	19.16	18.77	18.61	18.86	19.02	20.06	21.13	22.97	24.88	26.79	28.67	30.43	31.54	32.55	33.27	33.65	32.77	33.22	33.81	34.24	34.32	34.20	34.35	34.42	34.18	34.17	34.18	34.18	33.98	34.02	34.11	33.98	34.03	34.10	34.18	34.31	34.30	34.20	34.14	34.12	34.12	33.02	




Read count (%) per base for different quality score ranges

	RMB_13966_Cyrtodactylus_philippinicus_Luzon_R1.fq
Ranges	0-10	11-20	21-30	31-40
Base
1	0.00	0.26	0.24	99.50
2	0.00	0.13	0.11	99.76
3	0.00	0.13	0.15	99.71
4	0.00	0.34	0.87	98.79
5	0.00	0.10	0.27	99.63
6	0.00	0.06	0.16	99.78
7	0.00	0.42	0.86	98.72
8	0.00	0.59	0.66	98.75
9	0.02	0.88	1.46	97.65
10	0.02	1.14	1.57	97.27
11	0.01	1.00	1.19	97.80
12	0.01	0.64	1.05	98.31
13	0.03	0.77	1.72	97.48
14	0.02	0.95	1.52	97.51
15	0.01	0.89	1.29	97.81
16	0.04	0.92	1.94	97.11
17	0.02	0.79	1.36	97.83
18	0.07	1.35	2.66	95.92
19	0.10	1.68	2.56	95.66
20	0.09	1.95	2.74	95.23
21	0.07	1.45	1.78	96.70
22	0.14	1.47	2.44	95.94
23	0.10	1.41	2.45	96.04
24	0.14	1.37	2.27	96.22
25	0.10	1.22	1.79	96.89
26	0.22	1.23	2.39	96.17
27	0.22	1.19	2.26	96.33
28	0.16	1.01	1.60	97.22
29	0.59	1.10	2.59	95.73
30	0.55	1.61	3.45	94.39
31	0.61	1.42	3.07	94.90
32	0.83	1.56	3.21	94.40
33	0.65	1.88	3.67	93.81
34	0.59	1.53	3.07	94.81
35	0.26	1.20	2.25	96.28
36	0.53	1.08	3.21	95.17
37	0.53	0.92	2.61	95.94
38	0.43	0.91	2.21	96.45
39	0.25	0.92	1.84	96.98
40	0.49	0.98	3.01	95.51
41	0.63	1.16	3.35	94.87
42	0.66	1.43	3.68	94.23
43	0.58	1.41	3.85	94.16
44	0.75	1.86	4.55	92.83
45	0.87	1.85	5.05	92.23
46	1.30	2.91	8.64	87.15
47	1.62	5.85	13.81	78.72
48	1.99	11.50	19.77	66.74
49	2.14	20.39	24.02	53.45
50	2.78	34.58	22.30	40.34
51	3.98	47.41	18.20	30.41
52	4.95	54.62	15.88	24.54
53	5.54	60.02	14.54	19.90
54	5.70	63.99	13.14	17.17
55	5.54	65.56	13.98	14.93
56	5.18	66.29	14.91	13.62
57	4.18	65.32	16.95	13.56
58	4.16	63.82	18.17	13.85
59	2.63	57.88	23.36	16.13
60	2.79	50.89	26.25	20.08
61	1.83	41.62	29.66	26.89
62	1.88	32.16	30.36	35.60
63	1.73	24.39	28.93	44.95
64	1.24	18.22	26.06	54.48
65	1.21	12.94	21.79	64.06
66	1.35	10.01	18.60	70.05
67	1.12	7.59	16.12	75.17
68	1.00	5.89	14.07	79.04
69	0.97	5.10	12.78	81.15
70	0.87	4.23	16.73	78.17
71	1.09	4.28	12.99	81.64
72	0.77	4.12	11.09	84.01
73	0.66	3.71	9.61	86.02
74	0.69	3.56	9.36	86.39
75	0.78	3.53	9.83	85.87
76	0.68	3.11	9.20	87.00
77	0.69	2.80	8.71	87.80
78	0.79	2.99	9.38	86.83
79	0.79	3.01	9.25	86.95
80	0.74	2.91	9.08	87.28
81	0.77	2.62	9.13	87.48
82	0.81	2.95	9.67	86.57
83	0.78	3.02	9.15	87.05
84	0.74	2.78	8.85	87.63
85	0.78	2.77	9.35	87.10
86	0.76	2.65	9.02	87.57
87	0.75	2.47	8.81	87.97
88	0.71	2.24	8.56	88.49
89	0.69	2.01	7.87	89.42
90	0.75	2.02	7.63	89.59
91	0.79	2.18	7.99	89.04
92	0.78	2.18	8.43	88.61
93	0.80	2.21	8.33	88.65
94	0.78	2.18	8.22	88.83
95	1.36	3.16	12.54	82.95




