Parameters
	Library type	Single-end
	Input file	/Volumes/wdhd/users/joaks1/projects/gekgo/data/genomes/msg/plate1/demultiplexed-raw/fastq/RMB_15052_Cyrtodactylus_philippinicus_Luzon_R1.fq
	Primer/Adaptor library	NA
	Cut-off read length for HQ	70%
	Cut-off quality score	20
	Only statistics	On
	Number of processes	2


QC statistics
	File name	RMB_15052_Cyrtodactylus_philippinicus_Luzon_R1.fq
	Total number of reads	33637
	Total number of HQ reads	32310
	Percentage of HQ reads	96.05%
	Total number of bases	3195515
	Total number of bases in HQ reads	3069450
	Total number of HQ bases in HQ reads	2729598
	Percentage of HQ bases in HQ reads	88.93%
	Number of Primer/Adaptor contaminated HQ reads	NA
	Total number of HQ filtered reads	32310
	Percentage of HQ filtered reads	96.05%


Detailed QC statistics
	File name	RMB_15052_Cyrtodactylus_philippinicus_Luzon_R1.fq
	Minimum read length	95
	Maximum read length	95
	Average read length	95.00
	Total number of reads	33637
	Total number of reads with non-ATGC bases	20
	Percentage of reads with non-ATGC bases	0.06%
	Total number of bases	3195515
	Total number of HQ bases	2805837
	Percentage of HQ bases	87.81%
	Total number of non-ATGC bases	104
	Percentage of non-ATGC bases	0.00%


Average quality score at each base position of input reads

RMB_15052_Cyrtodactylus_philippinicus_Luzon_R1.fq
36.10	35.89	36.48	35.35	36.40	36.62	36.43	38.71	37.94	37.50	37.62	37.93	37.73	37.75	37.76	37.37	37.52	36.87	36.80	36.57	36.96	36.41	36.53	36.58	36.88	36.58	36.64	37.11	36.23	35.82	36.09	36.17	35.90	36.23	36.66	36.18	36.47	36.83	37.07	36.34	36.20	36.04	35.95	35.68	35.32	34.04	32.38	30.10	27.50	24.52	22.09	20.59	19.48	18.84	18.41	18.40	18.63	18.93	19.97	20.95	22.73	24.57	26.44	28.34	29.97	31.07	32.16	32.84	33.17	32.36	32.82	33.41	33.81	33.87	33.77	33.90	33.93	33.74	33.69	33.72	33.72	33.47	33.51	33.59	33.47	33.50	33.59	33.63	33.71	33.68	33.59	33.51	33.48	33.42	32.40	




Read count (%) per base for different quality score ranges

	RMB_15052_Cyrtodactylus_philippinicus_Luzon_R1.fq
Ranges	0-10	11-20	21-30	31-40
Base
1	0.00	0.84	1.32	97.84
2	0.00	0.28	0.82	98.89
3	0.00	0.80	1.33	97.88
4	0.00	3.12	2.98	93.90
5	0.00	1.03	1.83	97.14
6	0.00	0.51	1.17	98.31
7	0.01	0.87	1.80	97.32
8	0.01	1.00	1.34	97.65
9	0.03	1.51	2.60	95.85
10	0.04	1.94	2.77	95.25
11	0.02	1.88	2.60	95.49
12	0.00	1.48	2.29	96.22
13	0.07	1.64	2.90	95.39
14	0.05	1.74	2.72	95.50
15	0.03	1.80	2.47	95.69
16	0.05	1.79	3.04	95.12
17	0.02	1.86	2.65	95.48
18	0.09	2.51	3.83	93.58
19	0.12	2.66	3.65	93.57
20	0.19	3.07	4.08	92.65
21	0.18	2.72	3.06	94.04
22	0.29	2.65	3.70	93.36
23	0.24	2.39	3.70	93.66
24	0.30	2.41	3.47	93.82
25	0.37	2.30	2.98	94.35
26	0.56	2.41	3.87	93.16
27	0.66	2.42	3.49	93.43
28	0.51	1.97	2.82	94.71
29	1.03	1.94	3.75	93.28
30	1.23	2.60	4.69	91.48
31	1.17	2.24	4.27	92.32
32	1.42	2.14	4.29	92.14
33	1.33	2.73	4.65	91.29
34	1.17	2.12	4.24	92.47
35	0.87	1.90	3.20	94.03
36	1.34	1.87	4.20	92.59
37	1.31	1.51	3.67	93.51
38	0.97	1.52	3.48	94.03
39	0.81	1.53	3.23	94.43
40	1.14	1.58	4.05	93.24
41	1.23	1.81	4.48	92.48
42	1.25	2.19	5.11	91.45
43	1.25	2.34	5.22	91.19
44	1.43	2.51	5.80	90.26
45	1.55	2.73	6.42	89.30
46	2.03	3.73	9.77	84.46
47	2.51	6.64	14.42	76.44
48	2.92	12.28	20.09	64.71
49	3.18	21.15	23.74	51.94
50	4.05	35.03	22.33	38.60
51	5.22	47.45	18.00	29.33
52	5.97	55.10	15.64	23.29
53	6.96	59.93	14.14	18.97
54	7.09	63.67	12.93	16.31
55	6.82	65.84	13.36	13.98
56	6.31	65.61	14.86	13.22
57	5.15	65.14	16.76	12.96
58	5.04	62.87	18.41	13.69
59	3.33	57.21	23.58	15.88
60	3.65	50.74	25.86	19.75
61	2.43	41.86	29.63	26.08
62	2.34	32.91	30.33	34.43
63	2.25	25.02	29.39	43.34
64	1.64	19.01	26.53	52.81
65	1.64	14.01	22.64	61.72
66	1.60	11.05	19.83	67.52
67	1.30	8.24	17.32	73.15
68	1.29	6.44	15.42	76.84
69	1.42	5.86	13.97	78.76
70	1.11	4.88	18.40	75.60
71	1.41	4.85	14.17	79.58
72	1.01	4.58	12.62	81.78
73	0.89	4.44	11.04	83.63
74	1.03	4.19	10.83	83.95
75	1.03	4.27	11.13	83.57
76	0.95	3.81	10.57	84.67
77	1.04	3.40	10.46	85.09
78	1.08	3.64	10.75	84.53
79	1.13	3.65	10.92	84.30
80	1.00	3.50	10.75	84.75
81	1.01	3.34	10.73	84.92
82	1.14	3.53	11.62	83.71
83	1.17	3.63	10.88	84.32
84	1.03	3.58	10.71	84.68
85	1.14	3.34	11.23	84.29
86	1.14	3.45	10.57	84.84
87	1.09	3.16	10.49	85.26
88	1.08	2.99	10.33	85.59
89	1.03	2.93	9.79	86.25
90	1.10	2.87	9.98	86.05
91	1.10	3.03	10.27	85.61
92	1.19	3.23	10.35	85.24
93	1.28	3.18	10.28	85.26
94	1.29	3.26	10.63	84.82
95	1.82	4.35	14.22	79.61




