Parameters
	Library type	Single-end
	Input file	/Volumes/wdhd/users/joaks1/projects/gekgo/data/genomes/msg/plate1/demultiplexed-raw/fastq/RMB_12838_Cyrtodactylus_philippinicus_Luzon_R1.fq
	Primer/Adaptor library	NA
	Cut-off read length for HQ	70%
	Cut-off quality score	20
	Only statistics	On
	Number of processes	2


QC statistics
	File name	RMB_12838_Cyrtodactylus_philippinicus_Luzon_R1.fq
	Total number of reads	207488
	Total number of HQ reads	203410
	Percentage of HQ reads	98.03%
	Total number of bases	19711360
	Total number of bases in HQ reads	19323950
	Total number of HQ bases in HQ reads	17247178
	Percentage of HQ bases in HQ reads	89.25%
	Number of Primer/Adaptor contaminated HQ reads	NA
	Total number of HQ filtered reads	203410
	Percentage of HQ filtered reads	98.03%


Detailed QC statistics
	File name	RMB_12838_Cyrtodactylus_philippinicus_Luzon_R1.fq
	Minimum read length	95
	Maximum read length	95
	Average read length	95.00
	Total number of reads	207488
	Total number of reads with non-ATGC bases	84
	Percentage of reads with non-ATGC bases	0.04%
	Total number of bases	19711360
	Total number of HQ bases	17480022
	Percentage of HQ bases	88.68%
	Total number of non-ATGC bases	431
	Percentage of non-ATGC bases	0.00%


Average quality score at each base position of input reads

RMB_12838_Cyrtodactylus_philippinicus_Luzon_R1.fq
36.89	36.42	36.89	36.34	36.89	36.93	36.68	39.05	38.29	37.92	38.08	38.39	38.13	38.08	38.15	37.62	37.84	37.23	37.12	36.96	37.47	36.81	36.88	36.95	37.35	37.12	37.16	37.60	36.58	36.26	36.51	36.54	36.34	36.57	37.09	36.63	36.88	37.21	37.50	36.69	36.55	36.43	36.35	36.00	35.67	34.19	32.43	30.06	27.40	24.52	22.04	20.57	19.49	18.83	18.43	18.34	18.58	18.82	19.89	20.92	22.74	24.56	26.47	28.39	30.10	31.20	32.20	32.94	33.30	32.35	32.86	33.51	33.98	34.08	33.96	34.10	34.16	33.95	33.96	33.98	34.02	33.81	33.85	33.95	33.82	33.87	33.93	34.00	34.13	34.10	34.02	33.96	33.93	33.94	32.77	




Read count (%) per base for different quality score ranges

	RMB_12838_Cyrtodactylus_philippinicus_Luzon_R1.fq
Ranges	0-10	11-20	21-30	31-40
Base
1	0.00	0.23	0.20	99.57
2	0.00	0.12	0.14	99.74
3	0.00	0.12	0.17	99.71
4	0.00	0.35	0.92	98.73
5	0.00	0.10	0.26	99.64
6	0.00	0.06	0.18	99.76
7	0.01	0.47	0.92	98.60
8	0.00	0.65	0.69	98.66
9	0.03	1.00	1.55	97.42
10	0.02	1.19	1.70	97.09
11	0.01	1.02	1.29	97.68
12	0.01	0.66	1.09	98.25
13	0.03	0.86	1.89	97.22
14	0.03	1.06	1.64	97.27
15	0.01	0.92	1.36	97.71
16	0.05	1.10	2.21	96.64
17	0.02	0.87	1.44	97.67
18	0.08	1.44	2.82	95.65
19	0.12	1.75	2.65	95.48
20	0.10	2.09	3.01	94.80
21	0.07	1.45	1.94	96.55
22	0.19	1.60	2.66	95.55
23	0.14	1.53	2.71	95.62
24	0.20	1.48	2.53	95.78
25	0.14	1.28	1.90	96.67
26	0.28	1.20	2.70	95.82
27	0.29	1.19	2.51	96.01
28	0.19	1.11	1.76	96.94
29	0.70	1.18	2.90	95.22
30	0.65	1.70	3.99	93.65
31	0.67	1.51	3.41	94.41
32	0.96	1.62	3.47	93.96
33	0.72	1.98	4.03	93.26
34	0.68	1.58	3.40	94.34
35	0.30	1.25	2.37	96.08
36	0.54	1.22	3.62	94.62
37	0.62	0.97	2.86	95.55
38	0.47	0.96	2.49	96.07
39	0.29	0.94	2.17	96.60
40	0.61	1.08	3.46	94.86
41	0.71	1.24	3.90	94.14
42	0.73	1.52	4.29	93.46
43	0.71	1.57	4.51	93.21
44	0.91	2.00	5.25	91.84
45	0.98	2.03	5.98	91.01
46	1.57	3.19	9.90	85.34
47	2.02	6.45	15.15	76.38
48	2.52	12.28	20.98	64.22
49	2.89	21.24	24.91	50.96
50	3.66	35.13	23.07	38.13
51	5.18	47.48	18.69	28.65
52	6.38	54.36	16.16	23.10
53	7.16	59.25	14.93	18.66
54	7.22	63.16	13.50	16.12
55	7.04	65.03	14.14	13.78
56	6.40	65.59	15.32	12.68
57	5.22	64.95	17.33	12.50
58	5.15	63.05	18.81	12.99
59	3.20	57.77	23.72	15.32
60	3.46	50.87	26.51	19.16
61	2.22	41.98	29.95	25.85
62	2.33	32.76	30.78	34.13
63	2.03	24.76	29.99	43.22
64	1.42	18.60	26.82	53.15
65	1.46	13.28	22.70	62.56
66	1.50	10.32	19.60	68.58
67	1.24	7.86	17.12	73.78
68	1.07	6.02	15.13	77.78
69	1.13	5.25	13.60	80.01
70	1.05	4.26	18.43	76.26
71	1.23	4.28	14.25	80.24
72	0.83	4.05	12.09	83.03
73	0.70	3.63	10.52	85.15
74	0.75	3.51	10.07	85.67
75	0.84	3.43	10.67	85.05
76	0.75	3.17	9.89	86.20
77	0.78	2.84	9.47	86.91
78	0.88	2.98	10.21	85.93
79	0.88	2.89	10.00	86.23
80	0.82	2.76	9.92	86.50
81	0.79	2.54	9.83	86.85
82	0.88	2.78	10.40	85.93
83	0.85	2.84	9.93	86.37
84	0.78	2.65	9.59	86.99
85	0.87	2.64	9.95	86.55
86	0.89	2.51	9.62	86.98
87	0.81	2.38	9.51	87.30
88	0.80	2.18	9.26	87.76
89	0.70	1.96	8.71	88.63
90	0.80	1.90	8.67	88.62
91	0.86	2.09	8.71	88.34
92	0.84	2.16	9.06	87.94
93	0.85	2.23	9.10	87.82
94	0.85	2.18	8.92	88.05
95	1.49	3.38	13.19	81.93




