Parameters
	Library type	Single-end
	Input file	/Volumes/wdhd/users/joaks1/projects/gekgo/data/genomes/msg/plate1/demultiplexed-raw/fastq/RMB_14453_Cyrtodactylus_philippinicus_Luzon_R1.fq
	Primer/Adaptor library	NA
	Cut-off read length for HQ	70%
	Cut-off quality score	20
	Only statistics	On
	Number of processes	2


QC statistics
	File name	RMB_14453_Cyrtodactylus_philippinicus_Luzon_R1.fq
	Total number of reads	640712
	Total number of HQ reads	627561
	Percentage of HQ reads	97.95%
	Total number of bases	60867640
	Total number of bases in HQ reads	59618295
	Total number of HQ bases in HQ reads	53365181
	Percentage of HQ bases in HQ reads	89.51%
	Number of Primer/Adaptor contaminated HQ reads	NA
	Total number of HQ filtered reads	627561
	Percentage of HQ filtered reads	97.95%


Detailed QC statistics
	File name	RMB_14453_Cyrtodactylus_philippinicus_Luzon_R1.fq
	Minimum read length	95
	Maximum read length	95
	Average read length	95.00
	Total number of reads	640712
	Total number of reads with non-ATGC bases	288
	Percentage of reads with non-ATGC bases	0.04%
	Total number of bases	60867640
	Total number of HQ bases	54120756
	Percentage of HQ bases	88.92%
	Total number of non-ATGC bases	1577
	Percentage of non-ATGC bases	0.00%


Average quality score at each base position of input reads

RMB_14453_Cyrtodactylus_philippinicus_Luzon_R1.fq
36.40	35.27	36.83	36.19	36.88	36.93	36.71	39.12	38.38	38.00	38.15	38.43	38.26	38.26	38.30	37.85	38.06	37.39	37.28	37.09	37.56	36.95	37.02	37.10	37.45	37.24	37.29	37.72	36.76	36.44	36.67	36.71	36.52	36.75	37.24	36.81	37.07	37.38	37.67	36.89	36.76	36.68	36.63	36.28	35.95	34.57	32.83	30.53	27.94	24.89	22.40	20.86	19.79	19.11	18.71	18.59	18.80	18.98	20.02	21.11	22.96	24.86	26.80	28.65	30.40	31.49	32.51	33.23	33.57	32.66	33.18	33.80	34.25	34.33	34.21	34.35	34.41	34.19	34.15	34.15	34.18	33.98	34.02	34.09	33.97	34.01	34.08	34.15	34.25	34.24	34.16	34.10	34.09	34.07	33.00	




Read count (%) per base for different quality score ranges

	RMB_14453_Cyrtodactylus_philippinicus_Luzon_R1.fq
Ranges	0-10	11-20	21-30	31-40
Base
1	0.00	0.40	0.57	99.03
2	0.00	0.14	0.27	99.59
3	0.00	0.13	0.22	99.65
4	0.00	0.42	1.01	98.56
5	0.00	0.11	0.26	99.63
6	0.00	0.07	0.17	99.76
7	0.01	0.44	0.84	98.72
8	0.00	0.60	0.62	98.78
9	0.02	0.90	1.44	97.64
10	0.02	1.15	1.59	97.25
11	0.01	1.01	1.19	97.79
12	0.01	0.65	1.09	98.25
13	0.03	0.77	1.77	97.44
14	0.02	0.94	1.53	97.51
15	0.01	0.89	1.30	97.81
16	0.03	0.99	1.99	96.98
17	0.02	0.83	1.35	97.80
18	0.08	1.40	2.72	95.81
19	0.10	1.69	2.53	95.68
20	0.09	2.02	2.78	95.12
21	0.06	1.49	1.87	96.58
22	0.14	1.52	2.50	95.84
23	0.10	1.43	2.56	95.91
24	0.15	1.41	2.34	96.10
25	0.12	1.25	1.82	96.81
26	0.21	1.23	2.53	96.03
27	0.20	1.19	2.36	96.25
28	0.16	1.03	1.62	97.19
29	0.56	1.16	2.66	95.63
30	0.55	1.62	3.68	94.16
31	0.60	1.44	3.21	94.75
32	0.84	1.60	3.21	94.35
33	0.67	1.84	3.79	93.70
34	0.59	1.52	3.10	94.79
35	0.26	1.18	2.21	96.35
36	0.51	1.13	3.29	95.08
37	0.54	0.95	2.69	95.82
38	0.42	0.90	2.32	96.36
39	0.24	0.90	1.96	96.90
40	0.51	0.99	3.11	95.39
41	0.63	1.16	3.52	94.69
42	0.63	1.40	3.78	94.19
43	0.59	1.43	3.94	94.05
44	0.79	1.75	4.66	92.80
45	0.86	1.89	5.20	92.05
46	1.32	2.94	8.80	86.94
47	1.73	6.06	13.89	78.33
48	2.15	11.69	19.45	66.72
49	2.40	20.21	23.76	53.63
50	3.21	34.40	22.33	40.06
51	4.50	47.01	18.07	30.41
52	5.62	54.20	15.83	24.35
53	6.24	59.26	14.53	19.97
54	6.42	63.11	13.24	17.23
55	6.30	64.90	13.83	14.97
56	5.65	65.75	14.79	13.80
57	4.69	64.88	16.96	13.47
58	4.56	63.35	18.35	13.74
59	3.00	57.53	23.37	16.10
60	3.24	50.44	26.20	20.13
61	2.05	41.29	29.71	26.96
62	2.13	31.89	30.39	35.60
63	1.86	24.13	29.01	44.99
64	1.35	18.19	26.08	54.38
65	1.36	12.91	21.88	63.85
66	1.46	10.05	18.70	69.79
67	1.14	7.63	16.31	74.92
68	1.04	5.97	14.14	78.86
69	1.08	5.19	12.93	80.80
70	0.96	4.21	17.21	77.62
71	1.13	4.28	13.15	81.45
72	0.77	4.05	11.18	84.00
73	0.64	3.70	9.71	85.95
74	0.70	3.54	9.36	86.40
75	0.74	3.51	9.88	85.88
76	0.69	3.10	9.16	87.05
77	0.70	2.80	8.78	87.72
78	0.78	2.92	9.42	86.88
79	0.80	2.94	9.40	86.85
80	0.75	2.82	9.32	87.12
81	0.72	2.57	9.27	87.44
82	0.80	2.83	9.79	86.59
83	0.79	2.91	9.16	87.13
84	0.75	2.73	8.97	87.56
85	0.80	2.70	9.45	87.06
86	0.76	2.58	9.21	87.44
87	0.76	2.41	8.95	87.87
88	0.72	2.21	8.63	88.45
89	0.68	2.03	8.06	89.23
90	0.74	1.99	8.03	89.24
91	0.77	2.13	8.16	88.94
92	0.75	2.24	8.45	88.56
93	0.74	2.21	8.55	88.50
94	0.78	2.18	8.45	88.59
95	1.32	3.15	12.60	82.93




