Parameters
	Library type	Single-end
	Input file	/Volumes/wdhd/users/joaks1/projects/gekgo/data/genomes/msg/plate1/demultiplexed-raw/fastq/RMB_8937_Cyrtodactylus_gubaot_Leyte_R1.fq
	Primer/Adaptor library	NA
	Cut-off read length for HQ	70%
	Cut-off quality score	20
	Only statistics	On
	Number of processes	2


QC statistics
	File name	RMB_8937_Cyrtodactylus_gubaot_Leyte_R1.fq
	Total number of reads	568616
	Total number of HQ reads	555905
	Percentage of HQ reads	97.76%
	Total number of bases	54018520
	Total number of bases in HQ reads	52810975
	Total number of HQ bases in HQ reads	47281318
	Percentage of HQ bases in HQ reads	89.53%
	Number of Primer/Adaptor contaminated HQ reads	NA
	Total number of HQ filtered reads	555905
	Percentage of HQ filtered reads	97.76%


Detailed QC statistics
	File name	RMB_8937_Cyrtodactylus_gubaot_Leyte_R1.fq
	Minimum read length	95
	Maximum read length	95
	Average read length	95.00
	Total number of reads	568616
	Total number of reads with non-ATGC bases	265
	Percentage of reads with non-ATGC bases	0.05%
	Total number of bases	54018520
	Total number of HQ bases	48013126
	Percentage of HQ bases	88.88%
	Total number of non-ATGC bases	1335
	Percentage of non-ATGC bases	0.00%


Average quality score at each base position of input reads

RMB_8937_Cyrtodactylus_gubaot_Leyte_R1.fq
36.46	36.30	36.86	36.20	36.87	36.92	36.70	39.11	38.38	37.98	38.12	38.43	38.23	38.23	38.28	37.86	38.07	37.42	37.31	37.12	37.59	36.99	37.07	37.12	37.47	37.26	37.29	37.72	36.78	36.46	36.68	36.74	36.54	36.78	37.26	36.84	37.09	37.40	37.70	36.93	36.79	36.68	36.64	36.31	35.98	34.61	32.87	30.60	28.01	24.95	22.49	21.01	19.92	19.20	18.76	18.64	18.79	19.04	20.07	21.11	22.99	24.88	26.79	28.68	30.44	31.53	32.55	33.23	33.62	32.70	33.20	33.80	34.25	34.33	34.21	34.33	34.39	34.15	34.12	34.14	34.16	33.96	34.00	34.09	33.96	34.02	34.07	34.14	34.26	34.24	34.15	34.10	34.06	34.05	33.00	




Read count (%) per base for different quality score ranges

	RMB_8937_Cyrtodactylus_gubaot_Leyte_R1.fq
Ranges	0-10	11-20	21-30	31-40
Base
1	0.00	0.42	0.46	99.12
2	0.00	0.16	0.16	99.68
3	0.00	0.13	0.21	99.66
4	0.00	0.42	0.99	98.59
5	0.00	0.13	0.33	99.54
6	0.00	0.08	0.22	99.70
7	0.01	0.45	0.92	98.62
8	0.00	0.64	0.68	98.68
9	0.03	0.97	1.53	97.47
10	0.02	1.22	1.66	97.10
11	0.01	1.10	1.33	97.56
12	0.01	0.67	1.13	98.19
13	0.03	0.84	1.80	97.34
14	0.02	0.99	1.61	97.38
15	0.01	0.93	1.36	97.70
16	0.03	1.05	2.04	96.88
17	0.02	0.84	1.37	97.77
18	0.07	1.40	2.64	95.89
19	0.10	1.69	2.51	95.69
20	0.09	2.00	2.80	95.12
21	0.07	1.45	1.88	96.61
22	0.14	1.56	2.48	95.82
23	0.10	1.43	2.48	95.99
24	0.15	1.44	2.32	96.09
25	0.12	1.27	1.82	96.79
26	0.23	1.23	2.51	96.03
27	0.23	1.25	2.37	96.15
28	0.17	1.07	1.68	97.09
29	0.56	1.19	2.61	95.64
30	0.55	1.68	3.63	94.14
31	0.63	1.49	3.19	94.69
32	0.84	1.56	3.25	94.35
33	0.67	1.85	3.72	93.77
34	0.61	1.50	3.04	94.85
35	0.29	1.20	2.21	96.30
36	0.52	1.11	3.20	95.17
37	0.59	0.94	2.55	95.92
38	0.45	0.92	2.28	96.34
39	0.25	0.91	1.92	96.92
40	0.52	0.95	3.10	95.43
41	0.62	1.15	3.48	94.76
42	0.65	1.40	3.79	94.16
43	0.62	1.42	3.93	94.03
44	0.78	1.79	4.57	92.87
45	0.86	1.87	5.13	92.15
46	1.31	2.90	8.70	87.08
47	1.69	5.92	13.99	78.40
48	2.03	11.54	19.64	66.80
49	2.27	20.32	23.54	53.87
50	2.86	34.88	22.12	40.14
51	4.07	47.29	18.04	30.59
52	5.04	54.41	15.65	24.89
53	5.68	59.63	14.24	20.44
54	5.86	63.52	13.21	17.41
55	5.79	65.39	13.71	15.10
56	5.24	66.35	14.39	14.01
57	4.35	65.70	16.40	13.55
58	4.10	63.81	18.19	13.90
59	2.66	57.86	23.30	16.18
60	2.93	50.87	26.15	20.05
61	1.83	41.49	29.67	27.01
62	1.92	32.06	30.39	35.63
63	1.74	24.35	29.01	44.90
64	1.24	18.11	26.26	54.39
65	1.26	12.88	21.86	64.00
66	1.34	10.08	18.65	69.94
67	1.09	7.66	16.17	75.09
68	1.00	6.08	14.16	78.77
69	1.01	5.17	12.86	80.96
70	0.93	4.30	16.94	77.83
71	1.09	4.34	12.98	81.59
72	0.75	4.11	11.24	83.90
73	0.63	3.75	9.70	85.92
74	0.68	3.61	9.33	86.38
75	0.74	3.59	9.90	85.77
76	0.67	3.23	9.28	86.82
77	0.70	2.90	8.85	87.55
78	0.80	3.07	9.57	86.56
79	0.81	3.09	9.42	86.68
80	0.75	2.91	9.34	87.00
81	0.76	2.72	9.16	87.36
82	0.78	3.00	9.78	86.44
83	0.78	3.03	9.25	86.93
84	0.73	2.85	8.92	87.50
85	0.79	2.82	9.39	87.00
86	0.75	2.70	9.12	87.43
87	0.77	2.55	8.96	87.71
88	0.76	2.33	8.67	88.24
89	0.68	2.14	7.98	89.20
90	0.76	2.11	7.97	89.16
91	0.78	2.24	8.25	88.73
92	0.75	2.32	8.48	88.45
93	0.75	2.33	8.62	88.30
94	0.78	2.29	8.61	88.32
95	1.30	3.29	12.52	82.88




