Parameters
	Library type	Single-end
	Input file	/Volumes/wdhd/users/joaks1/projects/gekgo/data/genomes/msg/plate1/demultiplexed-raw/fastq/RMB_13964_Cyrtodactylus_philippinicus_Luzon_R1.fq
	Primer/Adaptor library	NA
	Cut-off read length for HQ	70%
	Cut-off quality score	20
	Only statistics	On
	Number of processes	2


QC statistics
	File name	RMB_13964_Cyrtodactylus_philippinicus_Luzon_R1.fq
	Total number of reads	525998
	Total number of HQ reads	514233
	Percentage of HQ reads	97.76%
	Total number of bases	49969810
	Total number of bases in HQ reads	48852135
	Total number of HQ bases in HQ reads	43733879
	Percentage of HQ bases in HQ reads	89.52%
	Number of Primer/Adaptor contaminated HQ reads	NA
	Total number of HQ filtered reads	514233
	Percentage of HQ filtered reads	97.76%


Detailed QC statistics
	File name	RMB_13964_Cyrtodactylus_philippinicus_Luzon_R1.fq
	Minimum read length	95
	Maximum read length	95
	Average read length	95.00
	Total number of reads	525998
	Total number of reads with non-ATGC bases	234
	Percentage of reads with non-ATGC bases	0.04%
	Total number of bases	49969810
	Total number of HQ bases	44408315
	Percentage of HQ bases	88.87%
	Total number of non-ATGC bases	1267
	Percentage of non-ATGC bases	0.00%


Average quality score at each base position of input reads

RMB_13964_Cyrtodactylus_philippinicus_Luzon_R1.fq
35.90	35.51	36.84	36.25	36.87	36.92	36.70	39.12	38.38	37.99	38.14	38.43	38.26	38.25	38.27	37.82	38.00	37.34	37.25	37.09	37.57	36.96	37.04	37.09	37.45	37.23	37.28	37.71	36.76	36.43	36.65	36.71	36.52	36.74	37.24	36.80	37.07	37.39	37.67	36.91	36.76	36.67	36.61	36.25	35.92	34.53	32.79	30.51	27.84	24.85	22.41	20.91	19.81	19.16	18.75	18.61	18.80	19.00	20.04	21.11	22.93	24.84	26.74	28.62	30.39	31.50	32.49	33.17	33.55	32.67	33.16	33.74	34.17	34.25	34.12	34.26	34.34	34.11	34.10	34.12	34.13	33.92	33.98	34.05	33.92	33.98	34.05	34.11	34.23	34.22	34.13	34.08	34.05	34.03	32.97	




Read count (%) per base for different quality score ranges

	RMB_13964_Cyrtodactylus_philippinicus_Luzon_R1.fq
Ranges	0-10	11-20	21-30	31-40
Base
1	0.00	0.49	0.79	98.72
2	0.00	0.15	0.27	99.58
3	0.00	0.14	0.23	99.63
4	0.00	0.42	0.99	98.59
5	0.00	0.12	0.32	99.55
6	0.00	0.09	0.21	99.70
7	0.01	0.44	0.90	98.66
8	0.00	0.61	0.66	98.73
9	0.03	0.94	1.50	97.54
10	0.02	1.19	1.64	97.14
11	0.01	1.05	1.28	97.66
12	0.01	0.68	1.11	98.20
13	0.03	0.79	1.75	97.43
14	0.02	0.97	1.55	97.45
15	0.02	0.93	1.34	97.71
16	0.04	1.03	2.02	96.91
17	0.02	0.86	1.42	97.70
18	0.08	1.40	2.77	95.75
19	0.10	1.72	2.52	95.65
20	0.10	2.02	2.78	95.10
21	0.07	1.45	1.89	96.59
22	0.16	1.51	2.59	95.74
23	0.11	1.40	2.58	95.91
24	0.18	1.43	2.34	96.05
25	0.13	1.31	1.83	96.73
26	0.25	1.26	2.57	95.92
27	0.25	1.23	2.42	96.10
28	0.18	1.06	1.69	97.07
29	0.62	1.15	2.61	95.62
30	0.62	1.63	3.67	94.08
31	0.66	1.47	3.23	94.65
32	0.88	1.56	3.26	94.30
33	0.68	1.85	3.82	93.66
34	0.64	1.52	3.14	94.70
35	0.30	1.21	2.27	96.22
36	0.55	1.13	3.35	94.97
37	0.57	0.94	2.69	95.80
38	0.45	0.91	2.36	96.28
39	0.26	0.92	2.01	96.82
40	0.52	0.98	3.10	95.39
41	0.66	1.17	3.47	94.70
42	0.67	1.39	3.82	94.12
43	0.64	1.42	3.97	93.97
44	0.82	1.83	4.71	92.64
45	0.91	1.87	5.34	91.88
46	1.34	3.00	8.95	86.72
47	1.71	5.94	14.31	78.04
48	2.09	11.42	20.11	66.38
49	2.31	20.48	24.31	52.90
50	2.99	34.58	22.93	39.50
51	4.07	47.42	18.40	30.11
52	5.20	54.39	16.15	24.26
53	5.75	59.76	14.82	19.66
54	5.85	63.61	13.43	17.11
55	5.78	65.35	14.00	14.87
56	5.29	66.10	14.98	13.63
57	4.43	65.19	17.04	13.34
58	4.15	63.79	18.51	13.54
59	2.78	57.68	23.58	15.96
60	2.95	50.76	26.35	19.94
61	1.88	41.68	29.78	26.66
62	1.94	32.21	30.40	35.46
63	1.80	24.32	29.28	44.60
64	1.29	18.25	26.36	54.11
65	1.28	12.92	22.04	63.76
66	1.39	9.99	18.78	69.84
67	1.10	7.66	16.28	74.96
68	1.02	6.04	14.30	78.64
69	1.05	5.10	13.06	80.79
70	0.95	4.22	17.03	77.79
71	1.10	4.28	13.07	81.56
72	0.80	4.08	11.29	83.83
73	0.67	3.75	9.83	85.75
74	0.75	3.58	9.50	86.17
75	0.81	3.55	10.09	85.55
76	0.72	3.20	9.36	86.73
77	0.76	2.85	8.85	87.54
78	0.84	3.04	9.46	86.66
79	0.85	3.02	9.39	86.74
80	0.78	2.88	9.30	87.04
81	0.78	2.64	9.32	87.27
82	0.82	2.93	9.92	86.32
83	0.81	3.00	9.28	86.90
84	0.79	2.80	8.94	87.47
85	0.86	2.77	9.54	86.83
86	0.82	2.65	9.13	87.40
87	0.80	2.48	9.01	87.70
88	0.77	2.33	8.72	88.18
89	0.73	2.10	8.15	89.03
90	0.80	2.08	7.96	89.17
91	0.86	2.23	8.18	88.73
92	0.85	2.27	8.46	88.42
93	0.83	2.33	8.53	88.31
94	0.86	2.29	8.54	88.32
95	1.38	3.24	12.63	82.75




