Parameters
	Library type	Single-end
	Input file	/Volumes/wdhd/users/joaks1/projects/gekgo/data/genomes/msg/plate1/demultiplexed-raw/fastq/RMB_13669_Cyrtodactylus_philippinicus_Luzon_R1.fq
	Primer/Adaptor library	NA
	Cut-off read length for HQ	70%
	Cut-off quality score	20
	Only statistics	On
	Number of processes	2


QC statistics
	File name	RMB_13669_Cyrtodactylus_philippinicus_Luzon_R1.fq
	Total number of reads	956296
	Total number of HQ reads	936398
	Percentage of HQ reads	97.92%
	Total number of bases	90848120
	Total number of bases in HQ reads	88957810
	Total number of HQ bases in HQ reads	79571086
	Percentage of HQ bases in HQ reads	89.45%
	Number of Primer/Adaptor contaminated HQ reads	NA
	Total number of HQ filtered reads	936398
	Percentage of HQ filtered reads	97.92%


Detailed QC statistics
	File name	RMB_13669_Cyrtodactylus_philippinicus_Luzon_R1.fq
	Minimum read length	95
	Maximum read length	95
	Average read length	95.00
	Total number of reads	956296
	Total number of reads with non-ATGC bases	435
	Percentage of reads with non-ATGC bases	0.05%
	Total number of bases	90848120
	Total number of HQ bases	80709092
	Percentage of HQ bases	88.84%
	Total number of non-ATGC bases	2213
	Percentage of non-ATGC bases	0.00%


Average quality score at each base position of input reads

RMB_13669_Cyrtodactylus_philippinicus_Luzon_R1.fq
36.47	35.15	36.84	36.25	36.88	36.92	36.70	39.09	38.35	37.97	38.13	38.43	38.23	38.21	38.24	37.76	37.96	37.31	37.22	37.06	37.55	36.92	37.00	37.07	37.43	37.21	37.26	37.70	36.72	36.39	36.61	36.65	36.46	36.69	37.19	36.76	37.02	37.33	37.61	36.83	36.71	36.60	36.55	36.19	35.87	34.46	32.68	30.40	27.74	24.79	22.30	20.79	19.67	19.02	18.61	18.49	18.71	18.91	20.01	21.06	22.88	24.79	26.66	28.55	30.29	31.39	32.40	33.09	33.46	32.55	33.06	33.66	34.10	34.17	34.06	34.20	34.28	34.06	34.05	34.06	34.08	33.88	33.94	34.01	33.88	33.92	33.99	34.06	34.18	34.16	34.09	34.03	34.01	33.99	32.89	




Read count (%) per base for different quality score ranges

	RMB_13669_Cyrtodactylus_philippinicus_Luzon_R1.fq
Ranges	0-10	11-20	21-30	31-40
Base
1	0.00	0.43	0.58	98.99
2	0.00	0.15	0.32	99.53
3	0.00	0.14	0.21	99.65
4	0.00	0.39	0.93	98.67
5	0.00	0.12	0.29	99.60
6	0.00	0.08	0.19	99.73
7	0.01	0.45	0.92	98.63
8	0.00	0.64	0.66	98.71
9	0.03	0.95	1.53	97.49
10	0.02	1.19	1.65	97.13
11	0.01	1.07	1.23	97.69
12	0.01	0.67	1.09	98.23
13	0.03	0.81	1.77	97.40
14	0.02	0.97	1.56	97.45
15	0.01	0.90	1.35	97.73
16	0.04	1.05	2.07	96.84
17	0.02	0.83	1.37	97.78
18	0.09	1.41	2.71	95.80
19	0.11	1.70	2.58	95.61
20	0.10	2.01	2.86	95.03
21	0.07	1.46	1.90	96.58
22	0.16	1.53	2.57	95.74
23	0.12	1.43	2.56	95.89
24	0.17	1.41	2.36	96.05
25	0.13	1.27	1.86	96.75
26	0.27	1.21	2.54	95.98
27	0.26	1.18	2.43	96.13
28	0.18	1.03	1.69	97.10
29	0.63	1.13	2.71	95.52
30	0.63	1.64	3.76	93.97
31	0.68	1.48	3.29	94.56
32	0.89	1.61	3.34	94.16
33	0.70	1.92	3.87	93.50
34	0.64	1.55	3.18	94.63
35	0.31	1.20	2.30	96.19
36	0.56	1.12	3.36	94.96
37	0.56	0.97	2.78	95.69
38	0.46	0.92	2.43	96.20
39	0.27	0.95	2.07	96.71
40	0.56	1.02	3.24	95.18
41	0.66	1.18	3.60	94.55
42	0.69	1.43	3.94	93.94
43	0.64	1.45	4.14	93.78
44	0.84	1.84	4.83	92.49
45	0.89	1.95	5.46	91.69
46	1.37	2.99	9.29	86.35
47	1.80	6.10	14.57	77.53
48	2.20	11.68	20.22	65.89
49	2.49	20.62	24.41	52.48
50	3.19	34.59	22.95	39.26
51	4.52	47.28	18.52	29.68
52	5.68	54.22	16.28	23.82
53	6.34	59.64	14.78	19.24
54	6.44	63.39	13.56	16.61
55	6.31	65.25	14.06	14.38
56	5.76	65.91	15.20	13.13
57	4.77	65.01	17.29	12.94
58	4.53	63.56	18.74	13.18
59	2.85	57.52	23.94	15.69
60	3.19	50.58	26.53	19.70
61	2.06	41.47	30.02	26.45
62	2.04	32.13	30.70	35.14
63	1.87	24.41	29.53	44.19
64	1.33	18.28	26.57	53.83
65	1.35	12.97	22.27	63.41
66	1.40	10.14	19.04	69.42
67	1.13	7.65	16.65	74.56
68	1.03	6.01	14.47	78.49
69	1.05	5.19	13.23	80.53
70	0.97	4.17	17.66	77.19
71	1.14	4.23	13.41	81.21
72	0.80	4.05	11.57	83.58
73	0.65	3.71	10.04	85.59
74	0.72	3.56	9.78	85.94
75	0.77	3.49	10.30	85.44
76	0.71	3.14	9.59	86.57
77	0.70	2.82	9.15	87.33
78	0.82	2.93	9.81	86.44
79	0.82	2.93	9.69	86.57
80	0.76	2.82	9.63	86.80
81	0.76	2.56	9.59	87.08
82	0.83	2.85	10.09	86.23
83	0.80	2.89	9.53	86.77
84	0.76	2.73	9.25	87.26
85	0.84	2.70	9.76	86.71
86	0.81	2.62	9.48	87.09
87	0.80	2.46	9.31	87.43
88	0.79	2.25	8.94	88.01
89	0.71	2.04	8.36	88.89
90	0.78	2.04	8.27	88.90
91	0.81	2.14	8.44	88.61
92	0.82	2.25	8.71	88.22
93	0.81	2.26	8.79	88.14
94	0.83	2.25	8.73	88.19
95	1.38	3.32	12.91	82.38




