Parameters
	Library type	Single-end
	Input file	/Volumes/wdhd/users/joaks1/projects/gekgo/data/genomes/msg/plate1/demultiplexed-raw/fastq/RMB_8416_Cyrtodactylus_mamanwa_Dinagat_R1.fq
	Primer/Adaptor library	NA
	Cut-off read length for HQ	70%
	Cut-off quality score	20
	Only statistics	On
	Number of processes	2


QC statistics
	File name	RMB_8416_Cyrtodactylus_mamanwa_Dinagat_R1.fq
	Total number of reads	528774
	Total number of HQ reads	517199
	Percentage of HQ reads	97.81%
	Total number of bases	50233530
	Total number of bases in HQ reads	49133905
	Total number of HQ bases in HQ reads	43988882
	Percentage of HQ bases in HQ reads	89.53%
	Number of Primer/Adaptor contaminated HQ reads	NA
	Total number of HQ filtered reads	517199
	Percentage of HQ filtered reads	97.81%


Detailed QC statistics
	File name	RMB_8416_Cyrtodactylus_mamanwa_Dinagat_R1.fq
	Minimum read length	95
	Maximum read length	95
	Average read length	95.00
	Total number of reads	528774
	Total number of reads with non-ATGC bases	244
	Percentage of reads with non-ATGC bases	0.05%
	Total number of bases	50233530
	Total number of HQ bases	44655430
	Percentage of HQ bases	88.90%
	Total number of non-ATGC bases	1167
	Percentage of non-ATGC bases	0.00%


Average quality score at each base position of input reads

RMB_8416_Cyrtodactylus_mamanwa_Dinagat_R1.fq
36.63	35.56	36.85	36.25	36.87	36.92	36.70	39.11	38.38	37.99	38.14	38.45	38.27	38.26	38.30	37.87	38.07	37.41	37.31	37.13	37.61	36.98	37.07	37.11	37.46	37.27	37.30	37.74	36.80	36.48	36.69	36.73	36.54	36.77	37.26	36.85	37.10	37.41	37.70	36.92	36.77	36.70	36.67	36.33	36.01	34.63	32.88	30.56	28.02	24.93	22.35	20.93	19.82	19.17	18.77	18.63	18.80	19.01	20.05	21.12	22.96	24.84	26.74	28.62	30.38	31.50	32.53	33.24	33.59	32.68	33.19	33.79	34.25	34.32	34.19	34.33	34.39	34.16	34.14	34.16	34.17	33.95	34.00	34.09	33.96	34.02	34.08	34.15	34.26	34.23	34.15	34.09	34.06	34.07	33.00	




Read count (%) per base for different quality score ranges

	RMB_8416_Cyrtodactylus_mamanwa_Dinagat_R1.fq
Ranges	0-10	11-20	21-30	31-40
Base
1	0.00	0.42	0.48	99.10
2	0.00	0.14	0.24	99.61
3	0.00	0.13	0.21	99.66
4	0.00	0.40	0.93	98.67
5	0.00	0.13	0.30	99.57
6	0.00	0.08	0.19	99.73
7	0.00	0.44	0.91	98.64
8	0.00	0.62	0.65	98.72
9	0.03	0.93	1.53	97.52
10	0.02	1.22	1.64	97.11
11	0.01	1.06	1.27	97.65
12	0.01	0.67	1.08	98.24
13	0.03	0.79	1.76	97.42
14	0.02	0.96	1.55	97.47
15	0.01	0.90	1.30	97.79
16	0.03	0.99	2.03	96.95
17	0.01	0.82	1.34	97.82
18	0.07	1.36	2.63	95.94
19	0.09	1.68	2.48	95.74
20	0.08	1.97	2.74	95.21
21	0.06	1.43	1.86	96.66
22	0.15	1.54	2.50	95.80
23	0.11	1.39	2.50	96.00
24	0.16	1.41	2.33	96.09
25	0.11	1.29	1.81	96.78
26	0.22	1.22	2.49	96.07
27	0.23	1.21	2.36	96.20
28	0.16	1.05	1.64	97.14
29	0.54	1.17	2.59	95.71
30	0.57	1.62	3.51	94.30
31	0.62	1.47	3.15	94.76
32	0.87	1.53	3.24	94.37
33	0.63	1.86	3.75	93.76
34	0.62	1.47	3.12	94.79
35	0.28	1.20	2.24	96.29
36	0.51	1.06	3.19	95.24
37	0.55	0.91	2.64	95.90
38	0.42	0.90	2.27	96.41
39	0.26	0.89	1.91	96.95
40	0.52	0.96	3.12	95.41
41	0.65	1.17	3.49	94.69
42	0.63	1.37	3.79	94.21
43	0.60	1.39	3.88	94.12
44	0.75	1.75	4.56	92.94
45	0.82	1.84	5.11	92.22
46	1.31	2.85	8.75	87.09
47	1.67	5.89	14.02	78.41
48	2.03	11.62	19.77	66.58
49	2.27	20.14	23.69	53.89
50	2.89	34.60	22.54	39.96
51	4.15	47.76	18.17	29.92
52	5.14	54.60	15.67	24.58
53	5.79	59.93	14.30	19.99
54	5.95	63.50	13.27	17.27
55	5.92	65.07	13.95	15.06
56	5.37	66.08	14.64	13.91
57	4.42	65.39	16.72	13.46
58	4.21	63.66	18.48	13.65
59	2.76	57.75	23.37	16.12
60	2.98	50.76	26.18	20.07
61	1.88	41.55	29.71	26.86
62	1.96	32.14	30.52	35.37
63	1.71	24.57	29.05	44.67
64	1.27	18.23	26.36	54.14
65	1.27	13.06	21.99	63.68
66	1.37	10.07	18.75	69.81
67	1.09	7.67	16.13	75.10
68	1.02	5.95	14.06	78.97
69	1.03	5.21	12.89	80.87
70	0.93	4.28	17.01	77.78
71	1.08	4.29	13.07	81.56
72	0.75	4.08	11.19	83.98
73	0.62	3.72	9.65	86.01
74	0.67	3.62	9.23	86.47
75	0.76	3.59	9.91	85.75
76	0.65	3.18	9.24	86.93
77	0.70	2.86	8.81	87.63
78	0.78	3.03	9.51	86.68
79	0.79	3.03	9.36	86.82
80	0.73	2.90	9.25	87.12
81	0.73	2.69	9.09	87.50
82	0.78	3.00	9.80	86.43
83	0.76	3.00	9.30	86.95
84	0.72	2.82	8.98	87.48
85	0.80	2.77	9.37	87.06
86	0.76	2.67	9.08	87.49
87	0.75	2.52	8.88	87.86
88	0.75	2.31	8.63	88.31
89	0.67	2.08	8.02	89.22
90	0.73	2.11	8.03	89.13
91	0.79	2.17	8.26	88.78
92	0.79	2.29	8.49	88.43
93	0.76	2.32	8.60	88.32
94	0.75	2.25	8.52	88.47
95	1.29	3.25	12.60	82.86




