Parameters
	Library type	Single-end
	Input file	/Volumes/wdhd/users/joaks1/projects/gekgo/data/genomes/msg/plate1/demultiplexed-raw/fastq/RMB_15212_Cyrtodactylus_philippinicus_Luzon_R1.fq
	Primer/Adaptor library	NA
	Cut-off read length for HQ	70%
	Cut-off quality score	20
	Only statistics	On
	Number of processes	2


QC statistics
	File name	RMB_15212_Cyrtodactylus_philippinicus_Luzon_R1.fq
	Total number of reads	223335
	Total number of HQ reads	219007
	Percentage of HQ reads	98.06%
	Total number of bases	21216825
	Total number of bases in HQ reads	20805665
	Total number of HQ bases in HQ reads	18619813
	Percentage of HQ bases in HQ reads	89.49%
	Number of Primer/Adaptor contaminated HQ reads	NA
	Total number of HQ filtered reads	219007
	Percentage of HQ filtered reads	98.06%


Detailed QC statistics
	File name	RMB_15212_Cyrtodactylus_philippinicus_Luzon_R1.fq
	Minimum read length	95
	Maximum read length	95
	Average read length	95.00
	Total number of reads	223335
	Total number of reads with non-ATGC bases	94
	Percentage of reads with non-ATGC bases	0.04%
	Total number of bases	21216825
	Total number of HQ bases	18868107
	Percentage of HQ bases	88.93%
	Total number of non-ATGC bases	533
	Percentage of non-ATGC bases	0.00%


Average quality score at each base position of input reads

RMB_15212_Cyrtodactylus_philippinicus_Luzon_R1.fq
36.79	35.42	36.83	36.29	36.88	36.92	36.70	39.09	38.36	37.97	38.12	38.41	38.22	38.21	38.26	37.84	38.07	37.40	37.30	37.08	37.58	36.97	37.04	37.11	37.45	37.23	37.28	37.71	36.79	36.43	36.68	36.72	36.53	36.77	37.25	36.82	37.07	37.40	37.68	36.90	36.75	36.65	36.62	36.28	35.97	34.62	32.82	30.55	27.93	24.95	22.38	20.90	19.78	19.06	18.68	18.58	18.81	19.01	20.07	21.10	22.93	24.83	26.77	28.69	30.42	31.54	32.56	33.26	33.65	32.75	33.27	33.87	34.31	34.36	34.25	34.39	34.45	34.24	34.20	34.23	34.24	34.04	34.07	34.17	34.02	34.06	34.10	34.18	34.31	34.30	34.20	34.13	34.10	34.08	33.04	




Read count (%) per base for different quality score ranges

	RMB_15212_Cyrtodactylus_philippinicus_Luzon_R1.fq
Ranges	0-10	11-20	21-30	31-40
Base
1	0.00	0.38	0.38	99.24
2	0.00	0.16	0.30	99.54
3	0.00	0.16	0.25	99.59
4	0.00	0.41	0.99	98.60
5	0.00	0.12	0.29	99.58
6	0.00	0.08	0.18	99.74
7	0.00	0.46	0.89	98.65
8	0.00	0.66	0.62	98.72
9	0.03	0.95	1.50	97.52
10	0.02	1.24	1.66	97.08
11	0.01	1.07	1.26	97.66
12	0.01	0.69	1.13	98.17
13	0.03	0.80	1.80	97.37
14	0.02	1.00	1.59	97.40
15	0.01	0.94	1.35	97.70
16	0.03	1.06	2.03	96.88
17	0.01	0.81	1.35	97.83
18	0.07	1.40	2.75	95.78
19	0.10	1.66	2.61	95.63
20	0.09	2.01	2.81	95.09
21	0.06	1.45	1.79	96.70
22	0.15	1.49	2.56	95.80
23	0.10	1.42	2.57	95.92
24	0.14	1.40	2.34	96.11
25	0.10	1.28	1.84	96.78
26	0.20	1.21	2.61	95.98
27	0.19	1.25	2.38	96.18
28	0.14	1.06	1.70	97.10
29	0.50	1.15	2.63	95.71
30	0.54	1.69	3.66	94.12
31	0.58	1.45	3.17	94.80
32	0.81	1.53	3.27	94.38
33	0.64	1.80	3.77	93.78
34	0.55	1.48	3.10	94.87
35	0.26	1.17	2.23	96.35
36	0.50	1.08	3.31	95.11
37	0.54	0.93	2.65	95.88
38	0.40	0.88	2.31	96.42
39	0.24	0.89	1.96	96.91
40	0.47	0.98	3.14	95.41
41	0.66	1.13	3.45	94.76
42	0.64	1.39	3.80	94.17
43	0.57	1.44	3.93	94.05
44	0.73	1.82	4.65	92.80
45	0.80	1.85	5.15	92.20
46	1.24	2.89	8.70	87.17
47	1.69	6.05	14.02	78.24
48	2.04	11.57	19.65	66.74
49	2.31	20.43	23.68	53.58
50	3.03	34.37	22.39	40.21
51	4.36	47.35	17.97	30.32
52	5.31	54.49	15.68	24.52
53	6.05	59.68	14.36	19.91
54	6.27	63.67	13.02	17.04
55	6.11	65.42	13.57	14.91
56	5.61	65.97	14.58	13.84
57	4.58	65.09	16.67	13.66
58	4.46	63.46	18.11	13.97
59	2.74	57.66	23.32	16.28
60	3.02	50.95	25.88	20.15
61	1.97	41.60	29.60	26.84
62	2.01	32.26	30.22	35.51
63	1.77	24.32	29.14	44.76
64	1.19	18.14	26.29	54.37
65	1.26	12.96	21.83	63.96
66	1.28	10.17	18.64	69.91
67	1.09	7.65	16.07	75.20
68	0.97	6.07	14.06	78.90
69	0.98	5.11	12.88	81.03
70	0.87	4.20	16.95	77.98
71	0.99	4.23	12.88	81.90
72	0.69	3.98	11.14	84.19
73	0.56	3.65	9.68	86.11
74	0.66	3.55	9.39	86.40
75	0.68	3.45	9.96	85.91
76	0.60	3.13	9.18	87.10
77	0.66	2.76	8.71	87.87
78	0.72	2.94	9.24	87.10
79	0.75	2.95	9.26	87.04
80	0.67	2.77	9.16	87.40
81	0.70	2.53	9.03	87.75
82	0.73	2.78	9.62	86.87
83	0.70	2.86	9.17	87.26
84	0.66	2.64	8.77	87.93
85	0.76	2.63	9.21	87.41
86	0.71	2.56	9.04	87.70
87	0.74	2.38	8.91	87.97
88	0.69	2.18	8.59	88.53
89	0.59	1.98	7.96	89.47
90	0.69	1.91	7.87	89.53
91	0.73	2.07	8.08	89.11
92	0.73	2.19	8.41	88.67
93	0.75	2.16	8.54	88.56
94	0.73	2.17	8.54	88.56
95	1.23	3.14	12.48	83.14




