Parameters
	Library type	Single-end
	Input file	/Volumes/wdhd/users/joaks1/projects/gekgo/data/genomes/msg/plate1/demultiplexed-raw/fastq/RMB_8232_Cyrtodactylus_annulatus_CamiguinSur_R1.fq
	Primer/Adaptor library	NA
	Cut-off read length for HQ	70%
	Cut-off quality score	20
	Only statistics	On
	Number of processes	2


QC statistics
	File name	RMB_8232_Cyrtodactylus_annulatus_CamiguinSur_R1.fq
	Total number of reads	425270
	Total number of HQ reads	415478
	Percentage of HQ reads	97.70%
	Total number of bases	40400650
	Total number of bases in HQ reads	39470410
	Total number of HQ bases in HQ reads	35332602
	Percentage of HQ bases in HQ reads	89.52%
	Number of Primer/Adaptor contaminated HQ reads	NA
	Total number of HQ filtered reads	415478
	Percentage of HQ filtered reads	97.70%


Detailed QC statistics
	File name	RMB_8232_Cyrtodactylus_annulatus_CamiguinSur_R1.fq
	Minimum read length	95
	Maximum read length	95
	Average read length	95.00
	Total number of reads	425270
	Total number of reads with non-ATGC bases	213
	Percentage of reads with non-ATGC bases	0.05%
	Total number of bases	40400650
	Total number of HQ bases	35890030
	Percentage of HQ bases	88.84%
	Total number of non-ATGC bases	1211
	Percentage of non-ATGC bases	0.00%


Average quality score at each base position of input reads

RMB_8232_Cyrtodactylus_annulatus_CamiguinSur_R1.fq
36.84	36.72	36.88	36.30	36.86	36.92	36.70	39.12	38.38	37.98	38.14	38.45	38.26	38.21	38.25	37.84	38.06	37.40	37.29	37.09	37.57	36.96	37.07	37.11	37.43	37.21	37.24	37.70	36.75	36.43	36.64	36.64	36.45	36.67	37.21	36.74	36.99	37.30	37.62	36.85	36.70	36.58	36.52	36.18	35.91	34.55	32.74	30.44	27.96	24.88	22.50	20.90	19.95	19.21	18.79	18.65	18.79	19.11	20.12	21.13	23.00	24.93	26.75	28.66	30.30	31.39	32.45	33.22	33.58	32.68	33.16	33.72	34.17	34.27	34.16	34.27	34.32	34.11	34.05	34.04	34.08	33.89	33.93	34.00	33.90	33.92	33.98	34.06	34.17	34.19	34.11	34.04	34.01	33.96	32.80	




Read count (%) per base for different quality score ranges

	RMB_8232_Cyrtodactylus_annulatus_CamiguinSur_R1.fq
Ranges	0-10	11-20	21-30	31-40
Base
1	0.00	0.30	0.29	99.41
2	0.00	0.15	0.11	99.74
3	0.00	0.15	0.18	99.67
4	0.00	0.44	1.00	98.55
5	0.00	0.14	0.32	99.53
6	0.00	0.09	0.21	99.71
7	0.01	0.45	0.91	98.63
8	0.00	0.62	0.68	98.69
9	0.02	0.92	1.54	97.52
10	0.02	1.23	1.67	97.08
11	0.01	1.06	1.28	97.64
12	0.01	0.69	1.14	98.16
13	0.03	0.80	1.77	97.40
14	0.02	1.02	1.62	97.35
15	0.02	0.99	1.37	97.62
16	0.04	1.09	2.08	96.78
17	0.02	0.87	1.42	97.69
18	0.07	1.41	2.69	95.82
19	0.10	1.73	2.56	95.61
20	0.09	2.01	2.83	95.07
21	0.07	1.53	1.91	96.49
22	0.15	1.62	2.54	95.69
23	0.10	1.46	2.50	95.94
24	0.17	1.44	2.35	96.04
25	0.12	1.35	1.87	96.66
26	0.22	1.32	2.59	95.86
27	0.25	1.29	2.50	95.96
28	0.17	1.06	1.71	97.06
29	0.59	1.22	2.66	95.53
30	0.61	1.71	3.68	93.99
31	0.64	1.49	3.26	94.61
32	0.93	1.65	3.36	94.05
33	0.71	1.94	3.91	93.44
34	0.68	1.56	3.27	94.50
35	0.33	1.26	2.32	96.10
36	0.61	1.19	3.43	94.76
37	0.62	1.04	2.78	95.57
38	0.49	0.98	2.48	96.05
39	0.30	0.94	2.04	96.72
40	0.59	1.03	3.18	95.20
41	0.71	1.25	3.59	94.45
42	0.74	1.51	3.95	93.80
43	0.69	1.52	4.15	93.63
44	0.86	1.90	4.79	92.45
45	0.95	1.94	5.30	91.82
46	1.40	2.96	8.91	86.74
47	1.78	6.15	14.27	77.80
48	2.14	11.73	19.94	66.19
49	2.39	20.21	23.71	53.69
50	3.05	34.81	21.93	40.21
51	4.24	46.81	18.35	30.60
52	5.32	54.30	15.96	24.42
53	5.85	58.86	14.90	20.40
54	6.14	62.93	13.38	17.56
55	6.02	64.73	14.11	15.14
56	5.59	65.58	14.73	14.11
57	4.59	65.51	16.09	13.80
58	4.08	63.36	18.39	14.17
59	2.83	57.36	23.38	16.44
60	3.05	50.57	26.21	20.17
61	1.98	41.27	29.69	27.07
62	2.02	31.71	30.49	35.77
63	1.84	24.34	29.16	44.66
64	1.32	18.06	26.22	54.40
65	1.39	13.24	21.98	63.39
66	1.46	10.25	19.04	69.24
67	1.17	7.64	16.47	74.72
68	1.05	5.92	14.16	78.87
69	1.07	5.06	12.91	80.96
70	0.99	4.28	16.81	77.92
71	1.18	4.42	12.99	81.41
72	0.83	4.18	11.42	83.56
73	0.71	3.79	9.90	85.59
74	0.76	3.55	9.49	86.20
75	0.83	3.55	9.87	85.76
76	0.75	3.22	9.36	86.66
77	0.78	2.93	8.95	87.33
78	0.86	3.02	9.51	86.61
79	0.88	3.08	9.53	86.51
80	0.85	2.96	9.52	86.67
81	0.83	2.72	9.31	87.14
82	0.89	2.96	9.88	86.28
83	0.87	3.04	9.33	86.75
84	0.83	2.88	9.17	87.11
85	0.92	2.81	9.41	86.86
86	0.91	2.70	9.33	87.06
87	0.86	2.58	9.20	87.35
88	0.85	2.38	8.80	87.97
89	0.82	2.16	8.19	88.83
90	0.87	2.13	8.02	88.97
91	0.91	2.22	8.24	88.63
92	0.92	2.32	8.46	88.30
93	0.90	2.34	8.65	88.11
94	0.92	2.37	8.69	88.03
95	1.51	3.58	13.09	81.82




