Parameters
	Library type	Single-end
	Input file	/Volumes/wdhd/users/joaks1/projects/gekgo/data/genomes/msg/plate1/demultiplexed-raw/fastq/RMB_8417_Cyrtodactylus_mamanwa_Dinagat_R1.fq
	Primer/Adaptor library	NA
	Cut-off read length for HQ	70%
	Cut-off quality score	20
	Only statistics	On
	Number of processes	2


QC statistics
	File name	RMB_8417_Cyrtodactylus_mamanwa_Dinagat_R1.fq
	Total number of reads	47475
	Total number of HQ reads	46411
	Percentage of HQ reads	97.76%
	Total number of bases	4510125
	Total number of bases in HQ reads	4409045
	Total number of HQ bases in HQ reads	3940441
	Percentage of HQ bases in HQ reads	89.37%
	Number of Primer/Adaptor contaminated HQ reads	NA
	Total number of HQ filtered reads	46411
	Percentage of HQ filtered reads	97.76%


Detailed QC statistics
	File name	RMB_8417_Cyrtodactylus_mamanwa_Dinagat_R1.fq
	Minimum read length	95
	Maximum read length	95
	Average read length	95.00
	Total number of reads	47475
	Total number of reads with non-ATGC bases	16
	Percentage of reads with non-ATGC bases	0.03%
	Total number of bases	4510125
	Total number of HQ bases	4001475
	Percentage of HQ bases	88.72%
	Total number of non-ATGC bases	76
	Percentage of non-ATGC bases	0.00%


Average quality score at each base position of input reads

RMB_8417_Cyrtodactylus_mamanwa_Dinagat_R1.fq
36.86	36.73	36.89	36.39	36.87	36.91	36.66	39.06	38.36	37.96	38.11	38.40	38.20	38.20	38.28	37.82	38.02	37.35	37.25	37.03	37.55	36.94	37.01	37.07	37.40	37.20	37.22	37.70	36.73	36.41	36.65	36.66	36.43	36.72	37.21	36.77	37.03	37.32	37.63	36.82	36.67	36.58	36.57	36.24	35.88	34.54	32.74	30.41	27.80	24.83	22.31	20.87	19.72	19.08	18.61	18.49	18.68	18.93	19.90	21.00	22.82	24.78	26.72	28.57	30.29	31.40	32.45	33.15	33.53	32.62	33.10	33.70	34.16	34.22	34.05	34.19	34.31	34.11	34.08	34.07	34.09	33.83	33.90	34.01	33.86	33.91	34.00	34.10	34.18	34.15	34.07	33.97	33.97	33.96	32.85	




Read count (%) per base for different quality score ranges

	RMB_8417_Cyrtodactylus_mamanwa_Dinagat_R1.fq
Ranges	0-10	11-20	21-30	31-40
Base
1	0.00	0.25	0.33	99.42
2	0.00	0.13	0.14	99.73
3	0.00	0.13	0.20	99.67
4	0.00	0.40	0.82	98.78
5	0.00	0.13	0.32	99.55
6	0.00	0.08	0.22	99.70
7	0.00	0.55	1.01	98.44
8	0.00	0.65	0.72	98.62
9	0.02	0.95	1.53	97.50
10	0.03	1.22	1.67	97.08
11	0.02	1.07	1.31	97.61
12	0.01	0.72	1.18	98.09
13	0.04	0.88	1.81	97.27
14	0.03	0.98	1.71	97.28
15	0.02	0.88	1.31	97.79
16	0.04	1.13	2.06	96.78
17	0.02	0.91	1.48	97.59
18	0.07	1.48	2.75	95.70
19	0.12	1.66	2.66	95.56
20	0.10	2.08	2.99	94.84
21	0.06	1.47	1.92	96.55
22	0.13	1.57	2.62	95.68
23	0.09	1.50	2.64	95.77
24	0.17	1.47	2.33	96.02
25	0.14	1.33	1.88	96.64
26	0.28	1.28	2.65	95.80
27	0.23	1.31	2.57	95.89
28	0.21	1.04	1.75	97.00
29	0.59	1.16	2.81	95.44
30	0.57	1.67	3.77	93.99
31	0.59	1.48	3.34	94.60
32	0.89	1.58	3.24	94.29
33	0.74	1.97	3.89	93.40
34	0.60	1.48	3.32	94.60
35	0.34	1.11	2.38	96.17
36	0.60	1.12	3.36	94.91
37	0.59	0.96	2.70	95.75
38	0.49	0.92	2.38	96.20
39	0.28	0.96	1.99	96.77
40	0.59	1.10	3.17	95.13
41	0.72	1.18	3.78	94.32
42	0.72	1.47	3.93	93.87
43	0.59	1.58	4.03	93.80
44	0.82	1.84	4.76	92.58
45	0.90	2.04	5.31	91.76
46	1.37	3.00	8.83	86.81
47	1.81	6.19	14.13	77.87
48	2.12	12.02	19.93	65.93
49	2.48	20.69	23.92	52.91
50	3.04	35.05	22.41	39.50
51	4.36	47.73	17.95	29.97
52	5.60	54.17	15.84	24.39
53	6.19	59.77	14.45	19.59
54	6.25	63.47	13.22	17.06
55	6.20	65.64	13.45	14.70
56	5.86	65.98	14.69	13.47
57	4.64	66.03	16.04	13.29
58	4.38	64.05	17.90	13.67
59	3.03	58.44	22.74	15.79
60	3.17	51.18	25.92	19.73
61	2.00	41.92	29.91	26.17
62	2.11	32.19	30.40	35.30
63	1.68	24.72	29.11	44.49
64	1.29	18.53	26.27	53.91
65	1.34	13.25	22.17	63.24
66	1.51	10.22	18.98	69.28
67	1.16	7.67	16.63	74.54
68	1.11	6.01	14.51	78.38
69	1.11	5.22	13.04	80.63
70	0.95	4.45	17.27	77.33
71	1.17	4.40	13.52	80.91
72	0.84	4.20	11.60	83.36
73	0.64	3.91	9.92	85.53
74	0.80	3.61	9.72	85.87
75	0.84	3.86	10.12	85.18
76	0.75	3.42	9.74	86.09
77	0.78	2.92	9.10	87.20
78	0.79	3.06	9.87	86.28
79	0.92	3.10	9.30	86.68
80	0.79	3.03	9.53	86.65
81	0.83	2.61	9.48	87.07
82	0.87	3.06	10.26	85.81
83	0.87	3.05	9.55	86.53
84	0.81	2.83	9.15	87.21
85	0.92	2.75	9.76	86.57
86	0.88	2.65	9.51	86.97
87	0.83	2.46	9.23	87.48
88	0.82	2.22	8.76	88.20
89	0.74	2.17	8.22	88.87
90	0.78	2.19	8.36	88.67
91	0.86	2.18	8.72	88.25
92	0.82	2.48	8.91	87.79
93	0.81	2.43	8.80	87.96
94	0.89	2.33	8.64	88.13
95	1.32	3.45	13.16	82.07




