Parameters
	Library type	Single-end
	Input file	/Volumes/wdhd/users/joaks1/projects/gekgo/data/genomes/msg/plate1/demultiplexed-raw/fastq/RMB_8934_Cyrtodactylus_gubaot_Leyte_R1.fq
	Primer/Adaptor library	NA
	Cut-off read length for HQ	70%
	Cut-off quality score	20
	Only statistics	On
	Number of processes	2


QC statistics
	File name	RMB_8934_Cyrtodactylus_gubaot_Leyte_R1.fq
	Total number of reads	530307
	Total number of HQ reads	519072
	Percentage of HQ reads	97.88%
	Total number of bases	50379165
	Total number of bases in HQ reads	49311840
	Total number of HQ bases in HQ reads	44140242
	Percentage of HQ bases in HQ reads	89.51%
	Number of Primer/Adaptor contaminated HQ reads	NA
	Total number of HQ filtered reads	519072
	Percentage of HQ filtered reads	97.88%


Detailed QC statistics
	File name	RMB_8934_Cyrtodactylus_gubaot_Leyte_R1.fq
	Minimum read length	95
	Maximum read length	95
	Average read length	95.00
	Total number of reads	530307
	Total number of reads with non-ATGC bases	203
	Percentage of reads with non-ATGC bases	0.04%
	Total number of bases	50379165
	Total number of HQ bases	44786294
	Percentage of HQ bases	88.90%
	Total number of non-ATGC bases	1006
	Percentage of non-ATGC bases	0.00%


Average quality score at each base position of input reads

RMB_8934_Cyrtodactylus_gubaot_Leyte_R1.fq
36.80	36.56	36.89	36.32	36.88	36.92	36.71	39.11	38.40	37.99	38.14	38.43	38.23	38.23	38.28	37.84	38.05	37.38	37.28	37.10	37.58	36.97	37.05	37.11	37.45	37.24	37.26	37.70	36.75	36.43	36.65	36.70	36.49	36.72	37.21	36.79	37.05	37.37	37.67	36.89	36.77	36.68	36.64	36.28	35.95	34.57	32.82	30.53	27.93	24.85	22.36	20.89	19.84	19.16	18.74	18.62	18.77	19.06	20.10	21.13	23.00	24.87	26.77	28.68	30.43	31.50	32.55	33.24	33.62	32.69	33.21	33.80	34.23	34.32	34.20	34.32	34.39	34.14	34.14	34.15	34.16	33.94	34.00	34.09	33.95	34.00	34.07	34.14	34.24	34.23	34.13	34.07	34.04	34.03	32.97	




Read count (%) per base for different quality score ranges

	RMB_8934_Cyrtodactylus_gubaot_Leyte_R1.fq
Ranges	0-10	11-20	21-30	31-40
Base
1	0.00	0.31	0.30	99.39
2	0.00	0.13	0.14	99.73
3	0.00	0.11	0.17	99.72
4	0.00	0.36	0.91	98.73
5	0.00	0.12	0.31	99.57
6	0.00	0.07	0.20	99.73
7	0.00	0.43	0.89	98.68
8	0.00	0.63	0.65	98.72
9	0.03	0.92	1.48	97.58
10	0.02	1.16	1.61	97.21
11	0.01	1.02	1.28	97.69
12	0.01	0.66	1.08	98.25
13	0.04	0.83	1.81	97.33
14	0.02	1.00	1.59	97.40
15	0.01	0.92	1.33	97.73
16	0.03	1.06	2.07	96.84
17	0.02	0.84	1.38	97.76
18	0.07	1.43	2.71	95.79
19	0.09	1.72	2.54	95.65
20	0.08	1.98	2.82	95.11
21	0.06	1.46	1.85	96.63
22	0.13	1.54	2.52	95.81
23	0.10	1.43	2.49	95.99
24	0.16	1.42	2.32	96.10
25	0.12	1.29	1.83	96.76
26	0.21	1.25	2.54	96.00
27	0.22	1.27	2.42	96.09
28	0.16	1.10	1.66	97.09
29	0.59	1.16	2.67	95.58
30	0.57	1.67	3.64	94.12
31	0.62	1.47	3.24	94.67
32	0.86	1.60	3.28	94.25
33	0.70	1.88	3.82	93.61
34	0.63	1.53	3.18	94.66
35	0.30	1.24	2.27	96.18
36	0.55	1.13	3.25	95.07
37	0.58	0.96	2.63	95.84
38	0.45	0.89	2.33	96.33
39	0.25	0.90	1.97	96.88
40	0.56	0.98	3.11	95.35
41	0.64	1.17	3.45	94.74
42	0.66	1.40	3.77	94.18
43	0.61	1.41	3.88	94.10
44	0.79	1.81	4.61	92.79
45	0.87	1.88	5.28	91.98
46	1.34	2.90	8.86	86.90
47	1.76	6.05	13.96	78.24
48	2.10	11.67	19.60	66.63
49	2.35	20.48	23.59	53.58
50	2.98	34.98	22.30	39.74
51	4.29	47.53	18.10	30.08
52	5.27	54.54	15.76	24.44
53	5.97	59.48	14.46	20.10
54	6.13	63.23	13.33	17.30
55	6.07	65.02	13.87	15.04
56	5.44	65.96	14.73	13.87
57	4.63	65.31	16.52	13.54
58	4.27	63.40	18.30	14.03
59	2.76	57.49	23.43	16.33
60	3.06	50.50	26.31	20.13
61	1.96	41.20	29.75	27.09
62	2.00	32.01	30.35	35.65
63	1.78	24.34	29.04	44.84
64	1.25	18.05	26.27	54.42
65	1.26	12.88	21.86	63.99
66	1.42	10.07	18.59	69.92
67	1.11	7.56	16.22	75.11
68	1.01	5.93	14.16	78.89
69	1.02	5.12	12.91	80.95
70	0.94	4.21	17.09	77.76
71	1.08	4.23	13.03	81.66
72	0.76	4.04	11.25	83.94
73	0.65	3.70	9.75	85.90
74	0.69	3.52	9.40	86.38
75	0.77	3.50	9.90	85.82
76	0.68	3.15	9.36	86.82
77	0.71	2.80	8.85	87.64
78	0.81	2.99	9.65	86.56
79	0.80	2.94	9.51	86.76
80	0.75	2.81	9.41	87.03
81	0.78	2.59	9.23	87.40
82	0.81	2.92	9.86	86.40
83	0.79	2.92	9.34	86.95
84	0.76	2.76	8.95	87.53
85	0.84	2.71	9.49	86.97
86	0.77	2.64	9.21	87.38
87	0.78	2.48	8.98	87.76
88	0.74	2.27	8.71	88.28
89	0.69	2.10	8.15	89.06
90	0.74	2.03	8.07	89.16
91	0.78	2.20	8.33	88.70
92	0.78	2.26	8.65	88.31
93	0.79	2.25	8.71	88.25
94	0.81	2.25	8.59	88.36
95	1.33	3.26	12.68	82.73




