Parameters
	Library type	Single-end
	Input file	/Volumes/wdhd/users/joaks1/projects/gekgo/data/genomes/msg/plate1/demultiplexed-raw/fastq/RMB_5757_Cyrtodactylus_philippinicus_CamiguinNorte_R1.fq
	Primer/Adaptor library	NA
	Cut-off read length for HQ	70%
	Cut-off quality score	20
	Only statistics	On
	Number of processes	2


QC statistics
	File name	RMB_5757_Cyrtodactylus_philippinicus_CamiguinNorte_R1.fq
	Total number of reads	506526
	Total number of HQ reads	496347
	Percentage of HQ reads	97.99%
	Total number of bases	48119970
	Total number of bases in HQ reads	47152965
	Total number of HQ bases in HQ reads	42082462
	Percentage of HQ bases in HQ reads	89.25%
	Number of Primer/Adaptor contaminated HQ reads	NA
	Total number of HQ filtered reads	496347
	Percentage of HQ filtered reads	97.99%


Detailed QC statistics
	File name	RMB_5757_Cyrtodactylus_philippinicus_CamiguinNorte_R1.fq
	Minimum read length	95
	Maximum read length	95
	Average read length	95.00
	Total number of reads	506526
	Total number of reads with non-ATGC bases	216
	Percentage of reads with non-ATGC bases	0.04%
	Total number of bases	48119970
	Total number of HQ bases	42664616
	Percentage of HQ bases	88.66%
	Total number of non-ATGC bases	1248
	Percentage of non-ATGC bases	0.00%


Average quality score at each base position of input reads

RMB_5757_Cyrtodactylus_philippinicus_CamiguinNorte_R1.fq
36.81	36.45	36.85	36.23	36.85	36.90	36.67	39.04	38.27	37.88	38.03	38.35	37.92	37.78	37.89	37.40	37.72	37.13	37.04	36.90	37.41	36.76	36.81	36.91	37.29	37.05	37.10	37.56	36.57	36.23	36.47	36.52	36.30	36.53	37.04	36.57	36.85	37.18	37.45	36.59	36.42	36.31	36.25	35.86	35.52	34.04	32.15	29.79	27.16	24.28	21.92	20.43	19.43	18.80	18.40	18.32	18.52	18.80	19.81	20.87	22.68	24.56	26.44	28.28	29.98	31.02	32.02	32.72	33.06	32.15	32.65	33.26	33.72	33.82	33.73	33.89	33.97	33.77	33.78	33.80	33.83	33.68	33.76	33.84	33.74	33.78	33.86	33.96	34.08	34.09	33.99	33.93	33.91	33.91	32.76	




Read count (%) per base for different quality score ranges

	RMB_5757_Cyrtodactylus_philippinicus_CamiguinNorte_R1.fq
Ranges	0-10	11-20	21-30	31-40
Base
1	0.00	0.34	0.34	99.32
2	0.00	0.15	0.18	99.67
3	0.00	0.18	0.23	99.59
4	0.00	0.52	1.17	98.31
5	0.00	0.17	0.35	99.48
6	0.00	0.09	0.25	99.66
7	0.01	0.49	0.96	98.54
8	0.00	0.63	0.72	98.65
9	0.03	1.01	1.62	97.34
10	0.03	1.25	1.80	96.92
11	0.01	1.12	1.33	97.54
12	0.01	0.71	1.20	98.09
13	0.04	0.92	1.98	97.07
14	0.02	1.04	1.72	97.22
15	0.02	0.97	1.45	97.56
16	0.05	1.13	2.27	96.55
17	0.04	0.90	1.52	97.54
18	0.13	1.54	2.99	95.34
19	0.16	1.80	2.79	95.25
20	0.14	2.09	3.01	94.75
21	0.11	1.48	2.03	96.38
22	0.31	1.50	2.69	95.51
23	0.23	1.53	2.83	95.41
24	0.34	1.37	2.59	95.70
25	0.21	1.27	2.02	96.50
26	0.43	1.19	2.85	95.53
27	0.38	1.17	2.69	95.76
28	0.23	1.08	1.84	96.85
29	0.78	1.10	2.98	95.14
30	0.75	1.69	4.08	93.48
31	0.72	1.54	3.60	94.15
32	0.94	1.64	3.55	93.87
33	0.73	2.00	4.25	93.02
34	0.69	1.62	3.55	94.15
35	0.31	1.29	2.57	95.82
36	0.59	1.28	3.82	94.31
37	0.61	1.01	3.14	95.25
38	0.46	0.96	2.75	95.83
39	0.29	0.99	2.30	96.43
40	0.63	1.12	3.80	94.44
41	0.76	1.30	4.32	93.62
42	0.75	1.56	4.74	92.96
43	0.69	1.60	5.02	92.68
44	0.92	2.00	5.94	91.14
45	0.98	2.12	6.78	90.11
46	1.52	3.22	11.25	84.01
47	2.03	6.58	17.20	74.19
48	2.44	12.38	23.39	61.80
49	2.83	21.31	27.39	48.47
50	3.60	35.26	25.32	35.82
51	5.03	47.52	20.40	27.05
52	6.36	54.36	17.86	21.42
53	7.00	59.09	16.49	17.42
54	7.19	62.95	14.55	15.30
55	6.95	64.97	14.99	13.09
56	6.27	65.62	16.09	12.02
57	5.27	64.98	17.86	11.89
58	5.00	63.02	19.57	12.42
59	3.21	57.83	24.35	14.61
60	3.38	50.87	27.24	18.52
61	2.22	41.80	30.73	25.25
62	2.22	32.44	31.45	33.89
63	1.97	24.61	30.23	43.20
64	1.42	18.45	27.34	52.79
65	1.44	13.12	23.27	62.17
66	1.55	10.27	20.01	68.18
67	1.24	7.75	17.44	73.56
68	1.08	6.04	15.31	77.57
69	1.12	5.20	14.06	79.62
70	1.00	4.28	19.07	75.65
71	1.16	4.28	14.59	79.97
72	0.81	4.02	12.57	82.60
73	0.67	3.67	10.85	84.81
74	0.74	3.55	10.46	85.25
75	0.80	3.49	11.08	84.63
76	0.72	3.13	10.37	85.78
77	0.72	2.85	9.97	86.46
78	0.85	2.97	10.65	85.52
79	0.86	2.96	10.50	85.68
80	0.80	2.81	10.46	85.93
81	0.77	2.61	10.30	86.31
82	0.82	2.89	10.78	85.52
83	0.82	2.88	10.09	86.20
84	0.78	2.75	9.79	86.68
85	0.84	2.70	10.18	86.28
86	0.83	2.65	9.93	86.59
87	0.82	2.48	9.63	87.07
88	0.78	2.26	9.23	87.74
89	0.72	2.10	8.62	88.57
90	0.77	2.07	8.44	88.72
91	0.82	2.23	8.64	88.31
92	0.86	2.32	8.95	87.87
93	0.85	2.32	8.99	87.84
94	0.83	2.31	8.87	87.99
95	1.45	3.56	13.09	81.90




