Parameters
	Library type	Single-end
	Input file	/Volumes/wdhd/users/joaks1/projects/gekgo/data/genomes/msg/plate1/demultiplexed-raw/fastq/RMB_13713_Cyrtodactylus_philippinicus_Luzon_R1.fq
	Primer/Adaptor library	NA
	Cut-off read length for HQ	70%
	Cut-off quality score	20
	Only statistics	On
	Number of processes	2


QC statistics
	File name	RMB_13713_Cyrtodactylus_philippinicus_Luzon_R1.fq
	Total number of reads	86647
	Total number of HQ reads	84812
	Percentage of HQ reads	97.88%
	Total number of bases	8231465
	Total number of bases in HQ reads	8057140
	Total number of HQ bases in HQ reads	7216497
	Percentage of HQ bases in HQ reads	89.57%
	Number of Primer/Adaptor contaminated HQ reads	NA
	Total number of HQ filtered reads	84812
	Percentage of HQ filtered reads	97.88%


Detailed QC statistics
	File name	RMB_13713_Cyrtodactylus_philippinicus_Luzon_R1.fq
	Minimum read length	95
	Maximum read length	95
	Average read length	95.00
	Total number of reads	86647
	Total number of reads with non-ATGC bases	32
	Percentage of reads with non-ATGC bases	0.04%
	Total number of bases	8231465
	Total number of HQ bases	7321584
	Percentage of HQ bases	88.95%
	Total number of non-ATGC bases	179
	Percentage of non-ATGC bases	0.00%


Average quality score at each base position of input reads

RMB_13713_Cyrtodactylus_philippinicus_Luzon_R1.fq
36.84	36.70	36.88	36.34	36.87	36.92	36.69	39.09	38.35	37.96	38.13	38.42	38.24	38.21	38.27	37.84	38.07	37.43	37.32	37.13	37.60	36.99	37.05	37.11	37.46	37.24	37.29	37.73	36.80	36.45	36.66	36.72	36.54	36.79	37.27	36.84	37.10	37.43	37.71	36.96	36.80	36.70	36.65	36.33	36.04	34.68	32.91	30.63	28.06	25.02	22.50	20.87	19.73	19.08	18.68	18.56	18.76	18.97	20.07	21.17	23.01	24.92	26.87	28.77	30.51	31.59	32.65	33.34	33.70	32.83	33.33	33.90	34.29	34.36	34.26	34.37	34.44	34.23	34.23	34.24	34.27	34.07	34.10	34.16	34.04	34.06	34.13	34.21	34.29	34.27	34.20	34.14	34.10	34.08	33.03	




Read count (%) per base for different quality score ranges

	RMB_13713_Cyrtodactylus_philippinicus_Luzon_R1.fq
Ranges	0-10	11-20	21-30	31-40
Base
1	0.00	0.30	0.28	99.41
2	0.00	0.13	0.11	99.76
3	0.00	0.13	0.19	99.68
4	0.00	0.41	1.03	98.56
5	0.00	0.13	0.30	99.56
6	0.00	0.09	0.22	99.70
7	0.01	0.45	0.93	98.61
8	0.00	0.66	0.72	98.62
9	0.02	0.97	1.56	97.45
10	0.02	1.24	1.73	97.01
11	0.01	1.06	1.26	97.67
12	0.01	0.71	1.09	98.19
13	0.02	0.80	1.84	97.34
14	0.02	1.02	1.64	97.32
15	0.02	0.94	1.35	97.69
16	0.04	1.11	2.07	96.78
17	0.01	0.86	1.41	97.72
18	0.08	1.41	2.61	95.89
19	0.09	1.67	2.57	95.67
20	0.06	1.99	2.83	95.13
21	0.05	1.42	1.82	96.70
22	0.12	1.50	2.55	95.83
23	0.11	1.46	2.44	96.00
24	0.14	1.45	2.32	96.08
25	0.11	1.27	1.87	96.74
26	0.19	1.22	2.60	95.99
27	0.23	1.25	2.38	96.14
28	0.16	1.09	1.60	97.15
29	0.50	1.20	2.64	95.66
30	0.56	1.67	3.66	94.11
31	0.60	1.53	3.19	94.68
32	0.88	1.59	3.18	94.35
33	0.67	1.86	3.66	93.80
34	0.59	1.48	3.02	94.91
35	0.28	1.14	2.20	96.38
36	0.53	1.08	3.22	95.18
37	0.57	0.88	2.68	95.87
38	0.44	0.84	2.24	96.47
39	0.26	0.87	1.79	97.08
40	0.51	0.93	3.05	95.51
41	0.64	1.13	3.37	94.86
42	0.67	1.34	3.77	94.22
43	0.59	1.41	3.93	94.07
44	0.76	1.79	4.57	92.88
45	0.83	1.83	4.91	92.43
46	1.26	2.84	8.43	87.47
47	1.66	5.94	13.77	78.64
48	1.97	11.45	19.60	66.99
49	2.24	20.00	23.73	54.04
50	2.99	34.22	22.31	40.47
51	4.05	47.27	17.87	30.81
52	5.16	55.00	15.53	24.31
53	5.73	60.33	14.45	19.49
54	6.01	64.02	12.88	17.09
55	5.79	65.87	13.58	14.77
56	5.21	66.62	14.52	13.65
57	4.32	65.65	16.69	13.34
58	4.13	63.88	18.43	13.55
59	2.80	57.39	23.70	16.10
60	2.90	50.61	26.20	20.29
61	1.90	41.19	29.79	27.13
62	1.93	32.02	29.99	36.06
63	1.70	24.11	28.86	45.34
64	1.29	17.79	25.97	54.96
65	1.28	12.74	21.58	64.40
66	1.37	9.90	18.58	70.15
67	1.01	7.54	15.94	75.51
68	0.94	5.78	14.14	79.14
69	1.01	4.99	12.80	81.21
70	0.89	3.99	16.70	78.42
71	1.07	4.09	12.77	82.07
72	0.75	3.96	10.98	84.31
73	0.68	3.69	9.52	86.11
74	0.71	3.53	9.37	86.39
75	0.73	3.51	9.83	85.93
76	0.72	3.08	9.15	87.05
77	0.73	2.76	8.85	87.66
78	0.77	2.89	9.43	86.92
79	0.81	2.83	9.07	87.29
80	0.78	2.73	8.91	87.58
81	0.72	2.54	8.84	87.89
82	0.79	2.72	9.43	87.05
83	0.73	2.90	8.86	87.50
84	0.76	2.65	8.77	87.83
85	0.81	2.58	9.16	87.46
86	0.80	2.48	9.03	87.69
87	0.75	2.32	8.84	88.10
88	0.67	2.18	8.55	88.61
89	0.71	1.93	7.99	89.36
90	0.77	1.98	7.88	89.37
91	0.79	2.04	8.10	89.07
92	0.76	2.15	8.38	88.70
93	0.77	2.24	8.36	88.63
94	0.82	2.15	8.45	88.58
95	1.31	3.06	12.72	82.91




