Parameters
	Library type	Single-end
	Input file	/Volumes/wdhd/users/joaks1/projects/gekgo/data/genomes/msg/plate1/demultiplexed-raw/fastq/RMB_5754_Cyrtodactylus_philippinicus_CamiguinNorte_R1.fq
	Primer/Adaptor library	NA
	Cut-off read length for HQ	70%
	Cut-off quality score	20
	Only statistics	On
	Number of processes	2


QC statistics
	File name	RMB_5754_Cyrtodactylus_philippinicus_CamiguinNorte_R1.fq
	Total number of reads	937117
	Total number of HQ reads	917526
	Percentage of HQ reads	97.91%
	Total number of bases	89026115
	Total number of bases in HQ reads	87164970
	Total number of HQ bases in HQ reads	78032096
	Percentage of HQ bases in HQ reads	89.52%
	Number of Primer/Adaptor contaminated HQ reads	NA
	Total number of HQ filtered reads	917526
	Percentage of HQ filtered reads	97.91%


Detailed QC statistics
	File name	RMB_5754_Cyrtodactylus_philippinicus_CamiguinNorte_R1.fq
	Minimum read length	95
	Maximum read length	95
	Average read length	95.00
	Total number of reads	937117
	Total number of reads with non-ATGC bases	391
	Percentage of reads with non-ATGC bases	0.04%
	Total number of bases	89026115
	Total number of HQ bases	79156626
	Percentage of HQ bases	88.91%
	Total number of non-ATGC bases	2194
	Percentage of non-ATGC bases	0.00%


Average quality score at each base position of input reads

RMB_5754_Cyrtodactylus_philippinicus_CamiguinNorte_R1.fq
36.88	36.30	36.88	36.37	36.89	36.93	36.71	39.13	38.39	38.00	38.17	38.47	38.27	38.25	38.29	37.84	38.04	37.38	37.26	37.11	37.60	36.98	37.04	37.11	37.46	37.26	37.31	37.76	36.80	36.48	36.70	36.72	36.54	36.77	37.26	36.86	37.11	37.41	37.71	36.95	36.79	36.69	36.65	36.26	35.94	34.58	32.81	30.51	27.88	24.91	22.43	20.90	19.83	19.13	18.72	18.58	18.76	18.99	20.03	21.10	22.94	24.85	26.77	28.63	30.38	31.45	32.46	33.20	33.57	32.67	33.16	33.74	34.18	34.25	34.14	34.28	34.34	34.14	34.12	34.12	34.15	33.96	34.01	34.09	33.96	33.99	34.07	34.15	34.25	34.25	34.16	34.10	34.09	34.07	33.00	




Read count (%) per base for different quality score ranges

	RMB_5754_Cyrtodactylus_philippinicus_CamiguinNorte_R1.fq
Ranges	0-10	11-20	21-30	31-40
Base
1	0.00	0.26	0.25	99.49
2	0.00	0.13	0.17	99.70
3	0.00	0.12	0.16	99.71
4	0.00	0.33	0.82	98.85
5	0.00	0.10	0.26	99.64
6	0.00	0.07	0.16	99.77
7	0.01	0.43	0.88	98.68
8	0.00	0.61	0.63	98.76
9	0.02	0.93	1.49	97.56
10	0.02	1.20	1.60	97.18
11	0.01	1.04	1.22	97.73
12	0.01	0.66	1.08	98.26
13	0.02	0.77	1.72	97.49
14	0.02	0.93	1.52	97.53
15	0.01	0.87	1.29	97.83
16	0.03	0.98	1.96	97.03
17	0.03	0.81	1.31	97.85
18	0.09	1.37	2.66	95.88
19	0.11	1.68	2.55	95.66
20	0.09	1.96	2.78	95.17
21	0.07	1.42	1.81	96.70
22	0.15	1.48	2.44	95.93
23	0.12	1.41	2.54	95.93
24	0.16	1.39	2.33	96.12
25	0.12	1.25	1.77	96.86
26	0.22	1.19	2.51	96.07
27	0.23	1.16	2.31	96.30
28	0.16	0.99	1.59	97.25
29	0.59	1.09	2.59	95.73
30	0.57	1.58	3.58	94.26
31	0.59	1.43	3.15	94.83
32	0.84	1.55	3.22	94.39
33	0.63	1.86	3.73	93.78
34	0.57	1.48	3.09	94.85
35	0.26	1.14	2.18	96.41
36	0.49	1.07	3.16	95.28
37	0.52	0.89	2.62	95.98
38	0.40	0.88	2.27	96.45
39	0.24	0.87	1.88	97.01
40	0.49	0.93	3.01	95.58
41	0.62	1.14	3.40	94.84
42	0.62	1.35	3.77	94.26
43	0.57	1.36	3.91	94.17
44	0.77	1.79	4.73	92.72
45	0.80	1.87	5.34	91.99
46	1.27	2.87	8.91	86.95
47	1.66	5.94	14.24	78.16
48	1.99	11.58	20.05	66.38
49	2.30	20.44	24.01	53.25
50	2.90	34.44	22.84	39.81
51	4.15	47.29	18.31	30.25
52	5.17	54.59	15.95	24.30
53	5.82	59.59	14.77	19.82
54	6.06	63.53	13.29	17.11
55	5.88	65.37	13.96	14.80
56	5.38	66.16	14.93	13.52
57	4.43	65.51	16.87	13.19
58	4.22	63.69	18.60	13.49
59	2.70	57.91	23.44	15.95
60	2.87	50.89	26.45	19.79
61	1.87	41.63	29.78	26.72
62	1.93	32.15	30.51	35.42
63	1.70	24.38	29.19	44.72
64	1.28	18.23	26.23	54.25
65	1.27	12.99	21.97	63.77
66	1.37	10.14	18.87	69.61
67	1.10	7.77	16.36	74.78
68	1.00	6.00	14.18	78.82
69	1.01	5.20	12.88	80.91
70	0.90	4.26	17.10	77.74
71	1.06	4.32	13.10	81.51
72	0.75	4.08	11.36	83.81
73	0.63	3.76	9.81	85.80
74	0.68	3.62	9.51	86.19
75	0.74	3.58	10.02	85.67
76	0.66	3.18	9.31	86.85
77	0.68	2.85	8.95	87.52
78	0.79	3.00	9.47	86.74
79	0.76	3.03	9.40	86.80
80	0.72	2.89	9.42	86.97
81	0.71	2.65	9.31	87.34
82	0.78	2.88	9.76	86.58
83	0.77	2.96	9.17	87.10
84	0.73	2.76	8.92	87.60
85	0.80	2.72	9.41	87.07
86	0.75	2.69	9.20	87.37
87	0.75	2.48	9.00	87.77
88	0.72	2.24	8.67	88.37
89	0.67	2.11	8.03	89.19
90	0.72	2.08	7.94	89.27
91	0.77	2.20	8.18	88.86
92	0.77	2.25	8.47	88.51
93	0.75	2.26	8.51	88.48
94	0.78	2.23	8.45	88.54
95	1.28	3.24	12.57	82.90




