Parameters
	Library type	Single-end
	Input file	/Volumes/wdhd/users/joaks1/projects/gekgo/data/genomes/msg/plate1/demultiplexed-raw/fastq/RMB_8220_Cyrtodactylus_annulatus_CamiguinSur_R1.fq
	Primer/Adaptor library	NA
	Cut-off read length for HQ	70%
	Cut-off quality score	20
	Only statistics	On
	Number of processes	2


QC statistics
	File name	RMB_8220_Cyrtodactylus_annulatus_CamiguinSur_R1.fq
	Total number of reads	493604
	Total number of HQ reads	483058
	Percentage of HQ reads	97.86%
	Total number of bases	46892380
	Total number of bases in HQ reads	45890510
	Total number of HQ bases in HQ reads	41057133
	Percentage of HQ bases in HQ reads	89.47%
	Number of Primer/Adaptor contaminated HQ reads	NA
	Total number of HQ filtered reads	483058
	Percentage of HQ filtered reads	97.86%


Detailed QC statistics
	File name	RMB_8220_Cyrtodactylus_annulatus_CamiguinSur_R1.fq
	Minimum read length	95
	Maximum read length	95
	Average read length	95.00
	Total number of reads	493604
	Total number of reads with non-ATGC bases	247
	Percentage of reads with non-ATGC bases	0.05%
	Total number of bases	46892380
	Total number of HQ bases	41659866
	Percentage of HQ bases	88.84%
	Total number of non-ATGC bases	1214
	Percentage of non-ATGC bases	0.00%


Average quality score at each base position of input reads

RMB_8220_Cyrtodactylus_annulatus_CamiguinSur_R1.fq
36.82	36.53	36.89	36.26	36.89	36.93	36.70	39.08	38.33	37.97	38.13	38.44	38.25	38.22	38.28	37.85	38.08	37.39	37.30	37.09	37.58	36.95	37.05	37.10	37.43	37.21	37.24	37.71	36.73	36.42	36.62	36.62	36.44	36.67	37.21	36.74	36.98	37.29	37.61	36.83	36.70	36.61	36.55	36.20	35.91	34.54	32.77	30.41	27.89	24.80	22.43	20.85	19.91	19.14	18.78	18.63	18.76	19.06	20.08	21.11	23.01	24.93	26.76	28.69	30.29	31.37	32.43	33.20	33.58	32.62	33.13	33.73	34.19	34.30	34.19	34.30	34.35	34.12	34.09	34.08	34.11	33.92	33.94	34.02	33.92	33.93	33.98	34.05	34.17	34.18	34.12	34.04	34.00	33.95	32.82	




Read count (%) per base for different quality score ranges

	RMB_8220_Cyrtodactylus_annulatus_CamiguinSur_R1.fq
Ranges	0-10	11-20	21-30	31-40
Base
1	0.00	0.26	0.29	99.45
2	0.00	0.12	0.11	99.77
3	0.00	0.10	0.16	99.75
4	0.00	0.37	0.98	98.66
5	0.00	0.10	0.26	99.64
6	0.00	0.06	0.15	99.78
7	0.01	0.45	0.89	98.65
8	0.00	0.64	0.65	98.71
9	0.03	0.94	1.48	97.55
10	0.02	1.18	1.63	97.17
11	0.01	1.01	1.23	97.75
12	0.01	0.66	1.09	98.25
13	0.03	0.80	1.76	97.41
14	0.02	0.98	1.60	97.40
15	0.02	0.90	1.31	97.78
16	0.04	1.05	2.10	96.81
17	0.02	0.84	1.37	97.77
18	0.07	1.44	2.71	95.78
19	0.09	1.73	2.59	95.58
20	0.08	1.99	2.81	95.12
21	0.05	1.45	1.87	96.63
22	0.13	1.56	2.55	95.76
23	0.10	1.43	2.53	95.94
24	0.15	1.42	2.37	96.07
25	0.10	1.31	1.85	96.74
26	0.21	1.25	2.52	96.02
27	0.22	1.26	2.45	96.07
28	0.16	1.01	1.65	97.18
29	0.56	1.19	2.73	95.52
30	0.57	1.69	3.68	94.05
31	0.62	1.48	3.26	94.64
32	0.92	1.62	3.39	94.07
33	0.70	1.92	3.89	93.49
34	0.65	1.53	3.23	94.58
35	0.29	1.24	2.27	96.20
36	0.56	1.19	3.49	94.76
37	0.60	0.99	2.79	95.62
38	0.49	0.97	2.41	96.13
39	0.27	0.94	2.00	96.80
40	0.57	1.02	3.23	95.18
41	0.72	1.20	3.48	94.61
42	0.69	1.42	3.89	94.01
43	0.63	1.49	4.07	93.81
44	0.84	1.86	4.69	92.60
45	0.94	1.93	5.26	91.88
46	1.45	3.00	8.81	86.74
47	1.85	6.16	13.91	78.08
48	2.28	11.95	19.56	66.21
49	2.65	20.45	23.27	53.63
50	3.41	34.67	21.98	39.94
51	4.67	46.66	18.03	30.64
52	5.91	53.62	16.05	24.41
53	6.32	58.52	14.55	20.61
54	6.72	62.49	13.27	17.53
55	6.63	63.94	13.96	15.47
56	6.01	65.25	14.39	14.35
57	5.12	64.99	15.94	13.94
58	4.63	62.96	18.08	14.33
59	3.12	57.26	23.05	16.57
60	3.37	50.38	25.93	20.32
61	2.15	41.07	29.52	27.26
62	2.23	31.61	30.08	36.08
63	1.99	24.29	28.86	44.86
64	1.39	18.05	26.05	54.52
65	1.48	13.26	21.94	63.33
66	1.57	10.36	18.95	69.13
67	1.23	7.79	16.49	74.50
68	1.10	6.02	14.22	78.65
69	1.13	5.11	13.05	80.72
70	1.07	4.29	17.25	77.39
71	1.23	4.39	13.28	81.11
72	0.85	4.20	11.42	83.54
73	0.72	3.77	9.96	85.55
74	0.75	3.57	9.51	86.17
75	0.84	3.52	9.97	85.67
76	0.75	3.18	9.46	86.61
77	0.76	2.85	9.03	87.36
78	0.86	2.96	9.63	86.55
79	0.85	2.97	9.57	86.61
80	0.83	2.87	9.45	86.86
81	0.82	2.61	9.34	87.23
82	0.90	2.88	9.78	86.44
83	0.85	3.02	9.38	86.75
84	0.83	2.78	9.11	87.28
85	0.91	2.71	9.52	86.86
86	0.88	2.68	9.37	87.07
87	0.84	2.56	9.21	87.39
88	0.85	2.29	8.94	87.92
89	0.81	2.09	8.32	88.78
90	0.86	2.07	8.09	88.99
91	0.88	2.12	8.27	88.73
92	0.90	2.24	8.54	88.31
93	0.90	2.27	8.72	88.11
94	0.91	2.27	8.81	88.01
95	1.50	3.36	13.11	82.03




