Parameters
	Library type	Single-end
	Input file	/Volumes/wdhd/users/joaks1/projects/gekgo/data/genomes/msg/plate1/demultiplexed-raw/fastq/RMB_11309_Cyrtodactylus_annulatus_Mindanao_R1.fq
	Primer/Adaptor library	NA
	Cut-off read length for HQ	70%
	Cut-off quality score	20
	Only statistics	On
	Number of processes	2


QC statistics
	File name	RMB_11309_Cyrtodactylus_annulatus_Mindanao_R1.fq
	Total number of reads	1021704
	Total number of HQ reads	1000310
	Percentage of HQ reads	97.91%
	Total number of bases	97061880
	Total number of bases in HQ reads	95029450
	Total number of HQ bases in HQ reads	84602214
	Percentage of HQ bases in HQ reads	89.03%
	Number of Primer/Adaptor contaminated HQ reads	NA
	Total number of HQ filtered reads	1000310
	Percentage of HQ filtered reads	97.91%


Detailed QC statistics
	File name	RMB_11309_Cyrtodactylus_annulatus_Mindanao_R1.fq
	Minimum read length	95
	Maximum read length	95
	Average read length	95.00
	Total number of reads	1021704
	Total number of reads with non-ATGC bases	503
	Percentage of reads with non-ATGC bases	0.05%
	Total number of bases	97061880
	Total number of HQ bases	85820416
	Percentage of HQ bases	88.42%
	Total number of non-ATGC bases	2750
	Percentage of non-ATGC bases	0.00%


Average quality score at each base position of input reads

RMB_11309_Cyrtodactylus_annulatus_Mindanao_R1.fq
36.76	36.54	36.87	36.14	36.86	36.92	36.70	39.15	38.32	37.79	37.95	38.32	38.31	38.15	38.33	37.77	38.08	37.08	36.84	36.70	36.82	36.77	37.18	37.30	37.72	37.47	37.22	37.78	36.99	36.69	36.86	36.76	36.45	36.70	37.38	36.82	36.96	37.23	37.49	36.72	36.48	36.46	36.39	36.01	35.67	34.04	31.77	29.02	27.20	23.50	21.24	20.23	19.22	18.71	18.45	18.28	18.02	18.18	19.14	20.78	22.71	24.90	26.76	28.24	29.54	30.81	32.05	32.75	33.19	32.16	32.70	33.33	33.70	33.81	33.93	34.18	34.09	33.77	33.60	33.77	33.97	33.82	33.88	33.89	33.79	33.70	33.62	33.80	34.01	33.91	33.75	33.77	33.76	33.67	32.32	




Read count (%) per base for different quality score ranges

	RMB_11309_Cyrtodactylus_annulatus_Mindanao_R1.fq
Ranges	0-10	11-20	21-30	31-40
Base
1	0.00	0.33	0.36	99.32
2	0.00	0.13	0.14	99.73
3	0.00	0.14	0.20	99.66
4	0.00	0.47	1.15	98.38
5	0.00	0.12	0.36	99.51
6	0.00	0.07	0.23	99.70
7	0.01	0.44	0.92	98.63
8	0.00	0.64	0.67	98.69
9	0.05	0.90	1.51	97.54
10	0.02	1.38	1.88	96.72
11	0.01	1.17	1.46	97.36
12	0.01	0.76	1.23	98.00
13	0.03	0.79	1.67	97.51
14	0.02	1.18	1.75	97.05
15	0.01	0.88	1.28	97.83
16	0.05	1.11	2.35	96.48
17	0.01	0.85	1.36	97.78
18	0.11	1.64	3.12	95.14
19	0.15	2.27	3.36	94.22
20	0.16	2.54	3.55	93.75
21	0.09	3.05	3.20	93.66
22	0.18	1.92	2.97	94.94
23	0.12	1.37	2.44	96.07
24	0.19	1.26	2.10	96.45
25	0.14	1.12	1.62	97.11
26	0.25	1.11	2.27	96.38
27	0.27	1.15	2.30	96.29
28	0.17	0.88	1.49	97.46
29	0.57	1.13	2.53	95.78
30	0.51	1.47	3.29	94.73
31	0.55	1.28	2.94	95.23
32	0.90	1.44	3.29	94.36
33	0.63	1.97	3.98	93.42
34	0.63	1.53	3.29	94.55
35	0.29	1.12	2.25	96.34
36	0.54	1.16	3.29	95.02
37	0.57	0.95	2.90	95.58
38	0.51	0.89	2.65	95.95
39	0.28	1.03	2.40	96.29
40	0.55	0.95	3.32	95.18
41	0.61	1.17	3.76	94.46
42	0.76	1.38	4.16	93.70
43	0.59	1.43	4.33	93.65
44	0.82	1.81	5.29	92.08
45	0.85	1.80	5.98	91.37
46	1.54	3.24	10.83	84.39
47	1.91	7.05	18.29	72.75
48	2.23	14.48	25.12	58.16
49	2.32	20.18	29.25	48.25
50	3.34	38.60	25.56	32.50
51	4.75	51.27	19.73	24.25
52	4.90	57.25	17.44	20.41
53	6.51	61.74	14.65	17.11
54	6.44	64.63	14.20	14.74
55	5.82	66.89	13.98	13.30
56	6.20	67.06	14.05	12.69
57	4.94	68.62	16.40	10.03
58	4.38	67.99	17.36	10.27
59	3.13	62.60	21.61	12.67
60	2.98	51.69	27.15	18.18
61	2.31	41.17	31.08	25.43
62	2.08	30.28	32.38	35.26
63	1.76	23.39	29.99	44.86
64	1.44	18.65	27.30	52.61
65	1.36	14.84	23.92	59.88
66	1.40	10.65	21.25	66.70
67	1.17	7.46	17.67	73.69
68	1.06	5.77	15.59	77.58
69	0.99	4.81	14.01	80.20
70	0.98	4.14	19.33	75.55
71	1.12	4.04	14.60	80.24
72	0.82	3.97	12.33	82.88
73	0.73	3.87	11.12	84.28
74	0.78	3.66	10.90	84.66
75	0.78	3.30	10.58	85.34
76	0.73	2.83	9.62	86.82
77	0.83	2.70	9.83	86.64
78	0.89	2.96	11.07	85.09
79	0.97	3.13	11.76	84.13
80	0.86	2.77	10.89	85.48
81	0.83	2.58	9.62	86.97
82	0.90	3.10	9.96	86.05
83	0.88	2.86	9.62	86.64
84	0.90	2.60	9.70	86.81
85	0.90	2.70	9.92	86.48
86	0.90	2.74	10.43	85.93
87	0.96	2.82	10.61	85.62
88	0.85	2.33	9.92	86.90
89	0.85	2.10	8.56	88.50
90	0.93	2.11	9.21	87.75
91	0.94	2.25	9.91	86.91
92	0.93	2.28	9.54	87.25
93	0.93	2.37	9.74	86.96
94	1.03	2.43	9.98	86.56
95	1.72	4.04	15.28	78.96




