Parameters
	Library type	Single-end
	Input file	/Volumes/wdhd/users/joaks1/projects/gekgo/data/genomes/msg/plate1/demultiplexed-raw/fastq/RMB_13651_Cyrtodactylus_philippinicus_Luzon_R1.fq
	Primer/Adaptor library	NA
	Cut-off read length for HQ	70%
	Cut-off quality score	20
	Only statistics	On
	Number of processes	2


QC statistics
	File name	RMB_13651_Cyrtodactylus_philippinicus_Luzon_R1.fq
	Total number of reads	269299
	Total number of HQ reads	263899
	Percentage of HQ reads	97.99%
	Total number of bases	25583405
	Total number of bases in HQ reads	25070405
	Total number of HQ bases in HQ reads	22454342
	Percentage of HQ bases in HQ reads	89.57%
	Number of Primer/Adaptor contaminated HQ reads	NA
	Total number of HQ filtered reads	263899
	Percentage of HQ filtered reads	97.99%


Detailed QC statistics
	File name	RMB_13651_Cyrtodactylus_philippinicus_Luzon_R1.fq
	Minimum read length	95
	Maximum read length	95
	Average read length	95.00
	Total number of reads	269299
	Total number of reads with non-ATGC bases	142
	Percentage of reads with non-ATGC bases	0.05%
	Total number of bases	25583405
	Total number of HQ bases	22763475
	Percentage of HQ bases	88.98%
	Total number of non-ATGC bases	592
	Percentage of non-ATGC bases	0.00%


Average quality score at each base position of input reads

RMB_13651_Cyrtodactylus_philippinicus_Luzon_R1.fq
36.72	36.47	36.88	36.28	36.88	36.92	36.71	39.13	38.42	38.01	38.16	38.45	38.25	38.25	38.31	37.83	38.03	37.39	37.28	37.11	37.58	36.99	37.05	37.12	37.47	37.26	37.29	37.72	36.80	36.47	36.70	36.76	36.54	36.77	37.26	36.85	37.12	37.42	37.71	36.93	36.77	36.70	36.65	36.31	35.97	34.58	32.85	30.57	27.91	24.95	22.45	21.00	19.82	19.15	18.76	18.58	18.75	18.99	20.09	21.13	22.97	24.87	26.74	28.67	30.44	31.55	32.56	33.27	33.63	32.76	33.26	33.82	34.25	34.31	34.21	34.35	34.41	34.19	34.16	34.19	34.20	34.02	34.05	34.13	34.01	34.06	34.12	34.18	34.30	34.28	34.20	34.11	34.09	34.08	33.02	




Read count (%) per base for different quality score ranges

	RMB_13651_Cyrtodactylus_philippinicus_Luzon_R1.fq
Ranges	0-10	11-20	21-30	31-40
Base
1	0.00	0.35	0.35	99.30
2	0.00	0.15	0.13	99.72
3	0.00	0.12	0.17	99.70
4	0.00	0.36	0.91	98.73
5	0.00	0.11	0.29	99.61
6	0.00	0.07	0.19	99.74
7	0.01	0.44	0.87	98.69
8	0.00	0.61	0.62	98.77
9	0.02	0.91	1.44	97.63
10	0.02	1.15	1.61	97.22
11	0.01	1.03	1.20	97.76
12	0.01	0.65	1.11	98.24
13	0.02	0.81	1.78	97.38
14	0.02	0.99	1.56	97.43
15	0.02	0.90	1.27	97.81
16	0.04	1.01	2.05	96.90
17	0.02	0.83	1.40	97.75
18	0.07	1.38	2.67	95.89
19	0.10	1.68	2.49	95.73
20	0.08	1.96	2.78	95.18
21	0.06	1.45	1.84	96.65
22	0.13	1.46	2.54	95.87
23	0.10	1.40	2.53	95.97
24	0.14	1.40	2.32	96.14
25	0.12	1.23	1.80	96.84
26	0.21	1.17	2.59	96.03
27	0.21	1.19	2.38	96.21
28	0.16	1.04	1.66	97.14
29	0.57	1.09	2.56	95.79
30	0.55	1.65	3.58	94.22
31	0.59	1.41	3.14	94.86
32	0.79	1.57	3.19	94.45
33	0.64	1.84	3.68	93.85
34	0.59	1.51	3.10	94.79
35	0.28	1.17	2.21	96.34
36	0.51	1.08	3.16	95.25
37	0.52	0.91	2.55	96.02
38	0.43	0.85	2.30	96.41
39	0.25	0.86	1.96	96.94
40	0.51	0.98	3.09	95.42
41	0.64	1.19	3.53	94.64
42	0.62	1.39	3.78	94.21
43	0.59	1.39	3.91	94.11
44	0.77	1.79	4.56	92.88
45	0.83	1.88	5.24	92.05
46	1.31	2.90	8.82	86.97
47	1.67	5.97	14.07	78.29
48	2.03	11.46	19.83	66.68
49	2.26	20.53	23.91	53.29
50	2.98	34.33	22.60	40.08
51	4.03	47.41	18.23	30.32
52	5.15	53.90	16.36	24.60
53	5.77	59.92	14.45	19.87
54	5.96	63.52	13.38	17.13
55	5.90	65.17	13.87	15.06
56	5.34	66.41	14.53	13.71
57	4.44	65.59	16.77	13.20
58	4.16	63.72	18.64	13.49
59	2.67	57.60	23.61	16.12
60	2.96	50.68	26.32	20.04
61	1.87	41.32	29.99	26.82
62	1.99	31.90	30.66	35.45
63	1.72	24.51	29.19	44.59
64	1.25	17.94	26.56	54.26
65	1.25	12.78	21.98	64.00
66	1.34	9.92	18.65	70.09
67	1.08	7.44	16.27	75.21
68	0.94	5.86	14.09	79.11
69	1.02	5.02	12.73	81.22
70	0.91	4.04	16.76	78.29
71	1.04	4.14	12.84	81.99
72	0.75	3.93	11.12	84.20
73	0.61	3.62	9.59	86.17
74	0.69	3.46	9.45	86.40
75	0.76	3.42	9.85	85.96
76	0.70	3.01	9.13	87.17
77	0.69	2.72	8.79	87.80
78	0.79	2.88	9.28	87.05
79	0.77	2.89	9.33	87.01
80	0.72	2.72	9.18	87.39
81	0.72	2.49	9.15	87.64
82	0.77	2.71	9.65	86.87
83	0.76	2.82	9.17	87.25
84	0.73	2.56	8.91	87.80
85	0.75	2.59	9.32	87.34
86	0.75	2.45	9.06	87.74
87	0.75	2.31	8.88	88.06
88	0.72	2.10	8.62	88.56
89	0.69	1.89	7.87	89.55
90	0.75	1.93	7.80	89.52
91	0.78	2.06	8.12	89.03
92	0.79	2.17	8.50	88.54
93	0.75	2.18	8.59	88.48
94	0.79	2.07	8.53	88.62
95	1.29	3.21	12.51	82.98




