Parameters
	Library type	Single-end
	Input file	/Volumes/wdhd/users/joaks1/projects/gekgo/data/genomes/msg/plate1/demultiplexed-raw/fastq/RMB_9693_Cyrtodactylus_philippinicus_Luzon_R1.fq
	Primer/Adaptor library	NA
	Cut-off read length for HQ	70%
	Cut-off quality score	20
	Only statistics	On
	Number of processes	2


QC statistics
	File name	RMB_9693_Cyrtodactylus_philippinicus_Luzon_R1.fq
	Total number of reads	144057
	Total number of HQ reads	140682
	Percentage of HQ reads	97.66%
	Total number of bases	13685415
	Total number of bases in HQ reads	13364790
	Total number of HQ bases in HQ reads	11942094
	Percentage of HQ bases in HQ reads	89.35%
	Number of Primer/Adaptor contaminated HQ reads	NA
	Total number of HQ filtered reads	140682
	Percentage of HQ filtered reads	97.66%


Detailed QC statistics
	File name	RMB_9693_Cyrtodactylus_philippinicus_Luzon_R1.fq
	Minimum read length	95
	Maximum read length	95
	Average read length	95.00
	Total number of reads	144057
	Total number of reads with non-ATGC bases	86
	Percentage of reads with non-ATGC bases	0.06%
	Total number of bases	13685415
	Total number of HQ bases	12135545
	Percentage of HQ bases	88.68%
	Total number of non-ATGC bases	454
	Percentage of non-ATGC bases	0.00%


Average quality score at each base position of input reads

RMB_9693_Cyrtodactylus_philippinicus_Luzon_R1.fq
36.27	35.75	36.83	36.24	36.85	36.91	36.68	39.07	38.31	37.92	38.08	38.39	38.08	37.94	37.96	37.50	37.80	37.23	37.13	36.99	37.46	36.83	36.94	37.00	37.38	37.16	37.17	37.61	36.65	36.36	36.59	36.62	36.41	36.64	37.11	36.71	36.96	37.29	37.58	36.78	36.61	36.52	36.50	36.13	35.71	34.19	32.45	30.21	27.44	24.52	22.11	20.69	19.47	18.86	18.52	18.32	18.50	18.76	19.85	20.89	22.70	24.66	26.55	28.46	30.12	31.15	32.12	32.79	33.07	32.20	32.68	33.28	33.75	33.81	33.76	33.91	34.03	33.82	33.80	33.89	33.90	33.74	33.80	33.87	33.74	33.83	33.90	33.91	34.06	34.06	34.00	33.92	33.91	33.89	32.78	




Read count (%) per base for different quality score ranges

	RMB_9693_Cyrtodactylus_philippinicus_Luzon_R1.fq
Ranges	0-10	11-20	21-30	31-40
Base
1	0.00	0.53	0.75	98.71
2	0.00	0.17	0.29	99.53
3	0.00	0.17	0.26	99.57
4	0.00	0.52	1.11	98.37
5	0.01	0.16	0.36	99.48
6	0.00	0.10	0.25	99.65
7	0.00	0.49	0.96	98.55
8	0.00	0.67	0.67	98.65
9	0.03	1.03	1.61	97.34
10	0.03	1.30	1.72	96.95
11	0.02	1.14	1.36	97.49
12	0.01	0.73	1.16	98.10
13	0.04	0.86	1.83	97.28
14	0.02	1.04	1.62	97.32
15	0.02	0.95	1.40	97.63
16	0.04	1.08	2.11	96.78
17	0.02	0.83	1.43	97.72
18	0.13	1.47	2.87	95.54
19	0.13	1.77	2.71	95.39
20	0.12	2.02	2.97	94.89
21	0.10	1.52	1.98	96.40
22	0.28	1.50	2.71	95.51
23	0.18	1.45	2.67	95.70
24	0.33	1.35	2.50	95.82
25	0.22	1.25	1.93	96.60
26	0.38	1.17	2.67	95.78
27	0.37	1.17	2.57	95.89
28	0.23	1.12	1.82	96.83
29	0.83	1.13	2.79	95.25
30	0.71	1.66	3.83	93.79
31	0.69	1.50	3.41	94.39
32	1.00	1.61	3.43	93.95
33	0.74	1.93	3.98	93.34
34	0.68	1.60	3.34	94.39
35	0.32	1.37	2.46	95.85
36	0.57	1.19	3.59	94.65
37	0.62	0.99	3.00	95.40
38	0.48	0.93	2.50	96.09
39	0.30	0.91	2.20	96.59
40	0.60	1.02	3.50	94.89
41	0.70	1.25	3.86	94.18
42	0.71	1.47	4.26	93.56
43	0.64	1.48	4.44	93.44
44	0.89	1.84	5.24	92.03
45	0.93	1.98	6.28	90.81
46	1.55	3.04	10.85	84.57
47	1.78	6.00	16.68	75.55
48	2.22	11.59	22.12	64.07
49	2.53	20.93	26.54	49.99
50	3.33	34.59	25.15	36.94
51	4.46	47.27	20.62	27.64
52	5.55	53.95	18.33	22.17
53	6.30	60.10	16.13	17.47
54	6.53	63.57	14.53	15.38
55	6.31	65.25	15.06	13.38
56	5.71	66.74	15.49	12.05
57	4.85	66.01	17.30	11.84
58	4.46	64.06	19.41	12.07
59	2.92	57.86	24.72	14.51
60	3.25	50.92	27.26	18.57
61	2.10	41.81	30.88	25.21
62	2.07	32.13	31.50	34.29
63	1.90	24.34	29.90	43.86
64	1.37	18.14	26.85	53.64
65	1.34	13.09	22.65	62.91
66	1.46	10.21	19.64	68.70
67	1.18	7.76	17.16	73.90
68	1.08	6.13	15.05	77.75
69	1.18	5.42	13.82	79.58
70	0.99	4.45	18.74	75.82
71	1.25	4.44	14.40	79.90
72	0.83	4.33	12.44	82.40
73	0.72	3.84	10.70	84.74
74	0.79	3.77	10.46	84.99
75	0.86	3.64	10.87	84.63
76	0.78	3.29	10.17	85.76
77	0.77	2.97	9.57	86.69
78	0.89	3.16	10.25	85.70
79	0.85	3.21	10.32	85.62
80	0.76	3.05	9.93	86.26
81	0.80	2.76	9.85	86.59
82	0.87	3.03	10.28	85.82
83	0.85	3.08	9.75	86.33
84	0.80	2.97	9.45	86.79
85	0.92	2.91	9.95	86.21
86	0.80	2.81	9.64	86.75
87	0.87	2.61	9.33	87.19
88	0.91	2.46	9.25	87.39
89	0.82	2.27	8.40	88.51
90	0.85	2.24	8.44	88.47
91	0.90	2.39	8.54	88.17
92	0.89	2.59	8.63	87.89
93	0.90	2.56	8.77	87.76
94	0.91	2.54	8.77	87.78
95	1.47	3.61	13.09	81.82




