Parameters
	Library type	Single-end
	Input file	/Volumes/wdhd/users/joaks1/projects/gekgo/data/genomes/msg/plate1/demultiplexed-raw/fastq/RMB_7720_Cyrtodactylus_annulatus_Palawan_R1.fq
	Primer/Adaptor library	NA
	Cut-off read length for HQ	70%
	Cut-off quality score	20
	Only statistics	On
	Number of processes	2


QC statistics
	File name	RMB_7720_Cyrtodactylus_annulatus_Palawan_R1.fq
	Total number of reads	138924
	Total number of HQ reads	136061
	Percentage of HQ reads	97.94%
	Total number of bases	13197780
	Total number of bases in HQ reads	12925795
	Total number of HQ bases in HQ reads	11564872
	Percentage of HQ bases in HQ reads	89.47%
	Number of Primer/Adaptor contaminated HQ reads	NA
	Total number of HQ filtered reads	136061
	Percentage of HQ filtered reads	97.94%


Detailed QC statistics
	File name	RMB_7720_Cyrtodactylus_annulatus_Palawan_R1.fq
	Minimum read length	95
	Maximum read length	95
	Average read length	95.00
	Total number of reads	138924
	Total number of reads with non-ATGC bases	71
	Percentage of reads with non-ATGC bases	0.05%
	Total number of bases	13197780
	Total number of HQ bases	11729229
	Percentage of HQ bases	88.87%
	Total number of non-ATGC bases	363
	Percentage of non-ATGC bases	0.00%


Average quality score at each base position of input reads

RMB_7720_Cyrtodactylus_annulatus_Palawan_R1.fq
36.88	36.67	36.89	36.31	36.88	36.93	36.68	39.06	38.32	37.94	38.10	38.41	38.22	38.19	38.26	37.81	38.05	37.36	37.25	37.04	37.54	36.95	37.06	37.11	37.41	37.19	37.22	37.69	36.74	36.43	36.61	36.64	36.47	36.67	37.20	36.75	37.01	37.32	37.62	36.83	36.69	36.57	36.53	36.18	35.87	34.51	32.71	30.42	27.94	24.86	22.41	20.89	19.85	19.20	18.78	18.59	18.72	19.04	20.08	21.10	22.98	24.94	26.79	28.72	30.38	31.42	32.44	33.22	33.62	32.68	33.16	33.73	34.21	34.31	34.23	34.33	34.36	34.14	34.09	34.14	34.13	33.97	33.98	34.03	33.94	33.98	34.01	34.09	34.20	34.21	34.13	34.07	34.02	33.97	32.86	




Read count (%) per base for different quality score ranges

	RMB_7720_Cyrtodactylus_annulatus_Palawan_R1.fq
Ranges	0-10	11-20	21-30	31-40
Base
1	0.00	0.23	0.22	99.54
2	0.00	0.13	0.10	99.78
3	0.00	0.12	0.17	99.71
4	0.00	0.37	1.01	98.62
5	0.00	0.13	0.26	99.61
6	0.00	0.05	0.18	99.76
7	0.01	0.48	0.94	98.57
8	0.00	0.68	0.72	98.60
9	0.03	0.97	1.58	97.42
10	0.03	1.25	1.71	97.01
11	0.02	1.08	1.28	97.62
12	0.01	0.70	1.15	98.14
13	0.03	0.84	1.80	97.33
14	0.03	1.02	1.59	97.36
15	0.01	0.97	1.29	97.72
16	0.03	1.07	2.16	96.73
17	0.01	0.88	1.40	97.70
18	0.06	1.44	2.78	95.72
19	0.10	1.76	2.66	95.49
20	0.08	2.04	2.95	94.93
21	0.05	1.53	1.91	96.51
22	0.12	1.59	2.57	95.71
23	0.09	1.41	2.54	95.96
24	0.13	1.42	2.35	96.09
25	0.12	1.32	1.83	96.72
26	0.22	1.25	2.56	95.97
27	0.23	1.27	2.52	95.99
28	0.16	1.04	1.66	97.13
29	0.52	1.22	2.69	95.58
30	0.56	1.68	3.64	94.12
31	0.64	1.51	3.30	94.55
32	0.87	1.66	3.40	94.08
33	0.66	1.89	3.83	93.62
34	0.61	1.59	3.18	94.62
35	0.28	1.21	2.30	96.21
36	0.51	1.15	3.50	94.83
37	0.58	0.96	2.75	95.72
38	0.44	0.95	2.35	96.26
39	0.25	0.92	1.99	96.85
40	0.57	0.99	3.18	95.26
41	0.66	1.26	3.61	94.47
42	0.72	1.42	3.97	93.89
43	0.62	1.52	4.04	93.81
44	0.86	1.80	4.80	92.53
45	0.94	1.93	5.41	91.72
46	1.42	2.96	8.84	86.77
47	1.80	6.21	14.18	77.81
48	2.19	11.78	19.89	66.14
49	2.32	20.43	23.60	53.64
50	3.27	34.54	22.08	40.12
51	4.50	47.15	17.84	30.51
52	5.69	53.81	16.03	24.47
53	6.20	59.03	14.53	20.24
54	6.52	62.42	13.35	17.70
55	6.46	64.17	14.08	15.30
56	5.92	65.44	14.62	14.02
57	4.79	65.65	15.94	13.62
58	4.41	63.23	18.33	14.03
59	2.90	57.54	23.21	16.36
60	3.14	50.56	26.20	20.09
61	2.02	41.46	29.42	27.09
62	2.13	31.70	30.10	36.07
63	1.82	24.27	29.07	44.84
64	1.26	17.95	26.10	54.69
65	1.37	13.03	21.83	63.76
66	1.45	10.21	18.94	69.41
67	1.11	7.85	16.34	74.69
68	1.00	5.95	14.21	78.84
69	1.03	4.97	12.91	81.09
70	0.98	4.16	17.03	77.84
71	1.17	4.37	13.16	81.29
72	0.84	4.13	11.44	83.59
73	0.64	3.77	9.96	85.64
74	0.68	3.52	9.61	86.20
75	0.75	3.46	9.81	85.99
76	0.67	3.08	9.35	86.90
77	0.74	2.80	9.02	87.44
78	0.79	2.94	9.70	86.58
79	0.84	2.98	9.47	86.71
80	0.77	2.77	9.27	87.19
81	0.77	2.58	9.20	87.45
82	0.84	2.85	9.53	86.78
83	0.84	2.94	9.22	86.99
84	0.81	2.79	9.07	87.33
85	0.81	2.71	9.54	86.94
86	0.83	2.59	9.17	87.40
87	0.87	2.45	9.12	87.56
88	0.77	2.30	8.78	88.15
89	0.71	2.06	8.31	88.91
90	0.84	2.03	7.95	89.18
91	0.86	2.12	8.33	88.69
92	0.89	2.18	8.53	88.40
93	0.88	2.25	8.71	88.17
94	0.88	2.31	8.73	88.09
95	1.41	3.43	12.93	82.22




