Parameters
	Library type	Single-end
	Input file	/Volumes/wdhd/users/joaks1/projects/gekgo/data/genomes/msg/plate1/demultiplexed-raw/fastq/RMB_13652_Cyrtodactylus_philippinicus_Luzon_R1.fq
	Primer/Adaptor library	NA
	Cut-off read length for HQ	70%
	Cut-off quality score	20
	Only statistics	On
	Number of processes	2


QC statistics
	File name	RMB_13652_Cyrtodactylus_philippinicus_Luzon_R1.fq
	Total number of reads	60536
	Total number of HQ reads	58989
	Percentage of HQ reads	97.44%
	Total number of bases	5750920
	Total number of bases in HQ reads	5603955
	Total number of HQ bases in HQ reads	5005061
	Percentage of HQ bases in HQ reads	89.31%
	Number of Primer/Adaptor contaminated HQ reads	NA
	Total number of HQ filtered reads	58989
	Percentage of HQ filtered reads	97.44%


Detailed QC statistics
	File name	RMB_13652_Cyrtodactylus_philippinicus_Luzon_R1.fq
	Minimum read length	95
	Maximum read length	95
	Average read length	95.00
	Total number of reads	60536
	Total number of reads with non-ATGC bases	19
	Percentage of reads with non-ATGC bases	0.03%
	Total number of bases	5750920
	Total number of HQ bases	5089662
	Percentage of HQ bases	88.50%
	Total number of non-ATGC bases	64
	Percentage of non-ATGC bases	0.00%


Average quality score at each base position of input reads

RMB_13652_Cyrtodactylus_philippinicus_Luzon_R1.fq
36.84	36.46	36.85	36.23	36.86	36.91	36.66	39.03	38.27	37.89	38.04	38.31	38.02	37.97	38.05	37.49	37.74	37.17	37.06	36.96	37.44	36.78	36.85	36.92	37.31	37.07	37.07	37.51	36.46	36.17	36.37	36.48	36.32	36.53	36.97	36.55	36.78	37.14	37.43	36.58	36.43	36.33	36.29	35.91	35.50	34.03	32.31	30.06	27.36	24.42	21.97	20.55	19.41	18.82	18.41	18.24	18.47	18.64	19.88	20.92	22.79	24.66	26.50	28.30	30.02	31.03	32.05	32.73	32.98	32.15	32.67	33.32	33.78	33.84	33.76	33.93	34.03	33.84	33.81	33.82	33.81	33.60	33.67	33.73	33.59	33.67	33.78	33.85	33.94	33.92	33.84	33.77	33.73	33.76	32.65	




Read count (%) per base for different quality score ranges

	RMB_13652_Cyrtodactylus_philippinicus_Luzon_R1.fq
Ranges	0-10	11-20	21-30	31-40
Base
1	0.00	0.36	0.26	99.38
2	0.00	0.17	0.15	99.67
3	0.00	0.21	0.18	99.61
4	0.00	0.52	1.13	98.35
5	0.00	0.14	0.33	99.53
6	0.00	0.11	0.21	99.68
7	0.01	0.50	1.02	98.47
8	0.00	0.68	0.71	98.61
9	0.02	1.01	1.74	97.24
10	0.02	1.26	1.82	96.89
11	0.02	1.06	1.41	97.52
12	0.01	0.74	1.30	97.96
13	0.03	1.00	2.05	96.91
14	0.03	1.18	1.65	97.15
15	0.02	0.95	1.51	97.53
16	0.05	1.11	2.16	96.68
17	0.03	0.90	1.45	97.62
18	0.11	1.49	2.98	95.43
19	0.14	1.88	2.73	95.24
20	0.12	2.00	3.09	94.79
21	0.08	1.51	1.99	96.42
22	0.23	1.54	2.80	95.43
23	0.18	1.47	2.83	95.52
24	0.25	1.43	2.58	95.74
25	0.17	1.35	1.97	96.51
26	0.37	1.27	2.86	95.50
27	0.36	1.32	2.78	95.54
28	0.26	1.18	1.97	96.59
29	0.85	1.31	3.09	94.75
30	0.86	1.77	4.02	93.34
31	0.85	1.70	3.76	93.70
32	1.04	1.77	3.42	93.77
33	0.83	2.05	3.98	93.14
34	0.77	1.67	3.51	94.05
35	0.51	1.39	2.57	95.54
36	0.77	1.23	3.72	94.28
37	0.81	1.07	3.19	94.92
38	0.63	1.06	2.63	95.68
39	0.46	0.97	2.31	96.25
40	0.73	1.18	3.85	94.24
41	0.84	1.38	4.22	93.56
42	0.91	1.58	4.47	93.05
43	0.83	1.62	4.70	92.85
44	1.03	2.07	5.54	91.35
45	1.18	2.08	6.52	90.21
46	1.65	3.22	11.04	84.09
47	2.04	6.65	15.82	75.49
48	2.60	12.03	21.60	63.77
49	2.93	20.70	26.33	50.04
50	3.73	34.85	24.42	36.99
51	5.20	47.34	19.71	27.75
52	6.85	53.10	17.50	22.56
53	7.45	58.99	15.56	18.00
54	7.63	62.19	14.36	15.83
55	7.39	64.30	14.83	13.48
56	6.64	65.68	15.44	12.24
57	5.61	64.67	17.83	11.89
58	5.58	63.15	19.07	12.20
59	3.48	56.94	24.58	15.00
60	3.89	49.95	27.10	19.06
61	2.51	40.70	31.13	25.66
62	2.57	31.46	31.50	34.47
63	2.35	24.27	29.54	43.84
64	1.72	18.49	26.77	53.02
65	1.64	13.02	23.00	62.33
66	1.76	10.53	19.31	68.40
67	1.54	7.79	17.16	73.51
68	1.35	6.11	15.20	77.34
69	1.41	5.60	14.00	78.99
70	1.26	4.40	18.77	75.56
71	1.45	4.34	14.32	79.89
72	1.09	4.17	12.04	82.71
73	0.94	3.86	10.36	84.84
74	1.00	3.89	10.03	85.09
75	1.00	3.84	10.53	84.63
76	0.95	3.23	10.21	85.61
77	0.93	2.95	9.39	86.72
78	1.03	3.09	10.08	85.81
79	1.12	3.14	9.83	85.91
80	1.09	3.03	9.86	86.03
81	1.06	2.85	10.01	86.07
82	1.06	3.12	10.79	85.03
83	1.06	3.13	10.07	85.74
84	1.07	2.99	9.76	86.18
85	1.08	3.09	10.34	85.49
86	1.05	2.91	9.98	86.07
87	1.05	2.62	9.67	86.66
88	1.09	2.46	9.07	87.38
89	1.03	2.36	8.66	87.95
90	1.07	2.31	8.72	87.90
91	1.09	2.52	8.78	87.60
92	1.06	2.61	9.06	87.27
93	1.16	2.60	9.24	87.00
94	1.10	2.59	9.00	87.32
95	1.74	3.72	13.12	81.42




