Parameters
	Library type	Single-end
	Input file	/Volumes/wdhd/users/joaks1/projects/gekgo/data/genomes/msg/plate1/demultiplexed-raw/fastq/RMB_13961_Cyrtodactylus_philippinicus_Luzon_R1.fq
	Primer/Adaptor library	NA
	Cut-off read length for HQ	70%
	Cut-off quality score	20
	Only statistics	On
	Number of processes	2


QC statistics
	File name	RMB_13961_Cyrtodactylus_philippinicus_Luzon_R1.fq
	Total number of reads	495485
	Total number of HQ reads	484957
	Percentage of HQ reads	97.88%
	Total number of bases	47071075
	Total number of bases in HQ reads	46070915
	Total number of HQ bases in HQ reads	41228125
	Percentage of HQ bases in HQ reads	89.49%
	Number of Primer/Adaptor contaminated HQ reads	NA
	Total number of HQ filtered reads	484957
	Percentage of HQ filtered reads	97.88%


Detailed QC statistics
	File name	RMB_13961_Cyrtodactylus_philippinicus_Luzon_R1.fq
	Minimum read length	95
	Maximum read length	95
	Average read length	95.00
	Total number of reads	495485
	Total number of reads with non-ATGC bases	245
	Percentage of reads with non-ATGC bases	0.05%
	Total number of bases	47071075
	Total number of HQ bases	41829260
	Percentage of HQ bases	88.86%
	Total number of non-ATGC bases	1331
	Percentage of non-ATGC bases	0.00%


Average quality score at each base position of input reads

RMB_13961_Cyrtodactylus_philippinicus_Luzon_R1.fq
36.82	36.44	36.86	36.34	36.87	36.92	36.69	39.11	38.38	37.99	38.13	38.43	38.14	38.04	38.04	37.53	37.83	37.28	37.20	37.06	37.54	36.91	37.00	37.07	37.43	37.20	37.25	37.70	36.74	36.41	36.63	36.69	36.49	36.71	37.21	36.76	37.02	37.35	37.62	36.83	36.66	36.55	36.50	36.14	35.83	34.38	32.57	30.23	27.57	24.67	22.21	20.72	19.66	19.01	18.60	18.47	18.68	18.94	19.97	21.04	22.86	24.73	26.64	28.53	30.25	31.32	32.30	32.99	33.32	32.44	32.93	33.48	33.89	33.98	33.89	34.04	34.13	33.93	33.93	33.98	34.00	33.82	33.86	33.96	33.85	33.91	33.98	34.08	34.19	34.20	34.11	34.07	34.05	34.03	32.91	




Read count (%) per base for different quality score ranges

	RMB_13961_Cyrtodactylus_philippinicus_Luzon_R1.fq
Ranges	0-10	11-20	21-30	31-40
Base
1	0.00	0.39	0.33	99.28
2	0.00	0.16	0.17	99.67
3	0.00	0.17	0.18	99.65
4	0.00	0.43	0.99	98.58
5	0.00	0.13	0.31	99.55
6	0.00	0.08	0.23	99.69
7	0.00	0.45	0.95	98.60
8	0.00	0.63	0.68	98.70
9	0.03	0.93	1.56	97.49
10	0.02	1.22	1.68	97.09
11	0.01	1.06	1.29	97.63
12	0.01	0.66	1.09	98.24
13	0.03	0.82	1.79	97.36
14	0.02	0.99	1.59	97.40
15	0.02	0.93	1.36	97.69
16	0.04	1.05	2.09	96.82
17	0.02	0.88	1.42	97.68
18	0.09	1.39	2.76	95.75
19	0.13	1.73	2.56	95.58
20	0.11	1.99	2.81	95.09
21	0.08	1.43	1.87	96.63
22	0.24	1.44	2.53	95.78
23	0.17	1.39	2.60	95.84
24	0.28	1.33	2.39	96.01
25	0.19	1.24	1.89	96.68
26	0.35	1.13	2.63	95.89
27	0.33	1.15	2.43	96.09
28	0.21	1.01	1.71	97.06
29	0.73	1.03	2.68	95.55
30	0.65	1.60	3.72	94.03
31	0.68	1.44	3.29	94.59
32	0.87	1.60	3.33	94.21
33	0.68	1.88	3.89	93.54
34	0.64	1.52	3.24	94.60
35	0.29	1.22	2.31	96.18
36	0.55	1.15	3.44	94.87
37	0.57	0.95	2.84	95.65
38	0.43	0.94	2.44	96.18
39	0.26	0.92	2.09	96.74
40	0.52	1.01	3.44	95.03
41	0.66	1.21	3.82	94.31
42	0.67	1.44	4.24	93.65
43	0.62	1.45	4.42	93.50
44	0.81	1.85	5.18	92.16
45	0.88	1.89	5.88	91.35
46	1.33	2.98	10.10	85.59
47	1.72	6.02	15.88	76.38
48	2.05	11.66	22.27	64.01
49	2.28	20.60	26.58	50.53
50	2.96	34.62	24.77	37.65
51	4.07	47.67	19.98	28.28
52	5.11	54.85	17.54	22.51
53	5.68	60.12	16.00	18.20
54	5.82	64.04	14.28	15.86
55	5.73	65.74	14.88	13.65
56	5.26	66.47	15.80	12.47
57	4.34	65.61	17.73	12.32
58	4.07	63.77	19.41	12.75
59	2.69	57.76	24.42	15.13
60	2.88	50.75	27.27	19.11
61	1.85	41.48	30.84	25.83
62	1.93	32.22	31.17	34.68
63	1.72	24.38	29.90	44.01
64	1.28	18.07	26.76	53.88
65	1.26	12.82	22.48	63.44
66	1.38	9.95	19.13	69.54
67	1.07	7.56	16.71	74.67
68	1.01	5.86	14.53	78.60
69	1.05	5.02	13.31	80.61
70	0.94	4.16	17.75	77.14
71	1.08	4.24	13.54	81.14
72	0.79	4.03	11.73	83.45
73	0.69	3.68	10.21	85.42
74	0.74	3.55	9.92	85.79
75	0.76	3.50	10.47	85.27
76	0.72	3.12	9.86	86.31
77	0.75	2.82	9.37	87.06
78	0.83	2.96	10.01	86.20
79	0.84	2.96	9.96	86.24
80	0.76	2.80	9.84	86.61
81	0.75	2.60	9.57	87.08
82	0.79	2.89	10.19	86.13
83	0.80	2.99	9.59	86.63
84	0.77	2.74	9.33	87.16
85	0.83	2.76	9.71	86.70
86	0.80	2.62	9.40	87.19
87	0.80	2.49	9.16	87.56
88	0.77	2.27	8.74	88.22
89	0.72	2.11	8.17	89.01
90	0.79	2.04	7.99	89.17
91	0.80	2.21	8.26	88.73
92	0.81	2.29	8.41	88.49
93	0.82	2.29	8.51	88.38
94	0.85	2.29	8.40	88.46
95	1.39	3.40	12.58	82.63




