Parameters
	Library type	Single-end
	Input file	/Volumes/wdhd/users/joaks1/projects/gekgo/data/genomes/msg/plate1/demultiplexed-raw/fastq/RMB_11591_Cyrtodactylus_jambangan_Mindanao_R1.fq
	Primer/Adaptor library	NA
	Cut-off read length for HQ	70%
	Cut-off quality score	20
	Only statistics	On
	Number of processes	2


QC statistics
	File name	RMB_11591_Cyrtodactylus_jambangan_Mindanao_R1.fq
	Total number of reads	79168
	Total number of HQ reads	77480
	Percentage of HQ reads	97.87%
	Total number of bases	7520960
	Total number of bases in HQ reads	7360600
	Total number of HQ bases in HQ reads	6584252
	Percentage of HQ bases in HQ reads	89.45%
	Number of Primer/Adaptor contaminated HQ reads	NA
	Total number of HQ filtered reads	77480
	Percentage of HQ filtered reads	97.87%


Detailed QC statistics
	File name	RMB_11591_Cyrtodactylus_jambangan_Mindanao_R1.fq
	Minimum read length	95
	Maximum read length	95
	Average read length	95.00
	Total number of reads	79168
	Total number of reads with non-ATGC bases	27
	Percentage of reads with non-ATGC bases	0.03%
	Total number of bases	7520960
	Total number of HQ bases	6679984
	Percentage of HQ bases	88.82%
	Total number of non-ATGC bases	155
	Percentage of non-ATGC bases	0.00%


Average quality score at each base position of input reads

RMB_11591_Cyrtodactylus_jambangan_Mindanao_R1.fq
36.85	36.47	36.87	36.33	36.88	36.93	36.68	39.08	38.35	37.99	38.14	38.45	38.23	38.16	38.17	37.66	37.89	37.28	37.21	37.07	37.57	36.93	37.01	37.06	37.42	37.19	37.25	37.70	36.72	36.41	36.63	36.63	36.44	36.64	37.20	36.71	36.96	37.29	37.58	36.80	36.66	36.56	36.50	36.17	35.83	34.41	32.59	30.20	27.65	24.68	22.34	20.78	19.82	19.04	18.71	18.56	18.70	19.06	20.00	20.96	22.83	24.81	26.63	28.56	30.16	31.24	32.27	33.00	33.32	32.43	32.94	33.52	33.93	34.03	33.94	34.07	34.15	33.95	33.89	33.95	33.96	33.80	33.85	33.96	33.87	33.89	33.95	34.00	34.15	34.16	34.12	34.06	34.02	33.96	32.83	




Read count (%) per base for different quality score ranges

	RMB_11591_Cyrtodactylus_jambangan_Mindanao_R1.fq
Ranges	0-10	11-20	21-30	31-40
Base
1	0.00	0.31	0.28	99.41
2	0.00	0.15	0.13	99.72
3	0.00	0.18	0.16	99.66
4	0.00	0.43	0.91	98.66
5	0.00	0.11	0.27	99.62
6	0.00	0.07	0.20	99.73
7	0.01	0.47	1.01	98.51
8	0.00	0.66	0.68	98.65
9	0.02	0.92	1.59	97.47
10	0.03	1.19	1.61	97.17
11	0.01	1.07	1.26	97.65
12	0.01	0.68	1.10	98.22
13	0.03	0.80	1.76	97.41
14	0.03	0.99	1.55	97.44
15	0.02	0.94	1.26	97.78
16	0.04	1.05	1.95	96.95
17	0.02	0.75	1.39	97.84
18	0.07	1.44	2.74	95.74
19	0.12	1.78	2.58	95.51
20	0.11	1.90	2.78	95.22
21	0.08	1.41	1.86	96.65
22	0.21	1.51	2.45	95.82
23	0.13	1.44	2.65	95.78
24	0.20	1.37	2.40	96.03
25	0.17	1.22	1.81	96.81
26	0.26	1.16	2.58	96.00
27	0.30	1.12	2.42	96.17
28	0.20	1.01	1.64	97.15
29	0.70	1.11	2.73	95.46
30	0.64	1.64	3.68	94.04
31	0.66	1.45	3.22	94.67
32	0.96	1.66	3.33	94.06
33	0.74	1.90	3.87	93.48
34	0.65	1.63	3.37	94.35
35	0.29	1.26	2.40	96.05
36	0.59	1.17	3.57	94.67
37	0.65	0.92	2.94	95.49
38	0.52	0.88	2.43	96.17
39	0.29	0.91	2.03	96.78
40	0.56	1.04	3.26	95.14
41	0.69	1.29	3.56	94.46
42	0.66	1.41	4.19	93.73
43	0.66	1.51	4.29	93.55
44	0.78	1.87	4.91	92.44
45	0.92	2.00	5.70	91.38
46	1.40	3.06	9.55	85.98
47	1.68	6.11	15.45	76.76
48	2.25	11.90	21.29	64.57
49	2.34	20.84	25.34	51.48
50	3.13	34.93	23.38	38.57
51	4.35	47.08	19.13	29.44
52	5.58	53.98	17.10	23.34
53	5.99	59.24	15.21	19.55
54	6.24	63.32	14.12	16.32
55	6.13	64.50	15.06	14.32
56	5.74	65.75	15.11	13.40
57	4.72	65.50	16.78	13.00
58	4.15	63.16	19.19	13.49
59	2.94	57.60	23.89	15.57
60	3.15	51.05	26.78	19.01
61	2.05	41.70	30.17	26.08
62	2.12	31.87	30.85	35.16
63	1.94	24.36	29.67	44.03
64	1.42	17.94	26.60	54.04
65	1.33	13.37	22.28	63.02
66	1.45	10.34	19.28	68.92
67	1.17	7.71	16.86	74.26
68	1.06	6.04	14.43	78.47
69	1.08	5.18	13.43	80.31
70	0.97	4.19	18.02	76.82
71	1.15	4.28	13.69	80.88
72	0.81	4.07	11.78	83.33
73	0.76	3.77	10.32	85.15
74	0.77	3.66	9.80	85.77
75	0.86	3.53	10.28	85.33
76	0.79	3.07	9.92	86.22
77	0.77	2.87	9.29	87.07
78	0.88	2.95	9.81	86.36
79	0.92	3.02	9.88	86.18
80	0.80	2.83	9.77	86.59
81	0.86	2.68	9.66	86.80
82	0.87	2.94	10.17	86.03
83	0.85	2.99	9.55	86.60
84	0.86	2.77	9.06	87.31
85	0.95	2.62	9.66	86.77
86	0.90	2.63	9.37	87.10
87	0.91	2.41	9.13	87.54
88	0.86	2.40	8.96	87.78
89	0.81	2.08	8.27	88.85
90	0.86	2.09	8.13	88.93
91	0.89	2.17	8.18	88.76
92	0.88	2.22	8.37	88.53
93	0.91	2.25	8.52	88.32
94	0.98	2.26	8.43	88.33
95	1.51	3.38	12.87	82.24




