Parameters
	Library type	Single-end
	Input file	/Volumes/wdhd/users/joaks1/projects/gekgo/data/genomes/msg/plate1/demultiplexed-raw/fastq/RMB_12837_Cyrtodactylus_philippinicus_Luzon_R1.fq
	Primer/Adaptor library	NA
	Cut-off read length for HQ	70%
	Cut-off quality score	20
	Only statistics	On
	Number of processes	2


QC statistics
	File name	RMB_12837_Cyrtodactylus_philippinicus_Luzon_R1.fq
	Total number of reads	897505
	Total number of HQ reads	878400
	Percentage of HQ reads	97.87%
	Total number of bases	85262975
	Total number of bases in HQ reads	83448000
	Total number of HQ bases in HQ reads	74744224
	Percentage of HQ bases in HQ reads	89.57%
	Number of Primer/Adaptor contaminated HQ reads	NA
	Total number of HQ filtered reads	878400
	Percentage of HQ filtered reads	97.87%


Detailed QC statistics
	File name	RMB_12837_Cyrtodactylus_philippinicus_Luzon_R1.fq
	Minimum read length	95
	Maximum read length	95
	Average read length	95.00
	Total number of reads	897505
	Total number of reads with non-ATGC bases	412
	Percentage of reads with non-ATGC bases	0.05%
	Total number of bases	85262975
	Total number of HQ bases	75839830
	Percentage of HQ bases	88.95%
	Total number of non-ATGC bases	2283
	Percentage of non-ATGC bases	0.00%


Average quality score at each base position of input reads

RMB_12837_Cyrtodactylus_philippinicus_Luzon_R1.fq
36.59	36.29	36.87	36.24	36.86	36.91	36.70	39.10	38.38	37.98	38.13	38.42	38.26	38.26	38.30	37.88	38.09	37.43	37.32	37.12	37.58	36.99	37.06	37.11	37.47	37.25	37.29	37.72	36.80	36.48	36.70	36.73	36.55	36.79	37.26	36.84	37.10	37.42	37.70	36.94	36.82	36.72	36.67	36.34	36.00	34.62	32.91	30.63	28.02	25.04	22.50	21.00	19.83	19.16	18.76	18.63	18.85	19.04	20.11	21.21	23.02	24.93	26.88	28.77	30.52	31.63	32.64	33.36	33.71	32.80	33.31	33.89	34.31	34.39	34.26	34.40	34.47	34.25	34.23	34.25	34.26	34.04	34.08	34.17	34.02	34.06	34.12	34.20	34.31	34.29	34.20	34.14	34.11	34.12	33.05	




Read count (%) per base for different quality score ranges

	RMB_12837_Cyrtodactylus_philippinicus_Luzon_R1.fq
Ranges	0-10	11-20	21-30	31-40
Base
1	0.00	0.34	0.36	99.31
2	0.00	0.14	0.14	99.72
3	0.00	0.12	0.19	99.69
4	0.00	0.42	1.00	98.59
5	0.00	0.13	0.33	99.53
6	0.00	0.09	0.22	99.69
7	0.01	0.45	0.91	98.63
8	0.00	0.64	0.70	98.66
9	0.03	0.95	1.53	97.50
10	0.02	1.19	1.70	97.09
11	0.01	1.08	1.31	97.60
12	0.01	0.68	1.14	98.17
13	0.03	0.81	1.77	97.39
14	0.02	0.99	1.57	97.43
15	0.02	0.92	1.34	97.73
16	0.03	1.03	1.98	96.96
17	0.02	0.84	1.40	97.74
18	0.08	1.39	2.67	95.86
19	0.10	1.70	2.51	95.69
20	0.09	2.02	2.78	95.11
21	0.07	1.48	1.89	96.56
22	0.15	1.53	2.51	95.81
23	0.10	1.43	2.55	95.91
24	0.16	1.48	2.33	96.04
25	0.12	1.31	1.85	96.72
26	0.22	1.27	2.55	95.96
27	0.24	1.24	2.36	96.16
28	0.17	1.08	1.70	97.05
29	0.54	1.18	2.60	95.68
30	0.55	1.66	3.58	94.21
31	0.60	1.47	3.17	94.76
32	0.84	1.60	3.19	94.36
33	0.66	1.88	3.68	93.78
34	0.60	1.51	3.06	94.83
35	0.29	1.18	2.25	96.27
36	0.53	1.12	3.22	95.12
37	0.56	0.96	2.62	95.85
38	0.45	0.92	2.30	96.33
39	0.26	0.93	1.95	96.86
40	0.54	0.99	3.05	95.42
41	0.65	1.15	3.34	94.86
42	0.67	1.39	3.66	94.29
43	0.61	1.41	3.84	94.14
44	0.77	1.81	4.50	92.92
45	0.86	1.85	5.13	92.16
46	1.28	2.91	8.63	87.18
47	1.67	5.91	13.74	78.68
48	2.00	11.51	19.44	67.05
49	2.22	20.31	23.52	53.95
50	2.84	34.39	22.21	40.56
51	4.01	47.49	17.69	30.80
52	4.94	54.73	15.49	24.85
53	5.56	60.24	14.24	19.96
54	5.69	64.04	13.02	17.25
55	5.62	65.69	13.65	15.04
56	5.11	66.42	14.63	13.83
57	4.22	65.39	16.78	13.61
58	4.03	63.86	18.23	13.89
59	2.58	57.69	23.33	16.39
60	2.81	50.56	26.21	20.43
61	1.80	41.32	29.74	27.13
62	1.87	31.97	30.25	35.92
63	1.63	24.08	29.03	45.27
64	1.24	17.92	25.92	54.91
65	1.23	12.77	21.67	64.33
66	1.32	9.86	18.48	70.34
67	1.07	7.49	15.96	75.48
68	0.98	5.78	13.92	79.32
69	1.01	5.05	12.64	81.29
70	0.89	4.15	16.72	78.25
71	1.04	4.21	12.76	81.99
72	0.76	3.97	11.00	84.27
73	0.65	3.64	9.53	86.18
74	0.70	3.52	9.18	86.61
75	0.77	3.50	9.77	85.96
76	0.70	3.06	9.10	87.13
77	0.69	2.75	8.66	87.91
78	0.80	2.88	9.23	87.08
79	0.82	2.89	9.05	87.23
80	0.74	2.76	8.98	87.52
81	0.76	2.51	8.89	87.84
82	0.81	2.75	9.63	86.81
83	0.79	2.87	9.05	87.29
84	0.76	2.65	8.78	87.81
85	0.82	2.66	9.20	87.32
86	0.79	2.54	8.95	87.72
87	0.77	2.40	8.80	88.03
88	0.74	2.18	8.46	88.62
89	0.70	1.98	7.92	89.41
90	0.76	1.97	7.85	89.42
91	0.80	2.11	8.07	89.02
92	0.82	2.16	8.36	88.66
93	0.79	2.21	8.46	88.55
94	0.81	2.14	8.31	88.73
95	1.31	3.12	12.45	83.11




