Parameters
	Library type	Single-end
	Input file	/Volumes/wdhd/users/joaks1/projects/gekgo/data/genomes/msg/plate1/demultiplexed-raw/fastq/RMB_7722_Cyrtodactylus_annulatus_Palawan_R1.fq
	Primer/Adaptor library	NA
	Cut-off read length for HQ	70%
	Cut-off quality score	20
	Only statistics	On
	Number of processes	2


QC statistics
	File name	RMB_7722_Cyrtodactylus_annulatus_Palawan_R1.fq
	Total number of reads	14527
	Total number of HQ reads	14193
	Percentage of HQ reads	97.70%
	Total number of bases	1380065
	Total number of bases in HQ reads	1348335
	Total number of HQ bases in HQ reads	1205658
	Percentage of HQ bases in HQ reads	89.42%
	Number of Primer/Adaptor contaminated HQ reads	NA
	Total number of HQ filtered reads	14193
	Percentage of HQ filtered reads	97.70%


Detailed QC statistics
	File name	RMB_7722_Cyrtodactylus_annulatus_Palawan_R1.fq
	Minimum read length	95
	Maximum read length	95
	Average read length	95.00
	Total number of reads	14527
	Total number of reads with non-ATGC bases	4
	Percentage of reads with non-ATGC bases	0.03%
	Total number of bases	1380065
	Total number of HQ bases	1224387
	Percentage of HQ bases	88.72%
	Total number of non-ATGC bases	35
	Percentage of non-ATGC bases	0.00%


Average quality score at each base position of input reads

RMB_7722_Cyrtodactylus_annulatus_Palawan_R1.fq
36.84	36.53	36.88	36.36	36.86	36.91	36.69	39.08	38.32	37.93	38.05	38.36	38.11	38.02	38.08	37.49	37.78	37.21	37.13	36.95	37.47	36.84	36.94	36.94	37.36	37.05	37.11	37.58	36.58	36.33	36.52	36.59	36.39	36.57	37.12	36.63	36.94	37.25	37.52	36.77	36.48	36.46	36.46	36.06	35.75	34.28	32.37	30.09	27.50	24.73	22.24	20.68	19.74	18.98	18.67	18.62	18.64	19.09	19.98	20.90	22.87	24.89	26.57	28.50	30.13	31.18	32.15	32.96	33.29	32.41	32.87	33.44	33.84	33.95	33.95	34.02	34.11	33.90	33.89	33.87	33.95	33.77	33.82	33.83	33.75	33.77	33.89	33.90	33.99	34.01	33.99	34.00	33.98	33.88	32.71	




Read count (%) per base for different quality score ranges

	RMB_7722_Cyrtodactylus_annulatus_Palawan_R1.fq
Ranges	0-10	11-20	21-30	31-40
Base
1	0.00	0.35	0.30	99.35
2	0.01	0.15	0.19	99.65
3	0.00	0.16	0.13	99.71
4	0.00	0.42	1.01	98.58
5	0.01	0.11	0.37	99.51
6	0.00	0.10	0.21	99.69
7	0.00	0.45	0.95	98.60
8	0.00	0.59	0.74	98.67
9	0.01	0.99	1.63	97.36
10	0.04	1.17	1.77	97.02
11	0.01	1.18	1.44	97.36
12	0.01	0.73	1.25	98.01
13	0.01	0.86	2.04	97.09
14	0.00	1.04	1.84	97.12
15	0.01	0.88	1.33	97.78
16	0.06	1.16	2.20	96.59
17	0.03	0.96	1.31	97.69
18	0.11	1.58	3.04	95.27
19	0.13	1.84	2.68	95.34
20	0.14	2.17	2.97	94.73
21	0.08	1.52	2.11	96.29
22	0.23	1.55	2.77	95.44
23	0.16	1.55	2.61	95.68
24	0.28	1.69	2.40	95.64
25	0.22	1.23	2.20	96.35
26	0.42	1.31	2.99	95.28
27	0.41	1.37	2.69	95.53
28	0.31	1.17	1.73	96.79
29	0.91	1.23	2.65	95.22
30	0.66	1.72	3.73	93.89
31	0.83	1.37	3.28	94.52
32	0.87	1.61	3.54	93.98
33	0.79	1.83	4.02	93.36
34	0.67	1.66	3.21	94.47
35	0.34	1.29	2.40	95.97
36	0.50	1.28	3.94	94.29
37	0.63	0.90	2.79	95.68
38	0.54	0.74	2.66	96.07
39	0.34	0.96	2.14	96.55
40	0.64	0.99	3.37	95.00
41	0.76	1.39	3.98	93.87
42	0.76	1.42	4.20	93.62
43	0.71	1.45	4.27	93.57
44	0.87	2.15	5.40	91.59
45	1.05	1.87	6.01	91.07
46	1.48	3.12	10.00	85.40
47	1.69	6.61	16.22	75.49
48	2.10	12.24	22.07	63.59
49	2.55	21.17	25.62	50.66
50	3.14	34.36	24.18	38.31
51	4.32	47.57	19.40	28.71
52	5.82	54.07	17.31	22.80
53	6.09	59.25	15.77	18.89
54	6.70	62.80	14.46	16.04
55	7.03	63.45	15.03	14.48
56	5.73	65.40	15.19	13.68
57	4.60	65.79	17.02	12.60
58	4.23	62.34	20.03	13.40
59	2.93	57.80	23.76	15.51
60	3.28	51.19	26.76	18.77
61	2.20	40.94	30.58	26.27
62	2.15	31.42	30.99	35.44
63	1.91	24.67	29.49	43.93
64	1.25	18.59	26.31	53.86
65	1.32	13.48	22.61	62.59
66	1.47	10.46	19.68	68.38
67	1.14	8.21	16.82	73.83
68	1.00	5.97	14.92	78.11
69	1.01	5.15	13.72	80.13
70	1.04	4.45	17.44	77.06
71	1.12	4.61	13.66	80.62
72	0.87	4.14	11.93	83.06
73	0.70	3.83	10.70	84.77
74	0.74	3.84	9.77	85.65
75	0.78	3.21	10.32	85.69
76	0.72	3.21	9.80	86.26
77	0.71	2.96	9.13	87.20
78	0.85	3.06	9.85	86.24
79	0.82	3.21	9.78	86.19
80	0.91	2.86	10.11	86.12
81	0.87	2.62	9.51	87.00
82	0.98	2.97	9.93	86.12
83	0.84	3.10	9.62	86.44
84	0.87	3.11	9.50	86.51
85	1.03	2.65	10.17	86.15
86	0.98	2.81	9.53	86.68
87	0.95	2.59	9.00	87.46
88	0.89	2.61	9.24	87.26
89	0.94	2.18	8.70	88.17
90	0.95	2.46	8.36	88.23
91	0.99	2.44	8.28	88.28
92	1.01	2.26	8.39	88.33
93	0.91	2.33	8.56	88.20
94	0.94	2.40	8.82	87.83
95	1.62	3.78	12.62	81.97




