Parameters
	Library type	Single-end
	Input file	/Volumes/wdhd/users/joaks1/projects/gekgo/data/genomes/msg/plate1/demultiplexed-raw/fastq/RMB_11229_Cyrtodactylus_annulatus_Mindanao_R1.fq
	Primer/Adaptor library	NA
	Cut-off read length for HQ	70%
	Cut-off quality score	20
	Only statistics	On
	Number of processes	2


QC statistics
	File name	RMB_11229_Cyrtodactylus_annulatus_Mindanao_R1.fq
	Total number of reads	24335
	Total number of HQ reads	23565
	Percentage of HQ reads	96.84%
	Total number of bases	2311825
	Total number of bases in HQ reads	2238675
	Total number of HQ bases in HQ reads	1997018
	Percentage of HQ bases in HQ reads	89.21%
	Number of Primer/Adaptor contaminated HQ reads	NA
	Total number of HQ filtered reads	23565
	Percentage of HQ filtered reads	96.84%


Detailed QC statistics
	File name	RMB_11229_Cyrtodactylus_annulatus_Mindanao_R1.fq
	Minimum read length	95
	Maximum read length	95
	Average read length	95.00
	Total number of reads	24335
	Total number of reads with non-ATGC bases	11
	Percentage of reads with non-ATGC bases	0.05%
	Total number of bases	2311825
	Total number of HQ bases	2037946
	Percentage of HQ bases	88.15%
	Total number of non-ATGC bases	40
	Percentage of non-ATGC bases	0.00%


Average quality score at each base position of input reads

RMB_11229_Cyrtodactylus_annulatus_Mindanao_R1.fq
36.50	36.19	36.74	36.06	36.73	36.82	36.61	38.94	38.18	37.77	37.92	38.22	37.98	37.96	37.97	37.48	37.64	37.10	37.05	36.84	37.31	36.72	36.84	36.86	37.21	36.96	37.01	37.47	36.44	36.12	36.24	36.28	35.92	36.26	36.77	36.33	36.62	36.92	37.20	36.41	36.30	36.10	36.08	35.68	35.29	33.85	32.06	29.79	27.17	24.12	21.85	20.40	19.57	18.94	18.55	18.38	18.50	18.92	19.86	20.80	22.66	24.65	26.48	28.44	30.03	31.09	32.03	32.79	33.06	32.12	32.69	33.20	33.56	33.67	33.65	33.72	33.79	33.60	33.57	33.68	33.69	33.50	33.56	33.69	33.62	33.64	33.67	33.75	33.80	33.82	33.76	33.72	33.69	33.62	32.49	




Read count (%) per base for different quality score ranges

	RMB_11229_Cyrtodactylus_annulatus_Mindanao_R1.fq
Ranges	0-10	11-20	21-30	31-40
Base
1	0.00	0.86	0.96	98.18
2	0.00	0.28	0.53	99.20
3	0.00	0.37	0.56	99.07
4	0.00	0.95	1.62	97.43
5	0.00	0.39	0.63	98.98
6	0.00	0.25	0.46	99.29
7	0.01	0.61	1.06	98.32
8	0.00	0.75	0.95	98.29
9	0.01	1.18	1.81	97.00
10	0.03	1.49	1.97	96.50
11	0.02	1.32	1.66	97.00
12	0.00	0.98	1.42	97.60
13	0.03	1.07	2.14	96.76
14	0.03	1.23	1.74	97.00
15	0.01	1.14	1.66	97.19
16	0.04	1.21	2.39	96.36
17	0.02	1.13	1.87	96.97
18	0.09	1.73	3.01	95.18
19	0.16	1.87	2.98	94.99
20	0.16	2.37	3.19	94.28
21	0.13	1.86	2.42	95.59
22	0.29	1.85	2.72	95.15
23	0.18	1.72	2.81	95.29
24	0.35	1.61	2.65	95.38
25	0.35	1.45	2.15	96.05
26	0.56	1.38	2.99	95.06
27	0.55	1.45	2.78	95.22
28	0.40	1.22	2.29	96.09
29	0.97	1.37	3.22	94.44
30	1.01	1.97	4.12	92.90
31	1.03	1.90	4.06	93.01
32	1.30	2.20	3.77	92.72
33	1.19	2.85	4.93	91.03
34	1.09	2.02	4.14	92.75
35	0.75	1.87	2.94	94.44
36	1.20	1.53	3.94	93.32
37	1.13	1.32	3.30	94.26
38	0.92	1.29	2.97	94.82
39	0.76	1.24	2.68	95.32
40	1.01	1.41	4.04	93.54
41	1.06	1.60	4.29	93.04
42	1.22	1.75	4.84	92.18
43	1.10	1.78	4.73	92.39
44	1.38	2.29	5.55	90.77
45	1.41	2.57	6.97	89.05
46	1.96	3.69	10.92	83.44
47	2.15	7.16	16.33	74.35
48	2.67	12.41	22.17	62.75
49	3.08	21.53	26.32	49.07
50	3.58	36.84	23.48	36.11
51	5.09	48.14	19.49	27.28
52	6.57	54.80	16.45	22.19
53	6.62	59.22	15.80	18.37
54	6.70	63.20	14.02	16.08
55	6.57	64.96	14.49	13.98
56	6.11	65.95	15.25	12.68
57	5.19	65.68	16.99	12.13
58	4.89	62.56	19.55	13.00
59	3.57	57.51	23.64	15.28
60	3.78	50.95	26.45	18.82
61	2.63	41.76	29.99	25.62
62	2.55	31.75	31.14	34.56
63	2.28	24.66	29.41	43.64
64	1.84	17.84	26.57	53.75
65	1.90	13.14	22.32	62.64
66	1.74	10.37	19.35	68.54
67	1.71	7.88	17.20	73.21
68	1.43	6.15	14.83	77.59
69	1.64	5.26	13.74	79.36
70	1.39	4.65	18.79	75.17
71	1.69	4.37	13.89	80.05
72	1.12	4.65	12.51	81.72
73	1.21	4.26	10.72	83.82
74	1.32	3.96	10.50	84.22
75	1.28	3.72	10.87	84.13
76	1.27	3.35	10.55	84.82
77	1.25	3.20	10.04	85.51
78	1.49	3.21	10.44	84.85
79	1.36	3.28	10.74	84.62
80	1.23	3.11	10.10	85.55
81	1.25	2.80	10.42	85.54
82	1.48	3.03	10.70	84.78
83	1.33	3.17	10.11	85.38
84	1.34	2.89	9.76	86.02
85	1.36	2.81	10.13	85.70
86	1.29	2.88	9.87	85.96
87	1.40	2.87	9.58	86.15
88	1.47	2.51	9.26	86.77
89	1.19	2.53	9.23	87.05
90	1.37	2.39	8.86	87.38
91	1.44	2.42	8.99	87.15
92	1.41	2.49	9.05	87.06
93	1.33	2.63	9.20	86.84
94	1.39	2.56	9.42	86.64
95	1.97	3.77	13.51	80.75




