Parameters
	Library type	Single-end
	Input file	/Volumes/wdhd/users/joaks1/projects/gekgo/data/genomes/msg/plate1/demultiplexed-raw/fastq/RMB_5755_Cyrtodactylus_philippinicus_CamiguinNorte_R1.fq
	Primer/Adaptor library	NA
	Cut-off read length for HQ	70%
	Cut-off quality score	20
	Only statistics	On
	Number of processes	2


QC statistics
	File name	RMB_5755_Cyrtodactylus_philippinicus_CamiguinNorte_R1.fq
	Total number of reads	446817
	Total number of HQ reads	438011
	Percentage of HQ reads	98.03%
	Total number of bases	42447615
	Total number of bases in HQ reads	41611045
	Total number of HQ bases in HQ reads	37142083
	Percentage of HQ bases in HQ reads	89.26%
	Number of Primer/Adaptor contaminated HQ reads	NA
	Total number of HQ filtered reads	438011
	Percentage of HQ filtered reads	98.03%


Detailed QC statistics
	File name	RMB_5755_Cyrtodactylus_philippinicus_CamiguinNorte_R1.fq
	Minimum read length	95
	Maximum read length	95
	Average read length	95.00
	Total number of reads	446817
	Total number of reads with non-ATGC bases	194
	Percentage of reads with non-ATGC bases	0.04%
	Total number of bases	42447615
	Total number of HQ bases	37648102
	Percentage of HQ bases	88.69%
	Total number of non-ATGC bases	910
	Percentage of non-ATGC bases	0.00%


Average quality score at each base position of input reads

RMB_5755_Cyrtodactylus_philippinicus_CamiguinNorte_R1.fq
36.29	35.69	36.83	36.26	36.86	36.91	36.68	39.02	38.26	37.86	38.04	38.33	37.76	37.75	37.89	37.42	37.72	37.13	37.04	36.91	37.40	36.76	36.85	36.92	37.31	37.07	37.12	37.57	36.59	36.25	36.50	36.54	36.29	36.56	37.04	36.59	36.86	37.20	37.45	36.63	36.46	36.36	36.29	35.91	35.54	34.02	32.13	29.73	27.12	24.23	21.81	20.34	19.30	18.69	18.34	18.26	18.43	18.66	19.74	20.80	22.61	24.48	26.39	28.21	29.91	30.95	31.92	32.60	32.92	32.02	32.53	33.14	33.61	33.72	33.64	33.82	33.92	33.72	33.74	33.77	33.82	33.64	33.74	33.83	33.71	33.77	33.86	33.96	34.07	34.07	33.99	33.94	33.92	33.90	32.81	




Read count (%) per base for different quality score ranges

	RMB_5755_Cyrtodactylus_philippinicus_CamiguinNorte_R1.fq
Ranges	0-10	11-20	21-30	31-40
Base
1	0.05	0.35	0.70	98.90
2	0.02	0.11	0.25	99.62
3	0.00	0.13	0.25	99.62
4	0.00	0.47	1.13	98.40
5	0.00	0.12	0.34	99.54
6	0.00	0.07	0.23	99.70
7	0.01	0.46	0.93	98.60
8	0.00	0.67	0.69	98.64
9	0.02	0.99	1.63	97.36
10	0.02	1.28	1.78	96.91
11	0.01	1.11	1.34	97.54
12	0.01	0.71	1.22	98.06
13	0.03	0.89	1.92	97.16
14	0.02	1.04	1.70	97.24
15	0.02	0.96	1.44	97.58
16	0.05	1.11	2.29	96.55
17	0.03	0.89	1.55	97.53
18	0.15	1.46	2.97	95.43
19	0.19	1.76	2.73	95.31
20	0.17	2.01	3.09	94.72
21	0.12	1.49	2.04	96.35
22	0.38	1.38	2.72	95.51
23	0.26	1.41	2.81	95.53
24	0.38	1.30	2.59	95.73
25	0.24	1.22	2.02	96.52
26	0.45	1.13	2.84	95.57
27	0.38	1.14	2.62	95.85
28	0.24	1.04	1.89	96.83
29	0.78	1.09	2.94	95.20
30	0.73	1.65	4.04	93.58
31	0.67	1.51	3.55	94.27
32	0.90	1.61	3.66	93.84
33	0.76	2.00	4.27	92.97
34	0.63	1.58	3.60	94.20
35	0.28	1.30	2.65	95.77
36	0.56	1.22	3.90	94.31
37	0.61	0.99	3.17	95.23
38	0.44	0.96	2.80	95.80
39	0.28	0.96	2.41	96.34
40	0.61	1.08	3.83	94.48
41	0.72	1.22	4.30	93.76
42	0.70	1.51	4.71	93.07
43	0.68	1.51	5.12	92.69
44	0.86	1.92	6.05	91.18
45	0.93	2.02	6.97	90.08
46	1.48	3.11	11.89	83.52
47	1.94	6.34	18.27	73.45
48	2.41	12.13	24.74	60.73
49	2.79	20.92	28.85	47.44
50	3.58	34.74	26.91	34.77
51	5.03	47.41	21.61	25.94
52	6.40	54.39	18.64	20.57
53	7.02	59.51	16.97	16.50
54	7.28	63.07	15.13	14.52
55	7.10	64.75	15.58	12.57
56	6.35	65.77	16.18	11.70
57	5.39	65.11	18.14	11.36
58	5.18	63.45	19.61	11.76
59	3.22	58.00	24.62	14.16
60	3.51	50.95	27.32	18.22
61	2.23	41.75	31.23	24.79
62	2.29	32.41	31.74	33.56
63	1.98	24.49	30.64	42.89
64	1.47	18.39	27.63	52.51
65	1.46	13.02	23.49	62.04
66	1.50	10.26	20.18	68.05
67	1.22	7.72	17.79	73.27
68	1.07	6.03	15.65	77.24
69	1.14	5.20	14.40	79.26
70	0.98	4.27	19.62	75.13
71	1.17	4.25	15.01	79.57
72	0.79	4.04	12.83	82.33
73	0.68	3.68	11.09	84.54
74	0.72	3.53	10.76	85.00
75	0.79	3.50	11.27	84.44
76	0.72	3.08	10.58	85.62
77	0.72	2.79	10.08	86.41
78	0.82	2.90	10.79	85.49
79	0.83	2.89	10.61	85.67
80	0.76	2.77	10.56	85.92
81	0.73	2.54	10.46	86.28
82	0.83	2.81	10.89	85.47
83	0.75	2.93	10.18	86.14
84	0.78	2.70	9.75	86.77
85	0.84	2.71	10.24	86.21
86	0.79	2.63	9.92	86.65
87	0.80	2.44	9.54	87.21
88	0.76	2.23	9.18	87.83
89	0.72	2.05	8.62	88.61
90	0.77	2.07	8.41	88.75
91	0.83	2.17	8.69	88.32
92	0.81	2.28	8.91	88.00
93	0.80	2.31	8.94	87.95
94	0.85	2.33	8.79	88.03
95	1.39	3.60	12.76	82.25




