Parameters
	Library type	Single-end
	Input file	/Volumes/wdhd/users/joaks1/projects/gekgo/data/genomes/msg/plate1/demultiplexed-raw/fastq/RMB_12835_Cyrtodactylus_philippinicus_Luzon_R1.fq
	Primer/Adaptor library	NA
	Cut-off read length for HQ	70%
	Cut-off quality score	20
	Only statistics	On
	Number of processes	2


QC statistics
	File name	RMB_12835_Cyrtodactylus_philippinicus_Luzon_R1.fq
	Total number of reads	213947
	Total number of HQ reads	209212
	Percentage of HQ reads	97.79%
	Total number of bases	20324965
	Total number of bases in HQ reads	19875140
	Total number of HQ bases in HQ reads	17781130
	Percentage of HQ bases in HQ reads	89.46%
	Number of Primer/Adaptor contaminated HQ reads	NA
	Total number of HQ filtered reads	209212
	Percentage of HQ filtered reads	97.79%


Detailed QC statistics
	File name	RMB_12835_Cyrtodactylus_philippinicus_Luzon_R1.fq
	Minimum read length	95
	Maximum read length	95
	Average read length	95.00
	Total number of reads	213947
	Total number of reads with non-ATGC bases	114
	Percentage of reads with non-ATGC bases	0.05%
	Total number of bases	20324965
	Total number of HQ bases	18050991
	Percentage of HQ bases	88.81%
	Total number of non-ATGC bases	677
	Percentage of non-ATGC bases	0.00%


Average quality score at each base position of input reads

RMB_12835_Cyrtodactylus_philippinicus_Luzon_R1.fq
36.82	36.45	36.86	36.30	36.86	36.91	36.68	39.06	38.34	37.95	38.09	38.41	38.16	38.11	38.12	37.58	37.83	37.28	37.20	37.05	37.52	36.90	36.97	37.04	37.40	37.17	37.22	37.67	36.72	36.37	36.60	36.65	36.46	36.69	37.18	36.74	37.02	37.32	37.60	36.81	36.68	36.55	36.51	36.16	35.82	34.39	32.56	30.29	27.65	24.75	22.23	20.76	19.66	19.00	18.57	18.47	18.69	18.93	19.95	21.06	22.86	24.72	26.69	28.57	30.29	31.36	32.34	33.02	33.36	32.46	32.95	33.55	33.97	34.05	33.93	34.08	34.19	33.99	33.99	34.03	34.06	33.84	33.90	34.00	33.89	33.94	34.00	34.08	34.20	34.18	34.10	34.05	34.05	34.03	32.95	




Read count (%) per base for different quality score ranges

	RMB_12835_Cyrtodactylus_philippinicus_Luzon_R1.fq
Ranges	0-10	11-20	21-30	31-40
Base
1	0.00	0.34	0.30	99.36
2	0.00	0.14	0.17	99.70
3	0.00	0.17	0.20	99.63
4	0.00	0.44	0.96	98.60
5	0.01	0.16	0.32	99.52
6	0.00	0.09	0.24	99.67
7	0.01	0.45	0.99	98.55
8	0.00	0.69	0.73	98.58
9	0.02	1.00	1.58	97.40
10	0.03	1.23	1.71	97.03
11	0.01	1.10	1.33	97.55
12	0.01	0.69	1.11	98.19
13	0.03	0.85	1.85	97.27
14	0.01	0.99	1.61	97.38
15	0.02	0.91	1.36	97.71
16	0.04	1.07	2.08	96.81
17	0.02	0.84	1.43	97.71
18	0.09	1.42	2.77	95.72
19	0.12	1.72	2.58	95.57
20	0.11	2.00	2.83	95.06
21	0.09	1.45	1.96	96.50
22	0.22	1.53	2.55	95.69
23	0.15	1.49	2.60	95.77
24	0.24	1.44	2.41	95.91
25	0.18	1.29	1.90	96.63
26	0.33	1.22	2.62	95.83
27	0.33	1.18	2.48	96.01
28	0.22	1.06	1.71	97.01
29	0.72	1.08	2.68	95.52
30	0.68	1.65	3.77	93.90
31	0.70	1.52	3.30	94.48
32	0.87	1.65	3.39	94.09
33	0.70	1.95	3.89	93.45
34	0.65	1.54	3.26	94.56
35	0.34	1.23	2.37	96.06
36	0.56	1.13	3.43	94.87
37	0.56	0.95	2.82	95.67
38	0.46	0.94	2.43	96.16
39	0.30	0.90	2.12	96.67
40	0.55	1.02	3.36	95.06
41	0.67	1.20	3.68	94.45
42	0.72	1.41	4.07	93.80
43	0.67	1.46	4.27	93.60
44	0.83	1.86	5.03	92.28
45	0.90	1.90	5.73	91.47
46	1.36	2.98	9.79	85.87
47	1.85	6.19	15.38	76.57
48	2.08	11.83	21.25	64.84
49	2.37	20.71	25.30	51.63
50	3.09	34.44	23.89	38.58
51	4.31	47.62	19.19	28.89
52	5.28	54.72	16.79	23.21
53	5.84	60.12	15.54	18.51
54	5.98	63.88	14.06	16.09
55	5.98	65.61	14.58	13.83
56	5.46	66.19	15.69	12.67
57	4.51	65.35	17.60	12.53
58	4.36	63.59	19.01	13.04
59	2.80	57.96	23.96	15.27
60	2.93	50.78	26.97	19.32
61	1.90	41.62	30.36	26.12
62	2.04	32.28	31.00	34.68
63	1.81	24.13	29.69	44.37
64	1.33	18.02	26.59	54.06
65	1.35	12.87	22.15	63.63
66	1.42	10.02	19.10	69.47
67	1.14	7.67	16.55	74.64
68	1.05	5.98	14.54	78.43
69	1.04	5.12	13.43	80.40
70	0.98	4.22	17.70	77.09
71	1.11	4.36	13.53	80.99
72	0.83	4.01	11.75	83.41
73	0.68	3.74	10.17	85.42
74	0.77	3.55	9.86	85.82
75	0.82	3.58	10.45	85.15
76	0.73	3.18	9.72	86.37
77	0.76	2.83	9.21	87.20
78	0.85	2.96	9.88	86.32
79	0.87	3.01	9.60	86.53
80	0.79	2.83	9.54	86.84
81	0.78	2.59	9.50	87.13
82	0.89	2.86	9.98	86.26
83	0.85	2.93	9.46	86.76
84	0.79	2.77	9.09	87.35
85	0.88	2.72	9.58	86.82
86	0.84	2.65	9.22	87.28
87	0.83	2.47	9.09	87.61
88	0.79	2.28	8.83	88.11
89	0.73	2.12	8.11	89.04
90	0.82	2.08	8.10	88.99
91	0.84	2.27	8.30	88.59
92	0.85	2.29	8.52	88.35
93	0.84	2.30	8.44	88.42
94	0.88	2.28	8.33	88.51
95	1.34	3.38	12.49	82.79




