Parameters
	Library type	Single-end
	Input file	/Volumes/wdhd/users/joaks1/projects/gekgo/data/genomes/msg/plate1/demultiplexed-raw/fastq/RMB_8043_Cyrtodactylus_annulatus_CamiguinSur_R1.fq
	Primer/Adaptor library	NA
	Cut-off read length for HQ	70%
	Cut-off quality score	20
	Only statistics	On
	Number of processes	2


QC statistics
	File name	RMB_8043_Cyrtodactylus_annulatus_CamiguinSur_R1.fq
	Total number of reads	1016198
	Total number of HQ reads	994426
	Percentage of HQ reads	97.86%
	Total number of bases	96538810
	Total number of bases in HQ reads	94470470
	Total number of HQ bases in HQ reads	84612388
	Percentage of HQ bases in HQ reads	89.56%
	Number of Primer/Adaptor contaminated HQ reads	NA
	Total number of HQ filtered reads	994426
	Percentage of HQ filtered reads	97.86%


Detailed QC statistics
	File name	RMB_8043_Cyrtodactylus_annulatus_CamiguinSur_R1.fq
	Minimum read length	95
	Maximum read length	95
	Average read length	95.00
	Total number of reads	1016198
	Total number of reads with non-ATGC bases	498
	Percentage of reads with non-ATGC bases	0.05%
	Total number of bases	96538810
	Total number of HQ bases	85852002
	Percentage of HQ bases	88.93%
	Total number of non-ATGC bases	2646
	Percentage of non-ATGC bases	0.00%


Average quality score at each base position of input reads

RMB_8043_Cyrtodactylus_annulatus_CamiguinSur_R1.fq
36.86	36.65	36.89	36.34	36.88	36.93	36.69	39.10	38.37	38.00	38.15	38.48	38.28	38.24	38.29	37.87	38.09	37.42	37.32	37.13	37.62	37.01	37.09	37.14	37.47	37.26	37.29	37.76	36.82	36.48	36.69	36.70	36.51	36.73	37.26	36.79	37.04	37.35	37.67	36.89	36.77	36.64	36.57	36.25	35.97	34.58	32.80	30.44	27.93	24.88	22.49	20.96	20.00	19.23	18.81	18.68	18.80	19.12	20.08	21.13	23.02	24.97	26.80	28.73	30.36	31.45	32.50	33.27	33.64	32.73	33.22	33.75	34.19	34.29	34.18	34.30	34.34	34.13	34.10	34.12	34.14	33.97	33.99	34.07	33.98	33.98	34.05	34.12	34.24	34.26	34.19	34.12	34.08	34.04	32.88	




Read count (%) per base for different quality score ranges

	RMB_8043_Cyrtodactylus_annulatus_CamiguinSur_R1.fq
Ranges	0-10	11-20	21-30	31-40
Base
1	0.00	0.27	0.27	99.46
2	0.00	0.13	0.11	99.76
3	0.00	0.12	0.16	99.72
4	0.00	0.35	0.86	98.79
5	0.00	0.12	0.27	99.61
6	0.00	0.06	0.19	99.75
7	0.01	0.46	0.96	98.57
8	0.00	0.65	0.69	98.66
9	0.03	0.95	1.53	97.50
10	0.03	1.20	1.66	97.11
11	0.01	1.05	1.24	97.71
12	0.01	0.64	1.06	98.29
13	0.03	0.76	1.74	97.48
14	0.02	0.98	1.58	97.43
15	0.02	0.90	1.30	97.78
16	0.04	1.03	2.01	96.93
17	0.02	0.79	1.32	97.87
18	0.07	1.36	2.61	95.97
19	0.10	1.67	2.48	95.76
20	0.08	1.91	2.77	95.23
21	0.05	1.43	1.84	96.69
22	0.14	1.51	2.48	95.86
23	0.11	1.40	2.45	96.04
24	0.16	1.41	2.29	96.14
25	0.12	1.26	1.84	96.78
26	0.22	1.21	2.48	96.08
27	0.23	1.21	2.37	96.18
28	0.18	1.01	1.60	97.22
29	0.57	1.14	2.55	95.74
30	0.60	1.62	3.55	94.23
31	0.61	1.46	3.19	94.74
32	0.87	1.62	3.28	94.23
33	0.66	1.90	3.79	93.65
34	0.63	1.53	3.17	94.66
35	0.31	1.20	2.26	96.23
36	0.56	1.16	3.35	94.93
37	0.58	0.99	2.70	95.72
38	0.47	0.96	2.36	96.22
39	0.29	0.91	1.94	96.86
40	0.55	0.98	3.15	95.32
41	0.66	1.17	3.45	94.72
42	0.71	1.41	3.81	94.07
43	0.64	1.49	4.07	93.80
44	0.82	1.81	4.65	92.72
45	0.88	1.89	5.20	92.03
46	1.37	2.97	8.80	86.85
47	1.69	6.02	14.26	78.03
48	2.10	11.69	20.17	66.05
49	2.31	20.41	23.79	53.50
50	2.96	34.82	22.22	39.99
51	4.05	47.17	18.29	30.48
52	5.12	54.18	16.22	24.48
53	5.65	58.99	14.77	20.60
54	5.93	63.14	13.45	17.48
55	5.84	64.81	14.22	15.12
56	5.38	65.77	14.76	14.09
57	4.45	65.63	16.19	13.73
58	3.96	63.57	18.26	14.21
59	2.76	57.69	23.24	16.31
60	2.89	50.78	26.28	20.05
61	1.91	41.22	29.87	26.99
62	1.96	31.60	30.48	35.95
63	1.74	24.25	29.10	44.91
64	1.27	17.81	26.25	54.67
65	1.30	13.14	21.85	63.71
66	1.39	10.19	18.87	69.55
67	1.12	7.60	16.36	74.93
68	1.01	5.86	14.02	79.12
69	1.05	4.98	12.74	81.23
70	0.96	4.13	16.81	78.10
71	1.12	4.26	12.89	81.73
72	0.82	4.08	11.26	83.84
73	0.69	3.73	9.87	85.71
74	0.74	3.48	9.45	86.33
75	0.81	3.48	9.84	85.87
76	0.75	3.04	9.42	86.79
77	0.76	2.81	8.88	87.56
78	0.82	2.92	9.50	86.76
79	0.83	2.89	9.40	86.88
80	0.81	2.77	9.29	87.13
81	0.78	2.58	9.13	87.51
82	0.83	2.83	9.62	86.72
83	0.83	2.93	9.16	87.09
84	0.79	2.72	8.91	87.58
85	0.86	2.64	9.25	87.25
86	0.87	2.59	9.15	87.39
87	0.83	2.43	8.98	87.76
88	0.81	2.27	8.62	88.30
89	0.78	2.04	7.98	89.19
90	0.82	2.01	7.82	89.34
91	0.84	2.10	8.04	89.02
92	0.88	2.19	8.23	88.70
93	0.86	2.23	8.41	88.50
94	0.88	2.23	8.43	88.45
95	1.46	3.37	12.85	82.32




