Parameters
	Library type	Single-end
	Input file	/Volumes/wdhd/users/joaks1/projects/gekgo/data/genomes/msg/plate1/demultiplexed-raw/fastq/RMB_9749_Cyrtodactylus_philippinicus_Luzon_R1.fq
	Primer/Adaptor library	NA
	Cut-off read length for HQ	70%
	Cut-off quality score	20
	Only statistics	On
	Number of processes	2


QC statistics
	File name	RMB_9749_Cyrtodactylus_philippinicus_Luzon_R1.fq
	Total number of reads	107805
	Total number of HQ reads	105314
	Percentage of HQ reads	97.69%
	Total number of bases	10241475
	Total number of bases in HQ reads	10004830
	Total number of HQ bases in HQ reads	8958857
	Percentage of HQ bases in HQ reads	89.55%
	Number of Primer/Adaptor contaminated HQ reads	NA
	Total number of HQ filtered reads	105314
	Percentage of HQ filtered reads	97.69%


Detailed QC statistics
	File name	RMB_9749_Cyrtodactylus_philippinicus_Luzon_R1.fq
	Minimum read length	95
	Maximum read length	95
	Average read length	95.00
	Total number of reads	107805
	Total number of reads with non-ATGC bases	48
	Percentage of reads with non-ATGC bases	0.04%
	Total number of bases	10241475
	Total number of HQ bases	9101888
	Percentage of HQ bases	88.87%
	Total number of non-ATGC bases	275
	Percentage of non-ATGC bases	0.00%


Average quality score at each base position of input reads

RMB_9749_Cyrtodactylus_philippinicus_Luzon_R1.fq
36.87	36.69	36.90	36.31	36.88	36.92	36.69	39.10	38.36	37.99	38.14	38.46	38.28	38.28	38.30	37.90	38.11	37.42	37.35	37.14	37.61	37.01	37.10	37.15	37.50	37.30	37.31	37.69	36.79	36.50	36.72	36.73	36.55	36.79	37.29	36.90	37.12	37.43	37.71	36.94	36.80	36.71	36.70	36.34	35.99	34.59	32.89	30.70	28.01	24.97	22.47	21.08	19.95	19.24	18.85	18.60	18.78	18.98	20.07	21.06	22.93	24.87	26.83	28.73	30.45	31.53	32.54	33.26	33.66	32.79	33.30	33.90	34.31	34.36	34.25	34.35	34.42	34.23	34.16	34.22	34.21	34.05	34.05	34.15	34.01	34.05	34.11	34.16	34.29	34.30	34.19	34.10	34.06	34.07	32.93	




Read count (%) per base for different quality score ranges

	RMB_9749_Cyrtodactylus_philippinicus_Luzon_R1.fq
Ranges	0-10	11-20	21-30	31-40
Base
1	0.00	0.23	0.26	99.51
2	0.00	0.11	0.09	99.80
3	0.00	0.10	0.15	99.75
4	0.00	0.36	0.97	98.68
5	0.00	0.11	0.29	99.59
6	0.00	0.07	0.20	99.73
7	0.00	0.46	0.98	98.56
8	0.00	0.66	0.67	98.67
9	0.03	1.00	1.53	97.44
10	0.03	1.22	1.67	97.09
11	0.02	1.09	1.32	97.58
12	0.00	0.65	1.20	98.14
13	0.03	0.83	1.73	97.41
14	0.03	0.97	1.52	97.48
15	0.02	0.93	1.38	97.67
16	0.03	0.95	1.95	97.08
17	0.02	0.79	1.35	97.85
18	0.07	1.48	2.79	95.66
19	0.08	1.72	2.51	95.69
20	0.08	1.94	2.86	95.12
21	0.07	1.45	1.87	96.60
22	0.13	1.56	2.54	95.77
23	0.09	1.40	2.47	96.04
24	0.14	1.42	2.32	96.12
25	0.11	1.28	1.76	96.86
26	0.21	1.22	2.43	96.14
27	0.24	1.21	2.33	96.23
28	0.17	1.13	1.78	96.91
29	0.54	1.29	2.62	95.55
30	0.55	1.66	3.55	94.23
31	0.58	1.45	3.13	94.84
32	0.88	1.59	3.24	94.29
33	0.67	1.80	3.73	93.80
34	0.64	1.46	3.07	94.84
35	0.30	1.17	2.17	96.36
36	0.55	1.04	3.10	95.31
37	0.57	0.94	2.62	95.87
38	0.44	0.88	2.31	96.37
39	0.26	0.93	1.90	96.91
40	0.54	0.98	3.03	95.45
41	0.65	1.23	3.45	94.68
42	0.64	1.40	3.61	94.34
43	0.56	1.40	3.82	94.21
44	0.76	1.78	4.43	93.03
45	0.83	1.87	5.15	92.15
46	1.30	2.93	8.91	86.86
47	1.68	6.00	13.70	78.62
48	1.98	11.60	19.00	67.42
49	2.10	20.56	23.58	53.76
50	2.88	34.69	22.16	40.27
51	3.81	47.73	18.10	30.37
52	4.82	54.08	16.20	24.91
53	5.49	59.78	14.20	20.53
54	5.61	63.82	12.96	17.62
55	5.30	65.56	13.96	15.19
56	5.06	66.82	14.38	13.74
57	4.10	66.18	16.24	13.48
58	3.84	64.52	18.02	13.62
59	2.51	58.11	23.13	16.26
60	2.84	51.44	25.74	19.98
61	1.76	41.86	29.61	26.77
62	2.01	32.21	30.09	35.69
63	1.68	24.30	29.03	44.98
64	1.18	18.16	25.90	54.76
65	1.23	13.06	21.73	63.98
66	1.31	10.22	18.70	69.77
67	1.10	7.76	16.15	75.00
68	1.03	5.98	14.15	78.84
69	1.00	5.19	12.73	81.08
70	0.96	4.22	16.38	78.45
71	1.05	4.36	12.56	82.03
72	0.77	4.09	10.86	84.28
73	0.65	3.77	9.45	86.12
74	0.73	3.71	9.29	86.27
75	0.74	3.68	9.78	85.80
76	0.69	3.30	9.24	86.78
77	0.70	2.97	8.68	87.65
78	0.83	2.99	9.30	86.88
79	0.84	3.07	9.38	86.71
80	0.73	2.93	9.04	87.30
81	0.70	2.76	8.94	87.60
82	0.77	2.82	9.48	86.93
83	0.79	2.98	9.19	87.03
84	0.75	2.79	8.77	87.69
85	0.82	2.77	9.26	87.15
86	0.78	2.67	8.88	87.66
87	0.78	2.50	8.78	87.94
88	0.72	2.31	8.63	88.34
89	0.68	2.08	7.89	89.35
90	0.74	2.02	7.78	89.47
91	0.81	2.18	8.06	88.96
92	0.81	2.37	8.40	88.43
93	0.79	2.28	8.74	88.19
94	0.82	2.24	8.39	88.55
95	1.39	3.46	12.77	82.38




