Parameters
	Library type	Single-end
	Input file	/Volumes/wdhd/users/joaks1/projects/gekgo/data/genomes/msg/plate1/demultiplexed-raw/fastq/RMB_11670_Cyrtodactylus_jambangan_Mindanao_R1.fq
	Primer/Adaptor library	NA
	Cut-off read length for HQ	70%
	Cut-off quality score	20
	Only statistics	On
	Number of processes	2


QC statistics
	File name	RMB_11670_Cyrtodactylus_jambangan_Mindanao_R1.fq
	Total number of reads	500336
	Total number of HQ reads	488564
	Percentage of HQ reads	97.65%
	Total number of bases	47531920
	Total number of bases in HQ reads	46413580
	Total number of HQ bases in HQ reads	41526384
	Percentage of HQ bases in HQ reads	89.47%
	Number of Primer/Adaptor contaminated HQ reads	NA
	Total number of HQ filtered reads	488564
	Percentage of HQ filtered reads	97.65%


Detailed QC statistics
	File name	RMB_11670_Cyrtodactylus_jambangan_Mindanao_R1.fq
	Minimum read length	95
	Maximum read length	95
	Average read length	95.00
	Total number of reads	500336
	Total number of reads with non-ATGC bases	236
	Percentage of reads with non-ATGC bases	0.05%
	Total number of bases	47531920
	Total number of HQ bases	42198628
	Percentage of HQ bases	88.78%
	Total number of non-ATGC bases	1260
	Percentage of non-ATGC bases	0.00%


Average quality score at each base position of input reads

RMB_11670_Cyrtodactylus_jambangan_Mindanao_R1.fq
34.46	34.56	36.78	36.14	36.86	36.91	36.68	39.07	38.34	37.97	38.13	38.44	38.24	38.20	38.23	37.78	37.96	37.32	37.23	37.04	37.55	36.97	37.04	37.10	37.43	37.20	37.25	37.70	36.76	36.41	36.61	36.65	36.44	36.67	37.20	36.74	36.99	37.30	37.61	36.83	36.68	36.56	36.52	36.18	35.87	34.52	32.68	30.35	27.81	24.73	22.35	20.83	19.85	19.08	18.71	18.59	18.72	19.04	19.99	21.03	22.92	24.87	26.73	28.64	30.28	31.39	32.40	33.13	33.53	32.60	33.08	33.63	34.04	34.16	34.08	34.19	34.24	34.02	33.99	34.00	34.03	33.85	33.89	33.96	33.86	33.90	33.96	34.02	34.17	34.19	34.10	34.03	34.01	33.96	32.85	




Read count (%) per base for different quality score ranges

	RMB_11670_Cyrtodactylus_jambangan_Mindanao_R1.fq
Ranges	0-10	11-20	21-30	31-40
Base
1	0.00	0.79	2.17	97.05
2	0.00	0.18	0.47	99.35
3	0.00	0.17	0.27	99.57
4	0.00	0.46	1.05	98.49
5	0.00	0.13	0.34	99.52
6	0.00	0.09	0.22	99.69
7	0.01	0.47	0.99	98.53
8	0.00	0.67	0.74	98.59
9	0.03	0.99	1.55	97.43
10	0.02	1.24	1.70	97.04
11	0.01	1.05	1.29	97.65
12	0.01	0.67	1.13	98.19
13	0.03	0.81	1.80	97.36
14	0.02	1.02	1.61	97.36
15	0.01	0.94	1.38	97.66
16	0.04	1.07	2.03	96.87
17	0.02	0.88	1.42	97.68
18	0.07	1.44	2.71	95.77
19	0.11	1.78	2.60	95.51
20	0.10	2.07	2.92	94.91
21	0.07	1.51	1.95	96.47
22	0.17	1.55	2.53	95.76
23	0.12	1.47	2.57	95.84
24	0.19	1.41	2.36	96.04
25	0.15	1.27	1.86	96.72
26	0.27	1.23	2.58	95.92
27	0.29	1.22	2.46	96.04
28	0.20	1.03	1.69	97.08
29	0.67	1.14	2.70	95.49
30	0.66	1.64	3.71	94.00
31	0.67	1.51	3.32	94.51
32	0.94	1.64	3.35	94.06
33	0.74	1.98	3.90	93.38
34	0.68	1.57	3.30	94.44
35	0.34	1.26	2.37	96.03
36	0.60	1.19	3.46	94.75
37	0.64	1.00	2.86	95.50
38	0.49	0.99	2.50	96.02
39	0.31	0.94	2.10	96.65
40	0.61	1.04	3.30	95.04
41	0.71	1.26	3.66	94.37
42	0.74	1.51	4.05	93.70
43	0.68	1.54	4.12	93.66
44	0.84	1.87	4.83	92.46
45	0.93	1.95	5.51	91.61
46	1.39	2.94	9.04	86.63
47	1.75	6.19	14.59	77.46
48	2.09	11.85	20.54	65.51
49	2.38	20.59	24.27	52.77
50	2.99	35.14	22.88	38.99
51	4.32	47.34	18.49	29.85
52	5.37	54.34	16.48	23.82
53	5.94	59.17	14.98	19.91
54	6.09	63.49	13.70	16.72
55	6.01	64.94	14.51	14.54
56	5.44	66.18	14.71	13.68
57	4.52	65.78	16.48	13.21
58	4.07	63.53	18.81	13.59
59	2.84	57.92	23.56	15.68
60	2.97	51.10	26.46	19.47
61	1.95	41.59	29.94	26.53
62	2.05	31.74	30.78	35.43
63	1.83	24.28	29.28	44.61
64	1.33	17.93	26.42	54.32
65	1.37	13.19	22.07	63.37
66	1.41	10.22	19.00	69.37
67	1.19	7.64	16.55	74.63
68	1.06	5.96	14.33	78.65
69	1.08	5.01	12.94	80.98
70	1.03	4.22	17.20	77.55
71	1.17	4.39	13.27	81.16
72	0.88	4.14	11.56	83.42
73	0.76	3.83	10.10	85.31
74	0.81	3.56	9.67	85.96
75	0.84	3.52	10.05	85.60
76	0.80	3.14	9.45	86.60
77	0.83	2.89	9.02	87.26
78	0.92	2.99	9.70	86.39
79	0.90	3.03	9.62	86.45
80	0.86	2.91	9.53	86.70
81	0.85	2.69	9.45	87.00
82	0.94	2.95	9.89	86.22
83	0.90	3.04	9.43	86.64
84	0.92	2.85	9.10	87.13
85	0.92	2.79	9.67	86.62
86	0.92	2.70	9.43	86.96
87	0.91	2.56	9.16	87.37
88	0.92	2.34	8.90	87.85
89	0.84	2.09	8.19	88.87
90	0.92	2.08	7.94	89.06
91	0.97	2.22	8.19	88.62
92	0.99	2.30	8.38	88.34
93	0.94	2.35	8.58	88.13
94	0.96	2.37	8.59	88.08
95	1.54	3.47	12.77	82.23




