Parameters
	Library type	Single-end
	Input file	/Volumes/wdhd/users/joaks1/projects/gekgo/data/genomes/msg/plate1/demultiplexed-raw/fastq/RMB_9207_Cyrtodactylus_jambangan_Mindanao_R1.fq
	Primer/Adaptor library	NA
	Cut-off read length for HQ	70%
	Cut-off quality score	20
	Only statistics	On
	Number of processes	2


QC statistics
	File name	RMB_9207_Cyrtodactylus_jambangan_Mindanao_R1.fq
	Total number of reads	271428
	Total number of HQ reads	265606
	Percentage of HQ reads	97.86%
	Total number of bases	25785660
	Total number of bases in HQ reads	25232570
	Total number of HQ bases in HQ reads	22587584
	Percentage of HQ bases in HQ reads	89.52%
	Number of Primer/Adaptor contaminated HQ reads	NA
	Total number of HQ filtered reads	265606
	Percentage of HQ filtered reads	97.86%


Detailed QC statistics
	File name	RMB_9207_Cyrtodactylus_jambangan_Mindanao_R1.fq
	Minimum read length	95
	Maximum read length	95
	Average read length	95.00
	Total number of reads	271428
	Total number of reads with non-ATGC bases	122
	Percentage of reads with non-ATGC bases	0.04%
	Total number of bases	25785660
	Total number of HQ bases	22919643
	Percentage of HQ bases	88.89%
	Total number of non-ATGC bases	587
	Percentage of non-ATGC bases	0.00%


Average quality score at each base position of input reads

RMB_9207_Cyrtodactylus_jambangan_Mindanao_R1.fq
36.87	36.36	36.88	36.32	36.89	36.94	36.71	39.13	38.35	37.95	38.12	38.41	38.25	38.25	38.30	37.93	38.11	37.44	37.32	37.09	37.55	37.01	37.13	37.18	37.53	37.29	37.34	37.81	36.80	36.51	36.65	36.66	36.33	36.65	37.22	36.83	37.07	37.39	37.69	36.95	36.80	36.67	36.65	36.36	35.98	34.51	32.72	30.52	27.84	24.75	22.34	20.78	19.80	19.07	18.72	18.57	18.79	19.13	20.13	21.08	22.92	24.98	26.90	28.83	30.42	31.48	32.47	33.27	33.63	32.60	33.22	33.72	34.13	34.25	34.24	34.30	34.34	34.15	34.10	34.17	34.15	33.92	33.98	34.08	34.02	34.08	34.12	34.20	34.26	34.24	34.09	34.13	34.08	34.00	32.90	




Read count (%) per base for different quality score ranges

	RMB_9207_Cyrtodactylus_jambangan_Mindanao_R1.fq
Ranges	0-10	11-20	21-30	31-40
Base
1	0.00	0.24	0.26	99.49
2	0.00	0.14	0.12	99.75
3	0.00	0.12	0.16	99.72
4	0.00	0.34	0.91	98.75
5	0.00	0.11	0.23	99.67
6	0.00	0.05	0.13	99.81
7	0.01	0.42	0.87	98.70
8	0.00	0.61	0.63	98.76
9	0.02	0.96	1.50	97.51
10	0.02	1.27	1.63	97.09
11	0.01	1.02	1.20	97.78
12	0.01	0.65	1.07	98.28
13	0.03	0.76	1.74	97.47
14	0.01	0.96	1.54	97.49
15	0.01	0.93	1.27	97.78
16	0.04	0.97	1.96	97.03
17	0.01	0.81	1.27	97.91
18	0.06	1.37	2.62	95.94
19	0.14	1.67	2.55	95.65
20	0.09	1.99	2.80	95.11
21	0.07	1.55	1.99	96.40
22	0.13	1.43	2.37	96.07
23	0.09	1.30	2.28	96.32
24	0.14	1.31	2.19	96.36
25	0.11	1.17	1.68	97.05
26	0.18	1.19	2.35	96.28
27	0.20	1.14	2.27	96.39
28	0.15	0.97	1.45	97.43
29	0.51	1.15	2.61	95.73
30	0.52	1.61	3.52	94.35
31	0.60	1.43	3.35	94.63
32	0.89	1.69	3.44	93.98
33	0.71	2.30	4.42	92.57
34	0.62	1.64	3.60	94.14
35	0.28	1.29	2.55	95.87
36	0.51	1.10	3.40	94.98
37	0.54	0.95	2.77	95.75
38	0.45	0.88	2.38	96.30
39	0.26	0.82	1.92	97.00
40	0.53	0.93	3.00	95.54
41	0.62	1.13	3.30	94.95
42	0.64	1.38	3.75	94.23
43	0.58	1.40	3.81	94.21
44	0.75	1.67	4.37	93.21
45	0.88	1.85	5.27	92.00
46	1.33	2.89	9.48	86.30
47	1.62	6.24	14.63	77.51
48	1.93	11.76	19.76	66.55
49	2.21	20.75	24.25	52.78
50	2.83	35.84	21.90	39.43
51	4.09	48.17	17.64	30.10
52	5.63	54.64	15.67	24.06
53	6.07	59.81	13.94	20.17
54	5.85	64.30	12.93	16.92
55	5.62	65.64	14.08	14.66
56	5.32	66.64	14.24	13.80
57	4.26	65.67	16.68	13.39
58	4.06	63.05	18.84	14.05
59	2.74	57.22	23.71	16.33
60	3.21	50.49	26.28	20.01
61	1.95	41.82	29.41	26.82
62	1.89	31.48	30.59	36.04
63	1.71	23.95	28.69	45.65
64	1.20	17.67	25.68	55.45
65	1.29	12.98	21.67	64.06
66	1.36	10.06	18.81	69.77
67	1.07	7.76	16.36	74.81
68	1.00	5.79	14.04	79.17
69	1.02	5.01	12.95	81.02
70	0.95	4.49	17.49	77.07
71	1.06	4.25	12.81	81.88
72	0.81	4.15	11.49	83.54
73	0.69	3.91	10.04	85.36
74	0.72	3.63	9.60	86.04
75	0.76	3.43	9.63	86.18
76	0.74	3.04	9.43	86.79
77	0.76	2.76	9.06	87.42
78	0.82	2.85	9.58	86.75
79	0.84	2.87	9.59	86.69
80	0.76	2.72	9.06	87.45
81	0.79	2.55	9.00	87.66
82	0.83	2.90	9.78	86.49
83	0.81	2.90	9.32	86.97
84	0.78	2.76	8.81	87.65
85	0.82	2.62	9.11	87.45
86	0.80	2.57	8.72	87.92
87	0.81	2.41	8.72	88.06
88	0.79	2.21	8.41	88.59
89	0.75	2.03	7.96	89.25
90	0.82	2.01	7.89	89.28
91	0.91	2.12	8.57	88.41
92	0.89	2.14	8.04	88.93
93	0.85	2.20	8.42	88.53
94	0.91	2.18	8.74	88.17
95	1.42	3.28	13.00	82.30




