Parameters
	Library type	Single-end
	Input file	/Volumes/wdhd/users/joaks1/projects/gekgo/data/genomes/msg/plate1/demultiplexed-raw/fastq/RMB_8418_Cyrtodactylus_mamanwa_Dinagat_R1.fq
	Primer/Adaptor library	NA
	Cut-off read length for HQ	70%
	Cut-off quality score	20
	Only statistics	On
	Number of processes	2


QC statistics
	File name	RMB_8418_Cyrtodactylus_mamanwa_Dinagat_R1.fq
	Total number of reads	1227948
	Total number of HQ reads	1203124
	Percentage of HQ reads	97.98%
	Total number of bases	116655060
	Total number of bases in HQ reads	114296780
	Total number of HQ bases in HQ reads	102389173
	Percentage of HQ bases in HQ reads	89.58%
	Number of Primer/Adaptor contaminated HQ reads	NA
	Total number of HQ filtered reads	1203124
	Percentage of HQ filtered reads	97.98%


Detailed QC statistics
	File name	RMB_8418_Cyrtodactylus_mamanwa_Dinagat_R1.fq
	Minimum read length	95
	Maximum read length	95
	Average read length	95.00
	Total number of reads	1227948
	Total number of reads with non-ATGC bases	594
	Percentage of reads with non-ATGC bases	0.05%
	Total number of bases	116655060
	Total number of HQ bases	103814555
	Percentage of HQ bases	88.99%
	Total number of non-ATGC bases	3124
	Percentage of non-ATGC bases	0.00%


Average quality score at each base position of input reads

RMB_8418_Cyrtodactylus_mamanwa_Dinagat_R1.fq
36.83	36.61	36.88	36.32	36.87	36.92	36.70	39.12	38.40	37.99	38.13	38.44	38.24	38.24	38.28	37.85	38.06	37.41	37.30	37.12	37.59	37.00	37.06	37.12	37.47	37.26	37.29	37.72	36.80	36.46	36.68	36.72	36.54	36.77	37.26	36.83	37.08	37.40	37.69	36.91	36.76	36.68	36.64	36.29	35.99	34.62	32.86	30.58	27.94	24.92	22.44	21.01	19.93	19.27	18.84	18.66	18.83	19.09	20.10	21.17	23.02	24.91	26.82	28.71	30.46	31.58	32.60	33.32	33.68	32.77	33.26	33.84	34.28	34.35	34.23	34.38	34.43	34.20	34.18	34.20	34.23	34.01	34.06	34.14	34.02	34.07	34.14	34.20	34.31	34.30	34.21	34.16	34.12	34.13	33.06	




Read count (%) per base for different quality score ranges

	RMB_8418_Cyrtodactylus_mamanwa_Dinagat_R1.fq
Ranges	0-10	11-20	21-30	31-40
Base
1	0.00	0.26	0.26	99.47
2	0.00	0.13	0.10	99.77
3	0.00	0.13	0.17	99.70
4	0.00	0.37	0.91	98.71
5	0.00	0.12	0.31	99.57
6	0.00	0.07	0.21	99.72
7	0.01	0.45	0.92	98.63
8	0.00	0.61	0.67	98.72
9	0.03	0.92	1.50	97.55
10	0.02	1.18	1.63	97.17
11	0.01	1.06	1.28	97.65
12	0.01	0.66	1.13	98.20
13	0.03	0.82	1.79	97.37
14	0.02	1.00	1.61	97.37
15	0.01	0.92	1.36	97.71
16	0.04	1.03	2.05	96.89
17	0.01	0.85	1.38	97.75
18	0.07	1.38	2.67	95.89
19	0.09	1.70	2.51	95.69
20	0.08	1.98	2.78	95.16
21	0.07	1.43	1.87	96.64
22	0.14	1.53	2.50	95.84
23	0.10	1.44	2.49	95.97
24	0.17	1.42	2.34	96.07
25	0.11	1.27	1.84	96.78
26	0.22	1.24	2.48	96.06
27	0.22	1.22	2.40	96.16
28	0.17	1.08	1.66	97.09
29	0.56	1.16	2.58	95.71
30	0.57	1.66	3.58	94.18
31	0.62	1.46	3.23	94.70
32	0.85	1.58	3.28	94.29
33	0.64	1.85	3.74	93.76
34	0.62	1.48	3.14	94.76
35	0.28	1.19	2.22	96.30
36	0.53	1.10	3.21	95.16
37	0.57	0.93	2.64	95.85
38	0.44	0.90	2.31	96.35
39	0.26	0.90	1.93	96.91
40	0.54	0.99	3.08	95.38
41	0.66	1.19	3.50	94.64
42	0.65	1.40	3.80	94.16
43	0.63	1.43	3.90	94.04
44	0.79	1.81	4.64	92.76
45	0.85	1.85	5.20	92.11
46	1.29	2.86	8.74	87.10
47	1.64	5.94	14.10	78.32
48	1.98	11.51	19.82	66.69
49	2.24	20.39	23.91	53.46
50	2.82	34.82	22.42	39.94
51	3.93	47.72	18.07	30.28
52	4.96	54.43	15.85	24.77
53	5.52	59.79	14.32	20.36
54	5.61	63.42	13.38	17.59
55	5.54	65.24	13.99	15.23
56	5.16	66.12	14.81	13.91
57	4.22	65.53	16.69	13.57
58	3.98	63.59	18.44	13.99
59	2.63	57.69	23.37	16.31
60	2.80	50.74	26.28	20.18
61	1.82	41.27	29.85	27.06
62	1.90	31.94	30.42	35.73
63	1.69	24.18	29.11	45.03
64	1.20	17.95	26.30	54.54
65	1.23	12.80	21.89	64.08
66	1.30	9.86	18.63	70.21
67	1.03	7.45	16.13	75.39
68	0.93	5.80	14.02	79.25
69	0.99	4.98	12.70	81.33
70	0.89	4.05	16.92	78.14
71	1.03	4.14	12.95	81.87
72	0.74	3.94	11.17	84.15
73	0.61	3.56	9.62	86.21
74	0.68	3.45	9.31	86.57
75	0.73	3.44	9.86	85.97
76	0.65	2.99	9.21	87.15
77	0.68	2.72	8.74	87.86
78	0.79	2.85	9.46	86.91
79	0.77	2.85	9.37	87.01
80	0.70	2.72	9.23	87.34
81	0.72	2.48	8.99	87.81
82	0.77	2.78	9.65	86.80
83	0.73	2.85	9.14	87.28
84	0.72	2.65	8.87	87.76
85	0.78	2.61	9.27	87.34
86	0.76	2.48	8.97	87.78
87	0.73	2.35	8.81	88.11
88	0.72	2.17	8.56	88.56
89	0.68	1.95	7.96	89.41
90	0.70	1.94	7.85	89.52
91	0.77	2.03	8.07	89.13
92	0.76	2.16	8.27	88.81
93	0.76	2.17	8.44	88.63
94	0.75	2.10	8.34	88.81
95	1.28	3.08	12.46	83.18




