Parameters
	Library type	Single-end
	Input file	/Volumes/wdhd/users/joaks1/projects/gekgo/data/genomes/msg/plate1/demultiplexed-raw/fastq/SP_6892_Cyrtodactylus_baluensis_Kinabalu_R1.fq
	Primer/Adaptor library	NA
	Cut-off read length for HQ	70%
	Cut-off quality score	20
	Only statistics	On
	Number of processes	2


QC statistics
	File name	SP_6892_Cyrtodactylus_baluensis_Kinabalu_R1.fq
	Total number of reads	212901
	Total number of HQ reads	208382
	Percentage of HQ reads	97.88%
	Total number of bases	20225595
	Total number of bases in HQ reads	19796290
	Total number of HQ bases in HQ reads	17713527
	Percentage of HQ bases in HQ reads	89.48%
	Number of Primer/Adaptor contaminated HQ reads	NA
	Total number of HQ filtered reads	208382
	Percentage of HQ filtered reads	97.88%


Detailed QC statistics
	File name	SP_6892_Cyrtodactylus_baluensis_Kinabalu_R1.fq
	Minimum read length	95
	Maximum read length	95
	Average read length	95.00
	Total number of reads	212901
	Total number of reads with non-ATGC bases	92
	Percentage of reads with non-ATGC bases	0.04%
	Total number of bases	20225595
	Total number of HQ bases	17968972
	Percentage of HQ bases	88.84%
	Total number of non-ATGC bases	533
	Percentage of non-ATGC bases	0.00%


Average quality score at each base position of input reads

SP_6892_Cyrtodactylus_baluensis_Kinabalu_R1.fq
36.79	36.49	36.85	36.24	36.85	36.91	36.67	39.02	38.30	37.92	38.05	38.40	38.17	38.05	38.08	37.52	37.79	37.22	37.16	36.97	37.50	36.88	36.97	37.06	37.38	37.14	37.20	37.64	36.69	36.35	36.56	36.61	36.43	36.64	37.18	36.68	36.95	37.26	37.54	36.77	36.60	36.45	36.39	36.05	35.74	34.31	32.42	30.16	27.53	24.60	22.25	20.82	19.78	19.11	18.67	18.59	18.66	18.98	19.94	20.98	22.87	24.75	26.59	28.59	30.25	31.27	32.29	32.99	33.33	32.46	32.96	33.51	33.94	34.02	33.96	34.08	34.13	33.96	33.93	33.97	34.01	33.87	33.91	33.99	33.91	33.92	33.96	34.03	34.14	34.18	34.12	34.05	34.01	33.97	32.79	




Read count (%) per base for different quality score ranges

	SP_6892_Cyrtodactylus_baluensis_Kinabalu_R1.fq
Ranges	0-10	11-20	21-30	31-40
Base
1	0.00	0.32	0.37	99.31
2	0.00	0.15	0.15	99.70
3	0.00	0.19	0.21	99.60
4	0.00	0.50	1.17	98.33
5	0.00	0.14	0.38	99.47
6	0.00	0.08	0.23	99.69
7	0.01	0.51	1.00	98.48
8	0.00	0.72	0.75	98.53
9	0.02	1.04	1.56	97.38
10	0.02	1.27	1.80	96.91
11	0.01	1.19	1.42	97.39
12	0.01	0.71	1.18	98.11
13	0.02	0.85	1.83	97.30
14	0.02	1.04	1.69	97.25
15	0.02	0.95	1.37	97.66
16	0.04	1.12	2.15	96.69
17	0.02	0.87	1.45	97.66
18	0.10	1.46	2.80	95.64
19	0.11	1.75	2.61	95.53
20	0.12	2.07	2.96	94.85
21	0.08	1.50	1.95	96.46
22	0.21	1.51	2.63	95.65
23	0.15	1.42	2.71	95.72
24	0.23	1.37	2.45	95.95
25	0.18	1.27	1.92	96.63
26	0.36	1.20	2.58	95.85
27	0.34	1.16	2.51	95.98
28	0.25	1.08	1.76	96.92
29	0.75	1.12	2.77	95.36
30	0.68	1.62	3.89	93.81
31	0.74	1.51	3.35	94.40
32	0.93	1.66	3.43	93.98
33	0.72	1.91	3.92	93.45
34	0.69	1.57	3.34	94.39
35	0.35	1.20	2.36	96.09
36	0.61	1.22	3.55	94.62
37	0.63	0.98	2.88	95.51
38	0.47	1.00	2.61	95.93
39	0.34	0.96	2.10	96.60
40	0.61	1.03	3.49	94.87
41	0.72	1.31	3.97	94.01
42	0.77	1.51	4.33	93.39
43	0.74	1.55	4.48	93.23
44	0.92	1.90	5.21	91.97
45	0.98	2.06	5.93	91.03
46	1.44	3.13	9.98	85.45
47	1.88	6.34	15.85	75.93
48	2.11	11.96	21.78	64.16
49	2.46	20.90	25.71	50.93
50	3.15	35.14	23.68	38.03
51	4.23	47.57	19.47	28.73
52	5.46	53.70	17.66	23.18
53	6.02	59.05	15.82	19.11
54	6.17	62.83	14.58	16.41
55	6.27	64.64	14.85	14.24
56	5.55	65.60	15.57	13.29
57	4.74	65.60	16.92	12.74
58	4.27	63.26	19.47	13.00
59	2.97	57.68	24.11	15.24
60	3.04	50.91	27.05	18.99
61	1.97	41.42	30.53	26.08
62	2.16	31.91	31.12	34.81
63	1.85	24.47	29.87	43.81
64	1.32	17.75	26.92	54.01
65	1.40	12.74	22.43	63.43
66	1.42	10.12	19.35	69.11
67	1.20	7.52	16.86	74.42
68	1.08	5.88	14.65	78.39
69	1.10	5.00	13.45	80.45
70	0.94	4.06	17.92	77.08
71	1.20	4.16	13.37	81.27
72	0.87	3.93	11.69	83.51
73	0.71	3.64	10.17	85.49
74	0.74	3.47	9.87	85.92
75	0.83	3.36	10.20	85.61
76	0.76	3.00	9.77	86.47
77	0.80	2.73	9.32	87.15
78	0.86	2.75	9.94	86.46
79	0.86	2.84	9.99	86.30
80	0.83	2.64	9.75	86.79
81	0.82	2.46	9.55	87.17
82	0.85	2.69	10.02	86.45
83	0.83	2.84	9.38	86.96
84	0.81	2.65	9.12	87.42
85	0.88	2.56	9.50	87.06
86	0.85	2.49	9.49	87.18
87	0.87	2.34	9.29	87.50
88	0.85	2.23	8.82	88.10
89	0.80	2.05	8.23	88.92
90	0.82	2.03	7.97	89.19
91	0.87	2.09	8.14	88.90
92	0.93	2.19	8.43	88.45
93	0.92	2.18	8.55	88.35
94	0.93	2.22	8.64	88.22
95	1.52	3.51	12.97	82.00




