Parameters
	Library type	Single-end
	Input file	/Volumes/wdhd/users/joaks1/projects/gekgo/data/genomes/msg/plate1/demultiplexed-raw/fastq/SP_6891_Cyrtodactylus_baluensis_Kinabalu_R1.fq
	Primer/Adaptor library	NA
	Cut-off read length for HQ	70%
	Cut-off quality score	20
	Only statistics	On
	Number of processes	2


QC statistics
	File name	SP_6891_Cyrtodactylus_baluensis_Kinabalu_R1.fq
	Total number of reads	91940
	Total number of HQ reads	89509
	Percentage of HQ reads	97.36%
	Total number of bases	8734300
	Total number of bases in HQ reads	8503355
	Total number of HQ bases in HQ reads	7616820
	Percentage of HQ bases in HQ reads	89.57%
	Number of Primer/Adaptor contaminated HQ reads	NA
	Total number of HQ filtered reads	89509
	Percentage of HQ filtered reads	97.36%


Detailed QC statistics
	File name	SP_6891_Cyrtodactylus_baluensis_Kinabalu_R1.fq
	Minimum read length	95
	Maximum read length	95
	Average read length	95.00
	Total number of reads	91940
	Total number of reads with non-ATGC bases	41
	Percentage of reads with non-ATGC bases	0.04%
	Total number of bases	8734300
	Total number of HQ bases	7755946
	Percentage of HQ bases	88.80%
	Total number of non-ATGC bases	186
	Percentage of non-ATGC bases	0.00%


Average quality score at each base position of input reads

SP_6891_Cyrtodactylus_baluensis_Kinabalu_R1.fq
36.25	36.12	36.85	36.17	36.85	36.91	36.68	39.10	38.36	37.97	38.14	38.46	38.32	38.26	38.33	37.93	38.15	37.47	37.33	37.09	37.59	37.00	37.09	37.16	37.45	37.25	37.32	37.76	36.85	36.51	36.72	36.73	36.54	36.77	37.29	36.86	37.08	37.37	37.71	36.99	36.85	36.72	36.68	36.32	36.06	34.72	32.92	30.61	28.09	25.04	22.60	21.12	20.03	19.29	18.90	18.82	18.85	19.10	20.05	21.06	22.96	24.90	26.79	28.70	30.41	31.48	32.51	33.28	33.65	32.74	33.22	33.80	34.23	34.34	34.23	34.34	34.37	34.16	34.11	34.15	34.14	33.98	33.99	34.06	33.93	33.96	34.01	34.07	34.21	34.23	34.16	34.06	34.02	33.98	32.86	




Read count (%) per base for different quality score ranges

	SP_6891_Cyrtodactylus_baluensis_Kinabalu_R1.fq
Ranges	0-10	11-20	21-30	31-40
Base
1	0.00	0.47	0.58	98.95
2	0.00	0.18	0.19	99.63
3	0.00	0.16	0.24	99.59
4	0.00	0.49	1.09	98.42
5	0.00	0.16	0.37	99.46
6	0.00	0.10	0.20	99.70
7	0.01	0.52	0.92	98.55
8	0.00	0.63	0.71	98.66
9	0.03	0.96	1.53	97.48
10	0.02	1.31	1.71	96.96
11	0.01	1.12	1.33	97.54
12	0.01	0.68	1.20	98.12
13	0.02	0.81	1.69	97.48
14	0.02	1.07	1.60	97.31
15	0.01	0.95	1.34	97.70
16	0.04	1.04	1.97	96.95
17	0.01	0.86	1.30	97.83
18	0.11	1.31	2.61	95.97
19	0.08	1.79	2.50	95.63
20	0.09	2.09	3.01	94.82
21	0.07	1.55	1.92	96.45
22	0.12	1.64	2.47	95.76
23	0.09	1.45	2.54	95.92
24	0.15	1.48	2.34	96.03
25	0.13	1.34	1.86	96.67
26	0.22	1.32	2.49	95.98
27	0.24	1.26	2.36	96.14
28	0.17	1.05	1.67	97.11
29	0.54	1.20	2.55	95.71
30	0.56	1.68	3.61	94.15
31	0.59	1.44	3.26	94.71
32	0.86	1.60	3.30	94.24
33	0.70	1.88	3.76	93.65
34	0.67	1.50	3.10	94.74
35	0.33	1.21	2.26	96.19
36	0.56	1.10	3.36	94.99
37	0.63	0.98	2.63	95.76
38	0.53	0.98	2.35	96.14
39	0.28	0.89	1.99	96.84
40	0.55	0.98	2.90	95.57
41	0.67	1.19	3.20	94.94
42	0.69	1.40	3.76	94.15
43	0.66	1.38	3.71	94.24
44	0.80	1.84	4.48	92.88
45	0.88	1.89	5.03	92.21
46	1.29	2.95	8.35	87.41
47	1.65	6.02	13.73	78.60
48	2.02	11.43	19.68	66.86
49	2.15	20.16	23.52	54.18
50	2.82	34.45	22.01	40.72
51	3.85	47.32	17.51	31.32
52	4.75	54.18	15.94	25.13
53	5.42	59.55	14.12	20.91
54	5.47	63.58	13.33	17.62
55	5.56	64.98	13.74	15.71
56	4.95	65.76	14.63	14.66
57	4.20	65.93	15.85	14.02
58	3.81	63.79	18.35	14.05
59	2.68	58.12	22.91	16.28
60	2.86	51.30	25.94	19.90
61	1.94	41.77	29.31	26.98
62	2.01	32.11	30.14	35.75
63	1.79	24.44	28.92	44.86
64	1.31	18.11	26.01	54.57
65	1.38	13.07	21.65	63.90
66	1.42	10.35	18.44	69.78
67	1.16	7.93	16.01	74.90
68	1.07	6.19	13.68	79.07
69	1.09	5.30	12.52	81.09
70	1.03	4.44	16.52	78.01
71	1.13	4.63	12.68	81.56
72	0.83	4.28	11.10	83.80
73	0.76	3.88	9.64	85.72
74	0.71	3.82	9.10	86.37
75	0.79	3.80	9.54	85.88
76	0.77	3.26	9.16	86.81
77	0.76	3.14	8.65	87.45
78	0.87	3.24	9.12	86.77
79	0.89	3.30	9.00	86.81
80	0.78	3.13	8.84	87.25
81	0.83	2.92	8.81	87.44
82	0.84	3.16	9.32	86.68
83	0.83	3.25	8.99	86.94
84	0.84	2.97	8.74	87.45
85	0.93	3.02	9.07	86.98
86	0.89	2.95	8.87	87.29
87	0.86	2.84	8.75	87.55
88	0.83	2.62	8.54	88.00
89	0.75	2.38	7.89	88.97
90	0.82	2.32	7.67	89.19
91	0.81	2.45	8.05	88.69
92	0.89	2.46	8.36	88.28
93	0.91	2.45	8.58	88.06
94	0.91	2.54	8.48	88.07
95	1.49	3.57	12.75	82.19




