Parameters
	Library type	Single-end
	Input file	/Volumes/wdhd/users/joaks1/projects/gekgo/data/genomes/msg/plate1/demultiplexed-raw/fastq/SP_6906_Cyrtodactylus_baluensis_Kinabalu_R1.fq
	Primer/Adaptor library	NA
	Cut-off read length for HQ	70%
	Cut-off quality score	20
	Only statistics	On
	Number of processes	2


QC statistics
	File name	SP_6906_Cyrtodactylus_baluensis_Kinabalu_R1.fq
	Total number of reads	353181
	Total number of HQ reads	345457
	Percentage of HQ reads	97.81%
	Total number of bases	33552195
	Total number of bases in HQ reads	32818415
	Total number of HQ bases in HQ reads	29386745
	Percentage of HQ bases in HQ reads	89.54%
	Number of Primer/Adaptor contaminated HQ reads	NA
	Total number of HQ filtered reads	345457
	Percentage of HQ filtered reads	97.81%


Detailed QC statistics
	File name	SP_6906_Cyrtodactylus_baluensis_Kinabalu_R1.fq
	Minimum read length	95
	Maximum read length	95
	Average read length	95.00
	Total number of reads	353181
	Total number of reads with non-ATGC bases	169
	Percentage of reads with non-ATGC bases	0.05%
	Total number of bases	33552195
	Total number of HQ bases	29826113
	Percentage of HQ bases	88.89%
	Total number of non-ATGC bases	824
	Percentage of non-ATGC bases	0.00%


Average quality score at each base position of input reads

SP_6906_Cyrtodactylus_baluensis_Kinabalu_R1.fq
35.96	35.31	36.83	36.14	36.88	36.92	36.70	39.10	38.37	37.99	38.13	38.44	38.31	38.26	38.31	37.87	38.07	37.38	37.27	37.08	37.58	36.98	37.08	37.15	37.45	37.24	37.30	37.73	36.79	36.47	36.68	36.70	36.52	36.74	37.26	36.80	37.05	37.35	37.66	36.90	36.75	36.61	36.57	36.24	35.93	34.56	32.74	30.48	27.93	24.93	22.47	21.04	19.95	19.22	18.80	18.77	18.81	19.09	20.05	21.06	22.95	24.89	26.72	28.65	30.38	31.45	32.49	33.23	33.65	32.73	33.20	33.75	34.19	34.30	34.20	34.30	34.35	34.13	34.11	34.12	34.17	34.02	34.02	34.08	33.97	34.00	34.06	34.13	34.24	34.27	34.19	34.11	34.07	34.02	32.90	




Read count (%) per base for different quality score ranges

	SP_6906_Cyrtodactylus_baluensis_Kinabalu_R1.fq
Ranges	0-10	11-20	21-30	31-40
Base
1	0.00	0.43	0.72	98.84
2	0.00	0.13	0.26	99.61
3	0.00	0.12	0.22	99.66
4	0.00	0.41	1.07	98.52
5	0.00	0.11	0.30	99.59
6	0.00	0.06	0.20	99.74
7	0.00	0.45	0.92	98.63
8	0.00	0.63	0.69	98.68
9	0.02	0.95	1.51	97.51
10	0.02	1.20	1.64	97.14
11	0.01	1.09	1.28	97.62
12	0.01	0.66	1.15	98.18
13	0.03	0.75	1.71	97.51
14	0.02	0.98	1.59	97.41
15	0.02	0.89	1.31	97.79
16	0.05	1.01	2.08	96.86
17	0.02	0.86	1.36	97.75
18	0.08	1.43	2.69	95.80
19	0.09	1.72	2.58	95.61
20	0.09	1.98	2.84	95.08
21	0.07	1.47	1.90	96.56
22	0.15	1.55	2.49	95.82
23	0.10	1.42	2.50	95.99
24	0.16	1.43	2.26	96.15
25	0.12	1.32	1.83	96.72
26	0.22	1.27	2.48	96.03
27	0.24	1.22	2.37	96.17
28	0.19	1.07	1.64	97.11
29	0.60	1.16	2.62	95.62
30	0.55	1.65	3.56	94.24
31	0.61	1.45	3.20	94.73
32	0.91	1.60	3.30	94.20
33	0.67	1.84	3.86	93.63
34	0.64	1.52	3.17	94.66
35	0.31	1.22	2.28	96.18
36	0.54	1.15	3.34	94.97
37	0.58	0.94	2.74	95.74
38	0.46	0.95	2.42	96.17
39	0.29	0.93	1.97	96.81
40	0.57	0.99	3.09	95.36
41	0.67	1.25	3.58	94.50
42	0.68	1.47	4.02	93.83
43	0.64	1.48	4.02	93.86
44	0.81	1.83	4.68	92.68
45	0.91	1.95	5.31	91.83
46	1.33	3.00	8.87	86.81
47	1.71	6.33	14.14	77.83
48	2.04	11.83	19.80	66.33
49	2.26	20.50	23.74	53.51
50	2.97	34.71	22.08	40.24
51	4.17	47.42	17.71	30.70
52	5.19	53.70	16.28	24.83
53	5.76	59.23	14.43	20.58
54	5.97	63.04	13.62	17.37
55	5.94	64.92	13.87	15.26
56	5.31	65.43	14.78	14.48
57	4.52	65.64	15.96	13.88
58	4.07	63.53	18.34	14.06
59	2.77	57.99	23.03	16.21
60	2.95	51.14	26.10	19.81
61	1.93	41.56	29.71	26.80
62	2.02	31.89	30.50	35.59
63	1.80	24.56	29.07	44.57
64	1.26	18.05	26.52	54.16
65	1.30	12.98	21.98	63.74
66	1.39	10.20	18.90	69.51
67	1.12	7.61	16.40	74.87
68	1.03	5.93	14.16	78.88
69	1.03	4.98	12.72	81.27
70	0.96	4.14	16.81	78.09
71	1.12	4.29	12.96	81.63
72	0.83	4.15	11.24	83.78
73	0.69	3.74	9.89	85.68
74	0.75	3.49	9.45	86.32
75	0.78	3.47	9.85	85.90
76	0.74	3.09	9.29	86.87
77	0.78	2.80	8.86	87.56
78	0.85	2.97	9.42	86.76
79	0.82	2.96	9.39	86.82
80	0.76	2.80	9.41	87.03
81	0.78	2.49	9.10	87.63
82	0.80	2.77	9.46	86.97
83	0.80	2.89	9.14	87.18
84	0.79	2.70	8.91	87.60
85	0.84	2.71	9.31	87.14
86	0.84	2.55	9.13	87.48
87	0.79	2.44	8.98	87.78
88	0.80	2.24	8.59	88.37
89	0.75	2.04	7.99	89.21
90	0.78	2.00	7.73	89.49
91	0.84	2.16	7.96	89.05
92	0.86	2.23	8.32	88.60
93	0.84	2.24	8.44	88.48
94	0.89	2.21	8.64	88.25
95	1.43	3.33	12.84	82.40




