Parameters
	Library type	Single-end
	Input file	jamie_no-index_L007_R1_0039.fastq
	Primer/Adaptor library	NA
	Cut-off read length for HQ	70%
	Cut-off quality score	20
	Only statistics	On
	Number of processes	2


QC statistics
	File name	jamie_no-index_L007_R1_0039.fastq
	Total number of reads	4000000
	Total number of HQ reads	3715278
	Percentage of HQ reads	92.88%
	Total number of bases	404000000
	Total number of bases in HQ reads	375243078
	Total number of HQ bases in HQ reads	371903545
	Percentage of HQ bases in HQ reads	99.11%
	Number of Primer/Adaptor contaminated HQ reads	NA
	Total number of HQ filtered reads	3715278
	Percentage of HQ filtered reads	92.88%


Detailed QC statistics
	File name	jamie_no-index_L007_R1_0039.fastq
	Minimum read length	101
	Maximum read length	101
	Average read length	101.00
	Total number of reads	4000000
	Total number of reads with non-ATGC bases	7534
	Percentage of reads with non-ATGC bases	0.19%
	Total number of bases	404000000
	Total number of HQ bases	387451419
	Percentage of HQ bases	95.90%
	Total number of non-ATGC bases	81511
	Percentage of non-ATGC bases	0.02%


Average quality score at each base position of input reads

jamie_no-index_L007_R1_0039.fastq
32.65	32.75	32.69	36.58	36.54	36.80	36.35	36.74	36.73	36.76	36.66	36.62	36.59	38.86	38.88	38.86	38.83	38.77	38.74	38.80	38.79	38.70	38.76	38.70	38.74	38.69	38.67	38.46	38.54	38.55	38.56	38.53	38.52	38.51	38.25	38.32	38.42	38.44	38.30	38.31	38.22	38.15	38.26	38.26	38.12	37.84	38.00	38.00	38.03	37.94	37.82	37.13	36.84	36.67	36.58	36.54	36.48	36.36	36.28	36.23	36.20	36.08	36.12	36.09	36.03	35.96	35.86	35.73	35.63	35.46	35.34	35.19	35.10	34.97	34.87	33.23	33.93	34.33	34.37	34.32	34.27	34.17	34.08	34.00	33.94	33.87	33.82	33.75	33.74	33.68	33.62	33.55	33.50	33.45	33.44	33.45	33.43	33.39	33.35	33.33	32.70	




Read count (%) per base for different quality score ranges

	jamie_no-index_L007_R1_0039.fastq
Ranges	0-10	11-20	21-30	31-40
Base
1	0.05	0.74	3.15	96.06
2	0.00	0.66	2.08	97.27
3	0.04	0.71	2.56	96.69
4	0.00	0.78	1.06	98.16
5	0.00	0.79	1.31	97.90
6	0.04	0.47	0.31	99.19
7	0.06	0.96	0.98	98.00
8	0.06	0.55	0.46	98.93
9	0.09	0.44	0.63	98.84
10	0.05	0.37	0.60	98.98
11	0.04	0.35	1.08	98.53
12	0.04	0.43	1.22	98.31
13	0.04	0.48	1.28	98.20
14	0.04	0.53	1.38	98.04
15	0.05	0.49	1.34	98.12
16	0.05	0.54	1.41	98.01
17	0.05	0.52	1.41	98.01
18	0.06	0.53	1.50	97.91
19	0.10	0.62	1.64	97.65
20	0.07	0.57	1.51	97.85
21	0.10	0.52	1.54	97.84
22	0.08	0.67	1.65	97.61
23	0.08	0.57	1.52	97.83
24	0.10	0.66	1.66	97.59
25	0.12	0.60	1.58	97.70
26	0.18	0.66	1.49	97.66
27	0.24	0.63	1.54	97.59
28	0.39	0.83	1.73	97.04
29	0.32	0.75	1.72	97.21
30	0.39	0.71	1.71	97.19
31	0.38	0.67	1.69	97.26
32	0.38	0.65	1.70	97.27
33	0.41	0.62	1.67	97.30
34	0.43	0.62	1.73	97.21
35	0.65	0.83	2.00	96.51
36	0.57	0.70	1.92	96.81
37	0.54	0.64	1.81	97.01
38	0.57	0.60	1.82	97.01
39	0.62	0.68	2.04	96.67
40	0.65	0.66	2.01	96.67
41	0.73	0.73	2.19	96.35
42	0.75	0.74	2.24	96.27
43	0.68	0.67	2.09	96.56
44	0.69	0.66	2.07	96.58
45	0.76	0.79	2.38	96.07
46	0.97	0.95	2.81	95.26
47	0.78	0.80	2.51	95.91
48	0.77	0.78	2.62	95.82
49	0.74	0.75	2.62	95.88
50	0.84	0.80	2.86	95.50
51	0.91	0.96	2.96	95.17
52	2.06	1.79	4.09	92.05
53	2.61	2.71	4.07	90.61
54	3.00	3.30	3.34	90.35
55	3.14	3.72	2.91	90.23
56	3.31	3.44	3.16	90.09
57	3.54	3.14	3.30	90.03
58	3.94	2.81	3.42	89.83
59	4.24	2.43	3.62	89.71
60	4.35	2.38	3.58	89.69
61	4.30	2.47	3.55	89.68
62	4.33	2.50	3.77	89.40
63	4.29	2.44	3.56	89.72
64	4.25	2.50	3.56	89.68
65	4.28	2.49	3.60	89.62
66	4.26	2.52	3.65	89.57
67	4.38	2.47	3.62	89.53
68	4.39	2.54	3.74	89.32
69	4.40	2.52	3.83	89.25
70	4.48	2.55	3.98	88.99
71	4.54	2.55	3.97	88.93
72	4.64	2.54	4.08	88.73
73	4.56	2.63	4.06	88.74
74	4.63	2.60	4.18	88.59
75	4.63	2.56	4.15	88.66
76	4.63	3.05	7.40	84.93
77	4.60	2.87	5.35	87.18
78	4.59	2.72	4.69	88.00
79	4.61	2.68	4.49	88.22
80	4.62	2.66	4.39	88.33
81	4.62	2.64	4.33	88.41
82	4.68	2.67	4.41	88.24
83	4.69	2.74	4.52	88.06
84	4.70	2.78	4.57	87.95
85	4.73	2.75	4.65	87.87
86	4.75	2.80	4.72	87.73
87	4.78	2.82	4.77	87.63
88	4.82	2.88	4.87	87.42
89	4.84	2.86	4.85	87.45
90	4.90	2.90	4.90	87.29
91	4.94	2.95	5.04	87.07
92	4.98	3.02	5.13	86.87
93	4.99	3.07	5.28	86.66
94	5.07	3.10	5.34	86.50
95	5.10	3.10	5.31	86.49
96	5.05	3.14	5.25	86.56
97	5.06	3.15	5.28	86.51
98	5.13	3.19	5.33	86.35
99	5.19	3.20	5.38	86.22
100	5.21	3.25	5.40	86.14
101	5.45	3.61	6.77	84.17




