Parameters
	Library type	Single-end
	Input file	jamie_no-index_L007_R1_0016.fastq
	Primer/Adaptor library	NA
	Cut-off read length for HQ	70%
	Cut-off quality score	20
	Only statistics	On
	Number of processes	2


QC statistics
	File name	jamie_no-index_L007_R1_0016.fastq
	Total number of reads	4000000
	Total number of HQ reads	3729906
	Percentage of HQ reads	93.25%
	Total number of bases	404000000
	Total number of bases in HQ reads	376720506
	Total number of HQ bases in HQ reads	373421219
	Percentage of HQ bases in HQ reads	99.12%
	Number of Primer/Adaptor contaminated HQ reads	NA
	Total number of HQ filtered reads	3729906
	Percentage of HQ filtered reads	93.25%


Detailed QC statistics
	File name	jamie_no-index_L007_R1_0016.fastq
	Minimum read length	101
	Maximum read length	101
	Average read length	101.00
	Total number of reads	4000000
	Total number of reads with non-ATGC bases	6209
	Percentage of reads with non-ATGC bases	0.16%
	Total number of bases	404000000
	Total number of HQ bases	388079388
	Percentage of HQ bases	96.06%
	Total number of non-ATGC bases	34639
	Percentage of non-ATGC bases	0.01%


Average quality score at each base position of input reads

jamie_no-index_L007_R1_0016.fastq
32.70	32.77	32.76	36.61	36.58	36.83	36.34	36.76	36.76	36.77	36.70	36.65	36.61	38.94	38.92	38.96	38.92	38.87	38.84	38.89	38.86	38.77	38.85	38.78	38.82	38.78	38.78	38.53	38.64	38.64	38.64	38.57	38.57	38.55	38.30	38.39	38.45	38.46	38.36	38.33	38.27	38.19	38.28	38.29	38.11	37.81	38.03	38.08	38.06	37.94	37.72	37.16	36.85	36.74	36.69	36.68	36.60	36.47	36.43	36.37	36.32	36.20	36.23	36.21	36.13	36.03	35.94	35.83	35.73	35.58	35.43	35.26	35.15	35.04	34.91	33.12	33.91	34.34	34.42	34.38	34.32	34.24	34.15	34.08	33.98	33.94	33.90	33.83	33.81	33.77	33.74	33.66	33.58	33.56	33.54	33.51	33.43	33.41	33.42	33.37	32.76	




Read count (%) per base for different quality score ranges

	jamie_no-index_L007_R1_0016.fastq
Ranges	0-10	11-20	21-30	31-40
Base
1	0.03	0.63	2.84	96.50
2	0.00	0.58	1.99	97.43
3	0.00	0.58	2.17	97.25
4	0.07	0.64	0.94	98.35
5	0.00	0.75	1.14	98.11
6	0.02	0.35	0.31	99.32
7	0.04	0.87	1.02	98.08
8	0.03	0.46	0.46	99.05
9	0.05	0.38	0.59	98.98
10	0.02	0.36	0.67	98.95
11	0.02	0.29	0.99	98.71
12	0.02	0.39	1.12	98.47
13	0.02	0.46	1.24	98.28
14	0.03	0.45	1.25	98.27
15	0.03	0.48	1.31	98.18
16	0.03	0.45	1.25	98.27
17	0.03	0.44	1.27	98.25
18	0.05	0.44	1.33	98.18
19	0.07	0.52	1.49	97.91
20	0.05	0.49	1.37	98.09
21	0.08	0.48	1.45	97.99
22	0.05	0.61	1.54	97.79
23	0.05	0.50	1.37	98.07
24	0.07	0.57	1.51	97.85
25	0.09	0.57	1.46	97.88
26	0.13	0.61	1.36	97.91
27	0.17	0.58	1.37	97.88
28	0.36	0.78	1.67	97.18
29	0.29	0.66	1.55	97.50
30	0.36	0.65	1.56	97.42
31	0.34	0.62	1.56	97.48
32	0.38	0.62	1.65	97.35
33	0.38	0.62	1.61	97.39
34	0.42	0.59	1.65	97.35
35	0.63	0.81	1.93	96.62
36	0.52	0.67	1.83	96.98
37	0.54	0.61	1.78	97.08
38	0.54	0.60	1.78	97.07
39	0.59	0.64	1.97	96.80
40	0.66	0.67	1.98	96.69
41	0.70	0.72	2.11	96.46
42	0.72	0.73	2.20	96.35
43	0.64	0.70	2.07	96.60
44	0.65	0.65	2.02	96.67
45	0.79	0.77	2.37	96.07
46	1.06	0.97	2.84	95.13
47	0.75	0.81	2.46	95.99
48	0.70	0.74	2.48	96.08
49	0.72	0.73	2.56	95.99
50	0.86	0.80	2.83	95.52
51	1.05	1.05	3.07	94.82
52	2.09	1.83	3.93	92.14
53	2.80	2.79	3.55	90.86
54	3.07	3.20	3.01	90.72
55	3.21	3.42	2.63	90.74
56	3.31	3.20	2.77	90.73
57	3.47	2.97	2.99	90.57
58	3.83	2.65	3.23	90.29
59	4.12	2.25	3.30	90.33
60	4.19	2.26	3.32	90.24
61	4.13	2.34	3.36	90.18
62	4.19	2.36	3.56	89.89
63	4.14	2.34	3.39	90.13
64	4.12	2.34	3.37	90.17
65	4.14	2.36	3.48	90.03
66	4.18	2.39	3.52	89.91
67	4.18	2.40	3.61	89.82
68	4.23	2.37	3.65	89.75
69	4.26	2.38	3.66	89.70
70	4.29	2.40	3.87	89.44
71	4.37	2.41	3.92	89.29
72	4.46	2.45	4.06	89.02
73	4.46	2.47	4.09	88.97
74	4.46	2.50	4.09	88.95
75	4.51	2.47	4.12	88.90
76	4.41	3.01	7.91	84.67
77	4.43	2.69	5.40	87.48
78	4.43	2.66	4.78	88.12
79	4.45	2.57	4.51	88.48
80	4.45	2.58	4.43	88.54
81	4.44	2.60	4.33	88.62
82	4.46	2.62	4.41	88.52
83	4.48	2.66	4.56	88.30
84	4.53	2.65	4.54	88.28
85	4.58	2.70	4.68	88.04
86	4.57	2.71	4.73	88.00
87	4.58	2.72	4.73	87.96
88	4.65	2.77	4.85	87.74
89	4.68	2.76	4.81	87.75
90	4.67	2.81	4.90	87.61
91	4.71	2.80	4.90	87.59
92	4.80	2.84	5.03	87.33
93	4.85	2.95	5.20	87.00
94	4.87	2.95	5.21	86.97
95	4.87	2.99	5.24	86.90
96	4.91	2.99	5.25	86.84
97	4.97	3.10	5.41	86.52
98	5.01	3.12	5.42	86.45
99	4.98	3.15	5.39	86.48
100	4.99	3.24	5.48	86.29
101	5.26	3.51	6.89	84.34




