Parameters
	Library type	Single-end
	Input file	/Volumes/wdhd/users/joaks1/projects/gekgo/data/genomes/msg/plate2/raw/jamie_no-index_L007_R1_0001.fastq
	Primer/Adaptor library	NA
	Cut-off read length for HQ	70%
	Cut-off quality score	20
	Only statistics	On
	Number of processes	2


QC statistics
	File name	jamie_no-index_L007_R1_0001.fastq
	Total number of reads	4000000
	Total number of HQ reads	3702788
	Percentage of HQ reads	92.57%
	Total number of bases	404000000
	Total number of bases in HQ reads	373981588
	Total number of HQ bases in HQ reads	370875610
	Percentage of HQ bases in HQ reads	99.17%
	Number of Primer/Adaptor contaminated HQ reads	NA
	Total number of HQ filtered reads	3702788
	Percentage of HQ filtered reads	92.57%


Detailed QC statistics
	File name	jamie_no-index_L007_R1_0001.fastq
	Minimum read length	101
	Maximum read length	101
	Average read length	101.00
	Total number of reads	4000000
	Total number of reads with non-ATGC bases	6002
	Percentage of reads with non-ATGC bases	0.15%
	Total number of bases	404000000
	Total number of HQ bases	386926345
	Percentage of HQ bases	95.77%
	Total number of non-ATGC bases	40287
	Percentage of non-ATGC bases	0.01%


Average quality score at each base position of input reads

jamie_no-index_L007_R1_0001.fastq
32.68	32.76	32.76	36.63	36.62	36.84	36.35	36.78	36.79	36.77	36.72	36.69	36.66	39.02	39.02	39.05	39.01	38.91	38.89	38.98	38.97	38.86	38.94	38.89	38.93	38.85	38.83	38.60	38.69	38.72	38.70	38.62	38.65	38.62	38.34	38.45	38.48	38.52	38.40	38.38	38.26	38.23	38.30	38.35	38.12	37.76	38.00	38.06	38.09	37.90	37.68	37.16	36.79	36.66	36.56	36.55	36.50	36.37	36.33	36.27	36.22	36.09	36.10	36.05	35.95	35.90	35.81	35.69	35.57	35.41	35.30	35.17	35.05	34.94	34.79	32.92	33.76	34.22	34.30	34.24	34.20	34.10	34.02	33.91	33.83	33.77	33.74	33.68	33.65	33.60	33.54	33.52	33.47	33.44	33.36	33.32	33.27	33.28	33.25	33.19	32.51	




Read count (%) per base for different quality score ranges

	jamie_no-index_L007_R1_0001.fastq
Ranges	0-10	11-20	21-30	31-40
Base
1	0.10	0.66	2.64	96.60
2	0.00	0.64	1.95	97.41
3	0.00	0.61	2.03	97.36
4	0.00	0.71	0.89	98.40
5	0.00	0.68	1.03	98.29
6	0.02	0.37	0.30	99.32
7	0.04	0.87	0.96	98.13
8	0.03	0.43	0.42	99.12
9	0.04	0.32	0.50	99.13
10	0.02	0.34	0.67	98.97
11	0.02	0.28	0.91	98.79
12	0.02	0.35	0.99	98.63
13	0.02	0.39	1.09	98.50
14	0.03	0.42	1.13	98.41
15	0.03	0.42	1.13	98.42
16	0.03	0.42	1.13	98.43
17	0.03	0.39	1.12	98.46
18	0.05	0.44	1.26	98.26
19	0.07	0.50	1.38	98.05
20	0.04	0.43	1.19	98.33
21	0.07	0.40	1.24	98.29
22	0.05	0.53	1.36	98.05
23	0.05	0.43	1.22	98.30
24	0.06	0.49	1.32	98.12
25	0.08	0.48	1.28	98.16
26	0.13	0.57	1.29	98.01
27	0.19	0.54	1.31	97.97
28	0.37	0.74	1.55	97.34
29	0.30	0.63	1.47	97.60
30	0.34	0.58	1.43	97.66
31	0.33	0.57	1.45	97.64
32	0.37	0.58	1.54	97.52
33	0.37	0.55	1.47	97.61
34	0.40	0.54	1.53	97.54
35	0.66	0.79	1.83	96.73
36	0.50	0.63	1.71	97.15
37	0.58	0.59	1.71	97.12
38	0.53	0.56	1.65	97.26
39	0.61	0.61	1.86	96.92
40	0.65	0.67	1.88	96.80
41	0.76	0.73	2.11	96.40
42	0.72	0.72	2.12	96.44
43	0.68	0.67	2.02	96.63
44	0.61	0.63	1.90	96.85
45	0.82	0.77	2.34	96.07
46	1.21	1.03	2.88	94.88
47	0.82	0.85	2.49	95.85
48	0.74	0.76	2.48	96.02
49	0.70	0.72	2.52	96.06
50	0.94	0.82	2.91	95.33
51	1.13	1.11	3.10	94.66
52	2.16	1.89	4.00	91.95
53	3.00	2.93	3.56	90.51
54	3.26	3.43	3.02	90.29
55	3.55	3.66	2.59	90.20
56	3.63	3.48	2.69	90.20
57	3.84	3.15	2.85	90.16
58	4.25	2.81	3.02	89.93
59	4.58	2.35	3.11	89.95
60	4.52	2.42	3.26	89.80
61	4.46	2.47	3.33	89.74
62	4.55	2.51	3.45	89.49
63	4.57	2.46	3.25	89.72
64	4.60	2.47	3.28	89.65
65	4.60	2.54	3.45	89.40
66	4.63	2.50	3.38	89.49
67	4.67	2.50	3.40	89.43
68	4.70	2.54	3.49	89.27
69	4.75	2.53	3.56	89.17
70	4.80	2.56	3.78	88.86
71	4.85	2.55	3.68	88.93
72	4.90	2.55	3.76	88.79
73	4.91	2.58	3.78	88.72
74	4.94	2.59	3.80	88.68
75	4.97	2.57	3.91	88.56
76	4.85	3.03	7.76	84.35
77	4.89	2.81	5.11	87.19
78	4.91	2.75	4.48	87.86
79	4.92	2.71	4.20	88.17
80	4.94	2.70	4.16	88.19
81	4.93	2.70	4.05	88.32
82	4.99	2.71	4.16	88.15
83	5.03	2.74	4.20	88.03
84	5.07	2.81	4.37	87.76
85	5.12	2.82	4.43	87.63
86	5.14	2.84	4.53	87.48
87	5.14	2.86	4.53	87.47
88	5.19	2.90	4.58	87.34
89	5.20	2.90	4.64	87.26
90	5.22	2.94	4.73	87.11
91	5.26	2.99	4.82	86.93
92	5.27	3.01	4.84	86.88
93	5.32	3.01	4.94	86.72
94	5.37	3.04	4.93	86.66
95	5.44	3.13	5.07	86.36
96	5.45	3.16	5.17	86.22
97	5.46	3.21	5.25	86.08
98	5.51	3.18	5.14	86.17
99	5.56	3.22	5.22	86.00
100	5.60	3.29	5.32	85.78
101	5.86	3.69	6.96	83.49




