Parameters
	Library type	Single-end
	Input file	jamie_no-index_L007_R1_0007.fastq
	Primer/Adaptor library	NA
	Cut-off read length for HQ	70%
	Cut-off quality score	20
	Only statistics	On
	Number of processes	2


QC statistics
	File name	jamie_no-index_L007_R1_0007.fastq
	Total number of reads	4000000
	Total number of HQ reads	3672926
	Percentage of HQ reads	91.82%
	Total number of bases	404000000
	Total number of bases in HQ reads	370965526
	Total number of HQ bases in HQ reads	366115428
	Percentage of HQ bases in HQ reads	98.69%
	Number of Primer/Adaptor contaminated HQ reads	NA
	Total number of HQ filtered reads	3672926
	Percentage of HQ filtered reads	91.82%


Detailed QC statistics
	File name	jamie_no-index_L007_R1_0007.fastq
	Minimum read length	101
	Maximum read length	101
	Average read length	101.00
	Total number of reads	4000000
	Total number of reads with non-ATGC bases	4902
	Percentage of reads with non-ATGC bases	0.12%
	Total number of bases	404000000
	Total number of HQ bases	384864364
	Percentage of HQ bases	95.26%
	Total number of non-ATGC bases	67063
	Percentage of non-ATGC bases	0.02%


Average quality score at each base position of input reads

jamie_no-index_L007_R1_0007.fastq
32.35	32.67	32.66	36.51	36.43	36.83	35.17	36.41	36.61	36.66	36.51	36.42	36.38	38.36	38.35	38.44	38.37	38.34	38.37	38.44	38.34	38.21	38.30	38.29	38.33	38.20	38.24	38.03	38.10	38.12	38.07	38.04	38.05	38.08	37.80	37.82	37.86	37.97	37.89	37.93	37.85	37.77	37.79	37.82	37.76	37.54	37.67	37.71	37.63	37.59	37.50	36.98	36.67	36.25	36.02	35.73	35.69	35.51	35.43	35.43	35.40	35.35	35.48	35.42	35.35	35.27	35.19	35.13	35.00	34.83	34.76	34.61	34.52	34.43	34.23	32.26	33.14	33.69	33.75	33.73	33.67	33.63	33.52	33.45	33.38	33.26	33.25	33.24	33.20	33.14	33.04	32.99	32.96	32.97	32.91	32.89	32.85	32.79	32.77	32.72	32.02	




Read count (%) per base for different quality score ranges

	jamie_no-index_L007_R1_0007.fastq
Ranges	0-10	11-20	21-30	31-40
Base
1	0.06	1.44	5.70	92.80
2	0.00	0.66	3.27	96.07
3	0.00	0.56	3.74	95.70
4	0.00	0.60	1.55	97.85
5	0.00	0.73	1.85	97.42
6	0.02	0.30	0.33	99.35
7	0.19	3.40	3.15	93.26
8	0.05	1.17	1.22	97.57
9	0.04	0.54	1.05	98.37
10	0.03	0.47	0.99	98.51
11	0.02	0.45	1.70	97.82
12	0.02	0.61	1.95	97.42
13	0.02	0.69	2.09	97.19
14	0.04	0.79	2.24	96.93
15	0.04	0.81	2.25	96.89
16	0.03	0.71	2.08	97.18
17	0.04	0.75	2.22	96.99
18	0.05	0.75	2.30	96.90
19	0.07	0.78	2.28	96.87
20	0.05	0.72	2.11	97.13
21	0.09	0.78	2.39	96.73
22	0.06	0.98	2.55	96.41
23	0.06	0.81	2.31	96.81
24	0.07	0.84	2.39	96.70
25	0.09	0.81	2.30	96.80
26	0.16	1.04	2.36	96.44
27	0.20	0.92	2.28	96.60
28	0.37	1.11	2.46	96.06
29	0.32	1.00	2.43	96.24
30	0.39	0.95	2.48	96.18
31	0.43	0.98	2.51	96.09
32	0.46	0.95	2.53	96.06
33	0.48	0.92	2.48	96.12
34	0.49	0.86	2.43	96.22
35	0.74	1.07	2.70	95.48
36	0.75	0.98	2.76	95.51
37	0.78	0.94	2.76	95.52
38	0.71	0.85	2.55	95.89
39	0.75	0.87	2.72	95.66
40	0.70	0.87	2.69	95.74
41	0.84	0.90	2.83	95.43
42	0.82	0.94	3.00	95.24
43	0.85	0.92	2.93	95.29
44	0.82	0.92	2.89	95.37
45	0.80	0.96	3.04	95.19
46	1.00	1.07	3.42	94.51
47	0.86	0.98	3.18	94.99
48	0.79	0.93	3.20	95.08
49	0.88	0.96	3.44	94.72
50	0.91	0.97	3.55	94.57
51	0.92	1.14	3.68	94.27
52	1.65	1.61	4.29	92.44
53	2.06	1.93	5.73	90.29
54	2.71	2.62	6.10	88.58
55	3.17	3.72	5.18	87.92
56	3.84	4.08	4.81	87.27
57	4.10	4.08	4.40	87.43
58	4.87	3.55	4.51	87.07
59	5.45	2.86	4.65	87.04
60	5.29	2.92	4.74	87.05
61	5.13	3.05	4.89	86.94
62	5.12	3.04	4.94	86.90
63	4.86	3.02	4.63	87.49
64	4.82	3.09	4.82	87.26
65	4.80	3.15	4.99	87.06
66	4.86	3.12	5.03	87.00
67	4.88	3.13	5.01	86.99
68	4.88	3.10	4.99	87.03
69	4.93	3.12	5.09	86.86
70	5.00	3.19	5.32	86.49
71	5.03	3.16	5.21	86.60
72	5.12	3.16	5.30	86.43
73	5.06	3.23	5.33	86.38
74	5.10	3.20	5.30	86.40
75	5.13	3.31	5.57	86.00
76	5.05	4.15	10.66	80.15
77	5.00	3.60	7.41	83.99
78	5.00	3.39	6.22	85.40
79	4.99	3.46	6.02	85.52
80	5.03	3.37	5.86	85.74
81	5.01	3.41	5.87	85.71
82	5.01	3.39	5.77	85.83
83	5.06	3.44	5.90	85.60
84	5.06	3.45	5.96	85.52
85	5.14	3.45	5.99	85.42
86	5.18	3.57	6.26	85.00
87	5.16	3.53	6.24	85.07
88	5.17	3.49	6.10	85.23
89	5.21	3.52	6.16	85.12
90	5.25	3.58	6.27	84.91
91	5.26	3.70	6.50	84.54
92	5.28	3.74	6.59	84.38
93	5.32	3.75	6.66	84.27
94	5.35	3.66	6.54	84.45
95	5.37	3.80	6.62	84.21
96	5.44	3.75	6.61	84.20
97	5.44	3.86	6.67	84.03
98	5.47	3.96	6.82	83.75
99	5.49	3.97	6.90	83.64
100	5.53	4.02	7.00	83.45
101	5.86	4.46	8.64	81.04




