Parameters
	Library type	Single-end
	Input file	jamie_no-index_L007_R1_0027.fastq
	Primer/Adaptor library	NA
	Cut-off read length for HQ	70%
	Cut-off quality score	20
	Only statistics	On
	Number of processes	2


QC statistics
	File name	jamie_no-index_L007_R1_0027.fastq
	Total number of reads	4000000
	Total number of HQ reads	3732622
	Percentage of HQ reads	93.32%
	Total number of bases	404000000
	Total number of bases in HQ reads	376994822
	Total number of HQ bases in HQ reads	372884340
	Percentage of HQ bases in HQ reads	98.91%
	Number of Primer/Adaptor contaminated HQ reads	NA
	Total number of HQ filtered reads	3732622
	Percentage of HQ filtered reads	93.32%


Detailed QC statistics
	File name	jamie_no-index_L007_R1_0027.fastq
	Minimum read length	101
	Maximum read length	101
	Average read length	101.00
	Total number of reads	4000000
	Total number of reads with non-ATGC bases	5122
	Percentage of reads with non-ATGC bases	0.13%
	Total number of bases	404000000
	Total number of HQ bases	387752858
	Percentage of HQ bases	95.98%
	Total number of non-ATGC bases	98663
	Percentage of non-ATGC bases	0.02%


Average quality score at each base position of input reads

jamie_no-index_L007_R1_0027.fastq
32.60	32.73	32.69	36.57	36.48	36.77	36.04	36.65	36.70	36.75	36.58	36.54	36.49	38.63	38.66	38.67	38.64	38.60	38.54	38.11	38.29	38.35	38.47	38.45	38.53	38.08	38.23	38.19	38.29	38.31	38.34	38.29	38.29	38.28	38.04	38.09	38.19	38.19	38.09	38.13	38.06	38.03	38.09	38.10	37.99	37.70	37.78	37.85	37.83	37.75	37.49	37.06	36.82	36.59	36.45	36.43	36.32	36.23	36.16	36.12	36.08	35.99	36.05	36.02	35.96	35.87	35.77	35.68	35.55	35.43	35.30	35.18	35.06	34.95	34.79	33.01	33.78	34.23	34.30	34.27	34.19	34.10	34.02	33.96	33.90	33.82	33.76	33.74	33.67	33.64	33.62	33.58	33.55	33.51	33.45	33.41	33.37	33.38	33.36	33.32	32.61	




Read count (%) per base for different quality score ranges

	jamie_no-index_L007_R1_0027.fastq
Ranges	0-10	11-20	21-30	31-40
Base
1	0.03	0.78	3.94	95.25
2	0.02	0.60	2.41	96.97
3	0.00	0.63	2.97	96.40
4	0.00	0.65	1.23	98.11
5	0.00	0.78	1.59	97.63
6	0.04	0.49	0.44	99.03
7	0.09	1.44	1.64	96.83
8	0.07	0.65	0.70	98.57
9	0.09	0.45	0.71	98.75
10	0.05	0.38	0.62	98.94
11	0.04	0.41	1.41	98.15
12	0.04	0.50	1.50	97.95
13	0.04	0.59	1.68	97.69
14	0.05	0.67	1.76	97.53
15	0.05	0.60	1.71	97.63
16	0.05	0.62	1.74	97.59
17	0.05	0.61	1.75	97.58
18	0.07	0.60	1.83	97.51
19	0.10	0.72	2.01	97.16
20	0.16	1.77	2.40	95.66
21	0.11	1.19	2.44	96.27
22	0.09	0.99	2.15	96.78
23	0.09	0.81	1.93	97.18
24	0.10	0.83	2.04	97.03
25	0.13	0.72	1.93	97.22
26	0.32	2.03	2.12	95.54
27	0.23	1.26	2.40	96.10
28	0.37	1.04	2.15	96.43
29	0.35	0.92	2.10	96.64
30	0.41	0.87	2.10	96.62
31	0.40	0.80	2.06	96.73
32	0.43	0.78	2.12	96.67
33	0.47	0.75	2.07	96.71
34	0.48	0.73	2.12	96.67
35	0.73	0.94	2.34	96.00
36	0.64	0.83	2.35	96.18
37	0.62	0.73	2.22	96.43
38	0.65	0.72	2.24	96.40
39	0.71	0.76	2.40	96.13
40	0.70	0.74	2.34	96.22
41	0.76	0.80	2.48	95.96
42	0.74	0.79	2.54	95.94
43	0.71	0.75	2.40	96.14
44	0.69	0.75	2.40	96.15
45	0.75	0.84	2.66	95.76
46	0.96	1.01	3.11	94.92
47	0.83	0.91	2.96	95.30
48	0.76	0.84	2.90	95.49
49	0.80	0.84	3.01	95.35
50	0.86	0.89	3.23	95.02
51	1.12	1.31	3.46	94.12
52	1.82	1.75	4.15	92.28
53	2.27	2.14	4.96	90.63
54	2.73	2.71	4.50	90.06
55	2.99	3.41	3.79	89.81
56	3.17	3.24	3.76	89.83
57	3.48	3.11	3.76	89.64
58	3.79	2.80	3.90	89.51
59	4.20	2.32	4.04	89.44
60	4.16	2.37	4.10	89.37
61	4.08	2.45	4.16	89.31
62	4.15	2.44	4.31	89.11
63	4.02	2.41	4.11	89.47
64	4.01	2.43	4.14	89.42
65	4.01	2.46	4.23	89.30
66	4.02	2.50	4.29	89.20
67	4.08	2.47	4.31	89.14
68	4.08	2.48	4.38	89.05
69	4.14	2.50	4.49	88.86
70	4.17	2.51	4.58	88.75
71	4.21	2.54	4.65	88.60
72	4.25	2.54	4.71	88.51
73	4.25	2.57	4.76	88.41
74	4.30	2.58	4.73	88.38
75	4.34	2.61	4.91	88.15
76	4.27	3.15	9.00	83.58
77	4.27	2.84	6.35	86.54
78	4.25	2.73	5.59	87.43
79	4.27	2.70	5.27	87.76
80	4.29	2.68	5.15	87.88
81	4.32	2.69	5.14	87.85
82	4.35	2.73	5.20	87.72
83	4.37	2.74	5.29	87.60
84	4.33	2.80	5.33	87.54
85	4.38	2.77	5.37	87.49
86	4.43	2.82	5.47	87.27
87	4.45	2.86	5.51	87.18
88	4.47	2.83	5.50	87.19
89	4.50	2.91	5.67	86.92
90	4.52	2.92	5.70	86.86
91	4.53	2.92	5.66	86.89
92	4.54	2.97	5.72	86.77
93	4.58	2.95	5.76	86.71
94	4.62	2.98	5.81	86.58
95	4.65	3.10	5.93	86.32
96	4.64	3.19	6.03	86.13
97	4.72	3.18	6.01	86.09
98	4.71	3.23	5.97	86.10
99	4.73	3.23	6.02	86.02
100	4.77	3.29	6.05	85.89
101	5.13	3.69	7.68	83.51




