Parameters
	Library type	Single-end
	Input file	jamie_no-index_L007_R1_0021.fastq
	Primer/Adaptor library	NA
	Cut-off read length for HQ	70%
	Cut-off quality score	20
	Only statistics	On
	Number of processes	2


QC statistics
	File name	jamie_no-index_L007_R1_0021.fastq
	Total number of reads	4000000
	Total number of HQ reads	3689165
	Percentage of HQ reads	92.23%
	Total number of bases	404000000
	Total number of bases in HQ reads	372605665
	Total number of HQ bases in HQ reads	367847047
	Percentage of HQ bases in HQ reads	98.72%
	Number of Primer/Adaptor contaminated HQ reads	NA
	Total number of HQ filtered reads	3689165
	Percentage of HQ filtered reads	92.23%


Detailed QC statistics
	File name	jamie_no-index_L007_R1_0021.fastq
	Minimum read length	101
	Maximum read length	101
	Average read length	101.00
	Total number of reads	4000000
	Total number of reads with non-ATGC bases	5384
	Percentage of reads with non-ATGC bases	0.13%
	Total number of bases	404000000
	Total number of HQ bases	385574428
	Percentage of HQ bases	95.44%
	Total number of non-ATGC bases	66794
	Percentage of non-ATGC bases	0.02%


Average quality score at each base position of input reads

jamie_no-index_L007_R1_0021.fastq
32.48	32.67	32.66	36.53	36.41	36.64	35.75	36.59	36.63	36.66	36.51	36.41	36.41	38.42	38.47	38.43	38.38	38.33	38.35	38.42	38.37	38.33	38.34	38.32	38.38	38.26	38.27	38.10	38.16	38.18	38.15	38.08	38.10	38.03	37.85	37.92	38.01	38.01	37.90	37.84	37.78	37.78	37.73	37.77	37.76	37.45	37.60	37.60	37.43	37.49	37.42	36.95	36.66	36.30	36.09	35.95	35.80	35.69	35.62	35.55	35.51	35.45	35.57	35.59	35.52	35.43	35.31	35.23	35.13	35.03	34.89	34.75	34.63	34.51	34.36	32.47	33.31	33.79	33.88	33.80	33.78	33.69	33.61	33.55	33.43	33.32	33.33	33.23	33.21	33.19	33.15	33.13	33.08	33.02	33.01	32.93	32.85	32.87	32.85	32.82	32.08	




Read count (%) per base for different quality score ranges

	jamie_no-index_L007_R1_0021.fastq
Ranges	0-10	11-20	21-30	31-40
Base
1	0.03	0.97	5.19	93.81
2	0.00	0.65	3.29	96.05
3	0.00	0.54	3.69	95.76
4	0.03	0.55	1.40	98.02
5	0.00	0.78	1.94	97.28
6	0.05	0.76	0.84	98.34
7	0.07	1.74	2.16	96.03
8	0.04	0.69	0.93	98.34
9	0.05	0.58	0.96	98.41
10	0.03	0.52	0.95	98.50
11	0.02	0.45	1.69	97.83
12	0.03	0.65	1.99	97.33
13	0.02	0.65	1.98	97.35
14	0.03	0.75	2.15	97.07
15	0.04	0.68	2.00	97.29
16	0.04	0.76	2.15	97.05
17	0.04	0.78	2.22	96.96
18	0.06	0.79	2.32	96.83
19	0.08	0.83	2.36	96.73
20	0.05	0.77	2.18	97.00
21	0.09	0.76	2.32	96.82
22	0.06	0.84	2.29	96.82
23	0.06	0.80	2.30	96.84
24	0.08	0.84	2.35	96.73
25	0.09	0.77	2.21	96.93
26	0.17	0.97	2.25	96.61
27	0.20	0.93	2.21	96.66
28	0.36	1.02	2.35	96.27
29	0.31	0.97	2.37	96.34
30	0.41	0.90	2.34	96.36
31	0.40	0.94	2.39	96.27
32	0.45	0.92	2.47	96.16
33	0.48	0.90	2.41	96.22
34	0.58	0.91	2.54	95.98
35	0.71	1.08	2.66	95.55
36	0.67	0.92	2.61	95.81
37	0.67	0.83	2.49	96.02
38	0.69	0.83	2.53	95.95
39	0.73	0.88	2.76	95.64
40	0.86	0.91	2.83	95.40
41	0.89	0.99	2.93	95.19
42	0.82	0.96	2.97	95.25
43	0.94	1.00	3.01	95.04
44	0.85	0.96	2.97	95.22
45	0.79	0.97	3.05	95.19
46	1.11	1.14	3.56	94.19
47	0.91	1.02	3.32	94.76
48	0.90	1.00	3.38	94.72
49	1.09	1.10	3.77	94.03
50	0.99	1.05	3.72	94.24
51	1.00	1.20	3.80	94.00
52	1.73	1.65	4.31	92.31
53	2.14	2.00	5.71	90.15
54	2.80	2.66	5.68	88.85
55	3.16	3.58	4.97	88.29
56	3.69	3.78	4.33	88.20
57	3.96	3.79	4.44	87.81
58	4.63	3.30	4.34	87.73
59	5.11	2.70	4.51	87.68
60	5.06	2.81	4.66	87.47
61	4.89	2.91	4.85	87.34
62	4.85	2.94	4.99	87.23
63	4.65	2.87	4.70	87.78
64	4.61	2.85	4.65	87.89
65	4.59	2.90	4.76	87.75
66	4.63	2.91	4.84	87.62
67	4.68	2.95	4.97	87.40
68	4.66	2.94	5.05	87.34
69	4.70	2.95	5.03	87.32
70	4.73	2.93	5.11	87.22
71	4.78	2.99	5.19	87.04
72	4.85	3.00	5.28	86.87
73	4.91	3.00	5.30	86.79
74	4.92	3.06	5.35	86.67
75	4.93	3.13	5.47	86.48
76	4.84	3.79	10.27	81.10
77	4.79	3.42	7.28	84.51
78	4.79	3.29	6.37	85.55
79	4.78	3.22	6.01	85.98
80	4.84	3.26	6.02	85.89
81	4.78	3.24	5.92	86.06
82	4.80	3.28	6.01	85.91
83	4.82	3.28	6.06	85.83
84	4.88	3.26	6.01	85.85
85	4.93	3.38	6.22	85.48
86	4.98	3.47	6.51	85.04
87	4.94	3.41	6.41	85.25
88	5.02	3.50	6.59	84.90
89	5.03	3.46	6.57	84.93
90	5.02	3.50	6.56	84.92
91	5.07	3.50	6.58	84.84
92	5.10	3.50	6.54	84.87
93	5.15	3.51	6.60	84.74
94	5.18	3.60	6.68	84.54
95	5.18	3.61	6.70	84.51
96	5.30	3.66	6.82	84.21
97	5.31	3.82	7.03	83.84
98	5.32	3.80	6.91	83.97
99	5.32	3.85	6.97	83.86
100	5.30	3.91	7.01	83.77
101	5.74	4.40	8.80	81.06




