Parameters
	Library type	Single-end
	Input file	jamie_no-index_L007_R1_0041.fastq
	Primer/Adaptor library	NA
	Cut-off read length for HQ	70%
	Cut-off quality score	20
	Only statistics	On
	Number of processes	2


QC statistics
	File name	jamie_no-index_L007_R1_0041.fastq
	Total number of reads	4000000
	Total number of HQ reads	3732731
	Percentage of HQ reads	93.32%
	Total number of bases	404000000
	Total number of bases in HQ reads	377005831
	Total number of HQ bases in HQ reads	372660132
	Percentage of HQ bases in HQ reads	98.85%
	Number of Primer/Adaptor contaminated HQ reads	NA
	Total number of HQ filtered reads	3732731
	Percentage of HQ filtered reads	93.32%


Detailed QC statistics
	File name	jamie_no-index_L007_R1_0041.fastq
	Minimum read length	101
	Maximum read length	101
	Average read length	101.00
	Total number of reads	4000000
	Total number of reads with non-ATGC bases	7207
	Percentage of reads with non-ATGC bases	0.18%
	Total number of bases	404000000
	Total number of HQ bases	387468807
	Percentage of HQ bases	95.91%
	Total number of non-ATGC bases	95265
	Percentage of non-ATGC bases	0.02%


Average quality score at each base position of input reads

jamie_no-index_L007_R1_0041.fastq
32.60	32.72	32.67	36.57	36.51	36.76	36.04	36.66	36.69	36.61	36.51	36.52	36.44	38.65	38.69	38.70	38.68	38.62	38.60	38.64	38.63	38.52	38.57	38.54	38.58	38.51	38.42	38.26	38.36	38.40	38.14	38.23	38.02	38.18	38.00	38.10	38.24	38.26	38.04	38.12	37.85	37.89	38.04	38.08	37.59	37.53	37.76	37.79	37.82	37.76	37.65	37.15	36.83	36.62	36.51	36.44	36.36	36.24	36.17	36.12	36.11	36.02	36.06	36.03	35.96	35.89	35.80	35.70	35.61	35.48	35.35	35.20	35.08	34.95	34.83	33.09	33.86	34.28	34.00	34.09	34.14	34.09	34.03	33.99	33.92	33.87	33.81	33.74	33.71	33.66	33.59	33.54	33.22	33.27	33.07	33.19	33.30	33.36	33.33	33.30	32.67	




Read count (%) per base for different quality score ranges

	jamie_no-index_L007_R1_0041.fastq
Ranges	0-10	11-20	21-30	31-40
Base
1	0.03	0.78	3.83	95.36
2	0.00	0.67	2.49	96.84
3	0.05	0.66	2.98	96.32
4	0.00	0.70	1.17	98.14
5	0.00	0.73	1.49	97.78
6	0.04	0.50	0.46	98.99
7	0.10	1.58	1.61	96.71
8	0.06	0.63	0.71	98.59
9	0.08	0.47	0.72	98.73
10	0.05	0.97	0.70	98.27
11	0.04	0.67	1.56	97.73
12	0.04	0.52	1.53	97.91
13	0.05	0.84	1.62	97.50
14	0.04	0.67	1.73	97.55
15	0.05	0.59	1.64	97.71
16	0.05	0.60	1.67	97.68
17	0.05	0.58	1.67	97.69
18	0.07	0.60	1.78	97.56
19	0.09	0.69	1.91	97.30
20	0.07	0.66	1.80	97.46
21	0.11	0.60	1.85	97.44
22	0.08	0.79	2.00	97.13
23	0.08	0.69	1.88	97.34
24	0.10	0.74	1.96	97.20
25	0.12	0.69	1.88	97.32
26	0.20	0.79	1.83	97.18
27	0.28	0.85	2.00	96.87
28	0.43	1.01	2.08	96.48
29	0.34	0.88	2.03	96.75
30	0.39	0.81	1.98	96.83
31	0.63	1.28	2.19	95.90
32	0.43	0.99	2.24	96.35
33	0.83	1.22	2.23	95.72
34	0.47	0.97	2.30	96.26
35	0.71	1.03	2.37	95.89
36	0.61	0.86	2.27	96.26
37	0.56	0.75	2.13	96.57
38	0.60	0.70	2.12	96.58
39	0.74	0.98	2.41	95.86
40	0.67	0.87	2.37	96.09
41	1.07	1.11	2.58	95.24
42	0.78	1.04	2.74	95.44
43	0.71	0.84	2.43	96.02
44	0.72	0.79	2.36	96.13
45	1.52	1.31	2.85	94.31
46	0.97	1.45	3.45	94.13
47	0.79	1.06	2.93	95.22
48	0.78	0.99	2.96	95.26
49	0.80	0.92	3.01	95.27
50	0.85	0.93	3.20	95.01
51	0.92	1.05	3.34	94.69
52	1.79	1.59	4.04	92.58
53	2.35	2.15	4.88	90.61
54	2.75	2.80	4.26	90.19
55	2.91	3.41	3.68	90.01
56	3.20	3.24	3.66	89.90
57	3.43	3.08	3.74	89.75
58	3.82	2.74	3.89	89.55
59	4.17	2.34	4.07	89.43
60	4.19	2.36	4.08	89.37
61	4.10	2.41	4.08	89.41
62	4.12	2.43	4.24	89.20
63	4.04	2.39	4.06	89.51
64	4.02	2.42	4.11	89.45
65	3.98	2.50	4.24	89.28
66	4.02	2.47	4.24	89.27
67	4.07	2.43	4.25	89.24
68	4.11	2.44	4.30	89.15
69	4.07	2.49	4.37	89.07
70	4.13	2.46	4.49	88.92
71	4.21	2.46	4.48	88.85
72	4.28	2.50	4.58	88.64
73	4.23	2.61	4.66	88.50
74	4.31	2.57	4.76	88.36
75	4.34	2.55	4.77	88.34
76	4.32	3.10	8.65	83.92
77	4.26	2.84	6.21	86.68
78	4.24	2.72	5.43	87.61
79	5.02	3.01	5.34	86.63
80	4.29	3.21	5.65	86.85
81	4.30	2.74	5.50	87.46
82	4.35	2.74	5.20	87.72
83	4.32	2.78	5.24	87.66
84	4.34	2.75	5.26	87.65
85	4.38	2.75	5.31	87.56
86	4.40	2.75	5.32	87.52
87	4.44	2.78	5.43	87.35
88	4.50	2.83	5.48	87.20
89	4.50	2.85	5.52	87.13
90	4.55	2.87	5.57	87.01
91	4.62	2.93	5.69	86.77
92	4.64	2.98	5.75	86.64
93	5.28	3.35	5.97	85.40
94	4.77	3.57	6.32	85.34
95	5.32	3.51	6.59	84.57
96	4.80	3.77	6.34	85.10
97	4.73	3.33	6.46	85.47
98	4.69	3.29	6.04	85.97
99	4.77	3.27	6.07	85.88
100	4.80	3.31	6.14	85.75
101	5.08	3.65	7.52	83.74




