Parameters
	Library type	Single-end
	Input file	jamie_no-index_L007_R1_0038.fastq
	Primer/Adaptor library	NA
	Cut-off read length for HQ	70%
	Cut-off quality score	20
	Only statistics	On
	Number of processes	2


QC statistics
	File name	jamie_no-index_L007_R1_0038.fastq
	Total number of reads	4000000
	Total number of HQ reads	3730448
	Percentage of HQ reads	93.26%
	Total number of bases	404000000
	Total number of bases in HQ reads	376775248
	Total number of HQ bases in HQ reads	373401456
	Percentage of HQ bases in HQ reads	99.10%
	Number of Primer/Adaptor contaminated HQ reads	NA
	Total number of HQ filtered reads	3730448
	Percentage of HQ filtered reads	93.26%


Detailed QC statistics
	File name	jamie_no-index_L007_R1_0038.fastq
	Minimum read length	101
	Maximum read length	101
	Average read length	101.00
	Total number of reads	4000000
	Total number of reads with non-ATGC bases	6569
	Percentage of reads with non-ATGC bases	0.16%
	Total number of bases	404000000
	Total number of HQ bases	387938204
	Percentage of HQ bases	96.02%
	Total number of non-ATGC bases	78231
	Percentage of non-ATGC bases	0.02%


Average quality score at each base position of input reads

jamie_no-index_L007_R1_0038.fastq
32.67	32.74	32.68	36.60	36.57	36.80	36.38	36.75	36.72	36.77	36.68	36.64	36.61	38.92	38.93	38.94	38.89	38.84	38.80	38.87	38.86	38.47	38.65	38.66	38.74	38.72	38.70	38.51	38.58	38.61	38.60	38.53	38.54	38.53	38.21	38.31	38.38	38.42	38.33	38.28	38.23	38.18	38.22	38.26	38.11	37.80	37.98	37.99	37.99	37.91	37.73	37.22	36.90	36.75	36.71	36.68	36.63	36.53	36.44	36.38	36.31	36.23	36.24	36.20	36.14	36.05	35.95	35.84	35.74	35.58	35.48	35.33	35.20	35.08	34.97	33.39	34.06	34.39	34.42	34.35	34.31	34.25	34.14	34.05	33.98	33.92	33.86	33.83	33.77	33.75	33.71	33.63	33.53	33.50	33.46	33.46	33.40	33.40	33.38	33.34	32.72	




Read count (%) per base for different quality score ranges

	jamie_no-index_L007_R1_0038.fastq
Ranges	0-10	11-20	21-30	31-40
Base
1	0.03	0.74	3.01	96.22
2	0.00	0.70	2.10	97.20
3	0.05	0.76	2.52	96.67
4	0.00	0.78	1.00	98.22
5	0.00	0.76	1.19	98.05
6	0.04	0.48	0.33	99.16
7	0.06	0.95	0.97	98.02
8	0.05	0.51	0.43	99.00
9	0.08	0.48	0.62	98.81
10	0.04	0.36	0.57	99.02
11	0.04	0.34	1.01	98.62
12	0.04	0.42	1.13	98.42
13	0.04	0.48	1.22	98.26
14	0.04	0.50	1.25	98.21
15	0.04	0.48	1.23	98.25
16	0.05	0.50	1.27	98.19
17	0.05	0.50	1.32	98.13
18	0.07	0.48	1.35	98.11
19	0.10	0.58	1.55	97.77
20	0.07	0.53	1.38	98.01
21	0.10	0.47	1.41	98.01
22	0.15	1.56	1.72	96.58
23	0.08	0.88	1.71	97.32
24	0.10	0.73	1.64	97.53
25	0.12	0.64	1.52	97.73
26	0.18	0.67	1.42	97.72
27	0.24	0.65	1.47	97.64
28	0.40	0.79	1.66	97.15
29	0.34	0.72	1.62	97.31
30	0.38	0.68	1.59	97.34
31	0.37	0.65	1.59	97.40
32	0.42	0.65	1.70	97.23
33	0.42	0.62	1.63	97.33
34	0.45	0.61	1.67	97.27
35	0.75	0.89	2.05	96.31
36	0.60	0.73	1.92	96.75
37	0.61	0.67	1.85	96.86
38	0.60	0.63	1.78	96.99
39	0.62	0.68	1.95	96.75
40	0.73	0.69	2.03	96.56
41	0.76	0.75	2.12	96.36
42	0.77	0.73	2.17	96.32
43	0.77	0.70	2.11	96.42
44	0.72	0.68	2.04	96.56
45	0.80	0.81	2.35	96.04
46	1.08	1.01	2.83	95.09
47	0.80	0.84	2.50	95.86
48	0.81	0.79	2.57	95.83
49	0.81	0.79	2.64	95.77
50	0.89	0.83	2.83	95.46
51	1.05	1.03	3.03	94.89
52	1.97	1.76	3.91	92.36
53	2.67	2.71	3.62	91.01
54	2.99	3.15	3.09	90.77
55	3.07	3.42	2.74	90.78
56	3.21	3.17	2.96	90.66
57	3.37	2.89	3.12	90.62
58	3.71	2.60	3.25	90.44
59	4.02	2.24	3.43	90.30
60	4.09	2.24	3.44	90.24
61	4.06	2.37	3.48	90.09
62	4.11	2.34	3.58	89.97
63	4.10	2.30	3.41	90.19
64	4.08	2.34	3.44	90.14
65	4.08	2.37	3.53	90.02
66	4.11	2.37	3.56	89.95
67	4.19	2.35	3.55	89.91
68	4.19	2.40	3.63	89.78
69	4.22	2.35	3.70	89.74
70	4.26	2.39	3.89	89.46
71	4.33	2.34	3.80	89.52
72	4.41	2.34	3.93	89.32
73	4.38	2.46	4.00	89.17
74	4.45	2.40	4.06	89.09
75	4.47	2.40	4.01	89.13
76	4.42	2.85	7.09	85.64
77	4.41	2.62	5.16	87.81
78	4.45	2.61	4.67	88.28
79	4.45	2.58	4.53	88.44
80	4.49	2.58	4.52	88.40
81	4.47	2.58	4.41	88.54
82	4.47	2.55	4.42	88.57
83	4.51	2.62	4.56	88.30
84	4.57	2.64	4.64	88.15
85	4.60	2.64	4.67	88.08
86	4.60	2.69	4.76	87.94
87	4.69	2.69	4.81	87.82
88	4.71	2.69	4.80	87.80
89	4.74	2.73	4.89	87.64
90	4.74	2.75	4.92	87.59
91	4.78	2.76	4.94	87.53
92	4.87	2.81	5.07	87.25
93	4.93	2.93	5.31	86.83
94	4.95	2.94	5.32	86.78
95	4.97	3.02	5.41	86.59
96	4.93	3.04	5.40	86.63
97	5.01	3.09	5.49	86.41
98	5.01	3.13	5.48	86.39
99	5.04	3.14	5.50	86.32
100	5.07	3.18	5.52	86.24
101	5.30	3.53	6.91	84.26




