Parameters
	Library type	Single-end
	Input file	jamie_no-index_L007_R1_0028.fastq
	Primer/Adaptor library	NA
	Cut-off read length for HQ	70%
	Cut-off quality score	20
	Only statistics	On
	Number of processes	2


QC statistics
	File name	jamie_no-index_L007_R1_0028.fastq
	Total number of reads	4000000
	Total number of HQ reads	3720082
	Percentage of HQ reads	93.00%
	Total number of bases	404000000
	Total number of bases in HQ reads	375728282
	Total number of HQ bases in HQ reads	371001412
	Percentage of HQ bases in HQ reads	98.74%
	Number of Primer/Adaptor contaminated HQ reads	NA
	Total number of HQ filtered reads	3720082
	Percentage of HQ filtered reads	93.00%


Detailed QC statistics
	File name	jamie_no-index_L007_R1_0028.fastq
	Minimum read length	101
	Maximum read length	101
	Average read length	101.00
	Total number of reads	4000000
	Total number of reads with non-ATGC bases	4631
	Percentage of reads with non-ATGC bases	0.12%
	Total number of bases	404000000
	Total number of HQ bases	386771873
	Percentage of HQ bases	95.74%
	Total number of non-ATGC bases	99318
	Percentage of non-ATGC bases	0.02%


Average quality score at each base position of input reads

jamie_no-index_L007_R1_0028.fastq
32.48	32.68	32.66	36.52	36.43	36.68	35.77	36.59	36.66	36.72	36.53	36.46	36.40	38.47	38.50	38.48	38.44	38.38	38.35	38.41	38.42	38.34	38.38	38.17	38.30	38.24	37.84	37.90	38.05	38.10	38.11	38.06	38.10	38.09	37.83	37.92	37.99	38.04	37.96	37.90	37.88	37.79	37.91	37.90	37.76	37.51	37.71	37.73	37.69	37.59	37.09	36.76	36.66	36.40	36.24	36.19	36.08	36.02	35.97	35.91	35.87	35.79	35.86	35.85	35.78	35.29	35.32	35.34	35.30	35.20	35.12	35.00	34.89	34.78	34.62	32.86	33.62	34.05	34.10	34.07	33.96	33.90	33.78	33.73	33.65	33.64	33.56	33.53	33.47	33.42	33.38	33.36	33.31	33.25	33.24	33.23	33.13	33.14	33.10	33.03	32.34	




Read count (%) per base for different quality score ranges

	jamie_no-index_L007_R1_0028.fastq
Ranges	0-10	11-20	21-30	31-40
Base
1	0.02	1.10	4.82	94.06
2	0.02	0.71	2.95	96.33
3	0.00	0.65	3.44	95.91
4	0.00	0.67	1.43	97.90
5	0.00	0.79	1.78	97.42
6	0.05	0.75	0.64	98.55
7	0.10	2.16	2.07	95.66
8	0.05	0.76	0.90	98.29
9	0.07	0.52	0.84	98.57
10	0.04	0.42	0.74	98.80
11	0.03	0.48	1.60	97.89
12	0.04	0.60	1.77	97.59
13	0.03	0.70	1.96	97.31
14	0.04	0.77	2.03	97.15
15	0.05	0.70	1.95	97.30
16	0.05	0.76	2.05	97.15
17	0.05	0.75	2.10	97.10
18	0.06	0.78	2.21	96.95
19	0.10	0.89	2.35	96.66
20	0.07	0.84	2.19	96.90
21	0.10	0.75	2.19	96.96
22	0.07	0.89	2.31	96.73
23	0.08	0.82	2.18	96.92
24	0.12	1.21	2.58	96.09
25	0.12	0.89	2.33	96.66
26	0.17	1.03	2.25	96.54
27	0.41	2.15	2.52	94.92
28	0.38	1.55	2.75	95.32
29	0.35	1.24	2.42	96.00
30	0.40	1.12	2.38	96.10
31	0.43	1.06	2.38	96.13
32	0.46	1.01	2.48	96.04
33	0.50	0.92	2.36	96.22
34	0.52	0.89	2.38	96.21
35	0.79	1.09	2.65	95.46
36	0.66	0.95	2.60	95.79
37	0.69	0.86	2.52	95.93
38	0.69	0.81	2.45	96.04
39	0.71	0.84	2.59	95.86
40	0.81	0.88	2.72	95.60
41	0.81	0.92	2.76	95.51
42	0.86	0.96	2.91	95.27
43	0.77	0.87	2.69	95.66
44	0.76	0.88	2.73	95.64
45	0.85	0.98	3.05	95.13
46	1.05	1.14	3.41	94.40
47	0.82	0.99	3.06	95.13
48	0.80	0.94	3.13	95.13
49	0.85	0.95	3.26	94.94
50	0.94	1.01	3.50	94.55
51	1.42	1.55	4.30	92.73
52	1.90	1.92	4.71	91.47
53	2.14	2.12	5.41	90.33
54	2.70	2.65	5.20	89.44
55	3.01	3.46	4.43	89.10
56	3.30	3.44	4.20	89.06
57	3.60	3.38	4.13	88.89
58	3.96	3.00	4.18	88.86
59	4.36	2.50	4.31	88.82
60	4.32	2.58	4.42	88.67
61	4.22	2.64	4.56	88.57
62	4.21	2.65	4.75	88.39
63	4.09	2.60	4.56	88.74
64	4.04	2.62	4.57	88.76
65	4.06	2.64	4.67	88.63
66	4.85	3.02	5.03	87.10
67	4.21	3.16	5.43	87.20
68	4.17	2.84	5.34	87.66
69	4.23	2.76	5.06	87.94
70	4.27	2.75	5.10	87.87
71	4.30	2.76	5.05	87.89
72	4.33	2.74	5.13	87.80
73	4.30	2.81	5.19	87.70
74	4.32	2.83	5.21	87.64
75	4.40	2.79	5.35	87.46
76	4.33	3.40	9.58	82.69
77	4.31	3.08	6.96	85.65
78	4.32	2.97	6.13	86.59
79	4.34	2.95	5.86	86.85
80	4.34	2.95	5.74	86.97
81	4.40	3.01	5.79	86.81
82	4.39	3.00	5.83	86.77
83	4.43	3.10	6.00	86.47
84	4.42	3.11	6.05	86.42
85	4.46	3.10	6.13	86.31
86	4.48	3.04	6.01	86.47
87	4.52	3.12	6.14	86.23
88	4.55	3.09	6.14	86.23
89	4.57	3.17	6.26	86.00
90	4.60	3.20	6.30	85.91
91	4.60	3.25	6.40	85.75
92	4.65	3.21	6.36	85.78
93	4.68	3.26	6.44	85.62
94	4.74	3.31	6.54	85.41
95	4.73	3.37	6.54	85.35
96	4.74	3.35	6.54	85.38
97	4.86	3.46	6.69	84.99
98	4.79	3.51	6.70	85.00
99	4.85	3.55	6.76	84.85
100	4.90	3.61	6.91	84.58
101	5.30	4.04	8.46	82.20




