Parameters
	Library type	Single-end
	Input file	jamie_no-index_L007_R1_0008.fastq
	Primer/Adaptor library	NA
	Cut-off read length for HQ	70%
	Cut-off quality score	20
	Only statistics	On
	Number of processes	2


QC statistics
	File name	jamie_no-index_L007_R1_0008.fastq
	Total number of reads	4000000
	Total number of HQ reads	3676763
	Percentage of HQ reads	91.92%
	Total number of bases	404000000
	Total number of bases in HQ reads	371353063
	Total number of HQ bases in HQ reads	368034545
	Percentage of HQ bases in HQ reads	99.11%
	Number of Primer/Adaptor contaminated HQ reads	NA
	Total number of HQ filtered reads	3676763
	Percentage of HQ filtered reads	91.92%


Detailed QC statistics
	File name	jamie_no-index_L007_R1_0008.fastq
	Minimum read length	101
	Maximum read length	101
	Average read length	101.00
	Total number of reads	4000000
	Total number of reads with non-ATGC bases	8412
	Percentage of reads with non-ATGC bases	0.21%
	Total number of bases	404000000
	Total number of HQ bases	385644235
	Percentage of HQ bases	95.46%
	Total number of non-ATGC bases	79416
	Percentage of non-ATGC bases	0.02%


Average quality score at each base position of input reads

jamie_no-index_L007_R1_0008.fastq
32.66	32.75	32.74	36.59	36.57	36.82	36.18	36.66	36.75	36.75	36.71	36.67	36.65	38.98	38.99	39.01	38.98	38.92	38.85	38.90	38.91	38.79	38.86	38.80	38.86	38.76	38.75	38.52	38.57	38.64	38.65	38.60	38.59	38.56	38.23	38.35	38.45	38.48	38.30	38.35	38.24	38.17	38.26	38.27	38.09	37.71	37.94	38.00	38.00	37.81	37.62	37.06	36.70	36.48	36.39	36.30	36.23	36.14	36.10	36.02	35.97	35.85	35.88	35.83	35.75	35.70	35.57	35.49	35.36	35.22	35.10	34.95	34.85	34.71	34.53	32.76	33.56	34.02	34.11	34.08	34.02	33.93	33.83	33.75	33.66	33.60	33.52	33.48	33.43	33.39	33.35	33.27	33.22	33.20	33.14	33.12	33.06	33.03	33.03	32.97	32.32	




Read count (%) per base for different quality score ranges

	jamie_no-index_L007_R1_0008.fastq
Ranges	0-10	11-20	21-30	31-40
Base
1	0.04	0.76	2.96	96.24
2	0.00	0.61	2.16	97.23
3	0.00	0.64	2.24	97.12
4	0.08	0.75	0.93	98.25
5	0.00	0.81	1.17	98.02
6	0.02	0.39	0.31	99.27
7	0.05	1.17	1.30	97.48
8	0.04	0.71	0.66	98.60
9	0.04	0.35	0.62	98.98
10	0.02	0.36	0.72	98.90
11	0.02	0.29	0.96	98.73
12	0.02	0.36	1.06	98.55
13	0.02	0.40	1.13	98.45
14	0.03	0.43	1.21	98.33
15	0.03	0.42	1.18	98.37
16	0.06	0.41	1.16	98.38
17	0.03	0.42	1.16	98.38
18	0.04	0.41	1.24	98.31
19	0.07	0.53	1.49	97.90
20	0.04	0.51	1.38	98.08
21	0.07	0.44	1.35	98.14
22	0.05	0.59	1.52	97.84
23	0.05	0.49	1.36	98.10
24	0.07	0.57	1.50	97.86
25	0.08	0.52	1.41	97.99
26	0.14	0.66	1.44	97.76
27	0.20	0.61	1.45	97.74
28	0.39	0.79	1.66	97.16
29	0.33	0.75	1.67	97.26
30	0.37	0.63	1.55	97.45
31	0.33	0.60	1.51	97.55
32	0.37	0.58	1.58	97.47
33	0.38	0.58	1.55	97.48
34	0.42	0.58	1.62	97.38
35	0.71	0.86	2.00	96.42
36	0.54	0.70	1.86	96.91
37	0.55	0.60	1.76	97.09
38	0.54	0.59	1.73	97.14
39	0.66	0.68	2.06	96.61
40	0.65	0.66	1.93	96.76
41	0.76	0.74	2.16	96.35
42	0.74	0.75	2.25	96.26
43	0.68	0.68	2.06	96.57
44	0.66	0.67	2.06	96.62
45	0.81	0.78	2.41	96.00
46	1.21	1.03	2.96	94.80
47	0.86	0.87	2.56	95.72
48	0.78	0.80	2.57	95.85
49	0.79	0.77	2.66	95.78
50	1.00	0.88	3.06	95.06
51	1.15	1.15	3.19	94.50
52	2.21	1.93	4.15	91.72
53	2.95	2.91	4.03	90.11
54	3.53	3.49	3.32	89.65
55	3.68	3.95	2.89	89.48
56	3.99	3.72	3.00	89.29
57	4.19	3.50	3.08	89.24
58	4.58	3.11	3.19	89.11
59	4.91	2.61	3.37	89.11
60	5.00	2.61	3.43	88.96
61	4.93	2.68	3.51	88.88
62	5.01	2.70	3.65	88.64
63	4.98	2.68	3.45	88.89
64	5.03	2.68	3.42	88.87
65	4.97	2.80	3.51	88.73
66	5.00	2.73	3.52	88.75
67	5.03	2.78	3.62	88.56
68	5.05	2.76	3.64	88.55
69	5.11	2.77	3.71	88.41
70	5.12	2.81	3.86	88.20
71	5.19	2.77	3.89	88.14
72	5.25	2.80	4.01	87.94
73	5.28	2.79	3.97	87.97
74	5.34	2.84	4.01	87.81
75	5.38	2.87	4.20	87.55
76	5.25	3.35	7.91	83.50
77	5.25	3.12	5.32	86.31
78	5.25	3.02	4.66	87.07
79	5.22	2.98	4.42	87.38
80	5.23	2.92	4.31	87.55
81	5.23	2.94	4.28	87.56
82	5.27	2.94	4.35	87.44
83	5.33	2.97	4.43	87.27
84	5.39	2.99	4.48	87.14
85	5.45	3.04	4.55	86.96
86	5.47	3.06	4.62	86.85
87	5.50	3.13	4.73	86.64
88	5.53	3.14	4.77	86.57
89	5.57	3.16	4.85	86.42
90	5.62	3.17	4.85	86.36
91	5.65	3.20	4.90	86.25
92	5.69	3.28	5.09	85.93
93	5.72	3.30	5.21	85.78
94	5.77	3.31	5.17	85.74
95	5.80	3.38	5.30	85.53
96	5.81	3.39	5.28	85.52
97	5.85	3.47	5.43	85.25
98	5.89	3.51	5.45	85.15
99	5.90	3.49	5.45	85.17
100	5.97	3.55	5.52	84.96
101	6.24	3.91	7.07	82.78




