Parameters
	Library type	Single-end
	Input file	/Volumes/wdhd/users/joaks1/projects/gekgo/data/genomes/msg/plate2/raw/jamie_no-index_L007_R1_0018.fastq
	Primer/Adaptor library	NA
	Cut-off read length for HQ	70%
	Cut-off quality score	20
	Only statistics	On
	Number of processes	2


QC statistics
	File name	jamie_no-index_L007_R1_0018.fastq
	Total number of reads	4000000
	Total number of HQ reads	3719558
	Percentage of HQ reads	92.99%
	Total number of bases	404000000
	Total number of bases in HQ reads	375675358
	Total number of HQ bases in HQ reads	372009175
	Percentage of HQ bases in HQ reads	99.02%
	Number of Primer/Adaptor contaminated HQ reads	NA
	Total number of HQ filtered reads	3719558
	Percentage of HQ filtered reads	92.99%


Detailed QC statistics
	File name	jamie_no-index_L007_R1_0018.fastq
	Minimum read length	101
	Maximum read length	101
	Average read length	101.00
	Total number of reads	4000000
	Total number of reads with non-ATGC bases	6161
	Percentage of reads with non-ATGC bases	0.15%
	Total number of bases	404000000
	Total number of HQ bases	387538815
	Percentage of HQ bases	95.93%
	Total number of non-ATGC bases	39164
	Percentage of non-ATGC bases	0.01%


Average quality score at each base position of input reads

jamie_no-index_L007_R1_0018.fastq
32.65	32.75	32.73	36.57	36.52	36.83	36.22	36.72	36.74	36.77	36.66	36.59	36.56	38.79	38.83	38.83	38.80	38.77	38.72	38.74	38.76	38.62	38.68	38.64	38.67	38.61	38.60	38.39	38.51	38.53	38.52	38.43	38.44	38.45	38.22	38.29	38.37	38.40	38.29	38.34	38.28	38.17	38.27	38.24	38.14	37.82	38.01	38.01	38.00	37.92	37.72	37.08	36.72	36.55	36.50	36.42	36.27	36.24	36.16	36.13	36.09	36.02	36.06	36.03	35.92	35.87	35.79	35.68	35.55	35.41	35.26	35.14	35.03	34.91	34.77	32.88	33.72	34.22	34.29	34.27	34.21	34.15	34.04	33.95	33.86	33.80	33.81	33.72	33.71	33.66	33.62	33.52	33.50	33.41	33.41	33.39	33.31	33.29	33.34	33.31	32.66	




Read count (%) per base for different quality score ranges

	jamie_no-index_L007_R1_0018.fastq
Ranges	0-10	11-20	21-30	31-40
Base
1	0.03	0.67	3.40	95.90
2	0.00	0.57	2.38	97.06
3	0.00	0.57	2.62	96.81
4	0.06	0.65	1.13	98.15
5	0.00	0.76	1.41	97.82
6	0.02	0.36	0.32	99.30
7	0.04	0.97	1.24	97.74
8	0.04	0.54	0.56	98.86
9	0.05	0.39	0.64	98.92
10	0.03	0.33	0.66	98.98
11	0.02	0.31	1.15	98.51
12	0.03	0.43	1.35	98.19
13	0.03	0.48	1.43	98.07
14	0.03	0.55	1.52	97.90
15	0.03	0.49	1.42	98.05
16	0.03	0.52	1.47	97.98
17	0.04	0.50	1.48	97.99
18	0.05	0.49	1.52	97.95
19	0.07	0.59	1.73	97.61
20	0.05	0.60	1.67	97.68
21	0.08	0.51	1.61	97.81
22	0.06	0.71	1.83	97.40
23	0.06	0.61	1.69	97.64
24	0.07	0.66	1.79	97.49
25	0.09	0.64	1.73	97.54
26	0.15	0.73	1.68	97.44
27	0.19	0.71	1.67	97.43
28	0.38	0.89	1.90	96.84
29	0.29	0.75	1.78	97.17
30	0.36	0.69	1.78	97.17
31	0.35	0.69	1.78	97.18
32	0.39	0.70	1.93	96.98
33	0.40	0.69	1.86	97.04
34	0.41	0.65	1.85	97.09
35	0.62	0.86	2.09	96.43
36	0.52	0.72	2.04	96.72
37	0.53	0.65	1.94	96.88
38	0.53	0.63	1.89	96.96
39	0.58	0.67	2.12	96.62
40	0.59	0.63	2.02	96.76
41	0.60	0.70	2.13	96.56
42	0.68	0.72	2.31	96.29
43	0.59	0.68	2.16	96.58
44	0.63	0.67	2.18	96.51
45	0.68	0.75	2.39	96.18
46	0.94	0.93	2.95	95.18
47	0.71	0.79	2.58	95.92
48	0.70	0.77	2.63	95.90
49	0.70	0.76	2.72	95.81
50	0.78	0.80	2.94	95.48
51	0.95	1.03	3.21	94.81
52	2.04	1.79	4.19	91.98
53	2.71	2.69	4.35	90.25
54	3.07	3.29	3.67	89.96
55	3.16	3.71	3.13	90.00
56	3.41	3.45	3.38	89.76
57	3.62	3.27	3.74	89.36
58	3.97	2.83	3.73	89.47
59	4.33	2.44	3.88	89.34
60	4.40	2.42	3.76	89.41
61	4.34	2.51	3.82	89.33
62	4.34	2.51	3.91	89.24
63	4.26	2.49	3.79	89.46
64	4.25	2.50	3.80	89.45
65	4.24	2.59	4.02	89.16
66	4.28	2.52	3.98	89.22
67	4.27	2.54	3.98	89.21
68	4.32	2.56	4.06	89.06
69	4.37	2.55	4.16	88.91
70	4.41	2.59	4.31	88.70
71	4.44	2.65	4.39	88.52
72	4.52	2.63	4.44	88.41
73	4.52	2.64	4.49	88.35
74	4.53	2.67	4.51	88.29
75	4.58	2.67	4.59	88.15
76	4.52	3.29	8.93	83.26
77	4.49	2.95	6.03	86.52
78	4.46	2.82	5.22	87.49
79	4.48	2.79	4.96	87.78
80	4.48	2.74	4.80	87.98
81	4.48	2.75	4.80	87.96
82	4.46	2.76	4.81	87.98
83	4.53	2.79	4.93	87.75
84	4.60	2.81	4.95	87.63
85	4.62	2.89	5.10	87.39
86	4.62	2.93	5.19	87.27
87	4.62	2.87	5.05	87.46
88	4.69	2.96	5.20	87.14
89	4.70	2.93	5.16	87.21
90	4.72	2.98	5.25	87.05
91	4.77	2.99	5.28	86.96
92	4.87	3.09	5.48	86.56
93	4.84	3.13	5.51	86.51
94	4.92	3.22	5.68	86.18
95	4.91	3.22	5.73	86.15
96	4.91	3.23	5.73	86.14
97	4.97	3.35	5.88	85.80
98	5.00	3.38	5.90	85.72
99	4.97	3.30	5.75	85.97
100	5.00	3.35	5.73	85.92
101	5.32	3.73	7.19	83.77




