Parameters
	Library type	Single-end
	Input file	/Volumes/wdhd/users/joaks1/projects/gekgo/data/genomes/msg/plate2/raw/jamie_no-index_L007_R1_0033.fastq
	Primer/Adaptor library	NA
	Cut-off read length for HQ	70%
	Cut-off quality score	20
	Only statistics	On
	Number of processes	2


QC statistics
	File name	jamie_no-index_L007_R1_0033.fastq
	Total number of reads	4000000
	Total number of HQ reads	3719387
	Percentage of HQ reads	92.98%
	Total number of bases	404000000
	Total number of bases in HQ reads	375658087
	Total number of HQ bases in HQ reads	372058442
	Percentage of HQ bases in HQ reads	99.04%
	Number of Primer/Adaptor contaminated HQ reads	NA
	Total number of HQ filtered reads	3719387
	Percentage of HQ filtered reads	92.98%


Detailed QC statistics
	File name	jamie_no-index_L007_R1_0033.fastq
	Minimum read length	101
	Maximum read length	101
	Average read length	101.00
	Total number of reads	4000000
	Total number of reads with non-ATGC bases	6352
	Percentage of reads with non-ATGC bases	0.16%
	Total number of bases	404000000
	Total number of HQ bases	387469434
	Percentage of HQ bases	95.91%
	Total number of non-ATGC bases	104827
	Percentage of non-ATGC bases	0.03%


Average quality score at each base position of input reads

jamie_no-index_L007_R1_0033.fastq
32.65	32.75	32.71	36.60	36.54	36.79	36.21	36.69	36.73	36.77	36.65	36.60	36.57	38.82	38.81	38.73	38.75	38.71	38.67	38.77	38.73	38.64	38.67	38.66	38.66	38.63	38.59	38.41	38.49	38.51	38.39	38.39	38.44	38.41	38.15	38.26	38.30	38.37	38.25	38.26	38.18	38.14	38.13	38.21	38.06	37.77	37.93	37.93	37.92	37.83	37.71	36.86	36.69	36.55	36.49	36.46	36.40	36.31	36.24	36.19	36.15	36.04	36.08	36.05	36.00	35.91	35.82	35.73	35.64	35.48	35.36	35.22	35.13	34.99	34.83	33.14	33.89	34.31	34.35	34.27	34.21	34.14	34.06	33.96	33.90	33.86	33.78	33.74	33.68	33.66	33.63	33.58	33.55	33.52	33.47	33.42	33.36	33.38	33.34	33.29	32.64	




Read count (%) per base for different quality score ranges

	jamie_no-index_L007_R1_0033.fastq
Ranges	0-10	11-20	21-30	31-40
Base
1	0.03	0.71	3.30	95.96
2	0.00	0.62	2.13	97.25
3	0.03	0.65	2.60	96.72
4	0.00	0.69	1.05	98.26
5	0.00	0.74	1.33	97.93
6	0.04	0.47	0.35	99.14
7	0.07	1.21	1.29	97.43
8	0.07	0.64	0.58	98.71
9	0.09	0.44	0.63	98.85
10	0.05	0.36	0.57	99.02
11	0.04	0.36	1.13	98.47
12	0.04	0.44	1.27	98.25
13	0.04	0.51	1.35	98.10
14	0.04	0.56	1.45	97.95
15	0.05	0.55	1.46	97.94
16	0.07	0.68	1.66	97.60
17	0.05	0.57	1.53	97.85
18	0.07	0.56	1.60	97.78
19	0.10	0.67	1.79	97.44
20	0.07	0.57	1.57	97.79
21	0.11	0.55	1.66	97.68
22	0.08	0.70	1.77	97.45
23	0.08	0.64	1.71	97.56
24	0.10	0.66	1.71	97.54
25	0.12	0.67	1.74	97.46
26	0.16	0.73	1.63	97.49
27	0.24	0.71	1.70	97.35
28	0.40	0.85	1.82	96.94
29	0.34	0.77	1.81	97.08
30	0.40	0.72	1.79	97.09
31	0.51	0.97	1.83	96.70
32	0.41	0.83	1.95	96.81
33	0.43	0.66	1.79	97.12
34	0.47	0.66	1.87	97.00
35	0.70	0.90	2.15	96.26
36	0.56	0.75	2.04	96.65
37	0.59	0.69	2.02	96.69
38	0.57	0.63	1.93	96.87
39	0.63	0.70	2.14	96.53
40	0.65	0.69	2.12	96.53
41	0.71	0.76	2.28	96.26
42	0.70	0.75	2.33	96.22
43	0.76	0.74	2.31	96.19
44	0.67	0.71	2.17	96.45
45	0.77	0.81	2.51	95.91
46	1.01	0.97	2.94	95.08
47	0.83	0.84	2.61	95.73
48	0.79	0.84	2.73	95.64
49	0.79	0.82	2.82	95.57
50	0.90	0.86	3.02	95.22
51	0.96	1.04	3.16	94.84
52	2.51	2.04	4.22	91.23
53	2.60	2.74	4.67	90.00
54	3.08	3.24	3.64	90.05
55	3.13	3.68	3.21	89.98
56	3.33	3.43	3.32	89.93
57	3.59	3.15	3.42	89.84
58	3.90	2.83	3.56	89.71
59	4.14	2.43	3.89	89.55
60	4.27	2.39	3.78	89.56
61	4.21	2.49	3.83	89.47
62	4.29	2.49	3.95	89.27
63	4.21	2.47	3.79	89.53
64	4.24	2.44	3.82	89.50
65	4.17	2.53	3.87	89.43
66	4.20	2.53	3.95	89.33
67	4.24	2.53	3.92	89.31
68	4.24	2.52	3.99	89.25
69	4.28	2.49	4.01	89.22
70	4.34	2.52	4.16	88.97
71	4.39	2.53	4.17	88.92
72	4.43	2.54	4.29	88.75
73	4.43	2.54	4.28	88.76
74	4.47	2.58	4.35	88.60
75	4.52	2.61	4.45	88.42
76	4.51	3.08	7.98	84.43
77	4.50	2.82	5.69	86.99
78	4.43	2.75	5.02	87.79
79	4.49	2.69	4.80	88.03
80	4.53	2.71	4.75	88.00
81	4.55	2.70	4.70	88.05
82	4.55	2.73	4.73	87.99
83	4.55	2.76	4.78	87.90
84	4.58	2.84	4.89	87.68
85	4.57	2.88	4.98	87.58
86	4.60	2.84	4.96	87.59
87	4.68	2.88	5.08	87.36
88	4.72	2.90	5.07	87.31
89	4.76	2.93	5.16	87.15
90	4.77	2.95	5.17	87.11
91	4.80	2.93	5.16	87.11
92	4.85	2.98	5.22	86.95
93	4.84	3.04	5.25	86.87
94	4.89	3.05	5.31	86.75
95	4.96	3.08	5.37	86.59
96	4.67	3.55	5.50	86.28
97	5.06	3.23	5.47	86.24
98	4.98	3.30	5.47	86.25
99	5.04	3.31	5.53	86.11
100	5.05	3.40	5.65	85.90
101	5.35	3.72	7.09	83.84




