Parameters
	Library type	Single-end
	Input file	jamie_no-index_L007_R1_0031.fastq
	Primer/Adaptor library	NA
	Cut-off read length for HQ	70%
	Cut-off quality score	20
	Only statistics	On
	Number of processes	2


QC statistics
	File name	jamie_no-index_L007_R1_0031.fastq
	Total number of reads	4000000
	Total number of HQ reads	3714441
	Percentage of HQ reads	92.86%
	Total number of bases	404000000
	Total number of bases in HQ reads	375158541
	Total number of HQ bases in HQ reads	371973723
	Percentage of HQ bases in HQ reads	99.15%
	Number of Primer/Adaptor contaminated HQ reads	NA
	Total number of HQ filtered reads	3714441
	Percentage of HQ filtered reads	92.86%


Detailed QC statistics
	File name	jamie_no-index_L007_R1_0031.fastq
	Minimum read length	101
	Maximum read length	101
	Average read length	101.00
	Total number of reads	4000000
	Total number of reads with non-ATGC bases	7333
	Percentage of reads with non-ATGC bases	0.18%
	Total number of bases	404000000
	Total number of HQ bases	387380161
	Percentage of HQ bases	95.89%
	Total number of non-ATGC bases	104774
	Percentage of non-ATGC bases	0.03%


Average quality score at each base position of input reads

jamie_no-index_L007_R1_0031.fastq
32.67	32.74	32.71	36.61	36.58	36.80	36.36	36.76	36.75	36.77	36.69	36.65	36.62	38.98	38.98	38.99	38.95	38.88	38.85	38.91	38.90	38.79	38.84	38.81	38.84	38.78	38.72	38.53	38.62	38.66	38.62	38.57	38.58	38.54	38.26	38.36	38.46	38.47	38.38	38.35	38.25	38.20	38.24	38.29	38.14	37.81	38.00	38.04	38.01	37.89	37.74	37.16	36.90	36.74	36.67	36.62	36.56	36.49	36.39	36.30	36.25	36.14	36.18	36.15	36.07	35.96	35.87	35.76	35.66	35.52	35.38	35.25	35.16	35.03	34.89	33.29	33.95	34.33	34.38	34.33	34.26	34.17	34.09	34.02	33.96	33.88	33.82	33.77	33.72	33.64	33.61	33.54	33.49	33.44	33.43	33.37	33.35	33.37	33.31	33.27	32.66	




Read count (%) per base for different quality score ranges

	jamie_no-index_L007_R1_0031.fastq
Ranges	0-10	11-20	21-30	31-40
Base
1	0.04	0.74	2.87	96.35
2	0.00	0.72	2.00	97.27
3	0.03	0.72	2.29	96.96
4	0.00	0.76	0.93	98.31
5	0.00	0.77	1.13	98.11
6	0.04	0.47	0.32	99.17
7	0.06	0.96	0.97	98.01
8	0.05	0.53	0.40	99.02
9	0.08	0.42	0.55	98.94
10	0.04	0.39	0.60	98.97
11	0.04	0.34	0.98	98.65
12	0.04	0.41	1.09	98.46
13	0.04	0.47	1.20	98.29
14	0.04	0.47	1.17	98.32
15	0.05	0.46	1.18	98.31
16	0.04	0.49	1.20	98.27
17	0.05	0.45	1.23	98.27
18	0.07	0.47	1.30	98.16
19	0.10	0.56	1.44	97.90
20	0.07	0.51	1.31	98.11
21	0.10	0.46	1.34	98.10
22	0.08	0.61	1.48	97.83
23	0.08	0.54	1.40	97.98
24	0.09	0.57	1.43	97.91
25	0.12	0.57	1.42	97.89
26	0.16	0.63	1.37	97.85
27	0.24	0.62	1.48	97.65
28	0.42	0.78	1.63	97.18
29	0.34	0.72	1.57	97.38
30	0.38	0.63	1.53	97.46
31	0.40	0.64	1.58	97.38
32	0.41	0.64	1.61	97.35
33	0.42	0.60	1.56	97.42
34	0.48	0.61	1.64	97.27
35	0.72	0.87	1.95	96.46
36	0.58	0.70	1.84	96.88
37	0.57	0.62	1.75	97.07
38	0.58	0.60	1.73	97.09
39	0.59	0.64	1.88	96.88
40	0.67	0.66	1.92	96.75
41	0.75	0.74	2.12	96.39
42	0.73	0.73	2.17	96.37
43	0.76	0.69	2.05	96.50
44	0.66	0.69	1.98	96.67
45	0.79	0.76	2.30	96.14
46	1.09	0.97	2.80	95.13
47	0.84	0.82	2.42	95.92
48	0.78	0.79	2.48	95.95
49	0.79	0.77	2.61	95.83
50	0.96	0.82	2.85	95.37
51	1.05	1.06	3.01	94.88
52	2.13	1.89	3.90	92.07
53	2.68	2.73	3.78	90.81
54	3.15	3.30	2.94	90.62
55	3.22	3.59	2.67	90.52
56	3.43	3.34	2.84	90.40
57	3.66	3.04	2.93	90.37
58	3.72	2.78	3.36	90.14
59	4.22	2.34	3.39	90.05
60	4.38	2.33	3.36	89.93
61	4.30	2.44	3.41	89.85
62	4.38	2.45	3.56	89.61
63	4.36	2.38	3.34	89.92
64	4.36	2.37	3.34	89.93
65	4.32	2.48	3.42	89.78
66	4.38	2.51	3.50	89.62
67	4.42	2.50	3.49	89.60
68	4.44	2.49	3.59	89.48
69	4.48	2.46	3.62	89.45
70	4.54	2.50	3.70	89.26
71	4.58	2.51	3.77	89.14
72	4.62	2.51	3.88	88.99
73	4.58	2.54	3.85	89.02
74	4.66	2.53	3.88	88.93
75	4.72	2.51	3.94	88.83
76	4.66	2.91	6.99	85.44
77	4.72	2.76	5.04	87.48
78	4.66	2.73	4.47	88.14
79	4.70	2.63	4.32	88.35
80	4.72	2.60	4.21	88.47
81	4.71	2.64	4.20	88.45
82	4.75	2.64	4.29	88.32
83	4.78	2.69	4.32	88.21
84	4.81	2.67	4.38	88.14
85	4.79	2.71	4.46	88.04
86	4.84	2.75	4.54	87.87
87	4.91	2.76	4.59	87.73
88	4.94	2.81	4.64	87.62
89	4.96	2.83	4.71	87.50
90	5.01	2.91	4.85	87.23
91	5.06	2.87	4.88	87.19
92	5.12	2.95	4.99	86.94
93	5.09	3.05	5.11	86.75
94	5.15	3.08	5.20	86.57
95	5.17	3.09	5.19	86.54
96	5.23	3.13	5.30	86.34
97	5.28	3.12	5.29	86.30
98	5.25	3.15	5.21	86.39
99	5.32	3.18	5.32	86.18
100	5.32	3.26	5.38	86.04
101	5.57	3.59	6.75	84.09




