Parameters
	Library type	Single-end
	Input file	jamie_no-index_L007_R1_0029.fastq
	Primer/Adaptor library	NA
	Cut-off read length for HQ	70%
	Cut-off quality score	20
	Only statistics	On
	Number of processes	2


QC statistics
	File name	jamie_no-index_L007_R1_0029.fastq
	Total number of reads	4000000
	Total number of HQ reads	3694646
	Percentage of HQ reads	92.37%
	Total number of bases	404000000
	Total number of bases in HQ reads	373159246
	Total number of HQ bases in HQ reads	368625728
	Percentage of HQ bases in HQ reads	98.79%
	Number of Primer/Adaptor contaminated HQ reads	NA
	Total number of HQ filtered reads	3694646
	Percentage of HQ filtered reads	92.37%


Detailed QC statistics
	File name	jamie_no-index_L007_R1_0029.fastq
	Minimum read length	101
	Maximum read length	101
	Average read length	101.00
	Total number of reads	4000000
	Total number of reads with non-ATGC bases	5698
	Percentage of reads with non-ATGC bases	0.14%
	Total number of bases	404000000
	Total number of HQ bases	385679426
	Percentage of HQ bases	95.47%
	Total number of non-ATGC bases	106780
	Percentage of non-ATGC bases	0.03%


Average quality score at each base position of input reads

jamie_no-index_L007_R1_0029.fastq
32.55	32.72	32.66	36.55	36.48	36.83	35.73	36.57	36.41	36.51	36.49	36.46	36.45	38.52	38.57	38.55	38.51	38.48	38.46	38.45	38.39	38.36	38.39	38.37	38.43	38.37	38.32	37.87	38.05	38.17	38.19	38.07	38.09	38.11	37.88	37.94	37.99	38.07	37.91	37.98	37.83	37.78	37.86	37.89	37.74	37.50	37.69	37.71	37.66	37.60	37.41	36.92	36.64	36.35	36.19	36.10	35.96	35.89	35.85	35.81	35.75	35.63	35.58	35.62	35.58	35.50	35.43	35.32	35.22	35.07	34.97	34.82	34.74	34.60	34.46	32.72	33.43	33.85	33.96	33.88	33.84	33.69	33.63	33.60	33.54	33.47	33.38	33.32	33.27	33.21	33.17	33.14	33.09	33.03	33.01	32.98	32.94	32.92	32.89	32.84	32.07	




Read count (%) per base for different quality score ranges

	jamie_no-index_L007_R1_0029.fastq
Ranges	0-10	11-20	21-30	31-40
Base
1	0.03	0.91	4.23	94.84
2	0.01	0.60	2.69	96.69
3	0.01	0.65	3.30	96.03
4	0.00	0.67	1.30	98.03
5	0.00	0.75	1.61	97.64
6	0.02	0.34	0.30	99.34
7	0.11	2.35	2.07	95.47
8	0.04	0.95	0.78	98.24
9	0.10	1.45	1.11	97.34
10	0.04	0.96	1.30	97.71
11	0.03	0.53	1.67	97.77
12	0.03	0.63	1.75	97.58
13	0.03	0.64	1.83	97.51
14	0.04	0.71	1.98	97.27
15	0.04	0.64	1.85	97.46
16	0.04	0.70	1.96	97.30
17	0.05	0.69	1.97	97.30
18	0.06	0.67	2.03	97.25
19	0.08	0.77	2.16	96.99
20	0.06	0.83	2.17	96.94
21	0.11	0.83	2.29	96.76
22	0.07	0.87	2.26	96.80
23	0.08	0.82	2.21	96.89
24	0.09	0.84	2.24	96.84
25	0.11	0.76	2.09	97.04
26	0.16	0.90	2.06	96.88
27	0.23	0.90	2.15	96.73
28	0.55	1.73	2.49	95.24
29	0.36	1.29	2.53	95.83
30	0.41	0.99	2.30	96.31
31	0.40	0.92	2.27	96.41
32	0.50	0.97	2.47	96.06
33	0.52	0.91	2.38	96.18
34	0.52	0.85	2.36	96.27
35	0.75	1.03	2.54	95.68
36	0.68	0.90	2.54	95.88
37	0.71	0.84	2.50	95.95
38	0.67	0.77	2.40	96.16
39	0.78	0.85	2.69	95.67
40	0.75	0.80	2.55	95.91
41	0.89	0.93	2.85	95.34
42	0.87	0.94	2.92	95.26
43	0.83	0.87	2.74	95.56
44	0.76	0.85	2.71	95.68
45	0.89	0.96	3.01	95.14
46	1.12	1.12	3.41	94.35
47	0.87	0.95	3.07	95.11
48	0.84	0.92	3.13	95.11
49	0.88	0.93	3.31	94.87
50	0.96	0.95	3.46	94.63
51	1.11	1.21	3.71	93.98
52	1.93	1.79	4.41	91.87
53	2.42	2.33	5.07	90.18
54	2.99	2.96	4.75	89.30
55	3.27	3.68	4.17	88.88
56	3.63	3.67	3.94	88.77
57	3.99	3.55	4.04	88.43
58	4.35	3.15	4.07	88.43
59	4.69	2.63	4.24	88.43
60	4.72	2.67	4.20	88.41
61	4.59	2.79	4.40	88.22
62	4.65	2.82	4.66	87.88
63	4.55	3.22	4.44	87.79
64	4.54	2.98	4.46	88.02
65	4.51	2.94	4.53	88.02
66	4.54	2.92	4.59	87.95
67	4.61	2.85	4.56	87.98
68	4.61	2.87	4.73	87.78
69	4.67	2.83	4.74	87.75
70	4.71	2.90	4.94	87.46
71	4.76	2.87	4.90	87.47
72	4.82	2.90	5.01	87.27
73	4.81	2.91	4.94	87.34
74	4.83	2.96	5.06	87.14
75	4.88	2.94	5.16	87.02
76	4.82	3.50	9.32	82.36
77	4.83	3.33	6.79	85.05
78	4.82	3.18	6.05	85.95
79	4.84	3.05	5.59	86.52
80	4.84	3.13	5.61	86.42
81	4.86	3.09	5.52	86.53
82	4.90	3.22	5.74	86.14
83	4.93	3.19	5.78	86.10
84	4.93	3.17	5.72	86.19
85	4.89	3.27	5.65	86.18
86	5.00	3.21	5.75	86.03
87	5.03	3.28	5.92	85.77
88	5.04	3.31	6.08	85.57
89	5.07	3.32	6.20	85.41
90	5.11	3.37	6.30	85.22
91	5.16	3.37	6.30	85.18
92	5.18	3.38	6.33	85.11
93	5.19	3.44	6.42	84.95
94	5.27	3.48	6.52	84.74
95	5.27	3.51	6.54	84.68
96	5.29	3.55	6.57	84.59
97	5.35	3.57	6.61	84.48
98	5.32	3.63	6.68	84.37
99	5.39	3.65	6.66	84.30
100	5.42	3.71	6.80	84.07
101	5.81	4.21	8.63	81.34




