Parameters
	Library type	Single-end
	Input file	/Volumes/wdhd/users/joaks1/projects/gekgo/data/genomes/msg/plate2/raw/jamie_no-index_L007_R1_0022.fastq
	Primer/Adaptor library	NA
	Cut-off read length for HQ	70%
	Cut-off quality score	20
	Only statistics	On
	Number of processes	2


QC statistics
	File name	jamie_no-index_L007_R1_0022.fastq
	Total number of reads	4000000
	Total number of HQ reads	3685650
	Percentage of HQ reads	92.14%
	Total number of bases	404000000
	Total number of bases in HQ reads	372250650
	Total number of HQ bases in HQ reads	367977316
	Percentage of HQ bases in HQ reads	98.85%
	Number of Primer/Adaptor contaminated HQ reads	NA
	Total number of HQ filtered reads	3685650
	Percentage of HQ filtered reads	92.14%


Detailed QC statistics
	File name	jamie_no-index_L007_R1_0022.fastq
	Minimum read length	101
	Maximum read length	101
	Average read length	101.00
	Total number of reads	4000000
	Total number of reads with non-ATGC bases	4678
	Percentage of reads with non-ATGC bases	0.12%
	Total number of bases	404000000
	Total number of HQ bases	385361681
	Percentage of HQ bases	95.39%
	Total number of non-ATGC bases	77149
	Percentage of non-ATGC bases	0.02%


Average quality score at each base position of input reads

jamie_no-index_L007_R1_0022.fastq
32.57	32.58	32.69	36.57	36.48	36.81	36.22	36.57	36.57	36.53	36.57	36.54	36.53	38.73	38.75	38.71	38.71	38.63	38.51	38.66	38.62	38.53	37.85	38.12	38.37	38.32	38.41	38.28	38.32	38.38	38.36	38.33	38.30	38.27	38.04	38.09	38.21	38.23	38.08	38.09	38.02	37.97	38.09	38.09	37.92	37.51	37.71	37.77	37.79	37.61	37.49	37.04	36.64	36.42	36.28	36.21	36.09	35.97	35.88	35.79	35.79	35.70	35.22	35.41	35.53	35.47	35.38	35.31	35.20	35.11	34.98	34.87	34.75	34.62	34.50	32.78	33.51	33.93	34.00	33.93	33.89	33.80	33.72	33.62	33.54	33.51	33.41	33.33	33.32	33.26	33.20	33.17	33.09	33.09	33.05	32.95	32.89	32.92	32.90	32.77	32.09	




Read count (%) per base for different quality score ranges

	jamie_no-index_L007_R1_0022.fastq
Ranges	0-10	11-20	21-30	31-40
Base
1	0.02	0.90	3.97	95.11
2	0.01	1.04	3.49	95.46
3	0.00	0.66	3.02	96.32
4	0.00	0.68	1.16	98.16
5	0.00	0.80	1.56	97.64
6	0.02	0.39	0.34	99.25
7	0.05	0.94	1.32	97.70
8	0.05	0.85	0.87	98.23
9	0.07	0.77	1.07	98.10
10	0.04	0.96	1.25	97.76
11	0.03	0.46	1.41	98.10
12	0.03	0.50	1.48	97.99
13	0.03	0.53	1.55	97.90
14	0.03	0.56	1.56	97.85
15	0.04	0.53	1.55	97.89
16	0.04	0.61	1.69	97.66
17	0.04	0.56	1.61	97.80
18	0.06	0.61	1.78	97.55
19	0.09	0.81	2.11	96.99
20	0.06	0.64	1.75	97.56
21	0.09	0.63	1.85	97.43
22	0.07	0.76	1.96	97.22
23	0.26	2.85	2.41	94.48
24	0.09	1.47	2.80	95.65
25	0.10	0.94	2.03	96.93
26	0.17	1.07	2.05	96.71
27	0.22	0.89	1.91	96.99
28	0.36	0.96	1.99	96.69
29	0.35	0.91	2.07	96.67
30	0.41	0.82	1.99	96.78
31	0.39	0.81	1.99	96.80
32	0.42	0.76	2.02	96.80
33	0.46	0.76	2.04	96.74
34	0.50	0.77	2.11	96.62
35	0.73	0.94	2.28	96.05
36	0.64	0.83	2.27	96.27
37	0.63	0.71	2.11	96.55
38	0.64	0.69	2.12	96.55
39	0.71	0.78	2.37	96.14
40	0.76	0.76	2.34	96.13
41	0.82	0.83	2.46	95.88
42	0.80	0.83	2.56	95.80
43	0.74	0.76	2.31	96.19
44	0.73	0.75	2.35	96.17
45	0.85	0.88	2.68	95.59
46	1.25	1.16	3.33	94.26
47	0.93	0.98	2.99	95.10
48	0.86	0.91	2.97	95.27
49	0.84	0.87	3.01	95.28
50	1.06	0.98	3.40	94.56
51	1.12	1.18	3.48	94.21
52	1.92	1.78	4.17	92.12
53	2.65	2.58	4.67	90.11
54	3.08	3.12	4.38	89.43
55	3.37	3.67	3.90	89.07
56	3.68	3.67	3.63	89.02
57	3.97	3.57	3.68	88.78
58	4.51	3.13	3.73	88.64
59	4.97	2.63	3.87	88.54
60	4.93	2.75	4.06	88.26
61	4.76	2.81	4.08	88.35
62	4.80	2.82	4.25	88.13
63	5.76	3.36	4.35	86.52
64	4.79	3.29	5.04	86.88
65	4.73	3.02	4.34	87.90
66	4.77	3.03	4.24	87.96
67	4.84	2.98	4.35	87.82
68	4.84	2.97	4.37	87.82
69	4.93	2.92	4.38	87.77
70	4.94	2.87	4.44	87.75
71	4.96	2.91	4.51	87.63
72	5.05	2.86	4.48	87.62
73	5.05	2.92	4.51	87.52
74	5.08	2.95	4.58	87.39
75	5.11	2.92	4.64	87.34
76	5.03	3.40	8.54	83.03
77	5.02	3.23	6.09	85.66
78	5.00	3.10	5.44	86.46
79	5.02	3.03	5.14	86.81
80	5.02	3.08	5.15	86.75
81	5.05	3.01	4.98	86.95
82	5.08	3.05	5.07	86.80
83	5.11	3.06	5.15	86.68
84	5.17	3.11	5.25	86.48
85	5.19	3.15	5.36	86.30
86	5.18	3.11	5.35	86.36
87	5.26	3.20	5.53	86.00
88	5.32	3.27	5.64	85.77
89	5.33	3.22	5.59	85.86
90	5.32	3.30	5.71	85.67
91	5.40	3.32	5.82	85.46
92	5.44	3.32	5.78	85.46
93	5.47	3.43	6.03	85.08
94	5.46	3.41	5.99	85.14
95	5.51	3.45	6.01	85.03
96	5.59	3.56	6.22	84.63
97	5.63	3.64	6.35	84.38
98	5.63	3.59	6.22	84.57
99	5.63	3.64	6.23	84.50
100	5.72	3.82	6.57	83.89
101	6.04	4.20	8.22	81.54




