Parameters
	Library type	Single-end
	Input file	/Volumes/wdhd/users/joaks1/projects/gekgo/data/genomes/msg/plate2/raw/jamie_no-index_L007_R1_0012.fastq
	Primer/Adaptor library	NA
	Cut-off read length for HQ	70%
	Cut-off quality score	20
	Only statistics	On
	Number of processes	2


QC statistics
	File name	jamie_no-index_L007_R1_0012.fastq
	Total number of reads	4000000
	Total number of HQ reads	3705061
	Percentage of HQ reads	92.63%
	Total number of bases	404000000
	Total number of bases in HQ reads	374211161
	Total number of HQ bases in HQ reads	370569088
	Percentage of HQ bases in HQ reads	99.03%
	Number of Primer/Adaptor contaminated HQ reads	NA
	Total number of HQ filtered reads	3705061
	Percentage of HQ filtered reads	92.63%


Detailed QC statistics
	File name	jamie_no-index_L007_R1_0012.fastq
	Minimum read length	101
	Maximum read length	101
	Average read length	101.00
	Total number of reads	4000000
	Total number of reads with non-ATGC bases	7675
	Percentage of reads with non-ATGC bases	0.19%
	Total number of bases	404000000
	Total number of HQ bases	387010259
	Percentage of HQ bases	95.79%
	Total number of non-ATGC bases	88558
	Percentage of non-ATGC bases	0.02%


Average quality score at each base position of input reads

jamie_no-index_L007_R1_0012.fastq
32.65	32.75	32.70	36.57	36.54	36.80	36.15	36.67	36.76	36.78	36.65	36.58	36.56	38.78	38.78	38.76	38.76	38.73	38.69	38.74	38.74	38.65	38.69	38.64	38.69	38.64	38.57	38.35	38.46	38.49	38.46	38.43	38.42	38.43	38.18	38.23	38.35	38.39	38.28	38.26	38.23	38.16	38.23	38.26	38.17	37.75	37.98	38.00	37.99	37.90	37.79	37.10	36.76	36.49	36.40	36.29	36.23	36.13	36.05	36.02	35.96	35.86	35.92	35.90	35.86	35.78	35.70	35.59	35.48	35.35	35.21	35.09	34.96	34.82	34.69	32.80	33.65	34.15	34.23	34.18	34.13	34.05	33.96	33.89	33.82	33.77	33.72	33.65	33.63	33.61	33.58	33.54	33.51	33.46	33.41	33.38	33.34	33.33	33.36	33.29	32.63	




Read count (%) per base for different quality score ranges

	jamie_no-index_L007_R1_0012.fastq
Ranges	0-10	11-20	21-30	31-40
Base
1	0.02	0.68	3.48	95.81
2	0.00	0.57	2.33	97.10
3	0.00	0.63	2.88	96.49
4	0.07	0.65	1.13	98.15
5	0.00	0.74	1.36	97.91
6	0.03	0.42	0.37	99.18
7	0.05	1.02	1.28	97.65
8	0.06	0.71	0.58	98.64
9	0.06	0.34	0.58	99.02
10	0.03	0.29	0.60	99.08
11	0.02	0.31	1.19	98.47
12	0.03	0.44	1.38	98.14
13	0.03	0.49	1.47	98.01
14	0.03	0.54	1.55	97.88
15	0.04	0.54	1.55	97.87
16	0.07	0.57	1.60	97.76
17	0.04	0.55	1.53	97.89
18	0.05	0.51	1.61	97.83
19	0.08	0.60	1.79	97.53
20	0.05	0.58	1.67	97.70
21	0.08	0.52	1.69	97.71
22	0.06	0.66	1.78	97.51
23	0.06	0.59	1.69	97.66
24	0.07	0.66	1.82	97.45
25	0.09	0.62	1.73	97.57
26	0.14	0.70	1.66	97.50
27	0.20	0.72	1.80	97.28
28	0.40	0.91	1.97	96.72
29	0.31	0.80	1.89	97.00
30	0.37	0.72	1.86	97.05
31	0.37	0.74	1.89	97.00
32	0.38	0.69	1.92	97.01
33	0.42	0.69	1.89	97.00
34	0.41	0.65	1.91	97.03
35	0.63	0.87	2.15	96.34
36	0.56	0.75	2.17	96.53
37	0.53	0.65	2.01	96.81
38	0.52	0.63	1.96	96.89
39	0.56	0.68	2.15	96.60
40	0.64	0.69	2.19	96.49
41	0.62	0.73	2.27	96.37
42	0.65	0.73	2.36	96.25
43	0.61	0.69	2.24	96.46
44	0.59	0.67	2.19	96.55
45	0.65	0.72	2.40	96.23
46	0.97	0.97	3.09	94.97
47	0.71	0.81	2.61	95.87
48	0.69	0.78	2.66	95.86
49	0.72	0.77	2.76	95.75
50	0.78	0.82	3.00	95.40
51	0.86	0.98	3.11	95.05
52	2.00	1.72	4.13	92.15
53	2.58	2.40	4.91	90.11
54	3.15	3.25	3.97	89.63
55	3.22	3.86	3.43	89.49
56	3.59	3.62	3.55	89.25
57	3.79	3.42	3.58	89.21
58	4.26	2.98	3.69	89.07
59	4.62	2.52	3.90	88.96
60	4.68	2.52	3.82	88.98
61	4.61	2.61	3.95	88.83
62	4.64	2.63	4.10	88.63
63	4.54	2.59	3.91	88.96
64	4.55	2.57	3.90	88.98
65	4.47	2.67	3.94	88.92
66	4.50	2.63	4.02	88.85
67	4.52	2.64	3.99	88.85
68	4.53	2.67	4.09	88.71
69	4.62	2.62	4.09	88.67
70	4.57	2.70	4.30	88.43
71	4.67	2.70	4.31	88.32
72	4.70	2.71	4.35	88.24
73	4.73	2.71	4.43	88.13
74	4.77	2.78	4.54	87.91
75	4.82	2.74	4.53	87.91
76	4.70	3.39	8.85	83.07
77	4.67	3.08	6.05	86.20
78	4.67	2.91	5.25	87.18
79	4.64	2.90	4.98	87.48
80	4.65	2.89	4.88	87.57
81	4.64	2.91	4.86	87.59
82	4.68	2.89	4.88	87.55
83	4.73	2.90	4.97	87.39
84	4.75	2.94	4.99	87.32
85	4.74	3.01	5.07	87.18
86	4.80	2.98	5.06	87.17
87	4.84	2.99	5.08	87.10
88	4.87	3.05	5.21	86.87
89	4.88	3.06	5.22	86.84
90	4.88	3.07	5.23	86.83
91	4.91	3.08	5.25	86.77
92	4.92	3.13	5.27	86.67
93	4.94	3.15	5.35	86.57
94	5.00	3.18	5.40	86.42
95	5.01	3.27	5.54	86.18
96	5.09	3.26	5.52	86.13
97	5.12	3.31	5.54	86.03
98	5.13	3.34	5.54	86.00
99	5.12	3.29	5.48	86.10
100	5.18	3.36	5.60	85.87
101	5.53	3.74	7.01	83.72




