Parameters
	Library type	Single-end
	Input file	/Volumes/wdhd/users/joaks1/projects/gekgo/data/genomes/msg/plate2/raw/jamie_no-index_L007_R1_0025.fastq
	Primer/Adaptor library	NA
	Cut-off read length for HQ	70%
	Cut-off quality score	20
	Only statistics	On
	Number of processes	2


QC statistics
	File name	jamie_no-index_L007_R1_0025.fastq
	Total number of reads	4000000
	Total number of HQ reads	3707663
	Percentage of HQ reads	92.69%
	Total number of bases	404000000
	Total number of bases in HQ reads	374473963
	Total number of HQ bases in HQ reads	371071779
	Percentage of HQ bases in HQ reads	99.09%
	Number of Primer/Adaptor contaminated HQ reads	NA
	Total number of HQ filtered reads	3707663
	Percentage of HQ filtered reads	92.69%


Detailed QC statistics
	File name	jamie_no-index_L007_R1_0025.fastq
	Minimum read length	101
	Maximum read length	101
	Average read length	101.00
	Total number of reads	4000000
	Total number of reads with non-ATGC bases	6159
	Percentage of reads with non-ATGC bases	0.15%
	Total number of bases	404000000
	Total number of HQ bases	387094959
	Percentage of HQ bases	95.82%
	Total number of non-ATGC bases	90172
	Percentage of non-ATGC bases	0.02%


Average quality score at each base position of input reads

jamie_no-index_L007_R1_0025.fastq
32.66	32.73	32.70	36.61	36.55	36.81	36.29	36.73	36.74	36.76	36.66	36.59	36.58	38.81	38.84	38.82	38.82	38.78	38.69	38.79	38.75	38.70	38.73	38.70	38.71	38.67	38.63	38.44	38.54	38.55	38.54	38.40	38.44	38.45	38.11	38.21	38.32	38.37	38.28	38.26	38.21	38.14	38.22	38.25	38.12	37.82	37.99	37.99	38.02	37.86	37.76	37.07	36.79	36.61	36.50	36.47	36.40	36.28	36.20	36.16	36.12	36.01	36.06	36.01	35.95	35.86	35.77	35.67	35.56	35.44	35.31	35.17	35.04	34.92	34.80	33.17	33.86	34.25	34.27	34.25	34.16	34.07	33.97	33.94	33.88	33.82	33.75	33.66	33.63	33.61	33.59	33.56	33.52	33.46	33.43	33.38	33.34	33.33	33.33	33.29	32.63	




Read count (%) per base for different quality score ranges

	jamie_no-index_L007_R1_0025.fastq
Ranges	0-10	11-20	21-30	31-40
Base
1	0.04	0.72	3.11	96.13
2	0.03	0.69	2.20	97.08
3	0.00	0.73	2.56	96.71
4	0.00	0.70	1.02	98.28
5	0.00	0.76	1.28	97.96
6	0.04	0.46	0.30	99.20
7	0.06	0.99	1.09	97.86
8	0.06	0.56	0.48	98.91
9	0.09	0.41	0.61	98.89
10	0.05	0.39	0.64	98.93
11	0.04	0.34	1.10	98.52
12	0.04	0.47	1.31	98.18
13	0.04	0.50	1.34	98.12
14	0.04	0.57	1.46	97.93
15	0.05	0.53	1.39	98.03
16	0.05	0.58	1.49	97.89
17	0.05	0.51	1.42	98.01
18	0.06	0.51	1.46	97.96
19	0.10	0.66	1.73	97.51
20	0.07	0.57	1.53	97.83
21	0.11	0.55	1.61	97.72
22	0.08	0.65	1.64	97.63
23	0.08	0.60	1.60	97.73
24	0.09	0.62	1.65	97.64
25	0.12	0.63	1.65	97.61
26	0.16	0.69	1.54	97.60
27	0.23	0.68	1.62	97.48
28	0.37	0.84	1.80	96.99
29	0.32	0.73	1.72	97.23
30	0.38	0.70	1.72	97.19
31	0.37	0.68	1.71	97.24
32	0.45	0.75	1.93	96.87
33	0.44	0.68	1.80	97.08
34	0.45	0.65	1.80	97.10
35	0.77	0.93	2.18	96.12
36	0.62	0.78	2.07	96.54
37	0.62	0.68	1.94	96.75
38	0.58	0.65	1.90	96.86
39	0.64	0.66	2.05	96.65
40	0.71	0.69	2.09	96.51
41	0.74	0.73	2.21	96.32
42	0.73	0.74	2.30	96.23
43	0.69	0.69	2.16	96.45
44	0.64	0.69	2.10	96.57
45	0.74	0.77	2.36	96.12
46	1.00	0.94	2.85	95.22
47	0.78	0.81	2.53	95.88
48	0.76	0.79	2.65	95.80
49	0.73	0.76	2.64	95.87
50	0.89	0.84	2.99	95.27
51	0.92	1.00	3.08	94.99
52	2.10	1.81	4.16	91.92
53	2.60	2.68	4.36	90.36
54	2.98	3.26	3.71	90.05
55	3.20	3.78	3.12	89.89
56	3.34	3.53	3.29	89.84
57	3.63	3.25	3.35	89.78
58	3.99	2.91	3.56	89.53
59	4.46	2.42	3.65	89.47
60	4.43	2.48	3.67	89.43
61	4.32	2.57	3.74	89.37
62	4.40	2.58	3.86	89.16
63	4.37	2.52	3.67	89.44
64	4.36	2.57	3.72	89.35
65	4.36	2.57	3.78	89.29
66	4.37	2.62	3.84	89.18
67	4.49	2.56	3.76	89.19
68	4.48	2.60	3.84	89.08
69	4.53	2.56	3.86	89.05
70	4.56	2.55	4.00	88.89
71	4.63	2.57	4.00	88.81
72	4.68	2.60	4.07	88.65
73	4.65	2.69	4.19	88.47
74	4.72	2.67	4.19	88.42
75	4.77	2.61	4.20	88.42
76	4.69	3.19	7.53	84.59
77	4.69	2.92	5.46	86.92
78	4.67	2.81	4.87	87.64
79	4.76	2.77	4.63	87.84
80	4.72	2.75	4.53	88.00
81	4.77	2.77	4.53	87.93
82	4.81	2.78	4.56	87.85
83	4.85	2.84	4.69	87.62
84	4.84	2.81	4.65	87.70
85	4.82	2.84	4.67	87.66
86	4.90	2.83	4.73	87.54
87	4.92	2.90	4.78	87.39
88	4.97	2.98	4.99	87.05
89	5.01	2.96	4.98	87.05
90	4.98	3.02	5.04	86.96
91	5.03	2.97	5.03	86.97
92	5.05	2.98	5.03	86.94
93	5.08	3.03	5.13	86.77
94	5.17	3.05	5.18	86.60
95	5.16	3.14	5.27	86.44
96	5.19	3.18	5.35	86.29
97	5.24	3.20	5.39	86.17
98	5.24	3.26	5.37	86.13
99	5.25	3.25	5.35	86.15
100	5.28	3.30	5.42	86.00
101	5.60	3.65	6.84	83.91




