Parameters
	Library type	Single-end
	Input file	/Volumes/wdhd/users/joaks1/projects/gekgo/data/genomes/msg/plate2/raw/jamie_no-index_L007_R1_0026.fastq
	Primer/Adaptor library	NA
	Cut-off read length for HQ	70%
	Cut-off quality score	20
	Only statistics	On
	Number of processes	2


QC statistics
	File name	jamie_no-index_L007_R1_0026.fastq
	Total number of reads	4000000
	Total number of HQ reads	3733164
	Percentage of HQ reads	93.33%
	Total number of bases	404000000
	Total number of bases in HQ reads	377049564
	Total number of HQ bases in HQ reads	373405965
	Percentage of HQ bases in HQ reads	99.03%
	Number of Primer/Adaptor contaminated HQ reads	NA
	Total number of HQ filtered reads	3733164
	Percentage of HQ filtered reads	93.33%


Detailed QC statistics
	File name	jamie_no-index_L007_R1_0026.fastq
	Minimum read length	101
	Maximum read length	101
	Average read length	101.00
	Total number of reads	4000000
	Total number of reads with non-ATGC bases	4900
	Percentage of reads with non-ATGC bases	0.12%
	Total number of bases	404000000
	Total number of HQ bases	388132871
	Percentage of HQ bases	96.07%
	Total number of non-ATGC bases	81968
	Percentage of non-ATGC bases	0.02%


Average quality score at each base position of input reads

jamie_no-index_L007_R1_0026.fastq
32.64	32.74	32.70	36.59	36.53	36.80	36.26	36.56	36.68	36.76	36.62	36.58	36.55	38.74	38.75	38.76	38.71	38.70	38.65	38.70	38.68	38.62	38.67	38.60	38.50	38.52	38.47	38.33	38.42	38.47	38.46	38.39	38.35	38.38	38.14	38.22	38.31	38.31	38.23	38.20	38.13	38.10	38.14	38.17	38.07	37.75	37.91	37.94	37.92	37.84	37.69	37.12	36.85	36.67	36.58	36.52	36.45	36.37	36.28	36.25	36.20	36.10	36.15	36.11	36.05	35.98	35.89	35.77	35.66	35.53	35.41	35.27	35.15	35.03	34.89	33.17	33.92	34.34	34.38	34.34	34.26	34.18	34.10	34.05	33.97	33.90	33.84	33.80	33.76	33.71	33.69	33.66	33.61	33.57	33.53	33.47	33.44	33.44	33.44	33.39	32.69	




Read count (%) per base for different quality score ranges

	jamie_no-index_L007_R1_0026.fastq
Ranges	0-10	11-20	21-30	31-40
Base
1	0.03	0.72	3.51	95.74
2	0.02	0.63	2.28	97.08
3	0.00	0.66	2.78	96.57
4	0.00	0.66	1.12	98.22
5	0.00	0.73	1.41	97.86
6	0.04	0.45	0.33	99.19
7	0.06	1.00	1.17	97.77
8	0.13	1.06	0.72	98.09
9	0.08	0.49	0.82	98.60
10	0.05	0.36	0.61	98.98
11	0.04	0.38	1.25	98.34
12	0.04	0.46	1.37	98.13
13	0.04	0.51	1.46	97.99
14	0.04	0.58	1.58	97.80
15	0.05	0.57	1.56	97.81
16	0.05	0.58	1.58	97.79
17	0.05	0.58	1.65	97.72
18	0.06	0.55	1.62	97.77
19	0.09	0.65	1.81	97.45
20	0.07	0.62	1.69	97.62
21	0.11	0.58	1.75	97.57
22	0.08	0.68	1.79	97.46
23	0.08	0.61	1.70	97.62
24	0.10	0.70	1.83	97.38
25	0.15	0.90	2.02	96.93
26	0.16	0.81	1.79	97.24
27	0.24	0.81	1.89	97.06
28	0.39	0.93	1.98	96.70
29	0.34	0.82	1.94	96.91
30	0.37	0.74	1.85	97.04
31	0.38	0.71	1.86	97.05
32	0.41	0.73	1.96	96.90
33	0.46	0.72	1.99	96.83
34	0.45	0.69	1.94	96.91
35	0.70	0.88	2.19	96.23
36	0.57	0.76	2.11	96.56
37	0.58	0.67	2.03	96.72
38	0.60	0.67	2.04	96.69
39	0.63	0.69	2.17	96.51
40	0.70	0.71	2.22	96.37
41	0.74	0.77	2.35	96.14
42	0.71	0.76	2.40	96.13
43	0.71	0.73	2.31	96.25
44	0.67	0.72	2.27	96.35
45	0.72	0.79	2.51	95.98
46	0.98	0.98	2.99	95.05
47	0.78	0.84	2.71	95.66
48	0.74	0.80	2.74	95.72
49	0.77	0.80	2.85	95.58
50	0.84	0.84	3.07	95.25
51	0.94	1.03	3.25	94.78
52	1.95	1.67	4.05	92.33
53	2.43	2.31	4.55	90.72
54	2.80	2.84	4.00	90.36
55	2.96	3.41	3.35	90.28
56	3.16	3.21	3.49	90.13
57	3.40	3.01	3.52	90.06
58	3.69	2.70	3.66	89.94
59	4.13	2.27	3.80	89.80
60	4.08	2.31	3.80	89.80
61	4.00	2.42	3.91	89.68
62	4.03	2.43	4.09	89.45
63	3.97	2.37	3.88	89.78
64	3.96	2.41	3.91	89.72
65	3.95	2.43	4.03	89.58
66	3.97	2.43	3.98	89.62
67	4.06	2.38	4.01	89.55
68	4.06	2.45	4.09	89.40
69	4.14	2.41	4.13	89.32
70	4.19	2.42	4.22	89.17
71	4.21	2.46	4.25	89.08
72	4.22	2.50	4.39	88.89
73	4.24	2.52	4.43	88.81
74	4.29	2.55	4.43	88.73
75	4.31	2.54	4.54	88.60
76	4.25	3.05	8.26	84.43
77	4.27	2.78	5.87	87.07
78	4.25	2.66	5.18	87.91
79	4.31	2.64	4.91	88.14
80	4.30	2.62	4.84	88.25
81	4.30	2.67	4.87	88.17
82	4.34	2.67	4.85	88.14
83	4.38	2.69	4.93	88.01
84	4.34	2.71	4.95	88.01
85	4.37	2.73	5.08	87.83
86	4.46	2.74	5.12	87.68
87	4.50	2.76	5.15	87.59
88	4.50	2.79	5.20	87.52
89	4.52	2.81	5.27	87.39
90	4.53	2.90	5.36	87.22
91	4.55	2.85	5.36	87.24
92	4.59	2.86	5.35	87.20
93	4.61	2.93	5.45	87.02
94	4.68	2.93	5.47	86.92
95	4.66	3.04	5.61	86.69
96	4.58	3.27	5.71	86.43
97	4.77	3.11	5.70	86.42
98	4.72	3.22	5.69	86.38
99	4.74	3.18	5.65	86.43
100	4.77	3.25	5.75	86.23
101	5.13	3.63	7.34	83.90




