Parameters
	Library type	Single-end
	Input file	/Volumes/wdhd/users/joaks1/projects/gekgo/data/genomes/msg/plate2/raw/jamie_no-index_L007_R1_0014.fastq
	Primer/Adaptor library	NA
	Cut-off read length for HQ	70%
	Cut-off quality score	20
	Only statistics	On
	Number of processes	2


QC statistics
	File name	jamie_no-index_L007_R1_0014.fastq
	Total number of reads	4000000
	Total number of HQ reads	3670513
	Percentage of HQ reads	91.76%
	Total number of bases	404000000
	Total number of bases in HQ reads	370721813
	Total number of HQ bases in HQ reads	366104326
	Percentage of HQ bases in HQ reads	98.75%
	Number of Primer/Adaptor contaminated HQ reads	NA
	Total number of HQ filtered reads	3670513
	Percentage of HQ filtered reads	91.76%


Detailed QC statistics
	File name	jamie_no-index_L007_R1_0014.fastq
	Minimum read length	101
	Maximum read length	101
	Average read length	101.00
	Total number of reads	4000000
	Total number of reads with non-ATGC bases	7115
	Percentage of reads with non-ATGC bases	0.18%
	Total number of bases	404000000
	Total number of HQ bases	384939460
	Percentage of HQ bases	95.28%
	Total number of non-ATGC bases	109019
	Percentage of non-ATGC bases	0.03%


Average quality score at each base position of input reads

jamie_no-index_L007_R1_0014.fastq
32.54	32.69	32.69	36.53	36.43	36.56	35.41	36.52	36.68	36.70	36.49	36.46	36.40	38.49	38.50	38.46	38.46	38.42	38.31	38.40	38.38	38.28	38.40	38.33	38.40	38.31	38.30	38.01	38.09	38.14	38.13	38.06	38.11	38.11	37.88	37.95	38.07	38.06	37.94	38.00	37.96	37.86	37.86	37.89	37.84	37.51	37.55	37.67	37.69	37.61	37.46	36.93	36.70	36.14	36.03	35.86	35.74	35.60	35.55	35.50	35.42	35.40	35.51	35.48	35.39	35.34	35.24	35.15	35.07	34.93	34.79	34.69	34.52	34.38	34.25	32.31	33.14	33.68	33.80	33.77	33.75	33.63	33.55	33.49	33.44	33.34	33.29	33.25	33.21	33.11	33.11	33.10	33.05	32.99	32.99	32.87	32.88	32.88	32.85	32.80	32.08	




Read count (%) per base for different quality score ranges

	jamie_no-index_L007_R1_0014.fastq
Ranges	0-10	11-20	21-30	31-40
Base
1	0.02	0.83	4.70	94.44
2	0.00	0.60	3.16	96.24
3	0.00	0.50	3.41	96.09
4	0.05	0.56	1.40	97.99
5	0.00	0.78	1.84	97.39
6	0.11	1.05	0.81	98.04
7	0.13	2.75	2.76	94.36
8	0.04	0.83	1.03	98.10
9	0.04	0.42	0.84	98.70
10	0.03	0.40	0.88	98.70
11	0.02	0.49	1.82	97.67
12	0.02	0.57	1.81	97.60
13	0.02	0.66	2.01	97.31
14	0.03	0.66	1.96	97.35
15	0.04	0.65	1.97	97.35
16	0.07	0.71	2.05	97.18
17	0.04	0.70	2.05	97.22
18	0.05	0.69	2.17	97.09
19	0.08	0.89	2.47	96.56
20	0.05	0.80	2.24	96.91
21	0.10	0.75	2.29	96.86
22	0.06	0.92	2.43	96.59
23	0.06	0.71	2.14	97.09
24	0.07	0.82	2.34	96.77
25	0.09	0.74	2.18	97.00
26	0.15	0.92	2.18	96.75
27	0.20	0.86	2.18	96.76
28	0.43	1.12	2.51	95.93
29	0.36	1.06	2.45	96.14
30	0.42	0.94	2.39	96.25
31	0.42	0.95	2.42	96.21
32	0.49	0.94	2.49	96.08
33	0.46	0.87	2.36	96.31
34	0.48	0.84	2.39	96.29
35	0.68	1.03	2.62	95.67
36	0.61	0.87	2.59	95.94
37	0.60	0.77	2.40	96.23
38	0.66	0.78	2.47	96.09
39	0.72	0.86	2.68	95.74
40	0.70	0.81	2.58	95.90
41	0.72	0.84	2.64	95.79
42	0.77	0.88	2.87	95.47
43	0.84	0.89	2.79	95.49
44	0.80	0.87	2.76	95.57
45	0.77	0.92	2.91	95.39
46	1.06	1.09	3.47	94.38
47	1.00	1.05	3.36	94.60
48	0.81	0.98	3.23	94.98
49	0.82	0.91	3.28	94.99
50	0.89	0.97	3.52	94.62
51	1.00	1.16	3.70	94.13
52	1.79	1.68	4.33	92.20
53	2.05	1.99	5.68	90.28
54	3.08	2.92	5.77	88.23
55	3.17	3.85	4.98	87.99
56	3.84	4.03	4.35	87.78
57	4.16	4.02	4.25	87.57
58	4.85	3.50	4.26	87.39
59	5.39	2.82	4.34	87.45
60	5.29	2.94	4.53	87.24
61	5.15	3.07	4.77	87.01
62	5.10	3.05	4.81	87.04
63	4.92	2.98	4.49	87.61
64	4.93	3.00	4.55	87.52
65	4.85	3.14	4.74	87.26
66	4.88	3.06	4.76	87.30
67	4.90	3.13	4.82	87.15
68	4.91	3.14	4.87	87.08
69	4.97	3.07	4.84	87.12
70	4.95	3.16	5.03	86.86
71	5.02	3.17	5.07	86.73
72	5.06	3.16	5.06	86.71
73	5.10	3.25	5.29	86.35
74	5.15	3.28	5.38	86.19
75	5.20	3.26	5.40	86.13
76	5.12	4.02	10.31	80.55
77	5.06	3.66	7.23	84.05
78	5.01	3.49	6.26	85.25
79	4.99	3.40	5.86	85.74
80	4.98	3.39	5.77	85.85
81	4.99	3.34	5.61	86.06
82	5.00	3.46	5.76	85.77
83	5.08	3.43	5.81	85.68
84	5.09	3.47	5.78	85.66
85	5.10	3.43	5.80	85.67
86	5.13	3.53	5.99	85.35
87	5.18	3.51	5.99	85.32
88	5.20	3.52	6.00	85.28
89	5.26	3.52	6.07	85.16
90	5.26	3.67	6.36	84.71
91	5.28	3.61	6.26	84.85
92	5.27	3.61	6.21	84.91
93	5.33	3.63	6.34	84.70
94	5.34	3.73	6.43	84.50
95	5.36	3.69	6.41	84.54
96	5.48	3.84	6.64	84.04
97	5.47	3.82	6.58	84.13
98	5.47	3.87	6.53	84.13
99	5.49	3.93	6.59	83.99
100	5.53	3.96	6.67	83.84
101	5.94	4.38	8.26	81.41




