Parameters
	Library type	Single-end
	Input file	/Volumes/wdhd/users/joaks1/projects/gekgo/data/genomes/msg/plate2/raw/jamie_no-index_L007_R1_0044.fastq
	Primer/Adaptor library	NA
	Cut-off read length for HQ	70%
	Cut-off quality score	20
	Only statistics	On
	Number of processes	2


QC statistics
	File name	jamie_no-index_L007_R1_0044.fastq
	Total number of reads	401968
	Total number of HQ reads	371812
	Percentage of HQ reads	92.50%
	Total number of bases	40598768
	Total number of bases in HQ reads	37553012
	Total number of HQ bases in HQ reads	36989293
	Percentage of HQ bases in HQ reads	98.50%
	Number of Primer/Adaptor contaminated HQ reads	NA
	Total number of HQ filtered reads	371812
	Percentage of HQ filtered reads	92.50%


Detailed QC statistics
	File name	jamie_no-index_L007_R1_0044.fastq
	Minimum read length	101
	Maximum read length	101
	Average read length	101.00
	Total number of reads	401968
	Total number of reads with non-ATGC bases	988
	Percentage of reads with non-ATGC bases	0.25%
	Total number of bases	40598768
	Total number of HQ bases	38728703
	Percentage of HQ bases	95.39%
	Total number of non-ATGC bases	28330
	Percentage of non-ATGC bases	0.07%


Average quality score at each base position of input reads

jamie_no-index_L007_R1_0044.fastq
32.51	32.72	32.55	36.46	36.32	36.84	36.09	36.65	36.45	36.68	36.47	36.32	36.29	38.13	38.07	38.09	38.11	38.00	37.90	37.96	38.01	37.98	37.85	37.76	37.97	37.75	37.72	37.71	37.78	37.78	37.80	37.59	37.50	37.49	37.53	37.25	37.41	37.57	37.27	37.37	37.33	37.40	37.57	37.44	37.41	37.36	37.22	36.95	37.08	37.27	37.30	36.79	36.63	36.19	36.03	35.80	35.57	35.61	35.59	35.57	35.53	35.44	35.46	35.43	35.35	35.21	35.25	35.21	35.14	34.89	34.82	34.69	34.65	34.48	34.23	32.49	33.29	33.78	33.77	33.78	33.71	33.58	33.49	33.33	33.26	33.25	33.11	33.04	33.03	32.91	32.81	32.78	32.72	32.70	32.69	32.62	32.67	32.64	32.64	32.59	31.71	




Read count (%) per base for different quality score ranges

	jamie_no-index_L007_R1_0044.fastq
Ranges	0-10	11-20	21-30	31-40
Base
1	0.00	0.83	5.22	93.95
2	0.00	0.46	3.01	96.53
3	0.03	0.71	4.81	94.45
4	0.00	0.65	1.70	97.65
5	0.00	0.84	2.27	96.89
6	0.01	0.22	0.34	99.43
7	0.04	0.86	1.67	97.43
8	0.03	0.50	0.87	98.60
9	0.06	1.00	1.50	97.44
10	0.02	0.41	0.94	98.63
11	0.02	0.45	1.92	97.62
12	0.02	0.68	2.38	96.92
13	0.02	0.78	2.40	96.80
14	0.03	0.88	2.59	96.49
15	0.04	0.91	2.73	96.31
16	0.04	0.96	2.72	96.28
17	0.04	0.88	2.65	96.43
18	0.05	1.04	2.92	95.99
19	0.10	1.26	3.16	95.49
20	0.05	1.14	3.05	95.76
21	0.09	0.98	2.93	95.99
22	0.06	1.08	2.89	95.97
23	0.08	1.28	3.24	95.39
24	0.10	1.43	3.39	95.07
25	0.10	1.06	2.91	95.93
26	0.23	1.48	3.11	95.18
27	0.32	1.44	3.12	95.11
28	0.43	1.34	2.87	95.36
29	0.36	1.30	2.91	95.43
30	0.41	1.23	3.05	95.30
31	0.45	1.15	2.92	95.48
32	0.62	1.29	3.36	94.73
33	0.72	1.31	3.48	94.48
34	0.71	1.26	3.46	94.58
35	0.71	1.22	3.12	94.96
36	1.08	1.29	3.76	93.87
37	0.90	1.23	3.47	94.39
38	0.78	1.05	3.26	94.91
39	1.05	1.26	3.92	93.77
40	1.04	1.17	3.56	94.23
41	1.02	1.25	3.71	94.03
42	0.95	1.12	3.57	94.36
43	0.85	0.96	3.28	94.91
44	1.01	1.05	3.54	94.40
45	0.93	1.12	3.65	94.29
46	0.93	1.14	3.71	94.22
47	1.14	1.15	3.98	93.73
48	1.32	1.39	4.52	92.77
49	1.18	1.27	4.33	93.22
50	0.96	1.14	4.10	93.80
51	0.97	1.13	3.98	93.92
52	1.69	1.67	4.65	91.99
53	1.83	1.89	5.81	90.47
54	2.67	2.46	6.08	88.79
55	2.91	3.41	5.32	88.36
56	3.62	3.74	4.73	87.90
57	4.03	3.73	4.93	87.30
58	4.51	3.21	4.51	87.77
59	4.84	2.74	4.61	87.80
60	4.78	2.76	4.70	87.77
61	4.64	2.85	4.84	87.68
62	4.61	2.89	5.09	87.40
63	4.35	3.00	5.13	87.51
64	4.27	3.01	5.35	87.37
65	4.17	3.16	5.62	87.05
66	4.27	3.08	5.93	86.72
67	4.44	2.87	5.32	87.36
68	4.45	2.92	5.10	87.53
69	4.40	2.97	5.14	87.49
70	4.51	3.09	5.66	86.75
71	4.46	3.08	5.66	86.80
72	4.66	2.96	5.63	86.75
73	4.55	3.08	5.42	86.95
74	4.61	3.13	5.64	86.61
75	4.56	3.36	6.23	85.85
76	4.65	3.61	10.88	80.86
77	4.58	3.40	7.70	84.32
78	4.58	3.23	6.47	85.72
79	4.59	3.35	6.60	85.45
80	4.55	3.26	6.31	85.88
81	4.52	3.32	6.33	85.82
82	4.51	3.44	6.67	85.38
83	4.60	3.35	6.77	85.28
84	4.54	3.63	7.30	84.53
85	4.75	3.44	7.17	84.64
86	4.62	3.54	7.06	84.78
87	4.67	3.66	7.52	84.15
88	4.78	3.59	7.68	83.95
89	4.76	3.63	7.58	84.03
90	4.83	3.76	7.90	83.51
91	4.95	3.75	8.11	83.18
92	4.93	3.86	8.06	83.15
93	4.87	3.99	8.27	82.87
94	4.93	3.91	8.34	82.82
95	4.94	3.93	8.28	82.85
96	4.95	4.09	8.40	82.56
97	4.92	4.02	8.21	82.85
98	4.82	4.19	8.40	82.60
99	5.00	3.99	8.29	82.72
100	5.02	4.11	8.20	82.67
101	5.53	4.74	10.45	79.28




