Parameters
	Library type	Single-end
	Input file	jamie_no-index_L007_R1_0035.fastq
	Primer/Adaptor library	NA
	Cut-off read length for HQ	70%
	Cut-off quality score	20
	Only statistics	On
	Number of processes	2


QC statistics
	File name	jamie_no-index_L007_R1_0035.fastq
	Total number of reads	4000000
	Total number of HQ reads	3708290
	Percentage of HQ reads	92.71%
	Total number of bases	404000000
	Total number of bases in HQ reads	374537290
	Total number of HQ bases in HQ reads	370318857
	Percentage of HQ bases in HQ reads	98.87%
	Number of Primer/Adaptor contaminated HQ reads	NA
	Total number of HQ filtered reads	3708290
	Percentage of HQ filtered reads	92.71%


Detailed QC statistics
	File name	jamie_no-index_L007_R1_0035.fastq
	Minimum read length	101
	Maximum read length	101
	Average read length	101.00
	Total number of reads	4000000
	Total number of reads with non-ATGC bases	6652
	Percentage of reads with non-ATGC bases	0.17%
	Total number of bases	404000000
	Total number of HQ bases	386653915
	Percentage of HQ bases	95.71%
	Total number of non-ATGC bases	135101
	Percentage of non-ATGC bases	0.03%


Average quality score at each base position of input reads

jamie_no-index_L007_R1_0035.fastq
32.56	32.71	32.67	36.55	36.49	36.43	35.76	36.60	36.70	36.73	36.57	36.49	36.47	38.59	38.61	38.58	38.55	38.53	38.50	38.56	38.52	38.45	38.52	38.45	38.47	38.40	38.36	38.22	38.27	38.30	38.29	38.22	38.25	38.22	37.97	38.07	38.16	38.14	38.06	38.07	38.00	37.92	37.98	37.99	37.95	37.60	37.72	37.74	37.72	37.69	37.55	36.96	36.72	36.44	36.29	36.24	36.13	36.04	35.97	35.92	35.89	35.78	35.84	35.81	35.77	35.69	35.59	35.51	35.38	35.26	35.14	35.01	34.91	34.77	34.63	32.89	33.63	34.06	34.11	34.08	34.01	33.94	33.86	33.79	33.68	33.63	33.58	33.52	33.46	33.44	33.40	33.34	33.32	33.28	33.23	33.21	33.15	33.12	33.11	33.06	32.36	




Read count (%) per base for different quality score ranges

	jamie_no-index_L007_R1_0035.fastq
Ranges	0-10	11-20	21-30	31-40
Base
1	0.03	0.85	4.32	94.80
2	0.00	0.63	2.71	96.66
3	0.02	0.62	3.24	96.11
4	0.00	0.67	1.31	98.02
5	0.00	0.72	1.61	97.68
6	0.10	1.63	0.94	97.33
7	0.10	2.18	2.36	95.36
8	0.06	0.67	0.87	98.39
9	0.09	0.41	0.71	98.79
10	0.05	0.38	0.69	98.87
11	0.04	0.42	1.46	98.08
12	0.04	0.57	1.69	97.69
13	0.04	0.60	1.73	97.64
14	0.05	0.67	1.83	97.46
15	0.05	0.62	1.76	97.57
16	0.06	0.68	1.89	97.37
17	0.06	0.67	1.89	97.38
18	0.07	0.64	1.93	97.36
19	0.10	0.74	2.08	97.08
20	0.07	0.71	1.95	97.27
21	0.11	0.67	2.05	97.17
22	0.08	0.79	2.08	97.05
23	0.08	0.68	1.93	97.31
24	0.10	0.77	2.10	97.02
25	0.12	0.76	2.05	97.07
26	0.17	0.87	1.99	96.96
27	0.25	0.86	2.06	96.82
28	0.40	0.97	2.13	96.50
29	0.37	0.92	2.14	96.56
30	0.41	0.85	2.16	96.58
31	0.42	0.82	2.12	96.65
32	0.45	0.83	2.22	96.50
33	0.46	0.77	2.12	96.65
34	0.49	0.76	2.21	96.54
35	0.72	0.99	2.45	95.84
36	0.61	0.83	2.35	96.20
37	0.60	0.75	2.27	96.38
38	0.67	0.75	2.32	96.27
39	0.67	0.79	2.46	96.08
40	0.71	0.77	2.45	96.06
41	0.75	0.85	2.59	95.82
42	0.81	0.87	2.73	95.60
43	0.80	0.81	2.54	95.86
44	0.76	0.81	2.55	95.88
45	0.77	0.85	2.69	95.70
46	1.06	1.06	3.26	94.62
47	0.92	0.95	3.01	95.12
48	0.87	0.95	3.05	95.13
49	0.88	0.93	3.18	95.00
50	0.93	0.93	3.31	94.83
51	0.99	1.13	3.48	94.40
52	2.02	1.75	4.29	91.95
53	2.36	2.20	5.25	90.19
54	2.94	2.94	4.64	89.47
55	3.15	3.65	4.01	89.18
56	3.50	3.55	3.76	89.19
57	3.76	3.41	3.87	88.97
58	4.16	3.03	3.97	88.84
59	4.49	2.53	4.27	88.71
60	4.56	2.54	4.20	88.69
61	4.49	2.61	4.25	88.65
62	4.51	2.68	4.43	88.38
63	4.38	2.67	4.29	88.67
64	4.38	2.64	4.31	88.68
65	4.32	2.70	4.36	88.62
66	4.33	2.71	4.44	88.52
67	4.38	2.69	4.47	88.45
68	4.38	2.68	4.56	88.39
69	4.43	2.72	4.65	88.20
70	4.48	2.70	4.72	88.09
71	4.52	2.73	4.75	88.00
72	4.56	2.73	4.85	87.85
73	4.57	2.74	4.84	87.85
74	4.63	2.80	4.91	87.67
75	4.68	2.78	4.95	87.59
76	4.64	3.36	8.94	83.06
77	4.62	3.07	6.48	85.83
78	4.58	3.01	5.73	86.68
79	4.61	2.95	5.47	86.97
80	4.61	2.91	5.33	87.15
81	4.63	2.94	5.30	87.13
82	4.65	2.92	5.32	87.11
83	4.64	2.99	5.38	86.99
84	4.66	3.01	5.46	86.87
85	4.67	3.10	5.69	86.55
86	4.69	3.10	5.74	86.47
87	4.78	3.06	5.72	86.44
88	4.79	3.12	5.78	86.32
89	4.83	3.17	5.88	86.11
90	4.86	3.17	5.90	86.08
91	4.91	3.16	5.93	86.00
92	4.96	3.21	5.97	85.87
93	4.92	3.27	6.04	85.76
94	4.96	3.30	6.10	85.63
95	5.03	3.35	6.17	85.45
96	5.02	3.39	6.20	85.39
97	5.11	3.43	6.27	85.20
98	5.09	3.51	6.37	85.03
99	5.15	3.47	6.35	85.03
100	5.16	3.58	6.39	84.87
101	5.51	3.99	8.02	82.48




