Parameters
	Library type	Single-end
	Input file	jamie_no-index_L007_R1_0002.fastq
	Primer/Adaptor library	NA
	Cut-off read length for HQ	70%
	Cut-off quality score	20
	Only statistics	On
	Number of processes	2


QC statistics
	File name	jamie_no-index_L007_R1_0002.fastq
	Total number of reads	4000000
	Total number of HQ reads	3724893
	Percentage of HQ reads	93.12%
	Total number of bases	404000000
	Total number of bases in HQ reads	376214193
	Total number of HQ bases in HQ reads	372971596
	Percentage of HQ bases in HQ reads	99.14%
	Number of Primer/Adaptor contaminated HQ reads	NA
	Total number of HQ filtered reads	3724893
	Percentage of HQ filtered reads	93.12%


Detailed QC statistics
	File name	jamie_no-index_L007_R1_0002.fastq
	Minimum read length	101
	Maximum read length	101
	Average read length	101.00
	Total number of reads	4000000
	Total number of reads with non-ATGC bases	5949
	Percentage of reads with non-ATGC bases	0.15%
	Total number of bases	404000000
	Total number of HQ bases	387924880
	Percentage of HQ bases	96.02%
	Total number of non-ATGC bases	60343
	Percentage of non-ATGC bases	0.01%


Average quality score at each base position of input reads

jamie_no-index_L007_R1_0002.fastq
32.68	32.75	32.75	36.63	36.59	36.83	36.25	36.77	36.77	36.77	36.70	36.64	36.63	38.95	38.97	38.96	38.94	38.86	38.86	38.90	38.89	38.79	38.85	38.77	38.84	38.80	38.74	38.53	38.57	38.61	38.62	38.57	38.59	38.56	38.26	38.37	38.44	38.42	38.37	38.36	38.27	38.20	38.30	38.29	38.17	37.85	38.04	38.12	38.08	37.96	37.80	37.20	36.89	36.76	36.69	36.63	36.55	36.48	36.42	36.38	36.34	36.21	36.23	36.19	36.12	36.04	35.95	35.82	35.71	35.58	35.43	35.30	35.13	35.04	34.90	32.97	33.85	34.36	34.42	34.33	34.30	34.24	34.16	34.06	33.98	33.92	33.87	33.86	33.81	33.75	33.69	33.66	33.64	33.64	33.57	33.48	33.44	33.41	33.43	33.39	32.76	




Read count (%) per base for different quality score ranges

	jamie_no-index_L007_R1_0002.fastq
Ranges	0-10	11-20	21-30	31-40
Base
1	0.08	0.64	2.84	96.44
2	0.00	0.68	2.08	97.25
3	0.00	0.60	2.23	97.17
4	0.00	0.66	0.94	98.40
5	0.00	0.69	1.12	98.18
6	0.02	0.37	0.29	99.32
7	0.04	0.91	1.17	97.87
8	0.04	0.45	0.42	99.09
9	0.05	0.35	0.55	99.04
10	0.02	0.33	0.66	98.99
11	0.02	0.28	0.98	98.72
12	0.03	0.39	1.17	98.41
13	0.02	0.42	1.17	98.38
14	0.03	0.46	1.23	98.28
15	0.03	0.43	1.19	98.35
16	0.03	0.46	1.26	98.25
17	0.03	0.44	1.23	98.29
18	0.05	0.47	1.36	98.12
19	0.07	0.51	1.44	97.97
20	0.05	0.50	1.37	98.08
21	0.08	0.45	1.39	98.08
22	0.05	0.59	1.50	97.86
23	0.05	0.50	1.37	98.08
24	0.07	0.61	1.54	97.78
25	0.08	0.54	1.41	97.96
26	0.13	0.59	1.37	97.91
27	0.19	0.60	1.45	97.75
28	0.37	0.79	1.66	97.18
29	0.33	0.74	1.67	97.27
30	0.37	0.68	1.62	97.33
31	0.35	0.65	1.58	97.42
32	0.37	0.62	1.65	97.36
33	0.37	0.59	1.56	97.48
34	0.40	0.57	1.64	97.39
35	0.69	0.83	1.98	96.50
36	0.54	0.69	1.85	96.92
37	0.57	0.62	1.79	97.01
38	0.60	0.64	1.82	96.94
39	0.61	0.63	1.90	96.86
40	0.62	0.68	1.92	96.79
41	0.71	0.71	2.10	96.47
42	0.71	0.74	2.20	96.36
43	0.63	0.67	2.04	96.66
44	0.65	0.66	2.04	96.65
45	0.73	0.74	2.30	96.24
46	1.02	0.94	2.82	95.22
47	0.76	0.81	2.45	95.98
48	0.68	0.72	2.42	96.18
49	0.72	0.73	2.54	96.01
50	0.85	0.79	2.82	95.55
51	0.97	1.01	2.98	95.04
52	2.04	1.79	3.96	92.21
53	2.74	2.74	3.62	90.90
54	3.05	3.19	3.08	90.69
55	3.23	3.50	2.62	90.65
56	3.36	3.31	2.81	90.51
57	3.55	3.06	3.02	90.37
58	3.94	2.66	3.06	90.34
59	4.23	2.27	3.22	90.27
60	4.18	2.30	3.31	90.20
61	4.13	2.35	3.34	90.18
62	4.22	2.38	3.51	89.88
63	4.19	2.37	3.35	90.10
64	4.22	2.35	3.31	90.13
65	4.20	2.41	3.40	89.99
66	4.26	2.37	3.40	89.97
67	4.31	2.37	3.42	89.91
68	4.31	2.44	3.56	89.69
69	4.38	2.36	3.59	89.67
70	4.41	2.38	3.71	89.50
71	4.46	2.44	3.75	89.35
72	4.50	2.45	3.86	89.19
73	4.49	2.58	4.05	88.88
74	4.52	2.51	4.04	88.93
75	4.57	2.48	4.11	88.84
76	4.45	3.04	8.29	84.23
77	4.49	2.71	5.42	87.38
78	4.48	2.61	4.60	88.31
79	4.53	2.60	4.34	88.54
80	4.56	2.64	4.42	88.38
81	4.50	2.66	4.34	88.50
82	4.52	2.62	4.32	88.54
83	4.59	2.62	4.36	88.44
84	4.63	2.68	4.48	88.21
85	4.68	2.70	4.52	88.09
86	4.69	2.74	4.64	87.94
87	4.70	2.77	4.67	87.86
88	4.71	2.75	4.64	87.90
89	4.77	2.75	4.67	87.81
90	4.78	2.83	4.82	87.57
91	4.78	2.90	4.95	87.36
92	4.84	2.89	4.95	87.33
93	4.85	2.89	4.97	87.29
94	4.87	2.89	4.93	87.31
95	4.92	2.98	5.06	87.04
96	5.00	3.05	5.26	86.69
97	5.04	3.08	5.28	86.60
98	5.04	3.16	5.35	86.44
99	5.00	3.15	5.31	86.54
100	5.06	3.18	5.38	86.38
101	5.34	3.54	6.80	84.32




