Parameters
	Library type	Single-end
	Input file	/Volumes/wdhd/users/joaks1/projects/gekgo/data/genomes/msg/plate2/raw/jamie_no-index_L007_R1_0005.fastq
	Primer/Adaptor library	NA
	Cut-off read length for HQ	70%
	Cut-off quality score	20
	Only statistics	On
	Number of processes	2


QC statistics
	File name	jamie_no-index_L007_R1_0005.fastq
	Total number of reads	4000000
	Total number of HQ reads	3718957
	Percentage of HQ reads	92.97%
	Total number of bases	404000000
	Total number of bases in HQ reads	375614657
	Total number of HQ bases in HQ reads	371818035
	Percentage of HQ bases in HQ reads	98.99%
	Number of Primer/Adaptor contaminated HQ reads	NA
	Total number of HQ filtered reads	3718957
	Percentage of HQ filtered reads	92.97%


Detailed QC statistics
	File name	jamie_no-index_L007_R1_0005.fastq
	Minimum read length	101
	Maximum read length	101
	Average read length	101.00
	Total number of reads	4000000
	Total number of reads with non-ATGC bases	6079
	Percentage of reads with non-ATGC bases	0.15%
	Total number of bases	404000000
	Total number of HQ bases	387517519
	Percentage of HQ bases	95.92%
	Total number of non-ATGC bases	70629
	Percentage of non-ATGC bases	0.02%


Average quality score at each base position of input reads

jamie_no-index_L007_R1_0005.fastq
32.62	32.72	32.70	36.55	36.50	36.81	35.99	36.68	36.72	36.77	36.63	36.55	36.52	38.71	38.73	38.74	38.71	38.63	38.63	38.67	38.69	38.59	38.62	38.58	38.63	38.57	38.55	38.32	38.42	38.45	38.44	38.40	38.38	38.36	38.17	38.21	38.26	38.29	38.19	38.18	38.14	38.11	38.16	38.21	38.08	37.78	37.94	37.95	37.92	37.78	37.68	37.08	36.76	36.57	36.46	36.34	36.25	36.19	36.10	36.06	36.01	35.90	35.97	35.92	35.86	35.79	35.73	35.64	35.49	35.40	35.28	35.14	34.99	34.87	34.71	32.75	33.63	34.16	34.27	34.23	34.17	34.10	33.99	33.93	33.86	33.77	33.77	33.70	33.64	33.61	33.57	33.52	33.50	33.46	33.46	33.41	33.34	33.37	33.38	33.33	32.70	




Read count (%) per base for different quality score ranges

	jamie_no-index_L007_R1_0005.fastq
Ranges	0-10	11-20	21-30	31-40
Base
1	0.08	0.69	3.69	95.54
2	0.00	0.65	2.55	96.80
3	0.00	0.60	3.03	96.37
4	0.00	0.68	1.28	98.05
5	0.00	0.74	1.56	97.70
6	0.03	0.39	0.35	99.23
7	0.06	1.32	1.64	96.97
8	0.05	0.59	0.66	98.70
9	0.06	0.41	0.69	98.84
10	0.03	0.33	0.65	98.99
11	0.02	0.33	1.29	98.36
12	0.03	0.47	1.49	98.01
13	0.03	0.54	1.60	97.83
14	0.03	0.57	1.65	97.75
15	0.04	0.54	1.59	97.82
16	0.03	0.56	1.65	97.76
17	0.04	0.55	1.65	97.76
18	0.06	0.59	1.82	97.53
19	0.08	0.64	1.88	97.40
20	0.05	0.64	1.78	97.53
21	0.08	0.54	1.75	97.63
22	0.06	0.69	1.87	97.38
23	0.06	0.63	1.79	97.52
24	0.07	0.68	1.91	97.34
25	0.09	0.65	1.83	97.43
26	0.14	0.73	1.75	97.38
27	0.19	0.70	1.79	97.31
28	0.37	0.92	2.02	96.69
29	0.31	0.80	1.96	96.94
30	0.35	0.74	1.94	96.97
31	0.34	0.73	1.93	97.00
32	0.36	0.70	1.97	96.97
33	0.40	0.72	1.97	96.91
34	0.43	0.68	2.01	96.87
35	0.60	0.86	2.17	96.37
36	0.54	0.75	2.19	96.53
37	0.58	0.69	2.14	96.59
38	0.58	0.66	2.09	96.67
39	0.64	0.71	2.26	96.39
40	0.64	0.75	2.30	96.31
41	0.69	0.76	2.41	96.13
42	0.66	0.76	2.45	96.13
43	0.65	0.72	2.34	96.30
44	0.59	0.68	2.26	96.47
45	0.69	0.76	2.55	96.00
46	0.91	0.93	3.04	95.11
47	0.71	0.81	2.71	95.77
48	0.71	0.79	2.79	95.71
49	0.73	0.80	2.91	95.56
50	0.87	0.88	3.24	95.01
51	0.91	1.05	3.34	94.70
52	1.93	1.68	4.14	92.26
53	2.47	2.27	5.01	90.25
54	2.82	2.89	4.42	89.86
55	3.12	3.55	3.56	89.77
56	3.38	3.44	3.73	89.44
57	3.62	3.27	3.77	89.34
58	4.06	2.85	3.75	89.34
59	4.54	2.38	3.87	89.21
60	4.47	2.45	3.98	89.11
61	4.41	2.51	4.01	89.06
62	4.43	2.56	4.22	88.79
63	4.31	2.51	4.02	89.17
64	4.31	2.56	4.09	89.04
65	4.30	2.59	4.19	88.92
66	4.32	2.56	4.19	88.93
67	4.34	2.54	4.14	88.98
68	4.35	2.54	4.18	88.93
69	4.39	2.60	4.35	88.65
70	4.41	2.55	4.38	88.66
71	4.43	2.57	4.42	88.57
72	4.54	2.54	4.47	88.45
73	4.55	2.67	4.58	88.20
74	4.55	2.68	4.67	88.10
75	4.62	2.69	4.75	87.94
76	4.50	3.40	9.44	82.66
77	4.49	2.99	6.39	86.13
78	4.45	2.86	5.49	87.20
79	4.47	2.76	5.13	87.64
80	4.48	2.75	5.00	87.77
81	4.47	2.80	4.96	87.76
82	4.52	2.77	4.95	87.76
83	4.56	2.83	5.08	87.53
84	4.57	2.85	5.13	87.45
85	4.64	2.82	5.13	87.40
86	4.66	2.92	5.27	87.15
87	4.64	2.88	5.23	87.25
88	4.68	2.95	5.34	87.03
89	4.69	2.99	5.49	86.83
90	4.70	3.02	5.51	86.76
91	4.70	3.06	5.58	86.66
92	4.74	3.10	5.67	86.49
93	4.78	3.08	5.67	86.47
94	4.83	3.13	5.69	86.36
95	4.81	3.13	5.71	86.36
96	4.87	3.16	5.77	86.20
97	4.94	3.24	5.84	85.98
98	4.91	3.25	5.76	86.08
99	4.90	3.24	5.73	86.12
100	4.95	3.29	5.82	85.94
101	5.26	3.64	7.20	83.89




