Parameters
	Library type	Single-end
	Input file	/Volumes/wdhd/users/joaks1/projects/gekgo/data/genomes/msg/plate3/demultiplexed-trimmed/CDS_65_Gekko_mindorensis_Panay_R1.trimmed.fq
	Primer/Adaptor library	NA
	Cut-off read length for HQ	70%
	Cut-off quality score	20
	Only statistics	On
	Number of processes	2


QC statistics
	File name	CDS_65_Gekko_mindorensis_Panay_R1.trimmed.fq
	Total number of reads	3339233
	Total number of HQ reads	3338661
	Percentage of HQ reads	99.98%
	Total number of bases	310315753
	Total number of bases in HQ reads	310299396
	Total number of HQ bases in HQ reads	309352157
	Percentage of HQ bases in HQ reads	99.69%
	Number of Primer/Adaptor contaminated HQ reads	NA
	Total number of HQ filtered reads	3338661
	Percentage of HQ filtered reads	99.98%


Detailed QC statistics
	File name	CDS_65_Gekko_mindorensis_Panay_R1.trimmed.fq
	Minimum read length	8
	Maximum read length	95
	Average read length	92.93
	Total number of reads	3339233
	Total number of reads with non-ATGC bases	0
	Percentage of reads with non-ATGC bases	0.00%
	Total number of bases	310315753
	Total number of HQ bases	309362273
	Percentage of HQ bases	99.69%
	Total number of non-ATGC bases	0
	Percentage of non-ATGC bases	0.00%


Average quality score at each base position of input reads

CDS_65_Gekko_mindorensis_Panay_R1.trimmed.fq
36.40	35.90	36.83	36.61	36.86	36.88	36.88	39.45	39.44	39.36	39.31	39.22	39.24	39.19	39.20	38.92	39.06	38.99	39.17	39.00	39.10	38.87	38.85	38.85	38.94	38.79	38.82	38.96	38.67	38.50	38.71	38.85	38.70	38.71	38.76	38.47	38.66	38.71	38.71	38.26	38.31	38.29	38.30	38.11	38.00	37.46	36.72	36.49	35.97	35.62	35.51	35.83	36.27	36.54	36.75	36.84	36.96	37.08	37.11	37.08	37.01	36.88	36.74	36.58	36.39	36.21	36.04	35.90	35.67	34.19	34.78	35.09	35.12	35.04	34.97	34.84	34.75	34.70	34.64	34.58	34.49	34.41	34.33	34.29	34.24	34.18	34.05	34.00	33.91	33.84	33.79	33.73	33.68	33.54	32.15	




Read count (%) per base for different quality score ranges

	CDS_65_Gekko_mindorensis_Panay_R1.trimmed.fq
Ranges	0-10	11-20	21-30	31-40
Base
1	0.00	0.56	0.97	98.47
2	0.00	0.16	0.53	99.31
3	0.00	0.12	0.42	99.46
4	0.00	0.25	0.74	99.01
5	0.00	0.13	0.49	99.38
6	0.00	0.12	0.43	99.45
7	0.00	0.12	0.43	99.45
8	0.00	0.14	0.45	99.40
9	0.00	0.15	0.46	99.38
10	0.00	0.18	0.55	99.27
11	0.00	0.16	0.50	99.33
12	0.00	0.20	0.58	99.22
13	0.00	0.19	0.64	99.17
14	0.00	0.23	0.60	99.17
15	0.00	0.21	0.58	99.22
16	0.00	0.22	0.65	99.13
17	0.00	0.18	0.56	99.26
18	0.00	0.21	0.72	99.07
19	0.00	0.20	0.62	99.18
20	0.00	0.26	0.69	99.05
21	0.00	0.24	0.62	99.15
22	0.00	0.26	0.67	99.07
23	0.00	0.24	0.70	99.06
24	0.00	0.21	0.66	99.13
25	0.00	0.21	0.64	99.16
26	0.00	0.22	0.82	98.95
27	0.00	0.19	0.73	99.08
28	0.00	0.16	0.62	99.22
29	0.00	0.16	0.67	99.18
30	0.00	0.18	0.79	99.02
31	0.00	0.15	0.64	99.21
32	0.00	0.15	0.64	99.21
33	0.00	0.17	0.72	99.11
34	0.00	0.16	0.65	99.19
35	0.00	0.16	0.67	99.17
36	0.00	0.19	0.91	98.90
37	0.00	0.15	0.68	99.18
38	0.00	0.14	0.68	99.18
39	0.00	0.14	0.72	99.14
40	0.00	0.17	1.09	98.73
41	0.00	0.14	0.86	99.00
42	0.00	0.15	0.88	98.98
43	0.00	0.14	0.75	99.11
44	0.00	0.15	0.88	98.96
45	0.00	0.15	1.01	98.84
46	0.00	0.21	1.55	98.24
47	0.00	0.33	3.00	96.67
48	0.00	0.41	3.33	96.26
49	0.00	0.75	5.05	94.20
50	0.00	1.27	6.88	91.86
51	0.00	2.25	6.37	91.37
52	0.00	2.25	5.13	92.62
53	0.00	1.73	3.98	94.29
54	0.00	1.39	3.18	95.43
55	0.00	1.07	2.57	96.36
56	0.00	0.85	2.29	96.86
57	0.00	0.61	1.91	97.48
58	0.00	0.39	1.52	98.09
59	0.00	0.25	1.35	98.41
60	0.00	0.17	1.13	98.70
61	0.00	0.12	1.06	98.82
62	0.00	0.13	1.08	98.79
63	0.00	0.11	1.01	98.89
64	0.00	0.12	1.16	98.72
65	0.00	0.11	1.28	98.61
66	0.00	0.12	1.28	98.60
67	0.00	0.12	1.27	98.61
68	0.00	0.11	1.17	98.72
69	0.00	0.13	1.33	98.54
70	0.00	0.12	3.31	96.57
71	0.00	0.12	1.68	98.20
72	0.00	0.10	1.41	98.49
73	0.00	0.11	1.37	98.52
74	0.00	0.10	1.48	98.42
75	0.00	0.11	1.33	98.56
76	0.00	0.13	1.58	98.29
77	0.00	0.17	1.71	98.12
78	0.00	0.12	1.66	98.22
79	0.00	0.14	1.77	98.09
80	0.00	0.13	1.77	98.10
81	0.00	0.15	1.99	97.86
82	0.00	0.22	2.07	97.70
83	0.00	0.19	2.21	97.59
84	0.00	0.18	2.16	97.66
85	0.00	0.20	2.20	97.60
86	0.00	0.20	2.30	97.50
87	0.00	0.21	2.52	97.27
88	0.00	0.23	2.54	97.23
89	0.00	0.24	2.64	97.12
90	0.00	0.29	2.75	96.96
91	0.00	0.29	2.90	96.81
92	0.00	0.29	2.73	96.98
93	0.00	0.30	2.90	96.80
94	0.00	0.35	3.17	96.49
95	0.00	1.13	7.69	91.18




