Parameters
	Library type	Single-end
	Input file	/Volumes/wdhd/users/joaks1/projects/gekgo/data/genomes/msg/plate3/demultiplexed-trimmed/CDS_66_Gekko_mindorensis_Panay_R1.trimmed.fq
	Primer/Adaptor library	NA
	Cut-off read length for HQ	70%
	Cut-off quality score	20
	Only statistics	On
	Number of processes	2


QC statistics
	File name	CDS_66_Gekko_mindorensis_Panay_R1.trimmed.fq
	Total number of reads	492286
	Total number of HQ reads	492220
	Percentage of HQ reads	99.99%
	Total number of bases	45790190
	Total number of bases in HQ reads	45788198
	Total number of HQ bases in HQ reads	45648599
	Percentage of HQ bases in HQ reads	99.70%
	Number of Primer/Adaptor contaminated HQ reads	NA
	Total number of HQ filtered reads	492220
	Percentage of HQ filtered reads	99.99%


Detailed QC statistics
	File name	CDS_66_Gekko_mindorensis_Panay_R1.trimmed.fq
	Minimum read length	10
	Maximum read length	95
	Average read length	93.02
	Total number of reads	492286
	Total number of reads with non-ATGC bases	0
	Percentage of reads with non-ATGC bases	0.00%
	Total number of bases	45790190
	Total number of HQ bases	45649843
	Percentage of HQ bases	99.69%
	Total number of non-ATGC bases	0
	Percentage of non-ATGC bases	0.00%


Average quality score at each base position of input reads

CDS_66_Gekko_mindorensis_Panay_R1.trimmed.fq
36.73	36.48	36.87	36.63	36.87	36.89	36.90	39.47	39.46	39.38	39.33	39.23	39.30	39.31	39.31	39.07	39.16	39.05	39.21	39.02	39.12	38.91	38.87	38.88	38.94	38.80	38.82	38.97	38.68	38.52	38.74	38.88	38.71	38.73	38.79	38.49	38.68	38.73	38.74	38.29	38.35	38.32	38.36	38.18	38.09	37.56	36.84	36.64	36.15	35.81	35.68	35.99	36.44	36.69	36.93	37.02	37.14	37.28	37.34	37.35	37.29	37.19	37.08	36.93	36.78	36.64	36.49	36.36	36.10	34.53	35.14	35.50	35.55	35.43	35.33	35.12	34.98	34.91	34.82	34.73	34.62	34.53	34.45	34.40	34.34	34.26	34.12	34.05	33.96	33.88	33.83	33.76	33.70	33.56	32.13	




Read count (%) per base for different quality score ranges

	CDS_66_Gekko_mindorensis_Panay_R1.trimmed.fq
Ranges	0-10	11-20	21-30	31-40
Base
1	0.00	0.44	0.67	98.89
2	0.00	0.14	0.37	99.48
3	0.00	0.10	0.33	99.56
4	0.00	0.23	0.63	99.14
5	0.00	0.11	0.40	99.48
6	0.00	0.10	0.36	99.54
7	0.00	0.11	0.36	99.53
8	0.00	0.13	0.38	99.49
9	0.00	0.13	0.41	99.46
10	0.00	0.16	0.47	99.37
11	0.00	0.15	0.44	99.41
12	0.00	0.18	0.54	99.27
13	0.00	0.19	0.57	99.24
14	0.00	0.21	0.55	99.24
15	0.00	0.20	0.52	99.27
16	0.00	0.21	0.59	99.21
17	0.00	0.17	0.49	99.35
18	0.00	0.18	0.66	99.16
19	0.00	0.18	0.54	99.28
20	0.00	0.26	0.61	99.13
21	0.00	0.23	0.55	99.22
22	0.00	0.26	0.60	99.15
23	0.00	0.26	0.65	99.09
24	0.00	0.21	0.60	99.18
25	0.00	0.23	0.59	99.17
26	0.00	0.26	0.76	98.98
27	0.00	0.22	0.69	99.09
28	0.00	0.19	0.59	99.23
29	0.00	0.19	0.65	99.16
30	0.00	0.20	0.74	99.06
31	0.00	0.16	0.59	99.25
32	0.00	0.15	0.60	99.24
33	0.00	0.18	0.66	99.15
34	0.00	0.16	0.62	99.22
35	0.00	0.16	0.62	99.22
36	0.00	0.19	0.87	98.94
37	0.00	0.14	0.64	99.22
38	0.00	0.14	0.63	99.23
39	0.00	0.14	0.66	99.19
40	0.00	0.18	1.04	98.78
41	0.00	0.14	0.80	99.06
42	0.00	0.15	0.81	99.04
43	0.00	0.14	0.67	99.19
44	0.00	0.14	0.78	99.08
45	0.00	0.15	0.91	98.94
46	0.00	0.22	1.28	98.50
47	0.00	0.33	2.49	97.18
48	0.00	0.42	2.69	96.89
49	0.00	0.75	4.10	95.15
50	0.00	1.28	5.68	93.03
51	0.00	2.31	5.37	92.31
52	0.00	2.30	4.42	93.29
53	0.00	1.76	3.46	94.78
54	0.00	1.46	2.86	95.68
55	0.00	1.11	2.32	96.57
56	0.00	0.90	2.10	97.00
57	0.00	0.65	1.82	97.53
58	0.00	0.40	1.44	98.16
59	0.00	0.26	1.27	98.46
60	0.00	0.18	1.09	98.74
61	0.00	0.13	1.01	98.86
62	0.00	0.13	1.05	98.82
63	0.00	0.11	0.98	98.91
64	0.00	0.13	1.13	98.75
65	0.00	0.11	1.22	98.68
66	0.00	0.11	1.20	98.69
67	0.00	0.12	1.21	98.67
68	0.00	0.11	1.14	98.75
69	0.00	0.12	1.30	98.57
70	0.00	0.12	3.14	96.75
71	0.00	0.12	1.57	98.32
72	0.00	0.10	1.34	98.56
73	0.00	0.11	1.34	98.55
74	0.00	0.10	1.42	98.48
75	0.00	0.11	1.27	98.62
76	0.00	0.14	1.49	98.37
77	0.00	0.18	1.66	98.16
78	0.00	0.12	1.62	98.26
79	0.00	0.14	1.73	98.13
80	0.00	0.13	1.76	98.11
81	0.00	0.15	2.00	97.85
82	0.00	0.21	2.06	97.73
83	0.00	0.18	2.23	97.59
84	0.00	0.17	2.14	97.68
85	0.00	0.20	2.23	97.57
86	0.00	0.19	2.37	97.44
87	0.00	0.21	2.55	97.24
88	0.00	0.21	2.61	97.18
89	0.00	0.23	2.75	97.02
90	0.00	0.27	2.87	96.86
91	0.00	0.28	2.94	96.78
92	0.00	0.28	2.88	96.84
93	0.00	0.28	3.05	96.67
94	0.00	0.33	3.28	96.39
95	0.00	1.10	8.22	90.68




