Parameters
	Library type	Single-end
	Input file	/Volumes/wdhd/users/joaks1/projects/gekgo/data/genomes/msg/plate3/demultiplexed-trimmed/CDS_789_Gekko_romblon_Romblon_R1.trimmed.fq
	Primer/Adaptor library	NA
	Cut-off read length for HQ	70%
	Cut-off quality score	20
	Only statistics	On
	Number of processes	2


QC statistics
	File name	CDS_789_Gekko_romblon_Romblon_R1.trimmed.fq
	Total number of reads	224362
	Total number of HQ reads	224326
	Percentage of HQ reads	99.98%
	Total number of bases	20795593
	Total number of bases in HQ reads	20794579
	Total number of HQ bases in HQ reads	20728040
	Percentage of HQ bases in HQ reads	99.68%
	Number of Primer/Adaptor contaminated HQ reads	NA
	Total number of HQ filtered reads	224326
	Percentage of HQ filtered reads	99.98%


Detailed QC statistics
	File name	CDS_789_Gekko_romblon_Romblon_R1.trimmed.fq
	Minimum read length	10
	Maximum read length	95
	Average read length	92.69
	Total number of reads	224362
	Total number of reads with non-ATGC bases	0
	Percentage of reads with non-ATGC bases	0.00%
	Total number of bases	20795593
	Total number of HQ bases	20728660
	Percentage of HQ bases	99.68%
	Total number of non-ATGC bases	0
	Percentage of non-ATGC bases	0.00%


Average quality score at each base position of input reads

CDS_789_Gekko_romblon_Romblon_R1.trimmed.fq
36.18	35.55	36.79	36.56	36.85	36.87	36.88	39.45	39.41	39.28	39.22	39.13	39.03	39.06	39.12	38.88	39.01	38.89	39.06	38.90	38.99	38.75	38.75	38.75	38.86	38.68	38.69	38.85	38.53	38.36	38.58	38.75	38.54	38.58	38.61	38.28	38.50	38.57	38.53	38.11	38.18	38.08	38.14	37.96	37.83	37.30	36.49	36.29	35.75	35.35	35.25	35.58	35.94	36.23	36.43	36.48	36.62	36.69	36.69	36.60	36.50	36.35	36.21	36.04	35.79	35.65	35.46	35.31	35.12	33.64	34.24	34.58	34.59	34.53	34.50	34.41	34.29	34.28	34.20	34.11	34.01	33.93	33.88	33.82	33.75	33.70	33.56	33.49	33.44	33.30	33.25	33.18	33.09	32.97	31.65	




Read count (%) per base for different quality score ranges

	CDS_789_Gekko_romblon_Romblon_R1.trimmed.fq
Ranges	0-10	11-20	21-30	31-40
Base
1	0.00	0.54	1.32	98.13
2	0.00	0.16	0.60	99.24
3	0.00	0.13	0.49	99.37
4	0.00	0.28	0.89	98.84
5	0.00	0.11	0.48	99.41
6	0.00	0.11	0.45	99.44
7	0.00	0.12	0.43	99.45
8	0.00	0.13	0.43	99.44
9	0.00	0.15	0.49	99.36
10	0.00	0.17	0.54	99.29
11	0.00	0.17	0.49	99.35
12	0.00	0.18	0.62	99.20
13	0.00	0.17	0.61	99.22
14	0.00	0.20	0.60	99.19
15	0.00	0.20	0.56	99.25
16	0.00	0.19	0.71	99.10
17	0.00	0.18	0.57	99.25
18	0.00	0.22	0.74	99.05
19	0.00	0.19	0.60	99.21
20	0.00	0.25	0.72	99.03
21	0.00	0.24	0.64	99.13
22	0.00	0.22	0.70	99.08
23	0.00	0.21	0.68	99.11
24	0.00	0.19	0.68	99.13
25	0.00	0.17	0.68	99.16
26	0.00	0.19	0.86	98.95
27	0.00	0.19	0.78	99.04
28	0.00	0.15	0.62	99.23
29	0.00	0.14	0.70	99.15
30	0.00	0.17	0.83	99.01
31	0.00	0.14	0.67	99.18
32	0.00	0.14	0.66	99.19
33	0.00	0.18	0.81	99.01
34	0.00	0.18	0.71	99.11
35	0.00	0.19	0.79	99.02
36	0.00	0.20	1.15	98.65
37	0.00	0.16	0.74	99.10
38	0.00	0.15	0.73	99.12
39	0.00	0.14	0.86	99.00
40	0.00	0.20	1.30	98.50
41	0.00	0.16	1.03	98.81
42	0.00	0.17	1.09	98.75
43	0.00	0.15	0.95	98.90
44	0.00	0.16	1.16	98.68
45	0.00	0.18	1.25	98.58
46	0.00	0.22	2.01	97.76
47	0.00	0.39	3.76	95.85
48	0.00	0.49	4.30	95.21
49	0.00	0.80	6.14	93.06
50	0.00	1.33	8.09	90.58
51	0.00	2.29	7.27	90.44
52	0.00	2.21	5.73	92.07
53	0.00	1.73	4.50	93.77
54	0.00	1.34	3.59	95.07
55	0.00	1.02	2.92	96.06
56	0.00	0.80	2.61	96.59
57	0.00	0.54	2.07	97.39
58	0.00	0.37	1.69	97.94
59	0.00	0.26	1.45	98.29
60	0.00	0.18	1.32	98.50
61	0.00	0.13	1.23	98.64
62	0.00	0.17	1.34	98.49
63	0.00	0.11	1.23	98.66
64	0.00	0.15	1.31	98.54
65	0.00	0.14	1.69	98.18
66	0.00	0.12	1.53	98.35
67	0.00	0.14	1.46	98.40
68	0.00	0.12	1.45	98.43
69	0.00	0.16	1.61	98.23
70	0.00	0.13	4.06	95.82
71	0.00	0.12	2.16	97.72
72	0.00	0.15	1.79	98.06
73	0.00	0.13	1.81	98.07
74	0.00	0.13	1.91	97.96
75	0.00	0.14	1.78	98.08
76	0.00	0.18	2.00	97.82
77	0.00	0.24	2.15	97.61
78	0.00	0.16	2.04	97.80
79	0.00	0.18	2.11	97.71
80	0.00	0.17	2.31	97.52
81	0.00	0.22	2.52	97.26
82	0.00	0.27	2.53	97.20
83	0.00	0.21	2.56	97.22
84	0.00	0.25	2.61	97.14
85	0.00	0.26	2.72	97.02
86	0.00	0.24	2.63	97.13
87	0.00	0.30	2.91	96.79
88	0.00	0.30	3.09	96.61
89	0.00	0.32	3.05	96.63
90	0.00	0.38	3.46	96.16
91	0.00	0.38	3.48	96.14
92	0.00	0.36	3.45	96.19
93	0.00	0.40	3.74	95.86
94	0.00	0.45	3.85	95.70
95	0.00	1.20	8.53	90.28




