Parameters
	Library type	Single-end
	Input file	/Volumes/wdhd/users/joaks1/projects/gekgo/data/genomes/msg/plate3/demultiplexed-trimmed/CDS_1459_Gekko_mindorensis_MaestreDeCampo_R1.trimmed.fq
	Primer/Adaptor library	NA
	Cut-off read length for HQ	70%
	Cut-off quality score	20
	Only statistics	On
	Number of processes	2


QC statistics
	File name	CDS_1459_Gekko_mindorensis_MaestreDeCampo_R1.trimmed.fq
	Total number of reads	71833
	Total number of HQ reads	71797
	Percentage of HQ reads	99.95%
	Total number of bases	6665045
	Total number of bases in HQ reads	6663975
	Total number of HQ bases in HQ reads	6640032
	Percentage of HQ bases in HQ reads	99.64%
	Number of Primer/Adaptor contaminated HQ reads	NA
	Total number of HQ filtered reads	71797
	Percentage of HQ filtered reads	99.95%


Detailed QC statistics
	File name	CDS_1459_Gekko_mindorensis_MaestreDeCampo_R1.trimmed.fq
	Minimum read length	11
	Maximum read length	95
	Average read length	92.79
	Total number of reads	71833
	Total number of reads with non-ATGC bases	0
	Percentage of reads with non-ATGC bases	0.00%
	Total number of bases	6665045
	Total number of HQ bases	6640682
	Percentage of HQ bases	99.63%
	Total number of non-ATGC bases	0
	Percentage of non-ATGC bases	0.00%


Average quality score at each base position of input reads

CDS_1459_Gekko_mindorensis_MaestreDeCampo_R1.trimmed.fq
36.54	36.34	36.78	36.47	36.79	36.84	36.84	39.46	39.43	39.29	39.26	39.23	39.28	39.27	39.25	39.09	39.11	38.98	39.12	38.97	39.01	38.85	38.90	38.94	38.98	38.81	38.84	38.96	38.64	38.50	38.70	38.84	38.71	38.75	38.77	38.37	38.61	38.70	38.71	38.39	38.42	38.39	38.26	38.13	38.03	37.63	36.88	36.56	36.10	35.58	35.47	35.85	36.20	36.56	36.80	36.93	37.08	37.21	37.27	37.23	37.23	37.09	36.97	36.79	36.75	36.62	36.47	36.32	36.13	34.72	35.22	35.50	35.48	35.36	35.24	35.07	34.94	34.69	34.65	34.55	34.46	34.41	34.34	34.27	34.18	34.08	34.02	33.94	33.87	33.82	33.73	33.66	33.52	33.41	32.11	




Read count (%) per base for different quality score ranges

	CDS_1459_Gekko_mindorensis_MaestreDeCampo_R1.trimmed.fq
Ranges	0-10	11-20	21-30	31-40
Base
1	0.00	0.79	1.14	98.07
2	0.00	0.22	0.71	99.07
3	0.00	0.24	0.58	99.18
4	0.00	0.51	1.10	98.39
5	0.00	0.26	0.65	99.09
6	0.00	0.18	0.52	99.30
7	0.00	0.19	0.55	99.26
8	0.00	0.20	0.52	99.28
9	0.00	0.23	0.57	99.21
10	0.00	0.24	0.68	99.09
11	0.00	0.22	0.61	99.17
12	0.00	0.27	0.69	99.04
13	0.00	0.23	0.68	99.09
14	0.00	0.28	0.68	99.04
15	0.00	0.31	0.69	99.00
16	0.00	0.25	0.78	98.97
17	0.00	0.24	0.70	99.07
18	0.00	0.28	0.80	98.92
19	0.00	0.26	0.70	99.04
20	0.00	0.36	0.80	98.85
21	0.00	0.37	0.68	98.95
22	0.00	0.37	0.75	98.89
23	0.00	0.34	0.75	98.91
24	0.00	0.31	0.71	98.98
25	0.00	0.33	0.75	98.92
26	0.00	0.37	0.89	98.74
27	0.00	0.29	0.79	98.93
28	0.00	0.25	0.73	99.02
29	0.00	0.24	0.76	99.00
30	0.00	0.26	0.85	98.89
31	0.00	0.18	0.74	99.08
32	0.00	0.17	0.73	99.10
33	0.00	0.21	0.80	98.99
34	0.00	0.21	0.74	99.05
35	0.00	0.18	0.76	99.07
36	0.00	0.25	0.99	98.76
37	0.00	0.17	0.76	99.08
38	0.00	0.16	0.75	99.10
39	0.00	0.18	0.71	99.11
40	0.00	0.21	1.00	98.79
41	0.00	0.16	0.91	98.93
42	0.00	0.21	0.95	98.84
43	0.00	0.20	0.91	98.89
44	0.00	0.24	0.92	98.84
45	0.00	0.23	0.96	98.81
46	0.00	0.23	1.34	98.43
47	0.00	0.35	2.32	97.33
48	0.00	0.51	3.04	96.45
49	0.00	0.74	4.43	94.82
50	0.00	1.46	6.45	92.09
51	0.00	2.67	5.76	91.57
52	0.00	2.58	4.43	93.00
53	0.00	2.12	3.54	94.35
54	0.00	1.66	2.87	95.47
55	0.00	1.28	2.30	96.42
56	0.00	1.04	2.05	96.91
57	0.00	0.80	1.63	97.58
58	0.00	0.52	1.53	97.95
59	0.00	0.34	1.39	98.27
60	0.00	0.24	1.37	98.39
61	0.00	0.19	0.96	98.85
62	0.00	0.15	0.96	98.90
63	0.00	0.15	0.94	98.90
64	0.00	0.16	1.20	98.63
65	0.00	0.10	1.03	98.87
66	0.00	0.13	0.98	98.89
67	0.00	0.15	1.01	98.85
68	0.00	0.12	1.05	98.83
69	0.00	0.12	1.19	98.69
70	0.00	0.10	2.49	97.41
71	0.00	0.13	1.44	98.43
72	0.00	0.13	1.26	98.62
73	0.00	0.12	1.21	98.67
74	0.00	0.09	1.34	98.57
75	0.00	0.12	1.14	98.74
76	0.00	0.11	1.47	98.42
77	0.00	0.12	1.49	98.39
78	0.00	0.13	1.96	97.91
79	0.00	0.14	1.72	98.14
80	0.00	0.13	1.77	98.10
81	0.00	0.16	1.96	97.88
82	0.00	0.17	1.89	97.94
83	0.00	0.16	1.90	97.93
84	0.00	0.16	1.96	97.88
85	0.00	0.19	2.00	97.81
86	0.00	0.18	2.18	97.64
87	0.00	0.21	2.32	97.47
88	0.00	0.19	2.45	97.36
89	0.00	0.21	2.47	97.32
90	0.00	0.22	2.55	97.24
91	0.00	0.23	2.59	97.19
92	0.00	0.23	2.65	97.12
93	0.00	0.27	2.94	96.79
94	0.00	0.24	3.35	96.41
95	0.00	0.95	8.19	90.86




