Parameters
	Library type	Single-end
	Input file	/Volumes/wdhd/users/joaks1/projects/gekgo/data/genomes/msg/plate3/demultiplexed-trimmed/CDS_758_Gekko_mindorensis_Masbate_R1.trimmed.fq
	Primer/Adaptor library	NA
	Cut-off read length for HQ	70%
	Cut-off quality score	20
	Only statistics	On
	Number of processes	2


QC statistics
	File name	CDS_758_Gekko_mindorensis_Masbate_R1.trimmed.fq
	Total number of reads	2988954
	Total number of HQ reads	2988261
	Percentage of HQ reads	99.98%
	Total number of bases	278026114
	Total number of bases in HQ reads	278005155
	Total number of HQ bases in HQ reads	277139945
	Percentage of HQ bases in HQ reads	99.69%
	Number of Primer/Adaptor contaminated HQ reads	NA
	Total number of HQ filtered reads	2988261
	Percentage of HQ filtered reads	99.98%


Detailed QC statistics
	File name	CDS_758_Gekko_mindorensis_Masbate_R1.trimmed.fq
	Minimum read length	9
	Maximum read length	95
	Average read length	93.02
	Total number of reads	2988954
	Total number of reads with non-ATGC bases	0
	Percentage of reads with non-ATGC bases	0.00%
	Total number of bases	278026114
	Total number of HQ bases	277152886
	Percentage of HQ bases	99.69%
	Total number of non-ATGC bases	0
	Percentage of non-ATGC bases	0.00%


Average quality score at each base position of input reads

CDS_758_Gekko_mindorensis_Masbate_R1.trimmed.fq
36.67	36.30	36.85	36.59	36.87	36.89	36.89	39.52	39.50	39.40	39.36	39.27	39.33	39.34	39.35	39.12	39.20	39.09	39.22	39.05	39.13	38.93	38.91	38.92	38.99	38.82	38.85	38.99	38.69	38.54	38.75	38.90	38.75	38.77	38.82	38.53	38.71	38.77	38.78	38.35	38.41	38.38	38.40	38.23	38.14	37.63	36.92	36.72	36.23	35.87	35.74	36.03	36.47	36.73	36.97	37.06	37.20	37.33	37.40	37.41	37.36	37.26	37.16	37.03	36.87	36.73	36.59	36.45	36.21	34.70	35.29	35.64	35.66	35.54	35.42	35.24	35.09	35.01	34.91	34.82	34.72	34.62	34.56	34.51	34.45	34.38	34.27	34.19	34.11	34.03	33.98	33.92	33.87	33.74	32.41	




Read count (%) per base for different quality score ranges

	CDS_758_Gekko_mindorensis_Masbate_R1.trimmed.fq
Ranges	0-10	11-20	21-30	31-40
Base
1	0.00	0.50	0.75	98.75
2	0.00	0.15	0.42	99.44
3	0.00	0.12	0.35	99.53
4	0.00	0.23	0.69	99.08
5	0.00	0.13	0.43	99.45
6	0.00	0.11	0.38	99.51
7	0.00	0.12	0.39	99.49
8	0.00	0.13	0.38	99.48
9	0.00	0.15	0.42	99.43
10	0.00	0.18	0.49	99.34
11	0.00	0.17	0.45	99.38
12	0.00	0.19	0.52	99.28
13	0.00	0.18	0.57	99.25
14	0.00	0.22	0.54	99.24
15	0.00	0.21	0.50	99.29
16	0.00	0.21	0.58	99.21
17	0.00	0.17	0.49	99.33
18	0.00	0.20	0.62	99.17
19	0.00	0.22	0.54	99.24
20	0.00	0.28	0.65	99.07
21	0.00	0.26	0.56	99.18
22	0.00	0.28	0.60	99.11
23	0.00	0.26	0.62	99.12
24	0.00	0.24	0.59	99.16
25	0.00	0.25	0.58	99.17
26	0.00	0.27	0.76	98.96
27	0.00	0.24	0.68	99.09
28	0.00	0.19	0.58	99.22
29	0.00	0.19	0.63	99.18
30	0.00	0.21	0.71	99.08
31	0.00	0.17	0.57	99.26
32	0.00	0.16	0.59	99.24
33	0.00	0.19	0.64	99.17
34	0.00	0.17	0.60	99.23
35	0.00	0.16	0.59	99.25
36	0.00	0.18	0.80	99.02
37	0.00	0.14	0.62	99.24
38	0.00	0.14	0.60	99.26
39	0.00	0.14	0.63	99.23
40	0.00	0.17	0.96	98.87
41	0.00	0.14	0.77	99.09
42	0.00	0.15	0.76	99.09
43	0.00	0.13	0.65	99.22
44	0.00	0.14	0.74	99.12
45	0.00	0.14	0.81	99.04
46	0.00	0.20	1.15	98.65
47	0.00	0.30	2.33	97.37
48	0.00	0.39	2.59	97.02
49	0.00	0.72	3.96	95.32
50	0.00	1.25	5.64	93.11
51	0.00	2.39	5.30	92.31
52	0.00	2.44	4.29	93.26
53	0.00	1.93	3.41	94.67
54	0.00	1.58	2.78	95.64
55	0.00	1.21	2.28	96.50
56	0.00	0.97	2.07	96.95
57	0.00	0.71	1.73	97.56
58	0.00	0.47	1.41	98.12
59	0.00	0.31	1.22	98.47
60	0.00	0.19	1.07	98.74
61	0.00	0.15	0.96	98.89
62	0.00	0.14	1.00	98.86
63	0.00	0.11	0.90	98.99
64	0.00	0.12	1.00	98.88
65	0.00	0.11	1.15	98.74
66	0.00	0.11	1.11	98.78
67	0.00	0.12	1.09	98.79
68	0.00	0.11	1.04	98.85
69	0.00	0.13	1.20	98.68
70	0.00	0.10	2.82	97.08
71	0.00	0.11	1.40	98.49
72	0.00	0.09	1.17	98.74
73	0.00	0.10	1.16	98.74
74	0.00	0.09	1.24	98.67
75	0.00	0.10	1.16	98.74
76	0.00	0.13	1.39	98.49
77	0.00	0.16	1.47	98.37
78	0.00	0.11	1.47	98.43
79	0.00	0.14	1.57	98.29
80	0.00	0.12	1.56	98.32
81	0.00	0.15	1.78	98.07
82	0.00	0.20	1.93	97.87
83	0.00	0.17	2.00	97.83
84	0.00	0.16	1.96	97.88
85	0.00	0.16	2.04	97.80
86	0.00	0.17	2.08	97.75
87	0.00	0.20	2.26	97.54
88	0.00	0.19	2.33	97.48
89	0.00	0.21	2.54	97.25
90	0.00	0.25	2.66	97.09
91	0.00	0.24	2.74	97.02
92	0.00	0.25	2.59	97.15
93	0.00	0.25	2.72	97.03
94	0.00	0.30	2.93	96.77
95	0.00	0.96	7.14	91.90




