Parameters
	Library type	Single-end
	Input file	/Volumes/wdhd/users/joaks1/projects/gekgo/data/genomes/msg/plate3/demultiplexed-trimmed/CDS_278_Gekko_mindorensis_Negros_R1.trimmed.fq
	Primer/Adaptor library	NA
	Cut-off read length for HQ	70%
	Cut-off quality score	20
	Only statistics	On
	Number of processes	2


QC statistics
	File name	CDS_278_Gekko_mindorensis_Negros_R1.trimmed.fq
	Total number of reads	27873
	Total number of HQ reads	27870
	Percentage of HQ reads	99.99%
	Total number of bases	2582660
	Total number of bases in HQ reads	2582554
	Total number of HQ bases in HQ reads	2574632
	Percentage of HQ bases in HQ reads	99.69%
	Number of Primer/Adaptor contaminated HQ reads	NA
	Total number of HQ filtered reads	27870
	Percentage of HQ filtered reads	99.99%


Detailed QC statistics
	File name	CDS_278_Gekko_mindorensis_Negros_R1.trimmed.fq
	Minimum read length	12
	Maximum read length	95
	Average read length	92.66
	Total number of reads	27873
	Total number of reads with non-ATGC bases	0
	Percentage of reads with non-ATGC bases	0.00%
	Total number of bases	2582660
	Total number of HQ bases	2574701
	Percentage of HQ bases	99.69%
	Total number of non-ATGC bases	0
	Percentage of non-ATGC bases	0.00%


Average quality score at each base position of input reads

CDS_278_Gekko_mindorensis_Negros_R1.trimmed.fq
36.58	36.39	36.81	36.60	36.84	36.85	36.86	39.44	39.42	39.30	39.23	39.17	39.06	39.10	39.14	38.90	39.04	38.96	39.09	38.92	38.99	38.80	38.76	38.76	38.83	38.64	38.66	38.81	38.53	38.34	38.57	38.72	38.52	38.55	38.60	38.28	38.48	38.56	38.51	38.03	38.04	37.98	37.99	37.79	37.69	37.07	36.28	36.02	35.47	35.08	35.09	35.41	35.79	35.98	36.11	36.13	36.16	36.20	36.12	36.01	35.86	35.68	35.51	35.35	35.19	35.05	34.97	34.91	34.77	33.27	33.99	34.46	34.57	34.55	34.50	34.41	34.36	34.34	34.25	34.20	34.07	34.04	33.99	33.95	33.93	33.84	33.71	33.67	33.61	33.54	33.52	33.45	33.39	33.19	31.84	




Read count (%) per base for different quality score ranges

	CDS_278_Gekko_mindorensis_Negros_R1.trimmed.fq
Ranges	0-10	11-20	21-30	31-40
Base
1	0.00	0.67	1.16	98.17
2	0.00	0.24	0.72	99.03
3	0.00	0.15	0.63	99.22
4	0.00	0.22	0.90	98.88
5	0.00	0.13	0.52	99.35
6	0.00	0.15	0.55	99.30
7	0.00	0.14	0.48	99.38
8	0.00	0.16	0.56	99.28
9	0.00	0.15	0.53	99.32
10	0.00	0.20	0.71	99.09
11	0.00	0.18	0.65	99.17
12	0.00	0.22	0.65	99.13
13	0.00	0.22	0.72	99.05
14	0.00	0.26	0.72	99.02
15	0.00	0.22	0.65	99.13
16	0.00	0.21	0.73	99.06
17	0.00	0.18	0.66	99.16
18	0.00	0.18	0.74	99.08
19	0.00	0.20	0.73	99.07
20	0.00	0.20	0.83	98.97
21	0.00	0.22	0.74	99.04
22	0.00	0.23	0.76	99.01
23	0.00	0.22	0.87	98.91
24	0.00	0.16	0.81	99.03
25	0.00	0.14	0.77	99.09
26	0.00	0.23	1.09	98.68
27	0.00	0.17	0.97	98.86
28	0.00	0.15	0.85	99.00
29	0.00	0.16	0.71	99.12
30	0.00	0.22	0.94	98.84
31	0.00	0.16	0.72	99.12
32	0.00	0.16	0.84	99.00
33	0.00	0.17	0.94	98.88
34	0.00	0.16	0.83	99.01
35	0.00	0.15	0.87	98.98
36	0.00	0.26	1.19	98.55
37	0.00	0.16	0.89	98.95
38	0.00	0.14	0.92	98.94
39	0.00	0.19	1.05	98.76
40	0.00	0.20	1.47	98.33
41	0.00	0.16	1.42	98.42
42	0.00	0.17	1.31	98.52
43	0.00	0.15	1.14	98.71
44	0.00	0.15	1.16	98.69
45	0.00	0.12	1.49	98.39
46	0.00	0.18	2.49	97.33
47	0.00	0.31	4.81	94.89
48	0.00	0.39	5.28	94.33
49	0.00	0.80	7.36	91.83
50	0.00	1.26	9.28	89.46
51	0.00	2.04	7.73	90.23
52	0.00	2.03	6.04	91.94
53	0.00	1.51	4.64	93.85
54	0.00	1.18	3.52	95.30
55	0.00	0.94	2.84	96.22
56	0.00	0.73	2.68	96.60
57	0.00	0.52	2.08	97.40
58	0.00	0.35	1.71	97.94
59	0.00	0.24	1.52	98.24
60	0.00	0.16	1.26	98.57
61	0.00	0.16	1.32	98.52
62	0.00	0.12	1.34	98.54
63	0.00	0.12	1.32	98.56
64	0.00	0.12	1.57	98.31
65	0.00	0.12	1.76	98.12
66	0.00	0.14	1.61	98.25
67	0.00	0.13	1.50	98.36
68	0.00	0.08	1.55	98.36
69	0.00	0.15	1.64	98.21
70	0.00	0.09	4.39	95.52
71	0.00	0.08	1.96	97.96
72	0.00	0.11	1.41	98.48
73	0.00	0.09	1.55	98.36
74	0.00	0.12	1.68	98.20
75	0.00	0.15	1.68	98.17
76	0.00	0.14	1.92	97.95
77	0.00	0.16	1.82	98.02
78	0.00	0.13	1.73	98.14
79	0.00	0.21	1.95	97.84
80	0.00	0.17	1.99	97.84
81	0.00	0.19	2.37	97.44
82	0.00	0.24	2.19	97.57
83	0.00	0.27	2.27	97.47
84	0.00	0.21	2.34	97.45
85	0.00	0.21	2.26	97.53
86	0.00	0.25	2.43	97.32
87	0.00	0.25	2.77	96.97
88	0.00	0.32	2.50	97.17
89	0.00	0.34	2.73	96.93
90	0.00	0.38	2.83	96.79
91	0.00	0.26	3.07	96.67
92	0.00	0.30	2.79	96.91
93	0.00	0.35	2.82	96.83
94	0.00	0.48	3.56	95.96
95	0.00	1.39	7.73	90.88




