Parameters
	Library type	Single-end
	Input file	/Volumes/wdhd/users/joaks1/projects/gekgo/data/genomes/msg/plate3/demultiplexed-trimmed/CDS_1461_Gekko_mindorensis_MaestreDeCampo_R1.trimmed.fq
	Primer/Adaptor library	NA
	Cut-off read length for HQ	70%
	Cut-off quality score	20
	Only statistics	On
	Number of processes	2


QC statistics
	File name	CDS_1461_Gekko_mindorensis_MaestreDeCampo_R1.trimmed.fq
	Total number of reads	240625
	Total number of HQ reads	240601
	Percentage of HQ reads	99.99%
	Total number of bases	22386177
	Total number of bases in HQ reads	22385389
	Total number of HQ bases in HQ reads	22320184
	Percentage of HQ bases in HQ reads	99.71%
	Number of Primer/Adaptor contaminated HQ reads	NA
	Total number of HQ filtered reads	240601
	Percentage of HQ filtered reads	99.99%


Detailed QC statistics
	File name	CDS_1461_Gekko_mindorensis_MaestreDeCampo_R1.trimmed.fq
	Minimum read length	11
	Maximum read length	95
	Average read length	93.03
	Total number of reads	240625
	Total number of reads with non-ATGC bases	0
	Percentage of reads with non-ATGC bases	0.00%
	Total number of bases	22386177
	Total number of HQ bases	22320687
	Percentage of HQ bases	99.71%
	Total number of non-ATGC bases	0
	Percentage of non-ATGC bases	0.00%


Average quality score at each base position of input reads

CDS_1461_Gekko_mindorensis_MaestreDeCampo_R1.trimmed.fq
36.70	36.44	36.86	36.65	36.88	36.89	36.90	39.53	39.50	39.41	39.36	39.29	39.26	39.21	39.25	39.01	39.14	39.06	39.22	39.05	39.12	38.89	38.87	38.89	38.97	38.81	38.83	38.98	38.69	38.52	38.75	38.90	38.73	38.75	38.80	38.51	38.70	38.75	38.73	38.25	38.34	38.32	38.34	38.16	38.06	37.54	36.78	36.57	36.05	35.70	35.61	35.92	36.34	36.60	36.83	36.87	37.00	37.10	37.11	37.08	36.99	36.85	36.72	36.55	36.34	36.17	36.01	35.87	35.66	34.19	34.79	35.11	35.16	35.08	35.03	34.90	34.83	34.77	34.72	34.64	34.58	34.49	34.44	34.39	34.34	34.29	34.17	34.09	34.03	33.93	33.90	33.86	33.81	33.67	32.36	




Read count (%) per base for different quality score ranges

	CDS_1461_Gekko_mindorensis_MaestreDeCampo_R1.trimmed.fq
Ranges	0-10	11-20	21-30	31-40
Base
1	0.00	0.50	0.85	98.65
2	0.00	0.14	0.46	99.40
3	0.00	0.11	0.40	99.49
4	0.00	0.21	0.69	99.10
5	0.00	0.11	0.42	99.47
6	0.00	0.11	0.37	99.52
7	0.00	0.11	0.38	99.51
8	0.00	0.12	0.39	99.49
9	0.00	0.12	0.40	99.48
10	0.00	0.15	0.45	99.40
11	0.00	0.14	0.43	99.43
12	0.00	0.16	0.47	99.37
13	0.00	0.17	0.55	99.28
14	0.00	0.20	0.53	99.28
15	0.00	0.17	0.48	99.34
16	0.00	0.18	0.56	99.26
17	0.00	0.15	0.46	99.39
18	0.00	0.16	0.63	99.21
19	0.00	0.17	0.52	99.31
20	0.00	0.22	0.58	99.20
21	0.00	0.21	0.53	99.26
22	0.00	0.24	0.56	99.20
23	0.00	0.22	0.63	99.15
24	0.00	0.18	0.57	99.24
25	0.00	0.17	0.57	99.26
26	0.00	0.19	0.76	99.04
27	0.00	0.18	0.66	99.16
28	0.00	0.15	0.54	99.32
29	0.00	0.16	0.57	99.27
30	0.00	0.16	0.70	99.14
31	0.00	0.13	0.53	99.34
32	0.00	0.13	0.54	99.33
33	0.00	0.16	0.64	99.21
34	0.00	0.14	0.57	99.29
35	0.00	0.15	0.62	99.23
36	0.00	0.20	0.84	98.96
37	0.00	0.13	0.61	99.26
38	0.00	0.12	0.60	99.27
39	0.00	0.12	0.68	99.20
40	0.00	0.17	1.09	98.74
41	0.00	0.13	0.80	99.08
42	0.00	0.14	0.84	99.02
43	0.00	0.12	0.72	99.17
44	0.00	0.14	0.82	99.04
45	0.00	0.15	0.96	98.90
46	0.00	0.18	1.42	98.41
47	0.00	0.30	3.01	96.69
48	0.00	0.38	3.36	96.26
49	0.00	0.68	5.15	94.17
50	0.00	1.22	6.94	91.84
51	0.00	2.25	6.30	91.45
52	0.00	2.17	5.16	92.67
53	0.00	1.70	3.99	94.32
54	0.00	1.36	3.21	95.42
55	0.00	1.06	2.48	96.46
56	0.00	0.85	2.39	96.76
57	0.00	0.61	1.92	97.47
58	0.00	0.41	1.47	98.12
59	0.00	0.28	1.36	98.36
60	0.00	0.17	1.10	98.74
61	0.00	0.13	1.02	98.84
62	0.00	0.12	1.05	98.83
63	0.00	0.11	0.96	98.93
64	0.00	0.12	1.10	98.78
65	0.00	0.13	1.30	98.57
66	0.00	0.13	1.24	98.63
67	0.00	0.11	1.24	98.64
68	0.00	0.12	1.17	98.71
69	0.00	0.13	1.29	98.59
70	0.00	0.11	3.34	96.55
71	0.00	0.11	1.61	98.28
72	0.00	0.11	1.35	98.54
73	0.00	0.10	1.30	98.60
74	0.00	0.10	1.40	98.50
75	0.00	0.12	1.25	98.63
76	0.00	0.14	1.51	98.36
77	0.00	0.15	1.63	98.22
78	0.00	0.12	1.69	98.19
79	0.00	0.14	1.69	98.16
80	0.00	0.15	1.76	98.09
81	0.00	0.16	1.86	97.98
82	0.00	0.19	1.98	97.83
83	0.00	0.17	2.03	97.79
84	0.00	0.18	2.09	97.73
85	0.00	0.20	2.05	97.75
86	0.00	0.20	2.19	97.61
87	0.00	0.21	2.41	97.38
88	0.00	0.27	2.51	97.22
89	0.00	0.25	2.54	97.21
90	0.00	0.33	2.71	96.96
91	0.00	0.30	2.81	96.89
92	0.00	0.29	2.56	97.15
93	0.00	0.28	2.75	96.97
94	0.00	0.33	3.08	96.59
95	0.00	1.02	7.11	91.87




