Parameters
	Library type	Single-end
	Input file	/Volumes/wdhd/users/joaks1/projects/gekgo/data/genomes/msg/plate3/demultiplexed-trimmed/CDS_1230_Gekko_mindorensis_Mindoro_R1.trimmed.fq
	Primer/Adaptor library	NA
	Cut-off read length for HQ	70%
	Cut-off quality score	20
	Only statistics	On
	Number of processes	2


QC statistics
	File name	CDS_1230_Gekko_mindorensis_Mindoro_R1.trimmed.fq
	Total number of reads	1462256
	Total number of HQ reads	1461946
	Percentage of HQ reads	99.98%
	Total number of bases	135928864
	Total number of bases in HQ reads	135919392
	Total number of HQ bases in HQ reads	135493901
	Percentage of HQ bases in HQ reads	99.69%
	Number of Primer/Adaptor contaminated HQ reads	NA
	Total number of HQ filtered reads	1461946
	Percentage of HQ filtered reads	99.98%


Detailed QC statistics
	File name	CDS_1230_Gekko_mindorensis_Mindoro_R1.trimmed.fq
	Minimum read length	10
	Maximum read length	95
	Average read length	92.96
	Total number of reads	1462256
	Total number of reads with non-ATGC bases	0
	Percentage of reads with non-ATGC bases	0.00%
	Total number of bases	135928864
	Total number of HQ bases	135499778
	Percentage of HQ bases	99.68%
	Total number of non-ATGC bases	0
	Percentage of non-ATGC bases	0.00%


Average quality score at each base position of input reads

CDS_1230_Gekko_mindorensis_Mindoro_R1.trimmed.fq
36.77	36.63	36.87	36.63	36.87	36.88	36.89	39.49	39.47	39.39	39.34	39.25	39.30	39.32	39.33	39.11	39.19	39.08	39.21	39.04	39.12	38.92	38.89	38.89	38.96	38.80	38.82	38.97	38.68	38.52	38.73	38.87	38.72	38.74	38.79	38.51	38.69	38.74	38.74	38.31	38.38	38.34	38.37	38.18	38.09	37.58	36.86	36.66	36.16	35.81	35.67	35.96	36.41	36.67	36.92	37.00	37.13	37.28	37.34	37.35	37.30	37.20	37.09	36.95	36.80	36.66	36.52	36.39	36.16	34.60	35.21	35.57	35.60	35.48	35.38	35.19	35.04	34.95	34.85	34.76	34.64	34.56	34.48	34.44	34.37	34.30	34.18	34.11	34.03	33.94	33.89	33.83	33.77	33.63	32.29	




Read count (%) per base for different quality score ranges

	CDS_1230_Gekko_mindorensis_Mindoro_R1.trimmed.fq
Ranges	0-10	11-20	21-30	31-40
Base
1	0.00	0.43	0.65	98.92
2	0.00	0.14	0.39	99.46
3	0.00	0.12	0.35	99.53
4	0.00	0.23	0.68	99.08
5	0.00	0.12	0.44	99.44
6	0.00	0.11	0.38	99.50
7	0.00	0.12	0.40	99.47
8	0.00	0.14	0.40	99.46
9	0.00	0.15	0.43	99.42
10	0.00	0.17	0.49	99.33
11	0.00	0.16	0.47	99.37
12	0.00	0.19	0.54	99.27
13	0.00	0.19	0.61	99.21
14	0.00	0.22	0.56	99.22
15	0.00	0.21	0.51	99.28
16	0.00	0.21	0.60	99.20
17	0.00	0.17	0.50	99.32
18	0.00	0.21	0.66	99.14
19	0.00	0.22	0.56	99.22
20	0.00	0.29	0.64	99.08
21	0.00	0.26	0.57	99.17
22	0.00	0.29	0.61	99.10
23	0.00	0.27	0.64	99.09
24	0.00	0.24	0.62	99.15
25	0.00	0.26	0.58	99.16
26	0.00	0.28	0.78	98.94
27	0.00	0.24	0.68	99.08
28	0.00	0.19	0.59	99.22
29	0.00	0.19	0.64	99.17
30	0.00	0.20	0.74	99.05
31	0.00	0.18	0.59	99.23
32	0.00	0.16	0.62	99.22
33	0.00	0.18	0.68	99.14
34	0.00	0.16	0.62	99.22
35	0.00	0.17	0.63	99.20
36	0.00	0.18	0.86	98.96
37	0.00	0.15	0.63	99.22
38	0.00	0.14	0.62	99.23
39	0.00	0.14	0.64	99.22
40	0.00	0.18	0.97	98.85
41	0.00	0.14	0.76	99.10
42	0.00	0.15	0.80	99.05
43	0.00	0.14	0.67	99.19
44	0.00	0.15	0.77	99.08
45	0.00	0.16	0.87	98.98
46	0.00	0.20	1.25	98.55
47	0.00	0.33	2.42	97.25
48	0.00	0.42	2.65	96.94
49	0.00	0.73	4.04	95.23
50	0.00	1.25	5.70	93.05
51	0.00	2.41	5.44	92.15
52	0.00	2.42	4.45	93.13
53	0.00	1.90	3.43	94.67
54	0.00	1.58	2.82	95.60
55	0.00	1.22	2.29	96.49
56	0.00	0.97	2.14	96.89
57	0.00	0.71	1.82	97.47
58	0.00	0.46	1.43	98.11
59	0.00	0.30	1.27	98.42
60	0.00	0.20	1.07	98.73
61	0.00	0.15	0.98	98.87
62	0.00	0.14	1.00	98.86
63	0.00	0.11	0.95	98.94
64	0.00	0.13	1.07	98.80
65	0.00	0.12	1.17	98.72
66	0.00	0.12	1.15	98.73
67	0.00	0.12	1.14	98.74
68	0.00	0.11	1.07	98.83
69	0.00	0.13	1.21	98.66
70	0.00	0.11	2.94	96.95
71	0.00	0.11	1.44	98.45
72	0.00	0.10	1.24	98.67
73	0.00	0.11	1.25	98.64
74	0.00	0.10	1.29	98.62
75	0.00	0.10	1.18	98.72
76	0.00	0.13	1.45	98.42
77	0.00	0.16	1.56	98.28
78	0.00	0.11	1.55	98.34
79	0.00	0.14	1.64	98.22
80	0.00	0.13	1.67	98.20
81	0.00	0.16	1.85	97.99
82	0.00	0.20	1.97	97.84
83	0.00	0.17	2.08	97.74
84	0.00	0.17	2.03	97.80
85	0.00	0.18	2.11	97.71
86	0.00	0.18	2.16	97.67
87	0.00	0.18	2.33	97.50
88	0.00	0.19	2.40	97.41
89	0.00	0.22	2.54	97.24
90	0.00	0.26	2.63	97.12
91	0.00	0.25	2.78	96.97
92	0.00	0.24	2.66	97.10
93	0.00	0.27	2.77	96.96
94	0.00	0.31	3.10	96.59
95	0.00	0.98	7.42	91.61




