Parameters
	Library type	Single-end
	Input file	/Volumes/wdhd/users/joaks1/projects/gekgo/data/genomes/msg/plate3/demultiplexed-trimmed/CDS_64_Gekko_mindorensis_Panay_R1.trimmed.fq
	Primer/Adaptor library	NA
	Cut-off read length for HQ	70%
	Cut-off quality score	20
	Only statistics	On
	Number of processes	2


QC statistics
	File name	CDS_64_Gekko_mindorensis_Panay_R1.trimmed.fq
	Total number of reads	1857659
	Total number of HQ reads	1857307
	Percentage of HQ reads	99.98%
	Total number of bases	172335060
	Total number of bases in HQ reads	172324866
	Total number of HQ bases in HQ reads	171768568
	Percentage of HQ bases in HQ reads	99.68%
	Number of Primer/Adaptor contaminated HQ reads	NA
	Total number of HQ filtered reads	1857307
	Percentage of HQ filtered reads	99.98%


Detailed QC statistics
	File name	CDS_64_Gekko_mindorensis_Panay_R1.trimmed.fq
	Minimum read length	9
	Maximum read length	95
	Average read length	92.77
	Total number of reads	1857659
	Total number of reads with non-ATGC bases	0
	Percentage of reads with non-ATGC bases	0.00%
	Total number of bases	172335060
	Total number of HQ bases	171774868
	Percentage of HQ bases	99.67%
	Total number of non-ATGC bases	0
	Percentage of non-ATGC bases	0.00%


Average quality score at each base position of input reads

CDS_64_Gekko_mindorensis_Panay_R1.trimmed.fq
36.73	36.45	36.85	36.62	36.85	36.87	36.87	39.47	39.45	39.34	39.28	39.21	39.22	39.18	39.18	38.92	39.06	38.97	39.13	38.96	39.05	38.81	38.79	38.80	38.88	38.72	38.73	38.88	38.58	38.40	38.62	38.77	38.59	38.62	38.67	38.36	38.55	38.62	38.61	38.13	38.20	38.15	38.18	37.99	37.89	37.36	36.60	36.39	35.85	35.48	35.38	35.70	36.10	36.38	36.60	36.67	36.79	36.92	36.95	36.92	36.85	36.73	36.59	36.42	36.24	36.05	35.88	35.75	35.51	34.03	34.62	34.93	34.97	34.89	34.82	34.70	34.59	34.54	34.47	34.40	34.30	34.22	34.15	34.11	34.07	34.00	33.85	33.79	33.71	33.63	33.57	33.51	33.44	33.31	31.92	




Read count (%) per base for different quality score ranges

	CDS_64_Gekko_mindorensis_Panay_R1.trimmed.fq
Ranges	0-10	11-20	21-30	31-40
Base
1	0.00	0.53	0.79	98.68
2	0.00	0.18	0.50	99.32
3	0.00	0.14	0.41	99.45
4	0.00	0.24	0.72	99.04
5	0.00	0.14	0.49	99.37
6	0.00	0.12	0.45	99.43
7	0.00	0.13	0.46	99.41
8	0.00	0.14	0.46	99.39
9	0.00	0.16	0.48	99.37
10	0.00	0.18	0.55	99.26
11	0.00	0.17	0.53	99.30
12	0.00	0.20	0.61	99.19
13	0.00	0.20	0.68	99.12
14	0.00	0.23	0.63	99.14
15	0.00	0.22	0.60	99.18
16	0.00	0.22	0.67	99.10
17	0.00	0.20	0.56	99.24
18	0.00	0.22	0.74	99.03
19	0.00	0.22	0.63	99.15
20	0.00	0.27	0.73	99.00
21	0.00	0.25	0.64	99.11
22	0.00	0.28	0.69	99.03
23	0.00	0.27	0.74	98.99
24	0.00	0.23	0.71	99.07
25	0.00	0.22	0.68	99.09
26	0.00	0.24	0.88	98.88
27	0.00	0.21	0.78	99.01
28	0.00	0.18	0.67	99.15
29	0.00	0.17	0.72	99.11
30	0.00	0.20	0.82	98.98
31	0.00	0.16	0.66	99.17
32	0.00	0.16	0.68	99.17
33	0.00	0.19	0.76	99.05
34	0.00	0.17	0.69	99.14
35	0.00	0.18	0.70	99.12
36	0.00	0.21	0.96	98.83
37	0.00	0.15	0.72	99.13
38	0.00	0.15	0.70	99.15
39	0.00	0.15	0.77	99.08
40	0.00	0.19	1.18	98.63
41	0.00	0.15	0.90	98.95
42	0.00	0.16	0.97	98.87
43	0.00	0.14	0.79	99.06
44	0.00	0.16	0.92	98.92
45	0.00	0.17	1.06	98.77
46	0.00	0.22	1.56	98.21
47	0.00	0.35	3.15	96.50
48	0.00	0.46	3.48	96.06
49	0.00	0.77	5.25	93.98
50	0.00	1.33	7.03	91.64
51	0.00	2.32	6.45	91.23
52	0.00	2.32	5.22	92.46
53	0.00	1.84	4.12	94.03
54	0.00	1.44	3.32	95.23
55	0.00	1.12	2.69	96.19
56	0.00	0.89	2.46	96.65
57	0.00	0.65	2.03	97.32
58	0.00	0.43	1.59	97.98
59	0.00	0.28	1.44	98.27
60	0.00	0.19	1.24	98.57
61	0.00	0.14	1.16	98.71
62	0.00	0.14	1.17	98.69
63	0.00	0.12	1.08	98.80
64	0.00	0.14	1.24	98.62
65	0.00	0.12	1.37	98.51
66	0.00	0.13	1.37	98.50
67	0.00	0.13	1.37	98.50
68	0.00	0.12	1.25	98.63
69	0.00	0.14	1.44	98.42
70	0.00	0.11	3.51	96.38
71	0.00	0.13	1.75	98.12
72	0.00	0.10	1.49	98.41
73	0.00	0.11	1.47	98.42
74	0.00	0.11	1.58	98.31
75	0.00	0.11	1.43	98.46
76	0.00	0.15	1.69	98.16
77	0.00	0.18	1.84	97.98
78	0.00	0.14	1.81	98.05
79	0.00	0.15	1.94	97.91
80	0.00	0.15	1.93	97.93
81	0.00	0.18	2.12	97.70
82	0.00	0.24	2.25	97.52
83	0.00	0.22	2.38	97.40
84	0.00	0.20	2.31	97.49
85	0.00	0.21	2.33	97.46
86	0.00	0.21	2.46	97.33
87	0.00	0.23	2.77	97.01
88	0.00	0.25	2.75	97.00
89	0.00	0.27	2.91	96.82
90	0.00	0.32	3.00	96.68
91	0.00	0.32	3.15	96.53
92	0.00	0.32	3.02	96.66
93	0.00	0.33	3.19	96.48
94	0.00	0.37	3.45	96.18
95	0.00	1.19	8.25	90.56




