Parameters
	Library type	Single-end
	Input file	/Volumes/wdhd/users/joaks1/projects/gekgo/data/genomes/msg/plate3/demultiplexed-trimmed/CDS_1231_Gekko_mindorensis_Mindoro_R1.trimmed.fq
	Primer/Adaptor library	NA
	Cut-off read length for HQ	70%
	Cut-off quality score	20
	Only statistics	On
	Number of processes	2


QC statistics
	File name	CDS_1231_Gekko_mindorensis_Mindoro_R1.trimmed.fq
	Total number of reads	9135
	Total number of HQ reads	9135
	Percentage of HQ reads	100.00%
	Total number of bases	847325
	Total number of bases in HQ reads	847325
	Total number of HQ bases in HQ reads	844610
	Percentage of HQ bases in HQ reads	99.68%
	Number of Primer/Adaptor contaminated HQ reads	NA
	Total number of HQ filtered reads	9135
	Percentage of HQ filtered reads	100.00%


Detailed QC statistics
	File name	CDS_1231_Gekko_mindorensis_Mindoro_R1.trimmed.fq
	Minimum read length	11
	Maximum read length	95
	Average read length	92.76
	Total number of reads	9135
	Total number of reads with non-ATGC bases	0
	Percentage of reads with non-ATGC bases	0.00%
	Total number of bases	847325
	Total number of HQ bases	844610
	Percentage of HQ bases	99.68%
	Total number of non-ATGC bases	0
	Percentage of non-ATGC bases	0.00%


Average quality score at each base position of input reads

CDS_1231_Gekko_mindorensis_Mindoro_R1.trimmed.fq
36.69	36.63	36.86	36.60	36.85	36.89	36.88	39.45	39.42	39.33	39.26	39.20	39.23	39.22	39.20	38.89	39.02	38.95	39.10	38.95	39.03	38.76	38.71	38.75	38.84	38.71	38.72	38.82	38.50	38.33	38.54	38.64	38.47	38.51	38.59	38.27	38.49	38.53	38.52	38.11	38.18	38.14	38.17	38.00	37.89	37.32	36.54	36.38	35.90	35.55	35.52	35.76	36.09	36.42	36.66	36.67	36.82	36.93	36.94	36.92	36.89	36.80	36.68	36.46	36.23	36.12	35.98	35.81	35.54	34.01	34.65	34.99	34.99	34.89	34.81	34.65	34.58	34.54	34.51	34.38	34.29	34.24	34.14	34.12	34.05	33.95	33.73	33.70	33.62	33.56	33.48	33.38	33.36	33.20	31.88	




Read count (%) per base for different quality score ranges

	CDS_1231_Gekko_mindorensis_Mindoro_R1.trimmed.fq
Ranges	0-10	11-20	21-30	31-40
Base
1	0.00	0.56	0.92	98.52
2	0.00	0.16	0.41	99.43
3	0.00	0.14	0.36	99.50
4	0.00	0.31	0.77	98.93
5	0.00	0.12	0.55	99.33
6	0.00	0.05	0.46	99.49
7	0.00	0.10	0.44	99.46
8	0.00	0.12	0.45	99.43
9	0.00	0.15	0.56	99.29
10	0.00	0.16	0.58	99.26
11	0.00	0.15	0.54	99.31
12	0.00	0.18	0.49	99.33
13	0.00	0.22	0.59	99.19
14	0.00	0.15	0.53	99.32
15	0.00	0.22	0.54	99.24
16	0.00	0.27	0.57	99.16
17	0.00	0.19	0.55	99.27
18	0.00	0.19	0.73	99.08
19	0.00	0.22	0.57	99.21
20	0.00	0.22	0.73	99.05
21	0.00	0.31	0.67	99.02
22	0.00	0.26	0.79	98.95
23	0.00	0.34	0.81	98.85
24	0.00	0.30	0.72	98.98
25	0.00	0.26	0.63	99.11
26	0.00	0.25	0.88	98.87
27	0.00	0.24	0.90	98.86
28	0.00	0.17	0.77	99.06
29	0.00	0.23	0.68	99.09
30	0.00	0.23	0.79	98.98
31	0.00	0.19	0.63	99.18
32	0.00	0.25	0.60	99.15
33	0.00	0.22	0.80	98.98
34	0.00	0.17	0.71	99.13
35	0.00	0.21	0.77	99.02
36	0.00	0.28	1.07	98.65
37	0.00	0.10	0.78	99.13
38	0.00	0.17	0.75	99.08
39	0.00	0.14	0.81	99.05
40	0.00	0.21	1.26	98.53
41	0.00	0.10	1.02	98.88
42	0.00	0.16	0.84	99.00
43	0.00	0.08	0.69	99.23
44	0.00	0.09	0.79	99.12
45	0.00	0.17	0.96	98.88
46	0.00	0.29	1.51	98.20
47	0.00	0.31	3.53	96.16
48	0.00	0.43	3.26	96.31
49	0.00	0.82	4.54	94.64
50	0.00	1.32	6.59	92.09
51	0.00	2.17	6.23	91.61
52	0.00	2.14	5.26	92.60
53	0.00	1.70	4.32	93.98
54	0.00	1.44	3.08	95.48
55	0.00	1.04	2.56	96.40
56	0.00	0.86	2.63	96.51
57	0.00	0.59	1.99	97.42
58	0.00	0.45	1.55	98.00
59	0.00	0.23	1.48	98.29
60	0.00	0.17	1.28	98.55
61	0.00	0.06	1.07	98.88
62	0.00	0.10	1.04	98.85
63	0.00	0.07	1.07	98.86
64	0.00	0.26	1.40	98.34
65	0.00	0.14	1.62	98.25
66	0.00	0.09	1.49	98.42
67	0.00	0.10	1.18	98.71
68	0.00	0.16	1.42	98.42
69	0.00	0.11	1.62	98.27
70	0.00	0.10	3.83	96.06
71	0.00	0.21	1.67	98.13
72	0.00	0.15	1.47	98.38
73	0.00	0.13	1.41	98.47
74	0.00	0.17	1.39	98.44
75	0.00	0.10	1.58	98.32
76	0.00	0.16	2.05	97.79
77	0.00	0.16	1.92	97.92
78	0.00	0.16	1.72	98.12
79	0.00	0.17	1.73	98.09
80	0.00	0.13	2.19	97.68
81	0.00	0.16	2.31	97.53
82	0.00	0.21	2.16	97.63
83	0.00	0.22	2.24	97.54
84	0.00	0.12	2.45	97.43
85	0.00	0.16	2.31	97.53
86	0.00	0.20	2.33	97.47
87	0.00	0.25	3.11	96.64
88	0.00	0.16	3.05	96.78
89	0.00	0.34	3.01	96.65
90	0.00	0.25	3.37	96.37
91	0.00	0.38	3.42	96.20
92	0.00	0.44	3.52	96.04
93	0.00	0.34	3.60	96.06
94	0.00	0.54	3.86	95.60
95	0.00	1.06	8.72	90.22




