Parameters
	Library type	Single-end
	Input file	/Volumes/wdhd/users/joaks1/projects/gekgo/data/genomes/msg/plate3/demultiplexed-trimmed/CDS_63_Gekko_mindorensis_Panay_R1.trimmed.fq
	Primer/Adaptor library	NA
	Cut-off read length for HQ	70%
	Cut-off quality score	20
	Only statistics	On
	Number of processes	2


QC statistics
	File name	CDS_63_Gekko_mindorensis_Panay_R1.trimmed.fq
	Total number of reads	1544886
	Total number of HQ reads	1544712
	Percentage of HQ reads	99.99%
	Total number of bases	144277840
	Total number of bases in HQ reads	144272457
	Total number of HQ bases in HQ reads	143867828
	Percentage of HQ bases in HQ reads	99.72%
	Number of Primer/Adaptor contaminated HQ reads	NA
	Total number of HQ filtered reads	1544712
	Percentage of HQ filtered reads	99.99%


Detailed QC statistics
	File name	CDS_63_Gekko_mindorensis_Panay_R1.trimmed.fq
	Minimum read length	9
	Maximum read length	95
	Average read length	93.39
	Total number of reads	1544886
	Total number of reads with non-ATGC bases	0
	Percentage of reads with non-ATGC bases	0.00%
	Total number of bases	144277840
	Total number of HQ bases	143871186
	Percentage of HQ bases	99.72%
	Total number of non-ATGC bases	0
	Percentage of non-ATGC bases	0.00%


Average quality score at each base position of input reads

CDS_63_Gekko_mindorensis_Panay_R1.trimmed.fq
35.32	33.82	36.79	36.60	36.91	36.92	36.92	39.55	39.54	39.47	39.43	39.33	39.40	39.40	39.40	39.16	39.23	39.12	39.29	39.13	39.22	39.01	38.99	38.98	39.07	38.93	38.97	39.11	38.82	38.66	38.88	39.03	38.88	38.91	38.96	38.69	38.87	38.92	38.93	38.51	38.56	38.54	38.55	38.38	38.29	37.76	37.06	36.87	36.38	36.06	35.92	36.22	36.68	36.94	37.18	37.28	37.41	37.56	37.61	37.62	37.55	37.45	37.33	37.18	37.02	36.87	36.71	36.57	36.32	34.80	35.41	35.76	35.79	35.66	35.54	35.38	35.26	35.20	35.13	35.05	34.94	34.86	34.79	34.76	34.69	34.63	34.50	34.43	34.35	34.28	34.23	34.17	34.12	33.98	32.60	




Read count (%) per base for different quality score ranges

	CDS_63_Gekko_mindorensis_Panay_R1.trimmed.fq
Ranges	0-10	11-20	21-30	31-40
Base
1	0.00	0.64	1.40	97.97
2	0.00	0.12	0.79	99.09
3	0.00	0.09	0.30	99.61
4	0.00	0.18	0.57	99.24
5	0.00	0.08	0.29	99.63
6	0.00	0.08	0.26	99.66
7	0.00	0.08	0.27	99.65
8	0.00	0.10	0.27	99.63
9	0.00	0.11	0.27	99.62
10	0.00	0.13	0.33	99.54
11	0.00	0.11	0.31	99.59
12	0.00	0.14	0.39	99.47
13	0.00	0.13	0.44	99.43
14	0.00	0.18	0.40	99.43
15	0.00	0.16	0.37	99.46
16	0.00	0.15	0.42	99.43
17	0.00	0.13	0.35	99.52
18	0.00	0.15	0.50	99.35
19	0.00	0.15	0.40	99.45
20	0.00	0.20	0.47	99.34
21	0.00	0.18	0.40	99.42
22	0.00	0.20	0.45	99.35
23	0.00	0.19	0.47	99.34
24	0.00	0.17	0.43	99.39
25	0.00	0.18	0.43	99.38
26	0.00	0.20	0.59	99.21
27	0.00	0.17	0.50	99.33
28	0.00	0.13	0.43	99.44
29	0.00	0.13	0.47	99.40
30	0.00	0.14	0.56	99.30
31	0.00	0.13	0.40	99.47
32	0.00	0.12	0.44	99.44
33	0.00	0.13	0.50	99.37
34	0.00	0.13	0.45	99.43
35	0.00	0.14	0.46	99.41
36	0.00	0.15	0.66	99.19
37	0.00	0.11	0.48	99.41
38	0.00	0.11	0.47	99.42
39	0.00	0.11	0.49	99.40
40	0.00	0.13	0.83	99.04
41	0.00	0.11	0.63	99.26
42	0.00	0.12	0.64	99.24
43	0.00	0.11	0.54	99.35
44	0.00	0.11	0.63	99.26
45	0.00	0.12	0.74	99.14
46	0.00	0.18	1.10	98.72
47	0.00	0.27	2.31	97.41
48	0.00	0.36	2.56	97.08
49	0.00	0.66	4.11	95.23
50	0.00	1.19	5.69	93.12
51	0.00	2.27	5.42	92.31
52	0.00	2.33	4.41	93.26
53	0.00	1.80	3.45	94.76
54	0.00	1.48	2.80	95.72
55	0.00	1.12	2.26	96.61
56	0.00	0.89	2.02	97.09
57	0.00	0.66	1.69	97.66
58	0.00	0.41	1.31	98.28
59	0.00	0.26	1.16	98.58
60	0.00	0.17	0.97	98.86
61	0.00	0.12	0.88	98.99
62	0.00	0.12	0.90	98.98
63	0.00	0.10	0.85	99.04
64	0.00	0.11	0.98	98.91
65	0.00	0.11	1.08	98.81
66	0.00	0.10	1.11	98.79
67	0.00	0.11	1.06	98.83
68	0.00	0.10	1.02	98.88
69	0.00	0.13	1.13	98.74
70	0.00	0.09	2.84	97.07
71	0.00	0.10	1.38	98.53
72	0.00	0.08	1.13	98.79
73	0.00	0.09	1.12	98.79
74	0.00	0.09	1.23	98.69
75	0.00	0.10	1.12	98.78
76	0.00	0.13	1.35	98.53
77	0.00	0.16	1.48	98.36
78	0.00	0.10	1.43	98.46
79	0.00	0.12	1.52	98.36
80	0.00	0.11	1.50	98.38
81	0.00	0.14	1.76	98.10
82	0.00	0.19	1.88	97.93
83	0.00	0.18	1.96	97.86
84	0.00	0.16	1.90	97.94
85	0.00	0.17	1.99	97.84
86	0.00	0.17	2.07	97.76
87	0.00	0.19	2.29	97.52
88	0.00	0.19	2.37	97.44
89	0.00	0.22	2.43	97.35
90	0.00	0.25	2.52	97.24
91	0.00	0.25	2.67	97.08
92	0.00	0.25	2.54	97.21
93	0.00	0.26	2.69	97.04
94	0.00	0.30	2.97	96.72
95	0.00	1.03	7.37	91.60




