Parameters
	Library type	Single-end
	Input file	/Volumes/wdhd/users/joaks1/projects/gekgo/data/genomes/msg/plate3/demultiplexed-trimmed/CDS_757_Gekko_mindorensis_Masbate_R1.trimmed.fq
	Primer/Adaptor library	NA
	Cut-off read length for HQ	70%
	Cut-off quality score	20
	Only statistics	On
	Number of processes	2


QC statistics
	File name	CDS_757_Gekko_mindorensis_Masbate_R1.trimmed.fq
	Total number of reads	223860
	Total number of HQ reads	223815
	Percentage of HQ reads	99.98%
	Total number of bases	20788953
	Total number of bases in HQ reads	20787580
	Total number of HQ bases in HQ reads	20722947
	Percentage of HQ bases in HQ reads	99.69%
	Number of Primer/Adaptor contaminated HQ reads	NA
	Total number of HQ filtered reads	223815
	Percentage of HQ filtered reads	99.98%


Detailed QC statistics
	File name	CDS_757_Gekko_mindorensis_Masbate_R1.trimmed.fq
	Minimum read length	10
	Maximum read length	95
	Average read length	92.87
	Total number of reads	223860
	Total number of reads with non-ATGC bases	0
	Percentage of reads with non-ATGC bases	0.00%
	Total number of bases	20788953
	Total number of HQ bases	20723789
	Percentage of HQ bases	99.69%
	Total number of non-ATGC bases	0
	Percentage of non-ATGC bases	0.00%


Average quality score at each base position of input reads

CDS_757_Gekko_mindorensis_Masbate_R1.trimmed.fq
36.75	36.61	36.86	36.63	36.86	36.88	36.89	39.48	39.46	39.37	39.32	39.23	39.29	39.31	39.31	39.08	39.16	39.05	39.18	39.00	39.09	38.88	38.86	38.84	38.91	38.77	38.79	38.93	38.63	38.46	38.67	38.82	38.65	38.66	38.72	38.44	38.62	38.68	38.69	38.23	38.30	38.28	38.30	38.12	38.04	37.52	36.81	36.61	36.12	35.76	35.67	35.94	36.38	36.62	36.85	36.93	37.07	37.20	37.26	37.28	37.21	37.11	36.99	36.83	36.69	36.54	36.40	36.27	36.02	34.46	35.08	35.46	35.49	35.37	35.24	35.05	34.93	34.84	34.74	34.64	34.54	34.45	34.36	34.32	34.26	34.21	34.08	33.99	33.89	33.81	33.77	33.69	33.63	33.50	32.09	




Read count (%) per base for different quality score ranges

	CDS_757_Gekko_mindorensis_Masbate_R1.trimmed.fq
Ranges	0-10	11-20	21-30	31-40
Base
1	0.00	0.47	0.69	98.83
2	0.00	0.16	0.44	99.40
3	0.00	0.13	0.38	99.49
4	0.00	0.23	0.70	99.06
5	0.00	0.12	0.45	99.42
6	0.00	0.13	0.40	99.46
7	0.00	0.12	0.40	99.48
8	0.00	0.13	0.42	99.45
9	0.00	0.15	0.44	99.41
10	0.00	0.18	0.50	99.32
11	0.00	0.16	0.51	99.33
12	0.00	0.19	0.57	99.24
13	0.00	0.18	0.61	99.21
14	0.00	0.23	0.58	99.20
15	0.00	0.22	0.52	99.27
16	0.00	0.23	0.58	99.18
17	0.00	0.20	0.52	99.29
18	0.00	0.21	0.66	99.14
19	0.00	0.24	0.56	99.20
20	0.00	0.28	0.67	99.05
21	0.00	0.25	0.58	99.18
22	0.00	0.29	0.63	99.08
23	0.00	0.26	0.72	99.02
24	0.00	0.25	0.65	99.10
25	0.00	0.24	0.63	99.13
26	0.00	0.29	0.83	98.88
27	0.00	0.26	0.71	99.03
28	0.00	0.23	0.59	99.18
29	0.00	0.21	0.68	99.11
30	0.00	0.22	0.80	98.98
31	0.00	0.18	0.62	99.20
32	0.00	0.16	0.61	99.23
33	0.00	0.19	0.72	99.09
34	0.00	0.18	0.65	99.17
35	0.00	0.17	0.63	99.20
36	0.00	0.17	0.81	99.03
37	0.00	0.14	0.62	99.24
38	0.00	0.15	0.63	99.23
39	0.00	0.13	0.70	99.16
40	0.00	0.17	1.04	98.79
41	0.00	0.14	0.79	99.07
42	0.00	0.15	0.78	99.07
43	0.00	0.14	0.68	99.18
44	0.00	0.15	0.80	99.05
45	0.00	0.14	0.85	99.01
46	0.00	0.23	1.27	98.50
47	0.00	0.31	2.51	97.18
48	0.00	0.42	2.66	96.92
49	0.00	0.73	4.03	95.24
50	0.00	1.29	5.67	93.03
51	0.00	2.26	5.35	92.39
52	0.00	2.32	4.32	93.36
53	0.00	1.80	3.49	94.70
54	0.00	1.46	2.83	95.71
55	0.00	1.13	2.28	96.59
56	0.00	0.93	2.14	96.94
57	0.00	0.67	1.76	97.57
58	0.00	0.45	1.37	98.19
59	0.00	0.27	1.26	98.47
60	0.00	0.18	1.07	98.75
61	0.00	0.15	0.96	98.90
62	0.00	0.12	1.05	98.83
63	0.00	0.11	0.97	98.92
64	0.00	0.12	1.15	98.73
65	0.00	0.10	1.25	98.65
66	0.00	0.10	1.27	98.63
67	0.00	0.12	1.19	98.69
68	0.00	0.12	1.09	98.79
69	0.00	0.13	1.26	98.62
70	0.00	0.11	3.03	96.86
71	0.00	0.11	1.48	98.41
72	0.00	0.09	1.24	98.67
73	0.00	0.10	1.22	98.68
74	0.00	0.10	1.31	98.59
75	0.00	0.10	1.32	98.57
76	0.00	0.13	1.51	98.36
77	0.00	0.16	1.56	98.28
78	0.00	0.13	1.59	98.29
79	0.00	0.15	1.74	98.11
80	0.00	0.14	1.71	98.15
81	0.00	0.16	1.91	97.93
82	0.00	0.20	2.12	97.69
83	0.00	0.18	2.21	97.61
84	0.00	0.16	2.10	97.74
85	0.00	0.17	2.20	97.63
86	0.00	0.18	2.19	97.63
87	0.00	0.22	2.40	97.38
88	0.00	0.21	2.55	97.24
89	0.00	0.24	2.72	97.04
90	0.00	0.27	2.76	96.98
91	0.00	0.27	2.90	96.83
92	0.00	0.30	2.85	96.85
93	0.00	0.27	2.99	96.73
94	0.00	0.34	3.20	96.46
95	0.00	1.00	8.02	90.98




