Parameters
	Library type	Single-end
	Input file	/Volumes/wdhd/users/joaks1/projects/gekgo/data/genomes/msg/plate3/demultiplexed-trimmed/CDS_792_Gekko_romblon_Romblon_R1.trimmed.fq
	Primer/Adaptor library	NA
	Cut-off read length for HQ	70%
	Cut-off quality score	20
	Only statistics	On
	Number of processes	2


QC statistics
	File name	CDS_792_Gekko_romblon_Romblon_R1.trimmed.fq
	Total number of reads	134899
	Total number of HQ reads	134875
	Percentage of HQ reads	99.98%
	Total number of bases	12540875
	Total number of bases in HQ reads	12540135
	Total number of HQ bases in HQ reads	12502637
	Percentage of HQ bases in HQ reads	99.70%
	Number of Primer/Adaptor contaminated HQ reads	NA
	Total number of HQ filtered reads	134875
	Percentage of HQ filtered reads	99.98%


Detailed QC statistics
	File name	CDS_792_Gekko_romblon_Romblon_R1.trimmed.fq
	Minimum read length	11
	Maximum read length	95
	Average read length	92.96
	Total number of reads	134899
	Total number of reads with non-ATGC bases	0
	Percentage of reads with non-ATGC bases	0.00%
	Total number of bases	12540875
	Total number of HQ bases	12503099
	Percentage of HQ bases	99.70%
	Total number of non-ATGC bases	0
	Percentage of non-ATGC bases	0.00%


Average quality score at each base position of input reads

CDS_792_Gekko_romblon_Romblon_R1.trimmed.fq
36.78	36.58	36.87	36.60	36.87	36.88	36.89	39.54	39.50	39.37	39.31	39.26	39.32	39.29	39.31	39.11	39.17	39.03	39.18	39.01	39.09	38.88	38.87	38.88	38.96	38.79	38.80	38.96	38.63	38.47	38.71	38.87	38.68	38.73	38.76	38.44	38.65	38.74	38.72	38.35	38.40	38.32	38.38	38.21	38.10	37.60	36.86	36.69	36.22	35.86	35.72	36.09	36.45	36.73	36.96	37.02	37.22	37.32	37.36	37.35	37.29	37.18	37.05	36.92	36.74	36.64	36.47	36.32	36.12	34.60	35.16	35.46	35.45	35.34	35.23	35.09	34.93	34.87	34.76	34.65	34.55	34.44	34.39	34.33	34.24	34.20	34.06	33.99	33.93	33.80	33.74	33.68	33.62	33.49	32.24	




Read count (%) per base for different quality score ranges

	CDS_792_Gekko_romblon_Romblon_R1.trimmed.fq
Ranges	0-10	11-20	21-30	31-40
Base
1	0.00	0.36	0.61	99.02
2	0.00	0.12	0.35	99.53
3	0.00	0.11	0.33	99.56
4	0.00	0.23	0.71	99.07
5	0.00	0.12	0.40	99.48
6	0.00	0.11	0.39	99.50
7	0.00	0.12	0.38	99.50
8	0.00	0.12	0.33	99.55
9	0.00	0.13	0.38	99.48
10	0.00	0.16	0.47	99.36
11	0.00	0.14	0.43	99.44
12	0.00	0.16	0.48	99.35
13	0.00	0.16	0.52	99.32
14	0.00	0.22	0.48	99.29
15	0.00	0.21	0.48	99.31
16	0.00	0.24	0.58	99.18
17	0.00	0.19	0.49	99.32
18	0.00	0.22	0.61	99.17
19	0.00	0.21	0.52	99.27
20	0.00	0.27	0.55	99.18
21	0.00	0.22	0.55	99.22
22	0.00	0.29	0.57	99.14
23	0.00	0.25	0.60	99.15
24	0.00	0.22	0.62	99.16
25	0.00	0.24	0.55	99.21
26	0.00	0.23	0.72	99.05
27	0.00	0.21	0.66	99.14
28	0.00	0.15	0.48	99.37
29	0.00	0.17	0.59	99.24
30	0.00	0.17	0.66	99.17
31	0.00	0.14	0.55	99.31
32	0.00	0.14	0.55	99.31
33	0.00	0.19	0.67	99.14
34	0.00	0.16	0.59	99.25
35	0.00	0.17	0.63	99.21
36	0.00	0.18	0.85	98.97
37	0.00	0.13	0.60	99.27
38	0.00	0.11	0.55	99.34
39	0.00	0.11	0.57	99.32
40	0.00	0.19	0.91	98.91
41	0.00	0.14	0.81	99.05
42	0.00	0.16	0.81	99.03
43	0.00	0.14	0.71	99.15
44	0.00	0.15	0.81	99.04
45	0.00	0.16	0.86	98.98
46	0.00	0.21	1.32	98.47
47	0.00	0.31	2.56	97.13
48	0.00	0.45	2.82	96.74
49	0.00	0.70	4.02	95.28
50	0.00	1.19	5.66	93.15
51	0.00	2.31	5.47	92.22
52	0.00	2.20	4.03	93.77
53	0.00	1.76	3.36	94.88
54	0.00	1.38	2.82	95.80
55	0.00	0.99	2.26	96.75
56	0.00	0.82	2.07	97.11
57	0.00	0.57	1.61	97.83
58	0.00	0.39	1.35	98.26
59	0.00	0.24	1.25	98.51
60	0.00	0.18	1.02	98.80
61	0.00	0.13	1.04	98.83
62	0.00	0.15	1.13	98.72
63	0.00	0.11	1.03	98.86
64	0.00	0.11	1.06	98.83
65	0.00	0.13	1.29	98.58
66	0.00	0.11	1.07	98.82
67	0.00	0.14	1.21	98.64
68	0.00	0.10	1.18	98.72
69	0.00	0.14	1.22	98.64
70	0.00	0.14	2.81	97.05
71	0.00	0.11	1.60	98.30
72	0.00	0.12	1.41	98.46
73	0.00	0.12	1.36	98.52
74	0.00	0.13	1.43	98.44
75	0.00	0.13	1.40	98.48
76	0.00	0.13	1.60	98.27
77	0.00	0.19	1.73	98.08
78	0.00	0.11	1.65	98.24
79	0.00	0.18	1.73	98.09
80	0.00	0.14	1.90	97.95
81	0.00	0.19	2.02	97.79
82	0.00	0.25	2.15	97.60
83	0.00	0.17	2.17	97.66
84	0.00	0.19	2.18	97.63
85	0.00	0.19	2.32	97.49
86	0.00	0.19	2.17	97.64
87	0.00	0.25	2.48	97.27
88	0.00	0.22	2.59	97.18
89	0.00	0.23	2.66	97.11
90	0.00	0.30	2.95	96.76
91	0.00	0.28	3.06	96.66
92	0.00	0.29	2.93	96.78
93	0.00	0.28	3.11	96.61
94	0.00	0.34	3.20	96.47
95	0.00	1.02	7.48	91.50




