Parameters
	Library type	Single-end
	Input file	/Volumes/wdhd/users/joaks1/projects/gekgo/data/genomes/msg/plate3/demultiplexed-trimmed/CDS_1463_Gekko_mindorensis_MaestreDeCampo_R1.trimmed.fq
	Primer/Adaptor library	NA
	Cut-off read length for HQ	70%
	Cut-off quality score	20
	Only statistics	On
	Number of processes	2


QC statistics
	File name	CDS_1463_Gekko_mindorensis_MaestreDeCampo_R1.trimmed.fq
	Total number of reads	908450
	Total number of HQ reads	908277
	Percentage of HQ reads	99.98%
	Total number of bases	84500339
	Total number of bases in HQ reads	84495126
	Total number of HQ bases in HQ reads	84242624
	Percentage of HQ bases in HQ reads	99.70%
	Number of Primer/Adaptor contaminated HQ reads	NA
	Total number of HQ filtered reads	908277
	Percentage of HQ filtered reads	99.98%


Detailed QC statistics
	File name	CDS_1463_Gekko_mindorensis_MaestreDeCampo_R1.trimmed.fq
	Minimum read length	9
	Maximum read length	95
	Average read length	93.02
	Total number of reads	908450
	Total number of reads with non-ATGC bases	0
	Percentage of reads with non-ATGC bases	0.00%
	Total number of bases	84500339
	Total number of HQ bases	84245894
	Percentage of HQ bases	99.70%
	Total number of non-ATGC bases	0
	Percentage of non-ATGC bases	0.00%


Average quality score at each base position of input reads

CDS_1463_Gekko_mindorensis_MaestreDeCampo_R1.trimmed.fq
36.75	36.56	36.87	36.63	36.88	36.89	36.90	39.51	39.49	39.40	39.34	39.26	39.32	39.32	39.33	39.11	39.18	39.06	39.22	39.04	39.12	38.90	38.89	38.89	38.96	38.80	38.82	38.97	38.67	38.52	38.74	38.88	38.72	38.74	38.80	38.51	38.69	38.75	38.74	38.28	38.35	38.33	38.35	38.18	38.10	37.59	36.85	36.67	36.17	35.85	35.74	36.03	36.47	36.71	36.96	37.03	37.17	37.30	37.37	37.38	37.32	37.22	37.11	36.96	36.80	36.64	36.49	36.37	36.12	34.58	35.18	35.54	35.58	35.45	35.34	35.15	35.03	34.95	34.85	34.76	34.65	34.56	34.50	34.45	34.40	34.33	34.18	34.10	34.03	33.93	33.90	33.84	33.79	33.64	32.32	




Read count (%) per base for different quality score ranges

	CDS_1463_Gekko_mindorensis_MaestreDeCampo_R1.trimmed.fq
Ranges	0-10	11-20	21-30	31-40
Base
1	0.00	0.44	0.68	98.87
2	0.00	0.13	0.39	99.48
3	0.00	0.10	0.33	99.56
4	0.00	0.21	0.64	99.15
5	0.00	0.12	0.40	99.48
6	0.00	0.10	0.37	99.53
7	0.00	0.11	0.38	99.51
8	0.00	0.12	0.38	99.49
9	0.00	0.13	0.39	99.48
10	0.00	0.16	0.47	99.37
11	0.00	0.16	0.43	99.42
12	0.00	0.18	0.51	99.30
13	0.00	0.18	0.55	99.27
14	0.00	0.21	0.54	99.25
15	0.00	0.19	0.48	99.34
16	0.00	0.19	0.55	99.26
17	0.00	0.17	0.47	99.37
18	0.00	0.20	0.62	99.18
19	0.00	0.22	0.51	99.27
20	0.00	0.27	0.59	99.15
21	0.00	0.24	0.53	99.24
22	0.00	0.28	0.58	99.14
23	0.00	0.26	0.61	99.13
24	0.00	0.22	0.57	99.21
25	0.00	0.23	0.55	99.21
26	0.00	0.25	0.73	99.01
27	0.00	0.22	0.64	99.14
28	0.00	0.17	0.55	99.29
29	0.00	0.18	0.60	99.22
30	0.00	0.18	0.69	99.13
31	0.00	0.15	0.55	99.31
32	0.00	0.15	0.56	99.29
33	0.00	0.17	0.61	99.21
34	0.00	0.15	0.57	99.28
35	0.00	0.15	0.59	99.26
36	0.00	0.18	0.81	99.01
37	0.00	0.14	0.59	99.28
38	0.00	0.13	0.58	99.30
39	0.00	0.13	0.64	99.23
40	0.00	0.18	1.02	98.80
41	0.00	0.13	0.79	99.08
42	0.00	0.15	0.77	99.08
43	0.00	0.13	0.64	99.24
44	0.00	0.14	0.74	99.12
45	0.00	0.15	0.83	99.03
46	0.00	0.19	1.20	98.61
47	0.00	0.33	2.45	97.21
48	0.00	0.41	2.71	96.88
49	0.00	0.73	4.12	95.16
50	0.00	1.24	5.63	93.13
51	0.00	2.25	5.38	92.37
52	0.00	2.28	4.39	93.33
53	0.00	1.77	3.41	94.82
54	0.00	1.46	2.82	95.72
55	0.00	1.11	2.26	96.63
56	0.00	0.89	2.15	96.96
57	0.00	0.63	1.77	97.60
58	0.00	0.41	1.38	98.21
59	0.00	0.27	1.26	98.47
60	0.00	0.18	1.05	98.78
61	0.00	0.13	0.98	98.89
62	0.00	0.13	1.00	98.88
63	0.00	0.10	0.92	98.98
64	0.00	0.12	1.04	98.84
65	0.00	0.11	1.25	98.64
66	0.00	0.12	1.16	98.72
67	0.00	0.12	1.19	98.69
68	0.00	0.11	1.07	98.82
69	0.00	0.12	1.26	98.62
70	0.00	0.10	3.05	96.85
71	0.00	0.10	1.51	98.39
72	0.00	0.11	1.26	98.63
73	0.00	0.11	1.23	98.66
74	0.00	0.10	1.33	98.57
75	0.00	0.10	1.23	98.67
76	0.00	0.14	1.43	98.43
77	0.00	0.16	1.57	98.27
78	0.00	0.11	1.53	98.36
79	0.00	0.13	1.66	98.21
80	0.00	0.14	1.69	98.17
81	0.00	0.15	1.89	97.96
82	0.00	0.21	2.01	97.78
83	0.00	0.17	2.11	97.73
84	0.00	0.18	2.07	97.76
85	0.00	0.18	2.09	97.73
86	0.00	0.20	2.17	97.63
87	0.00	0.20	2.42	97.37
88	0.00	0.22	2.52	97.26
89	0.00	0.23	2.71	97.07
90	0.00	0.30	2.85	96.85
91	0.00	0.26	2.89	96.85
92	0.00	0.27	2.69	97.04
93	0.00	0.26	2.89	96.85
94	0.00	0.34	3.10	96.55
95	0.00	0.99	7.49	91.52




