Parameters
	Library type	Single-end
	Input file	/Volumes/wdhd/users/joaks1/projects/gekgo/data/genomes/msg/plate3/demultiplexed-trimmed/CDS_788_Gekko_romblon_Romblon_R1.trimmed.fq
	Primer/Adaptor library	NA
	Cut-off read length for HQ	70%
	Cut-off quality score	20
	Only statistics	On
	Number of processes	2


QC statistics
	File name	CDS_788_Gekko_romblon_Romblon_R1.trimmed.fq
	Total number of reads	375605
	Total number of HQ reads	375556
	Percentage of HQ reads	99.99%
	Total number of bases	34961839
	Total number of bases in HQ reads	34960391
	Total number of HQ bases in HQ reads	34858470
	Percentage of HQ bases in HQ reads	99.71%
	Number of Primer/Adaptor contaminated HQ reads	NA
	Total number of HQ filtered reads	375556
	Percentage of HQ filtered reads	99.99%


Detailed QC statistics
	File name	CDS_788_Gekko_romblon_Romblon_R1.trimmed.fq
	Minimum read length	11
	Maximum read length	95
	Average read length	93.08
	Total number of reads	375605
	Total number of reads with non-ATGC bases	0
	Percentage of reads with non-ATGC bases	0.00%
	Total number of bases	34961839
	Total number of HQ bases	34859369
	Percentage of HQ bases	99.71%
	Total number of non-ATGC bases	0
	Percentage of non-ATGC bases	0.00%


Average quality score at each base position of input reads

CDS_788_Gekko_romblon_Romblon_R1.trimmed.fq
36.76	36.07	36.86	36.64	36.89	36.91	36.91	39.56	39.53	39.42	39.35	39.28	39.35	39.33	39.35	39.13	39.20	39.08	39.22	39.08	39.14	38.92	38.91	38.90	38.99	38.83	38.86	39.02	38.69	38.53	38.75	38.91	38.75	38.79	38.83	38.52	38.73	38.80	38.78	38.40	38.45	38.39	38.43	38.27	38.16	37.68	36.93	36.73	36.26	35.89	35.74	36.11	36.48	36.78	37.01	37.06	37.27	37.37	37.42	37.40	37.34	37.24	37.10	36.96	36.78	36.67	36.52	36.37	36.17	34.63	35.20	35.52	35.52	35.37	35.28	35.15	35.01	34.96	34.84	34.74	34.63	34.55	34.50	34.43	34.36	34.30	34.18	34.11	34.05	33.92	33.86	33.79	33.73	33.61	32.32	




Read count (%) per base for different quality score ranges

	CDS_788_Gekko_romblon_Romblon_R1.trimmed.fq
Ranges	0-10	11-20	21-30	31-40
Base
1	0.00	0.42	0.65	98.93
2	0.00	0.12	0.43	99.45
3	0.00	0.10	0.31	99.60
4	0.00	0.20	0.59	99.22
5	0.00	0.10	0.35	99.55
6	0.00	0.09	0.31	99.60
7	0.00	0.09	0.31	99.60
8	0.00	0.09	0.30	99.60
9	0.00	0.11	0.33	99.56
10	0.00	0.13	0.39	99.48
11	0.00	0.13	0.34	99.52
12	0.00	0.14	0.42	99.44
13	0.00	0.14	0.46	99.40
14	0.00	0.18	0.42	99.40
15	0.00	0.16	0.41	99.43
16	0.00	0.17	0.53	99.30
17	0.00	0.14	0.45	99.41
18	0.00	0.17	0.56	99.26
19	0.00	0.18	0.46	99.36
20	0.00	0.21	0.54	99.25
21	0.00	0.21	0.48	99.31
22	0.00	0.22	0.53	99.25
23	0.00	0.20	0.53	99.27
24	0.00	0.18	0.53	99.30
25	0.00	0.20	0.49	99.31
26	0.00	0.20	0.65	99.15
27	0.00	0.18	0.59	99.23
28	0.00	0.14	0.47	99.40
29	0.00	0.14	0.54	99.31
30	0.00	0.16	0.61	99.23
31	0.00	0.13	0.52	99.35
32	0.00	0.14	0.51	99.35
33	0.00	0.16	0.60	99.24
34	0.00	0.15	0.55	99.30
35	0.00	0.15	0.56	99.29
36	0.00	0.15	0.79	99.05
37	0.00	0.12	0.52	99.36
38	0.00	0.12	0.52	99.37
39	0.00	0.11	0.58	99.31
40	0.00	0.15	0.90	98.94
41	0.00	0.11	0.70	99.19
42	0.00	0.13	0.70	99.16
43	0.00	0.14	0.65	99.21
44	0.00	0.14	0.71	99.14
45	0.00	0.13	0.83	99.04
46	0.00	0.17	1.27	98.56
47	0.00	0.29	2.45	97.25
48	0.00	0.44	2.85	96.72
49	0.00	0.71	4.14	95.15
50	0.00	1.24	5.82	92.94
51	0.00	2.38	5.55	92.07
52	0.00	2.25	4.19	93.56
53	0.00	1.83	3.44	94.73
54	0.00	1.41	2.78	95.80
55	0.00	1.11	2.23	96.66
56	0.00	0.86	2.16	96.98
57	0.00	0.62	1.63	97.74
58	0.00	0.43	1.40	98.18
59	0.00	0.28	1.25	98.47
60	0.00	0.20	1.11	98.68
61	0.00	0.15	1.03	98.83
62	0.00	0.13	1.08	98.79
63	0.00	0.12	0.96	98.92
64	0.00	0.13	1.08	98.79
65	0.00	0.11	1.29	98.60
66	0.00	0.11	1.11	98.78
67	0.00	0.12	1.17	98.71
68	0.00	0.11	1.12	98.77
69	0.00	0.13	1.21	98.66
70	0.00	0.12	2.89	96.99
71	0.00	0.12	1.53	98.35
72	0.00	0.11	1.30	98.59
73	0.00	0.11	1.27	98.62
74	0.00	0.13	1.39	98.48
75	0.00	0.11	1.34	98.55
76	0.00	0.14	1.52	98.34
77	0.00	0.19	1.63	98.17
78	0.00	0.11	1.57	98.32
79	0.00	0.16	1.69	98.16
80	0.00	0.14	1.82	98.04
81	0.00	0.17	1.96	97.87
82	0.00	0.20	2.07	97.73
83	0.00	0.17	2.01	97.81
84	0.00	0.18	2.15	97.68
85	0.00	0.21	2.17	97.62
86	0.00	0.18	2.22	97.60
87	0.00	0.22	2.41	97.37
88	0.00	0.22	2.46	97.31
89	0.00	0.22	2.53	97.24
90	0.00	0.27	2.84	96.89
91	0.00	0.29	2.94	96.77
92	0.00	0.28	2.81	96.91
93	0.00	0.29	3.08	96.63
94	0.00	0.32	3.21	96.48
95	0.00	0.97	7.42	91.61




