Parameters
	Library type	Single-end
	Input file	/Volumes/wdhd/users/joaks1/projects/gekgo/data/genomes/msg/plate3/demultiplexed-trimmed/CDS_755_Gekko_mindorensis_Masbate_R1.trimmed.fq
	Primer/Adaptor library	NA
	Cut-off read length for HQ	70%
	Cut-off quality score	20
	Only statistics	On
	Number of processes	2


QC statistics
	File name	CDS_755_Gekko_mindorensis_Masbate_R1.trimmed.fq
	Total number of reads	2000721
	Total number of HQ reads	2000448
	Percentage of HQ reads	99.99%
	Total number of bases	186361022
	Total number of bases in HQ reads	186352704
	Total number of HQ bases in HQ reads	185789375
	Percentage of HQ bases in HQ reads	99.70%
	Number of Primer/Adaptor contaminated HQ reads	NA
	Total number of HQ filtered reads	2000448
	Percentage of HQ filtered reads	99.99%


Detailed QC statistics
	File name	CDS_755_Gekko_mindorensis_Masbate_R1.trimmed.fq
	Minimum read length	10
	Maximum read length	95
	Average read length	93.15
	Total number of reads	2000721
	Total number of reads with non-ATGC bases	0
	Percentage of reads with non-ATGC bases	0.00%
	Total number of bases	186361022
	Total number of HQ bases	185794572
	Percentage of HQ bases	99.70%
	Total number of non-ATGC bases	0
	Percentage of non-ATGC bases	0.00%


Average quality score at each base position of input reads

CDS_755_Gekko_mindorensis_Masbate_R1.trimmed.fq
36.73	36.48	36.87	36.60	36.89	36.91	36.91	39.47	39.46	39.39	39.34	39.22	39.30	39.32	39.32	39.08	39.18	39.06	39.20	39.02	39.12	38.90	38.88	38.88	38.94	38.81	38.84	39.00	38.69	38.53	38.75	38.90	38.74	38.75	38.81	38.53	38.72	38.76	38.79	38.32	38.40	38.38	38.39	38.22	38.12	37.58	36.85	36.68	36.17	35.85	35.74	36.03	36.49	36.71	36.96	37.08	37.19	37.34	37.43	37.45	37.39	37.30	37.20	37.04	36.90	36.74	36.61	36.48	36.21	34.61	35.22	35.63	35.68	35.55	35.45	35.23	35.08	34.99	34.89	34.78	34.66	34.58	34.49	34.44	34.36	34.28	34.13	34.05	33.93	33.87	33.84	33.74	33.69	33.53	32.14	




Read count (%) per base for different quality score ranges

	CDS_755_Gekko_mindorensis_Masbate_R1.trimmed.fq
Ranges	0-10	11-20	21-30	31-40
Base
1	0.00	0.39	0.64	98.96
2	0.00	0.11	0.34	99.55
3	0.00	0.09	0.30	99.61
4	0.00	0.21	0.66	99.13
5	0.00	0.10	0.35	99.56
6	0.00	0.09	0.31	99.60
7	0.00	0.10	0.31	99.59
8	0.00	0.12	0.34	99.55
9	0.00	0.12	0.34	99.54
10	0.00	0.14	0.41	99.45
11	0.00	0.13	0.37	99.50
12	0.00	0.17	0.49	99.34
13	0.00	0.16	0.51	99.33
14	0.00	0.19	0.47	99.34
15	0.00	0.18	0.43	99.39
16	0.00	0.18	0.52	99.31
17	0.00	0.14	0.41	99.45
18	0.00	0.17	0.58	99.26
19	0.00	0.18	0.49	99.33
20	0.00	0.24	0.56	99.20
21	0.00	0.21	0.48	99.30
22	0.00	0.22	0.53	99.24
23	0.00	0.21	0.56	99.23
24	0.00	0.19	0.54	99.27
25	0.00	0.21	0.51	99.28
26	0.00	0.23	0.69	99.07
27	0.00	0.20	0.60	99.20
28	0.00	0.16	0.52	99.32
29	0.00	0.17	0.56	99.27
30	0.00	0.18	0.69	99.13
31	0.00	0.14	0.52	99.33
32	0.00	0.15	0.53	99.32
33	0.00	0.16	0.61	99.24
34	0.00	0.15	0.55	99.30
35	0.00	0.15	0.57	99.28
36	0.00	0.17	0.80	99.03
37	0.00	0.13	0.58	99.29
38	0.00	0.13	0.58	99.29
39	0.00	0.12	0.61	99.27
40	0.00	0.17	0.99	98.84
41	0.00	0.12	0.76	99.12
42	0.00	0.14	0.76	99.11
43	0.00	0.12	0.65	99.23
44	0.00	0.14	0.77	99.09
45	0.00	0.14	0.87	98.99
46	0.00	0.21	1.33	98.47
47	0.00	0.36	2.61	97.02
48	0.00	0.45	2.70	96.85
49	0.00	0.82	4.14	95.05
50	0.00	1.29	5.62	93.09
51	0.00	2.34	5.35	92.31
52	0.00	2.38	4.35	93.26
53	0.00	1.82	3.47	94.72
54	0.00	1.52	2.90	95.59
55	0.00	1.17	2.37	96.46
56	0.00	0.91	2.11	96.98
57	0.00	0.67	1.85	97.48
58	0.00	0.41	1.44	98.15
59	0.00	0.27	1.27	98.46
60	0.00	0.18	1.10	98.72
61	0.00	0.13	1.00	98.87
62	0.00	0.13	1.04	98.84
63	0.00	0.10	0.96	98.94
64	0.00	0.12	1.13	98.75
65	0.00	0.11	1.25	98.63
66	0.00	0.12	1.27	98.61
67	0.00	0.12	1.25	98.63
68	0.00	0.12	1.18	98.70
69	0.00	0.14	1.36	98.50
70	0.00	0.10	3.22	96.68
71	0.00	0.12	1.67	98.21
72	0.00	0.10	1.36	98.55
73	0.00	0.11	1.36	98.53
74	0.00	0.10	1.45	98.44
75	0.00	0.11	1.35	98.54
76	0.00	0.15	1.62	98.23
77	0.00	0.17	1.70	98.13
78	0.00	0.12	1.72	98.16
79	0.00	0.14	1.86	98.00
80	0.00	0.14	1.90	97.96
81	0.00	0.16	2.13	97.71
82	0.00	0.21	2.23	97.56
83	0.00	0.18	2.31	97.52
84	0.00	0.18	2.29	97.52
85	0.00	0.19	2.45	97.36
86	0.00	0.19	2.49	97.32
87	0.00	0.23	2.73	97.04
88	0.00	0.23	2.83	96.94
89	0.00	0.25	3.05	96.71
90	0.00	0.28	3.08	96.64
91	0.00	0.28	3.22	96.51
92	0.00	0.30	3.16	96.54
93	0.00	0.29	3.33	96.39
94	0.00	0.34	3.60	96.06
95	0.00	1.07	8.60	90.33




