Parameters
	Library type	Single-end
	Input file	/Volumes/wdhd/users/joaks1/projects/gekgo/data/genomes/msg/plate3/demultiplexed-trimmed/CDS_791_Gekko_romblon_Romblon_R1.trimmed.fq
	Primer/Adaptor library	NA
	Cut-off read length for HQ	70%
	Cut-off quality score	20
	Only statistics	On
	Number of processes	2


QC statistics
	File name	CDS_791_Gekko_romblon_Romblon_R1.trimmed.fq
	Total number of reads	227152
	Total number of HQ reads	227111
	Percentage of HQ reads	99.98%
	Total number of bases	21120880
	Total number of bases in HQ reads	21119632
	Total number of HQ bases in HQ reads	21055999
	Percentage of HQ bases in HQ reads	99.70%
	Number of Primer/Adaptor contaminated HQ reads	NA
	Total number of HQ filtered reads	227111
	Percentage of HQ filtered reads	99.98%


Detailed QC statistics
	File name	CDS_791_Gekko_romblon_Romblon_R1.trimmed.fq
	Minimum read length	10
	Maximum read length	95
	Average read length	92.98
	Total number of reads	227152
	Total number of reads with non-ATGC bases	0
	Percentage of reads with non-ATGC bases	0.00%
	Total number of bases	21120880
	Total number of HQ bases	21056779
	Percentage of HQ bases	99.70%
	Total number of non-ATGC bases	0
	Percentage of non-ATGC bases	0.00%


Average quality score at each base position of input reads

CDS_791_Gekko_romblon_Romblon_R1.trimmed.fq
36.57	36.44	36.85	36.61	36.86	36.88	36.89	39.52	39.49	39.38	39.32	39.24	39.33	39.31	39.33	39.14	39.20	39.07	39.21	39.05	39.14	38.95	38.93	38.92	39.02	38.87	38.87	39.02	38.72	38.55	38.78	38.93	38.74	38.78	38.83	38.51	38.72	38.78	38.76	38.39	38.45	38.38	38.42	38.25	38.15	37.67	36.96	36.78	36.32	35.94	35.79	36.12	36.49	36.79	37.03	37.10	37.30	37.41	37.45	37.44	37.39	37.29	37.16	37.01	36.86	36.73	36.59	36.43	36.23	34.72	35.28	35.59	35.55	35.44	35.31	35.17	35.01	34.94	34.83	34.74	34.64	34.55	34.49	34.42	34.35	34.30	34.17	34.11	34.04	33.92	33.85	33.80	33.73	33.63	32.35	




Read count (%) per base for different quality score ranges

	CDS_791_Gekko_romblon_Romblon_R1.trimmed.fq
Ranges	0-10	11-20	21-30	31-40
Base
1	0.00	0.52	0.82	98.66
2	0.00	0.14	0.43	99.43
3	0.00	0.12	0.38	99.50
4	0.00	0.24	0.72	99.04
5	0.00	0.14	0.46	99.40
6	0.00	0.11	0.40	99.48
7	0.00	0.12	0.39	99.49
8	0.00	0.13	0.40	99.48
9	0.00	0.14	0.43	99.43
10	0.00	0.17	0.47	99.35
11	0.00	0.16	0.47	99.37
12	0.00	0.18	0.50	99.31
13	0.00	0.19	0.56	99.25
14	0.00	0.23	0.53	99.24
15	0.00	0.21	0.53	99.26
16	0.00	0.21	0.61	99.18
17	0.00	0.17	0.53	99.30
18	0.00	0.20	0.66	99.13
19	0.00	0.21	0.52	99.27
20	0.00	0.27	0.62	99.11
21	0.00	0.24	0.58	99.18
22	0.00	0.27	0.59	99.15
23	0.00	0.26	0.64	99.10
24	0.00	0.24	0.60	99.16
25	0.00	0.25	0.58	99.17
26	0.00	0.25	0.74	99.01
27	0.00	0.23	0.69	99.09
28	0.00	0.19	0.59	99.21
29	0.00	0.19	0.63	99.19
30	0.00	0.19	0.68	99.13
31	0.00	0.16	0.59	99.25
32	0.00	0.16	0.58	99.26
33	0.00	0.18	0.70	99.12
34	0.00	0.17	0.64	99.20
35	0.00	0.16	0.66	99.18
36	0.00	0.20	0.86	98.94
37	0.00	0.14	0.60	99.26
38	0.00	0.13	0.58	99.29
39	0.00	0.12	0.65	99.22
40	0.00	0.17	0.92	98.91
41	0.00	0.14	0.74	99.12
42	0.00	0.15	0.74	99.11
43	0.00	0.15	0.68	99.17
44	0.00	0.16	0.78	99.06
45	0.00	0.15	0.80	99.05
46	0.00	0.22	1.20	98.58
47	0.00	0.32	2.22	97.46
48	0.00	0.41	2.57	97.02
49	0.00	0.67	3.78	95.54
50	0.00	1.21	5.45	93.34
51	0.00	2.26	5.23	92.50
52	0.00	2.28	3.96	93.76
53	0.00	1.85	3.24	94.91
54	0.00	1.40	2.64	95.96
55	0.00	1.10	2.11	96.79
56	0.00	0.86	1.99	97.14
57	0.00	0.62	1.58	97.80
58	0.00	0.39	1.35	98.26
59	0.00	0.28	1.21	98.52
60	0.00	0.18	1.04	98.78
61	0.00	0.13	0.92	98.95
62	0.00	0.13	0.97	98.90
63	0.00	0.11	0.93	98.96
64	0.00	0.13	1.00	98.87
65	0.00	0.11	1.15	98.74
66	0.00	0.12	1.13	98.76
67	0.00	0.12	1.03	98.85
68	0.00	0.10	1.10	98.80
69	0.00	0.12	1.14	98.74
70	0.00	0.11	2.69	97.20
71	0.00	0.10	1.47	98.42
72	0.00	0.10	1.22	98.68
73	0.00	0.10	1.27	98.63
74	0.00	0.11	1.34	98.54
75	0.00	0.11	1.27	98.63
76	0.00	0.12	1.50	98.38
77	0.00	0.18	1.57	98.25
78	0.00	0.11	1.57	98.32
79	0.00	0.14	1.62	98.24
80	0.00	0.14	1.66	98.20
81	0.00	0.15	1.82	98.02
82	0.00	0.22	1.89	97.89
83	0.00	0.17	2.02	97.81
84	0.00	0.18	2.08	97.73
85	0.00	0.17	2.08	97.75
86	0.00	0.17	2.08	97.75
87	0.00	0.21	2.36	97.43
88	0.00	0.19	2.41	97.40
89	0.00	0.21	2.42	97.37
90	0.00	0.24	2.70	97.05
91	0.00	0.28	2.87	96.85
92	0.00	0.27	2.69	97.05
93	0.00	0.28	3.01	96.72
94	0.00	0.30	3.06	96.64
95	0.00	0.88	7.17	91.95




