Parameters
	Library type	Single-end
	Input file	/Volumes/wdhd/users/joaks1/projects/gekgo/data/genomes/msg/plate3/demultiplexed-trimmed/CDS_1462_Gekko_mindorensis_MaestreDeCampo_R1.trimmed.fq
	Primer/Adaptor library	NA
	Cut-off read length for HQ	70%
	Cut-off quality score	20
	Only statistics	On
	Number of processes	2


QC statistics
	File name	CDS_1462_Gekko_mindorensis_MaestreDeCampo_R1.trimmed.fq
	Total number of reads	874677
	Total number of HQ reads	874509
	Percentage of HQ reads	99.98%
	Total number of bases	81228220
	Total number of bases in HQ reads	81223272
	Total number of HQ bases in HQ reads	80966815
	Percentage of HQ bases in HQ reads	99.68%
	Number of Primer/Adaptor contaminated HQ reads	NA
	Total number of HQ filtered reads	874509
	Percentage of HQ filtered reads	99.98%


Detailed QC statistics
	File name	CDS_1462_Gekko_mindorensis_MaestreDeCampo_R1.trimmed.fq
	Minimum read length	9
	Maximum read length	95
	Average read length	92.87
	Total number of reads	874677
	Total number of reads with non-ATGC bases	0
	Percentage of reads with non-ATGC bases	0.00%
	Total number of bases	81228220
	Total number of HQ bases	80969885
	Percentage of HQ bases	99.68%
	Total number of non-ATGC bases	0
	Percentage of non-ATGC bases	0.00%


Average quality score at each base position of input reads

CDS_1462_Gekko_mindorensis_MaestreDeCampo_R1.trimmed.fq
35.71	34.61	36.77	36.55	36.86	36.88	36.88	39.47	39.45	39.36	39.31	39.22	39.27	39.24	39.24	38.96	39.08	39.01	39.18	39.01	39.09	38.86	38.85	38.85	38.93	38.77	38.80	38.94	38.65	38.48	38.71	38.86	38.69	38.70	38.75	38.45	38.64	38.70	38.69	38.22	38.28	38.26	38.26	38.08	37.98	37.44	36.68	36.50	35.96	35.62	35.52	35.82	36.27	36.50	36.74	36.80	36.94	37.07	37.12	37.09	37.01	36.90	36.77	36.59	36.40	36.24	36.08	35.93	35.69	34.17	34.77	35.12	35.13	35.03	34.95	34.82	34.72	34.67	34.59	34.50	34.42	34.33	34.27	34.22	34.17	34.10	33.95	33.89	33.82	33.72	33.70	33.62	33.57	33.41	32.08	




Read count (%) per base for different quality score ranges

	CDS_1462_Gekko_mindorensis_MaestreDeCampo_R1.trimmed.fq
Ranges	0-10	11-20	21-30	31-40
Base
1	0.00	0.74	1.39	97.87
2	0.00	0.19	0.72	99.10
3	0.00	0.14	0.46	99.40
4	0.00	0.26	0.76	98.97
5	0.00	0.14	0.47	99.39
6	0.00	0.13	0.42	99.46
7	0.00	0.13	0.43	99.44
8	0.00	0.15	0.45	99.41
9	0.00	0.15	0.45	99.40
10	0.00	0.18	0.54	99.28
11	0.00	0.18	0.50	99.32
12	0.00	0.20	0.58	99.22
13	0.00	0.20	0.61	99.19
14	0.00	0.23	0.58	99.18
15	0.00	0.21	0.56	99.23
16	0.00	0.22	0.63	99.15
17	0.00	0.19	0.54	99.27
18	0.00	0.22	0.71	99.07
19	0.00	0.21	0.60	99.19
20	0.00	0.28	0.67	99.05
21	0.00	0.26	0.59	99.15
22	0.00	0.28	0.65	99.08
23	0.00	0.26	0.68	99.06
24	0.00	0.22	0.65	99.13
25	0.00	0.22	0.63	99.15
26	0.00	0.25	0.79	98.96
27	0.00	0.22	0.71	99.07
28	0.00	0.17	0.62	99.21
29	0.00	0.16	0.65	99.19
30	0.00	0.18	0.76	99.06
31	0.00	0.15	0.60	99.25
32	0.00	0.15	0.59	99.26
33	0.00	0.17	0.71	99.12
34	0.00	0.16	0.65	99.20
35	0.00	0.17	0.67	99.16
36	0.00	0.19	0.90	98.91
37	0.00	0.14	0.66	99.20
38	0.00	0.14	0.63	99.23
39	0.00	0.14	0.71	99.14
40	0.00	0.19	1.14	98.67
41	0.00	0.15	0.87	98.98
42	0.00	0.15	0.92	98.93
43	0.00	0.14	0.75	99.10
44	0.00	0.16	0.87	98.97
45	0.00	0.16	0.98	98.86
46	0.00	0.21	1.45	98.34
47	0.00	0.34	2.99	96.67
48	0.00	0.43	3.20	96.37
49	0.00	0.74	4.97	94.29
50	0.00	1.27	6.62	92.11
51	0.00	2.25	6.24	91.51
52	0.00	2.27	5.07	92.66
53	0.00	1.74	3.93	94.33
54	0.00	1.46	3.18	95.36
55	0.00	1.10	2.55	96.35
56	0.00	0.89	2.39	96.72
57	0.00	0.63	1.98	97.39
58	0.00	0.41	1.53	98.07
59	0.00	0.27	1.37	98.36
60	0.00	0.18	1.16	98.67
61	0.00	0.13	1.08	98.80
62	0.00	0.13	1.12	98.75
63	0.00	0.11	1.04	98.85
64	0.00	0.13	1.18	98.69
65	0.00	0.13	1.36	98.51
66	0.00	0.13	1.35	98.52
67	0.00	0.12	1.31	98.57
68	0.00	0.12	1.23	98.65
69	0.00	0.14	1.41	98.46
70	0.00	0.11	3.40	96.48
71	0.00	0.13	1.69	98.18
72	0.00	0.11	1.43	98.45
73	0.00	0.11	1.37	98.52
74	0.00	0.11	1.50	98.38
75	0.00	0.11	1.38	98.51
76	0.00	0.14	1.58	98.28
77	0.00	0.19	1.72	98.09
78	0.00	0.12	1.68	98.20
79	0.00	0.15	1.81	98.05
80	0.00	0.15	1.90	97.96
81	0.00	0.16	2.06	97.79
82	0.00	0.22	2.18	97.59
83	0.00	0.19	2.27	97.54
84	0.00	0.19	2.27	97.54
85	0.00	0.21	2.20	97.59
86	0.00	0.22	2.38	97.40
87	0.00	0.23	2.65	97.13
88	0.00	0.25	2.64	97.11
89	0.00	0.26	2.71	97.03
90	0.00	0.30	2.92	96.78
91	0.00	0.29	2.92	96.79
92	0.00	0.29	2.85	96.86
93	0.00	0.30	3.00	96.70
94	0.00	0.38	3.31	96.30
95	0.00	1.10	7.86	91.04




