Parameters
	Library type	Single-end
	Input file	/Volumes/wdhd/users/joaks1/projects/gekgo/data/genomes/msg/plate3/demultiplexed-trimmed/CDS_277_Gekko_mindorensis_Negros_R1.trimmed.fq
	Primer/Adaptor library	NA
	Cut-off read length for HQ	70%
	Cut-off quality score	20
	Only statistics	On
	Number of processes	2


QC statistics
	File name	CDS_277_Gekko_mindorensis_Negros_R1.trimmed.fq
	Total number of reads	308605
	Total number of HQ reads	308543
	Percentage of HQ reads	99.98%
	Total number of bases	28712938
	Total number of bases in HQ reads	28711012
	Total number of HQ bases in HQ reads	28625091
	Percentage of HQ bases in HQ reads	99.70%
	Number of Primer/Adaptor contaminated HQ reads	NA
	Total number of HQ filtered reads	308543
	Percentage of HQ filtered reads	99.98%


Detailed QC statistics
	File name	CDS_277_Gekko_mindorensis_Negros_R1.trimmed.fq
	Minimum read length	11
	Maximum read length	95
	Average read length	93.04
	Total number of reads	308605
	Total number of reads with non-ATGC bases	0
	Percentage of reads with non-ATGC bases	0.00%
	Total number of bases	28712938
	Total number of HQ bases	28626307
	Percentage of HQ bases	99.70%
	Total number of non-ATGC bases	0
	Percentage of non-ATGC bases	0.00%


Average quality score at each base position of input reads

CDS_277_Gekko_mindorensis_Negros_R1.trimmed.fq
36.71	36.45	36.86	36.61	36.86	36.88	36.88	39.45	39.45	39.38	39.31	39.23	39.31	39.32	39.33	39.09	39.17	39.06	39.21	39.05	39.14	38.95	38.91	38.91	38.96	38.83	38.85	38.99	38.71	38.56	38.77	38.91	38.75	38.77	38.83	38.54	38.72	38.78	38.79	38.35	38.41	38.37	38.40	38.22	38.14	37.61	36.91	36.69	36.20	35.88	35.78	36.08	36.51	36.79	37.04	37.11	37.24	37.39	37.44	37.45	37.38	37.29	37.17	37.02	36.87	36.73	36.60	36.47	36.21	34.67	35.27	35.64	35.67	35.55	35.44	35.24	35.09	35.01	34.92	34.83	34.71	34.65	34.58	34.54	34.49	34.42	34.30	34.22	34.14	34.07	34.00	33.94	33.90	33.76	32.33	




Read count (%) per base for different quality score ranges

	CDS_277_Gekko_mindorensis_Negros_R1.trimmed.fq
Ranges	0-10	11-20	21-30	31-40
Base
1	0.00	0.47	0.73	98.80
2	0.00	0.15	0.44	99.42
3	0.00	0.11	0.39	99.50
4	0.00	0.25	0.69	99.06
5	0.00	0.14	0.45	99.41
6	0.00	0.12	0.40	99.47
7	0.00	0.12	0.42	99.46
8	0.00	0.15	0.42	99.43
9	0.00	0.15	0.45	99.41
10	0.00	0.17	0.51	99.32
11	0.00	0.16	0.50	99.34
12	0.00	0.20	0.57	99.23
13	0.00	0.19	0.63	99.18
14	0.00	0.22	0.55	99.23
15	0.00	0.22	0.55	99.23
16	0.00	0.22	0.60	99.18
17	0.00	0.18	0.52	99.30
18	0.00	0.21	0.67	99.11
19	0.00	0.22	0.56	99.22
20	0.00	0.26	0.63	99.11
21	0.00	0.25	0.57	99.18
22	0.00	0.28	0.61	99.12
23	0.00	0.27	0.66	99.07
24	0.00	0.22	0.62	99.16
25	0.00	0.26	0.58	99.16
26	0.00	0.27	0.79	98.95
27	0.00	0.24	0.68	99.08
28	0.00	0.18	0.60	99.22
29	0.00	0.20	0.64	99.16
30	0.00	0.20	0.72	99.07
31	0.00	0.17	0.58	99.25
32	0.00	0.17	0.60	99.23
33	0.00	0.18	0.64	99.18
34	0.00	0.16	0.61	99.23
35	0.00	0.17	0.62	99.22
36	0.00	0.19	0.83	98.98
37	0.00	0.14	0.64	99.22
38	0.00	0.14	0.59	99.27
39	0.00	0.14	0.67	99.19
40	0.00	0.18	0.99	98.83
41	0.00	0.13	0.77	99.10
42	0.00	0.15	0.79	99.07
43	0.00	0.14	0.67	99.19
44	0.00	0.13	0.74	99.12
45	0.00	0.14	0.83	99.03
46	0.00	0.20	1.21	98.59
47	0.00	0.33	2.38	97.28
48	0.00	0.42	2.57	97.01
49	0.00	0.74	3.98	95.28
50	0.00	1.25	5.47	93.29
51	0.00	2.24	5.17	92.58
52	0.00	2.21	4.31	93.48
53	0.00	1.77	3.34	94.90
54	0.00	1.41	2.75	95.84
55	0.00	1.08	2.20	96.72
56	0.00	0.84	2.06	97.10
57	0.00	0.63	1.72	97.65
58	0.00	0.39	1.32	98.28
59	0.00	0.24	1.20	98.56
60	0.00	0.17	1.00	98.83
61	0.00	0.13	0.96	98.90
62	0.00	0.11	1.00	98.89
63	0.00	0.11	0.89	99.00
64	0.00	0.12	1.03	98.85
65	0.00	0.12	1.16	98.72
66	0.00	0.11	1.16	98.73
67	0.00	0.13	1.09	98.77
68	0.00	0.11	1.06	98.82
69	0.00	0.12	1.20	98.68
70	0.00	0.11	2.90	96.99
71	0.00	0.11	1.47	98.42
72	0.00	0.10	1.23	98.67
73	0.00	0.10	1.17	98.73
74	0.00	0.10	1.28	98.62
75	0.00	0.10	1.14	98.76
76	0.00	0.13	1.36	98.52
77	0.00	0.17	1.51	98.32
78	0.00	0.10	1.57	98.33
79	0.00	0.12	1.60	98.28
80	0.00	0.12	1.60	98.28
81	0.00	0.15	1.84	98.00
82	0.00	0.18	1.82	98.00
83	0.00	0.16	1.97	97.87
84	0.00	0.16	1.90	97.94
85	0.00	0.16	1.99	97.85
86	0.00	0.16	2.02	97.82
87	0.00	0.16	2.24	97.60
88	0.00	0.18	2.32	97.50
89	0.00	0.21	2.41	97.38
90	0.00	0.26	2.54	97.20
91	0.00	0.27	2.73	97.00
92	0.00	0.26	2.64	97.10
93	0.00	0.25	2.71	97.04
94	0.00	0.29	2.94	96.77
95	0.00	1.01	7.54	91.46




