Parameters
	Library type	Single-end
	Input file	/Volumes/wdhd/users/joaks1/projects/gekgo/data/genomes/msg/plate3/demultiplexed-trimmed/CDS_754_Gekko_mindorensis_Masbate_R1.trimmed.fq
	Primer/Adaptor library	NA
	Cut-off read length for HQ	70%
	Cut-off quality score	20
	Only statistics	On
	Number of processes	2


QC statistics
	File name	CDS_754_Gekko_mindorensis_Masbate_R1.trimmed.fq
	Total number of reads	34474
	Total number of HQ reads	34460
	Percentage of HQ reads	99.96%
	Total number of bases	3203710
	Total number of bases in HQ reads	3203311
	Total number of HQ bases in HQ reads	3192337
	Percentage of HQ bases in HQ reads	99.66%
	Number of Primer/Adaptor contaminated HQ reads	NA
	Total number of HQ filtered reads	34460
	Percentage of HQ filtered reads	99.96%


Detailed QC statistics
	File name	CDS_754_Gekko_mindorensis_Masbate_R1.trimmed.fq
	Minimum read length	9
	Maximum read length	95
	Average read length	92.93
	Total number of reads	34474
	Total number of reads with non-ATGC bases	0
	Percentage of reads with non-ATGC bases	0.00%
	Total number of bases	3203710
	Total number of HQ bases	3192559
	Percentage of HQ bases	99.65%
	Total number of non-ATGC bases	0
	Percentage of non-ATGC bases	0.00%


Average quality score at each base position of input reads

CDS_754_Gekko_mindorensis_Masbate_R1.trimmed.fq
35.83	34.77	36.73	36.53	36.84	36.87	36.88	39.52	39.47	39.32	39.28	39.26	39.30	39.29	39.27	39.10	39.10	38.98	39.14	39.01	39.06	38.89	38.91	38.99	39.02	38.85	38.85	38.98	38.70	38.54	38.76	38.87	38.71	38.78	38.78	38.51	38.71	38.80	38.73	38.38	38.40	38.39	38.36	38.17	38.06	37.65	36.92	36.68	36.24	35.74	35.55	35.91	36.33	36.64	36.90	37.01	37.12	37.25	37.30	37.27	37.26	37.17	37.04	36.89	36.82	36.67	36.49	36.36	36.16	34.74	35.25	35.51	35.48	35.36	35.25	35.10	34.98	34.83	34.74	34.63	34.49	34.42	34.37	34.30	34.22	34.15	34.05	33.96	33.91	33.84	33.75	33.69	33.59	33.55	32.29	




Read count (%) per base for different quality score ranges

	CDS_754_Gekko_mindorensis_Masbate_R1.trimmed.fq
Ranges	0-10	11-20	21-30	31-40
Base
1	0.00	1.49	1.50	97.02
2	0.00	0.41	0.95	98.63
3	0.00	0.28	0.52	99.20
4	0.00	0.36	0.80	98.84
5	0.00	0.18	0.53	99.29
6	0.00	0.15	0.44	99.41
7	0.00	0.15	0.42	99.43
8	0.00	0.15	0.44	99.41
9	0.00	0.19	0.47	99.34
10	0.00	0.19	0.61	99.21
11	0.00	0.20	0.44	99.36
12	0.00	0.17	0.56	99.27
13	0.00	0.22	0.62	99.17
14	0.00	0.24	0.54	99.22
15	0.00	0.22	0.50	99.28
16	0.00	0.23	0.63	99.14
17	0.00	0.25	0.50	99.25
18	0.00	0.22	0.73	99.05
19	0.00	0.23	0.64	99.13
20	0.00	0.28	0.64	99.09
21	0.00	0.28	0.57	99.15
22	0.00	0.29	0.60	99.11
23	0.00	0.27	0.64	99.09
24	0.00	0.25	0.64	99.11
25	0.00	0.26	0.69	99.05
26	0.00	0.26	0.76	98.98
27	0.00	0.25	0.73	99.02
28	0.00	0.20	0.67	99.13
29	0.00	0.19	0.63	99.17
30	0.00	0.19	0.79	99.02
31	0.00	0.19	0.57	99.25
32	0.00	0.17	0.62	99.21
33	0.00	0.23	0.75	99.02
34	0.00	0.20	0.62	99.18
35	0.00	0.20	0.66	99.13
36	0.00	0.21	0.92	98.87
37	0.00	0.16	0.60	99.24
38	0.00	0.13	0.61	99.26
39	0.00	0.15	0.68	99.17
40	0.00	0.18	0.92	98.90
41	0.00	0.18	0.81	99.01
42	0.00	0.20	0.81	98.99
43	0.00	0.18	0.70	99.12
44	0.00	0.18	0.91	98.91
45	0.00	0.17	0.92	98.90
46	0.00	0.21	1.27	98.52
47	0.00	0.31	2.50	97.18
48	0.00	0.45	2.78	96.78
49	0.00	0.67	3.96	95.37
50	0.00	1.32	6.10	92.58
51	0.00	2.58	5.75	91.67
52	0.00	2.55	4.39	93.06
53	0.00	1.98	3.50	94.53
54	0.00	1.63	2.79	95.59
55	0.00	1.18	2.28	96.55
56	0.00	0.97	1.95	97.08
57	0.00	0.76	1.70	97.54
58	0.00	0.52	1.54	97.94
59	0.00	0.37	1.33	98.30
60	0.00	0.22	1.46	98.32
61	0.00	0.17	1.00	98.83
62	0.00	0.12	1.15	98.72
63	0.00	0.17	1.14	98.69
64	0.00	0.14	1.13	98.73
65	0.00	0.12	1.08	98.80
66	0.00	0.12	1.08	98.80
67	0.00	0.11	1.18	98.71
68	0.00	0.09	1.07	98.85
69	0.00	0.14	1.20	98.66
70	0.00	0.12	2.62	97.25
71	0.00	0.11	1.51	98.39
72	0.00	0.11	1.36	98.53
73	0.00	0.10	1.38	98.52
74	0.00	0.14	1.29	98.57
75	0.00	0.12	1.35	98.53
76	0.00	0.12	1.46	98.42
77	0.00	0.11	1.60	98.30
78	0.00	0.15	1.67	98.19
79	0.00	0.12	1.76	98.12
80	0.00	0.15	1.66	98.18
81	0.00	0.18	2.00	97.82
82	0.00	0.17	2.17	97.67
83	0.00	0.15	2.09	97.76
84	0.00	0.19	2.10	97.71
85	0.00	0.19	2.20	97.61
86	0.00	0.17	2.25	97.58
87	0.00	0.23	2.39	97.38
88	0.00	0.18	2.70	97.12
89	0.00	0.16	2.67	97.17
90	0.00	0.22	2.72	97.07
91	0.00	0.30	2.84	96.87
92	0.00	0.25	3.01	96.74
93	0.00	0.29	2.95	96.76
94	0.00	0.32	2.84	96.84
95	0.00	0.88	7.43	91.70




