Parameters
	Library type	Single-end
	Input file	/Volumes/wdhd/users/joaks1/projects/gekgo/data/genomes/msg/plate3/demultiplexed-trimmed/CDS_790_Gekko_romblon_Romblon_R1.trimmed.fq
	Primer/Adaptor library	NA
	Cut-off read length for HQ	70%
	Cut-off quality score	20
	Only statistics	On
	Number of processes	2


QC statistics
	File name	CDS_790_Gekko_romblon_Romblon_R1.trimmed.fq
	Total number of reads	304578
	Total number of HQ reads	304520
	Percentage of HQ reads	99.98%
	Total number of bases	28176386
	Total number of bases in HQ reads	28174674
	Total number of HQ bases in HQ reads	28082268
	Percentage of HQ bases in HQ reads	99.67%
	Number of Primer/Adaptor contaminated HQ reads	NA
	Total number of HQ filtered reads	304520
	Percentage of HQ filtered reads	99.98%


Detailed QC statistics
	File name	CDS_790_Gekko_romblon_Romblon_R1.trimmed.fq
	Minimum read length	10
	Maximum read length	95
	Average read length	92.51
	Total number of reads	304578
	Total number of reads with non-ATGC bases	0
	Percentage of reads with non-ATGC bases	0.00%
	Total number of bases	28176386
	Total number of HQ bases	28083338
	Percentage of HQ bases	99.67%
	Total number of non-ATGC bases	0
	Percentage of non-ATGC bases	0.00%


Average quality score at each base position of input reads

CDS_790_Gekko_romblon_Romblon_R1.trimmed.fq
36.66	36.46	36.83	36.56	36.84	36.86	36.87	39.46	39.42	39.28	39.22	39.16	39.11	39.06	39.10	38.86	39.00	38.89	39.05	38.88	38.95	38.71	38.70	38.71	38.80	38.61	38.61	38.78	38.45	38.27	38.50	38.66	38.46	38.52	38.54	38.21	38.42	38.50	38.47	38.04	38.10	38.01	38.07	37.89	37.77	37.24	36.44	36.25	35.73	35.36	35.25	35.58	35.93	36.23	36.43	36.46	36.63	36.69	36.70	36.64	36.54	36.41	36.27	36.09	35.87	35.73	35.54	35.37	35.18	33.70	34.27	34.58	34.59	34.52	34.49	34.37	34.26	34.22	34.13	34.04	33.95	33.87	33.83	33.75	33.68	33.64	33.49	33.41	33.36	33.24	33.17	33.09	33.03	32.91	31.59	




Read count (%) per base for different quality score ranges

	CDS_790_Gekko_romblon_Romblon_R1.trimmed.fq
Ranges	0-10	11-20	21-30	31-40
Base
1	0.00	0.53	0.91	98.56
2	0.00	0.17	0.53	99.31
3	0.00	0.14	0.47	99.39
4	0.00	0.28	0.83	98.89
5	0.00	0.14	0.54	99.32
6	0.00	0.13	0.50	99.38
7	0.00	0.14	0.48	99.39
8	0.00	0.14	0.50	99.36
9	0.00	0.16	0.53	99.32
10	0.00	0.18	0.59	99.23
11	0.00	0.16	0.55	99.29
12	0.00	0.20	0.65	99.16
13	0.00	0.20	0.68	99.11
14	0.00	0.25	0.65	99.10
15	0.00	0.24	0.63	99.13
16	0.00	0.24	0.78	98.98
17	0.00	0.20	0.64	99.16
18	0.00	0.24	0.81	98.96
19	0.00	0.23	0.65	99.12
20	0.00	0.28	0.77	98.95
21	0.00	0.28	0.71	99.01
22	0.00	0.28	0.74	98.99
23	0.00	0.26	0.77	98.97
24	0.00	0.21	0.75	99.04
25	0.00	0.21	0.72	99.07
26	0.00	0.23	0.90	98.87
27	0.00	0.20	0.83	98.97
28	0.00	0.15	0.68	99.17
29	0.00	0.19	0.76	99.05
30	0.00	0.20	0.86	98.94
31	0.00	0.16	0.69	99.15
32	0.00	0.15	0.68	99.17
33	0.00	0.19	0.84	98.96
34	0.00	0.17	0.74	99.09
35	0.00	0.19	0.79	99.02
36	0.00	0.21	1.06	98.73
37	0.00	0.15	0.78	99.07
38	0.00	0.14	0.74	99.13
39	0.00	0.15	0.83	99.02
40	0.00	0.21	1.24	98.55
41	0.00	0.16	0.99	98.85
42	0.00	0.18	1.06	98.75
43	0.00	0.16	0.95	98.89
44	0.00	0.18	1.13	98.68
45	0.00	0.18	1.23	98.60
46	0.00	0.23	1.83	97.94
47	0.00	0.39	3.57	96.04
48	0.00	0.50	3.97	95.53
49	0.00	0.80	5.65	93.55
50	0.00	1.33	7.41	91.26
51	0.00	2.30	6.80	90.90
52	0.00	2.23	5.29	92.48
53	0.00	1.75	4.32	93.93
54	0.00	1.33	3.33	95.34
55	0.00	0.98	2.78	96.25
56	0.00	0.79	2.66	96.55
57	0.00	0.58	2.03	97.40
58	0.00	0.39	1.65	97.97
59	0.00	0.26	1.51	98.23
60	0.00	0.19	1.35	98.46
61	0.00	0.16	1.25	98.59
62	0.00	0.16	1.30	98.54
63	0.00	0.14	1.30	98.56
64	0.00	0.14	1.35	98.51
65	0.00	0.13	1.65	98.21
66	0.00	0.13	1.46	98.41
67	0.00	0.15	1.54	98.31
68	0.00	0.13	1.51	98.36
69	0.00	0.16	1.54	98.29
70	0.00	0.14	3.85	96.01
71	0.00	0.14	2.09	97.77
72	0.00	0.14	1.72	98.13
73	0.00	0.15	1.70	98.15
74	0.00	0.16	1.87	97.97
75	0.00	0.14	1.73	98.14
76	0.00	0.18	1.92	97.91
77	0.00	0.23	2.06	97.71
78	0.00	0.14	2.04	97.82
79	0.00	0.18	2.15	97.67
80	0.00	0.19	2.26	97.56
81	0.00	0.22	2.41	97.38
82	0.00	0.25	2.48	97.27
83	0.00	0.22	2.48	97.30
84	0.00	0.24	2.61	97.16
85	0.00	0.25	2.72	97.02
86	0.00	0.22	2.65	97.12
87	0.00	0.30	2.92	96.78
88	0.00	0.29	3.07	96.64
89	0.00	0.30	3.05	96.65
90	0.00	0.34	3.32	96.34
91	0.00	0.35	3.47	96.18
92	0.00	0.37	3.37	96.25
93	0.00	0.38	3.65	95.97
94	0.00	0.42	3.80	95.78
95	0.00	1.19	8.59	90.22




