Parameters
	Library type	Single-end
	Input file	/Volumes/wdhd/users/joaks1/projects/gekgo/data/genomes/msg/plate3/demultiplexed-trimmed/CDSGS_40_Gekko_mindorensis_Negros_R1.trimmed.fq
	Primer/Adaptor library	NA
	Cut-off read length for HQ	70%
	Cut-off quality score	20
	Only statistics	On
	Number of processes	2


QC statistics
	File name	CDSGS_40_Gekko_mindorensis_Negros_R1.trimmed.fq
	Total number of reads	2468764
	Total number of HQ reads	2468284
	Percentage of HQ reads	99.98%
	Total number of bases	229659054
	Total number of bases in HQ reads	229644888
	Total number of HQ bases in HQ reads	228930441
	Percentage of HQ bases in HQ reads	99.69%
	Number of Primer/Adaptor contaminated HQ reads	NA
	Total number of HQ filtered reads	2468284
	Percentage of HQ filtered reads	99.98%


Detailed QC statistics
	File name	CDSGS_40_Gekko_mindorensis_Negros_R1.trimmed.fq
	Minimum read length	8
	Maximum read length	95
	Average read length	93.03
	Total number of reads	2468764
	Total number of reads with non-ATGC bases	0
	Percentage of reads with non-ATGC bases	0.00%
	Total number of bases	229659054
	Total number of HQ bases	228939205
	Percentage of HQ bases	99.69%
	Total number of non-ATGC bases	0
	Percentage of non-ATGC bases	0.00%


Average quality score at each base position of input reads

CDSGS_40_Gekko_mindorensis_Negros_R1.trimmed.fq
36.81	36.55	36.87	36.63	36.88	36.89	36.89	39.47	39.45	39.36	39.31	39.22	39.29	39.29	39.30	39.08	39.16	39.04	39.18	38.99	39.09	38.88	38.84	38.85	38.92	38.77	38.80	38.95	38.65	38.49	38.71	38.85	38.69	38.71	38.77	38.47	38.65	38.71	38.73	38.27	38.33	38.30	38.32	38.16	38.07	37.54	36.82	36.63	36.13	35.79	35.65	35.97	36.41	36.67	36.92	37.01	37.14	37.28	37.34	37.35	37.29	37.20	37.09	36.94	36.78	36.63	36.50	36.37	36.10	34.54	35.14	35.51	35.57	35.45	35.34	35.14	34.98	34.90	34.81	34.72	34.59	34.50	34.42	34.37	34.31	34.23	34.09	34.01	33.90	33.81	33.77	33.70	33.64	33.48	32.07	




Read count (%) per base for different quality score ranges

	CDSGS_40_Gekko_mindorensis_Negros_R1.trimmed.fq
Ranges	0-10	11-20	21-30	31-40
Base
1	0.00	0.37	0.57	99.06
2	0.00	0.13	0.38	99.49
3	0.00	0.11	0.33	99.57
4	0.00	0.22	0.67	99.11
5	0.00	0.11	0.40	99.49
6	0.00	0.11	0.36	99.53
7	0.00	0.11	0.37	99.51
8	0.00	0.13	0.39	99.48
9	0.00	0.14	0.40	99.45
10	0.00	0.16	0.47	99.37
11	0.00	0.15	0.45	99.41
12	0.00	0.19	0.55	99.26
13	0.00	0.18	0.58	99.25
14	0.00	0.21	0.53	99.25
15	0.00	0.20	0.51	99.30
16	0.00	0.20	0.57	99.23
17	0.00	0.17	0.48	99.35
18	0.00	0.20	0.64	99.16
19	0.00	0.20	0.55	99.25
20	0.00	0.26	0.61	99.12
21	0.00	0.23	0.54	99.23
22	0.00	0.27	0.59	99.15
23	0.00	0.25	0.63	99.12
24	0.00	0.22	0.58	99.20
25	0.00	0.24	0.57	99.19
26	0.00	0.26	0.78	98.96
27	0.00	0.22	0.68	99.11
28	0.00	0.18	0.57	99.25
29	0.00	0.19	0.61	99.20
30	0.00	0.20	0.72	99.08
31	0.00	0.16	0.58	99.26
32	0.00	0.16	0.58	99.26
33	0.00	0.17	0.66	99.17
34	0.00	0.16	0.60	99.23
35	0.00	0.16	0.62	99.22
36	0.00	0.19	0.86	98.95
37	0.00	0.14	0.62	99.24
38	0.00	0.13	0.62	99.25
39	0.00	0.13	0.66	99.20
40	0.00	0.18	1.04	98.78
41	0.00	0.14	0.80	99.06
42	0.00	0.16	0.83	99.02
43	0.00	0.13	0.69	99.18
44	0.00	0.14	0.78	99.08
45	0.00	0.15	0.88	98.97
46	0.00	0.21	1.32	98.48
47	0.00	0.35	2.55	97.10
48	0.00	0.45	2.77	96.78
49	0.00	0.77	4.20	95.03
50	0.00	1.31	5.73	92.96
51	0.00	2.37	5.49	92.14
52	0.00	2.37	4.42	93.20
53	0.00	1.86	3.45	94.69
54	0.00	1.50	2.86	95.64
55	0.00	1.13	2.36	96.50
56	0.00	0.90	2.16	96.93
57	0.00	0.65	1.82	97.53
58	0.00	0.42	1.45	98.13
59	0.00	0.27	1.30	98.43
60	0.00	0.18	1.11	98.71
61	0.00	0.14	1.05	98.81
62	0.00	0.14	1.09	98.77
63	0.00	0.11	1.00	98.89
64	0.00	0.13	1.14	98.72
65	0.00	0.12	1.26	98.62
66	0.00	0.12	1.28	98.60
67	0.00	0.12	1.26	98.63
68	0.00	0.12	1.16	98.71
69	0.00	0.14	1.34	98.53
70	0.00	0.11	3.16	96.72
71	0.00	0.12	1.63	98.25
72	0.00	0.11	1.39	98.51
73	0.00	0.10	1.34	98.56
74	0.00	0.10	1.43	98.46
75	0.00	0.11	1.34	98.55
76	0.00	0.15	1.56	98.29
77	0.00	0.19	1.74	98.08
78	0.00	0.12	1.74	98.14
79	0.00	0.14	1.82	98.04
80	0.00	0.14	1.83	98.02
81	0.00	0.17	2.08	97.75
82	0.00	0.21	2.17	97.62
83	0.00	0.19	2.29	97.52
84	0.00	0.19	2.25	97.56
85	0.00	0.18	2.30	97.52
86	0.00	0.19	2.42	97.38
87	0.00	0.21	2.66	97.12
88	0.00	0.22	2.75	97.03
89	0.00	0.25	2.91	96.83
90	0.00	0.30	3.04	96.66
91	0.00	0.29	3.15	96.56
92	0.00	0.28	3.01	96.71
93	0.00	0.29	3.19	96.52
94	0.00	0.35	3.53	96.11
95	0.00	1.11	8.45	90.44




