Parameters
	Library type	Single-end
	Input file	/Volumes/wdhd/users/joaks1/projects/gekgo/data/genomes/msg/plate3/demultiplexed-trimmed/CDSGS_39_Gekko_mindorensis_Negros_R1.trimmed.fq
	Primer/Adaptor library	NA
	Cut-off read length for HQ	70%
	Cut-off quality score	20
	Only statistics	On
	Number of processes	2


QC statistics
	File name	CDSGS_39_Gekko_mindorensis_Negros_R1.trimmed.fq
	Total number of reads	593209
	Total number of HQ reads	593136
	Percentage of HQ reads	99.99%
	Total number of bases	55341074
	Total number of bases in HQ reads	55338962
	Total number of HQ bases in HQ reads	55188101
	Percentage of HQ bases in HQ reads	99.73%
	Number of Primer/Adaptor contaminated HQ reads	NA
	Total number of HQ filtered reads	593136
	Percentage of HQ filtered reads	99.99%


Detailed QC statistics
	File name	CDSGS_39_Gekko_mindorensis_Negros_R1.trimmed.fq
	Minimum read length	9
	Maximum read length	95
	Average read length	93.29
	Total number of reads	593209
	Total number of reads with non-ATGC bases	0
	Percentage of reads with non-ATGC bases	0.00%
	Total number of bases	55341074
	Total number of HQ bases	55189407
	Percentage of HQ bases	99.73%
	Total number of non-ATGC bases	0
	Percentage of non-ATGC bases	0.00%


Average quality score at each base position of input reads

CDSGS_39_Gekko_mindorensis_Negros_R1.trimmed.fq
36.14	35.62	36.85	36.64	36.90	36.91	36.91	39.50	39.49	39.42	39.37	39.26	39.17	39.22	39.27	39.00	39.14	39.05	39.23	39.06	39.16	38.94	38.92	38.91	39.00	38.86	38.89	39.03	38.75	38.60	38.81	38.96	38.79	38.81	38.86	38.56	38.76	38.82	38.81	38.36	38.41	38.37	38.38	38.19	38.09	37.52	36.76	36.51	36.00	35.68	35.62	35.95	36.39	36.65	36.87	36.94	37.03	37.13	37.11	37.05	36.93	36.81	36.68	36.47	36.26	36.08	35.94	35.78	35.57	34.11	34.74	35.13	35.20	35.14	35.11	35.01	34.93	34.90	34.85	34.78	34.68	34.62	34.57	34.54	34.50	34.43	34.29	34.24	34.15	34.08	34.05	33.99	33.94	33.80	32.39	




Read count (%) per base for different quality score ranges

	CDSGS_39_Gekko_mindorensis_Negros_R1.trimmed.fq
Ranges	0-10	11-20	21-30	31-40
Base
1	0.00	0.49	1.12	98.40
2	0.00	0.13	0.46	99.41
3	0.00	0.11	0.35	99.54
4	0.00	0.18	0.61	99.21
5	0.00	0.09	0.34	99.57
6	0.00	0.09	0.30	99.60
7	0.00	0.09	0.32	99.59
8	0.00	0.10	0.33	99.57
9	0.00	0.11	0.34	99.55
10	0.00	0.13	0.39	99.48
11	0.00	0.11	0.37	99.52
12	0.00	0.16	0.47	99.38
13	0.00	0.14	0.50	99.36
14	0.00	0.18	0.44	99.38
15	0.00	0.15	0.43	99.42
16	0.00	0.15	0.49	99.36
17	0.00	0.13	0.39	99.48
18	0.00	0.15	0.54	99.31
19	0.00	0.15	0.46	99.40
20	0.00	0.18	0.52	99.30
21	0.00	0.17	0.44	99.39
22	0.00	0.18	0.49	99.34
23	0.00	0.16	0.52	99.32
24	0.00	0.13	0.49	99.39
25	0.00	0.14	0.46	99.40
26	0.00	0.16	0.64	99.20
27	0.00	0.14	0.54	99.32
28	0.00	0.12	0.47	99.42
29	0.00	0.12	0.51	99.37
30	0.00	0.14	0.60	99.27
31	0.00	0.11	0.47	99.42
32	0.00	0.12	0.46	99.43
33	0.00	0.13	0.54	99.33
34	0.00	0.13	0.48	99.39
35	0.00	0.13	0.54	99.33
36	0.00	0.17	0.78	99.05
37	0.00	0.12	0.53	99.35
38	0.00	0.11	0.52	99.37
39	0.00	0.12	0.60	99.28
40	0.00	0.15	1.03	98.82
41	0.00	0.12	0.75	99.13
42	0.00	0.12	0.82	99.05
43	0.00	0.10	0.68	99.21
44	0.00	0.11	0.81	99.07
45	0.00	0.13	1.00	98.87
46	0.00	0.18	1.60	98.22
47	0.00	0.29	3.43	96.28
48	0.00	0.40	3.95	95.66
49	0.00	0.71	6.03	93.26
50	0.00	1.22	7.74	91.04
51	0.00	2.08	6.98	90.93
52	0.00	2.09	5.55	92.36
53	0.00	1.59	4.16	94.25
54	0.00	1.29	3.29	95.41
55	0.00	0.96	2.60	96.44
56	0.00	0.77	2.30	96.93
57	0.00	0.56	1.87	97.57
58	0.00	0.35	1.44	98.21
59	0.00	0.22	1.32	98.45
60	0.00	0.14	1.09	98.77
61	0.00	0.12	0.99	98.89
62	0.00	0.12	1.06	98.82
63	0.00	0.09	0.98	98.93
64	0.00	0.12	1.13	98.74
65	0.00	0.11	1.36	98.53
66	0.00	0.11	1.30	98.59
67	0.00	0.12	1.24	98.64
68	0.00	0.11	1.19	98.69
69	0.00	0.14	1.35	98.51
70	0.00	0.11	3.46	96.43
71	0.00	0.12	1.69	98.19
72	0.00	0.11	1.36	98.54
73	0.00	0.11	1.36	98.53
74	0.00	0.11	1.47	98.42
75	0.00	0.10	1.29	98.61
76	0.00	0.13	1.53	98.34
77	0.00	0.17	1.71	98.12
78	0.00	0.11	1.69	98.19
79	0.00	0.13	1.76	98.11
80	0.00	0.13	1.74	98.13
81	0.00	0.16	2.02	97.81
82	0.00	0.22	2.02	97.76
83	0.00	0.18	2.15	97.67
84	0.00	0.18	2.09	97.72
85	0.00	0.19	2.10	97.70
86	0.00	0.20	2.21	97.59
87	0.00	0.22	2.51	97.26
88	0.00	0.23	2.49	97.29
89	0.00	0.26	2.59	97.14
90	0.00	0.31	2.71	96.99
91	0.00	0.29	2.81	96.89
92	0.00	0.30	2.72	96.98
93	0.00	0.29	2.88	96.82
94	0.00	0.34	3.16	96.50
95	0.00	1.15	7.71	91.14




