Parameters
	Library type	Single-end
	Input file	/Volumes/wdhd/users/joaks1/projects/gekgo/data/genomes/msg/plate3/demultiplexed-trimmed/CDSGS_41_Gekko_mindorensis_Negros_R1.trimmed.fq
	Primer/Adaptor library	NA
	Cut-off read length for HQ	70%
	Cut-off quality score	20
	Only statistics	On
	Number of processes	2


QC statistics
	File name	CDSGS_41_Gekko_mindorensis_Negros_R1.trimmed.fq
	Total number of reads	48710
	Total number of HQ reads	48702
	Percentage of HQ reads	99.98%
	Total number of bases	4519269
	Total number of bases in HQ reads	4519003
	Total number of HQ bases in HQ reads	4504512
	Percentage of HQ bases in HQ reads	99.68%
	Number of Primer/Adaptor contaminated HQ reads	NA
	Total number of HQ filtered reads	48702
	Percentage of HQ filtered reads	99.98%


Detailed QC statistics
	File name	CDSGS_41_Gekko_mindorensis_Negros_R1.trimmed.fq
	Minimum read length	13
	Maximum read length	95
	Average read length	92.78
	Total number of reads	48710
	Total number of reads with non-ATGC bases	0
	Percentage of reads with non-ATGC bases	0.00%
	Total number of bases	4519269
	Total number of HQ bases	4504680
	Percentage of HQ bases	99.68%
	Total number of non-ATGC bases	0
	Percentage of non-ATGC bases	0.00%


Average quality score at each base position of input reads

CDSGS_41_Gekko_mindorensis_Negros_R1.trimmed.fq
36.67	36.52	36.83	36.57	36.84	36.87	36.88	39.46	39.43	39.31	39.27	39.21	39.22	39.20	39.20	38.93	39.04	38.97	39.12	38.95	39.02	38.77	38.75	38.77	38.84	38.68	38.69	38.85	38.53	38.35	38.58	38.73	38.56	38.59	38.65	38.34	38.53	38.60	38.58	38.11	38.19	38.13	38.19	38.02	37.91	37.39	36.63	36.41	35.96	35.59	35.46	35.78	36.19	36.46	36.65	36.69	36.85	36.95	36.95	36.92	36.84	36.71	36.60	36.43	36.24	36.06	35.90	35.75	35.54	34.04	34.62	34.94	34.96	34.89	34.81	34.66	34.58	34.51	34.43	34.34	34.26	34.18	34.11	34.05	33.99	33.92	33.81	33.70	33.62	33.56	33.47	33.42	33.37	33.20	31.84	




Read count (%) per base for different quality score ranges

	CDSGS_41_Gekko_mindorensis_Negros_R1.trimmed.fq
Ranges	0-10	11-20	21-30	31-40
Base
1	0.00	0.56	0.96	98.48
2	0.00	0.17	0.55	99.29
3	0.00	0.16	0.49	99.35
4	0.00	0.33	0.92	98.75
5	0.00	0.14	0.52	99.34
6	0.00	0.14	0.45	99.41
7	0.00	0.12	0.46	99.42
8	0.00	0.13	0.43	99.44
9	0.00	0.15	0.48	99.37
10	0.00	0.19	0.59	99.22
11	0.00	0.14	0.51	99.35
12	0.00	0.19	0.56	99.24
13	0.00	0.23	0.62	99.15
14	0.00	0.21	0.72	99.07
15	0.00	0.18	0.65	99.17
16	0.00	0.24	0.66	99.10
17	0.00	0.21	0.57	99.22
18	0.00	0.23	0.71	99.07
19	0.00	0.21	0.63	99.16
20	0.00	0.25	0.70	99.05
21	0.00	0.25	0.66	99.09
22	0.00	0.30	0.71	98.99
23	0.00	0.28	0.82	98.90
24	0.00	0.20	0.75	99.04
25	0.00	0.22	0.69	99.09
26	0.00	0.27	0.91	98.83
27	0.00	0.20	0.85	98.95
28	0.00	0.19	0.63	99.17
29	0.00	0.18	0.68	99.14
30	0.00	0.20	0.86	98.95
31	0.00	0.13	0.72	99.14
32	0.00	0.15	0.77	99.08
33	0.00	0.14	0.82	99.04
34	0.00	0.16	0.69	99.15
35	0.00	0.17	0.73	99.10
36	0.00	0.21	0.96	98.83
37	0.00	0.16	0.79	99.05
38	0.00	0.13	0.76	99.11
39	0.00	0.16	0.79	99.04
40	0.00	0.19	1.30	98.51
41	0.00	0.16	0.96	98.87
42	0.00	0.20	1.02	98.79
43	0.00	0.16	0.83	99.00
44	0.00	0.16	0.96	98.88
45	0.00	0.20	1.02	98.78
46	0.00	0.24	1.61	98.15
47	0.00	0.37	3.20	96.44
48	0.00	0.46	3.58	95.95
49	0.00	0.78	5.00	94.22
50	0.00	1.28	6.65	92.07
51	0.00	2.23	6.33	91.43
52	0.00	2.10	5.22	92.67
53	0.00	1.75	3.81	94.43
54	0.00	1.33	3.09	95.58
55	0.00	1.00	2.59	96.40
56	0.00	0.79	2.55	96.66
57	0.00	0.56	1.95	97.49
58	0.00	0.36	1.60	98.04
59	0.00	0.29	1.52	98.19
60	0.00	0.20	1.27	98.53
61	0.00	0.13	1.30	98.56
62	0.00	0.16	1.32	98.52
63	0.00	0.11	1.19	98.70
64	0.00	0.16	1.24	98.60
65	0.00	0.11	1.52	98.38
66	0.00	0.16	1.46	98.37
67	0.00	0.15	1.48	98.38
68	0.00	0.12	1.32	98.56
69	0.00	0.16	1.48	98.37
70	0.00	0.11	3.68	96.21
71	0.00	0.13	1.97	97.90
72	0.00	0.12	1.73	98.15
73	0.00	0.16	1.57	98.28
74	0.00	0.11	1.72	98.17
75	0.00	0.14	1.51	98.35
76	0.00	0.18	1.83	98.00
77	0.00	0.19	1.91	97.90
78	0.00	0.14	1.99	97.88
79	0.00	0.19	2.00	97.81
80	0.00	0.15	2.07	97.78
81	0.00	0.18	2.33	97.49
82	0.00	0.26	2.32	97.42
83	0.00	0.27	2.38	97.35
84	0.00	0.20	2.49	97.31
85	0.00	0.23	2.41	97.36
86	0.00	0.26	2.54	97.20
87	0.00	0.25	2.75	97.00
88	0.00	0.29	3.02	96.70
89	0.00	0.31	3.00	96.69
90	0.00	0.31	3.09	96.60
91	0.00	0.33	3.33	96.34
92	0.00	0.35	3.15	96.50
93	0.00	0.32	3.21	96.47
94	0.00	0.40	3.65	95.95
95	0.00	1.25	8.30	90.45




