Parameters
	Library type	Single-end
	Input file	/Volumes/wdhd/users/joaks1/projects/gekgo/data/genomes/msg/plate3/demultiplexed-trimmed/ELR_1008_Gekko_mindorensis_Mindoro_R1.trimmed.fq
	Primer/Adaptor library	NA
	Cut-off read length for HQ	70%
	Cut-off quality score	20
	Only statistics	On
	Number of processes	2


QC statistics
	File name	ELR_1008_Gekko_mindorensis_Mindoro_R1.trimmed.fq
	Total number of reads	125872
	Total number of HQ reads	125852
	Percentage of HQ reads	99.98%
	Total number of bases	11697867
	Total number of bases in HQ reads	11697230
	Total number of HQ bases in HQ reads	11661410
	Percentage of HQ bases in HQ reads	99.69%
	Number of Primer/Adaptor contaminated HQ reads	NA
	Total number of HQ filtered reads	125852
	Percentage of HQ filtered reads	99.98%


Detailed QC statistics
	File name	ELR_1008_Gekko_mindorensis_Mindoro_R1.trimmed.fq
	Minimum read length	11
	Maximum read length	95
	Average read length	92.93
	Total number of reads	125872
	Total number of reads with non-ATGC bases	0
	Percentage of reads with non-ATGC bases	0.00%
	Total number of bases	11697867
	Total number of HQ bases	11661807
	Percentage of HQ bases	99.69%
	Total number of non-ATGC bases	0
	Percentage of non-ATGC bases	0.00%


Average quality score at each base position of input reads

ELR_1008_Gekko_mindorensis_Mindoro_R1.trimmed.fq
36.70	35.89	36.83	36.62	36.87	36.89	36.89	39.49	39.48	39.38	39.32	39.23	39.30	39.30	39.30	39.06	39.14	39.03	39.19	39.02	39.10	38.87	38.84	38.84	38.93	38.78	38.80	38.95	38.64	38.48	38.70	38.83	38.67	38.69	38.74	38.45	38.65	38.71	38.70	38.25	38.33	38.28	38.31	38.12	38.05	37.52	36.81	36.59	36.08	35.71	35.64	35.95	36.37	36.61	36.86	36.94	37.04	37.18	37.24	37.26	37.19	37.08	36.98	36.83	36.65	36.51	36.35	36.23	35.97	34.41	35.04	35.39	35.44	35.30	35.19	35.04	34.92	34.83	34.74	34.66	34.54	34.46	34.40	34.36	34.30	34.22	34.09	34.01	33.93	33.85	33.80	33.74	33.69	33.56	32.18	




Read count (%) per base for different quality score ranges

	ELR_1008_Gekko_mindorensis_Mindoro_R1.trimmed.fq
Ranges	0-10	11-20	21-30	31-40
Base
1	0.00	0.51	0.86	98.62
2	0.00	0.16	0.52	99.32
3	0.00	0.14	0.40	99.47
4	0.00	0.25	0.69	99.05
5	0.00	0.12	0.41	99.46
6	0.00	0.12	0.37	99.50
7	0.00	0.10	0.39	99.51
8	0.00	0.14	0.39	99.47
9	0.00	0.13	0.41	99.46
10	0.00	0.14	0.48	99.38
11	0.00	0.15	0.47	99.39
12	0.00	0.18	0.53	99.29
13	0.00	0.17	0.59	99.23
14	0.00	0.21	0.55	99.24
15	0.00	0.21	0.51	99.28
16	0.00	0.19	0.62	99.19
17	0.00	0.16	0.52	99.32
18	0.00	0.19	0.64	99.17
19	0.00	0.19	0.58	99.23
20	0.00	0.26	0.65	99.09
21	0.00	0.24	0.62	99.15
22	0.00	0.25	0.62	99.13
23	0.00	0.26	0.66	99.08
24	0.00	0.20	0.62	99.19
25	0.00	0.21	0.57	99.22
26	0.00	0.22	0.74	99.04
27	0.00	0.22	0.66	99.12
28	0.00	0.17	0.59	99.25
29	0.00	0.17	0.63	99.20
30	0.00	0.19	0.75	99.06
31	0.00	0.14	0.60	99.27
32	0.00	0.16	0.58	99.26
33	0.00	0.17	0.65	99.18
34	0.00	0.14	0.64	99.23
35	0.00	0.17	0.64	99.19
36	0.00	0.18	0.83	98.99
37	0.00	0.14	0.61	99.24
38	0.00	0.12	0.62	99.27
39	0.00	0.12	0.68	99.20
40	0.00	0.16	1.02	98.81
41	0.00	0.13	0.77	99.10
42	0.00	0.15	0.82	99.03
43	0.00	0.13	0.71	99.17
44	0.00	0.16	0.84	99.00
45	0.00	0.14	0.95	98.92
46	0.00	0.20	1.34	98.46
47	0.00	0.32	2.67	97.01
48	0.00	0.41	2.92	96.67
49	0.00	0.74	4.35	94.91
50	0.00	1.31	6.01	92.68
51	0.00	2.31	5.64	92.05
52	0.00	2.29	4.57	93.14
53	0.00	1.87	3.54	94.59
54	0.00	1.52	2.95	95.52
55	0.00	1.14	2.42	96.44
56	0.00	0.90	2.23	96.87
57	0.00	0.66	1.89	97.45
58	0.00	0.38	1.53	98.09
59	0.00	0.28	1.31	98.40
60	0.00	0.17	1.08	98.75
61	0.00	0.15	1.01	98.84
62	0.00	0.12	1.05	98.83
63	0.00	0.12	0.95	98.93
64	0.00	0.12	1.16	98.72
65	0.00	0.11	1.30	98.59
66	0.00	0.11	1.22	98.67
67	0.00	0.12	1.25	98.62
68	0.00	0.12	1.12	98.76
69	0.00	0.15	1.31	98.55
70	0.00	0.12	3.23	96.65
71	0.00	0.10	1.57	98.32
72	0.00	0.12	1.33	98.54
73	0.00	0.10	1.25	98.65
74	0.00	0.10	1.41	98.49
75	0.00	0.11	1.17	98.72
76	0.00	0.12	1.45	98.43
77	0.00	0.14	1.57	98.29
78	0.00	0.12	1.69	98.19
79	0.00	0.16	1.75	98.09
80	0.00	0.13	1.72	98.15
81	0.00	0.17	1.95	97.87
82	0.00	0.21	2.02	97.76
83	0.00	0.18	2.16	97.66
84	0.00	0.18	2.10	97.72
85	0.00	0.17	2.21	97.62
86	0.00	0.20	2.28	97.52
87	0.00	0.22	2.51	97.28
88	0.00	0.22	2.59	97.19
89	0.00	0.26	2.75	96.99
90	0.00	0.29	2.86	96.85
91	0.00	0.31	2.92	96.77
92	0.00	0.27	2.81	96.92
93	0.00	0.27	2.91	96.82
94	0.00	0.33	3.18	96.49
95	0.00	1.06	7.65	91.28




