Parameters
	Library type	Single-end
	Input file	/Volumes/wdhd/users/joaks1/projects/gekgo/data/genomes/msg/plate3/demultiplexed-trimmed/ELR_911_Gekko_mindorensis_Mindoro_R1.trimmed.fq
	Primer/Adaptor library	NA
	Cut-off read length for HQ	70%
	Cut-off quality score	20
	Only statistics	On
	Number of processes	2


QC statistics
	File name	ELR_911_Gekko_mindorensis_Mindoro_R1.trimmed.fq
	Total number of reads	18650
	Total number of HQ reads	18648
	Percentage of HQ reads	99.99%
	Total number of bases	1735043
	Total number of bases in HQ reads	1734997
	Total number of HQ bases in HQ reads	1729775
	Percentage of HQ bases in HQ reads	99.70%
	Number of Primer/Adaptor contaminated HQ reads	NA
	Total number of HQ filtered reads	18648
	Percentage of HQ filtered reads	99.99%


Detailed QC statistics
	File name	ELR_911_Gekko_mindorensis_Mindoro_R1.trimmed.fq
	Minimum read length	10
	Maximum read length	95
	Average read length	93.03
	Total number of reads	18650
	Total number of reads with non-ATGC bases	0
	Percentage of reads with non-ATGC bases	0.00%
	Total number of bases	1735043
	Total number of HQ bases	1729803
	Percentage of HQ bases	99.70%
	Total number of non-ATGC bases	0
	Percentage of non-ATGC bases	0.00%


Average quality score at each base position of input reads

ELR_911_Gekko_mindorensis_Mindoro_R1.trimmed.fq
36.56	36.48	36.82	36.60	36.85	36.87	36.89	39.45	39.46	39.38	39.31	39.21	39.29	39.31	39.30	39.01	39.10	39.04	39.20	39.05	39.14	38.93	38.88	38.89	38.95	38.83	38.84	38.98	38.71	38.55	38.75	38.90	38.72	38.78	38.83	38.53	38.73	38.76	38.77	38.32	38.38	38.34	38.37	38.19	38.07	37.53	36.81	36.63	36.12	35.85	35.73	36.02	36.49	36.67	36.96	37.01	37.15	37.29	37.35	37.34	37.26	37.17	37.09	36.92	36.76	36.57	36.43	36.33	36.07	34.56	35.16	35.51	35.52	35.38	35.25	35.10	34.99	34.92	34.85	34.76	34.68	34.61	34.55	34.52	34.43	34.39	34.22	34.15	34.07	33.99	33.95	33.90	33.85	33.73	32.35	




Read count (%) per base for different quality score ranges

	ELR_911_Gekko_mindorensis_Mindoro_R1.trimmed.fq
Ranges	0-10	11-20	21-30	31-40
Base
1	0.00	0.63	0.95	98.42
2	0.00	0.11	0.47	99.43
3	0.00	0.16	0.42	99.42
4	0.00	0.27	0.79	98.94
5	0.00	0.14	0.50	99.35
6	0.00	0.14	0.37	99.49
7	0.00	0.12	0.38	99.51
8	0.00	0.13	0.42	99.44
9	0.00	0.15	0.45	99.40
10	0.00	0.18	0.48	99.34
11	0.00	0.16	0.48	99.36
12	0.00	0.21	0.54	99.25
13	0.00	0.17	0.71	99.12
14	0.00	0.25	0.54	99.21
15	0.00	0.22	0.57	99.21
16	0.00	0.21	0.58	99.21
17	0.00	0.18	0.55	99.27
18	0.00	0.13	0.68	99.19
19	0.00	0.18	0.69	99.14
20	0.00	0.20	0.66	99.14
21	0.00	0.15	0.58	99.27
22	0.00	0.17	0.66	99.17
23	0.00	0.24	0.69	99.07
24	0.00	0.20	0.65	99.16
25	0.00	0.24	0.61	99.15
26	0.00	0.28	0.75	98.97
27	0.00	0.20	0.78	99.03
28	0.00	0.15	0.62	99.24
29	0.00	0.12	0.63	99.25
30	0.00	0.19	0.72	99.08
31	0.00	0.17	0.48	99.35
32	0.00	0.11	0.66	99.23
33	0.00	0.18	0.66	99.16
34	0.00	0.11	0.52	99.37
35	0.00	0.10	0.56	99.34
36	0.00	0.17	0.91	98.92
37	0.00	0.10	0.65	99.25
38	0.00	0.18	0.64	99.18
39	0.00	0.10	0.64	99.26
40	0.00	0.11	1.07	98.81
41	0.00	0.15	0.84	99.01
42	0.00	0.13	0.78	99.09
43	0.00	0.12	0.66	99.22
44	0.00	0.18	0.91	98.91
45	0.00	0.11	1.02	98.87
46	0.00	0.20	1.46	98.34
47	0.00	0.29	2.75	96.96
48	0.00	0.35	2.61	97.04
49	0.00	0.82	4.22	94.96
50	0.00	1.26	5.79	92.94
51	0.00	2.20	5.61	92.20
52	0.00	2.19	4.81	93.00
53	0.00	1.78	3.55	94.67
54	0.00	1.68	3.03	95.29
55	0.00	1.15	2.43	96.43
56	0.00	0.92	2.22	96.87
57	0.00	0.68	1.67	97.65
58	0.00	0.40	1.32	98.28
59	0.00	0.27	1.27	98.47
60	0.00	0.28	0.95	98.77
61	0.00	0.13	0.98	98.89
62	0.00	0.18	0.86	98.95
63	0.00	0.13	0.86	99.01
64	0.00	0.15	1.10	98.75
65	0.00	0.12	1.39	98.49
66	0.00	0.16	1.33	98.51
67	0.00	0.19	1.25	98.56
68	0.00	0.10	1.12	98.78
69	0.00	0.08	1.23	98.69
70	0.00	0.13	2.76	97.11
71	0.00	0.10	1.29	98.61
72	0.00	0.11	1.28	98.61
73	0.00	0.10	1.24	98.66
74	0.00	0.09	1.22	98.69
75	0.00	0.08	1.15	98.77
76	0.00	0.13	1.34	98.53
77	0.00	0.18	1.58	98.24
78	0.00	0.11	1.61	98.28
79	0.00	0.18	1.55	98.26
80	0.00	0.12	1.67	98.21
81	0.00	0.18	1.69	98.13
82	0.00	0.13	1.89	97.98
83	0.00	0.20	1.86	97.95
84	0.00	0.11	1.97	97.92
85	0.00	0.14	2.16	97.70
86	0.00	0.15	1.98	97.86
87	0.00	0.16	2.31	97.53
88	0.00	0.22	2.52	97.26
89	0.00	0.17	2.62	97.21
90	0.00	0.26	2.74	97.00
91	0.00	0.32	2.70	96.99
92	0.00	0.28	2.60	97.12
93	0.00	0.25	2.74	97.00
94	0.00	0.26	2.96	96.78
95	0.00	0.93	7.24	91.83




