Parameters
	Library type	Single-end
	Input file	/Volumes/wdhd/users/joaks1/projects/gekgo/data/genomes/msg/plate3/demultiplexed-trimmed/ELR_1007_Gekko_mindorensis_Mindoro_R1.trimmed.fq
	Primer/Adaptor library	NA
	Cut-off read length for HQ	70%
	Cut-off quality score	20
	Only statistics	On
	Number of processes	2


QC statistics
	File name	ELR_1007_Gekko_mindorensis_Mindoro_R1.trimmed.fq
	Total number of reads	71349
	Total number of HQ reads	71339
	Percentage of HQ reads	99.99%
	Total number of bases	6640499
	Total number of bases in HQ reads	6640225
	Total number of HQ bases in HQ reads	6619489
	Percentage of HQ bases in HQ reads	99.69%
	Number of Primer/Adaptor contaminated HQ reads	NA
	Total number of HQ filtered reads	71339
	Percentage of HQ filtered reads	99.99%


Detailed QC statistics
	File name	ELR_1007_Gekko_mindorensis_Mindoro_R1.trimmed.fq
	Minimum read length	10
	Maximum read length	95
	Average read length	93.07
	Total number of reads	71349
	Total number of reads with non-ATGC bases	0
	Percentage of reads with non-ATGC bases	0.00%
	Total number of bases	6640499
	Total number of HQ bases	6619649
	Percentage of HQ bases	99.69%
	Total number of non-ATGC bases	0
	Percentage of non-ATGC bases	0.00%


Average quality score at each base position of input reads

ELR_1007_Gekko_mindorensis_Mindoro_R1.trimmed.fq
36.00	35.97	36.83	36.55	36.87	36.88	36.89	39.48	39.48	39.38	39.33	39.23	39.32	39.32	39.32	39.09	39.16	39.05	39.22	39.05	39.12	38.95	38.91	38.92	38.99	38.83	38.87	39.00	38.71	38.56	38.78	38.92	38.75	38.79	38.84	38.54	38.75	38.79	38.79	38.36	38.41	38.39	38.41	38.23	38.13	37.61	36.88	36.69	36.21	35.89	35.75	36.01	36.49	36.73	36.98	37.08	37.20	37.35	37.43	37.44	37.39	37.28	37.18	37.01	36.89	36.73	36.61	36.47	36.23	34.69	35.29	35.67	35.70	35.58	35.47	35.26	35.12	35.05	34.96	34.89	34.77	34.67	34.60	34.56	34.49	34.44	34.29	34.21	34.13	34.06	34.01	33.94	33.90	33.78	32.42	




Read count (%) per base for different quality score ranges

	ELR_1007_Gekko_mindorensis_Mindoro_R1.trimmed.fq
Ranges	0-10	11-20	21-30	31-40
Base
1	0.00	0.64	1.07	98.29
2	0.00	0.15	0.46	99.39
3	0.00	0.11	0.38	99.51
4	0.00	0.26	0.74	99.00
5	0.00	0.11	0.45	99.44
6	0.00	0.11	0.43	99.46
7	0.00	0.12	0.39	99.49
8	0.00	0.12	0.42	99.46
9	0.00	0.16	0.38	99.46
10	0.00	0.19	0.51	99.30
11	0.00	0.19	0.44	99.38
12	0.00	0.23	0.55	99.22
13	0.00	0.17	0.60	99.23
14	0.00	0.25	0.56	99.18
15	0.00	0.24	0.55	99.22
16	0.00	0.21	0.63	99.16
17	0.00	0.21	0.52	99.27
18	0.00	0.24	0.65	99.11
19	0.00	0.23	0.55	99.22
20	0.00	0.27	0.67	99.07
21	0.00	0.27	0.58	99.15
22	0.00	0.26	0.59	99.15
23	0.00	0.30	0.67	99.04
24	0.00	0.21	0.65	99.14
25	0.00	0.23	0.58	99.19
26	0.00	0.27	0.72	99.01
27	0.00	0.23	0.62	99.15
28	0.00	0.20	0.62	99.18
29	0.00	0.20	0.66	99.14
30	0.00	0.19	0.76	99.06
31	0.00	0.17	0.60	99.23
32	0.00	0.18	0.58	99.23
33	0.00	0.18	0.71	99.11
34	0.00	0.18	0.61	99.21
35	0.00	0.18	0.65	99.17
36	0.00	0.20	0.88	98.92
37	0.00	0.14	0.60	99.27
38	0.00	0.15	0.56	99.29
39	0.00	0.13	0.62	99.26
40	0.00	0.18	0.93	98.89
41	0.00	0.13	0.76	99.11
42	0.00	0.16	0.75	99.09
43	0.00	0.14	0.63	99.23
44	0.00	0.15	0.74	99.11
45	0.00	0.18	0.83	98.99
46	0.00	0.22	1.26	98.52
47	0.00	0.35	2.43	97.23
48	0.00	0.38	2.64	96.98
49	0.00	0.73	4.04	95.22
50	0.00	1.30	5.45	93.25
51	0.00	2.29	5.29	92.42
52	0.00	2.41	4.34	93.25
53	0.00	1.81	3.34	94.85
54	0.00	1.49	2.87	95.64
55	0.00	1.22	2.24	96.54
56	0.00	0.99	2.03	96.98
57	0.00	0.75	1.73	97.53
58	0.00	0.43	1.40	98.17
59	0.00	0.28	1.28	98.44
60	0.00	0.17	1.03	98.80
61	0.00	0.14	0.85	99.01
62	0.00	0.12	0.93	98.94
63	0.00	0.12	0.88	99.00
64	0.00	0.14	1.11	98.74
65	0.00	0.12	1.11	98.77
66	0.00	0.12	1.14	98.74
67	0.00	0.12	1.04	98.84
68	0.00	0.10	1.07	98.82
69	0.00	0.14	1.16	98.70
70	0.00	0.10	2.92	96.98
71	0.00	0.09	1.53	98.38
72	0.00	0.10	1.17	98.73
73	0.00	0.10	1.16	98.74
74	0.00	0.08	1.26	98.66
75	0.00	0.11	1.15	98.74
76	0.00	0.10	1.37	98.53
77	0.00	0.14	1.52	98.34
78	0.00	0.08	1.46	98.45
79	0.00	0.11	1.55	98.34
80	0.00	0.12	1.41	98.48
81	0.00	0.15	1.68	98.17
82	0.00	0.19	1.99	97.82
83	0.00	0.15	2.05	97.81
84	0.00	0.14	1.97	97.89
85	0.00	0.17	1.93	97.90
86	0.00	0.17	2.04	97.79
87	0.00	0.18	2.22	97.59
88	0.00	0.21	2.36	97.43
89	0.00	0.19	2.52	97.29
90	0.00	0.26	2.56	97.17
91	0.00	0.24	2.72	97.04
92	0.00	0.24	2.61	97.16
93	0.00	0.24	2.73	97.03
94	0.00	0.32	2.77	96.90
95	0.00	0.95	7.23	91.82




