Parameters
	Library type	Single-end
	Input file	/Volumes/wdhd/users/joaks1/projects/gekgo/data/genomes/msg/plate3/demultiplexed-trimmed/ELR_1010_Gekko_mindorensis_Mindoro_R1.trimmed.fq
	Primer/Adaptor library	NA
	Cut-off read length for HQ	70%
	Cut-off quality score	20
	Only statistics	On
	Number of processes	2


QC statistics
	File name	ELR_1010_Gekko_mindorensis_Mindoro_R1.trimmed.fq
	Total number of reads	183363
	Total number of HQ reads	183335
	Percentage of HQ reads	99.98%
	Total number of bases	17051107
	Total number of bases in HQ reads	17050254
	Total number of HQ bases in HQ reads	16996991
	Percentage of HQ bases in HQ reads	99.69%
	Number of Primer/Adaptor contaminated HQ reads	NA
	Total number of HQ filtered reads	183335
	Percentage of HQ filtered reads	99.98%


Detailed QC statistics
	File name	ELR_1010_Gekko_mindorensis_Mindoro_R1.trimmed.fq
	Minimum read length	10
	Maximum read length	95
	Average read length	92.99
	Total number of reads	183363
	Total number of reads with non-ATGC bases	0
	Percentage of reads with non-ATGC bases	0.00%
	Total number of bases	17051107
	Total number of HQ bases	16997526
	Percentage of HQ bases	99.69%
	Total number of non-ATGC bases	0
	Percentage of non-ATGC bases	0.00%


Average quality score at each base position of input reads

ELR_1010_Gekko_mindorensis_Mindoro_R1.trimmed.fq
36.70	36.38	36.86	36.61	36.87	36.88	36.88	39.46	39.45	39.36	39.31	39.20	39.30	39.30	39.31	39.08	39.16	39.04	39.21	39.03	39.12	38.91	38.88	38.88	38.95	38.81	38.84	38.98	38.67	38.51	38.73	38.87	38.71	38.72	38.80	38.51	38.70	38.74	38.75	38.29	38.35	38.33	38.35	38.17	38.08	37.56	36.83	36.64	36.14	35.81	35.68	35.96	36.41	36.64	36.90	37.03	37.13	37.28	37.34	37.35	37.30	37.19	37.09	36.94	36.80	36.66	36.53	36.39	36.14	34.56	35.18	35.56	35.60	35.47	35.37	35.15	35.03	34.94	34.85	34.76	34.65	34.55	34.47	34.41	34.35	34.28	34.14	34.05	33.96	33.90	33.86	33.78	33.73	33.61	32.20	




Read count (%) per base for different quality score ranges

	ELR_1010_Gekko_mindorensis_Mindoro_R1.trimmed.fq
Ranges	0-10	11-20	21-30	31-40
Base
1	0.00	0.41	0.70	98.88
2	0.00	0.15	0.40	99.46
3	0.00	0.11	0.35	99.54
4	0.00	0.23	0.65	99.13
5	0.00	0.12	0.43	99.45
6	0.00	0.11	0.40	99.49
7	0.00	0.13	0.43	99.44
8	0.00	0.14	0.44	99.41
9	0.00	0.15	0.45	99.39
10	0.00	0.18	0.53	99.29
11	0.00	0.15	0.49	99.36
12	0.00	0.20	0.61	99.18
13	0.00	0.18	0.61	99.21
14	0.00	0.22	0.57	99.21
15	0.00	0.21	0.56	99.23
16	0.00	0.22	0.59	99.19
17	0.00	0.17	0.53	99.30
18	0.00	0.20	0.72	99.08
19	0.00	0.21	0.57	99.23
20	0.00	0.26	0.67	99.07
21	0.00	0.24	0.56	99.20
22	0.00	0.28	0.65	99.07
23	0.00	0.28	0.65	99.07
24	0.00	0.22	0.64	99.14
25	0.00	0.24	0.60	99.16
26	0.00	0.26	0.78	98.95
27	0.00	0.23	0.68	99.09
28	0.00	0.17	0.61	99.23
29	0.00	0.20	0.67	99.13
30	0.00	0.24	0.74	99.02
31	0.00	0.18	0.59	99.23
32	0.00	0.16	0.61	99.23
33	0.00	0.18	0.70	99.12
34	0.00	0.18	0.64	99.18
35	0.00	0.15	0.64	99.21
36	0.00	0.18	0.85	98.97
37	0.00	0.15	0.64	99.21
38	0.00	0.15	0.64	99.21
39	0.00	0.14	0.68	99.18
40	0.00	0.19	1.07	98.74
41	0.00	0.14	0.82	99.04
42	0.00	0.15	0.83	99.02
43	0.00	0.14	0.72	99.14
44	0.00	0.14	0.83	99.04
45	0.00	0.15	0.88	98.97
46	0.00	0.21	1.25	98.54
47	0.00	0.33	2.49	97.19
48	0.00	0.44	2.73	96.83
49	0.00	0.77	4.19	95.04
50	0.00	1.31	5.72	92.97
51	0.00	2.35	5.42	92.23
52	0.00	2.39	4.50	93.11
53	0.00	1.83	3.59	94.58
54	0.00	1.58	2.93	95.50
55	0.00	1.20	2.40	96.40
56	0.00	0.92	2.07	97.01
57	0.00	0.67	1.84	97.49
58	0.00	0.43	1.40	98.17
59	0.00	0.28	1.28	98.45
60	0.00	0.20	1.09	98.71
61	0.00	0.13	0.97	98.90
62	0.00	0.12	1.02	98.86
63	0.00	0.12	0.93	98.95
64	0.00	0.13	1.13	98.74
65	0.00	0.12	1.14	98.74
66	0.00	0.12	1.17	98.71
67	0.00	0.11	1.23	98.65
68	0.00	0.11	1.14	98.75
69	0.00	0.12	1.27	98.61
70	0.00	0.12	3.09	96.80
71	0.00	0.11	1.58	98.31
72	0.00	0.11	1.38	98.51
73	0.00	0.12	1.32	98.56
74	0.00	0.10	1.42	98.48
75	0.00	0.09	1.33	98.58
76	0.00	0.12	1.51	98.38
77	0.00	0.15	1.52	98.34
78	0.00	0.10	1.58	98.31
79	0.00	0.13	1.68	98.18
80	0.00	0.15	1.69	98.16
81	0.00	0.15	1.97	97.88
82	0.00	0.21	2.04	97.75
83	0.00	0.18	2.13	97.68
84	0.00	0.17	2.10	97.73
85	0.00	0.19	2.11	97.71
86	0.00	0.19	2.24	97.57
87	0.00	0.22	2.41	97.37
88	0.00	0.22	2.66	97.11
89	0.00	0.21	2.77	97.02
90	0.00	0.28	2.75	96.97
91	0.00	0.28	2.81	96.91
92	0.00	0.26	2.84	96.89
93	0.00	0.27	2.95	96.77
94	0.00	0.31	3.17	96.53
95	0.00	1.03	7.83	91.14




