Parameters
	Library type	Single-end
	Input file	/Volumes/wdhd/users/joaks1/projects/gekgo/data/genomes/msg/plate3/demultiplexed-trimmed/ELR_1009_Gekko_mindorensis_Mindoro_R1.trimmed.fq
	Primer/Adaptor library	NA
	Cut-off read length for HQ	70%
	Cut-off quality score	20
	Only statistics	On
	Number of processes	2


QC statistics
	File name	ELR_1009_Gekko_mindorensis_Mindoro_R1.trimmed.fq
	Total number of reads	17072
	Total number of HQ reads	17071
	Percentage of HQ reads	99.99%
	Total number of bases	1580797
	Total number of bases in HQ reads	1580772
	Total number of HQ bases in HQ reads	1575830
	Percentage of HQ bases in HQ reads	99.69%
	Number of Primer/Adaptor contaminated HQ reads	NA
	Total number of HQ filtered reads	17071
	Percentage of HQ filtered reads	99.99%


Detailed QC statistics
	File name	ELR_1009_Gekko_mindorensis_Mindoro_R1.trimmed.fq
	Minimum read length	13
	Maximum read length	95
	Average read length	92.60
	Total number of reads	17072
	Total number of reads with non-ATGC bases	0
	Percentage of reads with non-ATGC bases	0.00%
	Total number of bases	1580797
	Total number of HQ bases	1575846
	Percentage of HQ bases	99.69%
	Total number of non-ATGC bases	0
	Percentage of non-ATGC bases	0.00%


Average quality score at each base position of input reads

ELR_1009_Gekko_mindorensis_Mindoro_R1.trimmed.fq
36.63	36.47	36.82	36.58	36.84	36.86	36.86	39.43	39.40	39.31	39.24	39.17	39.07	39.10	39.14	38.91	39.03	38.93	39.07	38.89	38.96	38.74	38.74	38.74	38.80	38.62	38.65	38.80	38.48	38.34	38.52	38.69	38.52	38.55	38.59	38.29	38.50	38.54	38.51	38.01	38.07	38.05	38.06	37.83	37.69	37.18	36.42	36.21	35.73	35.35	35.33	35.68	36.02	36.27	36.48	36.49	36.59	36.70	36.70	36.69	36.55	36.42	36.28	36.08	35.88	35.69	35.56	35.44	35.22	33.73	34.35	34.69	34.73	34.65	34.58	34.47	34.38	34.33	34.28	34.22	34.12	34.04	34.01	33.95	33.89	33.86	33.71	33.62	33.49	33.39	33.35	33.32	33.28	33.14	31.83	




Read count (%) per base for different quality score ranges

	ELR_1009_Gekko_mindorensis_Mindoro_R1.trimmed.fq
Ranges	0-10	11-20	21-30	31-40
Base
1	0.00	0.49	1.10	98.41
2	0.00	0.21	0.62	99.18
3	0.00	0.17	0.50	99.33
4	0.00	0.32	0.87	98.81
5	0.00	0.12	0.59	99.30
6	0.00	0.16	0.47	99.37
7	0.00	0.16	0.49	99.34
8	0.00	0.15	0.52	99.34
9	0.00	0.15	0.57	99.29
10	0.00	0.19	0.60	99.21
11	0.00	0.19	0.60	99.20
12	0.00	0.18	0.73	99.09
13	0.00	0.25	0.77	98.97
14	0.00	0.23	0.77	99.00
15	0.00	0.20	0.61	99.19
16	0.00	0.25	0.70	99.05
17	0.00	0.16	0.72	99.12
18	0.00	0.22	0.81	98.97
19	0.00	0.24	0.79	98.97
20	0.00	0.26	0.91	98.83
21	0.00	0.28	0.71	99.01
22	0.00	0.29	0.73	98.97
23	0.00	0.25	0.97	98.78
24	0.00	0.24	0.75	99.01
25	0.00	0.25	0.72	99.03
26	0.00	0.27	1.03	98.70
27	0.00	0.22	0.88	98.90
28	0.00	0.13	0.67	99.20
29	0.00	0.14	0.71	99.14
30	0.00	0.17	0.77	99.06
31	0.00	0.15	0.64	99.21
32	0.00	0.14	0.68	99.18
33	0.00	0.17	0.84	99.00
34	0.00	0.11	0.67	99.22
35	0.00	0.15	0.72	99.13
36	0.00	0.24	0.91	98.85
37	0.00	0.11	0.76	99.12
38	0.00	0.12	0.68	99.19
39	0.00	0.14	0.77	99.09
40	0.00	0.21	1.31	98.48
41	0.00	0.16	1.06	98.78
42	0.00	0.17	1.06	98.78
43	0.00	0.13	0.99	98.88
44	0.00	0.16	1.27	98.57
45	0.00	0.19	1.39	98.42
46	0.00	0.22	1.81	97.97
47	0.00	0.32	3.72	95.97
48	0.00	0.56	4.00	95.45
49	0.00	0.68	6.00	93.32
50	0.00	1.32	7.92	90.76
51	0.00	2.13	7.13	90.74
52	0.00	2.08	5.23	92.69
53	0.00	1.57	4.47	93.96
54	0.00	1.37	3.25	95.38
55	0.00	0.95	2.85	96.20
56	0.00	0.85	2.67	96.48
57	0.00	0.51	2.19	97.30
58	0.00	0.34	1.72	97.94
59	0.00	0.26	1.60	98.14
60	0.00	0.15	1.28	98.58
61	0.00	0.12	1.08	98.80
62	0.00	0.15	1.06	98.79
63	0.00	0.12	1.26	98.63
64	0.00	0.18	1.26	98.55
65	0.00	0.10	1.76	98.13
66	0.00	0.12	1.79	98.09
67	0.00	0.15	1.48	98.37
68	0.00	0.13	1.38	98.50
69	0.00	0.14	1.65	98.21
70	0.00	0.09	3.71	96.20
71	0.00	0.14	1.76	98.10
72	0.00	0.12	1.57	98.31
73	0.00	0.11	1.52	98.37
74	0.00	0.10	1.70	98.20
75	0.00	0.15	1.51	98.34
76	0.00	0.19	1.74	98.07
77	0.00	0.18	1.90	97.92
78	0.00	0.13	1.90	97.97
79	0.00	0.19	1.88	97.93
80	0.00	0.11	1.99	97.90
81	0.00	0.14	2.46	97.39
82	0.00	0.17	2.42	97.40
83	0.00	0.17	2.44	97.39
84	0.00	0.18	2.40	97.43
85	0.00	0.18	2.39	97.43
86	0.00	0.18	2.31	97.51
87	0.00	0.23	2.64	97.13
88	0.00	0.23	2.90	96.87
89	0.00	0.26	3.30	96.44
90	0.00	0.37	3.38	96.25
91	0.00	0.39	3.29	96.32
92	0.00	0.32	3.05	96.62
93	0.00	0.40	2.94	96.66
94	0.00	0.51	3.58	95.90
95	0.00	1.18	8.27	90.56




