Parameters
	Library type	Single-end
	Input file	/Volumes/wdhd/users/joaks1/projects/gekgo/data/genomes/msg/plate3/demultiplexed-trimmed/LSUHC_5042_Ptychozoon_kuhli_PulauTioman_R1.trimmed.fq
	Primer/Adaptor library	NA
	Cut-off read length for HQ	70%
	Cut-off quality score	20
	Only statistics	On
	Number of processes	2


QC statistics
	File name	LSUHC_5042_Ptychozoon_kuhli_PulauTioman_R1.trimmed.fq
	Total number of reads	508930
	Total number of HQ reads	508878
	Percentage of HQ reads	99.99%
	Total number of bases	47210558
	Total number of bases in HQ reads	47209109
	Total number of HQ bases in HQ reads	47054065
	Percentage of HQ bases in HQ reads	99.67%
	Number of Primer/Adaptor contaminated HQ reads	NA
	Total number of HQ filtered reads	508878
	Percentage of HQ filtered reads	99.99%


Detailed QC statistics
	File name	LSUHC_5042_Ptychozoon_kuhli_PulauTioman_R1.trimmed.fq
	Minimum read length	10
	Maximum read length	95
	Average read length	92.76
	Total number of reads	508930
	Total number of reads with non-ATGC bases	0
	Percentage of reads with non-ATGC bases	0.00%
	Total number of bases	47210558
	Total number of HQ bases	47054939
	Percentage of HQ bases	99.67%
	Total number of non-ATGC bases	0
	Percentage of non-ATGC bases	0.00%


Average quality score at each base position of input reads

LSUHC_5042_Ptychozoon_kuhli_PulauTioman_R1.trimmed.fq
36.77	36.50	36.86	36.58	36.87	36.89	36.90	39.52	39.47	39.33	39.24	39.26	39.23	39.19	39.17	38.96	39.03	38.91	39.11	38.91	39.00	38.79	38.78	38.84	38.92	38.74	38.75	38.89	38.56	38.37	38.57	38.74	38.58	38.64	38.67	38.35	38.55	38.62	38.64	38.16	38.21	38.16	38.20	38.05	37.88	37.42	36.61	36.41	35.87	35.47	35.34	35.54	35.98	36.24	36.48	36.59	36.75	36.83	36.89	36.86	36.75	36.66	36.50	36.36	36.19	36.00	35.81	35.67	35.48	34.01	34.54	34.82	34.85	34.78	34.68	34.56	34.45	34.40	34.29	34.20	34.11	34.00	33.92	33.85	33.77	33.72	33.59	33.50	33.40	33.32	33.23	33.17	33.10	32.98	31.64	




Read count (%) per base for different quality score ranges

	LSUHC_5042_Ptychozoon_kuhli_PulauTioman_R1.trimmed.fq
Ranges	0-10	11-20	21-30	31-40
Base
1	0.00	0.38	0.69	98.93
2	0.00	0.14	0.42	99.45
3	0.00	0.10	0.37	99.53
4	0.00	0.24	0.74	99.02
5	0.00	0.11	0.40	99.49
6	0.00	0.10	0.38	99.51
7	0.00	0.10	0.35	99.54
8	0.00	0.11	0.36	99.53
9	0.00	0.14	0.39	99.47
10	0.00	0.16	0.52	99.33
11	0.00	0.15	0.50	99.35
12	0.00	0.16	0.51	99.34
13	0.00	0.17	0.58	99.25
14	0.00	0.20	0.52	99.28
15	0.00	0.20	0.53	99.27
16	0.00	0.20	0.61	99.18
17	0.00	0.19	0.56	99.25
18	0.00	0.20	0.72	99.08
19	0.00	0.17	0.52	99.31
20	0.00	0.22	0.67	99.11
21	0.00	0.20	0.56	99.24
22	0.00	0.22	0.59	99.19
23	0.00	0.21	0.64	99.16
24	0.00	0.18	0.58	99.24
25	0.00	0.19	0.58	99.24
26	0.00	0.20	0.74	99.06
27	0.00	0.18	0.68	99.14
28	0.00	0.16	0.59	99.25
29	0.00	0.15	0.65	99.19
30	0.00	0.18	0.77	99.04
31	0.00	0.15	0.62	99.23
32	0.00	0.15	0.60	99.25
33	0.00	0.18	0.71	99.10
34	0.00	0.15	0.63	99.22
35	0.00	0.16	0.67	99.18
36	0.00	0.19	0.92	98.89
37	0.00	0.13	0.68	99.18
38	0.00	0.12	0.65	99.22
39	0.00	0.16	0.71	99.13
40	0.00	0.23	1.26	98.51
41	0.00	0.19	0.99	98.82
42	0.00	0.20	1.05	98.76
43	0.00	0.16	0.84	99.01
44	0.00	0.17	1.01	98.82
45	0.00	0.18	1.17	98.65
46	0.00	0.23	1.71	98.06
47	0.00	0.41	3.29	96.30
48	0.00	0.53	3.69	95.78
49	0.00	0.85	5.13	94.02
50	0.00	1.42	7.17	91.41
51	0.00	2.53	6.56	90.90
52	0.00	2.45	5.45	92.10
53	0.00	1.83	4.23	93.94
54	0.00	1.42	3.55	95.03
55	0.00	1.05	2.87	96.08
56	0.00	0.84	2.46	96.70
57	0.00	0.61	1.93	97.46
58	0.00	0.44	1.73	97.83
59	0.00	0.28	1.39	98.33
60	0.00	0.20	1.28	98.52
61	0.00	0.16	1.39	98.45
62	0.00	0.13	1.20	98.66
63	0.00	0.15	1.29	98.56
64	0.00	0.13	1.25	98.63
65	0.00	0.13	1.32	98.55
66	0.00	0.16	1.43	98.41
67	0.00	0.14	1.54	98.32
68	0.00	0.13	1.39	98.47
69	0.00	0.14	1.69	98.17
70	0.00	0.11	3.65	96.24
71	0.00	0.15	1.93	97.92
72	0.00	0.13	1.69	98.18
73	0.00	0.13	1.60	98.26
74	0.00	0.13	1.70	98.16
75	0.00	0.14	1.79	98.07
76	0.00	0.16	1.99	97.85
77	0.00	0.16	2.12	97.72
78	0.00	0.13	1.98	97.88
79	0.00	0.18	2.21	97.61
80	0.00	0.19	2.31	97.50
81	0.00	0.19	2.38	97.43
82	0.00	0.24	2.64	97.12
83	0.00	0.23	2.74	97.03
84	0.00	0.23	2.73	97.04
85	0.00	0.25	2.81	96.94
86	0.00	0.23	2.79	96.98
87	0.00	0.29	3.12	96.60
88	0.00	0.28	3.26	96.45
89	0.00	0.35	3.49	96.16
90	0.00	0.36	3.66	95.98
91	0.00	0.42	3.88	95.70
92	0.00	0.40	3.66	95.94
93	0.00	0.38	3.94	95.68
94	0.00	0.43	4.10	95.47
95	0.00	1.36	9.25	89.39




