Parameters
	Library type	Single-end
	Input file	/Volumes/wdhd/users/joaks1/projects/gekgo/data/genomes/msg/plate3/demultiplexed-trimmed/LSUHC_7289_Gekko_monarchus_PulauAur_R1.trimmed.fq
	Primer/Adaptor library	NA
	Cut-off read length for HQ	70%
	Cut-off quality score	20
	Only statistics	On
	Number of processes	2


QC statistics
	File name	LSUHC_7289_Gekko_monarchus_PulauAur_R1.trimmed.fq
	Total number of reads	137381
	Total number of HQ reads	137267
	Percentage of HQ reads	99.92%
	Total number of bases	12579735
	Total number of bases in HQ reads	12576305
	Total number of HQ bases in HQ reads	12521756
	Percentage of HQ bases in HQ reads	99.57%
	Number of Primer/Adaptor contaminated HQ reads	NA
	Total number of HQ filtered reads	137267
	Percentage of HQ filtered reads	99.92%


Detailed QC statistics
	File name	LSUHC_7289_Gekko_monarchus_PulauAur_R1.trimmed.fq
	Minimum read length	9
	Maximum read length	95
	Average read length	91.57
	Total number of reads	137381
	Total number of reads with non-ATGC bases	0
	Percentage of reads with non-ATGC bases	0.00%
	Total number of bases	12579735
	Total number of HQ bases	12523915
	Percentage of HQ bases	99.56%
	Total number of non-ATGC bases	0
	Percentage of non-ATGC bases	0.00%


Average quality score at each base position of input reads

LSUHC_7289_Gekko_monarchus_PulauAur_R1.trimmed.fq
35.68	34.98	36.53	36.24	36.63	36.70	36.72	39.19	39.18	39.10	39.03	38.94	38.97	38.98	38.93	38.64	38.80	38.74	38.88	38.70	38.80	38.55	38.55	38.58	38.63	38.44	38.45	38.62	38.36	38.18	38.34	38.48	38.30	38.29	38.30	38.02	38.18	38.21	38.19	37.79	37.82	37.76	37.72	37.57	37.44	36.73	36.10	35.82	35.40	34.91	34.86	35.00	35.54	35.77	35.95	36.02	36.15	36.25	36.22	36.17	36.03	35.91	35.75	35.59	35.39	35.16	34.97	34.83	34.58	33.16	33.74	34.03	34.05	33.97	33.90	33.78	33.67	33.63	33.52	33.43	33.30	33.28	33.20	33.20	33.13	33.06	32.85	32.85	32.77	32.68	32.62	32.56	32.46	32.37	31.06	




Read count (%) per base for different quality score ranges

	LSUHC_7289_Gekko_monarchus_PulauAur_R1.trimmed.fq
Ranges	0-10	11-20	21-30	31-40
Base
1	0.00	1.43	2.38	96.19
2	0.00	0.47	1.61	97.92
3	0.00	0.56	1.33	98.11
4	0.00	1.06	1.69	97.25
5	0.00	0.49	1.22	98.28
6	0.00	0.40	0.98	98.62
7	0.00	0.35	0.96	98.70
8	0.00	0.37	0.92	98.71
9	0.00	0.32	0.99	98.69
10	0.00	0.37	1.11	98.52
11	0.00	0.40	1.10	98.50
12	0.00	0.48	1.18	98.35
13	0.00	0.43	1.22	98.36
14	0.00	0.48	1.15	98.37
15	0.00	0.44	1.16	98.39
16	0.00	0.46	1.24	98.30
17	0.00	0.42	1.15	98.43
18	0.00	0.45	1.23	98.32
19	0.00	0.42	1.13	98.45
20	0.00	0.60	1.27	98.13
21	0.00	0.56	1.19	98.24
22	0.00	0.52	1.17	98.31
23	0.00	0.49	1.21	98.30
24	0.00	0.44	1.18	98.38
25	0.00	0.47	1.15	98.38
26	0.00	0.50	1.38	98.13
27	0.00	0.49	1.32	98.19
28	0.00	0.39	1.17	98.44
29	0.00	0.31	1.17	98.52
30	0.00	0.40	1.28	98.31
31	0.00	0.31	1.16	98.53
32	0.00	0.27	1.07	98.66
33	0.00	0.30	1.23	98.47
34	0.00	0.29	1.13	98.58
35	0.00	0.27	1.24	98.49
36	0.00	0.29	1.41	98.30
37	0.00	0.24	1.14	98.61
38	0.00	0.23	1.10	98.66
39	0.00	0.27	1.20	98.53
40	0.00	0.28	1.55	98.16
41	0.00	0.25	1.31	98.45
42	0.00	0.26	1.34	98.40
43	0.00	0.22	1.22	98.56
44	0.00	0.27	1.35	98.38
45	0.00	0.28	1.48	98.24
46	0.00	0.36	2.05	97.58
47	0.00	0.43	3.64	95.92
48	0.00	0.56	3.71	95.73
49	0.00	0.85	5.31	93.85
50	0.00	1.47	7.38	91.15
51	0.00	2.24	6.57	91.19
52	0.00	2.36	5.98	91.67
53	0.00	1.74	4.25	94.01
54	0.00	1.41	3.37	95.22
55	0.00	1.10	2.83	96.08
56	0.00	0.90	2.56	96.54
57	0.00	0.65	2.08	97.27
58	0.00	0.43	1.71	97.86
59	0.00	0.32	1.65	98.03
60	0.00	0.20	1.44	98.36
61	0.00	0.18	1.38	98.44
62	0.00	0.16	1.30	98.54
63	0.00	0.13	1.23	98.64
64	0.00	0.14	1.32	98.53
65	0.00	0.14	1.57	98.29
66	0.00	0.14	1.45	98.41
67	0.00	0.14	1.46	98.39
68	0.00	0.13	1.37	98.49
69	0.00	0.16	1.54	98.30
70	0.00	0.12	3.76	96.12
71	0.00	0.15	2.04	97.82
72	0.00	0.11	1.58	98.31
73	0.00	0.12	1.58	98.30
74	0.00	0.11	1.63	98.26
75	0.00	0.14	1.51	98.34
76	0.00	0.15	1.73	98.12
77	0.00	0.16	1.90	97.94
78	0.00	0.12	1.87	98.02
79	0.00	0.16	2.17	97.67
80	0.00	0.18	2.16	97.66
81	0.00	0.22	2.37	97.41
82	0.00	0.21	2.26	97.53
83	0.00	0.21	2.47	97.32
84	0.00	0.21	2.29	97.50
85	0.00	0.23	2.46	97.30
86	0.00	0.22	2.57	97.21
87	0.00	0.25	2.86	96.89
88	0.00	0.25	2.88	96.87
89	0.00	0.32	2.92	96.76
90	0.00	0.34	3.09	96.57
91	0.00	0.37	3.20	96.43
92	0.00	0.32	3.10	96.58
93	0.00	0.36	3.36	96.28
94	0.00	0.38	3.60	96.02
95	0.00	1.18	8.04	90.78




