Parameters
	Library type	Single-end
	Input file	/Volumes/wdhd/users/joaks1/projects/gekgo/data/genomes/msg/plate3/demultiplexed-trimmed/NOSERIES_4679_Ptychozoon_kuhli_PulauTioman_R1.trimmed.fq
	Primer/Adaptor library	NA
	Cut-off read length for HQ	70%
	Cut-off quality score	20
	Only statistics	On
	Number of processes	2


QC statistics
	File name	NOSERIES_4679_Ptychozoon_kuhli_PulauTioman_R1.trimmed.fq
	Total number of reads	125987
	Total number of HQ reads	125970
	Percentage of HQ reads	99.99%
	Total number of bases	11715216
	Total number of bases in HQ reads	11714691
	Total number of HQ bases in HQ reads	11678982
	Percentage of HQ bases in HQ reads	99.70%
	Number of Primer/Adaptor contaminated HQ reads	NA
	Total number of HQ filtered reads	125970
	Percentage of HQ filtered reads	99.99%


Detailed QC statistics
	File name	NOSERIES_4679_Ptychozoon_kuhli_PulauTioman_R1.trimmed.fq
	Minimum read length	11
	Maximum read length	95
	Average read length	92.99
	Total number of reads	125987
	Total number of reads with non-ATGC bases	0
	Percentage of reads with non-ATGC bases	0.00%
	Total number of bases	11715216
	Total number of HQ bases	11679310
	Percentage of HQ bases	99.69%
	Total number of non-ATGC bases	0
	Percentage of non-ATGC bases	0.00%


Average quality score at each base position of input reads

NOSERIES_4679_Ptychozoon_kuhli_PulauTioman_R1.trimmed.fq
36.68	36.34	36.86	36.57	36.88	36.90	36.91	39.57	39.52	39.38	39.32	39.30	39.32	39.31	39.31	39.18	39.20	39.05	39.21	39.01	39.10	38.91	38.86	38.93	39.02	38.83	38.86	39.02	38.70	38.51	38.72	38.89	38.76	38.78	38.83	38.52	38.70	38.77	38.81	38.37	38.44	38.40	38.42	38.29	38.14	37.70	36.93	36.75	36.26	35.88	35.77	35.90	36.34	36.61	36.81	36.96	37.15	37.25	37.31	37.30	37.20	37.14	37.01	36.90	36.76	36.61	36.41	36.28	36.08	34.61	35.13	35.41	35.41	35.29	35.18	35.01	34.88	34.81	34.67	34.58	34.47	34.36	34.29	34.20	34.11	34.07	33.96	33.87	33.77	33.69	33.61	33.54	33.47	33.36	32.12	




Read count (%) per base for different quality score ranges

	NOSERIES_4679_Ptychozoon_kuhli_PulauTioman_R1.trimmed.fq
Ranges	0-10	11-20	21-30	31-40
Base
1	0.00	0.41	0.71	98.88
2	0.00	0.12	0.37	99.51
3	0.00	0.10	0.29	99.61
4	0.00	0.23	0.73	99.04
5	0.00	0.11	0.36	99.53
6	0.00	0.10	0.33	99.57
7	0.00	0.08	0.32	99.60
8	0.00	0.11	0.32	99.57
9	0.00	0.14	0.34	99.52
10	0.00	0.15	0.45	99.40
11	0.00	0.13	0.40	99.46
12	0.00	0.15	0.45	99.40
13	0.00	0.16	0.50	99.34
14	0.00	0.19	0.48	99.33
15	0.00	0.19	0.47	99.33
16	0.00	0.18	0.53	99.29
17	0.00	0.16	0.47	99.36
18	0.00	0.17	0.67	99.16
19	0.00	0.18	0.45	99.37
20	0.00	0.22	0.56	99.22
21	0.00	0.19	0.49	99.32
22	0.00	0.24	0.51	99.26
23	0.00	0.20	0.54	99.25
24	0.00	0.17	0.50	99.33
25	0.00	0.21	0.48	99.31
26	0.00	0.24	0.67	99.09
27	0.00	0.21	0.57	99.22
28	0.00	0.15	0.54	99.30
29	0.00	0.15	0.57	99.28
30	0.00	0.17	0.67	99.15
31	0.00	0.15	0.51	99.34
32	0.00	0.12	0.51	99.37
33	0.00	0.16	0.58	99.26
34	0.00	0.17	0.56	99.27
35	0.00	0.17	0.59	99.24
36	0.00	0.19	0.86	98.95
37	0.00	0.12	0.62	99.25
38	0.00	0.11	0.62	99.27
39	0.00	0.14	0.61	99.26
40	0.00	0.18	1.06	98.76
41	0.00	0.16	0.81	99.03
42	0.00	0.19	0.83	98.99
43	0.00	0.14	0.73	99.14
44	0.00	0.18	0.83	98.99
45	0.00	0.18	0.94	98.88
46	0.00	0.20	1.36	98.44
47	0.00	0.36	2.62	97.02
48	0.00	0.45	2.82	96.74
49	0.00	0.72	4.01	95.27
50	0.00	1.29	5.75	92.96
51	0.00	2.34	5.24	92.42
52	0.00	2.38	4.33	93.29
53	0.00	1.77	3.51	94.72
54	0.00	1.45	2.86	95.69
55	0.00	1.12	2.38	96.50
56	0.00	0.91	2.11	96.98
57	0.00	0.62	1.64	97.74
58	0.00	0.44	1.48	98.07
59	0.00	0.27	1.23	98.50
60	0.00	0.19	1.15	98.67
61	0.00	0.16	1.20	98.64
62	0.00	0.12	1.06	98.82
63	0.00	0.11	1.07	98.82
64	0.00	0.11	1.05	98.83
65	0.00	0.12	1.15	98.74
66	0.00	0.11	1.23	98.66
67	0.00	0.13	1.28	98.59
68	0.00	0.11	1.22	98.66
69	0.00	0.12	1.48	98.40
70	0.00	0.11	2.99	96.89
71	0.00	0.12	1.67	98.21
72	0.00	0.12	1.44	98.44
73	0.00	0.11	1.35	98.55
74	0.00	0.14	1.49	98.37
75	0.00	0.12	1.47	98.41
76	0.00	0.15	1.73	98.11
77	0.00	0.13	1.82	98.04
78	0.00	0.13	1.72	98.14
79	0.00	0.17	1.91	97.92
80	0.00	0.14	1.96	97.90
81	0.00	0.20	2.09	97.71
82	0.00	0.19	2.29	97.52
83	0.00	0.18	2.32	97.50
84	0.00	0.19	2.43	97.38
85	0.00	0.22	2.47	97.30
86	0.00	0.21	2.49	97.30
87	0.00	0.23	2.72	97.05
88	0.00	0.23	2.80	96.97
89	0.00	0.27	3.04	96.69
90	0.00	0.29	3.24	96.47
91	0.00	0.33	3.48	96.19
92	0.00	0.34	3.28	96.38
93	0.00	0.31	3.52	96.17
94	0.00	0.35	3.70	95.95
95	0.00	1.04	8.15	90.82




