Parameters
	Library type	Single-end
	Input file	/Volumes/wdhd/users/joaks1/projects/gekgo/data/genomes/msg/plate3/demultiplexed-trimmed/NOSERIES_3835_Ptychozoon_kuhli_PulauTioman_R1.trimmed.fq
	Primer/Adaptor library	NA
	Cut-off read length for HQ	70%
	Cut-off quality score	20
	Only statistics	On
	Number of processes	2


QC statistics
	File name	NOSERIES_3835_Ptychozoon_kuhli_PulauTioman_R1.trimmed.fq
	Total number of reads	156084
	Total number of HQ reads	156041
	Percentage of HQ reads	99.97%
	Total number of bases	14482833
	Total number of bases in HQ reads	14481455
	Total number of HQ bases in HQ reads	14434326
	Percentage of HQ bases in HQ reads	99.67%
	Number of Primer/Adaptor contaminated HQ reads	NA
	Total number of HQ filtered reads	156041
	Percentage of HQ filtered reads	99.97%


Detailed QC statistics
	File name	NOSERIES_3835_Ptychozoon_kuhli_PulauTioman_R1.trimmed.fq
	Minimum read length	11
	Maximum read length	95
	Average read length	92.79
	Total number of reads	156084
	Total number of reads with non-ATGC bases	0
	Percentage of reads with non-ATGC bases	0.00%
	Total number of bases	14482833
	Total number of HQ bases	14435204
	Percentage of HQ bases	99.67%
	Total number of non-ATGC bases	0
	Percentage of non-ATGC bases	0.00%


Average quality score at each base position of input reads

NOSERIES_3835_Ptychozoon_kuhli_PulauTioman_R1.trimmed.fq
35.08	34.57	36.76	36.50	36.84	36.87	36.88	39.54	39.50	39.36	39.29	39.28	39.28	39.28	39.28	39.14	39.15	39.03	39.18	39.01	39.08	38.90	38.84	38.91	39.00	38.81	38.83	38.98	38.70	38.49	38.70	38.87	38.72	38.76	38.79	38.50	38.69	38.75	38.76	38.34	38.38	38.34	38.35	38.22	38.06	37.62	36.85	36.65	36.17	35.82	35.68	35.82	36.26	36.51	36.72	36.86	37.04	37.13	37.20	37.17	37.07	36.98	36.86	36.74	36.59	36.44	36.27	36.12	35.94	34.51	35.03	35.30	35.27	35.17	35.06	34.90	34.78	34.71	34.61	34.53	34.43	34.31	34.24	34.17	34.10	34.05	33.95	33.87	33.77	33.69	33.59	33.56	33.49	33.40	32.15	




Read count (%) per base for different quality score ranges

	NOSERIES_3835_Ptychozoon_kuhli_PulauTioman_R1.trimmed.fq
Ranges	0-10	11-20	21-30	31-40
Base
1	0.00	0.92	1.79	97.29
2	0.00	0.22	0.79	99.00
3	0.00	0.17	0.51	99.32
4	0.00	0.34	0.87	98.80
5	0.00	0.16	0.52	99.31
6	0.00	0.15	0.43	99.42
7	0.00	0.13	0.42	99.45
8	0.00	0.14	0.41	99.46
9	0.00	0.16	0.42	99.42
10	0.00	0.18	0.56	99.26
11	0.00	0.19	0.53	99.28
12	0.00	0.20	0.54	99.26
13	0.00	0.22	0.62	99.16
14	0.00	0.22	0.59	99.19
15	0.00	0.24	0.55	99.22
16	0.00	0.24	0.61	99.15
17	0.00	0.23	0.60	99.17
18	0.00	0.24	0.70	99.05
19	0.00	0.19	0.60	99.21
20	0.00	0.25	0.68	99.07
21	0.00	0.26	0.61	99.14
22	0.00	0.28	0.64	99.08
23	0.00	0.29	0.66	99.05
24	0.00	0.25	0.62	99.13
25	0.00	0.25	0.61	99.14
26	0.00	0.28	0.75	98.97
27	0.00	0.24	0.71	99.05
28	0.00	0.19	0.60	99.21
29	0.00	0.18	0.67	99.15
30	0.00	0.22	0.73	99.05
31	0.00	0.16	0.61	99.23
32	0.00	0.16	0.61	99.23
33	0.00	0.19	0.72	99.09
34	0.00	0.16	0.66	99.17
35	0.00	0.19	0.67	99.15
36	0.00	0.18	0.88	98.93
37	0.00	0.15	0.68	99.17
38	0.00	0.13	0.64	99.22
39	0.00	0.18	0.67	99.16
40	0.00	0.22	1.10	98.67
41	0.00	0.19	0.89	98.92
42	0.00	0.19	0.95	98.85
43	0.00	0.16	0.78	99.06
44	0.00	0.16	0.86	98.98
45	0.00	0.16	0.98	98.86
46	0.00	0.21	1.32	98.47
47	0.00	0.34	2.54	97.12
48	0.00	0.44	2.87	96.70
49	0.00	0.73	3.98	95.29
50	0.00	1.23	5.81	92.96
51	0.00	2.35	5.41	92.24
52	0.00	2.38	4.42	93.20
53	0.00	1.84	3.55	94.60
54	0.00	1.50	3.02	95.48
55	0.00	1.11	2.50	96.39
56	0.00	0.89	2.11	97.00
57	0.00	0.65	1.67	97.67
58	0.00	0.46	1.51	98.03
59	0.00	0.29	1.21	98.50
60	0.00	0.23	1.16	98.61
61	0.00	0.15	1.15	98.70
62	0.00	0.13	1.07	98.80
63	0.00	0.14	1.02	98.84
64	0.00	0.12	1.02	98.86
65	0.00	0.13	1.10	98.77
66	0.00	0.14	1.13	98.74
67	0.00	0.12	1.16	98.72
68	0.00	0.10	1.16	98.74
69	0.00	0.13	1.28	98.59
70	0.00	0.11	2.84	97.06
71	0.00	0.11	1.49	98.41
72	0.00	0.11	1.25	98.64
73	0.00	0.11	1.28	98.61
74	0.00	0.11	1.31	98.58
75	0.00	0.11	1.30	98.59
76	0.00	0.14	1.58	98.29
77	0.00	0.14	1.69	98.17
78	0.00	0.12	1.50	98.38
79	0.00	0.16	1.63	98.21
80	0.00	0.13	1.74	98.12
81	0.00	0.14	1.85	98.01
82	0.00	0.19	2.10	97.71
83	0.00	0.19	2.10	97.71
84	0.00	0.20	2.20	97.60
85	0.00	0.17	2.30	97.53
86	0.00	0.20	2.28	97.52
87	0.00	0.23	2.41	97.36
88	0.00	0.23	2.48	97.29
89	0.00	0.27	2.67	97.07
90	0.00	0.25	2.91	96.84
91	0.00	0.32	3.17	96.51
92	0.00	0.30	2.89	96.82
93	0.00	0.29	3.15	96.56
94	0.00	0.31	3.16	96.53
95	0.00	1.03	7.46	91.51




