Parameters
	Library type	Single-end
	Input file	/Volumes/wdhd/users/joaks1/projects/gekgo/data/genomes/msg/plate3/demultiplexed-trimmed/NOSERIES_6433_Ptychozoon_kuhli_PulauTioman_R1.trimmed.fq
	Primer/Adaptor library	NA
	Cut-off read length for HQ	70%
	Cut-off quality score	20
	Only statistics	On
	Number of processes	2


QC statistics
	File name	NOSERIES_6433_Ptychozoon_kuhli_PulauTioman_R1.trimmed.fq
	Total number of reads	55261
	Total number of HQ reads	55256
	Percentage of HQ reads	99.99%
	Total number of bases	5130081
	Total number of bases in HQ reads	5129931
	Total number of HQ bases in HQ reads	5113255
	Percentage of HQ bases in HQ reads	99.67%
	Number of Primer/Adaptor contaminated HQ reads	NA
	Total number of HQ filtered reads	55256
	Percentage of HQ filtered reads	99.99%


Detailed QC statistics
	File name	NOSERIES_6433_Ptychozoon_kuhli_PulauTioman_R1.trimmed.fq
	Minimum read length	14
	Maximum read length	95
	Average read length	92.83
	Total number of reads	55261
	Total number of reads with non-ATGC bases	0
	Percentage of reads with non-ATGC bases	0.00%
	Total number of bases	5130081
	Total number of HQ bases	5113351
	Percentage of HQ bases	99.67%
	Total number of non-ATGC bases	0
	Percentage of non-ATGC bases	0.00%


Average quality score at each base position of input reads

NOSERIES_6433_Ptychozoon_kuhli_PulauTioman_R1.trimmed.fq
36.67	36.41	36.84	36.57	36.86	36.89	36.89	39.54	39.49	39.35	39.27	39.30	39.25	39.18	39.17	38.98	39.06	38.94	39.13	38.94	39.02	38.82	38.82	38.90	38.98	38.79	38.80	38.95	38.62	38.42	38.63	38.81	38.65	38.70	38.73	38.42	38.60	38.66	38.66	38.21	38.26	38.23	38.24	38.09	37.95	37.47	36.69	36.46	35.94	35.55	35.46	35.64	36.09	36.32	36.57	36.71	36.85	36.93	36.95	36.93	36.80	36.71	36.54	36.41	36.24	36.05	35.85	35.69	35.51	34.11	34.62	34.88	34.90	34.85	34.75	34.63	34.53	34.48	34.39	34.32	34.22	34.14	34.06	33.96	33.92	33.88	33.76	33.68	33.58	33.50	33.44	33.36	33.31	33.21	31.95	




Read count (%) per base for different quality score ranges

	NOSERIES_6433_Ptychozoon_kuhli_PulauTioman_R1.trimmed.fq
Ranges	0-10	11-20	21-30	31-40
Base
1	0.00	0.51	0.84	98.65
2	0.00	0.14	0.44	99.42
3	0.00	0.10	0.43	99.47
4	0.00	0.23	0.79	98.98
5	0.00	0.15	0.39	99.46
6	0.00	0.10	0.36	99.54
7	0.00	0.10	0.41	99.49
8	0.00	0.12	0.32	99.56
9	0.00	0.12	0.46	99.42
10	0.00	0.18	0.47	99.35
11	0.00	0.14	0.48	99.38
12	0.00	0.12	0.48	99.41
13	0.00	0.15	0.53	99.32
14	0.00	0.22	0.58	99.20
15	0.00	0.21	0.54	99.25
16	0.00	0.17	0.58	99.25
17	0.00	0.15	0.52	99.32
18	0.00	0.18	0.69	99.13
19	0.00	0.17	0.55	99.27
20	0.00	0.24	0.66	99.09
21	0.00	0.24	0.56	99.20
22	0.00	0.23	0.62	99.15
23	0.00	0.20	0.63	99.16
24	0.00	0.15	0.59	99.26
25	0.00	0.19	0.55	99.26
26	0.00	0.19	0.67	99.13
27	0.00	0.16	0.69	99.15
28	0.00	0.16	0.59	99.26
29	0.00	0.16	0.60	99.24
30	0.00	0.17	0.78	99.05
31	0.00	0.15	0.65	99.19
32	0.00	0.13	0.56	99.31
33	0.00	0.19	0.72	99.10
34	0.00	0.16	0.61	99.23
35	0.00	0.18	0.70	99.13
36	0.00	0.21	0.90	98.89
37	0.00	0.13	0.73	99.14
38	0.00	0.14	0.66	99.20
39	0.00	0.15	0.72	99.13
40	0.00	0.24	1.18	98.57
41	0.00	0.18	0.97	98.84
42	0.00	0.17	0.96	98.87
43	0.00	0.16	0.89	98.95
44	0.00	0.16	1.04	98.79
45	0.00	0.17	1.19	98.64
46	0.00	0.20	1.69	98.12
47	0.00	0.36	3.12	96.52
48	0.00	0.53	3.65	95.82
49	0.00	0.86	5.24	93.90
50	0.00	1.44	7.00	91.56
51	0.00	2.48	6.43	91.09
52	0.00	2.40	5.48	92.12
53	0.00	1.93	4.09	93.98
54	0.00	1.57	3.49	94.94
55	0.00	1.10	2.91	95.99
56	0.00	0.87	2.32	96.81
57	0.00	0.62	1.89	97.48
58	0.00	0.43	1.63	97.94
59	0.00	0.28	1.46	98.25
60	0.00	0.19	1.23	98.58
61	0.00	0.16	1.42	98.42
62	0.00	0.14	1.12	98.74
63	0.00	0.12	1.18	98.70
64	0.00	0.11	1.11	98.77
65	0.00	0.10	1.23	98.67
66	0.00	0.14	1.43	98.43
67	0.00	0.14	1.46	98.40
68	0.00	0.14	1.47	98.38
69	0.00	0.13	1.66	98.21
70	0.00	0.11	3.49	96.40
71	0.00	0.16	1.82	98.02
72	0.00	0.11	1.65	98.24
73	0.00	0.12	1.55	98.33
74	0.00	0.13	1.49	98.38
75	0.00	0.13	1.69	98.18
76	0.00	0.16	1.93	97.91
77	0.00	0.16	1.99	97.85
78	0.00	0.13	1.88	97.99
79	0.00	0.18	1.93	97.89
80	0.00	0.16	2.02	97.82
81	0.00	0.21	2.22	97.57
82	0.00	0.26	2.31	97.43
83	0.00	0.19	2.34	97.47
84	0.00	0.26	2.43	97.32
85	0.00	0.20	2.57	97.23
86	0.00	0.20	2.41	97.39
87	0.00	0.24	2.88	96.88
88	0.00	0.24	2.92	96.84
89	0.00	0.33	3.06	96.61
90	0.00	0.32	3.39	96.29
91	0.00	0.35	3.42	96.24
92	0.00	0.39	3.26	96.34
93	0.00	0.40	3.51	96.09
94	0.00	0.40	3.73	95.87
95	0.00	1.19	8.17	90.63




