Parameters
	Library type	Single-end
	Input file	/Volumes/wdhd/users/joaks1/projects/gekgo/data/genomes/msg/plate3/demultiplexed-trimmed/RMB_9567_Lepidodactylus_balioburius_Sabtang_R1.trimmed.fq
	Primer/Adaptor library	NA
	Cut-off read length for HQ	70%
	Cut-off quality score	20
	Only statistics	On
	Number of processes	2


QC statistics
	File name	RMB_9567_Lepidodactylus_balioburius_Sabtang_R1.trimmed.fq
	Total number of reads	889061
	Total number of HQ reads	888950
	Percentage of HQ reads	99.99%
	Total number of bases	82633922
	Total number of bases in HQ reads	82630640
	Total number of HQ bases in HQ reads	82389110
	Percentage of HQ bases in HQ reads	99.71%
	Number of Primer/Adaptor contaminated HQ reads	NA
	Total number of HQ filtered reads	888950
	Percentage of HQ filtered reads	99.99%


Detailed QC statistics
	File name	RMB_9567_Lepidodactylus_balioburius_Sabtang_R1.trimmed.fq
	Minimum read length	10
	Maximum read length	95
	Average read length	92.95
	Total number of reads	889061
	Total number of reads with non-ATGC bases	0
	Percentage of reads with non-ATGC bases	0.00%
	Total number of bases	82633922
	Total number of HQ bases	82391163
	Percentage of HQ bases	99.71%
	Total number of non-ATGC bases	0
	Percentage of non-ATGC bases	0.00%


Average quality score at each base position of input reads

RMB_9567_Lepidodactylus_balioburius_Sabtang_R1.trimmed.fq
36.70	36.53	36.86	36.61	36.86	36.88	36.89	39.57	39.53	39.36	39.31	39.28	39.28	39.23	39.26	39.04	39.11	39.04	39.18	39.02	39.12	38.92	38.85	38.91	39.01	38.80	38.79	38.96	38.59	38.46	38.77	38.81	38.72	38.72	38.83	38.52	38.71	38.77	38.74	38.30	38.39	38.37	38.36	38.25	38.07	37.62	36.84	36.48	36.00	35.77	35.70	35.95	36.45	36.66	36.86	37.03	37.12	37.21	37.24	37.17	37.11	37.02	36.81	36.63	36.52	36.32	36.08	35.89	35.72	34.37	34.84	35.12	35.03	34.98	34.92	34.87	34.68	34.62	34.55	34.41	34.35	34.34	34.22	34.15	34.17	34.08	34.02	33.92	33.80	33.79	33.61	33.59	33.61	33.48	32.11	




Read count (%) per base for different quality score ranges

	RMB_9567_Lepidodactylus_balioburius_Sabtang_R1.trimmed.fq
Ranges	0-10	11-20	21-30	31-40
Base
1	0.00	0.49	0.80	98.71
2	0.00	0.15	0.43	99.42
3	0.00	0.11	0.36	99.53
4	0.00	0.22	0.69	99.08
5	0.00	0.12	0.45	99.43
6	0.00	0.11	0.40	99.49
7	0.00	0.10	0.38	99.52
8	0.00	0.11	0.37	99.51
9	0.00	0.13	0.43	99.44
10	0.00	0.18	0.52	99.30
11	0.00	0.16	0.50	99.34
12	0.00	0.17	0.54	99.29
13	0.00	0.19	0.61	99.19
14	0.00	0.21	0.58	99.22
15	0.00	0.19	0.54	99.27
16	0.00	0.22	0.63	99.15
17	0.00	0.18	0.57	99.25
18	0.00	0.19	0.66	99.16
19	0.00	0.18	0.54	99.28
20	0.00	0.23	0.65	99.12
21	0.00	0.19	0.56	99.25
22	0.00	0.24	0.61	99.15
23	0.00	0.23	0.65	99.12
24	0.00	0.20	0.60	99.20
25	0.00	0.22	0.63	99.15
26	0.00	0.24	0.79	98.97
27	0.00	0.19	0.69	99.12
28	0.00	0.15	0.59	99.26
29	0.00	0.16	0.67	99.17
30	0.00	0.16	0.71	99.13
31	0.00	0.15	0.59	99.27
32	0.00	0.15	0.64	99.21
33	0.00	0.17	0.69	99.14
34	0.00	0.17	0.64	99.19
35	0.00	0.16	0.65	99.19
36	0.00	0.18	0.92	98.90
37	0.00	0.14	0.65	99.22
38	0.00	0.12	0.61	99.26
39	0.00	0.13	0.67	99.19
40	0.00	0.17	1.02	98.80
41	0.00	0.16	0.88	98.96
42	0.00	0.16	0.89	98.95
43	0.00	0.15	0.78	99.06
44	0.00	0.15	0.89	98.95
45	0.00	0.16	0.95	98.89
46	0.00	0.18	1.33	98.48
47	0.00	0.33	2.65	97.02
48	0.00	0.45	4.09	95.46
49	0.00	0.77	4.84	94.39
50	0.00	1.24	6.32	92.44
51	0.00	2.23	5.81	91.96
52	0.00	2.23	4.74	93.04
53	0.00	1.56	3.67	94.78
54	0.00	1.24	2.95	95.81
55	0.00	0.93	2.38	96.69
56	0.00	0.70	1.95	97.36
57	0.00	0.51	1.62	97.86
58	0.00	0.36	1.41	98.23
59	0.00	0.24	1.21	98.55
60	0.00	0.19	1.12	98.70
61	0.00	0.12	1.04	98.84
62	0.00	0.12	0.99	98.89
63	0.00	0.12	1.07	98.81
64	0.00	0.12	1.23	98.65
65	0.00	0.10	1.01	98.89
66	0.00	0.12	1.18	98.71
67	0.00	0.11	1.22	98.66
68	0.00	0.11	1.30	98.59
69	0.00	0.12	1.31	98.57
70	0.00	0.12	2.89	96.99
71	0.00	0.12	1.71	98.17
72	0.00	0.11	1.36	98.53
73	0.00	0.17	1.86	97.97
74	0.00	0.12	1.56	98.32
75	0.00	0.11	1.54	98.35
76	0.00	0.11	1.48	98.41
77	0.00	0.16	1.93	97.90
78	0.00	0.14	1.85	98.01
79	0.00	0.15	2.11	97.74
80	0.00	0.17	2.18	97.65
81	0.00	0.19	2.09	97.72
82	0.00	0.19	2.18	97.63
83	0.00	0.18	2.32	97.50
84	0.00	0.19	2.39	97.42
85	0.00	0.18	2.16	97.66
86	0.00	0.19	2.41	97.41
87	0.00	0.20	2.45	97.35
88	0.00	0.21	2.71	97.08
89	0.00	0.26	2.83	96.91
90	0.00	0.26	2.79	96.95
91	0.00	0.31	3.17	96.52
92	0.00	0.30	3.05	96.65
93	0.00	0.28	2.88	96.84
94	0.00	0.29	3.10	96.61
95	0.00	1.14	7.91	90.95




