Parameters
	Library type	Single-end
	Input file	/Volumes/wdhd/users/joaks1/projects/gekgo/data/genomes/msg/plate3/demultiplexed-trimmed/RMB_6431_Gekko_mindorensis_Panay_R1.trimmed.fq
	Primer/Adaptor library	NA
	Cut-off read length for HQ	70%
	Cut-off quality score	20
	Only statistics	On
	Number of processes	2


QC statistics
	File name	RMB_6431_Gekko_mindorensis_Panay_R1.trimmed.fq
	Total number of reads	252055
	Total number of HQ reads	252015
	Percentage of HQ reads	99.98%
	Total number of bases	23463916
	Total number of bases in HQ reads	23462803
	Total number of HQ bases in HQ reads	23392091
	Percentage of HQ bases in HQ reads	99.70%
	Number of Primer/Adaptor contaminated HQ reads	NA
	Total number of HQ filtered reads	252015
	Percentage of HQ filtered reads	99.98%


Detailed QC statistics
	File name	RMB_6431_Gekko_mindorensis_Panay_R1.trimmed.fq
	Minimum read length	8
	Maximum read length	95
	Average read length	93.09
	Total number of reads	252055
	Total number of reads with non-ATGC bases	0
	Percentage of reads with non-ATGC bases	0.00%
	Total number of bases	23463916
	Total number of HQ bases	23392781
	Percentage of HQ bases	99.70%
	Total number of non-ATGC bases	0
	Percentage of non-ATGC bases	0.00%


Average quality score at each base position of input reads

RMB_6431_Gekko_mindorensis_Panay_R1.trimmed.fq
35.59	34.84	36.80	36.57	36.87	36.89	36.90	39.44	39.44	39.37	39.33	39.22	39.31	39.31	39.32	39.05	39.14	39.03	39.20	39.03	39.13	38.94	38.89	38.89	38.96	38.83	38.87	39.01	38.73	38.57	38.77	38.92	38.75	38.77	38.83	38.55	38.72	38.77	38.79	38.35	38.40	38.37	38.39	38.22	38.13	37.57	36.87	36.67	36.16	35.84	35.72	36.03	36.48	36.75	36.97	37.05	37.19	37.34	37.39	37.41	37.35	37.25	37.12	36.99	36.82	36.67	36.53	36.39	36.10	34.55	35.18	35.55	35.60	35.47	35.35	35.15	35.02	34.96	34.89	34.80	34.68	34.60	34.53	34.50	34.42	34.35	34.20	34.13	34.03	33.96	33.93	33.87	33.81	33.66	32.20	




Read count (%) per base for different quality score ranges

	RMB_6431_Gekko_mindorensis_Panay_R1.trimmed.fq
Ranges	0-10	11-20	21-30	31-40
Base
1	0.00	0.65	1.46	97.89
2	0.00	0.14	0.58	99.28
3	0.00	0.12	0.36	99.52
4	0.00	0.24	0.65	99.11
5	0.00	0.12	0.40	99.48
6	0.00	0.11	0.35	99.54
7	0.00	0.10	0.37	99.52
8	0.00	0.13	0.40	99.47
9	0.00	0.12	0.39	99.48
10	0.00	0.16	0.48	99.36
11	0.00	0.14	0.40	99.46
12	0.00	0.17	0.52	99.30
13	0.00	0.18	0.53	99.29
14	0.00	0.21	0.51	99.28
15	0.00	0.18	0.48	99.34
16	0.00	0.20	0.56	99.24
17	0.00	0.17	0.45	99.38
18	0.00	0.19	0.61	99.20
19	0.00	0.18	0.54	99.28
20	0.00	0.25	0.59	99.16
21	0.00	0.22	0.54	99.24
22	0.00	0.24	0.57	99.20
23	0.00	0.24	0.61	99.15
24	0.00	0.21	0.57	99.21
25	0.00	0.22	0.55	99.23
26	0.00	0.24	0.73	99.03
27	0.00	0.21	0.62	99.17
28	0.00	0.16	0.56	99.28
29	0.00	0.18	0.59	99.24
30	0.00	0.19	0.68	99.13
31	0.00	0.15	0.58	99.27
32	0.00	0.14	0.58	99.28
33	0.00	0.17	0.62	99.21
34	0.00	0.15	0.57	99.28
35	0.00	0.14	0.59	99.26
36	0.00	0.17	0.81	99.03
37	0.00	0.13	0.58	99.29
38	0.00	0.14	0.60	99.27
39	0.00	0.12	0.63	99.24
40	0.00	0.17	0.96	98.87
41	0.00	0.13	0.74	99.14
42	0.00	0.14	0.76	99.10
43	0.00	0.14	0.63	99.23
44	0.00	0.13	0.71	99.16
45	0.00	0.12	0.84	99.03
46	0.00	0.21	1.27	98.53
47	0.00	0.32	2.51	97.17
48	0.00	0.39	2.64	96.97
49	0.00	0.71	4.24	95.06
50	0.00	1.26	5.73	93.01
51	0.00	2.26	5.48	92.26
52	0.00	2.33	4.45	93.22
53	0.00	1.81	3.50	94.69
54	0.00	1.51	2.83	95.67
55	0.00	1.14	2.31	96.55
56	0.00	0.90	2.21	96.90
57	0.00	0.62	1.74	97.64
58	0.00	0.40	1.37	98.23
59	0.00	0.27	1.20	98.53
60	0.00	0.17	1.03	98.79
61	0.00	0.13	0.96	98.91
62	0.00	0.12	0.97	98.91
63	0.00	0.10	0.94	98.96
64	0.00	0.11	1.04	98.85
65	0.00	0.12	1.18	98.70
66	0.00	0.12	1.19	98.68
67	0.00	0.13	1.21	98.66
68	0.00	0.11	1.10	98.79
69	0.00	0.11	1.30	98.58
70	0.00	0.11	3.13	96.76
71	0.00	0.10	1.52	98.38
72	0.00	0.10	1.25	98.64
73	0.00	0.10	1.20	98.70
74	0.00	0.09	1.29	98.62
75	0.00	0.10	1.23	98.67
76	0.00	0.13	1.46	98.41
77	0.00	0.15	1.57	98.28
78	0.00	0.13	1.56	98.32
79	0.00	0.12	1.65	98.23
80	0.00	0.13	1.66	98.21
81	0.00	0.15	1.93	97.92
82	0.00	0.19	2.02	97.79
83	0.00	0.18	2.09	97.73
84	0.00	0.16	2.02	97.82
85	0.00	0.19	2.17	97.65
86	0.00	0.20	2.18	97.62
87	0.00	0.21	2.46	97.33
88	0.00	0.21	2.52	97.27
89	0.00	0.24	2.70	97.07
90	0.00	0.27	2.73	97.00
91	0.00	0.29	2.81	96.90
92	0.00	0.26	2.80	96.94
93	0.00	0.27	2.88	96.85
94	0.00	0.33	3.15	96.52
95	0.00	1.08	8.09	90.82




