Parameters
	Library type	Single-end
	Input file	/Volumes/wdhd/users/joaks1/projects/gekgo/data/genomes/msg/plate3/demultiplexed-trimmed/RMB_6370_Gekko_sp.a_Dalupiri_R1.trimmed.fq
	Primer/Adaptor library	NA
	Cut-off read length for HQ	70%
	Cut-off quality score	20
	Only statistics	On
	Number of processes	2


QC statistics
	File name	RMB_6370_Gekko_sp.a_Dalupiri_R1.trimmed.fq
	Total number of reads	375511
	Total number of HQ reads	375443
	Percentage of HQ reads	99.98%
	Total number of bases	34839538
	Total number of bases in HQ reads	34837579
	Total number of HQ bases in HQ reads	34729983
	Percentage of HQ bases in HQ reads	99.69%
	Number of Primer/Adaptor contaminated HQ reads	NA
	Total number of HQ filtered reads	375443
	Percentage of HQ filtered reads	99.98%


Detailed QC statistics
	File name	RMB_6370_Gekko_sp.a_Dalupiri_R1.trimmed.fq
	Minimum read length	10
	Maximum read length	95
	Average read length	92.78
	Total number of reads	375511
	Total number of reads with non-ATGC bases	0
	Percentage of reads with non-ATGC bases	0.00%
	Total number of bases	34839538
	Total number of HQ bases	34731184
	Percentage of HQ bases	99.69%
	Total number of non-ATGC bases	0
	Percentage of non-ATGC bases	0.00%


Average quality score at each base position of input reads

RMB_6370_Gekko_sp.a_Dalupiri_R1.trimmed.fq
36.70	36.46	36.85	36.61	36.86	36.87	36.87	39.53	39.49	39.33	39.27	39.21	39.26	39.23	39.21	38.99	39.11	39.02	39.15	39.00	39.06	38.83	38.82	38.84	38.95	38.74	38.75	38.89	38.58	38.40	38.64	38.79	38.61	38.66	38.67	38.32	38.55	38.64	38.63	38.18	38.27	38.18	38.24	38.05	37.96	37.48	36.67	36.52	36.04	35.68	35.55	35.89	36.19	36.53	36.80	36.86	36.99	37.07	37.10	37.08	36.97	36.86	36.75	36.58	36.41	36.26	36.09	35.92	35.74	34.33	34.83	35.11	35.13	35.03	34.95	34.80	34.69	34.62	34.52	34.42	34.30	34.23	34.17	34.12	34.06	34.00	33.87	33.78	33.72	33.64	33.57	33.47	33.39	33.26	32.03	




Read count (%) per base for different quality score ranges

	RMB_6370_Gekko_sp.a_Dalupiri_R1.trimmed.fq
Ranges	0-10	11-20	21-30	31-40
Base
1	0.00	0.48	0.77	98.75
2	0.00	0.15	0.44	99.40
3	0.00	0.12	0.38	99.51
4	0.00	0.23	0.70	99.07
5	0.00	0.14	0.48	99.38
6	0.00	0.12	0.46	99.41
7	0.00	0.13	0.45	99.42
8	0.00	0.14	0.45	99.42
9	0.00	0.15	0.46	99.39
10	0.00	0.18	0.54	99.29
11	0.00	0.16	0.51	99.34
12	0.00	0.19	0.60	99.21
13	0.00	0.20	0.63	99.17
14	0.00	0.22	0.57	99.21
15	0.00	0.21	0.56	99.23
16	0.00	0.22	0.62	99.16
17	0.00	0.18	0.53	99.29
18	0.00	0.20	0.69	99.10
19	0.00	0.21	0.56	99.23
20	0.00	0.26	0.66	99.09
21	0.00	0.25	0.61	99.13
22	0.00	0.28	0.64	99.08
23	0.00	0.25	0.67	99.09
24	0.00	0.22	0.65	99.14
25	0.00	0.22	0.61	99.18
26	0.00	0.24	0.79	98.97
27	0.00	0.20	0.73	99.07
28	0.00	0.16	0.62	99.22
29	0.00	0.17	0.66	99.16
30	0.00	0.18	0.76	99.05
31	0.00	0.15	0.64	99.21
32	0.00	0.15	0.63	99.22
33	0.00	0.18	0.73	99.09
34	0.00	0.17	0.66	99.17
35	0.00	0.17	0.68	99.15
36	0.00	0.20	0.98	98.82
37	0.00	0.14	0.68	99.18
38	0.00	0.13	0.67	99.19
39	0.00	0.14	0.72	99.15
40	0.00	0.19	1.15	98.66
41	0.00	0.15	0.87	98.98
42	0.00	0.16	0.89	98.95
43	0.00	0.15	0.78	99.07
44	0.00	0.17	0.92	98.91
45	0.00	0.15	1.03	98.82
46	0.00	0.21	1.48	98.31
47	0.00	0.36	2.87	96.77
48	0.00	0.46	3.29	96.26
49	0.00	0.74	4.65	94.61
50	0.00	1.27	6.32	92.41
51	0.00	2.31	5.92	91.77
52	0.00	2.18	4.54	93.28
53	0.00	1.78	3.80	94.42
54	0.00	1.28	3.01	95.71
55	0.00	0.98	2.37	96.65
56	0.00	0.77	2.25	96.98
57	0.00	0.54	1.80	97.67
58	0.00	0.40	1.49	98.11
59	0.00	0.25	1.32	98.42
60	0.00	0.18	1.12	98.71
61	0.00	0.14	1.08	98.78
62	0.00	0.15	1.12	98.73
63	0.00	0.12	1.06	98.82
64	0.00	0.12	1.10	98.78
65	0.00	0.13	1.25	98.61
66	0.00	0.11	1.23	98.65
67	0.00	0.14	1.22	98.64
68	0.00	0.14	1.28	98.58
69	0.00	0.13	1.35	98.52
70	0.00	0.12	3.06	96.82
71	0.00	0.12	1.69	98.19
72	0.00	0.12	1.46	98.42
73	0.00	0.13	1.42	98.45
74	0.00	0.12	1.51	98.38
75	0.00	0.11	1.40	98.49
76	0.00	0.15	1.57	98.27
77	0.00	0.19	1.73	98.09
78	0.00	0.14	1.66	98.20
79	0.00	0.14	1.86	98.00
80	0.00	0.15	1.95	97.90
81	0.00	0.20	2.31	97.48
82	0.00	0.20	2.27	97.53
83	0.00	0.19	2.30	97.51
84	0.00	0.21	2.32	97.48
85	0.00	0.22	2.38	97.40
86	0.00	0.24	2.34	97.41
87	0.00	0.24	2.66	97.10
88	0.00	0.25	2.82	96.92
89	0.00	0.28	2.80	96.92
90	0.00	0.31	3.00	96.69
91	0.00	0.33	3.11	96.56
92	0.00	0.34	3.11	96.54
93	0.00	0.34	3.28	96.38
94	0.00	0.40	3.62	95.98
95	0.00	1.01	7.74	91.25




