Parameters
	Library type	Single-end
	Input file	/Volumes/wdhd/users/joaks1/projects/gekgo/data/genomes/msg/plate3/demultiplexed-trimmed/RMB_9584_Gekko_porosus_Batan_R1.trimmed.fq
	Primer/Adaptor library	NA
	Cut-off read length for HQ	70%
	Cut-off quality score	20
	Only statistics	On
	Number of processes	2


QC statistics
	File name	RMB_9584_Gekko_porosus_Batan_R1.trimmed.fq
	Total number of reads	393664
	Total number of HQ reads	393606
	Percentage of HQ reads	99.99%
	Total number of bases	36582639
	Total number of bases in HQ reads	36580951
	Total number of HQ bases in HQ reads	36468255
	Percentage of HQ bases in HQ reads	99.69%
	Number of Primer/Adaptor contaminated HQ reads	NA
	Total number of HQ filtered reads	393606
	Percentage of HQ filtered reads	99.99%


Detailed QC statistics
	File name	RMB_9584_Gekko_porosus_Batan_R1.trimmed.fq
	Minimum read length	11
	Maximum read length	95
	Average read length	92.93
	Total number of reads	393664
	Total number of reads with non-ATGC bases	0
	Percentage of reads with non-ATGC bases	0.00%
	Total number of bases	36582639
	Total number of HQ bases	36469320
	Percentage of HQ bases	99.69%
	Total number of non-ATGC bases	0
	Percentage of non-ATGC bases	0.00%


Average quality score at each base position of input reads

RMB_9584_Gekko_porosus_Batan_R1.trimmed.fq
36.78	36.65	36.87	36.66	36.87	36.89	36.89	39.55	39.51	39.35	39.31	39.25	39.32	39.29	39.29	39.13	39.21	39.08	39.19	39.03	39.11	38.90	38.89	38.90	39.00	38.82	38.84	38.98	38.66	38.49	38.72	38.86	38.70	38.75	38.76	38.40	38.63	38.74	38.73	38.30	38.39	38.31	38.39	38.20	38.12	37.63	36.86	36.70	36.22	35.87	35.71	36.03	36.36	36.71	36.98	37.03	37.22	37.32	37.37	37.35	37.26	37.18	37.10	36.95	36.79	36.66	36.51	36.36	36.16	34.69	35.20	35.52	35.55	35.43	35.32	35.13	34.98	34.90	34.77	34.67	34.54	34.45	34.39	34.33	34.27	34.20	34.07	33.96	33.91	33.80	33.72	33.64	33.53	33.39	32.12	




Read count (%) per base for different quality score ranges

	RMB_9584_Gekko_porosus_Batan_R1.trimmed.fq
Ranges	0-10	11-20	21-30	31-40
Base
1	0.00	0.40	0.63	98.96
2	0.00	0.14	0.38	99.48
3	0.00	0.11	0.34	99.55
4	0.00	0.23	0.65	99.12
5	0.00	0.12	0.42	99.47
6	0.00	0.10	0.38	99.52
7	0.00	0.12	0.36	99.52
8	0.00	0.12	0.36	99.52
9	0.00	0.13	0.40	99.48
10	0.00	0.16	0.48	99.36
11	0.00	0.15	0.44	99.41
12	0.00	0.17	0.51	99.32
13	0.00	0.19	0.54	99.27
14	0.00	0.23	0.50	99.27
15	0.00	0.20	0.52	99.28
16	0.00	0.20	0.58	99.22
17	0.00	0.17	0.50	99.34
18	0.00	0.20	0.65	99.15
19	0.00	0.20	0.55	99.25
20	0.00	0.26	0.61	99.12
21	0.00	0.25	0.57	99.19
22	0.00	0.25	0.60	99.15
23	0.00	0.23	0.60	99.17
24	0.00	0.23	0.59	99.18
25	0.00	0.24	0.57	99.19
26	0.00	0.26	0.75	98.99
27	0.00	0.22	0.67	99.11
28	0.00	0.18	0.56	99.26
29	0.00	0.19	0.65	99.16
30	0.00	0.21	0.73	99.06
31	0.00	0.17	0.62	99.22
32	0.00	0.15	0.60	99.24
33	0.00	0.17	0.68	99.15
34	0.00	0.17	0.62	99.21
35	0.00	0.16	0.65	99.20
36	0.00	0.18	0.91	98.90
37	0.00	0.13	0.64	99.23
38	0.00	0.13	0.60	99.27
39	0.00	0.12	0.64	99.24
40	0.00	0.18	1.00	98.82
41	0.00	0.13	0.77	99.10
42	0.00	0.17	0.79	99.04
43	0.00	0.14	0.69	99.17
44	0.00	0.15	0.79	99.06
45	0.00	0.14	0.83	99.03
46	0.00	0.21	1.24	98.55
47	0.00	0.31	2.35	97.34
48	0.00	0.44	2.76	96.80
49	0.00	0.72	3.99	95.29
50	0.00	1.23	5.61	93.15
51	0.00	2.41	5.27	92.32
52	0.00	2.39	4.06	93.55
53	0.00	1.89	3.38	94.72
54	0.00	1.42	2.63	95.94
55	0.00	1.08	2.15	96.77
56	0.00	0.86	2.13	97.01
57	0.00	0.59	1.63	97.79
58	0.00	0.41	1.39	98.20
59	0.00	0.27	1.21	98.52
60	0.00	0.19	1.09	98.71
61	0.00	0.15	1.03	98.82
62	0.00	0.14	1.04	98.82
63	0.00	0.13	0.95	98.92
64	0.00	0.12	1.02	98.85
65	0.00	0.13	1.21	98.66
66	0.00	0.12	1.18	98.70
67	0.00	0.12	1.13	98.75
68	0.00	0.12	1.16	98.71
69	0.00	0.13	1.23	98.65
70	0.00	0.11	2.79	97.10
71	0.00	0.10	1.56	98.34
72	0.00	0.11	1.29	98.60
73	0.00	0.11	1.25	98.64
74	0.00	0.11	1.38	98.51
75	0.00	0.10	1.33	98.57
76	0.00	0.14	1.51	98.35
77	0.00	0.16	1.66	98.17
78	0.00	0.13	1.57	98.31
79	0.00	0.14	1.69	98.17
80	0.00	0.16	1.78	98.06
81	0.00	0.18	2.09	97.73
82	0.00	0.19	2.07	97.73
83	0.00	0.16	2.04	97.80
84	0.00	0.19	2.12	97.70
85	0.00	0.17	2.16	97.66
86	0.00	0.18	2.18	97.65
87	0.00	0.20	2.42	97.38
88	0.00	0.23	2.63	97.14
89	0.00	0.23	2.61	97.16
90	0.00	0.29	2.99	96.71
91	0.00	0.30	3.08	96.62
92	0.00	0.29	2.93	96.78
93	0.00	0.36	3.17	96.48
94	0.00	0.35	3.56	96.09
95	0.00	1.08	7.74	91.18




