Parameters
	Library type	Single-end
	Input file	/Volumes/wdhd/users/joaks1/projects/gekgo/data/genomes/msg/plate3/demultiplexed-trimmed/RMB_9528_Lepidodactylus_balioburius_Batan_R1.trimmed.fq
	Primer/Adaptor library	NA
	Cut-off read length for HQ	70%
	Cut-off quality score	20
	Only statistics	On
	Number of processes	2


QC statistics
	File name	RMB_9528_Lepidodactylus_balioburius_Batan_R1.trimmed.fq
	Total number of reads	752523
	Total number of HQ reads	752435
	Percentage of HQ reads	99.99%
	Total number of bases	69873343
	Total number of bases in HQ reads	69870901
	Total number of HQ bases in HQ reads	69655852
	Percentage of HQ bases in HQ reads	99.69%
	Number of Primer/Adaptor contaminated HQ reads	NA
	Total number of HQ filtered reads	752435
	Percentage of HQ filtered reads	99.99%


Detailed QC statistics
	File name	RMB_9528_Lepidodactylus_balioburius_Batan_R1.trimmed.fq
	Minimum read length	9
	Maximum read length	95
	Average read length	92.85
	Total number of reads	752523
	Total number of reads with non-ATGC bases	0
	Percentage of reads with non-ATGC bases	0.00%
	Total number of bases	69873343
	Total number of HQ bases	69657385
	Percentage of HQ bases	99.69%
	Total number of non-ATGC bases	0
	Percentage of non-ATGC bases	0.00%


Average quality score at each base position of input reads

RMB_9528_Lepidodactylus_balioburius_Batan_R1.trimmed.fq
35.95	35.62	36.81	36.54	36.85	36.88	36.89	39.56	39.51	39.35	39.31	39.27	39.23	39.15	39.20	39.01	39.09	39.03	39.17	39.01	39.10	38.90	38.82	38.87	38.98	38.76	38.75	38.93	38.57	38.43	38.75	38.80	38.70	38.70	38.80	38.50	38.68	38.73	38.71	38.27	38.35	38.34	38.31	38.19	38.01	37.53	36.73	36.38	35.91	35.64	35.54	35.81	36.28	36.51	36.72	36.87	36.95	37.04	37.06	36.99	36.87	36.77	36.57	36.36	36.22	36.01	35.80	35.64	35.46	34.11	34.59	34.89	34.82	34.76	34.74	34.70	34.53	34.48	34.42	34.29	34.22	34.21	34.11	34.02	34.04	33.96	33.92	33.82	33.71	33.69	33.51	33.48	33.50	33.36	32.02	




Read count (%) per base for different quality score ranges

	RMB_9528_Lepidodactylus_balioburius_Batan_R1.trimmed.fq
Ranges	0-10	11-20	21-30	31-40
Base
1	0.00	0.81	1.37	97.82
2	0.00	0.17	0.67	99.16
3	0.00	0.13	0.45	99.42
4	0.00	0.29	0.85	98.86
5	0.00	0.14	0.49	99.37
6	0.00	0.12	0.43	99.45
7	0.00	0.11	0.40	99.49
8	0.00	0.11	0.40	99.49
9	0.00	0.13	0.45	99.42
10	0.00	0.17	0.53	99.29
11	0.00	0.15	0.52	99.33
12	0.00	0.18	0.56	99.26
13	0.00	0.18	0.64	99.18
14	0.00	0.23	0.58	99.19
15	0.00	0.20	0.57	99.23
16	0.00	0.23	0.65	99.12
17	0.00	0.18	0.62	99.19
18	0.00	0.20	0.65	99.16
19	0.00	0.19	0.56	99.26
20	0.00	0.23	0.67	99.10
21	0.00	0.20	0.58	99.22
22	0.00	0.23	0.63	99.14
23	0.00	0.23	0.67	99.10
24	0.00	0.21	0.65	99.14
25	0.00	0.21	0.67	99.12
26	0.00	0.23	0.82	98.95
27	0.00	0.20	0.71	99.09
28	0.00	0.15	0.61	99.25
29	0.00	0.15	0.70	99.16
30	0.00	0.17	0.74	99.09
31	0.00	0.14	0.61	99.25
32	0.00	0.15	0.67	99.18
33	0.00	0.18	0.72	99.10
34	0.00	0.17	0.69	99.13
35	0.00	0.16	0.68	99.16
36	0.00	0.19	0.97	98.84
37	0.00	0.14	0.67	99.19
38	0.00	0.13	0.65	99.22
39	0.00	0.14	0.71	99.15
40	0.00	0.19	1.08	98.73
41	0.00	0.15	0.91	98.94
42	0.00	0.17	0.91	98.92
43	0.00	0.16	0.84	98.99
44	0.00	0.16	0.97	98.87
45	0.00	0.15	1.00	98.84
46	0.00	0.21	1.46	98.33
47	0.00	0.32	3.00	96.68
48	0.00	0.48	4.42	95.10
49	0.00	0.76	5.39	93.84
50	0.00	1.24	6.99	91.77
51	0.00	2.30	6.46	91.24
52	0.00	2.29	5.19	92.52
53	0.00	1.66	4.03	94.31
54	0.00	1.31	3.18	95.51
55	0.00	0.97	2.54	96.48
56	0.00	0.75	2.08	97.17
57	0.00	0.56	1.76	97.68
58	0.00	0.39	1.50	98.11
59	0.00	0.25	1.25	98.50
60	0.00	0.19	1.21	98.60
61	0.00	0.13	1.11	98.76
62	0.00	0.11	1.05	98.84
63	0.00	0.10	1.11	98.79
64	0.00	0.12	1.24	98.64
65	0.00	0.11	1.06	98.82
66	0.00	0.13	1.23	98.65
67	0.00	0.12	1.31	98.57
68	0.00	0.12	1.33	98.55
69	0.00	0.13	1.48	98.38
70	0.00	0.12	3.12	96.76
71	0.00	0.12	1.89	97.99
72	0.00	0.11	1.44	98.45
73	0.00	0.16	1.87	97.97
74	0.00	0.14	1.78	98.08
75	0.00	0.12	1.61	98.27
76	0.00	0.11	1.56	98.33
77	0.00	0.16	1.99	97.86
78	0.00	0.16	1.87	97.97
79	0.00	0.15	2.10	97.75
80	0.00	0.17	2.21	97.62
81	0.00	0.21	2.22	97.57
82	0.00	0.20	2.28	97.52
83	0.00	0.18	2.39	97.43
84	0.00	0.22	2.51	97.27
85	0.00	0.20	2.31	97.49
86	0.00	0.21	2.43	97.36
87	0.00	0.21	2.45	97.34
88	0.00	0.22	2.71	97.07
89	0.00	0.27	2.85	96.88
90	0.00	0.27	2.90	96.83
91	0.00	0.32	3.16	96.52
92	0.00	0.30	3.14	96.56
93	0.00	0.30	2.98	96.73
94	0.00	0.33	3.24	96.43
95	0.00	1.17	7.99	90.83




