Parameters
	Library type	Single-end
	Input file	/Volumes/wdhd/users/joaks1/projects/gekgo/data/genomes/msg/plate3/demultiplexed-trimmed/RMB_5967_Luperosaurus_macgregori_BabuyanClaro_R1.trimmed.fq
	Primer/Adaptor library	NA
	Cut-off read length for HQ	70%
	Cut-off quality score	20
	Only statistics	On
	Number of processes	2


QC statistics
	File name	RMB_5967_Luperosaurus_macgregori_BabuyanClaro_R1.trimmed.fq
	Total number of reads	95124
	Total number of HQ reads	95115
	Percentage of HQ reads	99.99%
	Total number of bases	8847360
	Total number of bases in HQ reads	8847090
	Total number of HQ bases in HQ reads	8819244
	Percentage of HQ bases in HQ reads	99.69%
	Number of Primer/Adaptor contaminated HQ reads	NA
	Total number of HQ filtered reads	95115
	Percentage of HQ filtered reads	99.99%


Detailed QC statistics
	File name	RMB_5967_Luperosaurus_macgregori_BabuyanClaro_R1.trimmed.fq
	Minimum read length	12
	Maximum read length	95
	Average read length	93.01
	Total number of reads	95124
	Total number of reads with non-ATGC bases	0
	Percentage of reads with non-ATGC bases	0.00%
	Total number of bases	8847360
	Total number of HQ bases	8819412
	Percentage of HQ bases	99.68%
	Total number of non-ATGC bases	0
	Percentage of non-ATGC bases	0.00%


Average quality score at each base position of input reads

RMB_5967_Luperosaurus_macgregori_BabuyanClaro_R1.trimmed.fq
36.70	36.55	36.87	36.58	36.88	36.89	36.91	39.54	39.50	39.36	39.28	39.31	39.28	39.21	39.24	39.02	39.05	38.98	39.16	39.00	39.09	38.88	38.84	38.88	38.99	38.77	38.79	38.96	38.66	38.47	38.69	38.85	38.71	38.75	38.79	38.48	38.67	38.73	38.75	38.32	38.35	38.36	38.37	38.20	38.07	37.60	36.83	36.62	36.08	35.71	35.48	35.71	36.20	36.50	36.77	36.89	36.99	37.07	37.07	37.06	37.01	36.88	36.74	36.60	36.45	36.29	36.08	35.93	35.75	34.30	34.79	35.09	35.11	34.90	34.89	34.79	34.71	34.62	34.54	34.37	34.32	34.19	34.16	34.09	34.02	33.93	33.81	33.73	33.67	33.63	33.46	33.41	33.35	33.20	31.92	




Read count (%) per base for different quality score ranges

	RMB_5967_Luperosaurus_macgregori_BabuyanClaro_R1.trimmed.fq
Ranges	0-10	11-20	21-30	31-40
Base
1	0.00	0.44	0.73	98.83
2	0.00	0.09	0.37	99.54
3	0.00	0.09	0.31	99.60
4	0.00	0.22	0.71	99.07
5	0.00	0.09	0.38	99.52
6	0.00	0.10	0.35	99.55
7	0.00	0.10	0.31	99.59
8	0.00	0.09	0.35	99.56
9	0.00	0.11	0.36	99.53
10	0.00	0.13	0.45	99.43
11	0.00	0.16	0.43	99.41
12	0.00	0.17	0.46	99.37
13	0.00	0.14	0.58	99.28
14	0.00	0.18	0.48	99.33
15	0.00	0.18	0.42	99.40
16	0.00	0.18	0.55	99.27
17	0.00	0.15	0.48	99.37
18	0.00	0.16	0.63	99.21
19	0.00	0.18	0.48	99.35
20	0.00	0.21	0.55	99.24
21	0.00	0.19	0.50	99.31
22	0.00	0.21	0.59	99.20
23	0.00	0.22	0.55	99.23
24	0.00	0.17	0.57	99.26
25	0.00	0.18	0.58	99.24
26	0.00	0.23	0.70	99.06
27	0.00	0.19	0.63	99.18
28	0.00	0.16	0.52	99.32
29	0.00	0.17	0.65	99.18
30	0.00	0.17	0.72	99.11
31	0.00	0.13	0.60	99.27
32	0.00	0.13	0.59	99.28
33	0.00	0.17	0.65	99.19
34	0.00	0.15	0.59	99.26
35	0.00	0.16	0.61	99.24
36	0.00	0.19	0.83	98.98
37	0.00	0.13	0.66	99.21
38	0.00	0.11	0.55	99.34
39	0.00	0.11	0.66	99.23
40	0.00	0.16	1.05	98.79
41	0.00	0.13	0.91	98.96
42	0.00	0.18	0.84	98.98
43	0.00	0.13	0.83	99.04
44	0.00	0.16	0.93	98.91
45	0.00	0.19	0.95	98.86
46	0.00	0.20	1.42	98.38
47	0.00	0.39	2.83	96.78
48	0.00	0.48	3.39	96.12
49	0.00	0.81	4.84	94.35
50	0.00	1.35	6.58	92.07
51	0.00	2.56	6.31	91.13
52	0.00	2.48	5.32	92.19
53	0.00	1.84	4.07	94.08
54	0.00	1.40	3.23	95.37
55	0.00	1.00	2.59	96.41
56	0.00	0.80	2.16	97.04
57	0.00	0.57	1.82	97.61
58	0.00	0.41	1.54	98.05
59	0.00	0.26	1.41	98.34
60	0.00	0.19	1.21	98.60
61	0.00	0.14	1.14	98.73
62	0.00	0.11	1.20	98.69
63	0.00	0.15	1.22	98.63
64	0.00	0.15	1.26	98.59
65	0.00	0.10	1.18	98.72
66	0.00	0.13	1.32	98.56
67	0.00	0.10	1.44	98.46
68	0.00	0.13	1.52	98.35
69	0.00	0.15	1.52	98.34
70	0.00	0.11	3.25	96.64
71	0.00	0.12	1.90	97.97
72	0.00	0.10	1.64	98.26
73	0.00	0.09	1.58	98.33
74	0.00	0.27	2.14	97.59
75	0.00	0.14	1.79	98.07
76	0.00	0.13	1.83	98.03
77	0.00	0.13	1.87	98.00
78	0.00	0.15	2.00	97.85
79	0.00	0.14	2.13	97.74
80	0.00	0.23	2.39	97.38
81	0.00	0.23	2.59	97.19
82	0.00	0.25	2.85	96.90
83	0.00	0.21	2.69	97.10
84	0.00	0.27	2.67	97.07
85	0.00	0.24	2.84	96.92
86	0.00	0.32	2.95	96.73
87	0.00	0.28	3.23	96.48
88	0.00	0.24	3.25	96.51
89	0.00	0.25	3.30	96.45
90	0.00	0.27	3.29	96.43
91	0.00	0.38	3.78	95.84
92	0.00	0.37	3.62	96.01
93	0.00	0.38	3.70	95.92
94	0.00	0.43	4.15	95.42
95	0.00	1.21	8.79	90.00




