Parameters
	Library type	Single-end
	Input file	/Volumes/wdhd/users/joaks1/projects/gekgo/data/genomes/msg/plate3/demultiplexed-trimmed/RMB_6479_Gekko_mindorensis_Panay_R1.trimmed.fq
	Primer/Adaptor library	NA
	Cut-off read length for HQ	70%
	Cut-off quality score	20
	Only statistics	On
	Number of processes	2


QC statistics
	File name	RMB_6479_Gekko_mindorensis_Panay_R1.trimmed.fq
	Total number of reads	56692
	Total number of HQ reads	56683
	Percentage of HQ reads	99.98%
	Total number of bases	5274822
	Total number of bases in HQ reads	5274504
	Total number of HQ bases in HQ reads	5258667
	Percentage of HQ bases in HQ reads	99.70%
	Number of Primer/Adaptor contaminated HQ reads	NA
	Total number of HQ filtered reads	56683
	Percentage of HQ filtered reads	99.98%


Detailed QC statistics
	File name	RMB_6479_Gekko_mindorensis_Panay_R1.trimmed.fq
	Minimum read length	11
	Maximum read length	95
	Average read length	93.04
	Total number of reads	56692
	Total number of reads with non-ATGC bases	0
	Percentage of reads with non-ATGC bases	0.00%
	Total number of bases	5274822
	Total number of HQ bases	5258865
	Percentage of HQ bases	99.70%
	Total number of non-ATGC bases	0
	Percentage of non-ATGC bases	0.00%


Average quality score at each base position of input reads

RMB_6479_Gekko_mindorensis_Panay_R1.trimmed.fq
35.71	35.19	36.81	36.54	36.87	36.90	36.90	39.47	39.46	39.39	39.34	39.23	39.33	39.33	39.35	39.10	39.18	39.07	39.23	39.06	39.17	38.96	38.93	38.94	39.00	38.86	38.88	39.02	38.73	38.58	38.78	38.92	38.76	38.78	38.85	38.55	38.73	38.79	38.80	38.37	38.41	38.38	38.40	38.22	38.11	37.59	36.90	36.69	36.21	35.89	35.74	36.04	36.48	36.75	36.98	37.09	37.20	37.36	37.41	37.41	37.35	37.28	37.17	37.02	36.87	36.73	36.58	36.43	36.17	34.65	35.23	35.60	35.64	35.52	35.41	35.23	35.06	35.00	34.93	34.84	34.69	34.61	34.56	34.52	34.46	34.38	34.25	34.18	34.08	34.00	33.96	33.87	33.82	33.69	32.24	




Read count (%) per base for different quality score ranges

	RMB_6479_Gekko_mindorensis_Panay_R1.trimmed.fq
Ranges	0-10	11-20	21-30	31-40
Base
1	0.00	0.68	1.26	98.06
2	0.00	0.16	0.56	99.29
3	0.00	0.11	0.36	99.53
4	0.00	0.26	0.66	99.08
5	0.00	0.13	0.41	99.46
6	0.00	0.11	0.33	99.56
7	0.00	0.10	0.36	99.54
8	0.00	0.13	0.40	99.47
9	0.00	0.15	0.37	99.48
10	0.00	0.18	0.46	99.36
11	0.00	0.16	0.44	99.40
12	0.00	0.19	0.51	99.30
13	0.00	0.19	0.57	99.24
14	0.00	0.23	0.49	99.28
15	0.00	0.21	0.47	99.32
16	0.00	0.20	0.59	99.20
17	0.00	0.19	0.43	99.38
18	0.00	0.20	0.66	99.14
19	0.00	0.19	0.52	99.29
20	0.00	0.26	0.61	99.13
21	0.00	0.19	0.53	99.28
22	0.00	0.23	0.56	99.21
23	0.00	0.22	0.65	99.14
24	0.00	0.21	0.58	99.21
25	0.00	0.24	0.53	99.23
26	0.00	0.27	0.73	99.00
27	0.00	0.23	0.66	99.12
28	0.00	0.18	0.55	99.27
29	0.00	0.19	0.58	99.23
30	0.00	0.18	0.71	99.12
31	0.00	0.18	0.52	99.30
32	0.00	0.15	0.60	99.25
33	0.00	0.15	0.72	99.14
34	0.00	0.15	0.56	99.28
35	0.00	0.15	0.57	99.27
36	0.00	0.18	0.84	98.98
37	0.00	0.12	0.62	99.26
38	0.00	0.13	0.57	99.30
39	0.00	0.12	0.62	99.26
40	0.00	0.15	0.91	98.95
41	0.00	0.12	0.76	99.12
42	0.00	0.13	0.80	99.07
43	0.00	0.13	0.66	99.21
44	0.00	0.13	0.75	99.12
45	0.00	0.12	0.93	98.95
46	0.00	0.20	1.20	98.60
47	0.00	0.29	2.24	97.47
48	0.00	0.35	2.63	97.02
49	0.00	0.72	3.73	95.55
50	0.00	1.23	5.46	93.31
51	0.00	2.28	5.22	92.50
52	0.00	2.36	4.33	93.31
53	0.00	1.80	3.43	94.77
54	0.00	1.48	2.85	95.67
55	0.00	1.13	2.30	96.58
56	0.00	0.88	1.94	97.17
57	0.00	0.60	1.78	97.62
58	0.00	0.36	1.36	98.28
59	0.00	0.23	1.24	98.52
60	0.00	0.16	1.02	98.82
61	0.00	0.13	0.96	98.91
62	0.00	0.12	0.97	98.92
63	0.00	0.11	0.87	99.03
64	0.00	0.11	0.98	98.91
65	0.00	0.09	1.18	98.73
66	0.00	0.10	1.08	98.82
67	0.00	0.14	1.12	98.74
68	0.00	0.13	1.10	98.77
69	0.00	0.14	1.23	98.63
70	0.00	0.09	2.91	97.00
71	0.00	0.11	1.38	98.51
72	0.00	0.13	1.19	98.68
73	0.00	0.10	1.11	98.78
74	0.00	0.09	1.23	98.69
75	0.00	0.11	1.23	98.67
76	0.00	0.11	1.29	98.60
77	0.00	0.19	1.55	98.27
78	0.00	0.11	1.50	98.39
79	0.00	0.14	1.61	98.25
80	0.00	0.15	1.66	98.19
81	0.00	0.16	1.92	97.91
82	0.00	0.21	2.03	97.76
83	0.00	0.19	2.04	97.78
84	0.00	0.16	1.97	97.87
85	0.00	0.20	2.01	97.79
86	0.00	0.18	2.13	97.69
87	0.00	0.19	2.31	97.50
88	0.00	0.17	2.42	97.41
89	0.00	0.24	2.44	97.32
90	0.00	0.24	2.60	97.16
91	0.00	0.24	2.77	96.99
92	0.00	0.26	2.67	97.07
93	0.00	0.28	2.84	96.88
94	0.00	0.31	3.01	96.68
95	0.00	1.01	7.72	91.27




