Parameters
	Library type	Single-end
	Input file	/Volumes/wdhd/users/joaks1/projects/gekgo/data/genomes/msg/plate3/demultiplexed-trimmed/RMB_9552_Gekko_porosus_Sabtang_R1.trimmed.fq
	Primer/Adaptor library	NA
	Cut-off read length for HQ	70%
	Cut-off quality score	20
	Only statistics	On
	Number of processes	2


QC statistics
	File name	RMB_9552_Gekko_porosus_Sabtang_R1.trimmed.fq
	Total number of reads	1630144
	Total number of HQ reads	1629833
	Percentage of HQ reads	99.98%
	Total number of bases	151616147
	Total number of bases in HQ reads	151606606
	Total number of HQ bases in HQ reads	151148775
	Percentage of HQ bases in HQ reads	99.70%
	Number of Primer/Adaptor contaminated HQ reads	NA
	Total number of HQ filtered reads	1629833
	Percentage of HQ filtered reads	99.98%


Detailed QC statistics
	File name	RMB_9552_Gekko_porosus_Sabtang_R1.trimmed.fq
	Minimum read length	8
	Maximum read length	95
	Average read length	93.01
	Total number of reads	1630144
	Total number of reads with non-ATGC bases	0
	Percentage of reads with non-ATGC bases	0.00%
	Total number of bases	151616147
	Total number of HQ bases	151154741
	Percentage of HQ bases	99.70%
	Total number of non-ATGC bases	0
	Percentage of non-ATGC bases	0.00%


Average quality score at each base position of input reads

RMB_9552_Gekko_porosus_Sabtang_R1.trimmed.fq
36.54	36.26	36.86	36.60	36.87	36.89	36.89	39.57	39.53	39.37	39.33	39.27	39.35	39.31	39.31	39.17	39.25	39.12	39.23	39.07	39.14	38.94	38.93	38.95	39.05	38.85	38.88	39.02	38.71	38.53	38.76	38.92	38.75	38.80	38.82	38.47	38.70	38.80	38.79	38.38	38.46	38.38	38.44	38.25	38.17	37.69	36.93	36.76	36.32	35.96	35.78	36.12	36.46	36.80	37.08	37.16	37.32	37.42	37.47	37.44	37.36	37.27	37.19	37.03	36.88	36.76	36.62	36.46	36.28	34.85	35.34	35.64	35.66	35.54	35.43	35.24	35.09	35.02	34.90	34.80	34.68	34.58	34.52	34.48	34.41	34.34	34.20	34.09	34.06	33.96	33.88	33.80	33.70	33.57	32.34	




Read count (%) per base for different quality score ranges

	RMB_9552_Gekko_porosus_Sabtang_R1.trimmed.fq
Ranges	0-10	11-20	21-30	31-40
Base
1	0.00	0.46	0.73	98.81
2	0.00	0.13	0.38	99.49
3	0.00	0.10	0.33	99.57
4	0.00	0.22	0.69	99.09
5	0.00	0.12	0.41	99.47
6	0.00	0.10	0.37	99.52
7	0.00	0.12	0.37	99.51
8	0.00	0.12	0.37	99.52
9	0.00	0.14	0.40	99.46
10	0.00	0.16	0.48	99.36
11	0.00	0.15	0.45	99.40
12	0.00	0.18	0.50	99.32
13	0.00	0.18	0.55	99.27
14	0.00	0.23	0.53	99.24
15	0.00	0.21	0.51	99.28
16	0.00	0.21	0.57	99.22
17	0.00	0.18	0.50	99.32
18	0.00	0.20	0.64	99.15
19	0.00	0.20	0.53	99.27
20	0.00	0.26	0.61	99.14
21	0.00	0.24	0.56	99.20
22	0.00	0.27	0.58	99.15
23	0.00	0.24	0.62	99.14
24	0.00	0.22	0.58	99.19
25	0.00	0.23	0.57	99.20
26	0.00	0.25	0.73	99.02
27	0.00	0.22	0.66	99.11
28	0.00	0.18	0.56	99.26
29	0.00	0.19	0.63	99.18
30	0.00	0.21	0.72	99.07
31	0.00	0.16	0.60	99.24
32	0.00	0.18	0.59	99.24
33	0.00	0.18	0.66	99.16
34	0.00	0.18	0.61	99.22
35	0.00	0.16	0.60	99.23
36	0.00	0.18	0.86	98.96
37	0.00	0.13	0.59	99.27
38	0.00	0.13	0.59	99.28
39	0.00	0.13	0.61	99.26
40	0.00	0.18	0.92	98.90
41	0.00	0.13	0.73	99.14
42	0.00	0.16	0.76	99.08
43	0.00	0.14	0.66	99.20
44	0.00	0.15	0.74	99.12
45	0.00	0.14	0.80	99.06
46	0.00	0.20	1.20	98.60
47	0.00	0.31	2.26	97.43
48	0.00	0.44	2.62	96.94
49	0.00	0.69	3.77	95.54
50	0.00	1.20	5.41	93.39
51	0.00	2.39	5.18	92.42
52	0.00	2.32	4.07	93.62
53	0.00	1.85	3.33	94.82
54	0.00	1.39	2.57	96.03
55	0.00	1.09	2.10	96.82
56	0.00	0.86	1.97	97.18
57	0.00	0.60	1.56	97.84
58	0.00	0.41	1.30	98.29
59	0.00	0.27	1.19	98.54
60	0.00	0.19	1.05	98.76
61	0.00	0.14	0.97	98.89
62	0.00	0.14	1.02	98.84
63	0.00	0.10	0.91	98.98
64	0.00	0.12	0.99	98.89
65	0.00	0.10	1.11	98.79
66	0.00	0.11	1.07	98.81
67	0.00	0.11	1.06	98.83
68	0.00	0.12	1.09	98.79
69	0.00	0.12	1.15	98.72
70	0.00	0.10	2.59	97.31
71	0.00	0.11	1.46	98.43
72	0.00	0.10	1.23	98.67
73	0.00	0.11	1.19	98.70
74	0.00	0.11	1.29	98.61
75	0.00	0.10	1.25	98.65
76	0.00	0.13	1.43	98.44
77	0.00	0.18	1.58	98.24
78	0.00	0.11	1.50	98.38
79	0.00	0.13	1.58	98.29
80	0.00	0.14	1.64	98.23
81	0.00	0.16	1.97	97.87
82	0.00	0.19	1.96	97.85
83	0.00	0.16	1.97	97.87
84	0.00	0.16	1.95	97.89
85	0.00	0.17	2.02	97.81
86	0.00	0.17	2.01	97.82
87	0.00	0.21	2.36	97.43
88	0.00	0.22	2.51	97.27
89	0.00	0.23	2.43	97.34
90	0.00	0.27	2.71	97.02
91	0.00	0.29	2.91	96.81
92	0.00	0.28	2.74	96.98
93	0.00	0.30	2.95	96.75
94	0.00	0.31	3.23	96.46
95	0.00	1.02	7.04	91.94




