Parameters
	Library type	Single-end
	Input file	/Volumes/wdhd/users/joaks1/projects/gekgo/data/genomes/msg/plate3/demultiplexed-trimmed/RMB_9529_Lepidodactylus_balioburius_Batan_R1.trimmed.fq
	Primer/Adaptor library	NA
	Cut-off read length for HQ	70%
	Cut-off quality score	20
	Only statistics	On
	Number of processes	2


QC statistics
	File name	RMB_9529_Lepidodactylus_balioburius_Batan_R1.trimmed.fq
	Total number of reads	1877611
	Total number of HQ reads	1877339
	Percentage of HQ reads	99.99%
	Total number of bases	174467252
	Total number of bases in HQ reads	174459283
	Total number of HQ bases in HQ reads	173938376
	Percentage of HQ bases in HQ reads	99.70%
	Number of Primer/Adaptor contaminated HQ reads	NA
	Total number of HQ filtered reads	1877339
	Percentage of HQ filtered reads	99.99%


Detailed QC statistics
	File name	RMB_9529_Lepidodactylus_balioburius_Batan_R1.trimmed.fq
	Minimum read length	9
	Maximum read length	95
	Average read length	92.92
	Total number of reads	1877611
	Total number of reads with non-ATGC bases	0
	Percentage of reads with non-ATGC bases	0.00%
	Total number of bases	174467252
	Total number of HQ bases	173943324
	Percentage of HQ bases	99.70%
	Total number of non-ATGC bases	0
	Percentage of non-ATGC bases	0.00%


Average quality score at each base position of input reads

RMB_9529_Lepidodactylus_balioburius_Batan_R1.trimmed.fq
36.59	36.43	36.85	36.55	36.86	36.88	36.89	39.56	39.51	39.34	39.30	39.27	39.27	39.24	39.28	39.12	39.14	39.03	39.16	39.00	39.09	38.91	38.82	38.86	38.98	38.76	38.76	38.94	38.57	38.43	38.75	38.80	38.71	38.72	38.82	38.52	38.70	38.75	38.74	38.29	38.39	38.38	38.35	38.23	38.06	37.60	36.83	36.52	36.06	35.83	35.72	35.97	36.47	36.69	36.90	37.07	37.17	37.27	37.31	37.26	37.17	37.13	36.94	36.79	36.70	36.53	36.30	36.14	35.91	34.48	34.97	35.25	35.17	35.10	35.03	34.95	34.76	34.67	34.56	34.41	34.33	34.30	34.18	34.09	34.11	34.01	33.95	33.86	33.73	33.72	33.51	33.48	33.50	33.35	32.02	




Read count (%) per base for different quality score ranges

	RMB_9529_Lepidodactylus_balioburius_Batan_R1.trimmed.fq
Ranges	0-10	11-20	21-30	31-40
Base
1	0.00	0.47	0.80	98.73
2	0.00	0.13	0.40	99.47
3	0.00	0.11	0.36	99.53
4	0.00	0.26	0.77	98.97
5	0.00	0.12	0.45	99.43
6	0.00	0.11	0.40	99.48
7	0.00	0.10	0.36	99.54
8	0.00	0.11	0.37	99.51
9	0.00	0.13	0.41	99.46
10	0.00	0.17	0.51	99.32
11	0.00	0.16	0.49	99.35
12	0.00	0.17	0.55	99.28
13	0.00	0.19	0.61	99.21
14	0.00	0.23	0.57	99.20
15	0.00	0.20	0.53	99.27
16	0.00	0.22	0.62	99.16
17	0.00	0.19	0.59	99.21
18	0.00	0.19	0.65	99.16
19	0.00	0.18	0.52	99.30
20	0.00	0.24	0.65	99.11
21	0.00	0.21	0.56	99.23
22	0.00	0.25	0.58	99.17
23	0.00	0.25	0.64	99.11
24	0.00	0.24	0.61	99.15
25	0.00	0.24	0.63	99.13
26	0.00	0.28	0.81	98.90
27	0.00	0.24	0.69	99.06
28	0.00	0.18	0.60	99.22
29	0.00	0.19	0.68	99.13
30	0.00	0.19	0.74	99.08
31	0.00	0.15	0.61	99.24
32	0.00	0.15	0.64	99.21
33	0.00	0.17	0.72	99.11
34	0.00	0.17	0.65	99.18
35	0.00	0.16	0.64	99.20
36	0.00	0.19	0.92	98.89
37	0.00	0.13	0.64	99.23
38	0.00	0.12	0.61	99.27
39	0.00	0.14	0.67	99.19
40	0.00	0.20	1.01	98.80
41	0.00	0.15	0.86	98.99
42	0.00	0.16	0.88	98.96
43	0.00	0.17	0.79	99.04
44	0.00	0.16	0.89	98.95
45	0.00	0.15	0.93	98.92
46	0.00	0.20	1.28	98.53
47	0.00	0.35	2.47	97.18
48	0.00	0.49	3.28	96.23
49	0.00	0.78	4.24	94.98
50	0.00	1.26	5.68	93.05
51	0.00	2.27	5.38	92.36
52	0.00	2.26	4.39	93.36
53	0.00	1.59	3.38	95.03
54	0.00	1.24	2.77	95.98
55	0.00	0.94	2.22	96.83
56	0.00	0.71	1.84	97.45
57	0.00	0.53	1.62	97.84
58	0.00	0.37	1.41	98.22
59	0.00	0.23	1.18	98.59
60	0.00	0.18	1.15	98.67
61	0.00	0.13	1.05	98.82
62	0.00	0.10	0.96	98.93
63	0.00	0.11	1.06	98.83
64	0.00	0.11	1.22	98.67
65	0.00	0.10	1.01	98.89
66	0.00	0.12	1.13	98.74
67	0.00	0.11	1.24	98.65
68	0.00	0.11	1.27	98.62
69	0.00	0.13	1.37	98.50
70	0.00	0.12	2.91	96.98
71	0.00	0.12	1.73	98.14
72	0.00	0.11	1.39	98.51
73	0.00	0.17	1.81	98.02
74	0.00	0.13	1.60	98.27
75	0.00	0.12	1.52	98.37
76	0.00	0.11	1.45	98.45
77	0.00	0.15	1.89	97.96
78	0.00	0.14	1.87	97.98
79	0.00	0.14	2.10	97.76
80	0.00	0.16	2.19	97.65
81	0.00	0.19	2.18	97.63
82	0.00	0.21	2.26	97.53
83	0.00	0.18	2.42	97.41
84	0.00	0.20	2.53	97.26
85	0.00	0.18	2.33	97.49
86	0.00	0.21	2.48	97.31
87	0.00	0.21	2.52	97.27
88	0.00	0.21	2.75	97.05
89	0.00	0.24	2.92	96.83
90	0.00	0.25	2.88	96.87
91	0.00	0.31	3.31	96.38
92	0.00	0.31	3.26	96.43
93	0.00	0.28	3.07	96.66
94	0.00	0.30	3.40	96.29
95	0.00	1.10	8.35	90.55




