Parameters
	Library type	Single-end
	Input file	/Volumes/wdhd/users/joaks1/projects/gekgo/data/genomes/msg/plate3/demultiplexed-trimmed/RMB_6060_Gekko_rossi_Calayan_R1.trimmed.fq
	Primer/Adaptor library	NA
	Cut-off read length for HQ	70%
	Cut-off quality score	20
	Only statistics	On
	Number of processes	2


QC statistics
	File name	RMB_6060_Gekko_rossi_Calayan_R1.trimmed.fq
	Total number of reads	118452
	Total number of HQ reads	118428
	Percentage of HQ reads	99.98%
	Total number of bases	10965025
	Total number of bases in HQ reads	10964333
	Total number of HQ bases in HQ reads	10928791
	Percentage of HQ bases in HQ reads	99.68%
	Number of Primer/Adaptor contaminated HQ reads	NA
	Total number of HQ filtered reads	118428
	Percentage of HQ filtered reads	99.98%


Detailed QC statistics
	File name	RMB_6060_Gekko_rossi_Calayan_R1.trimmed.fq
	Minimum read length	10
	Maximum read length	95
	Average read length	92.57
	Total number of reads	118452
	Total number of reads with non-ATGC bases	0
	Percentage of reads with non-ATGC bases	0.00%
	Total number of bases	10965025
	Total number of HQ bases	10929199
	Percentage of HQ bases	99.67%
	Total number of non-ATGC bases	0
	Percentage of non-ATGC bases	0.00%


Average quality score at each base position of input reads

RMB_6060_Gekko_rossi_Calayan_R1.trimmed.fq
36.67	36.53	36.84	36.58	36.84	36.87	36.86	39.50	39.44	39.29	39.24	39.18	39.22	39.15	39.14	38.92	39.06	38.95	39.08	38.92	38.98	38.75	38.72	38.76	38.86	38.65	38.66	38.80	38.46	38.27	38.51	38.67	38.49	38.54	38.54	38.17	38.42	38.51	38.50	38.04	38.13	38.04	38.10	37.91	37.83	37.32	36.49	36.33	35.83	35.47	35.33	35.70	35.98	36.32	36.57	36.61	36.78	36.86	36.88	36.85	36.73	36.61	36.50	36.31	36.13	35.99	35.81	35.63	35.46	34.05	34.55	34.84	34.88	34.79	34.70	34.57	34.45	34.40	34.29	34.20	34.10	34.01	33.96	33.92	33.87	33.79	33.66	33.55	33.52	33.40	33.35	33.24	33.15	33.02	31.77	




Read count (%) per base for different quality score ranges

	RMB_6060_Gekko_rossi_Calayan_R1.trimmed.fq
Ranges	0-10	11-20	21-30	31-40
Base
1	0.00	0.55	0.87	98.57
2	0.00	0.19	0.49	99.33
3	0.00	0.15	0.42	99.44
4	0.00	0.25	0.79	98.96
5	0.00	0.14	0.54	99.32
6	0.00	0.11	0.49	99.40
7	0.00	0.14	0.50	99.36
8	0.00	0.14	0.47	99.40
9	0.00	0.17	0.50	99.33
10	0.00	0.18	0.58	99.24
11	0.00	0.17	0.57	99.26
12	0.00	0.19	0.64	99.17
13	0.00	0.19	0.68	99.13
14	0.00	0.23	0.64	99.13
15	0.00	0.23	0.66	99.10
16	0.00	0.23	0.70	99.07
17	0.00	0.19	0.65	99.16
18	0.00	0.24	0.75	99.01
19	0.00	0.23	0.70	99.07
20	0.00	0.28	0.76	98.96
21	0.00	0.28	0.66	99.06
22	0.00	0.30	0.75	98.95
23	0.00	0.31	0.80	98.89
24	0.00	0.21	0.77	99.02
25	0.00	0.24	0.70	99.06
26	0.00	0.26	0.86	98.88
27	0.00	0.22	0.78	99.00
28	0.00	0.18	0.68	99.14
29	0.00	0.19	0.75	99.06
30	0.00	0.22	0.90	98.88
31	0.00	0.15	0.73	99.12
32	0.00	0.18	0.67	99.15
33	0.00	0.20	0.79	99.01
34	0.00	0.22	0.73	99.06
35	0.00	0.19	0.73	99.08
36	0.00	0.19	1.07	98.73
37	0.00	0.14	0.72	99.13
38	0.00	0.15	0.70	99.16
39	0.00	0.15	0.74	99.11
40	0.00	0.19	1.24	98.56
41	0.00	0.16	0.93	98.90
42	0.00	0.20	0.99	98.81
43	0.00	0.15	0.84	99.01
44	0.00	0.15	1.01	98.84
45	0.00	0.15	1.11	98.74
46	0.00	0.21	1.71	98.08
47	0.00	0.36	3.29	96.34
48	0.00	0.49	3.60	95.91
49	0.00	0.75	5.26	93.99
50	0.00	1.34	6.74	91.93
51	0.00	2.38	6.38	91.24
52	0.00	2.23	4.83	92.94
53	0.00	1.85	4.05	94.10
54	0.00	1.30	3.20	95.51
55	0.00	1.00	2.53	96.47
56	0.00	0.79	2.52	96.68
57	0.00	0.51	1.84	97.65
58	0.00	0.37	1.55	98.08
59	0.00	0.24	1.47	98.29
60	0.00	0.19	1.19	98.63
61	0.00	0.14	1.15	98.71
62	0.00	0.17	1.20	98.63
63	0.00	0.13	1.15	98.72
64	0.00	0.15	1.32	98.53
65	0.00	0.16	1.46	98.38
66	0.00	0.12	1.38	98.50
67	0.00	0.14	1.38	98.48
68	0.00	0.13	1.39	98.48
69	0.00	0.14	1.43	98.43
70	0.00	0.10	3.25	96.65
71	0.00	0.13	1.87	98.00
72	0.00	0.13	1.56	98.31
73	0.00	0.12	1.52	98.36
74	0.00	0.10	1.62	98.28
75	0.00	0.13	1.53	98.35
76	0.00	0.17	1.73	98.11
77	0.00	0.21	1.96	97.82
78	0.00	0.13	1.85	98.02
79	0.00	0.15	2.02	97.83
80	0.00	0.18	2.12	97.70
81	0.00	0.18	2.34	97.48
82	0.00	0.24	2.36	97.40
83	0.00	0.20	2.49	97.32
84	0.00	0.19	2.43	97.38
85	0.00	0.22	2.43	97.35
86	0.00	0.27	2.60	97.13
87	0.00	0.24	2.86	96.90
88	0.00	0.29	3.05	96.67
89	0.00	0.31	2.89	96.80
90	0.00	0.34	3.18	96.48
91	0.00	0.34	3.26	96.40
92	0.00	0.41	3.20	96.39
93	0.00	0.39	3.43	96.18
94	0.00	0.40	3.79	95.81
95	0.00	1.09	8.18	90.73




