Parameters
	Library type	Single-end
	Input file	/Volumes/wdhd/users/joaks1/projects/gekgo/data/genomes/msg/plate3/demultiplexed-trimmed/RMB_9555_Gekko_porosus_Sabtang_R1.trimmed.fq
	Primer/Adaptor library	NA
	Cut-off read length for HQ	70%
	Cut-off quality score	20
	Only statistics	On
	Number of processes	2


QC statistics
	File name	RMB_9555_Gekko_porosus_Sabtang_R1.trimmed.fq
	Total number of reads	523556
	Total number of HQ reads	523500
	Percentage of HQ reads	99.99%
	Total number of bases	48876458
	Total number of bases in HQ reads	48874949
	Total number of HQ bases in HQ reads	48745086
	Percentage of HQ bases in HQ reads	99.73%
	Number of Primer/Adaptor contaminated HQ reads	NA
	Total number of HQ filtered reads	523500
	Percentage of HQ filtered reads	99.99%


Detailed QC statistics
	File name	RMB_9555_Gekko_porosus_Sabtang_R1.trimmed.fq
	Minimum read length	11
	Maximum read length	95
	Average read length	93.35
	Total number of reads	523556
	Total number of reads with non-ATGC bases	0
	Percentage of reads with non-ATGC bases	0.00%
	Total number of bases	48876458
	Total number of HQ bases	48745999
	Percentage of HQ bases	99.73%
	Total number of non-ATGC bases	0
	Percentage of non-ATGC bases	0.00%


Average quality score at each base position of input reads

RMB_9555_Gekko_porosus_Sabtang_R1.trimmed.fq
36.78	36.40	36.88	36.70	36.92	36.93	36.93	39.63	39.59	39.44	39.39	39.33	39.21	39.22	39.27	39.08	39.22	39.11	39.24	39.10	39.17	38.93	38.94	38.97	39.06	38.87	38.90	39.04	38.73	38.55	38.79	38.95	38.77	38.83	38.83	38.46	38.72	38.82	38.78	38.32	38.40	38.32	38.37	38.17	38.06	37.50	36.63	36.43	35.93	35.59	35.49	35.84	36.15	36.45	36.64	36.64	36.73	36.74	36.67	36.57	36.42	36.28	36.14	35.95	35.79	35.67	35.54	35.45	35.36	33.90	34.54	34.97	35.08	35.06	35.05	34.96	34.87	34.85	34.78	34.71	34.62	34.57	34.54	34.49	34.46	34.41	34.29	34.19	34.16	34.06	33.99	33.91	33.81	33.68	32.42	




Read count (%) per base for different quality score ranges

	RMB_9555_Gekko_porosus_Sabtang_R1.trimmed.fq
Ranges	0-10	11-20	21-30	31-40
Base
1	0.00	0.34	0.63	99.03
2	0.00	0.11	0.33	99.56
3	0.00	0.08	0.29	99.63
4	0.00	0.15	0.54	99.31
5	0.00	0.07	0.26	99.67
6	0.00	0.08	0.25	99.68
7	0.00	0.08	0.22	99.70
8	0.00	0.07	0.22	99.71
9	0.00	0.08	0.24	99.69
10	0.00	0.09	0.28	99.63
11	0.00	0.09	0.27	99.65
12	0.00	0.11	0.38	99.51
13	0.00	0.11	0.38	99.51
14	0.00	0.15	0.34	99.51
15	0.00	0.14	0.33	99.53
16	0.00	0.13	0.40	99.47
17	0.00	0.11	0.31	99.58
18	0.00	0.12	0.45	99.43
19	0.00	0.12	0.38	99.50
20	0.00	0.14	0.42	99.45
21	0.00	0.14	0.37	99.49
22	0.00	0.14	0.40	99.46
23	0.00	0.13	0.44	99.44
24	0.00	0.10	0.40	99.50
25	0.00	0.11	0.39	99.49
26	0.00	0.13	0.56	99.31
27	0.00	0.11	0.48	99.41
28	0.00	0.10	0.39	99.51
29	0.00	0.11	0.43	99.46
30	0.00	0.12	0.55	99.32
31	0.00	0.10	0.42	99.48
32	0.00	0.11	0.43	99.46
33	0.00	0.13	0.49	99.38
34	0.00	0.12	0.44	99.44
35	0.00	0.11	0.53	99.36
36	0.00	0.14	0.88	98.98
37	0.00	0.10	0.51	99.40
38	0.00	0.09	0.49	99.42
39	0.00	0.09	0.60	99.31
40	0.00	0.14	1.21	98.65
41	0.00	0.10	0.82	99.07
42	0.00	0.12	0.88	99.00
43	0.00	0.11	0.74	99.15
44	0.00	0.11	0.95	98.93
45	0.00	0.12	1.07	98.81
46	0.00	0.16	1.96	97.88
47	0.00	0.28	4.08	95.64
48	0.00	0.41	4.70	94.89
49	0.00	0.68	6.73	92.59
50	0.00	1.17	8.49	90.35
51	0.00	2.13	7.59	90.28
52	0.00	2.04	5.69	92.27
53	0.00	1.59	4.50	93.91
54	0.00	1.19	3.30	95.52
55	0.00	0.90	2.56	96.54
56	0.00	0.71	2.43	96.87
57	0.00	0.48	1.77	97.75
58	0.00	0.34	1.41	98.26
59	0.00	0.22	1.35	98.43
60	0.00	0.16	1.15	98.69
61	0.00	0.13	1.10	98.77
62	0.00	0.14	1.14	98.72
63	0.00	0.10	1.09	98.81
64	0.00	0.13	1.20	98.67
65	0.00	0.11	1.59	98.30
66	0.00	0.12	1.34	98.54
67	0.00	0.12	1.36	98.52
68	0.00	0.13	1.35	98.52
69	0.00	0.12	1.41	98.47
70	0.00	0.11	3.76	96.13
71	0.00	0.12	1.84	98.05
72	0.00	0.10	1.50	98.40
73	0.00	0.13	1.41	98.46
74	0.00	0.11	1.52	98.37
75	0.00	0.12	1.39	98.49
76	0.00	0.15	1.66	98.19
77	0.00	0.19	1.82	97.99
78	0.00	0.14	1.71	98.15
79	0.00	0.15	1.83	98.02
80	0.00	0.16	1.92	97.92
81	0.00	0.18	2.22	97.59
82	0.00	0.22	2.12	97.66
83	0.00	0.19	2.16	97.65
84	0.00	0.21	2.19	97.60
85	0.00	0.20	2.15	97.64
86	0.00	0.22	2.17	97.61
87	0.00	0.25	2.46	97.29
88	0.00	0.27	2.70	97.03
89	0.00	0.30	2.62	97.07
90	0.00	0.35	2.88	96.76
91	0.00	0.38	3.03	96.59
92	0.00	0.38	2.87	96.75
93	0.00	0.39	3.12	96.49
94	0.00	0.44	3.41	96.15
95	0.00	1.22	7.46	91.33




