Parameters
	Library type	Single-end
	Input file	/Volumes/wdhd/users/joaks1/projects/gekgo/data/genomes/msg/plate3/demultiplexed-trimmed/RMB_5971_Luperosaurus_macgregori_BabuyanClaro_R1.trimmed.fq
	Primer/Adaptor library	NA
	Cut-off read length for HQ	70%
	Cut-off quality score	20
	Only statistics	On
	Number of processes	2


QC statistics
	File name	RMB_5971_Luperosaurus_macgregori_BabuyanClaro_R1.trimmed.fq
	Total number of reads	406513
	Total number of HQ reads	406436
	Percentage of HQ reads	99.98%
	Total number of bases	37801694
	Total number of bases in HQ reads	37799418
	Total number of HQ bases in HQ reads	37681505
	Percentage of HQ bases in HQ reads	99.69%
	Number of Primer/Adaptor contaminated HQ reads	NA
	Total number of HQ filtered reads	406436
	Percentage of HQ filtered reads	99.98%


Detailed QC statistics
	File name	RMB_5971_Luperosaurus_macgregori_BabuyanClaro_R1.trimmed.fq
	Minimum read length	9
	Maximum read length	95
	Average read length	92.99
	Total number of reads	406513
	Total number of reads with non-ATGC bases	0
	Percentage of reads with non-ATGC bases	0.00%
	Total number of bases	37801694
	Total number of HQ bases	37682918
	Percentage of HQ bases	99.69%
	Total number of non-ATGC bases	0
	Percentage of non-ATGC bases	0.00%


Average quality score at each base position of input reads

RMB_5971_Luperosaurus_macgregori_BabuyanClaro_R1.trimmed.fq
35.20	34.79	36.79	36.55	36.86	36.88	36.89	39.54	39.50	39.35	39.30	39.31	39.29	39.24	39.27	39.11	39.13	39.02	39.19	39.03	39.11	38.92	38.86	38.91	39.03	38.77	38.80	38.99	38.71	38.51	38.72	38.88	38.73	38.77	38.81	38.51	38.69	38.76	38.78	38.37	38.39	38.39	38.40	38.24	38.11	37.64	36.90	36.70	36.22	35.85	35.60	35.88	36.36	36.66	36.90	37.03	37.15	37.23	37.24	37.23	37.20	37.08	36.94	36.81	36.66	36.52	36.34	36.18	35.99	34.55	35.06	35.34	35.34	35.16	35.09	35.00	34.90	34.79	34.71	34.55	34.48	34.37	34.35	34.30	34.21	34.13	34.02	33.94	33.90	33.83	33.69	33.63	33.59	33.44	32.23	




Read count (%) per base for different quality score ranges

	RMB_5971_Luperosaurus_macgregori_BabuyanClaro_R1.trimmed.fq
Ranges	0-10	11-20	21-30	31-40
Base
1	0.00	0.79	1.67	97.54
2	0.00	0.15	0.68	99.17
3	0.00	0.12	0.38	99.50
4	0.00	0.23	0.77	99.00
5	0.00	0.12	0.43	99.44
6	0.00	0.11	0.38	99.51
7	0.00	0.12	0.36	99.52
8	0.00	0.12	0.38	99.51
9	0.00	0.13	0.42	99.45
10	0.00	0.17	0.50	99.33
11	0.00	0.15	0.46	99.39
12	0.00	0.17	0.50	99.33
13	0.00	0.20	0.58	99.23
14	0.00	0.22	0.57	99.20
15	0.00	0.20	0.53	99.27
16	0.00	0.21	0.62	99.17
17	0.00	0.17	0.51	99.32
18	0.00	0.21	0.68	99.12
19	0.00	0.19	0.53	99.28
20	0.00	0.24	0.63	99.14
21	0.00	0.22	0.54	99.24
22	0.00	0.27	0.59	99.14
23	0.00	0.24	0.64	99.12
24	0.00	0.23	0.62	99.15
25	0.00	0.23	0.59	99.18
26	0.00	0.27	0.83	98.90
27	0.00	0.22	0.70	99.07
28	0.00	0.18	0.59	99.24
29	0.00	0.17	0.67	99.16
30	0.00	0.19	0.74	99.07
31	0.00	0.16	0.64	99.20
32	0.00	0.15	0.61	99.24
33	0.00	0.17	0.70	99.13
34	0.00	0.16	0.65	99.19
35	0.00	0.16	0.63	99.21
36	0.00	0.18	0.85	98.97
37	0.00	0.13	0.66	99.20
38	0.00	0.13	0.61	99.26
39	0.00	0.13	0.67	99.21
40	0.00	0.16	1.00	98.85
41	0.00	0.15	0.82	99.03
42	0.00	0.18	0.86	98.96
43	0.00	0.16	0.76	99.08
44	0.00	0.16	0.86	98.98
45	0.00	0.16	0.87	98.97
46	0.00	0.19	1.32	98.48
47	0.00	0.35	2.51	97.13
48	0.00	0.43	2.90	96.67
49	0.00	0.73	4.10	95.16
50	0.00	1.24	5.92	92.84
51	0.00	2.45	5.82	91.73
52	0.00	2.42	4.63	92.96
53	0.00	1.75	3.59	94.66
54	0.00	1.35	2.94	95.70
55	0.00	0.99	2.36	96.65
56	0.00	0.77	1.92	97.31
57	0.00	0.58	1.57	97.85
58	0.00	0.41	1.41	98.17
59	0.00	0.26	1.29	98.45
60	0.00	0.18	1.13	98.68
61	0.00	0.11	1.00	98.89
62	0.00	0.10	1.05	98.84
63	0.00	0.13	1.10	98.77
64	0.00	0.11	1.16	98.73
65	0.00	0.10	1.11	98.79
66	0.00	0.11	1.18	98.71
67	0.00	0.11	1.27	98.62
68	0.00	0.11	1.37	98.52
69	0.00	0.13	1.39	98.48
70	0.00	0.09	2.93	96.98
71	0.00	0.12	1.72	98.16
72	0.00	0.12	1.42	98.47
73	0.00	0.11	1.38	98.50
74	0.00	0.23	1.86	97.91
75	0.00	0.13	1.64	98.22
76	0.00	0.12	1.60	98.28
77	0.00	0.14	1.63	98.23
78	0.00	0.16	1.78	98.06
79	0.00	0.13	1.82	98.05
80	0.00	0.18	2.14	97.68
81	0.00	0.19	2.28	97.53
82	0.00	0.22	2.48	97.30
83	0.00	0.15	2.29	97.56
84	0.00	0.21	2.20	97.59
85	0.00	0.21	2.34	97.46
86	0.00	0.28	2.56	97.16
87	0.00	0.26	2.75	96.98
88	0.00	0.21	2.79	97.00
89	0.00	0.22	2.84	96.94
90	0.00	0.25	2.96	96.79
91	0.00	0.32	3.29	96.39
92	0.00	0.32	3.10	96.58
93	0.00	0.32	3.22	96.46
94	0.00	0.37	3.67	95.96
95	0.00	1.12	7.47	91.40




