Parameters
	Library type	Single-end
	Input file	/Volumes/wdhd/users/joaks1/projects/gekgo/data/genomes/msg/plate3/demultiplexed-trimmed/RMB_9585_Gekko_porosus_Batan_R1.trimmed.fq
	Primer/Adaptor library	NA
	Cut-off read length for HQ	70%
	Cut-off quality score	20
	Only statistics	On
	Number of processes	2


QC statistics
	File name	RMB_9585_Gekko_porosus_Batan_R1.trimmed.fq
	Total number of reads	224646
	Total number of HQ reads	224606
	Percentage of HQ reads	99.98%
	Total number of bases	20854423
	Total number of bases in HQ reads	20853259
	Total number of HQ bases in HQ reads	20789101
	Percentage of HQ bases in HQ reads	99.69%
	Number of Primer/Adaptor contaminated HQ reads	NA
	Total number of HQ filtered reads	224606
	Percentage of HQ filtered reads	99.98%


Detailed QC statistics
	File name	RMB_9585_Gekko_porosus_Batan_R1.trimmed.fq
	Minimum read length	11
	Maximum read length	95
	Average read length	92.83
	Total number of reads	224646
	Total number of reads with non-ATGC bases	0
	Percentage of reads with non-ATGC bases	0.00%
	Total number of bases	20854423
	Total number of HQ bases	20789843
	Percentage of HQ bases	99.69%
	Total number of non-ATGC bases	0
	Percentage of non-ATGC bases	0.00%


Average quality score at each base position of input reads

RMB_9585_Gekko_porosus_Batan_R1.trimmed.fq
36.74	36.44	36.86	36.63	36.86	36.88	36.88	39.54	39.50	39.35	39.30	39.22	39.30	39.29	39.29	39.11	39.20	39.08	39.19	39.03	39.09	38.89	38.88	38.90	38.98	38.80	38.81	38.96	38.64	38.44	38.69	38.84	38.65	38.71	38.71	38.34	38.59	38.69	38.69	38.27	38.35	38.26	38.32	38.13	38.05	37.56	36.79	36.66	36.20	35.87	35.70	36.04	36.33	36.67	36.94	37.00	37.16	37.26	37.31	37.28	37.19	37.11	37.02	36.86	36.70	36.59	36.44	36.29	36.09	34.64	35.14	35.45	35.47	35.37	35.26	35.08	34.93	34.85	34.72	34.62	34.48	34.41	34.35	34.29	34.23	34.16	34.05	33.94	33.89	33.78	33.72	33.62	33.52	33.39	32.13	




Read count (%) per base for different quality score ranges

	RMB_9585_Gekko_porosus_Batan_R1.trimmed.fq
Ranges	0-10	11-20	21-30	31-40
Base
1	0.00	0.44	0.71	98.85
2	0.00	0.15	0.42	99.43
3	0.00	0.12	0.36	99.51
4	0.00	0.24	0.68	99.09
5	0.00	0.13	0.42	99.45
6	0.00	0.12	0.43	99.45
7	0.00	0.14	0.41	99.46
8	0.00	0.13	0.39	99.49
9	0.00	0.14	0.44	99.42
10	0.00	0.19	0.47	99.34
11	0.00	0.16	0.50	99.35
12	0.00	0.18	0.59	99.23
13	0.00	0.19	0.60	99.21
14	0.00	0.22	0.55	99.23
15	0.00	0.20	0.55	99.25
16	0.00	0.22	0.60	99.18
17	0.00	0.17	0.52	99.31
18	0.00	0.20	0.66	99.14
19	0.00	0.21	0.59	99.20
20	0.00	0.26	0.65	99.09
21	0.00	0.26	0.57	99.17
22	0.00	0.30	0.62	99.09
23	0.00	0.24	0.65	99.11
24	0.00	0.23	0.63	99.15
25	0.00	0.25	0.59	99.16
26	0.00	0.24	0.76	98.99
27	0.00	0.23	0.69	99.08
28	0.00	0.19	0.60	99.22
29	0.00	0.21	0.66	99.13
30	0.00	0.20	0.77	99.03
31	0.00	0.18	0.63	99.19
32	0.00	0.18	0.64	99.19
33	0.00	0.19	0.73	99.07
34	0.00	0.19	0.67	99.15
35	0.00	0.18	0.70	99.12
36	0.00	0.21	0.94	98.85
37	0.00	0.15	0.64	99.20
38	0.00	0.14	0.64	99.23
39	0.00	0.13	0.66	99.21
40	0.00	0.18	1.00	98.82
41	0.00	0.14	0.78	99.08
42	0.00	0.18	0.80	99.02
43	0.00	0.14	0.70	99.16
44	0.00	0.16	0.81	99.02
45	0.00	0.13	0.88	98.99
46	0.00	0.22	1.29	98.50
47	0.00	0.34	2.44	97.22
48	0.00	0.43	2.77	96.79
49	0.00	0.73	3.90	95.37
50	0.00	1.22	5.39	93.39
51	0.00	2.33	5.21	92.46
52	0.00	2.25	4.04	93.71
53	0.00	1.81	3.47	94.73
54	0.00	1.35	2.67	95.98
55	0.00	1.02	2.18	96.80
56	0.00	0.83	2.05	97.11
57	0.00	0.57	1.58	97.84
58	0.00	0.41	1.33	98.25
59	0.00	0.27	1.26	98.47
60	0.00	0.20	1.12	98.67
61	0.00	0.14	1.07	98.79
62	0.00	0.14	1.05	98.81
63	0.00	0.13	1.00	98.87
64	0.00	0.12	1.05	98.83
65	0.00	0.13	1.19	98.68
66	0.00	0.11	1.13	98.75
67	0.00	0.11	1.12	98.76
68	0.00	0.11	1.19	98.70
69	0.00	0.14	1.25	98.62
70	0.00	0.13	2.77	97.10
71	0.00	0.12	1.60	98.28
72	0.00	0.12	1.32	98.56
73	0.00	0.12	1.31	98.57
74	0.00	0.11	1.33	98.57
75	0.00	0.11	1.29	98.60
76	0.00	0.15	1.44	98.41
77	0.00	0.16	1.67	98.17
78	0.00	0.12	1.59	98.29
79	0.00	0.14	1.67	98.19
80	0.00	0.14	1.75	98.11
81	0.00	0.18	2.11	97.70
82	0.00	0.20	1.96	97.84
83	0.00	0.17	2.07	97.76
84	0.00	0.18	2.14	97.68
85	0.00	0.18	2.14	97.69
86	0.00	0.18	2.18	97.64
87	0.00	0.19	2.40	97.41
88	0.00	0.21	2.61	97.18
89	0.00	0.23	2.57	97.20
90	0.00	0.28	2.93	96.79
91	0.00	0.30	2.99	96.71
92	0.00	0.30	2.94	96.76
93	0.00	0.31	3.13	96.55
94	0.00	0.35	3.37	96.27
95	0.00	1.04	7.34	91.62




