Parameters
	Library type	Single-end
	Input file	/Volumes/wdhd/users/joaks1/projects/gekgo/data/genomes/msg/plate3/demultiplexed-trimmed/RMB_9531_Lepidodactylus_balioburius_Batan_R1.trimmed.fq
	Primer/Adaptor library	NA
	Cut-off read length for HQ	70%
	Cut-off quality score	20
	Only statistics	On
	Number of processes	2


QC statistics
	File name	RMB_9531_Lepidodactylus_balioburius_Batan_R1.trimmed.fq
	Total number of reads	190881
	Total number of HQ reads	190859
	Percentage of HQ reads	99.99%
	Total number of bases	17779328
	Total number of bases in HQ reads	17778551
	Total number of HQ bases in HQ reads	17725167
	Percentage of HQ bases in HQ reads	99.70%
	Number of Primer/Adaptor contaminated HQ reads	NA
	Total number of HQ filtered reads	190859
	Percentage of HQ filtered reads	99.99%


Detailed QC statistics
	File name	RMB_9531_Lepidodactylus_balioburius_Batan_R1.trimmed.fq
	Minimum read length	11
	Maximum read length	95
	Average read length	93.14
	Total number of reads	190881
	Total number of reads with non-ATGC bases	0
	Percentage of reads with non-ATGC bases	0.00%
	Total number of bases	17779328
	Total number of HQ bases	17725665
	Percentage of HQ bases	99.70%
	Total number of non-ATGC bases	0
	Percentage of non-ATGC bases	0.00%


Average quality score at each base position of input reads

RMB_9531_Lepidodactylus_balioburius_Batan_R1.trimmed.fq
36.53	36.03	36.85	36.54	36.87	36.90	36.92	39.61	39.57	39.42	39.38	39.33	39.35	39.32	39.37	39.23	39.25	39.16	39.28	39.12	39.20	39.01	38.92	38.96	39.08	38.86	38.87	39.05	38.68	38.55	38.87	38.91	38.84	38.84	38.95	38.67	38.83	38.88	38.87	38.44	38.54	38.52	38.51	38.41	38.24	37.77	37.04	36.76	36.29	36.00	35.86	36.12	36.64	36.86	37.07	37.25	37.36	37.48	37.52	37.50	37.40	37.36	37.24	37.10	37.01	36.85	36.66	36.49	36.31	34.85	35.34	35.63	35.52	35.45	35.37	35.29	35.09	35.01	34.90	34.74	34.64	34.61	34.50	34.43	34.45	34.35	34.30	34.21	34.08	34.07	33.87	33.86	33.89	33.75	32.39	




Read count (%) per base for different quality score ranges

	RMB_9531_Lepidodactylus_balioburius_Batan_R1.trimmed.fq
Ranges	0-10	11-20	21-30	31-40
Base
1	0.00	0.47	0.70	98.82
2	0.00	0.13	0.38	99.49
3	0.00	0.11	0.30	99.60
4	0.00	0.25	0.70	99.06
5	0.00	0.13	0.40	99.47
6	0.00	0.10	0.33	99.58
7	0.00	0.08	0.29	99.63
8	0.00	0.09	0.27	99.64
9	0.00	0.13	0.32	99.55
10	0.00	0.16	0.42	99.42
11	0.00	0.13	0.41	99.46
12	0.00	0.16	0.42	99.41
13	0.00	0.17	0.50	99.33
14	0.00	0.21	0.49	99.30
15	0.00	0.18	0.42	99.39
16	0.00	0.20	0.55	99.25
17	0.00	0.16	0.51	99.33
18	0.00	0.18	0.54	99.28
19	0.00	0.17	0.45	99.38
20	0.00	0.21	0.54	99.25
21	0.00	0.17	0.45	99.37
22	0.00	0.22	0.50	99.27
23	0.00	0.22	0.56	99.22
24	0.00	0.21	0.54	99.25
25	0.00	0.23	0.52	99.26
26	0.00	0.27	0.70	99.03
27	0.00	0.25	0.61	99.15
28	0.00	0.17	0.51	99.32
29	0.00	0.18	0.60	99.22
30	0.00	0.18	0.60	99.22
31	0.00	0.16	0.49	99.35
32	0.00	0.15	0.57	99.27
33	0.00	0.16	0.60	99.24
34	0.00	0.17	0.57	99.26
35	0.00	0.15	0.57	99.28
36	0.00	0.16	0.79	99.05
37	0.00	0.14	0.56	99.31
38	0.00	0.13	0.55	99.31
39	0.00	0.12	0.58	99.29
40	0.00	0.17	0.86	98.97
41	0.00	0.15	0.73	99.12
42	0.00	0.17	0.76	99.07
43	0.00	0.15	0.68	99.16
44	0.00	0.15	0.69	99.16
45	0.00	0.14	0.76	99.10
46	0.00	0.19	1.08	98.73
47	0.00	0.29	2.16	97.55
48	0.00	0.44	2.73	96.83
49	0.00	0.73	3.87	95.40
50	0.00	1.24	5.50	93.26
51	0.00	2.44	5.32	92.24
52	0.00	2.50	4.18	93.32
53	0.00	1.80	3.20	95.00
54	0.00	1.45	2.64	95.91
55	0.00	1.12	2.12	96.77
56	0.00	0.86	1.77	97.37
57	0.00	0.66	1.51	97.83
58	0.00	0.45	1.30	98.25
59	0.00	0.27	1.15	98.58
60	0.00	0.21	1.03	98.76
61	0.00	0.15	1.03	98.82
62	0.00	0.11	0.92	98.97
63	0.00	0.12	0.91	98.97
64	0.00	0.11	1.05	98.84
65	0.00	0.08	0.89	99.02
66	0.00	0.11	1.00	98.89
67	0.00	0.11	1.08	98.81
68	0.00	0.11	1.11	98.78
69	0.00	0.12	1.18	98.70
70	0.00	0.09	2.51	97.40
71	0.00	0.11	1.51	98.38
72	0.00	0.10	1.17	98.72
73	0.00	0.16	1.71	98.13
74	0.00	0.12	1.37	98.51
75	0.00	0.10	1.33	98.57
76	0.00	0.09	1.27	98.64
77	0.00	0.14	1.68	98.19
78	0.00	0.13	1.54	98.33
79	0.00	0.13	1.81	98.06
80	0.00	0.16	1.92	97.92
81	0.00	0.19	1.93	97.87
82	0.00	0.21	2.03	97.77
83	0.00	0.14	2.16	97.70
84	0.00	0.18	2.19	97.63
85	0.00	0.15	2.01	97.84
86	0.00	0.18	2.12	97.70
87	0.00	0.18	2.21	97.61
88	0.00	0.18	2.36	97.46
89	0.00	0.23	2.57	97.20
90	0.00	0.23	2.53	97.24
91	0.00	0.28	2.99	96.73
92	0.00	0.25	2.81	96.94
93	0.00	0.24	2.61	97.14
94	0.00	0.25	2.92	96.84
95	0.00	1.04	7.65	91.31




