Parameters
	Library type	Single-end
	Input file	/Volumes/wdhd/users/joaks1/projects/gekgo/data/genomes/msg/plate3/demultiplexed-trimmed/RMB_6319_Pseudogekko_smaragdinus_Polillo_R1.trimmed.fq
	Primer/Adaptor library	NA
	Cut-off read length for HQ	70%
	Cut-off quality score	20
	Only statistics	On
	Number of processes	2


QC statistics
	File name	RMB_6319_Pseudogekko_smaragdinus_Polillo_R1.trimmed.fq
	Total number of reads	8415
	Total number of HQ reads	8412
	Percentage of HQ reads	99.96%
	Total number of bases	778736
	Total number of bases in HQ reads	778626
	Total number of HQ bases in HQ reads	775942
	Percentage of HQ bases in HQ reads	99.66%
	Number of Primer/Adaptor contaminated HQ reads	NA
	Total number of HQ filtered reads	8412
	Percentage of HQ filtered reads	99.96%


Detailed QC statistics
	File name	RMB_6319_Pseudogekko_smaragdinus_Polillo_R1.trimmed.fq
	Minimum read length	10
	Maximum read length	95
	Average read length	92.54
	Total number of reads	8415
	Total number of reads with non-ATGC bases	0
	Percentage of reads with non-ATGC bases	0.00%
	Total number of bases	778736
	Total number of HQ bases	776016
	Percentage of HQ bases	99.65%
	Total number of non-ATGC bases	0
	Percentage of non-ATGC bases	0.00%


Average quality score at each base position of input reads

RMB_6319_Pseudogekko_smaragdinus_Polillo_R1.trimmed.fq
35.35	35.22	36.72	36.50	36.80	36.84	36.87	39.49	39.46	39.27	39.24	39.25	39.02	39.01	39.08	38.88	38.98	38.90	39.07	38.86	38.96	38.77	38.78	38.84	38.93	38.65	38.69	38.83	38.55	38.35	38.60	38.78	38.56	38.62	38.61	38.33	38.52	38.62	38.57	38.13	38.16	38.16	38.15	37.97	37.81	37.34	36.44	36.14	35.61	35.25	35.02	35.44	35.83	36.16	36.35	36.41	36.46	36.57	36.52	36.46	36.38	36.24	36.06	35.90	35.69	35.52	35.31	35.11	34.91	33.54	34.09	34.38	34.43	34.40	34.30	34.22	34.18	34.10	34.05	33.93	33.85	33.74	33.71	33.61	33.62	33.54	33.46	33.35	33.37	33.29	33.17	33.12	33.09	33.04	31.66	




Read count (%) per base for different quality score ranges

	RMB_6319_Pseudogekko_smaragdinus_Polillo_R1.trimmed.fq
Ranges	0-10	11-20	21-30	31-40
Base
1	0.00	1.25	2.41	96.34
2	0.00	0.27	0.92	98.81
3	0.00	0.19	0.67	99.14
4	0.00	0.39	0.94	98.67
5	0.00	0.19	0.64	99.17
6	0.00	0.13	0.56	99.31
7	0.00	0.13	0.44	99.43
8	0.00	0.08	0.50	99.42
9	0.00	0.11	0.50	99.39
10	0.00	0.15	0.69	99.16
11	0.00	0.15	0.46	99.38
12	0.00	0.18	0.67	99.16
13	0.00	0.27	0.63	99.10
14	0.00	0.31	0.78	98.91
15	0.00	0.26	0.67	99.07
16	0.00	0.20	0.87	98.93
17	0.00	0.29	0.56	99.16
18	0.00	0.15	0.78	99.06
19	0.00	0.18	0.74	99.08
20	0.00	0.34	0.93	98.73
21	0.00	0.31	0.73	98.97
22	0.00	0.23	0.80	98.98
23	0.00	0.19	0.75	99.06
24	0.00	0.15	0.74	99.11
25	0.00	0.15	0.80	99.05
26	0.00	0.19	1.01	98.80
27	0.00	0.12	0.95	98.93
28	0.00	0.18	0.63	99.19
29	0.00	0.23	0.82	98.95
30	0.00	0.25	0.78	98.97
31	0.00	0.06	0.90	99.04
32	0.00	0.16	0.59	99.26
33	0.00	0.18	0.85	98.97
34	0.00	0.11	0.75	99.14
35	0.00	0.26	0.71	99.03
36	0.00	0.22	1.20	98.59
37	0.00	0.14	0.92	98.93
38	0.00	0.13	0.76	99.11
39	0.00	0.08	0.83	99.09
40	0.00	0.18	1.11	98.71
41	0.00	0.14	1.23	98.63
42	0.00	0.20	1.11	98.69
43	0.00	0.13	1.07	98.80
44	0.00	0.23	0.95	98.82
45	0.00	0.19	1.13	98.68
46	0.00	0.19	1.87	97.94
47	0.00	0.42	4.05	95.53
48	0.00	0.63	4.39	94.98
49	0.00	0.86	6.35	92.79
50	0.00	1.39	8.05	90.56
51	0.00	2.57	7.76	89.67
52	0.00	2.41	6.00	91.60
53	0.00	2.04	4.71	93.25
54	0.00	1.37	3.70	94.93
55	0.00	1.08	3.04	95.88
56	0.00	0.81	2.91	96.28
57	0.00	0.77	2.19	97.04
58	0.00	0.44	1.98	97.58
59	0.00	0.26	1.70	98.04
60	0.00	0.20	1.65	98.15
61	0.00	0.12	1.16	98.71
62	0.00	0.09	1.10	98.81
63	0.00	0.15	1.16	98.69
64	0.00	0.09	1.19	98.72
65	0.00	0.15	1.17	98.69
66	0.00	0.07	1.38	98.55
67	0.00	0.11	1.34	98.55
68	0.00	0.09	1.60	98.31
69	0.00	0.24	1.82	97.95
70	0.00	0.24	4.01	95.75
71	0.00	0.17	2.15	97.68
72	0.00	0.14	2.09	97.78
73	0.00	0.11	2.05	97.84
74	0.00	0.13	1.65	98.22
75	0.00	0.13	1.99	97.88
76	0.00	0.23	2.02	97.75
77	0.00	0.14	1.94	97.92
78	0.00	0.16	2.00	97.84
79	0.00	0.21	1.97	97.81
80	0.00	0.26	2.27	97.47
81	0.00	0.14	2.62	97.24
82	0.00	0.25	2.96	96.79
83	0.00	0.18	2.89	96.93
84	0.00	0.33	2.70	96.97
85	0.00	0.15	2.43	97.42
86	0.00	0.35	2.93	96.71
87	0.00	0.22	2.96	96.82
88	0.00	0.39	3.32	96.29
89	0.00	0.23	3.34	96.44
90	0.00	0.29	3.35	96.36
91	0.00	0.43	3.58	95.99
92	0.00	0.37	3.85	95.78
93	0.00	0.32	3.52	96.16
94	0.00	0.38	3.41	96.21
95	0.00	1.08	8.27	90.65




