Parameters
	Library type	Single-end
	Input file	/Volumes/wdhd/users/joaks1/projects/gekgo/data/genomes/msg/plate3/demultiplexed-trimmed/RMB_6059_Gekko_rossi_Calayan_R1.trimmed.fq
	Primer/Adaptor library	NA
	Cut-off read length for HQ	70%
	Cut-off quality score	20
	Only statistics	On
	Number of processes	2


QC statistics
	File name	RMB_6059_Gekko_rossi_Calayan_R1.trimmed.fq
	Total number of reads	429937
	Total number of HQ reads	429874
	Percentage of HQ reads	99.99%
	Total number of bases	39981966
	Total number of bases in HQ reads	39980062
	Total number of HQ bases in HQ reads	39861614
	Percentage of HQ bases in HQ reads	99.70%
	Number of Primer/Adaptor contaminated HQ reads	NA
	Total number of HQ filtered reads	429874
	Percentage of HQ filtered reads	99.99%


Detailed QC statistics
	File name	RMB_6059_Gekko_rossi_Calayan_R1.trimmed.fq
	Minimum read length	7
	Maximum read length	95
	Average read length	92.99
	Total number of reads	429937
	Total number of reads with non-ATGC bases	0
	Percentage of reads with non-ATGC bases	0.00%
	Total number of bases	39981966
	Total number of HQ bases	39862801
	Percentage of HQ bases	99.70%
	Total number of non-ATGC bases	0
	Percentage of non-ATGC bases	0.00%


Average quality score at each base position of input reads

RMB_6059_Gekko_rossi_Calayan_R1.trimmed.fq
36.78	36.62	36.87	36.63	36.88	36.89	36.90	39.56	39.51	39.37	39.33	39.26	39.33	39.31	39.32	39.16	39.24	39.11	39.22	39.05	39.11	38.91	38.88	38.91	39.02	38.82	38.84	38.98	38.67	38.49	38.72	38.88	38.70	38.76	38.77	38.43	38.67	38.77	38.76	38.33	38.40	38.33	38.40	38.22	38.14	37.65	36.89	36.74	36.28	35.93	35.78	36.11	36.44	36.77	37.04	37.12	37.29	37.39	37.43	37.42	37.33	37.24	37.16	37.00	36.84	36.72	36.58	36.43	36.24	34.79	35.28	35.58	35.61	35.50	35.40	35.20	35.05	34.97	34.85	34.75	34.63	34.51	34.46	34.40	34.34	34.26	34.14	34.04	34.00	33.90	33.83	33.73	33.64	33.50	32.25	




Read count (%) per base for different quality score ranges

	RMB_6059_Gekko_rossi_Calayan_R1.trimmed.fq
Ranges	0-10	11-20	21-30	31-40
Base
1	0.00	0.41	0.61	98.98
2	0.00	0.13	0.35	99.52
3	0.00	0.11	0.32	99.57
4	0.00	0.24	0.67	99.09
5	0.00	0.11	0.38	99.51
6	0.00	0.10	0.35	99.55
7	0.00	0.11	0.37	99.53
8	0.00	0.11	0.34	99.55
9	0.00	0.12	0.38	99.49
10	0.00	0.15	0.44	99.41
11	0.00	0.14	0.40	99.46
12	0.00	0.18	0.49	99.33
13	0.00	0.16	0.53	99.31
14	0.00	0.21	0.49	99.30
15	0.00	0.18	0.48	99.34
16	0.00	0.19	0.52	99.29
17	0.00	0.14	0.46	99.39
18	0.00	0.17	0.59	99.24
19	0.00	0.18	0.50	99.31
20	0.00	0.24	0.60	99.16
21	0.00	0.23	0.53	99.24
22	0.00	0.24	0.56	99.20
23	0.00	0.24	0.62	99.14
24	0.00	0.21	0.58	99.21
25	0.00	0.21	0.54	99.25
26	0.00	0.23	0.71	99.06
27	0.00	0.22	0.64	99.14
28	0.00	0.16	0.55	99.30
29	0.00	0.17	0.59	99.23
30	0.00	0.20	0.70	99.10
31	0.00	0.16	0.59	99.26
32	0.00	0.16	0.58	99.26
33	0.00	0.17	0.65	99.18
34	0.00	0.15	0.59	99.26
35	0.00	0.15	0.59	99.26
36	0.00	0.18	0.84	98.98
37	0.00	0.12	0.59	99.30
38	0.00	0.12	0.54	99.34
39	0.00	0.12	0.60	99.28
40	0.00	0.17	0.96	98.87
41	0.00	0.13	0.76	99.11
42	0.00	0.15	0.75	99.09
43	0.00	0.13	0.67	99.20
44	0.00	0.14	0.78	99.07
45	0.00	0.15	0.82	99.03
46	0.00	0.21	1.28	98.51
47	0.00	0.34	2.35	97.32
48	0.00	0.42	2.70	96.87
49	0.00	0.69	3.84	95.47
50	0.00	1.21	5.45	93.35
51	0.00	2.33	5.21	92.46
52	0.00	2.25	4.05	93.70
53	0.00	1.82	3.30	94.88
54	0.00	1.36	2.60	96.03
55	0.00	1.03	2.13	96.84
56	0.00	0.80	2.02	97.18
57	0.00	0.57	1.53	97.90
58	0.00	0.40	1.33	98.27
59	0.00	0.27	1.20	98.54
60	0.00	0.17	1.05	98.77
61	0.00	0.14	1.00	98.86
62	0.00	0.13	1.03	98.84
63	0.00	0.12	0.97	98.92
64	0.00	0.12	1.05	98.83
65	0.00	0.11	1.20	98.69
66	0.00	0.11	1.16	98.73
67	0.00	0.12	1.13	98.75
68	0.00	0.12	1.12	98.75
69	0.00	0.13	1.18	98.69
70	0.00	0.11	2.74	97.15
71	0.00	0.12	1.53	98.35
72	0.00	0.12	1.32	98.56
73	0.00	0.11	1.25	98.64
74	0.00	0.11	1.31	98.59
75	0.00	0.10	1.24	98.65
76	0.00	0.15	1.40	98.45
77	0.00	0.19	1.67	98.14
78	0.00	0.11	1.60	98.29
79	0.00	0.14	1.66	98.20
80	0.00	0.15	1.75	98.10
81	0.00	0.17	2.01	97.82
82	0.00	0.22	2.12	97.66
83	0.00	0.17	2.11	97.73
84	0.00	0.17	2.11	97.72
85	0.00	0.18	2.15	97.67
86	0.00	0.20	2.21	97.58
87	0.00	0.21	2.48	97.31
88	0.00	0.24	2.62	97.14
89	0.00	0.24	2.58	97.19
90	0.00	0.27	2.83	96.90
91	0.00	0.28	2.97	96.75
92	0.00	0.30	2.88	96.82
93	0.00	0.31	3.12	96.58
94	0.00	0.33	3.42	96.26
95	0.00	1.02	7.45	91.53




