Parameters
	Library type	Single-end
	Input file	/Volumes/wdhd/users/joaks1/projects/gekgo/data/genomes/msg/plate3/demultiplexed-trimmed/RMB_6425_Gekko_mindorensis_Panay_R1.trimmed.fq
	Primer/Adaptor library	NA
	Cut-off read length for HQ	70%
	Cut-off quality score	20
	Only statistics	On
	Number of processes	2


QC statistics
	File name	RMB_6425_Gekko_mindorensis_Panay_R1.trimmed.fq
	Total number of reads	672417
	Total number of HQ reads	672320
	Percentage of HQ reads	99.99%
	Total number of bases	62605574
	Total number of bases in HQ reads	62602563
	Total number of HQ bases in HQ reads	62417109
	Percentage of HQ bases in HQ reads	99.70%
	Number of Primer/Adaptor contaminated HQ reads	NA
	Total number of HQ filtered reads	672320
	Percentage of HQ filtered reads	99.99%


Detailed QC statistics
	File name	RMB_6425_Gekko_mindorensis_Panay_R1.trimmed.fq
	Minimum read length	10
	Maximum read length	95
	Average read length	93.11
	Total number of reads	672417
	Total number of reads with non-ATGC bases	0
	Percentage of reads with non-ATGC bases	0.00%
	Total number of bases	62605574
	Total number of HQ bases	62419007
	Percentage of HQ bases	99.70%
	Total number of non-ATGC bases	0
	Percentage of non-ATGC bases	0.00%


Average quality score at each base position of input reads

RMB_6425_Gekko_mindorensis_Panay_R1.trimmed.fq
36.24	35.54	36.83	36.62	36.87	36.89	36.89	39.46	39.45	39.37	39.32	39.21	39.30	39.31	39.31	39.06	39.14	39.03	39.20	39.05	39.14	38.94	38.91	38.90	38.97	38.83	38.86	39.01	38.72	38.56	38.77	38.92	38.76	38.78	38.84	38.56	38.74	38.79	38.80	38.36	38.44	38.40	38.42	38.24	38.16	37.65	36.93	36.72	36.22	35.89	35.77	36.08	36.53	36.79	37.02	37.13	37.23	37.37	37.43	37.44	37.37	37.27	37.16	37.01	36.85	36.70	36.57	36.42	36.15	34.61	35.22	35.58	35.61	35.48	35.35	35.17	35.06	34.98	34.91	34.82	34.71	34.63	34.57	34.52	34.47	34.39	34.25	34.18	34.10	34.04	34.00	33.93	33.87	33.74	32.33	




Read count (%) per base for different quality score ranges

	RMB_6425_Gekko_mindorensis_Panay_R1.trimmed.fq
Ranges	0-10	11-20	21-30	31-40
Base
1	0.00	0.53	0.93	98.54
2	0.00	0.15	0.51	99.34
3	0.00	0.11	0.37	99.52
4	0.00	0.23	0.70	99.08
5	0.00	0.12	0.41	99.47
6	0.00	0.10	0.36	99.54
7	0.00	0.12	0.38	99.51
8	0.00	0.13	0.39	99.48
9	0.00	0.13	0.41	99.45
10	0.00	0.15	0.50	99.35
11	0.00	0.15	0.43	99.41
12	0.00	0.19	0.54	99.27
13	0.00	0.17	0.58	99.25
14	0.00	0.22	0.53	99.25
15	0.00	0.20	0.49	99.31
16	0.00	0.20	0.59	99.21
17	0.00	0.17	0.49	99.33
18	0.00	0.20	0.67	99.13
19	0.00	0.19	0.55	99.27
20	0.00	0.26	0.60	99.14
21	0.00	0.22	0.55	99.23
22	0.00	0.25	0.60	99.15
23	0.00	0.24	0.62	99.13
24	0.00	0.21	0.61	99.18
25	0.00	0.22	0.58	99.20
26	0.00	0.26	0.76	98.98
27	0.00	0.22	0.70	99.09
28	0.00	0.17	0.59	99.24
29	0.00	0.17	0.61	99.22
30	0.00	0.18	0.74	99.08
31	0.00	0.15	0.59	99.26
32	0.00	0.15	0.58	99.27
33	0.00	0.18	0.65	99.18
34	0.00	0.16	0.62	99.22
35	0.00	0.15	0.63	99.22
36	0.00	0.17	0.83	98.99
37	0.00	0.15	0.61	99.24
38	0.00	0.14	0.62	99.25
39	0.00	0.13	0.65	99.22
40	0.00	0.17	0.98	98.84
41	0.00	0.13	0.76	99.11
42	0.00	0.14	0.78	99.09
43	0.00	0.13	0.66	99.21
44	0.00	0.14	0.77	99.09
45	0.00	0.13	0.87	99.00
46	0.00	0.19	1.25	98.56
47	0.00	0.29	2.47	97.24
48	0.00	0.39	2.71	96.90
49	0.00	0.72	4.22	95.06
50	0.00	1.26	5.73	93.01
51	0.00	2.27	5.43	92.30
52	0.00	2.28	4.42	93.30
53	0.00	1.73	3.50	94.77
54	0.00	1.43	2.82	95.75
55	0.00	1.12	2.31	96.57
56	0.00	0.88	2.04	97.09
57	0.00	0.65	1.77	97.58
58	0.00	0.39	1.42	98.19
59	0.00	0.24	1.21	98.54
60	0.00	0.17	1.01	98.81
61	0.00	0.14	0.93	98.93
62	0.00	0.12	0.98	98.90
63	0.00	0.10	0.89	99.01
64	0.00	0.11	1.08	98.81
65	0.00	0.11	1.13	98.76
66	0.00	0.11	1.14	98.75
67	0.00	0.11	1.06	98.83
68	0.00	0.11	1.08	98.81
69	0.00	0.13	1.23	98.64
70	0.00	0.11	3.04	96.86
71	0.00	0.11	1.51	98.38
72	0.00	0.09	1.25	98.66
73	0.00	0.09	1.21	98.69
74	0.00	0.09	1.32	98.59
75	0.00	0.10	1.22	98.68
76	0.00	0.13	1.43	98.44
77	0.00	0.15	1.56	98.29
78	0.00	0.10	1.55	98.35
79	0.00	0.12	1.61	98.27
80	0.00	0.13	1.59	98.28
81	0.00	0.14	1.87	97.99
82	0.00	0.20	1.93	97.87
83	0.00	0.17	2.05	97.78
84	0.00	0.17	1.98	97.85
85	0.00	0.17	2.06	97.77
86	0.00	0.18	2.12	97.70
87	0.00	0.21	2.41	97.38
88	0.00	0.21	2.41	97.38
89	0.00	0.19	2.50	97.31
90	0.00	0.27	2.61	97.12
91	0.00	0.25	2.67	97.08
92	0.00	0.27	2.62	97.11
93	0.00	0.26	2.79	96.95
94	0.00	0.30	3.02	96.68
95	0.00	1.02	7.58	91.40




