Parameters
	Library type	Single-end
	Input file	/Volumes/wdhd/users/joaks1/projects/gekgo/data/genomes/msg/plate3/demultiplexed-trimmed/RMB_13552_Hemidactylus_frenatus_Luzon_R1.trimmed.fq
	Primer/Adaptor library	NA
	Cut-off read length for HQ	70%
	Cut-off quality score	20
	Only statistics	On
	Number of processes	2


QC statistics
	File name	RMB_13552_Hemidactylus_frenatus_Luzon_R1.trimmed.fq
	Total number of reads	519946
	Total number of HQ reads	519896
	Percentage of HQ reads	99.99%
	Total number of bases	48465085
	Total number of bases in HQ reads	48463573
	Total number of HQ bases in HQ reads	48317644
	Percentage of HQ bases in HQ reads	99.70%
	Number of Primer/Adaptor contaminated HQ reads	NA
	Total number of HQ filtered reads	519896
	Percentage of HQ filtered reads	99.99%


Detailed QC statistics
	File name	RMB_13552_Hemidactylus_frenatus_Luzon_R1.trimmed.fq
	Minimum read length	10
	Maximum read length	95
	Average read length	93.21
	Total number of reads	519946
	Total number of reads with non-ATGC bases	0
	Percentage of reads with non-ATGC bases	0.00%
	Total number of bases	48465085
	Total number of HQ bases	48318593
	Percentage of HQ bases	99.70%
	Total number of non-ATGC bases	0
	Percentage of non-ATGC bases	0.00%


Average quality score at each base position of input reads

RMB_13552_Hemidactylus_frenatus_Luzon_R1.trimmed.fq
36.80	36.60	36.88	36.62	36.88	36.90	36.91	39.57	39.53	39.36	39.32	39.32	39.34	39.32	39.31	39.12	39.15	39.01	39.17	39.01	39.08	38.89	38.94	39.00	39.04	38.85	38.88	39.02	38.70	38.56	38.78	38.91	38.75	38.80	38.84	38.53	38.74	38.84	38.80	38.46	38.49	38.48	38.46	38.29	38.16	37.74	36.99	36.81	36.32	35.84	35.67	36.05	36.47	36.79	37.03	37.15	37.27	37.43	37.48	37.44	37.45	37.38	37.26	37.15	37.04	36.88	36.73	36.58	36.39	34.91	35.41	35.70	35.70	35.57	35.46	35.30	35.16	35.04	34.92	34.80	34.68	34.60	34.52	34.44	34.34	34.28	34.18	34.09	34.03	33.96	33.86	33.79	33.70	33.64	32.35	




Read count (%) per base for different quality score ranges

	RMB_13552_Hemidactylus_frenatus_Luzon_R1.trimmed.fq
Ranges	0-10	11-20	21-30	31-40
Base
1	0.00	0.34	0.56	99.10
2	0.00	0.11	0.32	99.57
3	0.00	0.09	0.29	99.61
4	0.00	0.21	0.63	99.16
5	0.00	0.11	0.36	99.53
6	0.00	0.09	0.32	99.60
7	0.00	0.08	0.29	99.62
8	0.00	0.10	0.33	99.58
9	0.00	0.11	0.35	99.54
10	0.00	0.15	0.44	99.41
11	0.00	0.14	0.41	99.46
12	0.00	0.16	0.43	99.41
13	0.00	0.15	0.53	99.32
14	0.00	0.19	0.45	99.37
15	0.00	0.19	0.47	99.34
16	0.00	0.18	0.59	99.23
17	0.00	0.15	0.45	99.40
18	0.00	0.18	0.65	99.17
19	0.00	0.18	0.45	99.37
20	0.00	0.22	0.59	99.19
21	0.00	0.19	0.52	99.28
22	0.00	0.22	0.53	99.25
23	0.00	0.19	0.54	99.27
24	0.00	0.17	0.50	99.33
25	0.00	0.20	0.56	99.23
26	0.00	0.23	0.71	99.05
27	0.00	0.20	0.60	99.20
28	0.00	0.15	0.52	99.33
29	0.00	0.16	0.58	99.26
30	0.00	0.18	0.70	99.12
31	0.00	0.14	0.53	99.33
32	0.00	0.14	0.55	99.32
33	0.00	0.18	0.64	99.18
34	0.00	0.16	0.58	99.26
35	0.00	0.16	0.58	99.25
36	0.00	0.18	0.81	99.01
37	0.00	0.12	0.55	99.33
38	0.00	0.11	0.58	99.31
39	0.00	0.13	0.65	99.22
40	0.00	0.16	0.87	98.97
41	0.00	0.14	0.78	99.08
42	0.00	0.16	0.77	99.07
43	0.00	0.14	0.69	99.17
44	0.00	0.15	0.79	99.06
45	0.00	0.15	0.88	98.97
46	0.00	0.19	1.26	98.55
47	0.00	0.32	2.44	97.24
48	0.00	0.45	2.63	96.92
49	0.00	0.76	3.85	95.39
50	0.00	1.36	5.84	92.79
51	0.00	2.58	5.51	91.91
52	0.00	2.41	4.22	93.36
53	0.00	1.93	3.39	94.68
54	0.00	1.48	2.71	95.81
55	0.00	1.09	2.25	96.66
56	0.00	0.88	1.96	97.16
57	0.00	0.64	1.70	97.65
58	0.00	0.46	1.41	98.13
59	0.00	0.29	1.31	98.40
60	0.00	0.21	1.34	98.45
61	0.00	0.15	0.97	98.88
62	0.00	0.12	0.92	98.96
63	0.00	0.11	1.04	98.85
64	0.00	0.11	1.01	98.88
65	0.00	0.10	0.94	98.96
66	0.00	0.11	1.09	98.80
67	0.00	0.11	1.09	98.80
68	0.00	0.10	1.06	98.84
69	0.00	0.11	1.20	98.68
70	0.00	0.10	2.58	97.31
71	0.00	0.12	1.56	98.32
72	0.00	0.10	1.39	98.51
73	0.00	0.11	1.31	98.58
74	0.00	0.12	1.46	98.42
75	0.00	0.11	1.34	98.55
76	0.00	0.13	1.58	98.29
77	0.00	0.14	1.61	98.25
78	0.00	0.12	1.72	98.17
79	0.00	0.15	1.79	98.06
80	0.00	0.13	1.84	98.03
81	0.00	0.18	2.09	97.73
82	0.00	0.20	2.16	97.64
83	0.00	0.19	2.23	97.57
84	0.00	0.22	2.20	97.58
85	0.00	0.20	2.51	97.29
86	0.00	0.17	2.44	97.38
87	0.00	0.24	2.66	97.10
88	0.00	0.21	2.86	96.93
89	0.00	0.21	2.82	96.98
90	0.00	0.25	2.92	96.83
91	0.00	0.27	3.12	96.61
92	0.00	0.27	3.14	96.59
93	0.00	0.27	3.29	96.43
94	0.00	0.26	3.32	96.41
95	0.00	0.98	8.17	90.85




