Parameters
	Library type	Single-end
	Input file	/Volumes/wdhd/users/joaks1/projects/gekgo/data/genomes/msg/plate3/demultiplexed-trimmed/RMB_6058_Gekko_rossi_Calayan_R1.trimmed.fq
	Primer/Adaptor library	NA
	Cut-off read length for HQ	70%
	Cut-off quality score	20
	Only statistics	On
	Number of processes	2


QC statistics
	File name	RMB_6058_Gekko_rossi_Calayan_R1.trimmed.fq
	Total number of reads	166271
	Total number of HQ reads	166236
	Percentage of HQ reads	99.98%
	Total number of bases	15396473
	Total number of bases in HQ reads	15395521
	Total number of HQ bases in HQ reads	15344471
	Percentage of HQ bases in HQ reads	99.67%
	Number of Primer/Adaptor contaminated HQ reads	NA
	Total number of HQ filtered reads	166236
	Percentage of HQ filtered reads	99.98%


Detailed QC statistics
	File name	RMB_6058_Gekko_rossi_Calayan_R1.trimmed.fq
	Minimum read length	9
	Maximum read length	95
	Average read length	92.60
	Total number of reads	166271
	Total number of reads with non-ATGC bases	0
	Percentage of reads with non-ATGC bases	0.00%
	Total number of bases	15396473
	Total number of HQ bases	15345053
	Percentage of HQ bases	99.67%
	Total number of non-ATGC bases	0
	Percentage of non-ATGC bases	0.00%


Average quality score at each base position of input reads

RMB_6058_Gekko_rossi_Calayan_R1.trimmed.fq
35.54	35.20	36.76	36.54	36.83	36.86	36.85	39.48	39.44	39.29	39.23	39.12	39.19	39.13	39.13	38.91	39.07	38.98	39.12	38.97	39.03	38.81	38.78	38.79	38.92	38.71	38.72	38.87	38.56	38.35	38.60	38.76	38.55	38.62	38.61	38.24	38.49	38.59	38.58	38.13	38.20	38.08	38.16	37.96	37.89	37.38	36.54	36.39	35.92	35.52	35.40	35.76	36.00	36.38	36.65	36.70	36.85	36.91	36.94	36.91	36.75	36.64	36.54	36.35	36.17	36.03	35.86	35.68	35.52	34.13	34.61	34.90	34.93	34.84	34.75	34.63	34.51	34.46	34.35	34.27	34.13	34.07	34.02	33.98	33.94	33.87	33.73	33.62	33.59	33.50	33.46	33.34	33.26	33.11	31.88	




Read count (%) per base for different quality score ranges

	RMB_6058_Gekko_rossi_Calayan_R1.trimmed.fq
Ranges	0-10	11-20	21-30	31-40
Base
1	0.00	1.00	1.75	97.25
2	0.00	0.26	0.83	98.92
3	0.00	0.18	0.54	99.28
4	0.00	0.29	0.84	98.87
5	0.00	0.16	0.56	99.28
6	0.00	0.16	0.48	99.36
7	0.00	0.15	0.55	99.30
8	0.00	0.16	0.53	99.31
9	0.00	0.18	0.56	99.27
10	0.00	0.20	0.61	99.19
11	0.00	0.21	0.56	99.23
12	0.00	0.25	0.72	99.03
13	0.00	0.22	0.69	99.09
14	0.00	0.28	0.69	99.03
15	0.00	0.27	0.67	99.06
16	0.00	0.27	0.73	99.00
17	0.00	0.21	0.63	99.16
18	0.00	0.23	0.82	98.95
19	0.00	0.23	0.70	99.08
20	0.00	0.29	0.74	98.97
21	0.00	0.27	0.70	99.03
22	0.00	0.29	0.73	98.99
23	0.00	0.26	0.76	98.98
24	0.00	0.24	0.73	99.03
25	0.00	0.21	0.73	99.05
26	0.00	0.26	0.90	98.84
27	0.00	0.24	0.82	98.94
28	0.00	0.19	0.68	99.13
29	0.00	0.18	0.75	99.06
30	0.00	0.23	0.89	98.88
31	0.00	0.16	0.76	99.08
32	0.00	0.16	0.75	99.08
33	0.00	0.19	0.83	98.98
34	0.00	0.17	0.76	99.07
35	0.00	0.18	0.72	99.10
36	0.00	0.21	1.02	98.78
37	0.00	0.15	0.72	99.13
38	0.00	0.15	0.70	99.15
39	0.00	0.16	0.77	99.07
40	0.00	0.21	1.20	98.59
41	0.00	0.16	0.98	98.86
42	0.00	0.18	1.01	98.80
43	0.00	0.16	0.86	98.98
44	0.00	0.18	0.97	98.85
45	0.00	0.16	1.07	98.78
46	0.00	0.20	1.62	98.18
47	0.00	0.37	3.10	96.53
48	0.00	0.49	3.48	96.03
49	0.00	0.76	5.06	94.19
50	0.00	1.31	6.91	91.78
51	0.00	2.38	6.33	91.29
52	0.00	2.17	4.94	92.89
53	0.00	1.86	4.21	93.93
54	0.00	1.34	3.21	95.45
55	0.00	1.04	2.49	96.47
56	0.00	0.81	2.32	96.87
57	0.00	0.59	1.82	97.59
58	0.00	0.41	1.59	97.99
59	0.00	0.26	1.39	98.36
60	0.00	0.18	1.18	98.65
61	0.00	0.14	1.22	98.64
62	0.00	0.14	1.12	98.74
63	0.00	0.12	1.10	98.78
64	0.00	0.14	1.17	98.68
65	0.00	0.12	1.36	98.53
66	0.00	0.12	1.27	98.60
67	0.00	0.14	1.32	98.55
68	0.00	0.15	1.31	98.54
69	0.00	0.11	1.33	98.55
70	0.00	0.12	3.12	96.76
71	0.00	0.12	1.84	98.04
72	0.00	0.12	1.49	98.39
73	0.00	0.12	1.38	98.50
74	0.00	0.11	1.49	98.39
75	0.00	0.13	1.44	98.43
76	0.00	0.16	1.55	98.29
77	0.00	0.19	1.77	98.05
78	0.00	0.14	1.74	98.13
79	0.00	0.14	1.84	98.02
80	0.00	0.17	1.91	97.92
81	0.00	0.20	2.38	97.42
82	0.00	0.22	2.22	97.56
83	0.00	0.20	2.27	97.53
84	0.00	0.19	2.25	97.56
85	0.00	0.22	2.27	97.51
86	0.00	0.23	2.33	97.44
87	0.00	0.27	2.69	97.04
88	0.00	0.28	2.83	96.88
89	0.00	0.27	2.70	97.03
90	0.00	0.30	2.98	96.72
91	0.00	0.30	3.02	96.69
92	0.00	0.32	3.03	96.65
93	0.00	0.33	3.18	96.49
94	0.00	0.37	3.47	96.16
95	0.00	1.07	7.75	91.18




