Parameters
	Library type	Single-end
	Input file	/Volumes/wdhd/users/joaks1/projects/gekgo/data/genomes/msg/plate3/demultiplexed-trimmed/RMB_9570_Lepidodactylus_balioburius_Sabtang_R1.trimmed.fq
	Primer/Adaptor library	NA
	Cut-off read length for HQ	70%
	Cut-off quality score	20
	Only statistics	On
	Number of processes	2


QC statistics
	File name	RMB_9570_Lepidodactylus_balioburius_Sabtang_R1.trimmed.fq
	Total number of reads	4242902
	Total number of HQ reads	4242253
	Percentage of HQ reads	99.98%
	Total number of bases	394544767
	Total number of bases in HQ reads	394526478
	Total number of HQ bases in HQ reads	393380219
	Percentage of HQ bases in HQ reads	99.71%
	Number of Primer/Adaptor contaminated HQ reads	NA
	Total number of HQ filtered reads	4242253
	Percentage of HQ filtered reads	99.98%


Detailed QC statistics
	File name	RMB_9570_Lepidodactylus_balioburius_Sabtang_R1.trimmed.fq
	Minimum read length	9
	Maximum read length	95
	Average read length	92.99
	Total number of reads	4242902
	Total number of reads with non-ATGC bases	0
	Percentage of reads with non-ATGC bases	0.00%
	Total number of bases	394544767
	Total number of HQ bases	393391343
	Percentage of HQ bases	99.71%
	Total number of non-ATGC bases	0
	Percentage of non-ATGC bases	0.00%


Average quality score at each base position of input reads

RMB_9570_Lepidodactylus_balioburius_Sabtang_R1.trimmed.fq
36.66	36.15	36.84	36.62	36.87	36.88	36.90	39.59	39.55	39.38	39.34	39.30	39.20	39.15	39.23	39.03	39.12	39.05	39.20	39.05	39.14	38.95	38.87	38.93	39.04	38.83	38.82	38.99	38.61	38.48	38.80	38.83	38.76	38.76	38.87	38.57	38.75	38.80	38.77	38.32	38.41	38.39	38.37	38.26	38.06	37.59	36.78	36.40	35.93	35.70	35.63	35.89	36.39	36.60	36.81	36.97	37.05	37.13	37.15	37.04	36.95	36.80	36.61	36.40	36.25	36.01	35.82	35.67	35.51	34.20	34.66	34.97	34.88	34.85	34.84	34.82	34.64	34.60	34.56	34.40	34.34	34.35	34.23	34.17	34.21	34.12	34.08	33.99	33.86	33.87	33.66	33.64	33.68	33.54	32.18	




Read count (%) per base for different quality score ranges

	RMB_9570_Lepidodactylus_balioburius_Sabtang_R1.trimmed.fq
Ranges	0-10	11-20	21-30	31-40
Base
1	0.00	0.59	0.85	98.55
2	0.00	0.17	0.51	99.33
3	0.00	0.13	0.38	99.49
4	0.00	0.22	0.67	99.11
5	0.00	0.12	0.45	99.43
6	0.00	0.11	0.41	99.49
7	0.00	0.11	0.38	99.52
8	0.00	0.11	0.38	99.50
9	0.00	0.13	0.42	99.45
10	0.00	0.17	0.51	99.32
11	0.00	0.15	0.48	99.37
12	0.00	0.17	0.53	99.30
13	0.00	0.18	0.59	99.23
14	0.00	0.22	0.56	99.22
15	0.00	0.20	0.54	99.27
16	0.00	0.22	0.61	99.17
17	0.00	0.19	0.58	99.23
18	0.00	0.18	0.62	99.20
19	0.00	0.17	0.52	99.31
20	0.00	0.22	0.62	99.16
21	0.00	0.19	0.54	99.27
22	0.00	0.22	0.60	99.19
23	0.00	0.21	0.63	99.16
24	0.00	0.18	0.58	99.25
25	0.00	0.18	0.60	99.22
26	0.00	0.20	0.77	99.03
27	0.00	0.17	0.65	99.18
28	0.00	0.13	0.56	99.31
29	0.00	0.15	0.66	99.19
30	0.00	0.16	0.68	99.15
31	0.00	0.14	0.59	99.27
32	0.00	0.15	0.61	99.24
33	0.00	0.16	0.69	99.15
34	0.00	0.17	0.63	99.20
35	0.00	0.15	0.63	99.22
36	0.00	0.17	0.88	98.94
37	0.00	0.13	0.62	99.25
38	0.00	0.12	0.59	99.30
39	0.00	0.13	0.65	99.22
40	0.00	0.16	1.02	98.82
41	0.00	0.14	0.87	98.99
42	0.00	0.15	0.87	98.98
43	0.00	0.15	0.79	99.06
44	0.00	0.15	0.90	98.95
45	0.00	0.15	0.96	98.89
46	0.00	0.19	1.41	98.40
47	0.00	0.32	3.06	96.61
48	0.00	0.47	4.67	94.87
49	0.00	0.75	5.62	93.63
50	0.00	1.20	7.05	91.75
51	0.00	2.21	6.47	91.32
52	0.00	2.21	5.22	92.57
53	0.00	1.56	3.92	94.52
54	0.00	1.24	3.09	95.66
55	0.00	0.94	2.43	96.63
56	0.00	0.72	2.00	97.28
57	0.00	0.53	1.66	97.81
58	0.00	0.37	1.42	98.21
59	0.00	0.24	1.21	98.55
60	0.00	0.19	1.16	98.65
61	0.00	0.12	1.05	98.83
62	0.00	0.10	1.00	98.89
63	0.00	0.11	1.04	98.85
64	0.00	0.10	1.15	98.74
65	0.00	0.10	1.01	98.90
66	0.00	0.12	1.20	98.69
67	0.00	0.11	1.24	98.65
68	0.00	0.11	1.25	98.64
69	0.00	0.12	1.35	98.52
70	0.00	0.11	3.01	96.88
71	0.00	0.13	1.81	98.06
72	0.00	0.11	1.40	98.49
73	0.00	0.16	1.94	97.90
74	0.00	0.13	1.68	98.19
75	0.00	0.11	1.56	98.33
76	0.00	0.12	1.45	98.44
77	0.00	0.17	1.93	97.90
78	0.00	0.16	1.83	98.01
79	0.00	0.14	2.04	97.83
80	0.00	0.17	2.16	97.67
81	0.00	0.20	2.11	97.70
82	0.00	0.20	2.21	97.59
83	0.00	0.18	2.30	97.52
84	0.00	0.20	2.39	97.42
85	0.00	0.18	2.14	97.67
86	0.00	0.19	2.33	97.48
87	0.00	0.20	2.33	97.47
88	0.00	0.21	2.53	97.26
89	0.00	0.26	2.74	97.00
90	0.00	0.26	2.68	97.06
91	0.00	0.31	3.08	96.61
92	0.00	0.31	2.98	96.71
93	0.00	0.29	2.79	96.92
94	0.00	0.30	3.04	96.67
95	0.00	1.16	7.75	91.09




