Parameters
	Library type	Single-end
	Input file	/Volumes/wdhd/users/joaks1/projects/gekgo/data/genomes/msg/plate3/demultiplexed-trimmed/RMB_6056_Gekko_rossi_Calayan_R1.trimmed.fq
	Primer/Adaptor library	NA
	Cut-off read length for HQ	70%
	Cut-off quality score	20
	Only statistics	On
	Number of processes	2


QC statistics
	File name	RMB_6056_Gekko_rossi_Calayan_R1.trimmed.fq
	Total number of reads	1252386
	Total number of HQ reads	1252196
	Percentage of HQ reads	99.98%
	Total number of bases	116344237
	Total number of bases in HQ reads	116338791
	Total number of HQ bases in HQ reads	115981976
	Percentage of HQ bases in HQ reads	99.69%
	Number of Primer/Adaptor contaminated HQ reads	NA
	Total number of HQ filtered reads	1252196
	Percentage of HQ filtered reads	99.98%


Detailed QC statistics
	File name	RMB_6056_Gekko_rossi_Calayan_R1.trimmed.fq
	Minimum read length	8
	Maximum read length	95
	Average read length	92.90
	Total number of reads	1252386
	Total number of reads with non-ATGC bases	0
	Percentage of reads with non-ATGC bases	0.00%
	Total number of bases	116344237
	Total number of HQ bases	115985360
	Percentage of HQ bases	99.69%
	Total number of non-ATGC bases	0
	Percentage of non-ATGC bases	0.00%


Average quality score at each base position of input reads

RMB_6056_Gekko_rossi_Calayan_R1.trimmed.fq
36.37	34.95	36.81	36.58	36.87	36.89	36.89	39.55	39.50	39.35	39.31	39.23	39.30	39.27	39.27	39.08	39.17	39.05	39.18	39.03	39.09	38.86	38.83	38.85	38.97	38.78	38.80	38.95	38.62	38.44	38.67	38.83	38.65	38.70	38.71	38.35	38.60	38.70	38.70	38.25	38.33	38.25	38.32	38.14	38.07	37.57	36.77	36.63	36.17	35.80	35.66	35.99	36.31	36.64	36.92	36.99	37.17	37.25	37.28	37.26	37.16	37.06	36.97	36.78	36.62	36.49	36.34	36.16	35.99	34.53	35.01	35.33	35.35	35.25	35.16	34.98	34.82	34.76	34.64	34.53	34.40	34.32	34.27	34.21	34.14	34.08	33.94	33.83	33.78	33.67	33.61	33.50	33.41	33.27	32.01	




Read count (%) per base for different quality score ranges

	RMB_6056_Gekko_rossi_Calayan_R1.trimmed.fq
Ranges	0-10	11-20	21-30	31-40
Base
1	0.00	0.59	1.04	98.37
2	0.00	0.14	0.63	99.22
3	0.00	0.12	0.38	99.51
4	0.00	0.22	0.71	99.07
5	0.00	0.11	0.40	99.49
6	0.00	0.11	0.37	99.52
7	0.00	0.11	0.37	99.52
8	0.00	0.11	0.36	99.53
9	0.00	0.13	0.39	99.48
10	0.00	0.16	0.46	99.38
11	0.00	0.14	0.42	99.44
12	0.00	0.17	0.51	99.31
13	0.00	0.16	0.54	99.30
14	0.00	0.22	0.52	99.26
15	0.00	0.20	0.49	99.31
16	0.00	0.19	0.57	99.24
17	0.00	0.17	0.48	99.35
18	0.00	0.19	0.63	99.18
19	0.00	0.19	0.53	99.28
20	0.00	0.24	0.61	99.15
21	0.00	0.23	0.54	99.23
22	0.00	0.26	0.60	99.14
23	0.00	0.24	0.63	99.13
24	0.00	0.21	0.60	99.20
25	0.00	0.21	0.57	99.22
26	0.00	0.23	0.72	99.05
27	0.00	0.20	0.68	99.12
28	0.00	0.15	0.56	99.29
29	0.00	0.17	0.62	99.21
30	0.00	0.19	0.74	99.07
31	0.00	0.14	0.60	99.26
32	0.00	0.15	0.60	99.25
33	0.00	0.17	0.69	99.14
34	0.00	0.16	0.63	99.21
35	0.00	0.15	0.62	99.23
36	0.00	0.18	0.93	98.89
37	0.00	0.12	0.60	99.27
38	0.00	0.13	0.59	99.29
39	0.00	0.13	0.65	99.23
40	0.00	0.18	1.02	98.80
41	0.00	0.13	0.79	99.08
42	0.00	0.15	0.81	99.04
43	0.00	0.13	0.71	99.15
44	0.00	0.16	0.82	99.02
45	0.00	0.14	0.89	98.96
46	0.00	0.20	1.38	98.43
47	0.00	0.34	2.66	97.00
48	0.00	0.44	2.97	96.59
49	0.00	0.74	4.22	95.05
50	0.00	1.27	5.95	92.79
51	0.00	2.36	5.59	92.05
52	0.00	2.23	4.41	93.36
53	0.00	1.80	3.61	94.59
54	0.00	1.35	2.85	95.80
55	0.00	1.02	2.30	96.68
56	0.00	0.79	2.22	96.98
57	0.00	0.56	1.67	97.77
58	0.00	0.38	1.42	98.20
59	0.00	0.26	1.28	98.46
60	0.00	0.18	1.14	98.68
61	0.00	0.15	1.09	98.76
62	0.00	0.15	1.14	98.71
63	0.00	0.12	1.06	98.81
64	0.00	0.14	1.17	98.70
65	0.00	0.12	1.31	98.57
66	0.00	0.12	1.26	98.62
67	0.00	0.13	1.24	98.63
68	0.00	0.13	1.26	98.61
69	0.00	0.13	1.27	98.59
70	0.00	0.12	2.99	96.89
71	0.00	0.13	1.71	98.16
72	0.00	0.12	1.43	98.45
73	0.00	0.11	1.37	98.52
74	0.00	0.11	1.44	98.45
75	0.00	0.12	1.39	98.50
76	0.00	0.14	1.54	98.32
77	0.00	0.20	1.82	97.99
78	0.00	0.13	1.72	98.15
79	0.00	0.16	1.84	98.00
80	0.00	0.17	1.96	97.88
81	0.00	0.19	2.26	97.55
82	0.00	0.22	2.27	97.51
83	0.00	0.18	2.28	97.54
84	0.00	0.19	2.28	97.53
85	0.00	0.20	2.35	97.45
86	0.00	0.22	2.39	97.39
87	0.00	0.25	2.71	97.04
88	0.00	0.27	2.88	96.84
89	0.00	0.28	2.82	96.90
90	0.00	0.32	3.13	96.55
91	0.00	0.32	3.25	96.44
92	0.00	0.33	3.21	96.46
93	0.00	0.34	3.38	96.28
94	0.00	0.37	3.70	95.93
95	0.00	1.09	8.05	90.86




