Parameters
	Library type	Single-end
	Input file	/Volumes/wdhd/users/joaks1/projects/gekgo/data/genomes/msg/plate3/demultiplexed-trimmed/RMB_13662_Gekko_mindorensis_Luzon_R1.trimmed.fq
	Primer/Adaptor library	NA
	Cut-off read length for HQ	70%
	Cut-off quality score	20
	Only statistics	On
	Number of processes	2


QC statistics
	File name	RMB_13662_Gekko_mindorensis_Luzon_R1.trimmed.fq
	Total number of reads	41087
	Total number of HQ reads	41052
	Percentage of HQ reads	99.91%
	Total number of bases	3799355
	Total number of bases in HQ reads	3798282
	Total number of HQ bases in HQ reads	3784139
	Percentage of HQ bases in HQ reads	99.63%
	Number of Primer/Adaptor contaminated HQ reads	NA
	Total number of HQ filtered reads	41052
	Percentage of HQ filtered reads	99.91%


Detailed QC statistics
	File name	RMB_13662_Gekko_mindorensis_Luzon_R1.trimmed.fq
	Minimum read length	16
	Maximum read length	95
	Average read length	92.47
	Total number of reads	41087
	Total number of reads with non-ATGC bases	0
	Percentage of reads with non-ATGC bases	0.00%
	Total number of bases	3799355
	Total number of HQ bases	3784793
	Percentage of HQ bases	99.62%
	Total number of non-ATGC bases	0
	Percentage of non-ATGC bases	0.00%


Average quality score at each base position of input reads

RMB_13662_Gekko_mindorensis_Luzon_R1.trimmed.fq
35.35	35.08	36.70	36.39	36.77	36.81	36.82	39.38	39.37	39.29	39.24	39.15	39.22	39.20	39.22	39.02	39.09	38.99	39.12	38.94	39.03	38.85	38.80	38.79	38.86	38.68	38.71	38.84	38.55	38.38	38.59	38.73	38.56	38.60	38.64	38.34	38.53	38.58	38.57	38.09	38.14	38.12	38.12	37.94	37.84	37.35	36.64	36.45	35.95	35.61	35.40	35.69	36.12	36.33	36.60	36.70	36.82	36.94	37.02	37.03	36.96	36.88	36.76	36.61	36.45	36.33	36.18	36.05	35.77	34.23	34.86	35.21	35.25	35.13	35.03	34.80	34.66	34.56	34.47	34.38	34.27	34.19	34.09	34.03	33.97	33.90	33.79	33.72	33.61	33.51	33.49	33.42	33.39	33.26	31.93	




Read count (%) per base for different quality score ranges

	RMB_13662_Gekko_mindorensis_Luzon_R1.trimmed.fq
Ranges	0-10	11-20	21-30	31-40
Base
1	0.00	1.19	1.84	96.97
2	0.00	0.33	0.91	98.76
3	0.00	0.31	0.72	98.97
4	0.00	0.48	1.14	98.38
5	0.00	0.31	0.73	98.96
6	0.00	0.24	0.67	99.09
7	0.00	0.23	0.61	99.16
8	0.00	0.27	0.58	99.15
9	0.00	0.25	0.64	99.11
10	0.00	0.32	0.64	99.04
11	0.00	0.27	0.72	99.01
12	0.00	0.31	0.81	98.89
13	0.00	0.29	0.80	98.91
14	0.00	0.39	0.80	98.81
15	0.00	0.39	0.81	98.80
16	0.00	0.37	0.80	98.84
17	0.00	0.30	0.77	98.94
18	0.00	0.31	0.84	98.85
19	0.00	0.33	0.77	98.90
20	0.00	0.43	0.85	98.71
21	0.00	0.40	0.71	98.89
22	0.00	0.36	0.80	98.84
23	0.00	0.38	0.81	98.82
24	0.00	0.40	0.73	98.86
25	0.00	0.44	0.78	98.78
26	0.00	0.47	0.95	98.58
27	0.00	0.34	0.85	98.81
28	0.00	0.33	0.79	98.89
29	0.00	0.25	0.80	98.95
30	0.00	0.29	0.93	98.78
31	0.00	0.25	0.80	98.95
32	0.00	0.22	0.83	98.95
33	0.00	0.21	0.85	98.94
34	0.00	0.23	0.77	99.00
35	0.00	0.21	0.82	98.97
36	0.00	0.25	1.04	98.72
37	0.00	0.17	0.76	99.07
38	0.00	0.19	0.73	99.08
39	0.00	0.18	0.77	99.05
40	0.00	0.19	1.25	98.56
41	0.00	0.18	0.97	98.86
42	0.00	0.21	0.95	98.84
43	0.00	0.19	0.88	98.94
44	0.00	0.17	0.92	98.92
45	0.00	0.19	1.10	98.72
46	0.00	0.23	1.33	98.44
47	0.00	0.36	2.57	97.06
48	0.00	0.42	3.02	96.57
49	0.00	0.79	4.24	94.97
50	0.00	1.21	5.88	92.91
51	0.00	2.54	5.70	91.76
52	0.00	2.55	4.52	92.93
53	0.00	1.85	3.74	94.42
54	0.00	1.67	2.90	95.43
55	0.00	1.24	2.35	96.40
56	0.00	1.01	2.09	96.90
57	0.00	0.76	1.81	97.43
58	0.00	0.50	1.45	98.05
59	0.00	0.37	1.31	98.32
60	0.00	0.22	1.12	98.65
61	0.00	0.16	1.07	98.77
62	0.00	0.13	1.05	98.82
63	0.00	0.13	1.04	98.83
64	0.00	0.15	1.12	98.73
65	0.00	0.11	1.30	98.59
66	0.00	0.09	1.16	98.75
67	0.00	0.11	1.14	98.75
68	0.00	0.11	1.04	98.85
69	0.00	0.14	1.34	98.52
70	0.00	0.11	3.22	96.67
71	0.00	0.10	1.52	98.38
72	0.00	0.12	1.25	98.64
73	0.00	0.08	1.28	98.65
74	0.00	0.09	1.29	98.61
75	0.00	0.09	1.16	98.74
76	0.00	0.11	1.45	98.43
77	0.00	0.15	1.66	98.19
78	0.00	0.13	1.57	98.30
79	0.00	0.13	1.73	98.14
80	0.00	0.14	1.78	98.08
81	0.00	0.14	1.81	98.04
82	0.00	0.26	1.94	97.80
83	0.00	0.16	2.20	97.63
84	0.00	0.20	2.20	97.60
85	0.00	0.21	2.20	97.59
86	0.00	0.19	2.25	97.55
87	0.00	0.19	2.36	97.45
88	0.00	0.18	2.44	97.38
89	0.00	0.30	2.59	97.11
90	0.00	0.32	2.83	96.85
91	0.00	0.26	2.83	96.91
92	0.00	0.29	2.70	97.00
93	0.00	0.24	2.93	96.83
94	0.00	0.30	3.07	96.64
95	0.00	0.97	7.53	91.49




