Parameters
	Library type	Single-end
	Input file	/Volumes/wdhd/users/joaks1/projects/gekgo/data/genomes/msg/plate3/demultiplexed-trimmed/RMB_7922_Gekko_monarchus_Palawan_R1.trimmed.fq
	Primer/Adaptor library	NA
	Cut-off read length for HQ	70%
	Cut-off quality score	20
	Only statistics	On
	Number of processes	2


QC statistics
	File name	RMB_7922_Gekko_monarchus_Palawan_R1.trimmed.fq
	Total number of reads	235102
	Total number of HQ reads	235054
	Percentage of HQ reads	99.98%
	Total number of bases	21865538
	Total number of bases in HQ reads	21864262
	Total number of HQ bases in HQ reads	21797189
	Percentage of HQ bases in HQ reads	99.69%
	Number of Primer/Adaptor contaminated HQ reads	NA
	Total number of HQ filtered reads	235054
	Percentage of HQ filtered reads	99.98%


Detailed QC statistics
	File name	RMB_7922_Gekko_monarchus_Palawan_R1.trimmed.fq
	Minimum read length	11
	Maximum read length	95
	Average read length	93.00
	Total number of reads	235102
	Total number of reads with non-ATGC bases	0
	Percentage of reads with non-ATGC bases	0.00%
	Total number of bases	21865538
	Total number of HQ bases	21797967
	Percentage of HQ bases	99.69%
	Total number of non-ATGC bases	0
	Percentage of non-ATGC bases	0.00%


Average quality score at each base position of input reads

RMB_7922_Gekko_monarchus_Palawan_R1.trimmed.fq
36.45	36.19	36.85	36.59	36.86	36.89	36.88	39.46	39.45	39.40	39.34	39.24	39.32	39.35	39.32	39.08	39.17	39.07	39.21	39.06	39.15	38.92	38.90	38.93	38.98	38.81	38.84	39.02	38.75	38.60	38.78	38.94	38.77	38.77	38.83	38.57	38.74	38.78	38.79	38.42	38.46	38.43	38.42	38.29	38.19	37.53	36.93	36.68	36.25	35.83	35.78	35.93	36.47	36.74	36.95	37.08	37.23	37.37	37.44	37.46	37.41	37.31	37.19	37.01	36.85	36.70	36.56	36.38	36.09	34.62	35.21	35.55	35.58	35.46	35.35	35.19	35.07	34.98	34.88	34.78	34.65	34.60	34.53	34.52	34.45	34.40	34.22	34.18	34.11	34.02	33.98	33.91	33.83	33.75	32.38	




Read count (%) per base for different quality score ranges

	RMB_7922_Gekko_monarchus_Palawan_R1.trimmed.fq
Ranges	0-10	11-20	21-30	31-40
Base
1	0.00	0.53	0.86	98.61
2	0.00	0.15	0.42	99.43
3	0.00	0.13	0.36	99.51
4	0.00	0.26	0.66	99.07
5	0.00	0.13	0.44	99.43
6	0.00	0.12	0.37	99.51
7	0.00	0.13	0.42	99.45
8	0.00	0.15	0.41	99.44
9	0.00	0.15	0.42	99.43
10	0.00	0.18	0.48	99.34
11	0.00	0.16	0.48	99.36
12	0.00	0.20	0.57	99.23
13	0.00	0.18	0.59	99.22
14	0.00	0.21	0.54	99.25
15	0.00	0.20	0.53	99.26
16	0.00	0.22	0.59	99.19
17	0.00	0.18	0.51	99.31
18	0.00	0.20	0.63	99.17
19	0.00	0.20	0.56	99.24
20	0.00	0.24	0.62	99.15
21	0.00	0.24	0.56	99.21
22	0.00	0.26	0.62	99.12
23	0.00	0.25	0.60	99.14
24	0.00	0.23	0.59	99.18
25	0.00	0.25	0.55	99.20
26	0.00	0.25	0.72	99.03
27	0.00	0.23	0.66	99.12
28	0.00	0.19	0.56	99.26
29	0.00	0.19	0.58	99.23
30	0.00	0.20	0.71	99.09
31	0.00	0.18	0.58	99.24
32	0.00	0.16	0.59	99.25
33	0.00	0.18	0.63	99.19
34	0.00	0.16	0.61	99.23
35	0.00	0.17	0.60	99.23
36	0.00	0.16	0.80	99.04
37	0.00	0.13	0.60	99.27
38	0.00	0.14	0.58	99.28
39	0.00	0.14	0.60	99.26
40	0.00	0.16	0.89	98.94
41	0.00	0.13	0.72	99.15
42	0.00	0.14	0.74	99.11
43	0.00	0.14	0.65	99.21
44	0.00	0.14	0.74	99.12
45	0.00	0.15	0.81	99.05
46	0.00	0.22	1.20	98.59
47	0.00	0.30	2.36	97.34
48	0.00	0.37	2.52	97.11
49	0.00	0.72	4.07	95.21
50	0.00	1.29	5.69	93.01
51	0.00	2.22	5.24	92.54
52	0.00	2.51	4.54	92.95
53	0.00	1.85	3.32	94.83
54	0.00	1.51	2.79	95.69
55	0.00	1.21	2.26	96.53
56	0.00	1.02	2.01	96.97
57	0.00	0.73	1.70	97.56
58	0.00	0.48	1.39	98.13
59	0.00	0.30	1.25	98.44
60	0.00	0.18	1.04	98.78
61	0.00	0.13	0.95	98.92
62	0.00	0.12	0.95	98.94
63	0.00	0.10	0.85	99.05
64	0.00	0.11	0.99	98.90
65	0.00	0.10	1.15	98.74
66	0.00	0.12	1.06	98.82
67	0.00	0.12	1.10	98.78
68	0.00	0.11	1.03	98.86
69	0.00	0.12	1.22	98.66
70	0.00	0.11	2.91	96.98
71	0.00	0.12	1.48	98.40
72	0.00	0.10	1.19	98.72
73	0.00	0.10	1.14	98.77
74	0.00	0.09	1.25	98.66
75	0.00	0.10	1.20	98.70
76	0.00	0.10	1.32	98.57
77	0.00	0.13	1.42	98.45
78	0.00	0.10	1.41	98.49
79	0.00	0.13	1.67	98.20
80	0.00	0.14	1.68	98.18
81	0.00	0.15	1.87	97.98
82	0.00	0.16	1.88	97.97
83	0.00	0.16	1.94	97.89
84	0.00	0.13	1.83	98.03
85	0.00	0.18	1.94	97.88
86	0.00	0.16	2.05	97.79
87	0.00	0.18	2.26	97.56
88	0.00	0.18	2.41	97.42
89	0.00	0.22	2.41	97.37
90	0.00	0.24	2.53	97.23
91	0.00	0.25	2.60	97.16
92	0.00	0.25	2.58	97.17
93	0.00	0.26	2.77	96.97
94	0.00	0.25	2.86	96.89
95	0.00	0.96	7.29	91.75




