Parameters
	Library type	Single-end
	Input file	/Volumes/wdhd/users/joaks1/projects/gekgo/data/genomes/msg/plate3/demultiplexed-trimmed/RMB_13551_Hemidactylus_frenatus_Luzon_R1.trimmed.fq
	Primer/Adaptor library	NA
	Cut-off read length for HQ	70%
	Cut-off quality score	20
	Only statistics	On
	Number of processes	2


QC statistics
	File name	RMB_13551_Hemidactylus_frenatus_Luzon_R1.trimmed.fq
	Total number of reads	17134
	Total number of HQ reads	17097
	Percentage of HQ reads	99.78%
	Total number of bases	1503090
	Total number of bases in HQ reads	1501905
	Total number of HQ bases in HQ reads	1488514
	Percentage of HQ bases in HQ reads	99.11%
	Number of Primer/Adaptor contaminated HQ reads	NA
	Total number of HQ filtered reads	17097
	Percentage of HQ filtered reads	99.78%


Detailed QC statistics
	File name	RMB_13551_Hemidactylus_frenatus_Luzon_R1.trimmed.fq
	Minimum read length	11
	Maximum read length	95
	Average read length	87.73
	Total number of reads	17134
	Total number of reads with non-ATGC bases	0
	Percentage of reads with non-ATGC bases	0.00%
	Total number of bases	1503090
	Total number of HQ bases	1489262
	Percentage of HQ bases	99.08%
	Total number of non-ATGC bases	0
	Percentage of non-ATGC bases	0.00%


Average quality score at each base position of input reads

RMB_13551_Hemidactylus_frenatus_Luzon_R1.trimmed.fq
34.75	35.16	35.73	35.01	35.88	36.11	36.28	38.50	38.41	38.26	38.13	38.11	38.22	38.16	38.14	38.01	38.04	37.94	38.07	37.80	37.87	37.81	37.76	37.84	37.81	37.60	37.57	37.64	37.45	37.18	37.38	37.44	37.21	37.19	37.09	36.76	36.87	36.89	36.79	36.38	36.32	36.24	36.08	35.93	35.69	35.32	34.54	34.33	33.74	33.19	33.00	33.14	33.36	33.55	33.69	33.67	33.70	33.71	33.71	33.55	33.49	33.37	33.07	32.93	32.79	32.55	32.36	32.22	32.00	30.68	31.10	31.30	31.27	31.16	31.02	30.86	30.67	30.55	30.45	30.31	30.18	30.11	30.05	29.96	29.83	29.78	29.69	29.62	29.53	29.45	29.33	29.26	29.17	29.10	27.91	




Read count (%) per base for different quality score ranges

	RMB_13551_Hemidactylus_frenatus_Luzon_R1.trimmed.fq
Ranges	0-10	11-20	21-30	31-40
Base
1	0.00	3.62	5.50	90.88
2	0.00	1.27	3.57	95.16
3	0.00	1.83	4.08	94.09
4	0.00	3.89	5.21	90.91
5	0.00	1.77	3.49	94.74
6	0.00	1.18	2.95	95.87
7	0.00	0.92	2.40	96.68
8	0.00	0.91	2.26	96.83
9	0.00	0.89	2.52	96.59
10	0.00	1.00	2.68	96.32
11	0.00	1.24	2.89	95.87
12	0.00	1.11	3.04	95.85
13	0.00	1.17	2.75	96.07
14	0.00	1.17	3.09	95.74
15	0.00	1.26	2.97	95.77
16	0.00	1.23	3.12	95.65
17	0.00	1.17	2.95	95.87
18	0.00	1.17	3.05	95.78
19	0.00	1.23	2.66	96.11
20	0.00	1.74	3.00	95.25
21	0.00	1.57	2.91	95.52
22	0.00	1.24	2.77	95.99
23	0.00	1.32	3.07	95.61
24	0.00	1.14	3.13	95.74
25	0.00	1.29	3.03	95.68
26	0.00	1.54	3.18	95.28
27	0.00	1.44	3.02	95.54
28	0.00	1.26	3.19	95.55
29	0.00	0.85	3.04	96.10
30	0.00	1.33	3.27	95.40
31	0.00	0.80	3.13	96.06
32	0.00	0.63	2.98	96.39
33	0.00	0.74	3.21	96.04
34	0.00	0.68	3.04	96.27
35	0.00	0.71	3.05	96.24
36	0.00	0.80	3.18	96.02
37	0.00	0.67	2.79	96.54
38	0.00	0.62	2.63	96.74
39	0.00	0.59	2.63	96.78
40	0.00	0.72	3.14	96.14
41	0.00	0.64	3.06	96.30
42	0.00	0.59	3.17	96.23
43	0.00	0.61	3.10	96.28
44	0.00	0.60	2.96	96.43
45	0.00	0.72	3.24	96.04
46	0.00	0.72	3.29	95.99
47	0.00	0.88	4.55	94.57
48	0.00	0.84	4.60	94.56
49	0.00	1.14	5.76	93.10
50	0.00	1.86	7.65	90.49
51	0.00	2.95	6.93	90.12
52	0.00	2.78	5.60	91.61
53	0.00	2.37	5.00	92.63
54	0.00	1.85	4.21	93.94
55	0.00	1.54	3.50	94.97
56	0.00	1.31	3.28	95.41
57	0.00	0.97	2.83	96.20
58	0.00	0.74	2.79	96.47
59	0.00	0.55	2.35	97.11
60	0.00	0.40	2.66	96.93
61	0.00	0.26	2.16	97.58
62	0.00	0.33	1.75	97.93
63	0.00	0.27	2.13	97.60
64	0.00	0.24	2.04	97.72
65	0.00	0.26	2.01	97.73
66	0.00	0.28	2.09	97.63
67	0.00	0.24	1.87	97.89
68	0.00	0.19	1.92	97.89
69	0.00	0.23	2.03	97.74
70	0.00	0.18	4.34	95.48
71	0.00	0.24	2.56	97.20
72	0.00	0.21	2.34	97.46
73	0.00	0.22	2.44	97.34
74	0.00	0.21	2.26	97.54
75	0.00	0.30	2.21	97.48
76	0.00	0.23	2.47	97.30
77	0.00	0.28	2.92	96.80
78	0.00	0.33	2.51	97.16
79	0.00	0.23	2.75	97.02
80	0.00	0.22	2.70	97.08
81	0.00	0.31	3.03	96.66
82	0.00	0.22	3.20	96.57
83	0.00	0.29	3.13	96.58
84	0.00	0.31	3.16	96.53
85	0.00	0.32	3.72	95.96
86	0.00	0.26	3.59	96.15
87	0.00	0.30	3.56	96.14
88	0.00	0.32	3.70	95.98
89	0.00	0.33	4.05	95.62
90	0.00	0.36	3.67	95.97
91	0.00	0.39	4.42	95.18
92	0.00	0.39	4.08	95.53
93	0.00	0.32	4.29	95.39
94	0.00	0.44	4.08	95.48
95	0.00	1.36	9.04	89.59




