Parameters
	Library type	Single-end
	Input file	/Volumes/wdhd/users/joaks1/projects/gekgo/data/genomes/msg/plate3/demultiplexed-trimmed/RMB_8765_Gekko_romblon_Tablas_R1.trimmed.fq
	Primer/Adaptor library	NA
	Cut-off read length for HQ	70%
	Cut-off quality score	20
	Only statistics	On
	Number of processes	2


QC statistics
	File name	RMB_8765_Gekko_romblon_Tablas_R1.trimmed.fq
	Total number of reads	901033
	Total number of HQ reads	900889
	Percentage of HQ reads	99.98%
	Total number of bases	84018463
	Total number of bases in HQ reads	84013854
	Total number of HQ bases in HQ reads	83745705
	Percentage of HQ bases in HQ reads	99.68%
	Number of Primer/Adaptor contaminated HQ reads	NA
	Total number of HQ filtered reads	900889
	Percentage of HQ filtered reads	99.98%


Detailed QC statistics
	File name	RMB_8765_Gekko_romblon_Tablas_R1.trimmed.fq
	Minimum read length	10
	Maximum read length	95
	Average read length	93.25
	Total number of reads	901033
	Total number of reads with non-ATGC bases	0
	Percentage of reads with non-ATGC bases	0.00%
	Total number of bases	84018463
	Total number of HQ bases	83748533
	Percentage of HQ bases	99.68%
	Total number of non-ATGC bases	0
	Percentage of non-ATGC bases	0.00%


Average quality score at each base position of input reads

RMB_8765_Gekko_romblon_Tablas_R1.trimmed.fq
36.74	36.39	36.86	36.60	36.86	36.88	36.89	39.57	39.53	39.37	39.33	39.30	39.34	39.32	39.31	39.15	39.19	39.06	39.22	39.08	39.14	38.94	38.96	39.02	39.07	38.89	38.90	39.03	38.72	38.57	38.82	38.95	38.81	38.84	38.87	38.62	38.78	38.88	38.86	38.48	38.53	38.50	38.48	38.33	38.19	37.75	37.06	36.86	36.34	35.91	35.76	36.07	36.47	36.80	37.06	37.19	37.34	37.42	37.45	37.48	37.45	37.39	37.28	37.13	37.03	36.86	36.74	36.61	36.40	34.94	35.47	35.80	35.83	35.68	35.56	35.41	35.27	35.17	35.07	34.94	34.84	34.74	34.65	34.57	34.47	34.41	34.33	34.27	34.22	34.10	34.00	33.97	33.92	33.87	32.66	




Read count (%) per base for different quality score ranges

	RMB_8765_Gekko_romblon_Tablas_R1.trimmed.fq
Ranges	0-10	11-20	21-30	31-40
Base
1	0.00	0.46	0.71	98.83
2	0.00	0.16	0.41	99.44
3	0.00	0.12	0.35	99.53
4	0.00	0.26	0.71	99.04
5	0.00	0.14	0.44	99.43
6	0.00	0.13	0.38	99.50
7	0.00	0.13	0.38	99.50
8	0.00	0.13	0.36	99.51
9	0.00	0.16	0.43	99.42
10	0.00	0.18	0.49	99.33
11	0.00	0.17	0.44	99.39
12	0.00	0.18	0.50	99.32
13	0.00	0.17	0.53	99.30
14	0.00	0.22	0.52	99.27
15	0.00	0.22	0.52	99.26
16	0.00	0.20	0.57	99.24
17	0.00	0.17	0.49	99.33
18	0.00	0.20	0.65	99.15
19	0.00	0.18	0.50	99.32
20	0.00	0.24	0.58	99.17
21	0.00	0.23	0.54	99.23
22	0.00	0.25	0.59	99.16
23	0.00	0.24	0.59	99.17
24	0.00	0.22	0.56	99.22
25	0.00	0.25	0.56	99.19
26	0.00	0.28	0.74	98.98
27	0.00	0.25	0.66	99.09
28	0.00	0.18	0.59	99.23
29	0.00	0.19	0.64	99.17
30	0.00	0.21	0.72	99.07
31	0.00	0.17	0.59	99.24
32	0.00	0.16	0.60	99.24
33	0.00	0.20	0.70	99.11
34	0.00	0.18	0.62	99.20
35	0.00	0.17	0.64	99.18
36	0.00	0.17	0.80	99.03
37	0.00	0.13	0.60	99.27
38	0.00	0.13	0.57	99.31
39	0.00	0.12	0.62	99.25
40	0.00	0.16	0.92	98.92
41	0.00	0.14	0.77	99.09
42	0.00	0.17	0.80	99.03
43	0.00	0.15	0.74	99.12
44	0.00	0.16	0.85	98.99
45	0.00	0.15	0.83	99.02
46	0.00	0.20	1.20	98.60
47	0.00	0.30	2.28	97.42
48	0.00	0.45	2.71	96.84
49	0.00	0.71	3.97	95.32
50	0.00	1.37	5.82	92.82
51	0.00	2.56	5.52	91.92
52	0.00	2.52	4.38	93.10
53	0.00	2.06	3.49	94.45
54	0.00	1.58	2.78	95.64
55	0.00	1.17	2.27	96.56
56	0.00	0.97	1.83	97.20
57	0.00	0.69	1.55	97.76
58	0.00	0.49	1.43	98.07
59	0.00	0.33	1.37	98.30
60	0.00	0.22	1.11	98.67
61	0.00	0.15	0.99	98.86
62	0.00	0.13	0.94	98.93
63	0.00	0.12	1.00	98.89
64	0.00	0.12	1.32	98.56
65	0.00	0.11	1.01	98.89
66	0.00	0.11	1.17	98.72
67	0.00	0.11	1.09	98.80
68	0.00	0.13	1.08	98.79
69	0.00	0.13	1.49	98.39
70	0.00	0.10	2.78	97.11
71	0.00	0.11	1.47	98.42
72	0.00	0.10	1.18	98.73
73	0.00	0.09	1.13	98.78
74	0.00	0.10	1.31	98.59
75	0.00	0.12	1.26	98.62
76	0.00	0.13	1.46	98.40
77	0.00	0.15	1.54	98.32
78	0.00	0.15	1.51	98.34
79	0.00	0.14	1.57	98.30
80	0.00	0.16	1.77	98.06
81	0.00	0.16	1.85	98.00
82	0.00	0.17	1.99	97.83
83	0.00	0.18	2.09	97.73
84	0.00	0.21	2.18	97.61
85	0.00	0.22	2.35	97.44
86	0.00	0.19	2.33	97.48
87	0.00	0.21	2.41	97.38
88	0.00	0.21	2.52	97.27
89	0.00	0.22	2.49	97.29
90	0.00	0.24	2.81	96.95
91	0.00	0.29	2.97	96.73
92	0.00	0.27	2.94	96.79
93	0.00	0.29	2.89	96.82
94	0.00	0.27	2.96	96.78
95	0.00	0.92	6.98	92.09




