Parameters
	Library type	Single-end
	Input file	/Volumes/wdhd/users/joaks1/projects/gekgo/data/genomes/msg/plate3/demultiplexed-trimmed/RMB_5730_Gekko_sp.b_CamiguinNorte_R1.trimmed.fq
	Primer/Adaptor library	NA
	Cut-off read length for HQ	70%
	Cut-off quality score	20
	Only statistics	On
	Number of processes	2


QC statistics
	File name	RMB_5730_Gekko_sp.b_CamiguinNorte_R1.trimmed.fq
	Total number of reads	385413
	Total number of HQ reads	385338
	Percentage of HQ reads	99.98%
	Total number of bases	35826624
	Total number of bases in HQ reads	35824416
	Total number of HQ bases in HQ reads	35713812
	Percentage of HQ bases in HQ reads	99.69%
	Number of Primer/Adaptor contaminated HQ reads	NA
	Total number of HQ filtered reads	385338
	Percentage of HQ filtered reads	99.98%


Detailed QC statistics
	File name	RMB_5730_Gekko_sp.b_CamiguinNorte_R1.trimmed.fq
	Minimum read length	9
	Maximum read length	95
	Average read length	92.96
	Total number of reads	385413
	Total number of reads with non-ATGC bases	0
	Percentage of reads with non-ATGC bases	0.00%
	Total number of bases	35826624
	Total number of HQ bases	35715204
	Percentage of HQ bases	99.69%
	Total number of non-ATGC bases	0
	Percentage of non-ATGC bases	0.00%


Average quality score at each base position of input reads

RMB_5730_Gekko_sp.b_CamiguinNorte_R1.trimmed.fq
35.86	35.37	36.82	36.59	36.87	36.89	36.89	39.57	39.52	39.36	39.31	39.23	39.32	39.29	39.28	39.12	39.20	39.07	39.20	39.06	39.11	38.90	38.89	38.91	39.02	38.82	38.84	38.98	38.67	38.50	38.74	38.89	38.73	38.78	38.78	38.44	38.68	38.77	38.76	38.33	38.41	38.32	38.40	38.21	38.14	37.64	36.86	36.71	36.26	35.87	35.71	36.05	36.38	36.71	36.99	37.07	37.24	37.32	37.37	37.35	37.26	37.17	37.09	36.92	36.76	36.63	36.50	36.32	36.15	34.70	35.19	35.49	35.51	35.41	35.30	35.12	34.97	34.90	34.78	34.69	34.56	34.47	34.42	34.37	34.29	34.22	34.09	33.99	33.94	33.87	33.79	33.68	33.59	33.46	32.23	




Read count (%) per base for different quality score ranges

	RMB_5730_Gekko_sp.b_CamiguinNorte_R1.trimmed.fq
Ranges	0-10	11-20	21-30	31-40
Base
1	0.00	0.66	1.19	98.15
2	0.00	0.17	0.55	99.28
3	0.00	0.13	0.39	99.48
4	0.00	0.24	0.71	99.04
5	0.00	0.12	0.43	99.45
6	0.00	0.11	0.39	99.50
7	0.00	0.11	0.37	99.52
8	0.00	0.11	0.36	99.54
9	0.00	0.13	0.42	99.45
10	0.00	0.17	0.48	99.35
11	0.00	0.16	0.46	99.38
12	0.00	0.19	0.53	99.28
13	0.00	0.19	0.55	99.26
14	0.00	0.22	0.55	99.23
15	0.00	0.23	0.53	99.24
16	0.00	0.20	0.59	99.21
17	0.00	0.17	0.51	99.32
18	0.00	0.20	0.67	99.12
19	0.00	0.20	0.55	99.25
20	0.00	0.25	0.63	99.12
21	0.00	0.25	0.58	99.17
22	0.00	0.27	0.61	99.12
23	0.00	0.25	0.62	99.13
24	0.00	0.22	0.60	99.18
25	0.00	0.24	0.60	99.16
26	0.00	0.25	0.75	98.99
27	0.00	0.23	0.71	99.05
28	0.00	0.18	0.59	99.23
29	0.00	0.19	0.65	99.16
30	0.00	0.19	0.75	99.06
31	0.00	0.15	0.58	99.27
32	0.00	0.16	0.61	99.23
33	0.00	0.18	0.68	99.13
34	0.00	0.16	0.62	99.21
35	0.00	0.17	0.65	99.18
36	0.00	0.18	0.86	98.96
37	0.00	0.13	0.61	99.26
38	0.00	0.13	0.60	99.27
39	0.00	0.13	0.64	99.23
40	0.00	0.19	1.00	98.81
41	0.00	0.13	0.79	99.08
42	0.00	0.15	0.82	99.03
43	0.00	0.15	0.69	99.16
44	0.00	0.16	0.80	99.04
45	0.00	0.13	0.86	99.00
46	0.00	0.19	1.29	98.52
47	0.00	0.34	2.43	97.23
48	0.00	0.41	2.82	96.76
49	0.00	0.69	3.92	95.39
50	0.00	1.23	5.72	93.05
51	0.00	2.38	5.41	92.21
52	0.00	2.30	4.24	93.46
53	0.00	1.83	3.48	94.69
54	0.00	1.40	2.72	95.88
55	0.00	1.09	2.21	96.69
56	0.00	0.84	2.13	97.03
57	0.00	0.59	1.66	97.75
58	0.00	0.43	1.42	98.14
59	0.00	0.26	1.23	98.51
60	0.00	0.19	1.11	98.70
61	0.00	0.14	1.03	98.83
62	0.00	0.15	1.05	98.81
63	0.00	0.11	0.95	98.94
64	0.00	0.13	1.03	98.84
65	0.00	0.12	1.22	98.66
66	0.00	0.13	1.13	98.74
67	0.00	0.12	1.10	98.78
68	0.00	0.12	1.18	98.70
69	0.00	0.13	1.21	98.66
70	0.00	0.12	2.76	97.12
71	0.00	0.11	1.55	98.34
72	0.00	0.12	1.34	98.54
73	0.00	0.13	1.26	98.61
74	0.00	0.11	1.38	98.51
75	0.00	0.12	1.28	98.61
76	0.00	0.13	1.46	98.41
77	0.00	0.18	1.65	98.16
78	0.00	0.12	1.50	98.38
79	0.00	0.14	1.72	98.15
80	0.00	0.14	1.76	98.10
81	0.00	0.18	2.05	97.77
82	0.00	0.20	2.01	97.78
83	0.00	0.15	2.05	97.80
84	0.00	0.17	1.98	97.85
85	0.00	0.19	2.20	97.62
86	0.00	0.20	2.18	97.63
87	0.00	0.23	2.46	97.32
88	0.00	0.22	2.62	97.17
89	0.00	0.26	2.59	97.16
90	0.00	0.28	2.75	96.97
91	0.00	0.28	2.96	96.76
92	0.00	0.31	2.86	96.83
93	0.00	0.30	3.12	96.57
94	0.00	0.34	3.31	96.35
95	0.00	0.99	7.29	91.72




