Parameters
	Library type	Single-end
	Input file	/Volumes/wdhd/users/joaks1/projects/gekgo/data/genomes/msg/plate3/demultiplexed-trimmed/RMB_5006_Gekko_mindorensis_Mindoro_R1.trimmed.fq
	Primer/Adaptor library	NA
	Cut-off read length for HQ	70%
	Cut-off quality score	20
	Only statistics	On
	Number of processes	2


QC statistics
	File name	RMB_5006_Gekko_mindorensis_Mindoro_R1.trimmed.fq
	Total number of reads	225493
	Total number of HQ reads	225463
	Percentage of HQ reads	99.99%
	Total number of bases	20979699
	Total number of bases in HQ reads	20978844
	Total number of HQ bases in HQ reads	20913090
	Percentage of HQ bases in HQ reads	99.69%
	Number of Primer/Adaptor contaminated HQ reads	NA
	Total number of HQ filtered reads	225463
	Percentage of HQ filtered reads	99.99%


Detailed QC statistics
	File name	RMB_5006_Gekko_mindorensis_Mindoro_R1.trimmed.fq
	Minimum read length	10
	Maximum read length	95
	Average read length	93.04
	Total number of reads	225493
	Total number of reads with non-ATGC bases	0
	Percentage of reads with non-ATGC bases	0.00%
	Total number of bases	20979699
	Total number of HQ bases	20913623
	Percentage of HQ bases	99.69%
	Total number of non-ATGC bases	0
	Percentage of non-ATGC bases	0.00%


Average quality score at each base position of input reads

RMB_5006_Gekko_mindorensis_Mindoro_R1.trimmed.fq
34.47	34.34	36.76	36.51	36.87	36.89	36.89	39.45	39.45	39.37	39.33	39.21	39.29	39.30	39.31	39.05	39.14	39.04	39.21	39.04	39.13	38.92	38.90	38.89	38.97	38.81	38.86	39.00	38.71	38.55	38.76	38.91	38.74	38.75	38.80	38.52	38.71	38.76	38.77	38.34	38.40	38.37	38.37	38.19	38.10	37.55	36.81	36.65	36.12	35.79	35.65	35.96	36.42	36.66	36.92	37.02	37.14	37.28	37.35	37.36	37.29	37.19	37.08	36.94	36.80	36.62	36.49	36.35	36.09	34.52	35.12	35.51	35.56	35.42	35.30	35.12	34.99	34.91	34.83	34.73	34.61	34.53	34.47	34.42	34.35	34.29	34.14	34.07	33.98	33.92	33.88	33.81	33.76	33.59	32.25	




Read count (%) per base for different quality score ranges

	RMB_5006_Gekko_mindorensis_Mindoro_R1.trimmed.fq
Ranges	0-10	11-20	21-30	31-40
Base
1	0.00	0.88	2.39	96.73
2	0.00	0.15	0.75	99.10
3	0.00	0.13	0.39	99.48
4	0.00	0.24	0.80	98.96
5	0.00	0.12	0.41	99.46
6	0.00	0.10	0.35	99.54
7	0.00	0.13	0.36	99.52
8	0.00	0.13	0.39	99.48
9	0.00	0.14	0.38	99.47
10	0.00	0.17	0.50	99.33
11	0.00	0.15	0.43	99.43
12	0.00	0.19	0.53	99.28
13	0.00	0.17	0.60	99.24
14	0.00	0.21	0.53	99.26
15	0.00	0.18	0.51	99.31
16	0.00	0.21	0.55	99.24
17	0.00	0.17	0.46	99.37
18	0.00	0.20	0.64	99.16
19	0.00	0.18	0.53	99.28
20	0.00	0.24	0.62	99.14
21	0.00	0.24	0.52	99.24
22	0.00	0.27	0.62	99.11
23	0.00	0.23	0.64	99.14
24	0.00	0.23	0.60	99.17
25	0.00	0.24	0.54	99.22
26	0.00	0.26	0.75	98.99
27	0.00	0.21	0.64	99.15
28	0.00	0.17	0.57	99.26
29	0.00	0.17	0.60	99.22
30	0.00	0.21	0.70	99.10
31	0.00	0.15	0.57	99.28
32	0.00	0.15	0.60	99.26
33	0.00	0.17	0.62	99.21
34	0.00	0.16	0.62	99.22
35	0.00	0.16	0.61	99.23
36	0.00	0.18	0.85	98.96
37	0.00	0.15	0.63	99.22
38	0.00	0.13	0.62	99.25
39	0.00	0.13	0.64	99.23
40	0.00	0.17	0.99	98.84
41	0.00	0.13	0.76	99.11
42	0.00	0.16	0.79	99.05
43	0.00	0.14	0.69	99.17
44	0.00	0.15	0.75	99.10
45	0.00	0.16	0.89	98.95
46	0.00	0.24	1.31	98.46
47	0.00	0.35	2.62	97.04
48	0.00	0.43	2.69	96.88
49	0.00	0.74	4.29	94.97
50	0.00	1.27	5.98	92.74
51	0.00	2.37	5.68	91.95
52	0.00	2.41	4.53	93.06
53	0.00	1.87	3.60	94.53
54	0.00	1.54	2.98	95.48
55	0.00	1.20	2.43	96.38
56	0.00	0.96	2.17	96.87
57	0.00	0.71	1.84	97.45
58	0.00	0.44	1.49	98.07
59	0.00	0.28	1.34	98.37
60	0.00	0.18	1.14	98.69
61	0.00	0.15	1.01	98.85
62	0.00	0.13	1.02	98.85
63	0.00	0.10	1.03	98.87
64	0.00	0.13	1.10	98.77
65	0.00	0.11	1.21	98.68
66	0.00	0.12	1.27	98.62
67	0.00	0.12	1.19	98.70
68	0.00	0.10	1.11	98.79
69	0.00	0.13	1.21	98.66
70	0.00	0.12	3.08	96.80
71	0.00	0.13	1.54	98.32
72	0.00	0.10	1.33	98.58
73	0.00	0.09	1.36	98.55
74	0.00	0.11	1.42	98.47
75	0.00	0.11	1.24	98.65
76	0.00	0.14	1.46	98.41
77	0.00	0.15	1.58	98.27
78	0.00	0.10	1.57	98.33
79	0.00	0.13	1.64	98.23
80	0.00	0.12	1.72	98.16
81	0.00	0.15	1.96	97.89
82	0.00	0.20	2.02	97.78
83	0.00	0.15	2.14	97.71
84	0.00	0.17	2.12	97.71
85	0.00	0.18	2.18	97.63
86	0.00	0.18	2.29	97.52
87	0.00	0.19	2.50	97.31
88	0.00	0.21	2.53	97.26
89	0.00	0.23	2.71	97.06
90	0.00	0.26	2.81	96.94
91	0.00	0.26	2.86	96.88
92	0.00	0.26	2.77	96.97
93	0.00	0.26	2.97	96.78
94	0.00	0.32	3.26	96.41
95	0.00	0.97	7.77	91.26




