Parameters
	Library type	Single-end
	Input file	/Volumes/wdhd/users/joaks1/projects/gekgo/data/genomes/msg/plate3/demultiplexed-trimmed/RMB_13553_Hemidactylus_frenatus_Luzon_R1.trimmed.fq
	Primer/Adaptor library	NA
	Cut-off read length for HQ	70%
	Cut-off quality score	20
	Only statistics	On
	Number of processes	2


QC statistics
	File name	RMB_13553_Hemidactylus_frenatus_Luzon_R1.trimmed.fq
	Total number of reads	21454
	Total number of HQ reads	21453
	Percentage of HQ reads	100.00%
	Total number of bases	1982806
	Total number of bases in HQ reads	1982761
	Total number of HQ bases in HQ reads	1975660
	Percentage of HQ bases in HQ reads	99.64%
	Number of Primer/Adaptor contaminated HQ reads	NA
	Total number of HQ filtered reads	21453
	Percentage of HQ filtered reads	100.00%


Detailed QC statistics
	File name	RMB_13553_Hemidactylus_frenatus_Luzon_R1.trimmed.fq
	Minimum read length	15
	Maximum read length	95
	Average read length	92.42
	Total number of reads	21454
	Total number of reads with non-ATGC bases	0
	Percentage of reads with non-ATGC bases	0.00%
	Total number of bases	1982806
	Total number of HQ bases	1975683
	Percentage of HQ bases	99.64%
	Total number of non-ATGC bases	0
	Percentage of non-ATGC bases	0.00%


Average quality score at each base position of input reads

RMB_13553_Hemidactylus_frenatus_Luzon_R1.trimmed.fq
36.62	36.48	36.77	36.47	36.82	36.85	36.87	39.39	39.33	39.18	39.10	39.14	39.00	39.00	39.01	38.75	38.82	38.74	38.90	38.75	38.79	38.59	38.67	38.71	38.77	38.57	38.57	38.70	38.37	38.25	38.48	38.57	38.41	38.41	38.44	38.08	38.33	38.41	38.32	37.91	37.96	37.91	37.85	37.68	37.48	36.96	36.12	35.82	35.23	34.66	34.52	34.94	35.30	35.62	35.83	35.79	35.79	35.84	35.77	35.65	35.56	35.37	35.17	35.03	34.90	34.76	34.63	34.51	34.37	32.85	33.49	33.87	33.98	33.96	33.95	33.86	33.78	33.67	33.57	33.50	33.41	33.36	33.28	33.23	33.14	33.09	33.04	32.91	32.86	32.81	32.72	32.61	32.52	32.45	31.09	




Read count (%) per base for different quality score ranges

	RMB_13553_Hemidactylus_frenatus_Luzon_R1.trimmed.fq
Ranges	0-10	11-20	21-30	31-40
Base
1	0.00	0.46	1.25	98.29
2	0.00	0.20	0.57	99.23
3	0.00	0.17	0.65	99.18
4	0.00	0.37	1.09	98.54
5	0.00	0.13	0.62	99.25
6	0.00	0.13	0.52	99.36
7	0.00	0.13	0.43	99.44
8	0.00	0.12	0.55	99.32
9	0.00	0.13	0.56	99.31
10	0.00	0.18	0.62	99.20
11	0.00	0.18	0.62	99.21
12	0.00	0.19	0.61	99.20
13	0.00	0.18	0.74	99.08
14	0.00	0.21	0.55	99.24
15	0.00	0.17	0.69	99.14
16	0.00	0.19	0.88	98.93
17	0.00	0.16	0.70	99.13
18	0.00	0.17	0.83	99.00
19	0.00	0.16	0.72	99.11
20	0.00	0.18	0.74	99.09
21	0.00	0.18	0.76	99.06
22	0.00	0.17	0.70	99.12
23	0.00	0.14	0.83	99.03
24	0.00	0.17	0.79	99.04
25	0.00	0.19	0.80	99.01
26	0.00	0.21	1.07	98.71
27	0.00	0.17	0.92	98.91
28	0.00	0.13	0.75	99.12
29	0.00	0.14	0.96	98.91
30	0.00	0.17	0.98	98.85
31	0.00	0.09	0.84	99.07
32	0.00	0.11	0.84	99.05
33	0.00	0.21	1.02	98.77
34	0.00	0.19	0.94	98.87
35	0.00	0.21	1.01	98.79
36	0.00	0.22	1.48	98.30
37	0.00	0.17	0.98	98.85
38	0.00	0.15	1.07	98.78
39	0.00	0.22	1.26	98.52
40	0.00	0.32	1.66	98.02
41	0.00	0.17	1.65	98.18
42	0.00	0.22	1.48	98.30
43	0.00	0.21	1.42	98.37
44	0.00	0.20	1.50	98.30
45	0.00	0.25	2.08	97.66
46	0.00	0.31	3.10	96.59
47	0.00	0.40	5.29	94.31
48	0.00	0.65	6.01	93.34
49	0.00	0.97	7.90	91.14
50	0.00	1.53	10.33	88.13
51	0.00	2.61	9.20	88.19
52	0.00	2.31	6.82	90.87
53	0.00	1.73	5.45	92.82
54	0.00	1.25	4.33	94.42
55	0.00	0.86	3.18	95.96
56	0.00	0.73	3.05	96.23
57	0.00	0.57	2.57	96.87
58	0.00	0.35	2.23	97.42
59	0.00	0.29	1.90	97.81
60	0.00	0.18	2.00	97.81
61	0.00	0.20	1.46	98.34
62	0.00	0.18	1.65	98.17
63	0.00	0.20	1.93	97.86
64	0.00	0.11	1.92	97.96
65	0.00	0.15	1.84	98.01
66	0.00	0.19	1.81	98.01
67	0.00	0.16	2.13	97.71
68	0.00	0.14	2.08	97.78
69	0.00	0.18	2.41	97.41
70	0.00	0.16	5.36	94.48
71	0.00	0.19	2.95	96.87
72	0.00	0.19	2.64	97.17
73	0.00	0.13	2.61	97.26
74	0.00	0.15	2.70	97.15
75	0.00	0.15	2.46	97.39
76	0.00	0.20	2.80	97.00
77	0.00	0.19	2.75	97.06
78	0.00	0.20	3.19	96.61
79	0.00	0.30	3.16	96.54
80	0.00	0.27	3.29	96.45
81	0.00	0.29	3.47	96.24
82	0.00	0.33	3.53	96.13
83	0.00	0.30	3.75	95.95
84	0.00	0.30	3.58	96.12
85	0.00	0.46	3.83	95.71
86	0.00	0.31	3.89	95.80
87	0.00	0.41	3.75	95.83
88	0.00	0.41	4.41	95.18
89	0.00	0.39	4.11	95.50
90	0.00	0.47	4.30	95.23
91	0.00	0.52	4.60	94.88
92	0.00	0.46	4.93	94.61
93	0.00	0.57	4.72	94.71
94	0.00	0.59	4.90	94.51
95	0.00	1.76	10.15	88.09




