Parameters
	Library type	Single-end
	Input file	/Volumes/wdhd/users/joaks1/projects/gekgo/data/genomes/msg/plate3/demultiplexed-trimmed/RMB_6317_Pseudogekko_smaragdinus_Polillo_R1.trimmed.fq
	Primer/Adaptor library	NA
	Cut-off read length for HQ	70%
	Cut-off quality score	20
	Only statistics	On
	Number of processes	2


QC statistics
	File name	RMB_6317_Pseudogekko_smaragdinus_Polillo_R1.trimmed.fq
	Total number of reads	118381
	Total number of HQ reads	118353
	Percentage of HQ reads	99.98%
	Total number of bases	11011752
	Total number of bases in HQ reads	11010923
	Total number of HQ bases in HQ reads	10974941
	Percentage of HQ bases in HQ reads	99.67%
	Number of Primer/Adaptor contaminated HQ reads	NA
	Total number of HQ filtered reads	118353
	Percentage of HQ filtered reads	99.98%


Detailed QC statistics
	File name	RMB_6317_Pseudogekko_smaragdinus_Polillo_R1.trimmed.fq
	Minimum read length	11
	Maximum read length	95
	Average read length	93.02
	Total number of reads	118381
	Total number of reads with non-ATGC bases	0
	Percentage of reads with non-ATGC bases	0.00%
	Total number of bases	11011752
	Total number of HQ bases	10975456
	Percentage of HQ bases	99.67%
	Total number of non-ATGC bases	0
	Percentage of non-ATGC bases	0.00%


Average quality score at each base position of input reads

RMB_6317_Pseudogekko_smaragdinus_Polillo_R1.trimmed.fq
35.15	35.22	36.78	36.38	36.85	36.88	36.89	39.57	39.53	39.38	39.33	39.32	39.35	39.31	39.32	39.18	39.21	39.09	39.23	39.05	39.14	38.93	38.93	38.98	39.06	38.81	38.85	39.02	38.74	38.53	38.78	38.95	38.78	38.85	38.88	38.59	38.78	38.87	38.82	38.42	38.49	38.47	38.47	38.30	38.18	37.71	36.98	36.77	36.30	35.89	35.69	36.04	36.45	36.76	36.99	37.10	37.24	37.34	37.37	37.40	37.35	37.25	37.14	37.02	36.89	36.76	36.59	36.45	36.25	34.76	35.28	35.58	35.57	35.44	35.33	35.19	35.05	34.95	34.84	34.71	34.60	34.51	34.45	34.39	34.30	34.23	34.14	34.06	33.98	33.91	33.80	33.77	33.71	33.63	32.41	




Read count (%) per base for different quality score ranges

	RMB_6317_Pseudogekko_smaragdinus_Polillo_R1.trimmed.fq
Ranges	0-10	11-20	21-30	31-40
Base
1	0.00	0.83	1.65	97.52
2	0.00	0.19	0.61	99.21
3	0.00	0.15	0.45	99.41
4	0.00	0.31	0.93	98.76
5	0.00	0.14	0.47	99.39
6	0.00	0.12	0.39	99.49
7	0.00	0.11	0.36	99.52
8	0.00	0.12	0.38	99.50
9	0.00	0.14	0.38	99.49
10	0.00	0.20	0.49	99.31
11	0.00	0.16	0.44	99.40
12	0.00	0.19	0.49	99.32
13	0.00	0.20	0.56	99.25
14	0.00	0.23	0.56	99.22
15	0.00	0.26	0.52	99.22
16	0.00	0.25	0.64	99.11
17	0.00	0.20	0.52	99.28
18	0.00	0.20	0.64	99.16
19	0.00	0.20	0.52	99.28
20	0.00	0.27	0.63	99.10
21	0.00	0.24	0.54	99.22
22	0.00	0.27	0.60	99.14
23	0.00	0.25	0.59	99.15
24	0.00	0.23	0.54	99.23
25	0.00	0.24	0.57	99.19
26	0.00	0.30	0.76	98.94
27	0.00	0.25	0.70	99.05
28	0.00	0.21	0.60	99.19
29	0.00	0.18	0.66	99.16
30	0.00	0.20	0.77	99.03
31	0.00	0.17	0.65	99.19
32	0.00	0.15	0.60	99.25
33	0.00	0.19	0.70	99.11
34	0.00	0.19	0.56	99.26
35	0.00	0.18	0.63	99.20
36	0.00	0.17	0.84	98.99
37	0.00	0.14	0.61	99.25
38	0.00	0.15	0.59	99.25
39	0.00	0.14	0.67	99.19
40	0.00	0.18	0.90	98.92
41	0.00	0.15	0.74	99.11
42	0.00	0.17	0.77	99.06
43	0.00	0.16	0.74	99.10
44	0.00	0.18	0.80	99.02
45	0.00	0.16	0.87	98.97
46	0.00	0.18	1.26	98.55
47	0.00	0.31	2.27	97.42
48	0.00	0.46	2.62	96.92
49	0.00	0.71	3.96	95.34
50	0.00	1.33	5.83	92.84
51	0.00	2.58	5.56	91.86
52	0.00	2.50	4.21	93.29
53	0.00	1.98	3.43	94.58
54	0.00	1.59	2.65	95.76
55	0.00	1.18	2.23	96.59
56	0.00	0.94	1.88	97.18
57	0.00	0.69	1.57	97.75
58	0.00	0.53	1.34	98.13
59	0.00	0.35	1.29	98.36
60	0.00	0.23	1.07	98.71
61	0.00	0.14	1.00	98.86
62	0.00	0.12	1.02	98.86
63	0.00	0.14	0.96	98.90
64	0.00	0.11	0.91	98.98
65	0.00	0.11	1.03	98.86
66	0.00	0.09	0.98	98.93
67	0.00	0.10	1.01	98.89
68	0.00	0.09	1.01	98.90
69	0.00	0.11	1.19	98.69
70	0.00	0.12	2.55	97.33
71	0.00	0.13	1.56	98.31
72	0.00	0.09	1.32	98.58
73	0.00	0.10	1.29	98.61
74	0.00	0.11	1.31	98.58
75	0.00	0.13	1.25	98.62
76	0.00	0.13	1.50	98.37
77	0.00	0.13	1.57	98.30
78	0.00	0.14	1.53	98.33
79	0.00	0.14	1.58	98.27
80	0.00	0.17	1.74	98.09
81	0.00	0.20	1.91	97.89
82	0.00	0.19	2.13	97.69
83	0.00	0.19	2.11	97.70
84	0.00	0.17	2.07	97.77
85	0.00	0.19	2.21	97.59
86	0.00	0.23	2.25	97.52
87	0.00	0.22	2.47	97.31
88	0.00	0.22	2.55	97.23
89	0.00	0.22	2.67	97.11
90	0.00	0.26	2.79	96.94
91	0.00	0.26	3.06	96.68
92	0.00	0.25	2.86	96.89
93	0.00	0.28	2.97	96.76
94	0.00	0.29	2.99	96.72
95	0.00	0.92	6.96	92.12




