Parameters
	Library type	Single-end
	Input file	/Volumes/wdhd/users/joaks1/projects/gekgo/data/genomes/msg/plate3/demultiplexed-trimmed/RMB_7924_Gekko_monarchus_Palawan_R1.trimmed.fq
	Primer/Adaptor library	NA
	Cut-off read length for HQ	70%
	Cut-off quality score	20
	Only statistics	On
	Number of processes	2


QC statistics
	File name	RMB_7924_Gekko_monarchus_Palawan_R1.trimmed.fq
	Total number of reads	36556
	Total number of HQ reads	36542
	Percentage of HQ reads	99.96%
	Total number of bases	3392273
	Total number of bases in HQ reads	3391879
	Total number of HQ bases in HQ reads	3380766
	Percentage of HQ bases in HQ reads	99.67%
	Number of Primer/Adaptor contaminated HQ reads	NA
	Total number of HQ filtered reads	36542
	Percentage of HQ filtered reads	99.96%


Detailed QC statistics
	File name	RMB_7924_Gekko_monarchus_Palawan_R1.trimmed.fq
	Minimum read length	11
	Maximum read length	95
	Average read length	92.80
	Total number of reads	36556
	Total number of reads with non-ATGC bases	0
	Percentage of reads with non-ATGC bases	0.00%
	Total number of bases	3392273
	Total number of HQ bases	3381003
	Percentage of HQ bases	99.67%
	Total number of non-ATGC bases	0
	Percentage of non-ATGC bases	0.00%


Average quality score at each base position of input reads

RMB_7924_Gekko_monarchus_Palawan_R1.trimmed.fq
34.20	34.36	36.72	36.50	36.82	36.85	36.84	39.42	39.41	39.34	39.28	39.20	39.28	39.30	39.29	39.01	39.10	39.00	39.16	39.03	39.09	38.86	38.84	38.89	38.94	38.75	38.75	38.93	38.67	38.52	38.71	38.87	38.70	38.69	38.76	38.48	38.65	38.70	38.70	38.33	38.38	38.33	38.30	38.17	38.05	37.39	36.81	36.53	36.11	35.72	35.66	35.80	36.32	36.60	36.78	36.89	37.02	37.18	37.23	37.24	37.17	37.08	36.91	36.78	36.63	36.45	36.25	36.10	35.85	34.38	34.96	35.29	35.30	35.18	35.09	34.94	34.83	34.74	34.66	34.58	34.47	34.39	34.34	34.34	34.28	34.22	34.04	34.02	33.95	33.86	33.84	33.77	33.69	33.59	32.26	




Read count (%) per base for different quality score ranges

	RMB_7924_Gekko_monarchus_Palawan_R1.trimmed.fq
Ranges	0-10	11-20	21-30	31-40
Base
1	0.00	1.00	3.15	95.85
2	0.00	0.26	0.88	98.87
3	0.00	0.21	0.54	99.25
4	0.00	0.37	0.81	98.82
5	0.00	0.21	0.65	99.15
6	0.00	0.19	0.50	99.31
7	0.00	0.20	0.54	99.26
8	0.00	0.18	0.51	99.32
9	0.00	0.16	0.49	99.35
10	0.00	0.22	0.61	99.17
11	0.00	0.20	0.60	99.20
12	0.00	0.21	0.66	99.13
13	0.00	0.23	0.61	99.16
14	0.00	0.19	0.69	99.12
15	0.00	0.21	0.54	99.25
16	0.00	0.23	0.72	99.06
17	0.00	0.26	0.58	99.16
18	0.00	0.20	0.81	98.99
19	0.00	0.24	0.63	99.12
20	0.00	0.30	0.67	99.03
21	0.00	0.31	0.68	99.01
22	0.00	0.33	0.68	98.99
23	0.00	0.33	0.78	98.89
24	0.00	0.24	0.60	99.15
25	0.00	0.30	0.62	99.08
26	0.00	0.28	0.82	98.90
27	0.00	0.28	0.74	98.98
28	0.00	0.23	0.65	99.12
29	0.00	0.22	0.76	99.02
30	0.00	0.24	0.78	98.97
31	0.00	0.15	0.70	99.15
32	0.00	0.17	0.60	99.23
33	0.00	0.20	0.69	99.11
34	0.00	0.20	0.65	99.15
35	0.00	0.15	0.69	99.16
36	0.00	0.16	0.89	98.95
37	0.00	0.16	0.71	99.13
38	0.00	0.15	0.64	99.20
39	0.00	0.14	0.69	99.17
40	0.00	0.19	0.98	98.83
41	0.00	0.14	0.78	99.08
42	0.00	0.19	0.83	98.99
43	0.00	0.16	0.77	99.07
44	0.00	0.17	0.83	99.00
45	0.00	0.21	0.95	98.84
46	0.00	0.25	1.32	98.43
47	0.00	0.31	2.38	97.31
48	0.00	0.38	2.72	96.90
49	0.00	0.77	4.05	95.19
50	0.00	1.28	5.88	92.84
51	0.00	2.10	5.45	92.44
52	0.00	2.34	4.93	92.73
53	0.00	1.74	3.66	94.60
54	0.00	1.45	2.94	95.61
55	0.00	1.22	2.39	96.39
56	0.00	1.00	2.17	96.83
57	0.00	0.75	1.91	97.33
58	0.00	0.50	1.42	98.08
59	0.00	0.34	1.22	98.44
60	0.00	0.25	1.08	98.67
61	0.00	0.16	0.97	98.87
62	0.00	0.15	0.98	98.87
63	0.00	0.12	0.91	98.97
64	0.00	0.15	1.03	98.82
65	0.00	0.11	1.11	98.78
66	0.00	0.12	1.08	98.80
67	0.00	0.13	1.15	98.73
68	0.00	0.09	1.03	98.87
69	0.00	0.11	1.20	98.69
70	0.00	0.15	2.95	96.90
71	0.00	0.17	1.53	98.30
72	0.00	0.10	1.25	98.65
73	0.00	0.08	1.39	98.54
74	0.00	0.11	1.32	98.57
75	0.00	0.08	1.15	98.78
76	0.00	0.11	1.35	98.53
77	0.00	0.14	1.49	98.38
78	0.00	0.15	1.56	98.29
79	0.00	0.14	1.69	98.16
80	0.00	0.11	1.68	98.21
81	0.00	0.12	1.92	97.96
82	0.00	0.20	2.06	97.74
83	0.00	0.17	2.04	97.79
84	0.00	0.18	1.82	98.00
85	0.00	0.16	2.10	97.75
86	0.00	0.18	2.03	97.79
87	0.00	0.21	2.29	97.51
88	0.00	0.19	2.33	97.48
89	0.00	0.23	2.41	97.36
90	0.00	0.25	2.47	97.29
91	0.00	0.25	2.75	96.99
92	0.00	0.23	2.64	97.13
93	0.00	0.24	2.61	97.15
94	0.00	0.29	2.98	96.73
95	0.00	0.99	7.15	91.86




