Parameters
	Library type	Single-end
	Input file	/Volumes/wdhd/users/joaks1/projects/gekgo/data/genomes/msg/plate3/demultiplexed-trimmed/RMB_5729_Gekko_sp.b_CamiguinNorte_R1.trimmed.fq
	Primer/Adaptor library	NA
	Cut-off read length for HQ	70%
	Cut-off quality score	20
	Only statistics	On
	Number of processes	2


QC statistics
	File name	RMB_5729_Gekko_sp.b_CamiguinNorte_R1.trimmed.fq
	Total number of reads	25579
	Total number of HQ reads	25569
	Percentage of HQ reads	99.96%
	Total number of bases	2366261
	Total number of bases in HQ reads	2365982
	Total number of HQ bases in HQ reads	2358092
	Percentage of HQ bases in HQ reads	99.67%
	Number of Primer/Adaptor contaminated HQ reads	NA
	Total number of HQ filtered reads	25569
	Percentage of HQ filtered reads	99.96%


Detailed QC statistics
	File name	RMB_5729_Gekko_sp.b_CamiguinNorte_R1.trimmed.fq
	Minimum read length	13
	Maximum read length	95
	Average read length	92.51
	Total number of reads	25579
	Total number of reads with non-ATGC bases	0
	Percentage of reads with non-ATGC bases	0.00%
	Total number of bases	2366261
	Total number of HQ bases	2358264
	Percentage of HQ bases	99.66%
	Total number of non-ATGC bases	0
	Percentage of non-ATGC bases	0.00%


Average quality score at each base position of input reads

RMB_5729_Gekko_sp.b_CamiguinNorte_R1.trimmed.fq
36.61	36.44	36.81	36.60	36.82	36.85	36.86	39.49	39.46	39.30	39.22	39.18	39.21	39.18	39.17	38.94	39.10	39.00	39.11	38.97	39.02	38.77	38.77	38.80	38.92	38.71	38.72	38.82	38.51	38.33	38.55	38.73	38.54	38.59	38.60	38.23	38.45	38.53	38.52	38.09	38.15	38.10	38.14	37.95	37.84	37.37	36.57	36.38	35.89	35.51	35.41	35.73	36.02	36.36	36.58	36.61	36.72	36.82	36.85	36.79	36.72	36.59	36.48	36.32	36.11	35.97	35.80	35.65	35.47	34.10	34.59	34.88	34.88	34.80	34.73	34.59	34.50	34.41	34.32	34.24	34.16	34.09	34.02	33.97	33.86	33.86	33.73	33.65	33.60	33.55	33.46	33.38	33.31	33.16	31.96	




Read count (%) per base for different quality score ranges

	RMB_5729_Gekko_sp.b_CamiguinNorte_R1.trimmed.fq
Ranges	0-10	11-20	21-30	31-40
Base
1	0.00	0.70	1.11	98.19
2	0.00	0.22	0.61	99.18
3	0.00	0.19	0.52	99.29
4	0.00	0.26	0.92	98.82
5	0.00	0.17	0.67	99.16
6	0.00	0.15	0.54	99.32
7	0.00	0.14	0.55	99.31
8	0.00	0.20	0.48	99.32
9	0.00	0.21	0.49	99.30
10	0.00	0.25	0.59	99.15
11	0.00	0.27	0.67	99.07
12	0.00	0.29	0.60	99.11
13	0.00	0.24	0.73	99.03
14	0.00	0.26	0.57	99.17
15	0.00	0.23	0.58	99.19
16	0.00	0.29	0.75	98.97
17	0.00	0.19	0.59	99.21
18	0.00	0.23	0.70	99.08
19	0.00	0.22	0.74	99.05
20	0.00	0.31	0.75	98.94
21	0.00	0.32	0.71	98.97
22	0.00	0.37	0.67	98.95
23	0.00	0.34	0.72	98.94
24	0.00	0.24	0.73	99.03
25	0.00	0.26	0.69	99.05
26	0.00	0.26	0.93	98.80
27	0.00	0.23	0.80	98.97
28	0.00	0.24	0.69	99.07
29	0.00	0.22	0.81	98.97
30	0.00	0.26	0.80	98.93
31	0.00	0.20	0.67	99.12
32	0.00	0.18	0.68	99.14
33	0.00	0.22	0.79	99.00
34	0.00	0.19	0.63	99.18
35	0.00	0.18	0.70	99.12
36	0.00	0.19	1.08	98.73
37	0.00	0.18	0.76	99.05
38	0.00	0.14	0.70	99.16
39	0.00	0.15	0.78	99.07
40	0.00	0.18	1.13	98.70
41	0.00	0.13	0.99	98.88
42	0.00	0.15	0.93	98.92
43	0.00	0.15	0.89	98.96
44	0.00	0.21	1.07	98.73
45	0.00	0.19	1.07	98.74
46	0.00	0.24	1.55	98.21
47	0.00	0.39	2.94	96.67
48	0.00	0.46	3.53	96.00
49	0.00	0.71	4.90	94.39
50	0.00	1.28	6.87	91.85
51	0.00	2.22	6.13	91.65
52	0.00	2.09	4.83	93.09
53	0.00	1.83	3.86	94.31
54	0.00	1.32	3.01	95.66
55	0.00	1.18	2.45	96.37
56	0.00	0.81	2.59	96.60
57	0.00	0.68	1.89	97.43
58	0.00	0.44	1.57	97.99
59	0.00	0.33	1.31	98.36
60	0.00	0.25	1.17	98.58
61	0.00	0.15	1.11	98.74
62	0.00	0.18	1.14	98.68
63	0.00	0.13	1.05	98.83
64	0.00	0.08	1.15	98.78
65	0.00	0.12	1.32	98.55
66	0.00	0.13	1.21	98.66
67	0.00	0.13	1.27	98.59
68	0.00	0.14	1.19	98.67
69	0.00	0.11	1.33	98.55
70	0.00	0.13	3.05	96.82
71	0.00	0.16	1.68	98.16
72	0.00	0.10	1.39	98.51
73	0.00	0.11	1.35	98.53
74	0.00	0.09	1.52	98.38
75	0.00	0.11	1.32	98.57
76	0.00	0.20	1.60	98.20
77	0.00	0.20	1.72	98.08
78	0.00	0.15	1.72	98.13
79	0.00	0.15	2.03	97.82
80	0.00	0.18	1.99	97.83
81	0.00	0.15	2.15	97.70
82	0.00	0.19	2.15	97.65
83	0.00	0.26	2.25	97.48
84	0.00	0.14	2.34	97.51
85	0.00	0.22	2.53	97.26
86	0.00	0.21	2.32	97.47
87	0.00	0.27	2.42	97.31
88	0.00	0.33	2.55	97.12
89	0.00	0.30	2.70	97.00
90	0.00	0.24	2.82	96.94
91	0.00	0.39	2.88	96.73
92	0.00	0.35	2.75	96.89
93	0.00	0.31	3.06	96.62
94	0.00	0.36	3.33	96.32
95	0.00	1.05	7.18	91.77




