Parameters
	Library type	Single-end
	Input file	/Volumes/wdhd/users/joaks1/projects/gekgo/data/genomes/msg/plate3/demultiplexed-trimmed/RMB_7923_Gekko_monarchus_Palawan_R1.trimmed.fq
	Primer/Adaptor library	NA
	Cut-off read length for HQ	70%
	Cut-off quality score	20
	Only statistics	On
	Number of processes	2


QC statistics
	File name	RMB_7923_Gekko_monarchus_Palawan_R1.trimmed.fq
	Total number of reads	53099
	Total number of HQ reads	53087
	Percentage of HQ reads	99.98%
	Total number of bases	4937653
	Total number of bases in HQ reads	4937257
	Total number of HQ bases in HQ reads	4923197
	Percentage of HQ bases in HQ reads	99.72%
	Number of Primer/Adaptor contaminated HQ reads	NA
	Total number of HQ filtered reads	53087
	Percentage of HQ filtered reads	99.98%


Detailed QC statistics
	File name	RMB_7923_Gekko_monarchus_Palawan_R1.trimmed.fq
	Minimum read length	12
	Maximum read length	95
	Average read length	92.99
	Total number of reads	53099
	Total number of reads with non-ATGC bases	0
	Percentage of reads with non-ATGC bases	0.00%
	Total number of bases	4937653
	Total number of HQ bases	4923450
	Percentage of HQ bases	99.71%
	Total number of non-ATGC bases	0
	Percentage of non-ATGC bases	0.00%


Average quality score at each base position of input reads

RMB_7923_Gekko_monarchus_Palawan_R1.trimmed.fq
36.75	36.54	36.88	36.63	36.88	36.90	36.89	39.49	39.46	39.40	39.34	39.26	39.30	39.29	39.26	39.00	39.11	39.03	39.18	39.02	39.11	38.84	38.86	38.88	38.93	38.77	38.77	38.95	38.65	38.52	38.69	38.85	38.69	38.71	38.78	38.50	38.67	38.73	38.72	38.32	38.36	38.32	38.34	38.19	38.09	37.44	36.80	36.56	36.10	35.73	35.66	35.86	36.42	36.70	36.91	36.98	37.15	37.27	37.30	37.30	37.19	37.02	36.91	36.75	36.55	36.36	36.17	36.03	35.78	34.35	34.94	35.24	35.27	35.16	35.09	34.96	34.87	34.80	34.71	34.64	34.52	34.47	34.40	34.39	34.33	34.27	34.09	34.05	33.96	33.87	33.82	33.78	33.67	33.57	32.20	




Read count (%) per base for different quality score ranges

	RMB_7923_Gekko_monarchus_Palawan_R1.trimmed.fq
Ranges	0-10	11-20	21-30	31-40
Base
1	0.00	0.41	0.69	98.90
2	0.00	0.10	0.37	99.53
3	0.00	0.08	0.35	99.57
4	0.00	0.24	0.71	99.05
5	0.00	0.13	0.38	99.50
6	0.00	0.09	0.32	99.59
7	0.00	0.12	0.37	99.51
8	0.00	0.11	0.38	99.51
9	0.00	0.13	0.39	99.48
10	0.00	0.14	0.43	99.43
11	0.00	0.15	0.44	99.41
12	0.00	0.20	0.48	99.33
13	0.00	0.17	0.52	99.31
14	0.00	0.24	0.53	99.22
15	0.00	0.20	0.44	99.35
16	0.00	0.22	0.54	99.24
17	0.00	0.17	0.49	99.34
18	0.00	0.21	0.59	99.20
19	0.00	0.16	0.60	99.23
20	0.00	0.24	0.62	99.14
21	0.00	0.23	0.53	99.24
22	0.00	0.26	0.62	99.12
23	0.00	0.22	0.52	99.26
24	0.00	0.18	0.53	99.30
25	0.00	0.18	0.55	99.26
26	0.00	0.18	0.62	99.20
27	0.00	0.19	0.60	99.21
28	0.00	0.15	0.49	99.37
29	0.00	0.15	0.61	99.24
30	0.00	0.17	0.71	99.12
31	0.00	0.15	0.51	99.34
32	0.00	0.15	0.54	99.31
33	0.00	0.14	0.64	99.22
34	0.00	0.14	0.51	99.35
35	0.00	0.12	0.54	99.34
36	0.00	0.18	0.73	99.09
37	0.00	0.10	0.60	99.31
38	0.00	0.11	0.53	99.36
39	0.00	0.13	0.57	99.29
40	0.00	0.18	0.94	98.88
41	0.00	0.10	0.80	99.10
42	0.00	0.14	0.81	99.05
43	0.00	0.09	0.61	99.30
44	0.00	0.14	0.69	99.17
45	0.00	0.15	0.88	98.98
46	0.00	0.17	1.42	98.41
47	0.00	0.29	2.75	96.95
48	0.00	0.43	3.02	96.55
49	0.00	0.76	4.66	94.58
50	0.00	1.28	6.43	92.29
51	0.00	2.11	6.07	91.81
52	0.00	2.28	5.36	92.36
53	0.00	1.74	3.67	94.59
54	0.00	1.29	3.11	95.60
55	0.00	0.99	2.44	96.57
56	0.00	0.83	2.33	96.85
57	0.00	0.57	1.79	97.64
58	0.00	0.37	1.43	98.20
59	0.00	0.28	1.23	98.49
60	0.00	0.16	1.00	98.83
61	0.00	0.11	1.00	98.89
62	0.00	0.16	1.04	98.80
63	0.00	0.09	0.94	98.97
64	0.00	0.11	1.06	98.83
65	0.00	0.09	1.38	98.53
66	0.00	0.10	1.18	98.72
67	0.00	0.13	1.20	98.68
68	0.00	0.09	1.19	98.72
69	0.00	0.13	1.31	98.57
70	0.00	0.09	3.32	96.59
71	0.00	0.11	1.60	98.28
72	0.00	0.09	1.30	98.61
73	0.00	0.10	1.30	98.60
74	0.00	0.10	1.39	98.51
75	0.00	0.13	1.30	98.57
76	0.00	0.10	1.45	98.45
77	0.00	0.17	1.58	98.26
78	0.00	0.09	1.65	98.26
79	0.00	0.13	1.95	97.92
80	0.00	0.11	1.71	98.18
81	0.00	0.17	1.97	97.86
82	0.00	0.22	2.00	97.78
83	0.00	0.16	2.13	97.70
84	0.00	0.16	1.98	97.86
85	0.00	0.17	2.08	97.76
86	0.00	0.17	2.18	97.65
87	0.00	0.20	2.36	97.43
88	0.00	0.19	2.54	97.27
89	0.00	0.24	2.61	97.16
90	0.00	0.23	2.72	97.05
91	0.00	0.28	2.77	96.94
92	0.00	0.23	2.74	97.04
93	0.00	0.33	2.85	96.81
94	0.00	0.34	3.32	96.34
95	0.00	1.06	7.83	91.11




