Parameters
	Library type	Single-end
	Input file	/Volumes/wdhd/users/joaks1/projects/gekgo/data/genomes/msg/plate3/demultiplexed-trimmed/RMB_9554_Gekko_porosus_Sabtang_R1.trimmed.fq
	Primer/Adaptor library	NA
	Cut-off read length for HQ	70%
	Cut-off quality score	20
	Only statistics	On
	Number of processes	2


QC statistics
	File name	RMB_9554_Gekko_porosus_Sabtang_R1.trimmed.fq
	Total number of reads	149146
	Total number of HQ reads	149108
	Percentage of HQ reads	99.97%
	Total number of bases	13809685
	Total number of bases in HQ reads	13808659
	Total number of HQ bases in HQ reads	13762828
	Percentage of HQ bases in HQ reads	99.67%
	Number of Primer/Adaptor contaminated HQ reads	NA
	Total number of HQ filtered reads	149108
	Percentage of HQ filtered reads	99.97%


Detailed QC statistics
	File name	RMB_9554_Gekko_porosus_Sabtang_R1.trimmed.fq
	Minimum read length	10
	Maximum read length	95
	Average read length	92.59
	Total number of reads	149146
	Total number of reads with non-ATGC bases	0
	Percentage of reads with non-ATGC bases	0.00%
	Total number of bases	13809685
	Total number of HQ bases	13763457
	Percentage of HQ bases	99.67%
	Total number of non-ATGC bases	0
	Percentage of non-ATGC bases	0.00%


Average quality score at each base position of input reads

RMB_9554_Gekko_porosus_Sabtang_R1.trimmed.fq
36.56	36.35	36.79	36.53	36.81	36.84	36.85	39.48	39.44	39.29	39.22	39.15	39.21	39.15	39.14	38.92	39.06	38.97	39.10	38.95	39.01	38.78	38.77	38.80	38.90	38.70	38.73	38.87	38.55	38.35	38.58	38.73	38.55	38.61	38.61	38.25	38.48	38.58	38.57	38.12	38.20	38.11	38.16	37.96	37.87	37.36	36.56	36.40	35.92	35.59	35.41	35.75	36.03	36.37	36.63	36.70	36.84	36.91	36.93	36.89	36.76	36.65	36.54	36.33	36.15	36.01	35.83	35.65	35.49	34.08	34.58	34.87	34.90	34.81	34.73	34.59	34.48	34.42	34.32	34.22	34.08	34.01	33.98	33.94	33.88	33.82	33.69	33.57	33.53	33.43	33.38	33.27	33.18	33.03	31.79	




Read count (%) per base for different quality score ranges

	RMB_9554_Gekko_porosus_Sabtang_R1.trimmed.fq
Ranges	0-10	11-20	21-30	31-40
Base
1	0.00	0.71	1.12	98.17
2	0.00	0.23	0.61	99.16
3	0.00	0.18	0.59	99.23
4	0.00	0.39	0.95	98.66
5	0.00	0.22	0.63	99.15
6	0.00	0.16	0.58	99.26
7	0.00	0.16	0.52	99.31
8	0.00	0.16	0.53	99.31
9	0.00	0.17	0.56	99.27
10	0.00	0.19	0.63	99.18
11	0.00	0.20	0.62	99.18
12	0.00	0.24	0.71	99.04
13	0.00	0.23	0.73	99.04
14	0.00	0.28	0.69	99.03
15	0.00	0.27	0.65	99.09
16	0.00	0.25	0.73	99.02
17	0.00	0.23	0.71	99.07
18	0.00	0.24	0.81	98.95
19	0.00	0.23	0.71	99.05
20	0.00	0.30	0.79	98.90
21	0.00	0.31	0.72	98.97
22	0.00	0.28	0.68	99.03
23	0.00	0.27	0.78	98.95
24	0.00	0.24	0.71	99.05
25	0.00	0.25	0.72	99.03
26	0.00	0.26	0.88	98.86
27	0.00	0.23	0.81	98.97
28	0.00	0.18	0.69	99.13
29	0.00	0.19	0.71	99.11
30	0.00	0.22	0.88	98.90
31	0.00	0.17	0.77	99.06
32	0.00	0.19	0.77	99.05
33	0.00	0.21	0.81	98.98
34	0.00	0.18	0.71	99.10
35	0.00	0.19	0.76	99.05
36	0.00	0.20	1.00	98.81
37	0.00	0.15	0.71	99.14
38	0.00	0.15	0.69	99.17
39	0.00	0.15	0.79	99.06
40	0.00	0.18	1.25	98.58
41	0.00	0.15	0.90	98.95
42	0.00	0.18	0.98	98.84
43	0.00	0.16	0.82	99.02
44	0.00	0.19	0.98	98.83
45	0.00	0.15	1.10	98.75
46	0.00	0.22	1.64	98.14
47	0.00	0.36	3.06	96.58
48	0.00	0.49	3.47	96.04
49	0.00	0.80	4.87	94.33
50	0.00	1.25	6.61	92.14
51	0.00	2.38	6.26	91.35
52	0.00	2.27	4.82	92.91
53	0.00	1.82	4.14	94.04
54	0.00	1.33	3.21	95.46
55	0.00	1.02	2.59	96.39
56	0.00	0.78	2.35	96.87
57	0.00	0.55	1.84	97.61
58	0.00	0.37	1.55	98.08
59	0.00	0.28	1.36	98.35
60	0.00	0.21	1.21	98.58
61	0.00	0.15	1.20	98.65
62	0.00	0.16	1.20	98.64
63	0.00	0.13	1.10	98.77
64	0.00	0.14	1.22	98.64
65	0.00	0.15	1.38	98.48
66	0.00	0.14	1.28	98.58
67	0.00	0.15	1.32	98.53
68	0.00	0.15	1.33	98.52
69	0.00	0.14	1.40	98.47
70	0.00	0.12	3.18	96.71
71	0.00	0.12	1.79	98.10
72	0.00	0.13	1.48	98.39
73	0.00	0.14	1.39	98.48
74	0.00	0.10	1.52	98.37
75	0.00	0.11	1.46	98.43
76	0.00	0.17	1.64	98.18
77	0.00	0.19	1.80	98.00
78	0.00	0.14	1.79	98.07
79	0.00	0.15	1.88	97.97
80	0.00	0.16	1.96	97.87
81	0.00	0.20	2.51	97.29
82	0.00	0.24	2.32	97.44
83	0.00	0.19	2.31	97.51
84	0.00	0.18	2.31	97.51
85	0.00	0.19	2.41	97.40
86	0.00	0.20	2.33	97.46
87	0.00	0.25	2.70	97.05
88	0.00	0.24	2.91	96.85
89	0.00	0.28	2.85	96.88
90	0.00	0.30	3.16	96.54
91	0.00	0.34	3.18	96.48
92	0.00	0.33	3.07	96.59
93	0.00	0.35	3.36	96.29
94	0.00	0.39	3.66	95.96
95	0.00	1.13	7.91	90.96




