Parameters
	Library type	Single-end
	Input file	/Volumes/wdhd/users/joaks1/projects/gekgo/data/genomes/msg/plate3/demultiplexed-trimmed/RMB_9586_Gekko_porosus_Batan_R1.trimmed.fq
	Primer/Adaptor library	NA
	Cut-off read length for HQ	70%
	Cut-off quality score	20
	Only statistics	On
	Number of processes	2


QC statistics
	File name	RMB_9586_Gekko_porosus_Batan_R1.trimmed.fq
	Total number of reads	64902
	Total number of HQ reads	64881
	Percentage of HQ reads	99.97%
	Total number of bases	6023058
	Total number of bases in HQ reads	6022430
	Total number of HQ bases in HQ reads	6002164
	Percentage of HQ bases in HQ reads	99.66%
	Number of Primer/Adaptor contaminated HQ reads	NA
	Total number of HQ filtered reads	64881
	Percentage of HQ filtered reads	99.97%


Detailed QC statistics
	File name	RMB_9586_Gekko_porosus_Batan_R1.trimmed.fq
	Minimum read length	10
	Maximum read length	95
	Average read length	92.80
	Total number of reads	64902
	Total number of reads with non-ATGC bases	0
	Percentage of reads with non-ATGC bases	0.00%
	Total number of bases	6023058
	Total number of HQ bases	6002540
	Percentage of HQ bases	99.66%
	Total number of non-ATGC bases	0
	Percentage of non-ATGC bases	0.00%


Average quality score at each base position of input reads

RMB_9586_Gekko_porosus_Batan_R1.trimmed.fq
35.38	35.02	36.73	36.53	36.85	36.86	36.88	39.53	39.48	39.34	39.30	39.24	39.32	39.27	39.26	39.09	39.17	39.05	39.18	39.02	39.10	38.88	38.87	38.90	38.98	38.80	38.83	38.97	38.67	38.48	38.70	38.87	38.68	38.74	38.74	38.40	38.64	38.73	38.73	38.30	38.36	38.31	38.34	38.15	38.07	37.56	36.79	36.61	36.13	35.79	35.64	35.97	36.28	36.59	36.87	36.96	37.11	37.24	37.28	37.26	37.16	37.06	37.01	36.83	36.68	36.55	36.42	36.25	36.06	34.65	35.12	35.42	35.43	35.33	35.25	35.04	34.90	34.82	34.68	34.59	34.46	34.37	34.33	34.29	34.21	34.14	34.02	33.89	33.85	33.73	33.67	33.60	33.49	33.37	32.12	




Read count (%) per base for different quality score ranges

	RMB_9586_Gekko_porosus_Batan_R1.trimmed.fq
Ranges	0-10	11-20	21-30	31-40
Base
1	0.00	1.68	1.83	96.49
2	0.00	0.38	1.05	98.57
3	0.00	0.27	0.57	99.16
4	0.00	0.30	0.90	98.80
5	0.00	0.15	0.50	99.35
6	0.00	0.14	0.47	99.38
7	0.00	0.12	0.40	99.48
8	0.00	0.16	0.41	99.44
9	0.00	0.15	0.47	99.38
10	0.00	0.20	0.55	99.25
11	0.00	0.16	0.50	99.33
12	0.00	0.18	0.59	99.23
13	0.00	0.21	0.56	99.23
14	0.00	0.27	0.55	99.19
15	0.00	0.23	0.57	99.20
16	0.00	0.23	0.63	99.14
17	0.00	0.21	0.58	99.21
18	0.00	0.22	0.72	99.06
19	0.00	0.22	0.56	99.22
20	0.00	0.30	0.65	99.05
21	0.00	0.26	0.61	99.13
22	0.00	0.30	0.56	99.14
23	0.00	0.30	0.68	99.03
24	0.00	0.23	0.68	99.09
25	0.00	0.28	0.60	99.11
26	0.00	0.27	0.80	98.93
27	0.00	0.24	0.75	99.01
28	0.00	0.20	0.63	99.17
29	0.00	0.18	0.67	99.15
30	0.00	0.21	0.81	98.98
31	0.00	0.16	0.67	99.16
32	0.00	0.19	0.68	99.14
33	0.00	0.20	0.75	99.05
34	0.00	0.19	0.70	99.11
35	0.00	0.21	0.71	99.07
36	0.00	0.20	0.96	98.84
37	0.00	0.15	0.64	99.21
38	0.00	0.14	0.61	99.25
39	0.00	0.11	0.72	99.17
40	0.00	0.18	1.04	98.78
41	0.00	0.16	0.93	98.90
42	0.00	0.16	0.84	99.00
43	0.00	0.14	0.75	99.11
44	0.00	0.17	0.93	98.90
45	0.00	0.17	0.94	98.89
46	0.00	0.21	1.36	98.43
47	0.00	0.34	2.32	97.34
48	0.00	0.42	2.81	96.77
49	0.00	0.74	4.13	95.13
50	0.00	1.21	5.68	93.11
51	0.00	2.33	5.42	92.25
52	0.00	2.35	4.25	93.40
53	0.00	1.84	3.58	94.58
54	0.00	1.44	2.86	95.70
55	0.00	1.15	2.23	96.62
56	0.00	0.87	2.11	97.02
57	0.00	0.66	1.69	97.65
58	0.00	0.43	1.36	98.21
59	0.00	0.31	1.19	98.50
60	0.00	0.19	1.16	98.65
61	0.00	0.15	1.06	98.79
62	0.00	0.15	1.18	98.67
63	0.00	0.12	0.96	98.92
64	0.00	0.11	1.16	98.73
65	0.00	0.13	1.19	98.68
66	0.00	0.12	1.18	98.70
67	0.00	0.08	1.17	98.75
68	0.00	0.13	1.11	98.76
69	0.00	0.13	1.20	98.68
70	0.00	0.11	2.72	97.17
71	0.00	0.14	1.52	98.34
72	0.00	0.12	1.29	98.59
73	0.00	0.12	1.30	98.58
74	0.00	0.13	1.38	98.50
75	0.00	0.09	1.26	98.65
76	0.00	0.15	1.45	98.40
77	0.00	0.19	1.56	98.25
78	0.00	0.14	1.47	98.39
79	0.00	0.16	1.72	98.12
80	0.00	0.16	1.78	98.06
81	0.00	0.19	2.02	97.79
82	0.00	0.24	1.98	97.78
83	0.00	0.18	2.02	97.80
84	0.00	0.18	1.92	97.90
85	0.00	0.18	2.09	97.74
86	0.00	0.17	2.18	97.65
87	0.00	0.22	2.28	97.50
88	0.00	0.21	2.67	97.12
89	0.00	0.25	2.58	97.17
90	0.00	0.29	2.78	96.93
91	0.00	0.31	2.92	96.77
92	0.00	0.30	2.84	96.86
93	0.00	0.36	2.97	96.68
94	0.00	0.33	3.38	96.29
95	0.00	1.04	6.97	91.99




