Parameters
	Library type	Single-end
	Input file	/Volumes/wdhd/users/joaks1/projects/gekgo/data/genomes/msg/plate3/demultiplexed-trimmed/RMB_9575_Gekko_porosus_Batan_R1.trimmed.fq
	Primer/Adaptor library	NA
	Cut-off read length for HQ	70%
	Cut-off quality score	20
	Only statistics	On
	Number of processes	2


QC statistics
	File name	RMB_9575_Gekko_porosus_Batan_R1.trimmed.fq
	Total number of reads	1790697
	Total number of HQ reads	1790422
	Percentage of HQ reads	99.98%
	Total number of bases	166706134
	Total number of bases in HQ reads	166697610
	Total number of HQ bases in HQ reads	166193258
	Percentage of HQ bases in HQ reads	99.70%
	Number of Primer/Adaptor contaminated HQ reads	NA
	Total number of HQ filtered reads	1790422
	Percentage of HQ filtered reads	99.98%


Detailed QC statistics
	File name	RMB_9575_Gekko_porosus_Batan_R1.trimmed.fq
	Minimum read length	10
	Maximum read length	95
	Average read length	93.10
	Total number of reads	1790697
	Total number of reads with non-ATGC bases	0
	Percentage of reads with non-ATGC bases	0.00%
	Total number of bases	166706134
	Total number of HQ bases	166198596
	Percentage of HQ bases	99.70%
	Total number of non-ATGC bases	0
	Percentage of non-ATGC bases	0.00%


Average quality score at each base position of input reads

RMB_9575_Gekko_porosus_Batan_R1.trimmed.fq
36.53	35.43	36.84	36.60	36.89	36.90	36.90	39.58	39.54	39.39	39.35	39.28	39.36	39.33	39.33	39.17	39.25	39.12	39.24	39.08	39.15	38.93	38.92	38.95	39.05	38.86	38.89	39.03	38.71	38.54	38.77	38.92	38.76	38.81	38.82	38.48	38.71	38.81	38.81	38.39	38.46	38.38	38.45	38.26	38.18	37.70	36.91	36.75	36.32	35.95	35.77	36.11	36.44	36.77	37.06	37.13	37.32	37.42	37.48	37.46	37.38	37.29	37.21	37.04	36.89	36.77	36.63	36.47	36.29	34.82	35.31	35.62	35.65	35.55	35.44	35.24	35.08	35.02	34.90	34.80	34.65	34.57	34.51	34.47	34.39	34.32	34.19	34.07	34.03	33.92	33.85	33.76	33.65	33.52	32.28	




Read count (%) per base for different quality score ranges

	RMB_9575_Gekko_porosus_Batan_R1.trimmed.fq
Ranges	0-10	11-20	21-30	31-40
Base
1	0.00	0.52	0.84	98.64
2	0.00	0.14	0.46	99.40
3	0.00	0.10	0.32	99.58
4	0.00	0.20	0.62	99.18
5	0.00	0.11	0.36	99.54
6	0.00	0.10	0.33	99.57
7	0.00	0.10	0.34	99.55
8	0.00	0.10	0.31	99.58
9	0.00	0.12	0.34	99.54
10	0.00	0.14	0.41	99.45
11	0.00	0.13	0.38	99.49
12	0.00	0.16	0.45	99.39
13	0.00	0.16	0.49	99.35
14	0.00	0.20	0.46	99.34
15	0.00	0.19	0.44	99.37
16	0.00	0.18	0.50	99.31
17	0.00	0.15	0.43	99.41
18	0.00	0.19	0.58	99.23
19	0.00	0.19	0.47	99.34
20	0.00	0.23	0.54	99.23
21	0.00	0.22	0.50	99.28
22	0.00	0.24	0.53	99.22
23	0.00	0.22	0.55	99.23
24	0.00	0.19	0.52	99.29
25	0.00	0.21	0.51	99.29
26	0.00	0.23	0.67	99.11
27	0.00	0.20	0.59	99.21
28	0.00	0.16	0.51	99.34
29	0.00	0.17	0.56	99.27
30	0.00	0.18	0.66	99.16
31	0.00	0.15	0.53	99.32
32	0.00	0.15	0.54	99.31
33	0.00	0.17	0.61	99.22
34	0.00	0.16	0.56	99.28
35	0.00	0.16	0.56	99.28
36	0.00	0.18	0.83	98.99
37	0.00	0.12	0.55	99.33
38	0.00	0.11	0.54	99.35
39	0.00	0.12	0.58	99.30
40	0.00	0.16	0.92	98.91
41	0.00	0.13	0.71	99.16
42	0.00	0.15	0.74	99.11
43	0.00	0.13	0.63	99.24
44	0.00	0.14	0.73	99.13
45	0.00	0.13	0.80	99.07
46	0.00	0.19	1.17	98.64
47	0.00	0.30	2.35	97.34
48	0.00	0.43	2.75	96.82
49	0.00	0.70	3.87	95.42
50	0.00	1.23	5.57	93.19
51	0.00	2.44	5.38	92.19
52	0.00	2.38	4.18	93.44
53	0.00	1.90	3.48	94.62
54	0.00	1.44	2.70	95.86
55	0.00	1.11	2.20	96.69
56	0.00	0.89	2.07	97.04
57	0.00	0.62	1.63	97.75
58	0.00	0.42	1.37	98.20
59	0.00	0.28	1.21	98.52
60	0.00	0.19	1.06	98.74
61	0.00	0.15	1.00	98.85
62	0.00	0.15	1.06	98.80
63	0.00	0.12	0.96	98.92
64	0.00	0.13	1.08	98.79
65	0.00	0.11	1.19	98.70
66	0.00	0.11	1.12	98.77
67	0.00	0.12	1.13	98.75
68	0.00	0.11	1.14	98.76
69	0.00	0.12	1.18	98.69
70	0.00	0.11	2.72	97.17
71	0.00	0.12	1.52	98.36
72	0.00	0.11	1.30	98.60
73	0.00	0.11	1.25	98.65
74	0.00	0.10	1.33	98.57
75	0.00	0.11	1.27	98.62
76	0.00	0.14	1.48	98.38
77	0.00	0.19	1.65	98.15
78	0.00	0.13	1.56	98.31
79	0.00	0.13	1.66	98.22
80	0.00	0.15	1.71	98.14
81	0.00	0.17	2.11	97.72
82	0.00	0.21	2.06	97.73
83	0.00	0.16	2.11	97.72
84	0.00	0.17	2.11	97.73
85	0.00	0.17	2.17	97.65
86	0.00	0.17	2.16	97.66
87	0.00	0.22	2.45	97.33
88	0.00	0.23	2.65	97.12
89	0.00	0.24	2.61	97.15
90	0.00	0.28	2.91	96.81
91	0.00	0.31	3.03	96.66
92	0.00	0.30	2.94	96.76
93	0.00	0.32	3.18	96.50
94	0.00	0.36	3.50	96.15
95	0.00	1.05	7.51	91.44




