Parameters
	Library type	Single-end
	Input file	/Volumes/wdhd/users/joaks1/projects/gekgo/data/genomes/msg/plate3/demultiplexed-trimmed/RMB_6372_Gekko_sp.a_Dalupiri_R1.trimmed.fq
	Primer/Adaptor library	NA
	Cut-off read length for HQ	70%
	Cut-off quality score	20
	Only statistics	On
	Number of processes	2


QC statistics
	File name	RMB_6372_Gekko_sp.a_Dalupiri_R1.trimmed.fq
	Total number of reads	27943
	Total number of HQ reads	27942
	Percentage of HQ reads	100.00%
	Total number of bases	2594967
	Total number of bases in HQ reads	2594903
	Total number of HQ bases in HQ reads	2586876
	Percentage of HQ bases in HQ reads	99.69%
	Number of Primer/Adaptor contaminated HQ reads	NA
	Total number of HQ filtered reads	27942
	Percentage of HQ filtered reads	100.00%


Detailed QC statistics
	File name	RMB_6372_Gekko_sp.a_Dalupiri_R1.trimmed.fq
	Minimum read length	10
	Maximum read length	95
	Average read length	92.87
	Total number of reads	27943
	Total number of reads with non-ATGC bases	0
	Percentage of reads with non-ATGC bases	0.00%
	Total number of bases	2594967
	Total number of HQ bases	2586919
	Percentage of HQ bases	99.69%
	Total number of non-ATGC bases	0
	Percentage of non-ATGC bases	0.00%


Average quality score at each base position of input reads

RMB_6372_Gekko_sp.a_Dalupiri_R1.trimmed.fq
36.68	36.34	36.83	36.63	36.87	36.89	36.90	39.55	39.50	39.33	39.28	39.22	39.10	39.12	39.17	38.98	39.12	39.01	39.14	39.04	39.08	38.85	38.84	38.89	38.97	38.77	38.77	38.94	38.61	38.43	38.66	38.84	38.66	38.71	38.72	38.35	38.58	38.69	38.66	38.23	38.30	38.22	38.27	38.08	37.99	37.46	36.64	36.53	36.01	35.69	35.53	35.86	36.14	36.48	36.72	36.80	36.89	36.95	36.98	36.91	36.79	36.65	36.54	36.31	36.13	35.96	35.80	35.63	35.47	34.10	34.64	34.90	34.92	34.89	34.85	34.74	34.62	34.58	34.51	34.39	34.30	34.21	34.14	34.10	34.04	33.99	33.86	33.75	33.69	33.64	33.57	33.49	33.41	33.27	32.07	




Read count (%) per base for different quality score ranges

	RMB_6372_Gekko_sp.a_Dalupiri_R1.trimmed.fq
Ranges	0-10	11-20	21-30	31-40
Base
1	0.00	0.56	0.98	98.46
2	0.00	0.15	0.52	99.33
3	0.00	0.16	0.38	99.46
4	0.00	0.26	0.66	99.08
5	0.00	0.10	0.43	99.47
6	0.00	0.07	0.43	99.51
7	0.00	0.08	0.37	99.56
8	0.00	0.12	0.34	99.54
9	0.00	0.13	0.39	99.48
10	0.00	0.21	0.52	99.27
11	0.00	0.15	0.49	99.36
12	0.00	0.17	0.59	99.24
13	0.00	0.22	0.62	99.16
14	0.00	0.21	0.54	99.25
15	0.00	0.23	0.49	99.28
16	0.00	0.18	0.57	99.25
17	0.00	0.14	0.47	99.39
18	0.00	0.19	0.66	99.15
19	0.00	0.17	0.58	99.26
20	0.00	0.19	0.57	99.24
21	0.00	0.25	0.61	99.14
22	0.00	0.20	0.57	99.22
23	0.00	0.24	0.69	99.06
24	0.00	0.18	0.62	99.20
25	0.00	0.15	0.63	99.22
26	0.00	0.17	0.73	99.10
27	0.00	0.20	0.60	99.20
28	0.00	0.12	0.53	99.36
29	0.00	0.18	0.57	99.25
30	0.00	0.18	0.71	99.10
31	0.00	0.19	0.55	99.26
32	0.00	0.11	0.55	99.34
33	0.00	0.13	0.68	99.18
34	0.00	0.17	0.62	99.21
35	0.00	0.17	0.61	99.22
36	0.00	0.18	0.87	98.95
37	0.00	0.12	0.61	99.26
38	0.00	0.09	0.60	99.31
39	0.00	0.13	0.70	99.17
40	0.00	0.17	1.06	98.77
41	0.00	0.16	0.84	98.99
42	0.00	0.16	0.96	98.89
43	0.00	0.13	0.86	99.00
44	0.00	0.19	0.98	98.83
45	0.00	0.14	1.10	98.76
46	0.00	0.25	1.77	97.98
47	0.00	0.35	3.30	96.34
48	0.00	0.48	3.52	96.00
49	0.00	0.85	5.48	93.67
50	0.00	1.27	7.10	91.63
51	0.00	2.23	6.86	90.91
52	0.00	2.18	5.20	92.62
53	0.00	1.84	4.31	93.85
54	0.00	1.27	3.36	95.38
55	0.00	1.03	2.53	96.45
56	0.00	0.74	2.45	96.81
57	0.00	0.59	1.88	97.53
58	0.00	0.42	1.60	97.97
59	0.00	0.25	1.39	98.36
60	0.00	0.17	1.18	98.65
61	0.00	0.11	1.16	98.73
62	0.00	0.15	1.26	98.59
63	0.00	0.10	1.06	98.84
64	0.00	0.10	1.21	98.69
65	0.00	0.13	1.37	98.51
66	0.00	0.10	1.39	98.51
67	0.00	0.12	1.25	98.64
68	0.00	0.12	1.27	98.62
69	0.00	0.13	1.40	98.47
70	0.00	0.10	3.31	96.59
71	0.00	0.15	1.78	98.08
72	0.00	0.12	1.60	98.28
73	0.00	0.13	1.66	98.21
74	0.00	0.09	1.48	98.43
75	0.00	0.13	1.46	98.41
76	0.00	0.13	1.64	98.23
77	0.00	0.18	1.80	98.02
78	0.00	0.16	1.79	98.04
79	0.00	0.14	1.85	98.01
80	0.00	0.22	2.12	97.66
81	0.00	0.23	2.39	97.38
82	0.00	0.28	2.40	97.32
83	0.00	0.32	2.29	97.39
84	0.00	0.29	2.24	97.48
85	0.00	0.18	2.45	97.37
86	0.00	0.26	2.43	97.30
87	0.00	0.28	2.63	97.09
88	0.00	0.37	2.81	96.82
89	0.00	0.33	3.03	96.63
90	0.00	0.28	3.01	96.71
91	0.00	0.31	3.08	96.61
92	0.00	0.40	2.92	96.68
93	0.00	0.32	3.12	96.56
94	0.00	0.38	3.50	96.11
95	0.00	0.98	7.34	91.69




