Parameters
	Library type	Single-end
	Input file	/Volumes/wdhd/users/joaks1/projects/gekgo/data/genomes/msg/plate3/demultiplexed-trimmed/RMB_6449_Gekko_mindorensis_Panay_R1.trimmed.fq
	Primer/Adaptor library	NA
	Cut-off read length for HQ	70%
	Cut-off quality score	20
	Only statistics	On
	Number of processes	2


QC statistics
	File name	RMB_6449_Gekko_mindorensis_Panay_R1.trimmed.fq
	Total number of reads	1441204
	Total number of HQ reads	1440914
	Percentage of HQ reads	99.98%
	Total number of bases	133807232
	Total number of bases in HQ reads	133798793
	Total number of HQ bases in HQ reads	133389209
	Percentage of HQ bases in HQ reads	99.69%
	Number of Primer/Adaptor contaminated HQ reads	NA
	Total number of HQ filtered reads	1440914
	Percentage of HQ filtered reads	99.98%


Detailed QC statistics
	File name	RMB_6449_Gekko_mindorensis_Panay_R1.trimmed.fq
	Minimum read length	10
	Maximum read length	95
	Average read length	92.84
	Total number of reads	1441204
	Total number of reads with non-ATGC bases	0
	Percentage of reads with non-ATGC bases	0.00%
	Total number of bases	133807232
	Total number of HQ bases	133394478
	Percentage of HQ bases	99.69%
	Total number of non-ATGC bases	0
	Percentage of non-ATGC bases	0.00%


Average quality score at each base position of input reads

RMB_6449_Gekko_mindorensis_Panay_R1.trimmed.fq
36.62	36.49	36.84	36.56	36.85	36.87	36.88	39.44	39.43	39.33	39.28	39.20	39.24	39.21	39.21	38.94	39.06	38.96	39.13	38.96	39.06	38.84	38.81	38.82	38.90	38.74	38.75	38.90	38.62	38.44	38.66	38.81	38.64	38.66	38.71	38.41	38.59	38.66	38.66	38.19	38.24	38.20	38.23	38.04	37.95	37.41	36.69	36.49	35.97	35.63	35.54	35.86	36.28	36.54	36.76	36.83	36.95	37.07	37.10	37.07	36.99	36.89	36.76	36.58	36.41	36.22	36.07	35.93	35.67	34.18	34.78	35.11	35.11	35.02	34.95	34.80	34.70	34.66	34.59	34.51	34.41	34.35	34.28	34.23	34.17	34.10	33.96	33.90	33.82	33.74	33.68	33.63	33.57	33.44	32.05	




Read count (%) per base for different quality score ranges

	RMB_6449_Gekko_mindorensis_Panay_R1.trimmed.fq
Ranges	0-10	11-20	21-30	31-40
Base
1	0.00	0.52	0.86	98.62
2	0.00	0.16	0.47	99.38
3	0.00	0.13	0.43	99.44
4	0.00	0.27	0.81	98.91
5	0.00	0.14	0.50	99.36
6	0.00	0.13	0.45	99.42
7	0.00	0.13	0.45	99.42
8	0.00	0.14	0.47	99.39
9	0.00	0.15	0.47	99.38
10	0.00	0.18	0.55	99.27
11	0.00	0.17	0.52	99.31
12	0.00	0.20	0.61	99.19
13	0.00	0.19	0.66	99.15
14	0.00	0.24	0.63	99.13
15	0.00	0.22	0.58	99.20
16	0.00	0.22	0.65	99.12
17	0.00	0.20	0.56	99.24
18	0.00	0.22	0.73	99.05
19	0.00	0.21	0.64	99.15
20	0.00	0.29	0.70	99.01
21	0.00	0.26	0.61	99.13
22	0.00	0.28	0.66	99.06
23	0.00	0.26	0.71	99.03
24	0.00	0.22	0.66	99.12
25	0.00	0.23	0.65	99.12
26	0.00	0.25	0.84	98.91
27	0.00	0.21	0.75	99.04
28	0.00	0.18	0.63	99.19
29	0.00	0.17	0.69	99.14
30	0.00	0.18	0.80	99.02
31	0.00	0.15	0.63	99.21
32	0.00	0.15	0.64	99.21
33	0.00	0.17	0.73	99.09
34	0.00	0.16	0.66	99.18
35	0.00	0.17	0.68	99.15
36	0.00	0.21	0.94	98.85
37	0.00	0.16	0.68	99.16
38	0.00	0.14	0.68	99.18
39	0.00	0.14	0.74	99.12
40	0.00	0.20	1.15	98.66
41	0.00	0.15	0.88	98.96
42	0.00	0.15	0.96	98.88
43	0.00	0.14	0.77	99.09
44	0.00	0.15	0.90	98.95
45	0.00	0.16	1.01	98.82
46	0.00	0.22	1.52	98.26
47	0.00	0.33	2.94	96.73
48	0.00	0.42	3.20	96.38
49	0.00	0.77	4.86	94.37
50	0.00	1.27	6.49	92.24
51	0.00	2.19	6.03	91.78
52	0.00	2.16	4.86	92.98
53	0.00	1.68	3.78	94.54
54	0.00	1.34	3.06	95.59
55	0.00	1.03	2.49	96.49
56	0.00	0.81	2.28	96.91
57	0.00	0.59	1.84	97.57
58	0.00	0.38	1.48	98.14
59	0.00	0.25	1.35	98.39
60	0.00	0.16	1.16	98.68
61	0.00	0.12	1.07	98.81
62	0.00	0.12	1.06	98.81
63	0.00	0.11	1.00	98.89
64	0.00	0.13	1.15	98.72
65	0.00	0.11	1.29	98.59
66	0.00	0.12	1.27	98.60
67	0.00	0.12	1.25	98.64
68	0.00	0.11	1.15	98.73
69	0.00	0.13	1.36	98.50
70	0.00	0.11	3.37	96.52
71	0.00	0.11	1.66	98.23
72	0.00	0.10	1.37	98.53
73	0.00	0.11	1.36	98.54
74	0.00	0.10	1.46	98.43
75	0.00	0.11	1.35	98.54
76	0.00	0.14	1.61	98.25
77	0.00	0.17	1.73	98.10
78	0.00	0.12	1.70	98.19
79	0.00	0.13	1.79	98.07
80	0.00	0.13	1.83	98.04
81	0.00	0.16	1.99	97.85
82	0.00	0.20	2.07	97.73
83	0.00	0.21	2.23	97.57
84	0.00	0.18	2.16	97.66
85	0.00	0.20	2.21	97.58
86	0.00	0.21	2.34	97.45
87	0.00	0.22	2.58	97.20
88	0.00	0.23	2.64	97.13
89	0.00	0.26	2.75	97.00
90	0.00	0.30	2.84	96.85
91	0.00	0.30	2.99	96.71
92	0.00	0.29	2.82	96.89
93	0.00	0.31	3.02	96.67
94	0.00	0.35	3.23	96.42
95	0.00	1.12	7.99	90.89




