Parameters
	Library type	Single-end
	Input file	/Volumes/wdhd/users/joaks1/projects/gekgo/data/genomes/msg/plate3/demultiplexed-trimmed/RMB_5955_Luperosaurus_macgregori_BabuyanClaro_R1.trimmed.fq
	Primer/Adaptor library	NA
	Cut-off read length for HQ	70%
	Cut-off quality score	20
	Only statistics	On
	Number of processes	2


QC statistics
	File name	RMB_5955_Luperosaurus_macgregori_BabuyanClaro_R1.trimmed.fq
	Total number of reads	1103511
	Total number of HQ reads	1103355
	Percentage of HQ reads	99.99%
	Total number of bases	102766918
	Total number of bases in HQ reads	102762258
	Total number of HQ bases in HQ reads	102449664
	Percentage of HQ bases in HQ reads	99.70%
	Number of Primer/Adaptor contaminated HQ reads	NA
	Total number of HQ filtered reads	1103355
	Percentage of HQ filtered reads	99.99%


Detailed QC statistics
	File name	RMB_5955_Luperosaurus_macgregori_BabuyanClaro_R1.trimmed.fq
	Minimum read length	8
	Maximum read length	95
	Average read length	93.13
	Total number of reads	1103511
	Total number of reads with non-ATGC bases	0
	Percentage of reads with non-ATGC bases	0.00%
	Total number of bases	102766918
	Total number of HQ bases	102452532
	Percentage of HQ bases	99.69%
	Total number of non-ATGC bases	0
	Percentage of non-ATGC bases	0.00%


Average quality score at each base position of input reads

RMB_5955_Luperosaurus_macgregori_BabuyanClaro_R1.trimmed.fq
36.79	36.46	36.87	36.61	36.88	36.89	36.90	39.58	39.54	39.39	39.34	39.34	39.34	39.28	39.32	39.15	39.17	39.07	39.23	39.07	39.15	38.96	38.91	38.95	39.07	38.83	38.85	39.03	38.76	38.54	38.76	38.93	38.78	38.82	38.86	38.55	38.75	38.82	38.84	38.42	38.45	38.45	38.46	38.32	38.18	37.72	37.02	36.82	36.33	35.92	35.69	35.98	36.46	36.75	37.00	37.16	37.26	37.34	37.36	37.36	37.32	37.21	37.07	36.95	36.82	36.67	36.50	36.34	36.17	34.70	35.21	35.51	35.51	35.31	35.26	35.15	35.05	34.94	34.86	34.68	34.60	34.49	34.48	34.44	34.35	34.27	34.15	34.09	34.05	33.98	33.84	33.80	33.75	33.59	32.36	




Read count (%) per base for different quality score ranges

	RMB_5955_Luperosaurus_macgregori_BabuyanClaro_R1.trimmed.fq
Ranges	0-10	11-20	21-30	31-40
Base
1	0.00	0.38	0.57	99.05
2	0.00	0.13	0.35	99.52
3	0.00	0.10	0.30	99.60
4	0.00	0.22	0.67	99.11
5	0.00	0.11	0.39	99.50
6	0.00	0.10	0.35	99.55
7	0.00	0.11	0.33	99.56
8	0.00	0.10	0.33	99.57
9	0.00	0.12	0.36	99.52
10	0.00	0.15	0.45	99.40
11	0.00	0.14	0.42	99.44
12	0.00	0.15	0.47	99.38
13	0.00	0.16	0.49	99.35
14	0.00	0.21	0.50	99.29
15	0.00	0.19	0.47	99.34
16	0.00	0.19	0.55	99.26
17	0.00	0.17	0.47	99.37
18	0.00	0.19	0.59	99.23
19	0.00	0.17	0.47	99.36
20	0.00	0.22	0.56	99.22
21	0.00	0.20	0.49	99.31
22	0.00	0.23	0.56	99.21
23	0.00	0.22	0.59	99.19
24	0.00	0.22	0.56	99.23
25	0.00	0.21	0.52	99.27
26	0.00	0.25	0.73	99.01
27	0.00	0.21	0.63	99.16
28	0.00	0.16	0.54	99.30
29	0.00	0.17	0.60	99.23
30	0.00	0.19	0.69	99.13
31	0.00	0.17	0.60	99.23
32	0.00	0.15	0.55	99.30
33	0.00	0.17	0.63	99.20
34	0.00	0.16	0.59	99.25
35	0.00	0.15	0.57	99.28
36	0.00	0.17	0.81	99.02
37	0.00	0.13	0.59	99.28
38	0.00	0.12	0.56	99.32
39	0.00	0.12	0.58	99.30
40	0.00	0.15	0.96	98.89
41	0.00	0.16	0.78	99.06
42	0.00	0.16	0.82	99.02
43	0.00	0.15	0.71	99.14
44	0.00	0.16	0.80	99.05
45	0.00	0.15	0.85	98.99
46	0.00	0.18	1.23	98.58
47	0.00	0.29	2.39	97.31
48	0.00	0.40	2.74	96.87
49	0.00	0.69	3.98	95.33
50	0.00	1.23	5.93	92.84
51	0.00	2.53	5.68	91.79
52	0.00	2.49	4.52	93.00
53	0.00	1.83	3.48	94.69
54	0.00	1.41	2.88	95.71
55	0.00	1.04	2.26	96.70
56	0.00	0.82	1.84	97.34
57	0.00	0.61	1.54	97.84
58	0.00	0.43	1.37	98.20
59	0.00	0.27	1.23	98.50
60	0.00	0.18	1.07	98.75
61	0.00	0.13	0.96	98.92
62	0.00	0.11	1.01	98.88
63	0.00	0.14	1.02	98.85
64	0.00	0.11	1.05	98.84
65	0.00	0.10	1.00	98.91
66	0.00	0.11	1.13	98.76
67	0.00	0.10	1.18	98.72
68	0.00	0.11	1.35	98.54
69	0.00	0.12	1.28	98.61
70	0.00	0.10	2.83	97.07
71	0.00	0.12	1.60	98.28
72	0.00	0.11	1.34	98.55
73	0.00	0.11	1.33	98.57
74	0.00	0.28	1.78	97.94
75	0.00	0.12	1.58	98.30
76	0.00	0.12	1.57	98.31
77	0.00	0.13	1.55	98.32
78	0.00	0.15	1.68	98.17
79	0.00	0.13	1.76	98.12
80	0.00	0.18	2.14	97.68
81	0.00	0.18	2.22	97.60
82	0.00	0.25	2.47	97.29
83	0.00	0.16	2.16	97.68
84	0.00	0.19	2.07	97.74
85	0.00	0.20	2.28	97.51
86	0.00	0.29	2.47	97.23
87	0.00	0.25	2.71	97.04
88	0.00	0.20	2.65	97.15
89	0.00	0.20	2.70	97.09
90	0.00	0.25	2.81	96.94
91	0.00	0.31	3.14	96.55
92	0.00	0.30	2.94	96.76
93	0.00	0.31	3.07	96.62
94	0.00	0.35	3.55	96.10
95	0.00	1.07	7.46	91.47




