Parameters
	Library type	Single-end
	Input file	/Volumes/wdhd/users/joaks1/projects/gekgo/data/genomes/msg/plate3/demultiplexed-trimmed/RMB_13579_Hemidactylus_frenatus_Luzon_R1.trimmed.fq
	Primer/Adaptor library	NA
	Cut-off read length for HQ	70%
	Cut-off quality score	20
	Only statistics	On
	Number of processes	2


QC statistics
	File name	RMB_13579_Hemidactylus_frenatus_Luzon_R1.trimmed.fq
	Total number of reads	1890
	Total number of HQ reads	1890
	Percentage of HQ reads	100.00%
	Total number of bases	175898
	Total number of bases in HQ reads	175898
	Total number of HQ bases in HQ reads	175332
	Percentage of HQ bases in HQ reads	99.68%
	Number of Primer/Adaptor contaminated HQ reads	NA
	Total number of HQ filtered reads	1890
	Percentage of HQ filtered reads	100.00%


Detailed QC statistics
	File name	RMB_13579_Hemidactylus_frenatus_Luzon_R1.trimmed.fq
	Minimum read length	22
	Maximum read length	95
	Average read length	93.07
	Total number of reads	1890
	Total number of reads with non-ATGC bases	0
	Percentage of reads with non-ATGC bases	0.00%
	Total number of bases	175898
	Total number of HQ bases	175332
	Percentage of HQ bases	99.68%
	Total number of non-ATGC bases	0
	Percentage of non-ATGC bases	0.00%


Average quality score at each base position of input reads

RMB_13579_Hemidactylus_frenatus_Luzon_R1.trimmed.fq
36.67	35.02	36.82	36.58	36.89	36.90	36.90	39.57	39.61	39.36	39.31	39.37	39.41	39.35	39.33	39.17	39.21	39.12	39.24	39.05	39.09	38.88	38.96	39.04	39.03	38.91	38.89	39.09	38.82	38.61	38.86	39.00	38.85	38.90	38.90	38.69	38.88	38.94	38.83	38.50	38.49	38.57	38.49	38.44	38.34	37.89	37.16	36.95	36.38	35.61	35.57	36.05	36.32	36.79	36.97	37.13	37.33	37.45	37.54	37.54	37.55	37.55	37.33	37.27	37.13	36.97	36.84	36.70	36.46	35.06	35.51	35.67	35.60	35.48	35.41	35.21	35.06	34.90	34.79	34.67	34.60	34.53	34.44	34.40	34.14	34.23	34.11	33.98	33.98	33.97	33.79	33.73	33.71	33.71	32.46	




Read count (%) per base for different quality score ranges

	RMB_13579_Hemidactylus_frenatus_Luzon_R1.trimmed.fq
Ranges	0-10	11-20	21-30	31-40
Base
1	0.00	0.53	0.79	98.68
2	0.00	0.05	0.58	99.37
3	0.00	0.05	0.37	99.58
4	0.00	0.32	0.48	99.21
5	0.00	0.11	0.32	99.58
6	0.00	0.11	0.42	99.47
7	0.00	0.21	0.32	99.47
8	0.00	0.16	0.42	99.42
9	0.00	0.00	0.21	99.79
10	0.00	0.32	0.37	99.31
11	0.00	0.11	0.37	99.52
12	0.00	0.05	0.32	99.63
13	0.00	0.16	0.32	99.52
14	0.00	0.21	0.42	99.37
15	0.00	0.26	0.53	99.21
16	0.00	0.21	0.58	99.21
17	0.00	0.05	0.58	99.37
18	0.00	0.11	0.58	99.31
19	0.00	0.26	0.26	99.47
20	0.00	0.32	0.42	99.26
21	0.00	0.21	0.58	99.21
22	0.00	0.26	0.58	99.15
23	0.00	0.16	0.37	99.47
24	0.00	0.32	0.26	99.42
25	0.00	0.37	0.48	99.15
26	0.00	0.32	0.32	99.36
27	0.00	0.42	0.69	98.89
28	0.00	0.05	0.42	99.52
29	0.00	0.11	0.69	99.21
30	0.00	0.16	0.85	98.99
31	0.00	0.16	0.64	99.20
32	0.00	0.11	0.69	99.20
33	0.00	0.32	0.53	99.15
34	0.00	0.27	0.69	99.04
35	0.00	0.16	0.48	99.36
36	0.00	0.11	0.32	99.57
37	0.00	0.05	0.48	99.47
38	0.00	0.05	0.48	99.47
39	0.00	0.16	0.53	99.31
40	0.00	0.16	0.75	99.09
41	0.00	0.11	0.64	99.25
42	0.00	0.11	0.37	99.52
43	0.00	0.11	0.64	99.25
44	0.00	0.05	0.48	99.47
45	0.00	0.05	0.53	99.41
46	0.00	0.21	0.37	99.41
47	0.00	0.16	1.98	97.86
48	0.00	0.21	2.09	97.69
49	0.00	0.43	3.98	95.59
50	0.00	1.83	6.42	91.75
51	0.00	3.19	5.08	91.74
52	0.00	2.60	3.41	93.99
53	0.00	2.66	2.60	94.74
54	0.00	1.46	2.87	95.66
55	0.00	1.25	2.66	96.09
56	0.00	0.82	2.07	97.12
57	0.00	0.82	1.41	97.77
58	0.00	0.60	1.47	97.93
59	0.00	0.49	0.87	98.64
60	0.00	0.11	1.25	98.64
61	0.00	0.11	1.04	98.85
62	0.00	0.11	0.71	99.18
63	0.00	0.33	1.20	98.47
64	0.00	0.11	1.26	98.63
65	0.00	0.05	0.98	98.96
66	0.00	0.11	0.71	99.18
67	0.00	0.16	1.10	98.74
68	0.00	0.16	0.82	99.01
69	0.00	0.27	0.82	98.90
70	0.00	0.05	2.25	97.69
71	0.00	0.00	1.27	98.73
72	0.00	0.28	1.16	98.57
73	0.00	0.11	1.05	98.84
74	0.00	0.06	1.22	98.73
75	0.00	0.00	0.88	99.12
76	0.00	0.11	1.71	98.18
77	0.00	0.33	1.77	97.90
78	0.00	0.11	1.94	97.95
79	0.00	0.17	1.83	98.00
80	0.00	0.00	2.22	97.78
81	0.00	0.11	2.22	97.67
82	0.00	0.11	2.05	97.84
83	0.00	0.00	2.05	97.95
84	0.00	0.11	2.05	97.83
85	0.00	0.22	3.22	96.55
86	0.00	0.06	2.17	97.78
87	0.00	0.06	2.67	97.27
88	0.00	0.11	2.51	97.38
89	0.00	0.39	2.79	96.82
90	0.00	0.00	2.73	97.27
91	0.00	0.33	3.12	96.54
92	0.00	0.33	3.12	96.54
93	0.00	0.22	3.01	96.76
94	0.00	0.50	2.51	96.99
95	0.00	0.62	8.08	91.30




