Parameters
	Library type	Single-end
	Input file	/Volumes/wdhd/users/joaks1/projects/gekgo/data/genomes/msg/plate3/demultiplexed-trimmed/RMB_6320_Pseudogekko_smaragdinus_Polillo_R1.trimmed.fq
	Primer/Adaptor library	NA
	Cut-off read length for HQ	70%
	Cut-off quality score	20
	Only statistics	On
	Number of processes	2


QC statistics
	File name	RMB_6320_Pseudogekko_smaragdinus_Polillo_R1.trimmed.fq
	Total number of reads	270677
	Total number of HQ reads	270638
	Percentage of HQ reads	99.99%
	Total number of bases	25194486
	Total number of bases in HQ reads	25193302
	Total number of HQ bases in HQ reads	25118602
	Percentage of HQ bases in HQ reads	99.70%
	Number of Primer/Adaptor contaminated HQ reads	NA
	Total number of HQ filtered reads	270638
	Percentage of HQ filtered reads	99.99%


Detailed QC statistics
	File name	RMB_6320_Pseudogekko_smaragdinus_Polillo_R1.trimmed.fq
	Minimum read length	10
	Maximum read length	95
	Average read length	93.08
	Total number of reads	270677
	Total number of reads with non-ATGC bases	0
	Percentage of reads with non-ATGC bases	0.00%
	Total number of bases	25194486
	Total number of HQ bases	25119336
	Percentage of HQ bases	99.70%
	Total number of non-ATGC bases	0
	Percentage of non-ATGC bases	0.00%


Average quality score at each base position of input reads

RMB_6320_Pseudogekko_smaragdinus_Polillo_R1.trimmed.fq
36.61	36.41	36.87	36.61	36.88	36.90	36.91	39.60	39.55	39.40	39.34	39.35	39.35	39.31	39.33	39.17	39.19	39.05	39.21	39.05	39.13	38.94	38.94	38.98	39.06	38.82	38.86	39.02	38.72	38.52	38.78	38.95	38.77	38.84	38.87	38.58	38.77	38.87	38.83	38.42	38.48	38.46	38.46	38.29	38.16	37.66	36.91	36.72	36.24	35.84	35.67	36.06	36.47	36.81	37.03	37.12	37.27	37.35	37.36	37.38	37.32	37.21	37.07	36.94	36.80	36.68	36.51	36.36	36.16	34.66	35.18	35.48	35.47	35.35	35.24	35.11	34.99	34.89	34.79	34.67	34.57	34.47	34.40	34.35	34.27	34.20	34.12	34.02	33.96	33.86	33.77	33.75	33.66	33.57	32.34	




Read count (%) per base for different quality score ranges

	RMB_6320_Pseudogekko_smaragdinus_Polillo_R1.trimmed.fq
Ranges	0-10	11-20	21-30	31-40
Base
1	0.00	0.49	0.77	98.74
2	0.00	0.13	0.38	99.48
3	0.00	0.09	0.31	99.60
4	0.00	0.20	0.62	99.18
5	0.00	0.11	0.38	99.51
6	0.00	0.11	0.34	99.55
7	0.00	0.10	0.31	99.59
8	0.00	0.10	0.33	99.56
9	0.00	0.12	0.37	99.51
10	0.00	0.14	0.43	99.44
11	0.00	0.13	0.38	99.50
12	0.00	0.14	0.43	99.43
13	0.00	0.17	0.53	99.30
14	0.00	0.20	0.52	99.28
15	0.00	0.20	0.48	99.32
16	0.00	0.18	0.57	99.24
17	0.00	0.17	0.49	99.34
18	0.00	0.19	0.62	99.18
19	0.00	0.18	0.47	99.34
20	0.00	0.24	0.55	99.21
21	0.00	0.22	0.49	99.29
22	0.00	0.22	0.54	99.24
23	0.00	0.20	0.54	99.26
24	0.00	0.19	0.51	99.30
25	0.00	0.21	0.49	99.30
26	0.00	0.23	0.72	99.04
27	0.00	0.20	0.65	99.16
28	0.00	0.17	0.53	99.30
29	0.00	0.17	0.61	99.22
30	0.00	0.18	0.70	99.12
31	0.00	0.14	0.52	99.34
32	0.00	0.14	0.51	99.35
33	0.00	0.17	0.63	99.20
34	0.00	0.17	0.53	99.30
35	0.00	0.17	0.59	99.24
36	0.00	0.17	0.82	99.01
37	0.00	0.13	0.58	99.29
38	0.00	0.10	0.54	99.36
39	0.00	0.12	0.60	99.28
40	0.00	0.15	0.91	98.93
41	0.00	0.14	0.73	99.13
42	0.00	0.15	0.75	99.10
43	0.00	0.12	0.71	99.17
44	0.00	0.15	0.82	99.04
45	0.00	0.15	0.84	99.02
46	0.00	0.22	1.30	98.48
47	0.00	0.35	2.54	97.12
48	0.00	0.44	2.86	96.70
49	0.00	0.71	4.18	95.10
50	0.00	1.29	5.93	92.78
51	0.00	2.48	5.66	91.86
52	0.00	2.19	4.37	93.43
53	0.00	1.74	3.50	94.76
54	0.00	1.31	2.68	96.01
55	0.00	0.95	2.26	96.79
56	0.00	0.78	1.88	97.35
57	0.00	0.55	1.53	97.91
58	0.00	0.39	1.36	98.25
59	0.00	0.26	1.29	98.45
60	0.00	0.19	1.02	98.79
61	0.00	0.12	0.98	98.90
62	0.00	0.11	0.98	98.91
63	0.00	0.11	1.05	98.83
64	0.00	0.11	0.96	98.92
65	0.00	0.11	1.07	98.82
66	0.00	0.10	1.04	98.86
67	0.00	0.11	1.08	98.81
68	0.00	0.11	1.10	98.80
69	0.00	0.13	1.22	98.65
70	0.00	0.12	2.70	97.18
71	0.00	0.12	1.61	98.27
72	0.00	0.12	1.34	98.54
73	0.00	0.10	1.32	98.58
74	0.00	0.12	1.39	98.50
75	0.00	0.15	1.31	98.54
76	0.00	0.13	1.57	98.30
77	0.00	0.15	1.67	98.18
78	0.00	0.16	1.67	98.17
79	0.00	0.15	1.71	98.13
80	0.00	0.18	1.94	97.88
81	0.00	0.22	2.00	97.78
82	0.00	0.21	2.32	97.47
83	0.00	0.23	2.27	97.50
84	0.00	0.19	2.25	97.56
85	0.00	0.22	2.41	97.37
86	0.00	0.22	2.46	97.32
87	0.00	0.22	2.57	97.20
88	0.00	0.26	2.77	96.97
89	0.00	0.25	2.85	96.90
90	0.00	0.30	2.98	96.72
91	0.00	0.28	3.21	96.51
92	0.00	0.27	2.90	96.83
93	0.00	0.30	3.24	96.46
94	0.00	0.34	3.21	96.45
95	0.00	1.01	7.47	91.51




