Parameters
	Library type	Single-end
	Input file	/Volumes/wdhd/users/joaks1/projects/gekgo/data/genomes/msg/plate3/demultiplexed-trimmed/RMB_5737_Gekko_sp.b_CamiguinNorte_R1.trimmed.fq
	Primer/Adaptor library	NA
	Cut-off read length for HQ	70%
	Cut-off quality score	20
	Only statistics	On
	Number of processes	2


QC statistics
	File name	RMB_5737_Gekko_sp.b_CamiguinNorte_R1.trimmed.fq
	Total number of reads	349718
	Total number of HQ reads	349670
	Percentage of HQ reads	99.99%
	Total number of bases	32564637
	Total number of bases in HQ reads	32563227
	Total number of HQ bases in HQ reads	32470090
	Percentage of HQ bases in HQ reads	99.71%
	Number of Primer/Adaptor contaminated HQ reads	NA
	Total number of HQ filtered reads	349670
	Percentage of HQ filtered reads	99.99%


Detailed QC statistics
	File name	RMB_5737_Gekko_sp.b_CamiguinNorte_R1.trimmed.fq
	Minimum read length	11
	Maximum read length	95
	Average read length	93.12
	Total number of reads	349718
	Total number of reads with non-ATGC bases	0
	Percentage of reads with non-ATGC bases	0.00%
	Total number of bases	32564637
	Total number of HQ bases	32470974
	Percentage of HQ bases	99.71%
	Total number of non-ATGC bases	0
	Percentage of non-ATGC bases	0.00%


Average quality score at each base position of input reads

RMB_5737_Gekko_sp.b_CamiguinNorte_R1.trimmed.fq
36.78	36.26	36.87	36.64	36.90	36.91	36.91	39.62	39.58	39.43	39.37	39.31	39.37	39.36	39.37	39.20	39.28	39.15	39.26	39.11	39.16	38.95	38.92	38.95	39.05	38.86	38.88	39.02	38.70	38.52	38.76	38.93	38.76	38.81	38.82	38.48	38.71	38.82	38.81	38.39	38.46	38.39	38.46	38.28	38.19	37.72	36.95	36.80	36.34	35.96	35.84	36.17	36.50	36.84	37.10	37.17	37.36	37.46	37.50	37.49	37.42	37.33	37.24	37.08	36.92	36.81	36.65	36.49	36.32	34.86	35.37	35.65	35.67	35.56	35.45	35.28	35.13	35.06	34.93	34.83	34.70	34.61	34.56	34.51	34.43	34.37	34.25	34.15	34.11	34.02	33.94	33.84	33.76	33.62	32.41	




Read count (%) per base for different quality score ranges

	RMB_5737_Gekko_sp.b_CamiguinNorte_R1.trimmed.fq
Ranges	0-10	11-20	21-30	31-40
Base
1	0.00	0.39	0.59	99.02
2	0.00	0.12	0.37	99.50
3	0.00	0.09	0.28	99.63
4	0.00	0.18	0.59	99.23
5	0.00	0.09	0.33	99.58
6	0.00	0.09	0.31	99.60
7	0.00	0.09	0.32	99.59
8	0.00	0.09	0.27	99.64
9	0.00	0.10	0.30	99.60
10	0.00	0.13	0.37	99.50
11	0.00	0.12	0.34	99.54
12	0.00	0.14	0.41	99.45
13	0.00	0.16	0.46	99.38
14	0.00	0.19	0.44	99.37
15	0.00	0.17	0.43	99.40
16	0.00	0.17	0.47	99.37
17	0.00	0.13	0.39	99.48
18	0.00	0.16	0.52	99.33
19	0.00	0.17	0.44	99.39
20	0.00	0.22	0.50	99.28
21	0.00	0.22	0.45	99.33
22	0.00	0.24	0.51	99.26
23	0.00	0.20	0.54	99.26
24	0.00	0.18	0.50	99.32
25	0.00	0.21	0.47	99.32
26	0.00	0.22	0.61	99.18
27	0.00	0.20	0.55	99.25
28	0.00	0.15	0.47	99.38
29	0.00	0.16	0.52	99.32
30	0.00	0.16	0.62	99.23
31	0.00	0.14	0.49	99.37
32	0.00	0.14	0.49	99.37
33	0.00	0.15	0.57	99.28
34	0.00	0.15	0.51	99.34
35	0.00	0.15	0.55	99.30
36	0.00	0.16	0.81	99.03
37	0.00	0.12	0.53	99.34
38	0.00	0.12	0.49	99.39
39	0.00	0.11	0.55	99.34
40	0.00	0.15	0.89	98.96
41	0.00	0.11	0.68	99.20
42	0.00	0.14	0.70	99.16
43	0.00	0.12	0.58	99.30
44	0.00	0.14	0.70	99.16
45	0.00	0.13	0.76	99.11
46	0.00	0.17	1.13	98.70
47	0.00	0.28	2.33	97.38
48	0.00	0.40	2.70	96.90
49	0.00	0.69	3.86	95.44
50	0.00	1.22	5.56	93.22
51	0.00	2.33	5.25	92.42
52	0.00	2.30	4.08	93.61
53	0.00	1.83	3.33	94.84
54	0.00	1.35	2.64	96.01
55	0.00	1.06	2.14	96.80
56	0.00	0.83	2.11	97.06
57	0.00	0.57	1.54	97.89
58	0.00	0.41	1.33	98.26
59	0.00	0.27	1.16	98.56
60	0.00	0.19	1.03	98.79
61	0.00	0.13	0.91	98.96
62	0.00	0.11	1.01	98.87
63	0.00	0.10	0.88	99.01
64	0.00	0.12	0.95	98.93
65	0.00	0.11	1.18	98.71
66	0.00	0.10	1.02	98.88
67	0.00	0.12	1.07	98.81
68	0.00	0.11	1.11	98.78
69	0.00	0.10	1.11	98.79
70	0.00	0.10	2.60	97.30
71	0.00	0.10	1.39	98.51
72	0.00	0.11	1.25	98.64
73	0.00	0.11	1.20	98.69
74	0.00	0.09	1.29	98.62
75	0.00	0.10	1.22	98.67
76	0.00	0.13	1.39	98.48
77	0.00	0.17	1.61	98.22
78	0.00	0.12	1.48	98.41
79	0.00	0.13	1.62	98.25
80	0.00	0.15	1.74	98.11
81	0.00	0.18	2.07	97.75
82	0.00	0.20	2.04	97.76
83	0.00	0.16	2.00	97.84
84	0.00	0.18	2.02	97.81
85	0.00	0.18	2.18	97.64
86	0.00	0.20	2.17	97.63
87	0.00	0.21	2.40	97.39
88	0.00	0.20	2.53	97.27
89	0.00	0.23	2.52	97.25
90	0.00	0.26	2.69	97.04
91	0.00	0.27	2.89	96.83
92	0.00	0.31	2.84	96.85
93	0.00	0.30	3.04	96.66
94	0.00	0.35	3.34	96.31
95	0.00	0.96	7.27	91.77




