Parameters
	Library type	Single-end
	Input file	/Volumes/wdhd/users/joaks1/projects/gekgo/data/genomes/msg/plate3/demultiplexed-trimmed/RMB_6369_Gekko_sp.a_Dalupiri_R1.trimmed.fq
	Primer/Adaptor library	NA
	Cut-off read length for HQ	70%
	Cut-off quality score	20
	Only statistics	On
	Number of processes	2


QC statistics
	File name	RMB_6369_Gekko_sp.a_Dalupiri_R1.trimmed.fq
	Total number of reads	74461
	Total number of HQ reads	74452
	Percentage of HQ reads	99.99%
	Total number of bases	6956436
	Total number of bases in HQ reads	6956165
	Total number of HQ bases in HQ reads	6936312
	Percentage of HQ bases in HQ reads	99.71%
	Number of Primer/Adaptor contaminated HQ reads	NA
	Total number of HQ filtered reads	74452
	Percentage of HQ filtered reads	99.99%


Detailed QC statistics
	File name	RMB_6369_Gekko_sp.a_Dalupiri_R1.trimmed.fq
	Minimum read length	12
	Maximum read length	95
	Average read length	93.42
	Total number of reads	74461
	Total number of reads with non-ATGC bases	0
	Percentage of reads with non-ATGC bases	0.00%
	Total number of bases	6956436
	Total number of HQ bases	6936484
	Percentage of HQ bases	99.71%
	Total number of non-ATGC bases	0
	Percentage of non-ATGC bases	0.00%


Average quality score at each base position of input reads

RMB_6369_Gekko_sp.a_Dalupiri_R1.trimmed.fq
36.54	35.77	36.86	36.60	36.92	36.93	36.93	39.62	39.59	39.44	39.40	39.31	39.41	39.40	39.40	39.25	39.35	39.22	39.31	39.16	39.22	39.01	39.00	39.00	39.12	38.93	38.97	39.11	38.78	38.61	38.85	39.01	38.84	38.91	38.92	38.58	38.82	38.92	38.93	38.50	38.59	38.49	38.59	38.41	38.35	37.86	37.04	36.92	36.52	36.11	35.97	36.31	36.62	36.99	37.29	37.39	37.56	37.67	37.73	37.73	37.64	37.58	37.52	37.35	37.22	37.10	36.95	36.80	36.62	35.13	35.61	35.93	35.98	35.88	35.77	35.57	35.41	35.32	35.17	35.09	34.93	34.83	34.74	34.70	34.62	34.55	34.41	34.30	34.26	34.15	34.08	33.97	33.88	33.75	32.52	




Read count (%) per base for different quality score ranges

	RMB_6369_Gekko_sp.a_Dalupiri_R1.trimmed.fq
Ranges	0-10	11-20	21-30	31-40
Base
1	0.00	0.43	0.68	98.89
2	0.00	0.09	0.35	99.56
3	0.00	0.08	0.26	99.66
4	0.00	0.17	0.59	99.24
5	0.00	0.08	0.27	99.66
6	0.00	0.07	0.23	99.70
7	0.00	0.08	0.24	99.68
8	0.00	0.07	0.24	99.69
9	0.00	0.09	0.26	99.65
10	0.00	0.12	0.31	99.57
11	0.00	0.11	0.28	99.61
12	0.00	0.12	0.35	99.53
13	0.00	0.11	0.37	99.52
14	0.00	0.15	0.30	99.55
15	0.00	0.13	0.32	99.54
16	0.00	0.14	0.38	99.48
17	0.00	0.09	0.28	99.63
18	0.00	0.13	0.40	99.47
19	0.00	0.14	0.32	99.54
20	0.00	0.18	0.40	99.42
21	0.00	0.17	0.37	99.46
22	0.00	0.19	0.36	99.46
23	0.00	0.17	0.40	99.43
24	0.00	0.15	0.41	99.44
25	0.00	0.20	0.40	99.40
26	0.00	0.20	0.49	99.30
27	0.00	0.18	0.46	99.36
28	0.00	0.12	0.41	99.47
29	0.00	0.15	0.44	99.41
30	0.00	0.15	0.51	99.35
31	0.00	0.12	0.41	99.48
32	0.00	0.13	0.39	99.48
33	0.00	0.13	0.49	99.38
34	0.00	0.12	0.39	99.49
35	0.00	0.15	0.44	99.41
36	0.00	0.13	0.68	99.19
37	0.00	0.11	0.43	99.46
38	0.00	0.11	0.41	99.48
39	0.00	0.09	0.44	99.48
40	0.00	0.13	0.84	99.03
41	0.00	0.10	0.59	99.30
42	0.00	0.14	0.64	99.22
43	0.00	0.11	0.52	99.37
44	0.00	0.12	0.60	99.28
45	0.00	0.10	0.72	99.18
46	0.00	0.16	1.12	98.72
47	0.00	0.32	2.31	97.36
48	0.00	0.42	2.66	96.92
49	0.00	0.70	3.63	95.67
50	0.00	1.28	5.46	93.25
51	0.00	2.44	5.25	92.32
52	0.00	2.45	3.99	93.56
53	0.00	1.90	3.40	94.70
54	0.00	1.41	2.67	95.92
55	0.00	1.11	2.20	96.69
56	0.00	0.87	1.97	97.16
57	0.00	0.61	1.59	97.80
58	0.00	0.44	1.27	98.29
59	0.00	0.26	1.10	98.64
60	0.00	0.17	0.99	98.84
61	0.00	0.16	0.95	98.89
62	0.00	0.15	0.95	98.91
63	0.00	0.13	0.89	98.98
64	0.00	0.11	0.98	98.90
65	0.00	0.10	1.17	98.73
66	0.00	0.11	1.11	98.77
67	0.00	0.18	1.12	98.71
68	0.00	0.11	1.11	98.78
69	0.00	0.13	1.19	98.69
70	0.00	0.11	2.65	97.24
71	0.00	0.12	1.54	98.34
72	0.00	0.14	1.28	98.58
73	0.00	0.10	1.22	98.67
74	0.00	0.08	1.27	98.65
75	0.00	0.08	1.24	98.68
76	0.00	0.13	1.29	98.57
77	0.00	0.16	1.52	98.32
78	0.00	0.13	1.47	98.40
79	0.00	0.15	1.67	98.19
80	0.00	0.16	1.68	98.16
81	0.00	0.18	2.06	97.76
82	0.00	0.19	1.98	97.84
83	0.00	0.17	2.13	97.71
84	0.00	0.18	1.98	97.84
85	0.00	0.16	2.14	97.70
86	0.00	0.17	2.14	97.68
87	0.00	0.23	2.49	97.28
88	0.00	0.20	2.70	97.10
89	0.00	0.24	2.59	97.16
90	0.00	0.28	2.86	96.86
91	0.00	0.27	3.10	96.63
92	0.00	0.28	3.03	96.69
93	0.00	0.29	3.16	96.55
94	0.00	0.30	3.45	96.25
95	0.00	1.04	7.49	91.47




