Parameters
	Library type	Single-end
	Input file	/Volumes/wdhd/users/joaks1/projects/gekgo/data/genomes/msg/plate3/demultiplexed-trimmed/RMB_6052_Gekko_rossi_Calayan_R1.trimmed.fq
	Primer/Adaptor library	NA
	Cut-off read length for HQ	70%
	Cut-off quality score	20
	Only statistics	On
	Number of processes	2


QC statistics
	File name	RMB_6052_Gekko_rossi_Calayan_R1.trimmed.fq
	Total number of reads	198609
	Total number of HQ reads	198591
	Percentage of HQ reads	99.99%
	Total number of bases	18476272
	Total number of bases in HQ reads	18475802
	Total number of HQ bases in HQ reads	18422541
	Percentage of HQ bases in HQ reads	99.71%
	Number of Primer/Adaptor contaminated HQ reads	NA
	Total number of HQ filtered reads	198591
	Percentage of HQ filtered reads	99.99%


Detailed QC statistics
	File name	RMB_6052_Gekko_rossi_Calayan_R1.trimmed.fq
	Minimum read length	10
	Maximum read length	95
	Average read length	93.03
	Total number of reads	198609
	Total number of reads with non-ATGC bases	0
	Percentage of reads with non-ATGC bases	0.00%
	Total number of bases	18476272
	Total number of HQ bases	18422830
	Percentage of HQ bases	99.71%
	Total number of non-ATGC bases	0
	Percentage of non-ATGC bases	0.00%


Average quality score at each base position of input reads

RMB_6052_Gekko_rossi_Calayan_R1.trimmed.fq
36.76	36.58	36.87	36.67	36.88	36.90	36.90	39.57	39.53	39.38	39.32	39.27	39.15	39.13	39.18	39.01	39.15	39.05	39.19	39.04	39.11	38.87	38.86	38.89	39.00	38.81	38.82	38.97	38.65	38.46	38.69	38.85	38.67	38.72	38.73	38.38	38.63	38.73	38.71	38.26	38.33	38.26	38.32	38.12	38.04	37.51	36.68	36.50	36.03	35.67	35.55	35.93	36.23	36.56	36.82	36.88	37.01	37.05	37.05	36.99	36.86	36.74	36.61	36.40	36.22	36.07	35.90	35.73	35.60	34.21	34.72	35.02	35.06	35.01	34.96	34.85	34.73	34.70	34.60	34.51	34.42	34.35	34.33	34.26	34.23	34.16	34.04	33.94	33.91	33.80	33.73	33.64	33.54	33.42	32.20	




Read count (%) per base for different quality score ranges

	RMB_6052_Gekko_rossi_Calayan_R1.trimmed.fq
Ranges	0-10	11-20	21-30	31-40
Base
1	0.00	0.38	0.73	98.90
2	0.00	0.13	0.36	99.51
3	0.00	0.11	0.35	99.54
4	0.00	0.20	0.63	99.17
5	0.00	0.11	0.39	99.50
6	0.00	0.09	0.37	99.54
7	0.00	0.10	0.35	99.55
8	0.00	0.09	0.35	99.55
9	0.00	0.12	0.36	99.52
10	0.00	0.16	0.42	99.42
11	0.00	0.14	0.39	99.47
12	0.00	0.15	0.50	99.35
13	0.00	0.14	0.49	99.36
14	0.00	0.22	0.50	99.28
15	0.00	0.19	0.47	99.34
16	0.00	0.17	0.53	99.30
17	0.00	0.14	0.46	99.40
18	0.00	0.17	0.59	99.23
19	0.00	0.16	0.51	99.33
20	0.00	0.21	0.59	99.21
21	0.00	0.20	0.51	99.29
22	0.00	0.21	0.56	99.23
23	0.00	0.20	0.61	99.19
24	0.00	0.16	0.57	99.27
25	0.00	0.15	0.55	99.30
26	0.00	0.18	0.67	99.14
27	0.00	0.15	0.63	99.22
28	0.00	0.12	0.52	99.36
29	0.00	0.12	0.53	99.35
30	0.00	0.16	0.71	99.13
31	0.00	0.12	0.53	99.35
32	0.00	0.14	0.56	99.31
33	0.00	0.16	0.66	99.19
34	0.00	0.15	0.61	99.24
35	0.00	0.14	0.61	99.25
36	0.00	0.16	0.89	98.95
37	0.00	0.12	0.57	99.30
38	0.00	0.12	0.57	99.31
39	0.00	0.11	0.65	99.25
40	0.00	0.18	1.09	98.73
41	0.00	0.12	0.84	99.04
42	0.00	0.14	0.85	99.01
43	0.00	0.11	0.74	99.15
44	0.00	0.12	0.88	99.00
45	0.00	0.13	0.99	98.88
46	0.00	0.19	1.67	98.14
47	0.00	0.31	3.26	96.43
48	0.00	0.45	3.81	95.74
49	0.00	0.70	5.41	93.89
50	0.00	1.26	7.20	91.55
51	0.00	2.27	6.77	90.96
52	0.00	2.09	5.18	92.73
53	0.00	1.66	4.23	94.11
54	0.00	1.26	3.15	95.58
55	0.00	0.95	2.49	96.56
56	0.00	0.75	2.27	96.98
57	0.00	0.53	1.80	97.68
58	0.00	0.37	1.53	98.10
59	0.00	0.25	1.33	98.41
60	0.00	0.19	1.17	98.64
61	0.00	0.14	1.14	98.72
62	0.00	0.15	1.12	98.73
63	0.00	0.12	1.06	98.82
64	0.00	0.12	1.22	98.66
65	0.00	0.11	1.40	98.49
66	0.00	0.12	1.31	98.57
67	0.00	0.14	1.26	98.60
68	0.00	0.13	1.32	98.55
69	0.00	0.12	1.31	98.57
70	0.00	0.11	3.32	96.57
71	0.00	0.12	1.85	98.03
72	0.00	0.12	1.50	98.38
73	0.00	0.11	1.40	98.49
74	0.00	0.09	1.46	98.45
75	0.00	0.11	1.37	98.52
76	0.00	0.15	1.58	98.27
77	0.00	0.20	1.79	98.01
78	0.00	0.14	1.71	98.16
79	0.00	0.16	1.83	98.01
80	0.00	0.16	1.99	97.85
81	0.00	0.19	2.26	97.56
82	0.00	0.22	2.23	97.55
83	0.00	0.18	2.18	97.64
84	0.00	0.20	2.25	97.55
85	0.00	0.21	2.29	97.50
86	0.00	0.23	2.35	97.42
87	0.00	0.25	2.58	97.17
88	0.00	0.27	2.76	96.97
89	0.00	0.28	2.69	97.03
90	0.00	0.32	2.99	96.69
91	0.00	0.35	3.15	96.50
92	0.00	0.36	3.06	96.58
93	0.00	0.38	3.24	96.38
94	0.00	0.42	3.43	96.15
95	0.00	1.06	7.50	91.43




