Parameters
	Library type	Single-end
	Input file	/Volumes/wdhd/users/joaks1/projects/gekgo/data/genomes/msg/plate3/demultiplexed-trimmed/RMB_5945_Luperosaurus_macgregori_BabuyanClaro_R1.trimmed.fq
	Primer/Adaptor library	NA
	Cut-off read length for HQ	70%
	Cut-off quality score	20
	Only statistics	On
	Number of processes	2


QC statistics
	File name	RMB_5945_Luperosaurus_macgregori_BabuyanClaro_R1.trimmed.fq
	Total number of reads	591146
	Total number of HQ reads	591049
	Percentage of HQ reads	99.98%
	Total number of bases	54958993
	Total number of bases in HQ reads	54956071
	Total number of HQ bases in HQ reads	54787016
	Percentage of HQ bases in HQ reads	99.69%
	Number of Primer/Adaptor contaminated HQ reads	NA
	Total number of HQ filtered reads	591049
	Percentage of HQ filtered reads	99.98%


Detailed QC statistics
	File name	RMB_5945_Luperosaurus_macgregori_BabuyanClaro_R1.trimmed.fq
	Minimum read length	10
	Maximum read length	95
	Average read length	92.97
	Total number of reads	591146
	Total number of reads with non-ATGC bases	0
	Percentage of reads with non-ATGC bases	0.00%
	Total number of bases	54958993
	Total number of HQ bases	54788843
	Percentage of HQ bases	99.69%
	Total number of non-ATGC bases	0
	Percentage of non-ATGC bases	0.00%


Average quality score at each base position of input reads

RMB_5945_Luperosaurus_macgregori_BabuyanClaro_R1.trimmed.fq
36.76	36.59	36.87	36.62	36.87	36.88	36.89	39.55	39.52	39.37	39.30	39.32	39.30	39.25	39.28	39.10	39.12	39.01	39.19	39.03	39.12	38.93	38.88	38.93	39.04	38.80	38.81	38.98	38.71	38.49	38.72	38.89	38.73	38.76	38.80	38.49	38.68	38.76	38.77	38.34	38.38	38.38	38.38	38.23	38.10	37.64	36.91	36.70	36.18	35.81	35.59	35.88	36.36	36.65	36.90	37.04	37.12	37.19	37.20	37.19	37.16	37.04	36.90	36.77	36.63	36.47	36.29	36.13	35.95	34.49	35.01	35.31	35.31	35.13	35.08	34.97	34.87	34.76	34.70	34.53	34.45	34.33	34.32	34.27	34.19	34.12	34.01	33.93	33.88	33.82	33.68	33.63	33.58	33.43	32.21	




Read count (%) per base for different quality score ranges

	RMB_5945_Luperosaurus_macgregori_BabuyanClaro_R1.trimmed.fq
Ranges	0-10	11-20	21-30	31-40
Base
1	0.00	0.43	0.68	98.89
2	0.00	0.13	0.40	99.46
3	0.00	0.10	0.34	99.55
4	0.00	0.22	0.66	99.11
5	0.00	0.11	0.44	99.45
6	0.00	0.11	0.39	99.50
7	0.00	0.12	0.39	99.50
8	0.00	0.12	0.38	99.50
9	0.00	0.14	0.42	99.44
10	0.00	0.16	0.50	99.34
11	0.00	0.16	0.48	99.36
12	0.00	0.17	0.51	99.32
13	0.00	0.19	0.58	99.24
14	0.00	0.23	0.55	99.22
15	0.00	0.20	0.52	99.28
16	0.00	0.21	0.61	99.18
17	0.00	0.18	0.53	99.29
18	0.00	0.20	0.67	99.14
19	0.00	0.18	0.51	99.31
20	0.00	0.24	0.61	99.15
21	0.00	0.21	0.54	99.25
22	0.00	0.25	0.60	99.14
23	0.00	0.24	0.62	99.14
24	0.00	0.23	0.60	99.17
25	0.00	0.25	0.58	99.17
26	0.00	0.26	0.80	98.95
27	0.00	0.23	0.70	99.07
28	0.00	0.18	0.59	99.23
29	0.00	0.18	0.64	99.18
30	0.00	0.20	0.75	99.05
31	0.00	0.15	0.62	99.23
32	0.00	0.15	0.59	99.26
33	0.00	0.18	0.68	99.14
34	0.00	0.17	0.63	99.20
35	0.00	0.17	0.64	99.20
36	0.00	0.18	0.84	98.99
37	0.00	0.14	0.63	99.24
38	0.00	0.12	0.60	99.27
39	0.00	0.13	0.65	99.21
40	0.00	0.17	1.04	98.79
41	0.00	0.15	0.84	99.01
42	0.00	0.17	0.85	98.98
43	0.00	0.16	0.79	99.05
44	0.00	0.16	0.86	98.98
45	0.00	0.16	0.90	98.94
46	0.00	0.20	1.30	98.50
47	0.00	0.32	2.57	97.12
48	0.00	0.42	2.93	96.65
49	0.00	0.74	4.27	95.00
50	0.00	1.24	6.05	92.71
51	0.00	2.43	5.87	91.70
52	0.00	2.40	4.61	92.98
53	0.00	1.72	3.57	94.71
54	0.00	1.33	2.93	95.73
55	0.00	0.97	2.30	96.73
56	0.00	0.77	1.89	97.34
57	0.00	0.60	1.63	97.77
58	0.00	0.43	1.42	98.16
59	0.00	0.27	1.30	98.43
60	0.00	0.18	1.17	98.65
61	0.00	0.13	1.05	98.82
62	0.00	0.12	1.09	98.79
63	0.00	0.14	1.09	98.77
64	0.00	0.12	1.17	98.71
65	0.00	0.10	1.08	98.82
66	0.00	0.12	1.23	98.65
67	0.00	0.11	1.30	98.58
68	0.00	0.12	1.38	98.50
69	0.00	0.13	1.40	98.48
70	0.00	0.11	3.05	96.85
71	0.00	0.12	1.74	98.14
72	0.00	0.11	1.43	98.46
73	0.00	0.11	1.39	98.50
74	0.00	0.24	1.82	97.94
75	0.00	0.12	1.58	98.30
76	0.00	0.13	1.62	98.24
77	0.00	0.14	1.62	98.24
78	0.00	0.15	1.74	98.11
79	0.00	0.14	1.78	98.08
80	0.00	0.19	2.16	97.66
81	0.00	0.18	2.26	97.56
82	0.00	0.25	2.57	97.18
83	0.00	0.17	2.29	97.54
84	0.00	0.21	2.23	97.56
85	0.00	0.21	2.39	97.40
86	0.00	0.27	2.53	97.20
87	0.00	0.25	2.73	97.02
88	0.00	0.22	2.74	97.04
89	0.00	0.23	2.84	96.93
90	0.00	0.27	2.89	96.84
91	0.00	0.32	3.27	96.41
92	0.00	0.31	3.06	96.63
93	0.00	0.32	3.22	96.46
94	0.00	0.36	3.67	95.97
95	0.00	1.10	7.56	91.34




