Parameters
	Library type	Single-end
	Input file	/Volumes/wdhd/users/joaks1/projects/gekgo/data/genomes/msg/plate3/demultiplexed-trimmed/RMB_6318_Pseudogekko_smaragdinus_Polillo_R1.trimmed.fq
	Primer/Adaptor library	NA
	Cut-off read length for HQ	70%
	Cut-off quality score	20
	Only statistics	On
	Number of processes	2


QC statistics
	File name	RMB_6318_Pseudogekko_smaragdinus_Polillo_R1.trimmed.fq
	Total number of reads	39158
	Total number of HQ reads	39153
	Percentage of HQ reads	99.99%
	Total number of bases	3644066
	Total number of bases in HQ reads	3643954
	Total number of HQ bases in HQ reads	3632347
	Percentage of HQ bases in HQ reads	99.68%
	Number of Primer/Adaptor contaminated HQ reads	NA
	Total number of HQ filtered reads	39153
	Percentage of HQ filtered reads	99.99%


Detailed QC statistics
	File name	RMB_6318_Pseudogekko_smaragdinus_Polillo_R1.trimmed.fq
	Minimum read length	14
	Maximum read length	95
	Average read length	93.06
	Total number of reads	39158
	Total number of reads with non-ATGC bases	0
	Percentage of reads with non-ATGC bases	0.00%
	Total number of bases	3644066
	Total number of HQ bases	3632408
	Percentage of HQ bases	99.68%
	Total number of non-ATGC bases	0
	Percentage of non-ATGC bases	0.00%


Average quality score at each base position of input reads

RMB_6318_Pseudogekko_smaragdinus_Polillo_R1.trimmed.fq
36.64	35.63	36.82	36.55	36.85	36.88	36.89	39.55	39.51	39.36	39.30	39.33	39.33	39.29	39.31	39.18	39.20	39.05	39.22	39.04	39.12	38.93	38.92	38.96	39.04	38.81	38.84	39.00	38.73	38.51	38.75	38.93	38.78	38.83	38.88	38.57	38.74	38.83	38.80	38.42	38.49	38.48	38.49	38.31	38.19	37.73	36.97	36.78	36.31	35.93	35.68	36.05	36.46	36.79	37.00	37.11	37.23	37.33	37.39	37.39	37.35	37.24	37.08	36.97	36.83	36.71	36.54	36.39	36.22	34.68	35.23	35.51	35.51	35.39	35.26	35.13	35.01	34.91	34.80	34.67	34.58	34.48	34.42	34.35	34.28	34.19	34.11	34.02	33.97	33.84	33.77	33.73	33.65	33.55	32.30	




Read count (%) per base for different quality score ranges

	RMB_6318_Pseudogekko_smaragdinus_Polillo_R1.trimmed.fq
Ranges	0-10	11-20	21-30	31-40
Base
1	0.00	0.63	0.89	98.47
2	0.00	0.20	0.54	99.26
3	0.00	0.15	0.42	99.43
4	0.00	0.33	0.87	98.80
5	0.00	0.15	0.48	99.37
6	0.00	0.13	0.34	99.53
7	0.00	0.11	0.40	99.48
8	0.00	0.10	0.38	99.52
9	0.00	0.13	0.42	99.46
10	0.00	0.16	0.52	99.32
11	0.00	0.15	0.46	99.38
12	0.00	0.15	0.51	99.34
13	0.00	0.17	0.64	99.19
14	0.00	0.23	0.57	99.20
15	0.00	0.21	0.58	99.20
16	0.00	0.14	0.61	99.25
17	0.00	0.18	0.49	99.33
18	0.00	0.21	0.67	99.11
19	0.00	0.17	0.48	99.35
20	0.00	0.25	0.61	99.14
21	0.00	0.18	0.65	99.17
22	0.00	0.27	0.55	99.18
23	0.00	0.27	0.58	99.15
24	0.00	0.22	0.54	99.23
25	0.00	0.21	0.62	99.17
26	0.00	0.25	0.78	98.97
27	0.00	0.23	0.74	99.03
28	0.00	0.22	0.71	99.07
29	0.00	0.19	0.59	99.22
30	0.00	0.23	0.82	98.95
31	0.00	0.21	0.68	99.11
32	0.00	0.16	0.68	99.16
33	0.00	0.18	0.68	99.14
34	0.00	0.19	0.67	99.14
35	0.00	0.14	0.62	99.23
36	0.00	0.15	0.88	98.97
37	0.00	0.13	0.67	99.19
38	0.00	0.15	0.60	99.24
39	0.00	0.15	0.68	99.16
40	0.00	0.16	1.00	98.84
41	0.00	0.15	0.76	99.08
42	0.00	0.16	0.74	99.10
43	0.00	0.13	0.78	99.09
44	0.00	0.20	0.80	99.00
45	0.00	0.17	0.94	98.89
46	0.00	0.19	1.34	98.47
47	0.00	0.37	2.49	97.13
48	0.00	0.47	2.89	96.64
49	0.00	0.72	4.12	95.16
50	0.00	1.30	5.68	93.03
51	0.00	2.72	5.60	91.68
52	0.00	2.51	4.36	93.13
53	0.00	1.96	3.50	94.54
54	0.00	1.45	2.77	95.78
55	0.00	1.09	2.34	96.56
56	0.00	0.83	2.00	97.17
57	0.00	0.66	1.68	97.67
58	0.00	0.46	1.45	98.10
59	0.00	0.22	1.32	98.46
60	0.00	0.22	1.08	98.70
61	0.00	0.13	1.00	98.87
62	0.00	0.08	0.97	98.96
63	0.00	0.12	1.06	98.83
64	0.00	0.09	1.04	98.87
65	0.00	0.12	1.05	98.83
66	0.00	0.10	1.11	98.79
67	0.00	0.12	1.13	98.75
68	0.00	0.10	1.11	98.79
69	0.00	0.13	1.16	98.71
70	0.00	0.12	2.55	97.33
71	0.00	0.15	1.52	98.33
72	0.00	0.14	1.42	98.45
73	0.00	0.11	1.44	98.45
74	0.00	0.11	1.46	98.43
75	0.00	0.15	1.44	98.41
76	0.00	0.11	1.58	98.30
77	0.00	0.13	1.65	98.23
78	0.00	0.14	1.56	98.30
79	0.00	0.13	1.68	98.19
80	0.00	0.18	1.89	97.93
81	0.00	0.19	1.97	97.85
82	0.00	0.16	2.25	97.59
83	0.00	0.16	2.18	97.67
84	0.00	0.20	2.21	97.60
85	0.00	0.20	2.26	97.54
86	0.00	0.19	2.44	97.38
87	0.00	0.21	2.61	97.18
88	0.00	0.25	2.71	97.03
89	0.00	0.18	2.67	97.15
90	0.00	0.31	3.11	96.58
91	0.00	0.22	2.99	96.79
92	0.00	0.27	2.91	96.82
93	0.00	0.33	3.22	96.45
94	0.00	0.31	3.28	96.41
95	0.00	0.97	7.70	91.33




