Parameters
	Library type	Single-end
	Input file	/Volumes/wdhd/users/joaks1/projects/gekgo/data/genomes/msg/plate3/demultiplexed-trimmed/RMB_5005_Gekko_mindorensis_Mindoro_R1.trimmed.fq
	Primer/Adaptor library	NA
	Cut-off read length for HQ	70%
	Cut-off quality score	20
	Only statistics	On
	Number of processes	2


QC statistics
	File name	RMB_5005_Gekko_mindorensis_Mindoro_R1.trimmed.fq
	Total number of reads	316762
	Total number of HQ reads	316699
	Percentage of HQ reads	99.98%
	Total number of bases	29355909
	Total number of bases in HQ reads	29354183
	Total number of HQ bases in HQ reads	29260279
	Percentage of HQ bases in HQ reads	99.68%
	Number of Primer/Adaptor contaminated HQ reads	NA
	Total number of HQ filtered reads	316699
	Percentage of HQ filtered reads	99.98%


Detailed QC statistics
	File name	RMB_5005_Gekko_mindorensis_Mindoro_R1.trimmed.fq
	Minimum read length	8
	Maximum read length	95
	Average read length	92.67
	Total number of reads	316762
	Total number of reads with non-ATGC bases	0
	Percentage of reads with non-ATGC bases	0.00%
	Total number of bases	29355909
	Total number of HQ bases	29261332
	Percentage of HQ bases	99.68%
	Total number of non-ATGC bases	0
	Percentage of non-ATGC bases	0.00%


Average quality score at each base position of input reads

RMB_5005_Gekko_mindorensis_Mindoro_R1.trimmed.fq
36.64	36.42	36.85	36.60	36.85	36.87	36.88	39.47	39.44	39.34	39.28	39.20	39.24	39.22	39.21	38.94	39.06	38.97	39.13	38.96	39.05	38.82	38.79	38.79	38.86	38.69	38.70	38.84	38.55	38.38	38.60	38.73	38.55	38.58	38.63	38.32	38.52	38.58	38.57	38.09	38.16	38.11	38.13	37.95	37.86	37.33	36.59	36.42	35.90	35.55	35.45	35.74	36.17	36.41	36.65	36.69	36.83	36.96	36.99	36.99	36.90	36.78	36.66	36.49	36.28	36.12	35.97	35.83	35.58	34.07	34.69	35.03	35.03	34.94	34.87	34.72	34.62	34.55	34.47	34.38	34.28	34.21	34.17	34.11	34.06	34.00	33.87	33.80	33.74	33.63	33.61	33.53	33.48	33.34	32.01	




Read count (%) per base for different quality score ranges

	RMB_5005_Gekko_mindorensis_Mindoro_R1.trimmed.fq
Ranges	0-10	11-20	21-30	31-40
Base
1	0.00	0.53	0.89	98.57
2	0.00	0.16	0.48	99.36
3	0.00	0.13	0.41	99.46
4	0.00	0.25	0.76	98.98
5	0.00	0.14	0.49	99.37
6	0.00	0.12	0.44	99.44
7	0.00	0.13	0.44	99.42
8	0.00	0.13	0.45	99.42
9	0.00	0.15	0.50	99.34
10	0.00	0.18	0.58	99.24
11	0.00	0.17	0.55	99.28
12	0.00	0.20	0.63	99.17
13	0.00	0.20	0.68	99.12
14	0.00	0.26	0.62	99.12
15	0.00	0.23	0.60	99.18
16	0.00	0.23	0.66	99.11
17	0.00	0.19	0.58	99.23
18	0.00	0.24	0.74	99.02
19	0.00	0.22	0.66	99.12
20	0.00	0.31	0.74	98.96
21	0.00	0.27	0.65	99.08
22	0.00	0.30	0.71	98.99
23	0.00	0.28	0.79	98.93
24	0.00	0.25	0.69	99.06
25	0.00	0.26	0.68	99.06
26	0.00	0.28	0.87	98.85
27	0.00	0.23	0.79	98.98
28	0.00	0.20	0.70	99.10
29	0.00	0.20	0.74	99.07
30	0.00	0.21	0.83	98.97
31	0.00	0.18	0.66	99.17
32	0.00	0.18	0.69	99.13
33	0.00	0.21	0.77	99.02
34	0.00	0.18	0.68	99.14
35	0.00	0.18	0.68	99.14
36	0.00	0.21	0.96	98.82
37	0.00	0.16	0.69	99.15
38	0.00	0.16	0.65	99.19
39	0.00	0.15	0.71	99.15
40	0.00	0.19	1.15	98.66
41	0.00	0.16	0.88	98.96
42	0.00	0.16	0.94	98.89
43	0.00	0.14	0.79	99.07
44	0.00	0.17	0.94	98.89
45	0.00	0.17	1.01	98.82
46	0.00	0.23	1.49	98.28
47	0.00	0.36	2.96	96.68
48	0.00	0.47	3.13	96.40
49	0.00	0.77	4.79	94.43
50	0.00	1.29	6.51	92.19
51	0.00	2.35	6.05	91.60
52	0.00	2.27	4.94	92.78
53	0.00	1.79	3.84	94.37
54	0.00	1.43	3.21	95.36
55	0.00	1.11	2.52	96.37
56	0.00	0.88	2.50	96.61
57	0.00	0.66	1.94	97.40
58	0.00	0.40	1.50	98.09
59	0.00	0.28	1.39	98.33
60	0.00	0.19	1.10	98.71
61	0.00	0.14	1.03	98.84
62	0.00	0.13	1.12	98.75
63	0.00	0.11	1.08	98.81
64	0.00	0.13	1.15	98.72
65	0.00	0.12	1.38	98.50
66	0.00	0.13	1.32	98.55
67	0.00	0.12	1.31	98.57
68	0.00	0.11	1.20	98.69
69	0.00	0.14	1.34	98.53
70	0.00	0.11	3.37	96.52
71	0.00	0.12	1.67	98.22
72	0.00	0.10	1.37	98.53
73	0.00	0.11	1.36	98.54
74	0.00	0.10	1.42	98.48
75	0.00	0.10	1.31	98.59
76	0.00	0.15	1.55	98.30
77	0.00	0.17	1.64	98.19
78	0.00	0.13	1.64	98.23
79	0.00	0.16	1.86	97.98
80	0.00	0.15	1.93	97.93
81	0.00	0.17	2.04	97.79
82	0.00	0.20	2.18	97.62
83	0.00	0.19	2.22	97.59
84	0.00	0.17	2.23	97.60
85	0.00	0.19	2.25	97.56
86	0.00	0.21	2.31	97.48
87	0.00	0.21	2.59	97.20
88	0.00	0.22	2.61	97.16
89	0.00	0.24	2.78	96.98
90	0.00	0.31	2.90	96.79
91	0.00	0.27	2.96	96.77
92	0.00	0.31	2.84	96.86
93	0.00	0.30	3.03	96.68
94	0.00	0.36	3.28	96.36
95	0.00	1.06	7.62	91.32




