Parameters
	Library type	Single-end
	Input file	/Volumes/wdhd/users/joaks1/projects/gekgo/data/genomes/msg/plate3/demultiplexed-trimmed/RMB_7938_Gekko_monarchus_Palawan_R1.trimmed.fq
	Primer/Adaptor library	NA
	Cut-off read length for HQ	70%
	Cut-off quality score	20
	Only statistics	On
	Number of processes	2


QC statistics
	File name	RMB_7938_Gekko_monarchus_Palawan_R1.trimmed.fq
	Total number of reads	400489
	Total number of HQ reads	400447
	Percentage of HQ reads	99.99%
	Total number of bases	37374704
	Total number of bases in HQ reads	37373320
	Total number of HQ bases in HQ reads	37276811
	Percentage of HQ bases in HQ reads	99.74%
	Number of Primer/Adaptor contaminated HQ reads	NA
	Total number of HQ filtered reads	400447
	Percentage of HQ filtered reads	99.99%


Detailed QC statistics
	File name	RMB_7938_Gekko_monarchus_Palawan_R1.trimmed.fq
	Minimum read length	10
	Maximum read length	95
	Average read length	93.32
	Total number of reads	400489
	Total number of reads with non-ATGC bases	0
	Percentage of reads with non-ATGC bases	0.00%
	Total number of bases	37374704
	Total number of HQ bases	37277679
	Percentage of HQ bases	99.74%
	Total number of non-ATGC bases	0
	Percentage of non-ATGC bases	0.00%


Average quality score at each base position of input reads

RMB_7938_Gekko_monarchus_Palawan_R1.trimmed.fq
36.73	34.93	36.84	36.67	36.91	36.93	36.91	39.55	39.54	39.47	39.42	39.34	39.39	39.41	39.41	39.17	39.24	39.13	39.27	39.13	39.21	38.97	38.96	39.01	39.05	38.88	38.92	39.09	38.81	38.66	38.85	39.02	38.86	38.87	38.92	38.67	38.85	38.90	38.89	38.51	38.57	38.55	38.55	38.41	38.32	37.69	37.08	36.81	36.42	36.04	36.01	36.19	36.72	37.01	37.22	37.34	37.46	37.61	37.65	37.65	37.60	37.49	37.36	37.19	37.04	36.90	36.71	36.58	36.29	34.84	35.41	35.74	35.76	35.64	35.53	35.38	35.26	35.18	35.07	34.99	34.88	34.82	34.75	34.73	34.65	34.62	34.45	34.41	34.34	34.25	34.20	34.14	34.05	33.94	32.63	




Read count (%) per base for different quality score ranges

	RMB_7938_Gekko_monarchus_Palawan_R1.trimmed.fq
Ranges	0-10	11-20	21-30	31-40
Base
1	0.00	0.39	0.63	98.98
2	0.00	0.11	0.49	99.39
3	0.00	0.08	0.28	99.64
4	0.00	0.16	0.51	99.34
5	0.00	0.07	0.27	99.66
6	0.00	0.07	0.25	99.68
7	0.00	0.10	0.32	99.58
8	0.00	0.09	0.27	99.65
9	0.00	0.10	0.25	99.65
10	0.00	0.11	0.32	99.57
11	0.00	0.11	0.32	99.58
12	0.00	0.13	0.37	99.50
13	0.00	0.12	0.41	99.47
14	0.00	0.15	0.38	99.46
15	0.00	0.14	0.34	99.53
16	0.00	0.13	0.40	99.47
17	0.00	0.12	0.34	99.54
18	0.00	0.15	0.47	99.39
19	0.00	0.14	0.40	99.45
20	0.00	0.18	0.45	99.37
21	0.00	0.16	0.39	99.45
22	0.00	0.20	0.45	99.34
23	0.00	0.19	0.46	99.35
24	0.00	0.15	0.43	99.42
25	0.00	0.18	0.42	99.40
26	0.00	0.18	0.55	99.28
27	0.00	0.14	0.47	99.39
28	0.00	0.12	0.41	99.47
29	0.00	0.13	0.46	99.41
30	0.00	0.14	0.54	99.31
31	0.00	0.12	0.39	99.49
32	0.00	0.11	0.41	99.48
33	0.00	0.14	0.47	99.39
34	0.00	0.12	0.44	99.43
35	0.00	0.12	0.46	99.42
36	0.00	0.14	0.63	99.23
37	0.00	0.11	0.46	99.44
38	0.00	0.11	0.45	99.44
39	0.00	0.11	0.54	99.35
40	0.00	0.13	0.77	99.10
41	0.00	0.11	0.60	99.29
42	0.00	0.11	0.64	99.26
43	0.00	0.10	0.49	99.41
44	0.00	0.10	0.59	99.31
45	0.00	0.11	0.65	99.23
46	0.00	0.16	1.05	98.78
47	0.00	0.26	2.18	97.57
48	0.00	0.35	2.47	97.18
49	0.00	0.68	3.81	95.51
50	0.00	1.17	5.48	93.35
51	0.00	2.01	5.01	92.98
52	0.00	2.17	4.52	93.31
53	0.00	1.62	3.21	95.17
54	0.00	1.27	2.60	96.14
55	0.00	0.99	2.10	96.91
56	0.00	0.82	1.89	97.29
57	0.00	0.60	1.53	97.87
58	0.00	0.37	1.23	98.39
59	0.00	0.24	1.10	98.66
60	0.00	0.15	0.94	98.91
61	0.00	0.12	0.85	99.03
62	0.00	0.11	0.90	99.00
63	0.00	0.09	0.82	99.09
64	0.00	0.11	0.95	98.94
65	0.00	0.09	1.11	98.80
66	0.00	0.10	1.00	98.90
67	0.00	0.10	1.07	98.83
68	0.00	0.09	0.97	98.94
69	0.00	0.12	1.13	98.75
70	0.00	0.10	2.75	97.16
71	0.00	0.11	1.48	98.41
72	0.00	0.09	1.17	98.74
73	0.00	0.09	1.11	98.80
74	0.00	0.10	1.24	98.66
75	0.00	0.10	1.17	98.74
76	0.00	0.10	1.33	98.57
77	0.00	0.14	1.47	98.39
78	0.00	0.10	1.41	98.50
79	0.00	0.14	1.69	98.17
80	0.00	0.13	1.64	98.23
81	0.00	0.12	1.81	98.07
82	0.00	0.17	1.82	98.00
83	0.00	0.16	1.95	97.89
84	0.00	0.15	1.80	98.05
85	0.00	0.17	1.98	97.85
86	0.00	0.15	1.96	97.89
87	0.00	0.18	2.23	97.59
88	0.00	0.17	2.29	97.54
89	0.00	0.21	2.33	97.46
90	0.00	0.24	2.49	97.27
91	0.00	0.26	2.69	97.05
92	0.00	0.25	2.54	97.21
93	0.00	0.28	2.73	96.99
94	0.00	0.31	3.11	96.58
95	0.00	0.95	7.25	91.81




