Parameters
	Library type	Single-end
	Input file	/Volumes/wdhd/users/joaks1/projects/gekgo/data/genomes/msg/plate3/demultiplexed-trimmed/RMB_5728_Gekko_sp.b_CamiguinNorte_R1.trimmed.fq
	Primer/Adaptor library	NA
	Cut-off read length for HQ	70%
	Cut-off quality score	20
	Only statistics	On
	Number of processes	2


QC statistics
	File name	RMB_5728_Gekko_sp.b_CamiguinNorte_R1.trimmed.fq
	Total number of reads	611864
	Total number of HQ reads	611767
	Percentage of HQ reads	99.98%
	Total number of bases	56933111
	Total number of bases in HQ reads	56930319
	Total number of HQ bases in HQ reads	56758434
	Percentage of HQ bases in HQ reads	99.70%
	Number of Primer/Adaptor contaminated HQ reads	NA
	Total number of HQ filtered reads	611767
	Percentage of HQ filtered reads	99.98%


Detailed QC statistics
	File name	RMB_5728_Gekko_sp.b_CamiguinNorte_R1.trimmed.fq
	Minimum read length	10
	Maximum read length	95
	Average read length	93.05
	Total number of reads	611864
	Total number of reads with non-ATGC bases	0
	Percentage of reads with non-ATGC bases	0.00%
	Total number of bases	56933111
	Total number of HQ bases	56760178
	Percentage of HQ bases	99.70%
	Total number of non-ATGC bases	0
	Percentage of non-ATGC bases	0.00%


Average quality score at each base position of input reads

RMB_5728_Gekko_sp.b_CamiguinNorte_R1.trimmed.fq
34.89	33.64	36.74	36.55	36.88	36.89	36.90	39.58	39.54	39.38	39.34	39.26	39.34	39.32	39.32	39.16	39.24	39.11	39.23	39.09	39.15	38.95	38.93	38.95	39.06	38.86	38.88	39.02	38.72	38.54	38.78	38.94	38.76	38.82	38.82	38.48	38.71	38.81	38.80	38.39	38.46	38.37	38.44	38.25	38.18	37.69	36.91	36.76	36.32	35.93	35.77	36.11	36.45	36.78	37.07	37.15	37.32	37.40	37.46	37.44	37.34	37.26	37.19	37.01	36.86	36.73	36.59	36.42	36.25	34.80	35.29	35.58	35.61	35.50	35.39	35.21	35.06	34.98	34.86	34.77	34.62	34.54	34.47	34.43	34.36	34.30	34.17	34.06	34.02	33.95	33.87	33.77	33.68	33.55	32.33	




Read count (%) per base for different quality score ranges

	RMB_5728_Gekko_sp.b_CamiguinNorte_R1.trimmed.fq
Ranges	0-10	11-20	21-30	31-40
Base
1	0.00	0.72	1.94	97.34
2	0.00	0.15	0.97	98.88
3	0.00	0.11	0.38	99.51
4	0.00	0.22	0.67	99.12
5	0.00	0.11	0.40	99.49
6	0.00	0.10	0.36	99.54
7	0.00	0.11	0.36	99.53
8	0.00	0.11	0.33	99.55
9	0.00	0.13	0.38	99.49
10	0.00	0.16	0.45	99.39
11	0.00	0.14	0.41	99.45
12	0.00	0.17	0.52	99.31
13	0.00	0.17	0.54	99.29
14	0.00	0.20	0.49	99.31
15	0.00	0.20	0.48	99.32
16	0.00	0.19	0.54	99.27
17	0.00	0.16	0.47	99.37
18	0.00	0.19	0.59	99.22
19	0.00	0.20	0.48	99.32
20	0.00	0.23	0.57	99.20
21	0.00	0.23	0.51	99.26
22	0.00	0.25	0.55	99.20
23	0.00	0.23	0.56	99.21
24	0.00	0.21	0.55	99.24
25	0.00	0.22	0.52	99.25
26	0.00	0.25	0.68	99.07
27	0.00	0.22	0.65	99.14
28	0.00	0.17	0.55	99.29
29	0.00	0.18	0.58	99.24
30	0.00	0.19	0.67	99.14
31	0.00	0.15	0.56	99.30
32	0.00	0.15	0.55	99.30
33	0.00	0.17	0.63	99.19
34	0.00	0.16	0.58	99.26
35	0.00	0.16	0.60	99.24
36	0.00	0.18	0.83	99.00
37	0.00	0.13	0.57	99.29
38	0.00	0.12	0.56	99.32
39	0.00	0.12	0.61	99.26
40	0.00	0.16	0.93	98.90
41	0.00	0.13	0.72	99.15
42	0.00	0.14	0.78	99.08
43	0.00	0.13	0.63	99.24
44	0.00	0.15	0.74	99.11
45	0.00	0.13	0.82	99.04
46	0.00	0.19	1.21	98.61
47	0.00	0.31	2.36	97.33
48	0.00	0.42	2.73	96.85
49	0.00	0.67	3.85	95.48
50	0.00	1.22	5.66	93.11
51	0.00	2.34	5.41	92.25
52	0.00	2.28	4.17	93.54
53	0.00	1.81	3.37	94.82
54	0.00	1.36	2.67	95.97
55	0.00	1.07	2.11	96.82
56	0.00	0.83	2.05	97.13
57	0.00	0.59	1.61	97.80
58	0.00	0.41	1.37	98.22
59	0.00	0.27	1.18	98.56
60	0.00	0.18	1.07	98.75
61	0.00	0.14	1.01	98.85
62	0.00	0.13	1.07	98.80
63	0.00	0.11	0.95	98.94
64	0.00	0.13	1.04	98.83
65	0.00	0.13	1.16	98.70
66	0.00	0.12	1.12	98.77
67	0.00	0.12	1.12	98.76
68	0.00	0.13	1.12	98.75
69	0.00	0.12	1.22	98.66
70	0.00	0.11	2.71	97.18
71	0.00	0.11	1.51	98.38
72	0.00	0.10	1.33	98.57
73	0.00	0.11	1.27	98.62
74	0.00	0.10	1.32	98.58
75	0.00	0.11	1.28	98.61
76	0.00	0.13	1.45	98.42
77	0.00	0.19	1.62	98.20
78	0.00	0.12	1.56	98.32
79	0.00	0.14	1.67	98.20
80	0.00	0.15	1.75	98.10
81	0.00	0.18	2.12	97.69
82	0.00	0.22	2.09	97.70
83	0.00	0.19	2.08	97.73
84	0.00	0.18	2.03	97.79
85	0.00	0.19	2.18	97.63
86	0.00	0.18	2.15	97.66
87	0.00	0.23	2.45	97.32
88	0.00	0.23	2.60	97.17
89	0.00	0.25	2.59	97.16
90	0.00	0.28	2.72	97.00
91	0.00	0.29	2.93	96.78
92	0.00	0.30	2.88	96.82
93	0.00	0.30	3.10	96.59
94	0.00	0.35	3.30	96.36
95	0.00	0.98	7.21	91.81




