Parameters
	Library type	Single-end
	Input file	/Volumes/wdhd/users/joaks1/projects/gekgo/data/genomes/msg/plate3/demultiplexed-trimmed/RMB_5793_Gekko_sp.b_CamiguinNorte_R1.trimmed.fq
	Primer/Adaptor library	NA
	Cut-off read length for HQ	70%
	Cut-off quality score	20
	Only statistics	On
	Number of processes	2


QC statistics
	File name	RMB_5793_Gekko_sp.b_CamiguinNorte_R1.trimmed.fq
	Total number of reads	1872076
	Total number of HQ reads	1871724
	Percentage of HQ reads	99.98%
	Total number of bases	173881454
	Total number of bases in HQ reads	173870996
	Total number of HQ bases in HQ reads	173314904
	Percentage of HQ bases in HQ reads	99.68%
	Number of Primer/Adaptor contaminated HQ reads	NA
	Total number of HQ filtered reads	1871724
	Percentage of HQ filtered reads	99.98%


Detailed QC statistics
	File name	RMB_5793_Gekko_sp.b_CamiguinNorte_R1.trimmed.fq
	Minimum read length	9
	Maximum read length	95
	Average read length	92.88
	Total number of reads	1872076
	Total number of reads with non-ATGC bases	0
	Percentage of reads with non-ATGC bases	0.00%
	Total number of bases	173881454
	Total number of HQ bases	173321394
	Percentage of HQ bases	99.68%
	Total number of non-ATGC bases	0
	Percentage of non-ATGC bases	0.00%


Average quality score at each base position of input reads

RMB_5793_Gekko_sp.b_CamiguinNorte_R1.trimmed.fq
35.12	34.24	36.76	36.51	36.87	36.89	36.89	39.55	39.50	39.33	39.28	39.20	39.28	39.26	39.25	39.08	39.17	39.04	39.17	39.01	39.07	38.86	38.84	38.85	38.97	38.77	38.79	38.94	38.61	38.43	38.67	38.83	38.65	38.70	38.71	38.36	38.60	38.70	38.69	38.25	38.33	38.23	38.30	38.11	38.03	37.54	36.73	36.60	36.14	35.75	35.59	35.94	36.26	36.59	36.87	36.96	37.12	37.20	37.26	37.23	37.14	37.06	36.98	36.80	36.65	36.52	36.37	36.20	36.03	34.56	35.03	35.34	35.37	35.27	35.17	34.97	34.82	34.75	34.62	34.52	34.37	34.27	34.22	34.16	34.08	34.02	33.88	33.78	33.73	33.64	33.56	33.44	33.35	33.20	31.98	




Read count (%) per base for different quality score ranges

	RMB_5793_Gekko_sp.b_CamiguinNorte_R1.trimmed.fq
Ranges	0-10	11-20	21-30	31-40
Base
1	0.00	0.66	1.68	97.67
2	0.00	0.15	0.72	99.13
3	0.00	0.12	0.39	99.49
4	0.00	0.24	0.77	98.98
5	0.00	0.11	0.43	99.46
6	0.00	0.11	0.39	99.51
7	0.00	0.12	0.38	99.50
8	0.00	0.12	0.37	99.51
9	0.00	0.14	0.41	99.45
10	0.00	0.17	0.49	99.33
11	0.00	0.15	0.45	99.40
12	0.00	0.19	0.55	99.26
13	0.00	0.18	0.58	99.23
14	0.00	0.23	0.55	99.23
15	0.00	0.22	0.54	99.25
16	0.00	0.21	0.60	99.19
17	0.00	0.18	0.52	99.31
18	0.00	0.20	0.65	99.15
19	0.00	0.20	0.54	99.26
20	0.00	0.26	0.60	99.14
21	0.00	0.24	0.58	99.18
22	0.00	0.27	0.61	99.12
23	0.00	0.25	0.63	99.12
24	0.00	0.22	0.62	99.16
25	0.00	0.24	0.59	99.17
26	0.00	0.25	0.75	99.00
27	0.00	0.23	0.72	99.06
28	0.00	0.17	0.58	99.25
29	0.00	0.19	0.65	99.16
30	0.00	0.19	0.76	99.04
31	0.00	0.16	0.61	99.23
32	0.00	0.15	0.62	99.23
33	0.00	0.18	0.70	99.12
34	0.00	0.17	0.63	99.20
35	0.00	0.17	0.66	99.17
36	0.00	0.19	0.95	98.86
37	0.00	0.14	0.62	99.24
38	0.00	0.14	0.61	99.25
39	0.00	0.14	0.69	99.17
40	0.00	0.19	1.06	98.74
41	0.00	0.15	0.82	99.03
42	0.00	0.16	0.87	98.97
43	0.00	0.15	0.73	99.12
44	0.00	0.17	0.87	98.96
45	0.00	0.15	0.93	98.92
46	0.00	0.21	1.40	98.39
47	0.00	0.38	2.72	96.90
48	0.00	0.48	2.99	96.52
49	0.00	0.75	4.15	95.10
50	0.00	1.31	5.95	92.74
51	0.00	2.42	5.67	91.91
52	0.00	2.34	4.37	93.29
53	0.00	1.87	3.59	94.53
54	0.00	1.39	2.88	95.73
55	0.00	1.07	2.33	96.60
56	0.00	0.84	2.23	96.93
57	0.00	0.58	1.77	97.65
58	0.00	0.41	1.51	98.08
59	0.00	0.27	1.28	98.44
60	0.00	0.19	1.19	98.61
61	0.00	0.15	1.13	98.72
62	0.00	0.15	1.15	98.70
63	0.00	0.11	1.05	98.84
64	0.00	0.13	1.15	98.72
65	0.00	0.12	1.31	98.57
66	0.00	0.12	1.24	98.64
67	0.00	0.14	1.23	98.64
68	0.00	0.13	1.27	98.60
69	0.00	0.14	1.32	98.54
70	0.00	0.12	2.95	96.94
71	0.00	0.12	1.71	98.17
72	0.00	0.13	1.51	98.36
73	0.00	0.12	1.45	98.43
74	0.00	0.11	1.50	98.39
75	0.00	0.13	1.42	98.45
76	0.00	0.16	1.65	98.19
77	0.00	0.21	1.84	97.95
78	0.00	0.13	1.75	98.11
79	0.00	0.15	1.95	97.89
80	0.00	0.16	1.99	97.85
81	0.00	0.21	2.38	97.41
82	0.00	0.25	2.35	97.40
83	0.00	0.18	2.42	97.40
84	0.00	0.19	2.38	97.42
85	0.00	0.20	2.51	97.29
86	0.00	0.22	2.47	97.30
87	0.00	0.26	2.80	96.94
88	0.00	0.24	2.96	96.80
89	0.00	0.26	2.92	96.82
90	0.00	0.31	3.10	96.60
91	0.00	0.33	3.39	96.29
92	0.00	0.35	3.32	96.32
93	0.00	0.35	3.58	96.07
94	0.00	0.41	3.92	95.67
95	0.00	1.06	8.13	90.80




