Parameters
	Library type	Single-end
	Input file	/Volumes/wdhd/users/joaks1/projects/gekgo/data/genomes/msg/plate3/demultiplexed-trimmed/RMB_9533_Lepidodactylus_balioburius_Batan_R1.trimmed.fq
	Primer/Adaptor library	NA
	Cut-off read length for HQ	70%
	Cut-off quality score	20
	Only statistics	On
	Number of processes	2


QC statistics
	File name	RMB_9533_Lepidodactylus_balioburius_Batan_R1.trimmed.fq
	Total number of reads	1447260
	Total number of HQ reads	1447081
	Percentage of HQ reads	99.99%
	Total number of bases	134780365
	Total number of bases in HQ reads	134774839
	Total number of HQ bases in HQ reads	134383914
	Percentage of HQ bases in HQ reads	99.71%
	Number of Primer/Adaptor contaminated HQ reads	NA
	Total number of HQ filtered reads	1447081
	Percentage of HQ filtered reads	99.99%


Detailed QC statistics
	File name	RMB_9533_Lepidodactylus_balioburius_Batan_R1.trimmed.fq
	Minimum read length	9
	Maximum read length	95
	Average read length	93.13
	Total number of reads	1447260
	Total number of reads with non-ATGC bases	0
	Percentage of reads with non-ATGC bases	0.00%
	Total number of bases	134780365
	Total number of HQ bases	134387334
	Percentage of HQ bases	99.71%
	Total number of non-ATGC bases	0
	Percentage of non-ATGC bases	0.00%


Average quality score at each base position of input reads

RMB_9533_Lepidodactylus_balioburius_Batan_R1.trimmed.fq
36.78	36.58	36.88	36.61	36.88	36.90	36.91	39.61	39.57	39.41	39.37	39.33	39.36	39.32	39.36	39.21	39.24	39.14	39.25	39.11	39.19	39.01	38.92	38.97	39.08	38.88	38.88	39.06	38.70	38.55	38.87	38.91	38.84	38.83	38.95	38.65	38.83	38.88	38.87	38.44	38.53	38.52	38.49	38.39	38.23	37.77	37.03	36.75	36.29	36.02	35.90	36.15	36.66	36.88	37.09	37.26	37.37	37.49	37.52	37.48	37.41	37.36	37.22	37.05	36.97	36.82	36.62	36.45	36.26	34.82	35.30	35.59	35.49	35.41	35.34	35.25	35.05	34.98	34.87	34.71	34.62	34.60	34.49	34.40	34.42	34.33	34.27	34.19	34.07	34.07	33.86	33.85	33.87	33.73	32.37	




Read count (%) per base for different quality score ranges

	RMB_9533_Lepidodactylus_balioburius_Batan_R1.trimmed.fq
Ranges	0-10	11-20	21-30	31-40
Base
1	0.00	0.39	0.57	99.04
2	0.00	0.12	0.33	99.54
3	0.00	0.09	0.29	99.62
4	0.00	0.21	0.66	99.12
5	0.00	0.11	0.39	99.49
6	0.00	0.09	0.34	99.57
7	0.00	0.10	0.31	99.59
8	0.00	0.10	0.32	99.58
9	0.00	0.12	0.36	99.52
10	0.00	0.16	0.44	99.40
11	0.00	0.14	0.42	99.44
12	0.00	0.16	0.47	99.37
13	0.00	0.16	0.52	99.32
14	0.00	0.21	0.51	99.29
15	0.00	0.18	0.46	99.35
16	0.00	0.20	0.55	99.25
17	0.00	0.17	0.53	99.30
18	0.00	0.17	0.56	99.27
19	0.00	0.18	0.46	99.36
20	0.00	0.22	0.56	99.22
21	0.00	0.19	0.48	99.33
22	0.00	0.24	0.53	99.23
23	0.00	0.23	0.57	99.20
24	0.00	0.22	0.54	99.24
25	0.00	0.23	0.54	99.23
26	0.00	0.26	0.71	99.03
27	0.00	0.22	0.60	99.18
28	0.00	0.16	0.52	99.32
29	0.00	0.18	0.61	99.22
30	0.00	0.19	0.65	99.16
31	0.00	0.16	0.54	99.30
32	0.00	0.16	0.57	99.27
33	0.00	0.16	0.63	99.21
34	0.00	0.16	0.58	99.25
35	0.00	0.15	0.56	99.29
36	0.00	0.17	0.82	99.01
37	0.00	0.13	0.58	99.28
38	0.00	0.11	0.55	99.33
39	0.00	0.13	0.59	99.28
40	0.00	0.16	0.90	98.94
41	0.00	0.14	0.76	99.11
42	0.00	0.15	0.77	99.08
43	0.00	0.15	0.69	99.16
44	0.00	0.15	0.76	99.09
45	0.00	0.14	0.77	99.09
46	0.00	0.18	1.11	98.72
47	0.00	0.29	2.20	97.51
48	0.00	0.44	2.74	96.82
49	0.00	0.72	3.83	95.44
50	0.00	1.20	5.40	93.39
51	0.00	2.33	5.16	92.51
52	0.00	2.37	4.12	93.52
53	0.00	1.70	3.19	95.10
54	0.00	1.37	2.60	96.03
55	0.00	1.05	2.12	96.84
56	0.00	0.81	1.75	97.44
57	0.00	0.59	1.50	97.90
58	0.00	0.41	1.27	98.32
59	0.00	0.27	1.13	98.60
60	0.00	0.19	1.05	98.75
61	0.00	0.14	0.95	98.92
62	0.00	0.10	0.89	99.01
63	0.00	0.11	0.91	98.98
64	0.00	0.11	1.11	98.78
65	0.00	0.09	0.90	99.01
66	0.00	0.11	1.00	98.88
67	0.00	0.11	1.06	98.83
68	0.00	0.10	1.09	98.80
69	0.00	0.12	1.17	98.71
70	0.00	0.12	2.50	97.38
71	0.00	0.12	1.52	98.36
72	0.00	0.10	1.20	98.70
73	0.00	0.14	1.67	98.19
74	0.00	0.12	1.39	98.49
75	0.00	0.10	1.30	98.59
76	0.00	0.11	1.27	98.62
77	0.00	0.13	1.67	98.20
78	0.00	0.12	1.58	98.30
79	0.00	0.13	1.80	98.07
80	0.00	0.14	1.92	97.93
81	0.00	0.18	1.88	97.93
82	0.00	0.19	2.02	97.79
83	0.00	0.15	2.08	97.77
84	0.00	0.18	2.20	97.62
85	0.00	0.17	2.00	97.83
86	0.00	0.17	2.17	97.65
87	0.00	0.17	2.20	97.63
88	0.00	0.17	2.35	97.48
89	0.00	0.22	2.53	97.25
90	0.00	0.22	2.49	97.29
91	0.00	0.26	2.93	96.80
92	0.00	0.24	2.78	96.98
93	0.00	0.25	2.61	97.14
94	0.00	0.25	2.89	96.86
95	0.00	1.01	7.70	91.29




