Parameters
	Library type	Single-end
	Input file	/Volumes/wdhd/users/joaks1/projects/gekgo/data/genomes/msg/plate3/demultiplexed-trimmed/RMB_9568_Lepidodactylus_balioburius_Sabtang_R1.trimmed.fq
	Primer/Adaptor library	NA
	Cut-off read length for HQ	70%
	Cut-off quality score	20
	Only statistics	On
	Number of processes	2


QC statistics
	File name	RMB_9568_Lepidodactylus_balioburius_Sabtang_R1.trimmed.fq
	Total number of reads	1387721
	Total number of HQ reads	1387608
	Percentage of HQ reads	99.99%
	Total number of bases	129552233
	Total number of bases in HQ reads	129548641
	Total number of HQ bases in HQ reads	129192578
	Percentage of HQ bases in HQ reads	99.73%
	Number of Primer/Adaptor contaminated HQ reads	NA
	Total number of HQ filtered reads	1387608
	Percentage of HQ filtered reads	99.99%


Detailed QC statistics
	File name	RMB_9568_Lepidodactylus_balioburius_Sabtang_R1.trimmed.fq
	Minimum read length	10
	Maximum read length	95
	Average read length	93.36
	Total number of reads	1387721
	Total number of reads with non-ATGC bases	0
	Percentage of reads with non-ATGC bases	0.00%
	Total number of bases	129552233
	Total number of HQ bases	129194848
	Percentage of HQ bases	99.72%
	Total number of non-ATGC bases	0
	Percentage of non-ATGC bases	0.00%


Average quality score at each base position of input reads

RMB_9568_Lepidodactylus_balioburius_Sabtang_R1.trimmed.fq
36.49	35.63	36.86	36.54	36.91	36.93	36.94	39.65	39.60	39.44	39.40	39.36	39.38	39.35	39.39	39.24	39.27	39.15	39.27	39.12	39.20	39.02	38.94	38.99	39.09	38.89	38.90	39.07	38.70	38.57	38.88	38.93	38.86	38.87	38.98	38.69	38.86	38.92	38.91	38.48	38.58	38.57	38.56	38.46	38.27	37.82	37.05	36.78	36.33	36.08	35.96	36.22	36.74	36.96	37.17	37.36	37.47	37.58	37.62	37.59	37.50	37.44	37.31	37.14	37.07	36.90	36.67	36.53	36.33	34.85	35.32	35.64	35.55	35.47	35.40	35.32	35.12	35.04	34.93	34.76	34.67	34.64	34.51	34.43	34.44	34.33	34.28	34.18	34.03	34.02	33.82	33.79	33.82	33.67	32.32	




Read count (%) per base for different quality score ranges

	RMB_9568_Lepidodactylus_balioburius_Sabtang_R1.trimmed.fq
Ranges	0-10	11-20	21-30	31-40
Base
1	0.00	0.42	0.70	98.88
2	0.00	0.10	0.35	99.55
3	0.00	0.07	0.24	99.69
4	0.00	0.17	0.61	99.22
5	0.00	0.08	0.26	99.66
6	0.00	0.07	0.24	99.69
7	0.00	0.06	0.21	99.72
8	0.00	0.07	0.22	99.71
9	0.00	0.08	0.25	99.67
10	0.00	0.12	0.31	99.57
11	0.00	0.10	0.31	99.59
12	0.00	0.13	0.38	99.48
13	0.00	0.12	0.41	99.47
14	0.00	0.16	0.37	99.47
15	0.00	0.15	0.33	99.52
16	0.00	0.15	0.40	99.45
17	0.00	0.14	0.40	99.46
18	0.00	0.13	0.43	99.44
19	0.00	0.13	0.33	99.54
20	0.00	0.16	0.42	99.42
21	0.00	0.14	0.35	99.51
22	0.00	0.17	0.39	99.44
23	0.00	0.16	0.44	99.40
24	0.00	0.15	0.40	99.45
25	0.00	0.18	0.43	99.39
26	0.00	0.20	0.57	99.23
27	0.00	0.16	0.47	99.37
28	0.00	0.12	0.39	99.49
29	0.00	0.12	0.47	99.41
30	0.00	0.14	0.50	99.37
31	0.00	0.12	0.42	99.46
32	0.00	0.12	0.46	99.42
33	0.00	0.14	0.52	99.35
34	0.00	0.14	0.47	99.39
35	0.00	0.13	0.46	99.41
36	0.00	0.14	0.70	99.16
37	0.00	0.11	0.49	99.40
38	0.00	0.09	0.45	99.46
39	0.00	0.11	0.50	99.39
40	0.00	0.15	0.81	99.04
41	0.00	0.11	0.69	99.20
42	0.00	0.13	0.69	99.18
43	0.00	0.13	0.60	99.27
44	0.00	0.13	0.70	99.17
45	0.00	0.13	0.77	99.10
46	0.00	0.17	1.13	98.71
47	0.00	0.33	2.34	97.34
48	0.00	0.49	2.91	96.61
49	0.00	0.79	3.95	95.26
50	0.00	1.24	5.52	93.24
51	0.00	2.33	5.25	92.42
52	0.00	2.30	4.22	93.48
53	0.00	1.64	3.24	95.12
54	0.00	1.29	2.71	96.00
55	0.00	0.96	2.16	96.88
56	0.00	0.74	1.78	97.48
57	0.00	0.54	1.51	97.96
58	0.00	0.37	1.28	98.35
59	0.00	0.23	1.10	98.67
60	0.00	0.18	1.07	98.75
61	0.00	0.13	0.99	98.88
62	0.00	0.11	0.91	98.98
63	0.00	0.11	0.97	98.93
64	0.00	0.11	1.15	98.74
65	0.00	0.08	0.91	99.01
66	0.00	0.12	1.08	98.80
67	0.00	0.10	1.16	98.73
68	0.00	0.10	1.19	98.71
69	0.00	0.12	1.26	98.62
70	0.00	0.11	2.69	97.21
71	0.00	0.13	1.67	98.20
72	0.00	0.10	1.31	98.59
73	0.00	0.15	1.73	98.12
74	0.00	0.13	1.57	98.30
75	0.00	0.11	1.47	98.42
76	0.00	0.11	1.45	98.45
77	0.00	0.15	1.79	98.06
78	0.00	0.13	1.80	98.07
79	0.00	0.13	2.07	97.80
80	0.00	0.16	2.17	97.66
81	0.00	0.19	2.15	97.66
82	0.00	0.20	2.28	97.52
83	0.00	0.18	2.36	97.46
84	0.00	0.19	2.48	97.34
85	0.00	0.17	2.31	97.52
86	0.00	0.18	2.49	97.34
87	0.00	0.19	2.51	97.30
88	0.00	0.20	2.77	97.03
89	0.00	0.25	3.05	96.70
90	0.00	0.26	2.99	96.75
91	0.00	0.30	3.43	96.28
92	0.00	0.30	3.32	96.39
93	0.00	0.27	3.09	96.64
94	0.00	0.29	3.47	96.24
95	0.00	1.11	8.43	90.46




