Parameters
	Library type	Single-end
	Input file	/Volumes/wdhd/users/joaks1/projects/gekgo/data/genomes/msg/plate3/demultiplexed-trimmed/RMB_5949_Luperosaurus_macgregori_BabuyanClaro_R1.trimmed.fq
	Primer/Adaptor library	NA
	Cut-off read length for HQ	70%
	Cut-off quality score	20
	Only statistics	On
	Number of processes	2


QC statistics
	File name	RMB_5949_Luperosaurus_macgregori_BabuyanClaro_R1.trimmed.fq
	Total number of reads	584763
	Total number of HQ reads	584704
	Percentage of HQ reads	99.99%
	Total number of bases	54563997
	Total number of bases in HQ reads	54562093
	Total number of HQ bases in HQ reads	54410296
	Percentage of HQ bases in HQ reads	99.72%
	Number of Primer/Adaptor contaminated HQ reads	NA
	Total number of HQ filtered reads	584704
	Percentage of HQ filtered reads	99.99%


Detailed QC statistics
	File name	RMB_5949_Luperosaurus_macgregori_BabuyanClaro_R1.trimmed.fq
	Minimum read length	10
	Maximum read length	95
	Average read length	93.31
	Total number of reads	584763
	Total number of reads with non-ATGC bases	0
	Percentage of reads with non-ATGC bases	0.00%
	Total number of bases	54563997
	Total number of HQ bases	54411480
	Percentage of HQ bases	99.72%
	Total number of non-ATGC bases	0
	Percentage of non-ATGC bases	0.00%


Average quality score at each base position of input reads

RMB_5949_Luperosaurus_macgregori_BabuyanClaro_R1.trimmed.fq
36.16	34.93	36.83	36.60	36.90	36.91	36.92	39.62	39.58	39.43	39.36	39.37	39.36	39.30	39.34	39.17	39.19	39.08	39.26	39.11	39.19	39.00	38.94	38.98	39.10	38.86	38.89	39.08	38.81	38.59	38.83	39.00	38.85	38.90	38.93	38.64	38.83	38.90	38.92	38.51	38.54	38.55	38.56	38.41	38.28	37.81	37.08	36.89	36.42	36.04	35.82	36.11	36.61	36.90	37.16	37.30	37.38	37.46	37.46	37.44	37.40	37.29	37.14	37.01	36.87	36.73	36.54	36.38	36.20	34.75	35.26	35.55	35.55	35.36	35.31	35.21	35.12	35.01	34.94	34.77	34.70	34.59	34.57	34.53	34.46	34.39	34.28	34.21	34.16	34.10	33.94	33.91	33.86	33.70	32.51	




Read count (%) per base for different quality score ranges

	RMB_5949_Luperosaurus_macgregori_BabuyanClaro_R1.trimmed.fq
Ranges	0-10	11-20	21-30	31-40
Base
1	0.00	0.50	0.92	98.57
2	0.00	0.12	0.53	99.35
3	0.00	0.09	0.29	99.62
4	0.00	0.19	0.60	99.21
5	0.00	0.08	0.31	99.60
6	0.00	0.08	0.28	99.64
7	0.00	0.08	0.26	99.66
8	0.00	0.08	0.27	99.65
9	0.00	0.10	0.30	99.59
10	0.00	0.12	0.37	99.51
11	0.00	0.11	0.35	99.54
12	0.00	0.14	0.40	99.47
13	0.00	0.14	0.44	99.42
14	0.00	0.18	0.44	99.38
15	0.00	0.16	0.42	99.42
16	0.00	0.16	0.46	99.37
17	0.00	0.14	0.41	99.45
18	0.00	0.15	0.54	99.31
19	0.00	0.13	0.40	99.47
20	0.00	0.17	0.49	99.34
21	0.00	0.16	0.40	99.44
22	0.00	0.19	0.48	99.33
23	0.00	0.17	0.50	99.33
24	0.00	0.17	0.50	99.34
25	0.00	0.17	0.46	99.36
26	0.00	0.21	0.65	99.15
27	0.00	0.17	0.56	99.27
28	0.00	0.15	0.46	99.39
29	0.00	0.14	0.51	99.34
30	0.00	0.16	0.63	99.21
31	0.00	0.12	0.53	99.35
32	0.00	0.11	0.51	99.38
33	0.00	0.14	0.58	99.28
34	0.00	0.13	0.52	99.35
35	0.00	0.14	0.54	99.33
36	0.00	0.14	0.72	99.14
37	0.00	0.12	0.54	99.34
38	0.00	0.11	0.49	99.40
39	0.00	0.10	0.55	99.35
40	0.00	0.14	0.89	98.97
41	0.00	0.13	0.71	99.16
42	0.00	0.14	0.75	99.10
43	0.00	0.13	0.63	99.24
44	0.00	0.14	0.75	99.11
45	0.00	0.14	0.78	99.08
46	0.00	0.17	1.23	98.60
47	0.00	0.30	2.41	97.29
48	0.00	0.39	2.77	96.84
49	0.00	0.68	4.00	95.32
50	0.00	1.20	5.81	93.00
51	0.00	2.31	5.69	92.00
52	0.00	2.26	4.50	93.23
53	0.00	1.61	3.41	94.98
54	0.00	1.24	2.73	96.02
55	0.00	0.90	2.14	96.96
56	0.00	0.69	1.73	97.58
57	0.00	0.52	1.47	98.00
58	0.00	0.37	1.29	98.33
59	0.00	0.25	1.19	98.56
60	0.00	0.18	1.05	98.77
61	0.00	0.12	0.96	98.92
62	0.00	0.09	1.00	98.91
63	0.00	0.13	1.02	98.85
64	0.00	0.11	1.06	98.82
65	0.00	0.09	1.00	98.92
66	0.00	0.11	1.13	98.76
67	0.00	0.10	1.21	98.69
68	0.00	0.12	1.31	98.58
69	0.00	0.11	1.26	98.63
70	0.00	0.11	2.86	97.03
71	0.00	0.11	1.65	98.23
72	0.00	0.11	1.38	98.52
73	0.00	0.11	1.30	98.59
74	0.00	0.26	1.79	97.96
75	0.00	0.12	1.54	98.34
76	0.00	0.12	1.54	98.34
77	0.00	0.13	1.55	98.33
78	0.00	0.15	1.73	98.12
79	0.00	0.13	1.75	98.12
80	0.00	0.19	2.18	97.63
81	0.00	0.18	2.29	97.53
82	0.00	0.23	2.51	97.26
83	0.00	0.17	2.21	97.62
84	0.00	0.20	2.09	97.70
85	0.00	0.21	2.31	97.49
86	0.00	0.27	2.44	97.29
87	0.00	0.23	2.70	97.07
88	0.00	0.20	2.57	97.23
89	0.00	0.22	2.70	97.08
90	0.00	0.25	2.81	96.94
91	0.00	0.33	3.23	96.44
92	0.00	0.30	3.00	96.70
93	0.00	0.31	3.11	96.58
94	0.00	0.37	3.60	96.02
95	0.00	1.06	7.44	91.50




