Parameters
	Library type	Single-end
	Input file	/Volumes/wdhd/users/joaks1/projects/gekgo/data/genomes/msg/plate3/demultiplexed-trimmed/RMB_6373_Gekko_sp.a_Dalupiri_R1.trimmed.fq
	Primer/Adaptor library	NA
	Cut-off read length for HQ	70%
	Cut-off quality score	20
	Only statistics	On
	Number of processes	2


QC statistics
	File name	RMB_6373_Gekko_sp.a_Dalupiri_R1.trimmed.fq
	Total number of reads	151761
	Total number of HQ reads	151728
	Percentage of HQ reads	99.98%
	Total number of bases	14093851
	Total number of bases in HQ reads	14092831
	Total number of HQ bases in HQ reads	14047721
	Percentage of HQ bases in HQ reads	99.68%
	Number of Primer/Adaptor contaminated HQ reads	NA
	Total number of HQ filtered reads	151728
	Percentage of HQ filtered reads	99.98%


Detailed QC statistics
	File name	RMB_6373_Gekko_sp.a_Dalupiri_R1.trimmed.fq
	Minimum read length	8
	Maximum read length	95
	Average read length	92.87
	Total number of reads	151761
	Total number of reads with non-ATGC bases	0
	Percentage of reads with non-ATGC bases	0.00%
	Total number of bases	14093851
	Total number of HQ bases	14048338
	Percentage of HQ bases	99.68%
	Total number of non-ATGC bases	0
	Percentage of non-ATGC bases	0.00%


Average quality score at each base position of input reads

RMB_6373_Gekko_sp.a_Dalupiri_R1.trimmed.fq
36.41	36.11	36.82	36.54	36.84	36.87	36.88	39.53	39.49	39.33	39.28	39.21	39.29	39.27	39.28	39.13	39.20	39.06	39.17	39.02	39.08	38.88	38.87	38.90	39.00	38.79	38.81	38.95	38.66	38.47	38.72	38.87	38.68	38.73	38.74	38.40	38.63	38.72	38.71	38.27	38.36	38.28	38.35	38.14	38.05	37.57	36.77	36.61	36.19	35.84	35.62	35.97	36.30	36.63	36.89	37.01	37.16	37.26	37.30	37.28	37.20	37.10	37.03	36.87	36.71	36.57	36.44	36.29	36.12	34.66	35.16	35.46	35.46	35.37	35.26	35.07	34.90	34.83	34.71	34.63	34.50	34.38	34.32	34.26	34.18	34.12	33.99	33.87	33.83	33.75	33.64	33.55	33.47	33.32	32.10	




Read count (%) per base for different quality score ranges

	RMB_6373_Gekko_sp.a_Dalupiri_R1.trimmed.fq
Ranges	0-10	11-20	21-30	31-40
Base
1	0.00	0.59	1.00	98.41
2	0.00	0.17	0.52	99.32
3	0.00	0.14	0.42	99.43
4	0.00	0.31	0.78	98.91
5	0.00	0.15	0.50	99.35
6	0.00	0.10	0.44	99.45
7	0.00	0.12	0.41	99.46
8	0.00	0.12	0.42	99.46
9	0.00	0.14	0.46	99.40
10	0.00	0.18	0.54	99.28
11	0.00	0.19	0.50	99.31
12	0.00	0.19	0.59	99.22
13	0.00	0.19	0.63	99.18
14	0.00	0.22	0.60	99.18
15	0.00	0.23	0.55	99.22
16	0.00	0.21	0.61	99.17
17	0.00	0.18	0.56	99.26
18	0.00	0.20	0.74	99.06
19	0.00	0.20	0.59	99.21
20	0.00	0.28	0.63	99.09
21	0.00	0.24	0.62	99.13
22	0.00	0.29	0.63	99.08
23	0.00	0.25	0.66	99.09
24	0.00	0.24	0.62	99.14
25	0.00	0.24	0.62	99.14
26	0.00	0.28	0.78	98.94
27	0.00	0.26	0.73	99.01
28	0.00	0.20	0.65	99.15
29	0.00	0.21	0.65	99.14
30	0.00	0.21	0.78	99.01
31	0.00	0.16	0.63	99.21
32	0.00	0.16	0.63	99.21
33	0.00	0.20	0.76	99.04
34	0.00	0.19	0.68	99.13
35	0.00	0.18	0.71	99.11
36	0.00	0.20	0.96	98.83
37	0.00	0.15	0.67	99.18
38	0.00	0.15	0.63	99.22
39	0.00	0.15	0.74	99.11
40	0.00	0.19	1.08	98.72
41	0.00	0.16	0.82	99.02
42	0.00	0.18	0.88	98.94
43	0.00	0.15	0.73	99.13
44	0.00	0.19	0.92	98.89
45	0.00	0.17	0.91	98.92
46	0.00	0.22	1.35	98.43
47	0.00	0.35	2.56	97.09
48	0.00	0.48	2.86	96.67
49	0.00	0.71	3.94	95.35
50	0.00	1.25	5.55	93.20
51	0.00	2.45	5.54	92.01
52	0.00	2.38	4.21	93.41
53	0.00	1.86	3.52	94.62
54	0.00	1.38	2.79	95.83
55	0.00	1.07	2.27	96.66
56	0.00	0.83	2.07	97.10
57	0.00	0.58	1.72	97.70
58	0.00	0.38	1.42	98.20
59	0.00	0.27	1.19	98.54
60	0.00	0.18	1.16	98.65
61	0.00	0.14	1.02	98.84
62	0.00	0.15	1.12	98.73
63	0.00	0.11	1.01	98.89
64	0.00	0.13	1.03	98.83
65	0.00	0.12	1.16	98.71
66	0.00	0.13	1.25	98.61
67	0.00	0.11	1.28	98.61
68	0.00	0.13	1.20	98.67
69	0.00	0.12	1.30	98.58
70	0.00	0.11	2.84	97.04
71	0.00	0.12	1.57	98.31
72	0.00	0.15	1.36	98.50
73	0.00	0.12	1.46	98.42
74	0.00	0.11	1.44	98.45
75	0.00	0.11	1.40	98.48
76	0.00	0.14	1.54	98.32
77	0.00	0.20	1.81	97.99
78	0.00	0.13	1.65	98.22
79	0.00	0.17	1.80	98.03
80	0.00	0.16	1.80	98.04
81	0.00	0.18	2.11	97.71
82	0.00	0.22	2.24	97.53
83	0.00	0.17	2.24	97.59
84	0.00	0.23	2.21	97.56
85	0.00	0.22	2.38	97.39
86	0.00	0.20	2.29	97.50
87	0.00	0.23	2.60	97.17
88	0.00	0.26	2.85	96.89
89	0.00	0.26	2.79	96.95
90	0.00	0.30	2.84	96.86
91	0.00	0.33	3.18	96.49
92	0.00	0.30	3.09	96.62
93	0.00	0.33	3.15	96.53
94	0.00	0.33	3.59	96.08
95	0.00	1.03	7.63	91.35




