Parameters
	Library type	Single-end
	Input file	/Volumes/wdhd/users/joaks1/projects/gekgo/data/genomes/msg/plate3/demultiplexed-trimmed/RMB_7937_Gekko_monarchus_Palawan_R1.trimmed.fq
	Primer/Adaptor library	NA
	Cut-off read length for HQ	70%
	Cut-off quality score	20
	Only statistics	On
	Number of processes	2


QC statistics
	File name	RMB_7937_Gekko_monarchus_Palawan_R1.trimmed.fq
	Total number of reads	87393
	Total number of HQ reads	87385
	Percentage of HQ reads	99.99%
	Total number of bases	8155852
	Total number of bases in HQ reads	8155644
	Total number of HQ bases in HQ reads	8133483
	Percentage of HQ bases in HQ reads	99.73%
	Number of Primer/Adaptor contaminated HQ reads	NA
	Total number of HQ filtered reads	87385
	Percentage of HQ filtered reads	99.99%


Detailed QC statistics
	File name	RMB_7937_Gekko_monarchus_Palawan_R1.trimmed.fq
	Minimum read length	13
	Maximum read length	95
	Average read length	93.32
	Total number of reads	87393
	Total number of reads with non-ATGC bases	0
	Percentage of reads with non-ATGC bases	0.00%
	Total number of bases	8155852
	Total number of HQ bases	8133600
	Percentage of HQ bases	99.73%
	Total number of non-ATGC bases	0
	Percentage of non-ATGC bases	0.00%


Average quality score at each base position of input reads

RMB_7937_Gekko_monarchus_Palawan_R1.trimmed.fq
36.80	36.21	36.88	36.65	36.90	36.92	36.91	39.52	39.51	39.46	39.40	39.32	39.39	39.41	39.40	39.17	39.25	39.14	39.26	39.11	39.20	38.96	38.98	39.01	39.05	38.89	38.92	39.09	38.83	38.68	38.87	39.03	38.88	38.88	38.94	38.69	38.86	38.91	38.91	38.54	38.57	38.55	38.55	38.42	38.33	37.68	37.09	36.83	36.44	36.03	36.01	36.19	36.74	37.00	37.22	37.34	37.50	37.64	37.69	37.71	37.64	37.54	37.42	37.25	37.09	36.96	36.80	36.63	36.32	34.85	35.44	35.77	35.80	35.69	35.59	35.42	35.30	35.19	35.09	35.01	34.88	34.83	34.78	34.76	34.68	34.64	34.46	34.44	34.34	34.25	34.22	34.16	34.07	33.96	32.64	




Read count (%) per base for different quality score ranges

	RMB_7937_Gekko_monarchus_Palawan_R1.trimmed.fq
Ranges	0-10	11-20	21-30	31-40
Base
1	0.00	0.33	0.54	99.13
2	0.00	0.10	0.34	99.57
3	0.00	0.09	0.24	99.67
4	0.00	0.21	0.56	99.23
5	0.00	0.09	0.30	99.60
6	0.00	0.08	0.29	99.63
7	0.00	0.11	0.28	99.61
8	0.00	0.10	0.26	99.64
9	0.00	0.11	0.27	99.63
10	0.00	0.12	0.34	99.54
11	0.00	0.12	0.29	99.59
12	0.00	0.13	0.38	99.48
13	0.00	0.14	0.40	99.46
14	0.00	0.16	0.38	99.46
15	0.00	0.13	0.34	99.54
16	0.00	0.16	0.42	99.42
17	0.00	0.14	0.33	99.53
18	0.00	0.15	0.48	99.37
19	0.00	0.17	0.44	99.39
20	0.00	0.21	0.46	99.33
21	0.00	0.18	0.40	99.42
22	0.00	0.23	0.44	99.33
23	0.00	0.19	0.45	99.35
24	0.00	0.17	0.42	99.41
25	0.00	0.18	0.43	99.39
26	0.00	0.17	0.57	99.25
27	0.00	0.16	0.49	99.35
28	0.00	0.13	0.43	99.44
29	0.00	0.14	0.47	99.39
30	0.00	0.16	0.50	99.34
31	0.00	0.12	0.42	99.46
32	0.00	0.11	0.40	99.48
33	0.00	0.12	0.46	99.41
34	0.00	0.11	0.42	99.46
35	0.00	0.13	0.47	99.40
36	0.00	0.15	0.60	99.25
37	0.00	0.11	0.44	99.44
38	0.00	0.13	0.45	99.42
39	0.00	0.12	0.51	99.37
40	0.00	0.15	0.77	99.08
41	0.00	0.13	0.65	99.23
42	0.00	0.12	0.64	99.24
43	0.00	0.12	0.52	99.37
44	0.00	0.10	0.63	99.28
45	0.00	0.11	0.69	99.20
46	0.00	0.17	1.08	98.76
47	0.00	0.27	2.10	97.63
48	0.00	0.36	2.42	97.22
49	0.00	0.67	3.77	95.55
50	0.00	1.28	5.44	93.28
51	0.00	2.09	5.10	92.81
52	0.00	2.36	4.27	93.37
53	0.00	1.67	3.23	95.09
54	0.00	1.38	2.72	95.91
55	0.00	1.11	2.07	96.81
56	0.00	0.91	1.88	97.21
57	0.00	0.64	1.56	97.80
58	0.00	0.42	1.22	98.35
59	0.00	0.32	1.03	98.65
60	0.00	0.19	0.93	98.88
61	0.00	0.13	0.86	99.01
62	0.00	0.13	0.86	99.02
63	0.00	0.11	0.84	99.05
64	0.00	0.11	0.92	98.97
65	0.00	0.08	1.13	98.78
66	0.00	0.07	1.00	98.94
67	0.00	0.09	1.03	98.88
68	0.00	0.09	0.96	98.95
69	0.00	0.13	1.18	98.68
70	0.00	0.09	2.81	97.10
71	0.00	0.12	1.42	98.45
72	0.00	0.10	1.14	98.76
73	0.00	0.08	1.14	98.78
74	0.00	0.09	1.19	98.72
75	0.00	0.11	1.09	98.80
76	0.00	0.09	1.26	98.64
77	0.00	0.14	1.40	98.46
78	0.00	0.11	1.42	98.47
79	0.00	0.12	1.72	98.16
80	0.00	0.12	1.60	98.28
81	0.00	0.15	1.74	98.11
82	0.00	0.17	1.86	97.97
83	0.00	0.15	1.85	97.99
84	0.00	0.15	1.71	98.13
85	0.00	0.17	1.81	98.01
86	0.00	0.17	1.81	98.02
87	0.00	0.17	2.25	97.58
88	0.00	0.17	2.29	97.54
89	0.00	0.21	2.36	97.43
90	0.00	0.26	2.47	97.27
91	0.00	0.21	2.70	97.10
92	0.00	0.25	2.47	97.29
93	0.00	0.26	2.66	97.07
94	0.00	0.29	3.01	96.70
95	0.00	0.85	7.35	91.80




