Parameters
	Library type	Single-end
	Input file	/Volumes/wdhd/users/joaks1/projects/gekgo/data/genomes/msg/plate3/demultiplexed-trimmed/RMB_8754_Gekko_romblon_Tablas_R1.trimmed.fq
	Primer/Adaptor library	NA
	Cut-off read length for HQ	70%
	Cut-off quality score	20
	Only statistics	On
	Number of processes	2


QC statistics
	File name	RMB_8754_Gekko_romblon_Tablas_R1.trimmed.fq
	Total number of reads	59218
	Total number of HQ reads	59206
	Percentage of HQ reads	99.98%
	Total number of bases	5504792
	Total number of bases in HQ reads	5504363
	Total number of HQ bases in HQ reads	5486630
	Percentage of HQ bases in HQ reads	99.68%
	Number of Primer/Adaptor contaminated HQ reads	NA
	Total number of HQ filtered reads	59206
	Percentage of HQ filtered reads	99.98%


Detailed QC statistics
	File name	RMB_8754_Gekko_romblon_Tablas_R1.trimmed.fq
	Minimum read length	15
	Maximum read length	95
	Average read length	92.96
	Total number of reads	59218
	Total number of reads with non-ATGC bases	0
	Percentage of reads with non-ATGC bases	0.00%
	Total number of bases	5504792
	Total number of HQ bases	5486901
	Percentage of HQ bases	99.67%
	Total number of non-ATGC bases	0
	Percentage of non-ATGC bases	0.00%


Average quality score at each base position of input reads

RMB_8754_Gekko_romblon_Tablas_R1.trimmed.fq
33.51	33.48	36.67	36.47	36.86	36.88	36.89	39.51	39.48	39.36	39.31	39.22	39.32	39.29	39.30	39.08	39.16	39.01	39.18	39.03	39.12	38.91	38.91	38.90	39.00	38.83	38.83	39.01	38.70	38.54	38.77	38.92	38.73	38.77	38.80	38.49	38.70	38.76	38.74	38.36	38.43	38.35	38.40	38.22	38.11	37.64	36.86	36.68	36.18	35.81	35.69	36.03	36.37	36.67	36.90	36.95	37.15	37.26	37.30	37.28	37.20	37.06	36.93	36.80	36.62	36.49	36.33	36.17	35.97	34.47	35.02	35.34	35.30	35.18	35.10	34.98	34.84	34.78	34.69	34.58	34.48	34.38	34.33	34.28	34.20	34.16	34.04	33.97	33.91	33.75	33.70	33.65	33.58	33.47	32.18	




Read count (%) per base for different quality score ranges

	RMB_8754_Gekko_romblon_Tablas_R1.trimmed.fq
Ranges	0-10	11-20	21-30	31-40
Base
1	0.00	1.44	4.94	93.62
2	0.00	0.26	1.44	98.31
3	0.00	0.16	0.50	99.34
4	0.00	0.30	0.82	98.88
5	0.00	0.14	0.46	99.40
6	0.00	0.12	0.41	99.47
7	0.00	0.14	0.36	99.50
8	0.00	0.14	0.40	99.46
9	0.00	0.15	0.42	99.44
10	0.00	0.17	0.52	99.31
11	0.00	0.16	0.41	99.43
12	0.00	0.16	0.55	99.29
13	0.00	0.17	0.49	99.34
14	0.00	0.20	0.56	99.24
15	0.00	0.21	0.49	99.31
16	0.00	0.19	0.62	99.19
17	0.00	0.17	0.53	99.30
18	0.00	0.20	0.66	99.14
19	0.00	0.21	0.51	99.28
20	0.00	0.27	0.61	99.12
21	0.00	0.24	0.56	99.20
22	0.00	0.24	0.61	99.15
23	0.00	0.20	0.64	99.16
24	0.00	0.22	0.58	99.20
25	0.00	0.22	0.60	99.18
26	0.00	0.22	0.68	99.11
27	0.00	0.23	0.66	99.11
28	0.00	0.14	0.55	99.31
29	0.00	0.19	0.62	99.19
30	0.00	0.15	0.68	99.16
31	0.00	0.14	0.53	99.33
32	0.00	0.14	0.62	99.24
33	0.00	0.22	0.61	99.17
34	0.00	0.19	0.59	99.22
35	0.00	0.18	0.60	99.22
36	0.00	0.19	0.82	98.99
37	0.00	0.15	0.65	99.20
38	0.00	0.13	0.59	99.28
39	0.00	0.12	0.66	99.21
40	0.00	0.17	1.03	98.80
41	0.00	0.14	0.80	99.06
42	0.00	0.18	0.86	98.96
43	0.00	0.13	0.68	99.18
44	0.00	0.17	0.81	99.02
45	0.00	0.16	0.94	98.90
46	0.00	0.19	1.31	98.50
47	0.00	0.32	2.61	97.07
48	0.00	0.47	2.92	96.62
49	0.00	0.69	4.43	94.87
50	0.00	1.17	6.12	92.71
51	0.00	2.29	5.78	91.94
52	0.00	2.31	4.24	93.44
53	0.00	1.92	3.54	94.55
54	0.00	1.46	2.94	95.60
55	0.00	1.09	2.35	96.56
56	0.00	0.87	2.32	96.82
57	0.00	0.62	1.79	97.59
58	0.00	0.43	1.45	98.12
59	0.00	0.25	1.38	98.38
60	0.00	0.20	1.05	98.75
61	0.00	0.16	1.09	98.75
62	0.00	0.16	1.19	98.66
63	0.00	0.11	1.10	98.79
64	0.00	0.13	1.06	98.81
65	0.00	0.11	1.34	98.55
66	0.00	0.13	1.18	98.69
67	0.00	0.12	1.17	98.71
68	0.00	0.14	1.15	98.71
69	0.00	0.13	1.27	98.60
70	0.00	0.11	3.03	96.86
71	0.00	0.13	1.58	98.29
72	0.00	0.13	1.32	98.55
73	0.00	0.12	1.40	98.48
74	0.00	0.12	1.47	98.41
75	0.00	0.12	1.40	98.48
76	0.00	0.15	1.48	98.38
77	0.00	0.21	1.66	98.12
78	0.00	0.12	1.65	98.22
79	0.00	0.16	1.65	98.19
80	0.00	0.14	1.81	98.06
81	0.00	0.18	2.04	97.78
82	0.00	0.26	2.23	97.52
83	0.00	0.17	2.29	97.54
84	0.00	0.19	2.24	97.58
85	0.00	0.20	2.35	97.45
86	0.00	0.20	2.36	97.44
87	0.00	0.25	2.53	97.21
88	0.00	0.23	2.68	97.09
89	0.00	0.27	2.48	97.25
90	0.00	0.29	3.19	96.52
91	0.00	0.29	3.22	96.49
92	0.00	0.29	3.05	96.66
93	0.00	0.31	3.36	96.33
94	0.00	0.35	3.48	96.18
95	0.00	1.05	7.62	91.33




