Parameters
	Library type	Single-end
	Input file	/Volumes/wdhd/users/joaks1/projects/gekgo/data/genomes/msg/plate3/demultiplexed-trimmed/RMB_9530_Lepidodactylus_balioburius_Batan_R1.trimmed.fq
	Primer/Adaptor library	NA
	Cut-off read length for HQ	70%
	Cut-off quality score	20
	Only statistics	On
	Number of processes	2


QC statistics
	File name	RMB_9530_Lepidodactylus_balioburius_Batan_R1.trimmed.fq
	Total number of reads	332276
	Total number of HQ reads	332255
	Percentage of HQ reads	99.99%
	Total number of bases	30971001
	Total number of bases in HQ reads	30970297
	Total number of HQ bases in HQ reads	30883629
	Percentage of HQ bases in HQ reads	99.72%
	Number of Primer/Adaptor contaminated HQ reads	NA
	Total number of HQ filtered reads	332255
	Percentage of HQ filtered reads	99.99%


Detailed QC statistics
	File name	RMB_9530_Lepidodactylus_balioburius_Batan_R1.trimmed.fq
	Minimum read length	11
	Maximum read length	95
	Average read length	93.21
	Total number of reads	332276
	Total number of reads with non-ATGC bases	0
	Percentage of reads with non-ATGC bases	0.00%
	Total number of bases	30971001
	Total number of HQ bases	30884065
	Percentage of HQ bases	99.72%
	Total number of non-ATGC bases	0
	Percentage of non-ATGC bases	0.00%


Average quality score at each base position of input reads

RMB_9530_Lepidodactylus_balioburius_Batan_R1.trimmed.fq
36.76	36.38	36.87	36.62	36.90	36.91	36.92	39.61	39.57	39.41	39.35	39.34	39.32	39.23	39.27	39.04	39.12	39.06	39.21	39.06	39.16	38.95	38.91	38.96	39.05	38.85	38.84	39.00	38.62	38.51	38.83	38.87	38.79	38.80	38.91	38.56	38.77	38.84	38.82	38.37	38.45	38.46	38.45	38.34	38.15	37.72	36.90	36.50	36.05	35.79	35.72	35.99	36.49	36.72	36.94	37.10	37.17	37.29	37.29	37.23	37.14	37.03	36.83	36.63	36.50	36.30	36.08	35.91	35.74	34.39	34.87	35.18	35.12	35.08	35.02	34.98	34.82	34.75	34.68	34.56	34.50	34.49	34.38	34.30	34.33	34.23	34.19	34.10	33.99	33.97	33.77	33.73	33.75	33.64	32.22	




Read count (%) per base for different quality score ranges

	RMB_9530_Lepidodactylus_balioburius_Batan_R1.trimmed.fq
Ranges	0-10	11-20	21-30	31-40
Base
1	0.00	0.40	0.64	98.96
2	0.00	0.11	0.37	99.52
3	0.00	0.09	0.27	99.65
4	0.00	0.20	0.62	99.18
5	0.00	0.08	0.32	99.59
6	0.00	0.07	0.29	99.64
7	0.00	0.07	0.28	99.65
8	0.00	0.08	0.27	99.65
9	0.00	0.10	0.30	99.60
10	0.00	0.14	0.39	99.47
11	0.00	0.12	0.40	99.48
12	0.00	0.14	0.44	99.42
13	0.00	0.13	0.49	99.38
14	0.00	0.19	0.46	99.35
15	0.00	0.16	0.41	99.43
16	0.00	0.18	0.53	99.29
17	0.00	0.16	0.49	99.36
18	0.00	0.14	0.52	99.34
19	0.00	0.14	0.40	99.46
20	0.00	0.17	0.51	99.32
21	0.00	0.16	0.43	99.41
22	0.00	0.19	0.47	99.34
23	0.00	0.18	0.52	99.30
24	0.00	0.14	0.48	99.38
25	0.00	0.17	0.48	99.35
26	0.00	0.18	0.63	99.19
27	0.00	0.15	0.53	99.33
28	0.00	0.11	0.46	99.43
29	0.00	0.12	0.56	99.32
30	0.00	0.14	0.59	99.28
31	0.00	0.13	0.48	99.39
32	0.00	0.13	0.51	99.37
33	0.00	0.15	0.56	99.29
34	0.00	0.15	0.53	99.33
35	0.00	0.13	0.52	99.34
36	0.00	0.16	0.91	98.93
37	0.00	0.12	0.56	99.31
38	0.00	0.10	0.50	99.39
39	0.00	0.12	0.54	99.34
40	0.00	0.16	0.92	98.92
41	0.00	0.12	0.81	99.07
42	0.00	0.12	0.76	99.12
43	0.00	0.13	0.68	99.19
44	0.00	0.14	0.80	99.06
45	0.00	0.13	0.90	98.97
46	0.00	0.18	1.28	98.54
47	0.00	0.32	2.86	96.83
48	0.00	0.47	4.52	95.01
49	0.00	0.76	5.19	94.05
50	0.00	1.28	6.81	91.91
51	0.00	2.27	6.27	91.46
52	0.00	2.26	5.03	92.71
53	0.00	1.63	3.79	94.58
54	0.00	1.27	3.01	95.72
55	0.00	0.95	2.44	96.62
56	0.00	0.71	1.96	97.32
57	0.00	0.54	1.69	97.77
58	0.00	0.37	1.39	98.25
59	0.00	0.24	1.20	98.56
60	0.00	0.18	1.09	98.72
61	0.00	0.12	1.06	98.82
62	0.00	0.11	0.99	98.90
63	0.00	0.11	1.03	98.86
64	0.00	0.11	1.26	98.63
65	0.00	0.08	0.97	98.95
66	0.00	0.12	1.12	98.76
67	0.00	0.11	1.18	98.71
68	0.00	0.12	1.32	98.56
69	0.00	0.12	1.32	98.57
70	0.00	0.11	3.00	96.89
71	0.00	0.12	1.74	98.14
72	0.00	0.10	1.32	98.58
73	0.00	0.17	1.85	97.98
74	0.00	0.13	1.58	98.28
75	0.00	0.11	1.60	98.30
76	0.00	0.11	1.43	98.46
77	0.00	0.17	1.89	97.94
78	0.00	0.16	1.89	97.95
79	0.00	0.14	2.16	97.70
80	0.00	0.16	2.12	97.72
81	0.00	0.20	2.07	97.73
82	0.00	0.20	2.20	97.60
83	0.00	0.17	2.32	97.51
84	0.00	0.21	2.37	97.42
85	0.00	0.19	2.14	97.67
86	0.00	0.18	2.39	97.43
87	0.00	0.19	2.40	97.40
88	0.00	0.21	2.60	97.19
89	0.00	0.24	2.66	97.10
90	0.00	0.26	2.80	96.94
91	0.00	0.30	3.18	96.52
92	0.00	0.31	3.13	96.56
93	0.00	0.27	3.02	96.70
94	0.00	0.30	3.13	96.57
95	0.00	1.19	8.30	90.51




