Parameters
	Library type	Single-end
	Input file	/Volumes/wdhd/users/joaks1/projects/gekgo/data/genomes/msg/plate3/demultiplexed-trimmed/RMB_6448_Gekko_mindorensis_Panay_R1.trimmed.fq
	Primer/Adaptor library	NA
	Cut-off read length for HQ	70%
	Cut-off quality score	20
	Only statistics	On
	Number of processes	2


QC statistics
	File name	RMB_6448_Gekko_mindorensis_Panay_R1.trimmed.fq
	Total number of reads	1174446
	Total number of HQ reads	1174241
	Percentage of HQ reads	99.98%
	Total number of bases	109397567
	Total number of bases in HQ reads	109391099
	Total number of HQ bases in HQ reads	109055025
	Percentage of HQ bases in HQ reads	99.69%
	Number of Primer/Adaptor contaminated HQ reads	NA
	Total number of HQ filtered reads	1174241
	Percentage of HQ filtered reads	99.98%


Detailed QC statistics
	File name	RMB_6448_Gekko_mindorensis_Panay_R1.trimmed.fq
	Minimum read length	9
	Maximum read length	95
	Average read length	93.15
	Total number of reads	1174446
	Total number of reads with non-ATGC bases	0
	Percentage of reads with non-ATGC bases	0.00%
	Total number of bases	109397567
	Total number of HQ bases	109059072
	Percentage of HQ bases	99.69%
	Total number of non-ATGC bases	0
	Percentage of non-ATGC bases	0.00%


Average quality score at each base position of input reads

RMB_6448_Gekko_mindorensis_Panay_R1.trimmed.fq
36.15	36.03	36.84	36.55	36.87	36.90	36.90	39.50	39.49	39.42	39.38	39.29	39.36	39.37	39.38	39.15	39.22	39.12	39.26	39.09	39.18	38.98	38.94	38.95	39.02	38.89	38.92	39.06	38.77	38.62	38.82	38.97	38.82	38.84	38.90	38.62	38.79	38.85	38.86	38.43	38.48	38.46	38.47	38.30	38.22	37.70	37.01	36.79	36.30	35.95	35.81	36.11	36.56	36.82	37.06	37.15	37.29	37.43	37.50	37.52	37.47	37.39	37.28	37.14	36.99	36.85	36.72	36.58	36.31	34.78	35.39	35.75	35.78	35.66	35.56	35.35	35.19	35.12	35.04	34.96	34.84	34.76	34.68	34.65	34.58	34.51	34.39	34.32	34.23	34.15	34.11	34.05	33.99	33.87	32.48	




Read count (%) per base for different quality score ranges

	RMB_6448_Gekko_mindorensis_Panay_R1.trimmed.fq
Ranges	0-10	11-20	21-30	31-40
Base
1	0.00	0.61	0.99	98.40
2	0.00	0.14	0.44	99.42
3	0.00	0.11	0.35	99.54
4	0.00	0.25	0.73	99.02
5	0.00	0.13	0.41	99.46
6	0.00	0.10	0.35	99.55
7	0.00	0.12	0.36	99.52
8	0.00	0.14	0.38	99.49
9	0.00	0.15	0.38	99.47
10	0.00	0.17	0.44	99.39
11	0.00	0.15	0.42	99.44
12	0.00	0.18	0.49	99.32
13	0.00	0.17	0.52	99.31
14	0.00	0.21	0.49	99.30
15	0.00	0.19	0.48	99.33
16	0.00	0.20	0.53	99.26
17	0.00	0.16	0.46	99.38
18	0.00	0.19	0.60	99.21
19	0.00	0.21	0.51	99.28
20	0.00	0.26	0.58	99.16
21	0.00	0.23	0.51	99.26
22	0.00	0.26	0.56	99.19
23	0.00	0.24	0.59	99.17
24	0.00	0.22	0.55	99.23
25	0.00	0.23	0.53	99.24
26	0.00	0.26	0.70	99.04
27	0.00	0.21	0.61	99.18
28	0.00	0.18	0.54	99.28
29	0.00	0.19	0.57	99.24
30	0.00	0.19	0.67	99.14
31	0.00	0.16	0.54	99.29
32	0.00	0.16	0.55	99.29
33	0.00	0.17	0.61	99.23
34	0.00	0.16	0.57	99.27
35	0.00	0.16	0.55	99.29
36	0.00	0.18	0.76	99.06
37	0.00	0.13	0.56	99.31
38	0.00	0.14	0.56	99.30
39	0.00	0.12	0.60	99.28
40	0.00	0.16	0.92	98.92
41	0.00	0.13	0.73	99.14
42	0.00	0.14	0.73	99.12
43	0.00	0.13	0.62	99.26
44	0.00	0.13	0.69	99.17
45	0.00	0.15	0.75	99.11
46	0.00	0.20	1.11	98.69
47	0.00	0.29	2.21	97.50
48	0.00	0.37	2.43	97.20
49	0.00	0.68	3.88	95.44
50	0.00	1.23	5.50	93.27
51	0.00	2.35	5.28	92.36
52	0.00	2.46	4.22	93.32
53	0.00	1.96	3.30	94.74
54	0.00	1.62	2.74	95.64
55	0.00	1.26	2.24	96.49
56	0.00	1.01	2.06	96.93
57	0.00	0.73	1.68	97.59
58	0.00	0.46	1.37	98.16
59	0.00	0.29	1.20	98.51
60	0.00	0.19	1.03	98.78
61	0.00	0.14	0.92	98.94
62	0.00	0.13	0.93	98.94
63	0.00	0.11	0.85	99.04
64	0.00	0.12	0.99	98.89
65	0.00	0.11	1.09	98.81
66	0.00	0.11	1.10	98.80
67	0.00	0.11	1.07	98.82
68	0.00	0.10	0.99	98.91
69	0.00	0.12	1.14	98.74
70	0.00	0.10	2.82	97.07
71	0.00	0.11	1.39	98.50
72	0.00	0.10	1.17	98.74
73	0.00	0.09	1.13	98.78
74	0.00	0.09	1.19	98.72
75	0.00	0.09	1.10	98.81
76	0.00	0.12	1.35	98.53
77	0.00	0.16	1.50	98.35
78	0.00	0.10	1.43	98.48
79	0.00	0.12	1.48	98.41
80	0.00	0.12	1.49	98.39
81	0.00	0.13	1.71	98.15
82	0.00	0.18	1.80	98.02
83	0.00	0.16	1.93	97.91
84	0.00	0.15	1.85	98.00
85	0.00	0.16	1.93	97.90
86	0.00	0.16	1.99	97.85
87	0.00	0.18	2.17	97.65
88	0.00	0.19	2.26	97.55
89	0.00	0.22	2.38	97.40
90	0.00	0.24	2.48	97.28
91	0.00	0.25	2.58	97.17
92	0.00	0.24	2.50	97.26
93	0.00	0.26	2.66	97.08
94	0.00	0.30	2.89	96.81
95	0.00	0.99	7.25	91.76




