Parameters
	Library type	Single-end
	Input file	/Volumes/wdhd/users/joaks1/projects/gekgo/data/genomes/msg/plate3/demultiplexed-trimmed/RMB_9574_Lepidodactylus_balioburius_Sabtang_R1.trimmed.fq
	Primer/Adaptor library	NA
	Cut-off read length for HQ	70%
	Cut-off quality score	20
	Only statistics	On
	Number of processes	2


QC statistics
	File name	RMB_9574_Lepidodactylus_balioburius_Sabtang_R1.trimmed.fq
	Total number of reads	563508
	Total number of HQ reads	563447
	Percentage of HQ reads	99.99%
	Total number of bases	52541897
	Total number of bases in HQ reads	52540095
	Total number of HQ bases in HQ reads	52389671
	Percentage of HQ bases in HQ reads	99.71%
	Number of Primer/Adaptor contaminated HQ reads	NA
	Total number of HQ filtered reads	563447
	Percentage of HQ filtered reads	99.99%


Detailed QC statistics
	File name	RMB_9574_Lepidodactylus_balioburius_Sabtang_R1.trimmed.fq
	Minimum read length	10
	Maximum read length	95
	Average read length	93.24
	Total number of reads	563508
	Total number of reads with non-ATGC bases	0
	Percentage of reads with non-ATGC bases	0.00%
	Total number of bases	52541897
	Total number of HQ bases	52390758
	Percentage of HQ bases	99.71%
	Total number of non-ATGC bases	0
	Percentage of non-ATGC bases	0.00%


Average quality score at each base position of input reads

RMB_9574_Lepidodactylus_balioburius_Sabtang_R1.trimmed.fq
36.25	35.05	36.82	36.54	36.90	36.91	36.92	39.61	39.57	39.40	39.36	39.34	39.35	39.32	39.36	39.20	39.23	39.12	39.25	39.09	39.17	38.99	38.90	38.95	39.06	38.85	38.88	39.05	38.67	38.54	38.84	38.90	38.82	38.84	38.94	38.64	38.82	38.88	38.87	38.44	38.54	38.53	38.50	38.39	38.23	37.77	37.00	36.72	36.25	35.99	35.85	36.11	36.61	36.85	37.07	37.25	37.36	37.48	37.52	37.49	37.40	37.36	37.22	37.06	36.96	36.80	36.57	36.43	36.21	34.75	35.24	35.54	35.46	35.38	35.31	35.23	35.03	34.94	34.84	34.67	34.58	34.55	34.43	34.33	34.35	34.24	34.19	34.09	33.96	33.95	33.76	33.72	33.73	33.59	32.28	




Read count (%) per base for different quality score ranges

	RMB_9574_Lepidodactylus_balioburius_Sabtang_R1.trimmed.fq
Ranges	0-10	11-20	21-30	31-40
Base
1	0.00	0.52	0.93	98.56
2	0.00	0.11	0.47	99.42
3	0.00	0.10	0.29	99.61
4	0.00	0.22	0.65	99.13
5	0.00	0.09	0.31	99.60
6	0.00	0.08	0.29	99.63
7	0.00	0.08	0.26	99.66
8	0.00	0.09	0.27	99.65
9	0.00	0.10	0.29	99.61
10	0.00	0.14	0.36	99.50
11	0.00	0.12	0.35	99.52
12	0.00	0.16	0.41	99.43
13	0.00	0.14	0.49	99.37
14	0.00	0.19	0.44	99.37
15	0.00	0.17	0.41	99.42
16	0.00	0.17	0.48	99.35
17	0.00	0.15	0.44	99.42
18	0.00	0.14	0.49	99.38
19	0.00	0.14	0.39	99.47
20	0.00	0.19	0.48	99.34
21	0.00	0.16	0.40	99.44
22	0.00	0.20	0.44	99.36
23	0.00	0.19	0.49	99.32
24	0.00	0.17	0.45	99.38
25	0.00	0.20	0.48	99.31
26	0.00	0.23	0.65	99.13
27	0.00	0.17	0.54	99.28
28	0.00	0.14	0.44	99.42
29	0.00	0.14	0.55	99.31
30	0.00	0.15	0.58	99.27
31	0.00	0.13	0.48	99.38
32	0.00	0.14	0.53	99.34
33	0.00	0.15	0.58	99.28
34	0.00	0.15	0.52	99.34
35	0.00	0.15	0.51	99.34
36	0.00	0.16	0.80	99.04
37	0.00	0.13	0.52	99.35
38	0.00	0.11	0.52	99.36
39	0.00	0.12	0.55	99.33
40	0.00	0.17	0.86	98.96
41	0.00	0.12	0.75	99.14
42	0.00	0.14	0.75	99.11
43	0.00	0.15	0.65	99.20
44	0.00	0.14	0.78	99.08
45	0.00	0.13	0.82	99.05
46	0.00	0.18	1.15	98.67
47	0.00	0.32	2.36	97.33
48	0.00	0.47	3.03	96.50
49	0.00	0.76	4.11	95.14
50	0.00	1.26	5.58	93.16
51	0.00	2.36	5.37	92.27
52	0.00	2.34	4.35	93.31
53	0.00	1.68	3.37	94.95
54	0.00	1.33	2.74	95.92
55	0.00	0.99	2.21	96.80
56	0.00	0.77	1.85	97.38
57	0.00	0.55	1.57	97.88
58	0.00	0.38	1.33	98.29
59	0.00	0.24	1.16	98.61
60	0.00	0.17	1.04	98.79
61	0.00	0.13	1.01	98.86
62	0.00	0.10	0.93	98.97
63	0.00	0.10	1.00	98.90
64	0.00	0.10	1.14	98.76
65	0.00	0.10	0.96	98.95
66	0.00	0.11	1.12	98.77
67	0.00	0.11	1.20	98.70
68	0.00	0.10	1.22	98.67
69	0.00	0.13	1.32	98.56
70	0.00	0.11	2.77	97.13
71	0.00	0.11	1.68	98.21
72	0.00	0.10	1.31	98.58
73	0.00	0.16	1.70	98.14
74	0.00	0.12	1.55	98.32
75	0.00	0.11	1.51	98.38
76	0.00	0.11	1.40	98.49
77	0.00	0.15	1.80	98.04
78	0.00	0.14	1.80	98.07
79	0.00	0.13	1.98	97.89
80	0.00	0.15	2.19	97.67
81	0.00	0.20	2.13	97.66
82	0.00	0.21	2.28	97.51
83	0.00	0.17	2.41	97.42
84	0.00	0.20	2.54	97.26
85	0.00	0.18	2.30	97.53
86	0.00	0.19	2.48	97.33
87	0.00	0.20	2.49	97.31
88	0.00	0.21	2.75	97.03
89	0.00	0.25	2.97	96.78
90	0.00	0.26	2.95	96.78
91	0.00	0.30	3.32	96.38
92	0.00	0.28	3.25	96.47
93	0.00	0.28	3.05	96.67
94	0.00	0.29	3.51	96.20
95	0.00	1.08	8.26	90.65




