Parameters
	Library type	Single-end
	Input file	/Volumes/wdhd/users/joaks1/projects/gekgo/data/genomes/msg/plate3/demultiplexed-trimmed/RMB_6314_Pseudogekko_smaragdinus_Polillo_R1.trimmed.fq
	Primer/Adaptor library	NA
	Cut-off read length for HQ	70%
	Cut-off quality score	20
	Only statistics	On
	Number of processes	2


QC statistics
	File name	RMB_6314_Pseudogekko_smaragdinus_Polillo_R1.trimmed.fq
	Total number of reads	553749
	Total number of HQ reads	553684
	Percentage of HQ reads	99.99%
	Total number of bases	51632434
	Total number of bases in HQ reads	51630608
	Total number of HQ bases in HQ reads	51480796
	Percentage of HQ bases in HQ reads	99.71%
	Number of Primer/Adaptor contaminated HQ reads	NA
	Total number of HQ filtered reads	553684
	Percentage of HQ filtered reads	99.99%


Detailed QC statistics
	File name	RMB_6314_Pseudogekko_smaragdinus_Polillo_R1.trimmed.fq
	Minimum read length	10
	Maximum read length	95
	Average read length	93.24
	Total number of reads	553749
	Total number of reads with non-ATGC bases	0
	Percentage of reads with non-ATGC bases	0.00%
	Total number of bases	51632434
	Total number of HQ bases	51481947
	Percentage of HQ bases	99.71%
	Total number of non-ATGC bases	0
	Percentage of non-ATGC bases	0.00%


Average quality score at each base position of input reads

RMB_6314_Pseudogekko_smaragdinus_Polillo_R1.trimmed.fq
36.79	36.39	36.88	36.64	36.89	36.91	36.92	39.62	39.58	39.42	39.37	39.37	39.39	39.35	39.36	39.21	39.24	39.12	39.26	39.09	39.18	38.98	38.98	39.02	39.10	38.87	38.92	39.08	38.77	38.58	38.83	39.00	38.84	38.89	38.93	38.65	38.82	38.92	38.89	38.49	38.56	38.54	38.54	38.38	38.26	37.80	37.05	36.86	36.39	36.01	35.81	36.17	36.58	36.92	37.15	37.26	37.39	37.50	37.53	37.54	37.49	37.38	37.25	37.14	37.01	36.87	36.71	36.57	36.38	34.87	35.40	35.69	35.68	35.56	35.45	35.31	35.18	35.07	34.96	34.84	34.74	34.65	34.59	34.52	34.46	34.38	34.30	34.21	34.14	34.05	33.95	33.93	33.86	33.77	32.52	




Read count (%) per base for different quality score ranges

	RMB_6314_Pseudogekko_smaragdinus_Polillo_R1.trimmed.fq
Ranges	0-10	11-20	21-30	31-40
Base
1	0.00	0.41	0.60	98.99
2	0.00	0.13	0.37	99.50
3	0.00	0.09	0.27	99.63
4	0.00	0.18	0.56	99.25
5	0.00	0.09	0.33	99.58
6	0.00	0.09	0.29	99.62
7	0.00	0.08	0.29	99.63
8	0.00	0.09	0.28	99.63
9	0.00	0.10	0.31	99.59
10	0.00	0.14	0.40	99.46
11	0.00	0.13	0.36	99.51
12	0.00	0.14	0.39	99.47
13	0.00	0.14	0.47	99.39
14	0.00	0.18	0.45	99.38
15	0.00	0.19	0.46	99.35
16	0.00	0.16	0.50	99.33
17	0.00	0.15	0.42	99.43
18	0.00	0.17	0.53	99.30
19	0.00	0.17	0.42	99.41
20	0.00	0.21	0.53	99.26
21	0.00	0.20	0.46	99.34
22	0.00	0.21	0.50	99.29
23	0.00	0.19	0.49	99.32
24	0.00	0.18	0.47	99.35
25	0.00	0.20	0.47	99.33
26	0.00	0.23	0.67	99.11
27	0.00	0.19	0.60	99.20
28	0.00	0.15	0.50	99.35
29	0.00	0.16	0.55	99.29
30	0.00	0.19	0.64	99.18
31	0.00	0.13	0.51	99.36
32	0.00	0.12	0.50	99.38
33	0.00	0.15	0.57	99.28
34	0.00	0.15	0.51	99.34
35	0.00	0.15	0.56	99.29
36	0.00	0.16	0.74	99.10
37	0.00	0.12	0.55	99.32
38	0.00	0.12	0.52	99.36
39	0.00	0.12	0.55	99.32
40	0.00	0.15	0.90	98.95
41	0.00	0.13	0.69	99.18
42	0.00	0.14	0.73	99.13
43	0.00	0.12	0.64	99.24
44	0.00	0.14	0.76	99.11
45	0.00	0.14	0.80	99.07
46	0.00	0.18	1.19	98.63
47	0.00	0.31	2.29	97.40
48	0.00	0.41	2.67	96.91
49	0.00	0.71	3.89	95.41
50	0.00	1.25	5.61	93.14
51	0.00	2.46	5.54	92.00
52	0.00	2.30	4.20	93.50
53	0.00	1.84	3.39	94.77
54	0.00	1.36	2.66	95.97
55	0.00	1.01	2.16	96.82
56	0.00	0.81	1.84	97.35
57	0.00	0.59	1.53	97.88
58	0.00	0.43	1.32	98.25
59	0.00	0.29	1.21	98.50
60	0.00	0.19	1.01	98.79
61	0.00	0.13	0.95	98.92
62	0.00	0.12	0.97	98.91
63	0.00	0.13	1.00	98.87
64	0.00	0.12	0.91	98.98
65	0.00	0.11	1.00	98.89
66	0.00	0.11	1.01	98.88
67	0.00	0.11	1.05	98.83
68	0.00	0.10	1.01	98.89
69	0.00	0.12	1.15	98.73
70	0.00	0.11	2.50	97.38
71	0.00	0.11	1.51	98.38
72	0.00	0.11	1.25	98.64
73	0.00	0.11	1.29	98.60
74	0.00	0.12	1.31	98.57
75	0.00	0.13	1.24	98.63
76	0.00	0.13	1.46	98.41
77	0.00	0.14	1.61	98.25
78	0.00	0.16	1.58	98.26
79	0.00	0.15	1.66	98.19
80	0.00	0.17	1.86	97.97
81	0.00	0.19	1.94	97.86
82	0.00	0.19	2.17	97.65
83	0.00	0.18	2.07	97.74
84	0.00	0.19	2.09	97.73
85	0.00	0.18	2.22	97.60
86	0.00	0.20	2.24	97.56
87	0.00	0.21	2.37	97.41
88	0.00	0.23	2.60	97.17
89	0.00	0.23	2.68	97.09
90	0.00	0.25	2.90	96.85
91	0.00	0.25	3.10	96.65
92	0.00	0.27	2.86	96.87
93	0.00	0.30	2.99	96.71
94	0.00	0.32	3.08	96.60
95	0.00	0.95	7.24	91.81




