Parameters
	Library type	Single-end
	Input file	/Volumes/wdhd/users/joaks1/projects/gekgo/data/genomes/msg/plate3/demultiplexed-trimmed/RMB_9560_Gekko_porosus_Sabtang_R1.trimmed.fq
	Primer/Adaptor library	NA
	Cut-off read length for HQ	70%
	Cut-off quality score	20
	Only statistics	On
	Number of processes	2


QC statistics
	File name	RMB_9560_Gekko_porosus_Sabtang_R1.trimmed.fq
	Total number of reads	700297
	Total number of HQ reads	700214
	Percentage of HQ reads	99.99%
	Total number of bases	65234142
	Total number of bases in HQ reads	65231678
	Total number of HQ bases in HQ reads	65032653
	Percentage of HQ bases in HQ reads	99.69%
	Number of Primer/Adaptor contaminated HQ reads	NA
	Total number of HQ filtered reads	700214
	Percentage of HQ filtered reads	99.99%


Detailed QC statistics
	File name	RMB_9560_Gekko_porosus_Sabtang_R1.trimmed.fq
	Minimum read length	9
	Maximum read length	95
	Average read length	93.15
	Total number of reads	700297
	Total number of reads with non-ATGC bases	0
	Percentage of reads with non-ATGC bases	0.00%
	Total number of bases	65234142
	Total number of HQ bases	65034162
	Percentage of HQ bases	99.69%
	Total number of non-ATGC bases	0
	Percentage of non-ATGC bases	0.00%


Average quality score at each base position of input reads

RMB_9560_Gekko_porosus_Sabtang_R1.trimmed.fq
36.26	34.31	36.79	36.54	36.90	36.91	36.92	39.60	39.54	39.38	39.33	39.27	39.34	39.30	39.30	39.14	39.23	39.09	39.21	39.04	39.11	38.89	38.88	38.90	39.00	38.82	38.85	39.00	38.66	38.49	38.72	38.88	38.70	38.76	38.77	38.42	38.66	38.77	38.77	38.33	38.42	38.33	38.40	38.22	38.13	37.64	36.84	36.69	36.25	35.88	35.71	36.04	36.38	36.72	37.01	37.09	37.26	37.36	37.41	37.41	37.32	37.23	37.15	36.98	36.83	36.72	36.58	36.41	36.23	34.71	35.20	35.53	35.58	35.46	35.36	35.16	35.01	34.94	34.80	34.68	34.54	34.43	34.37	34.32	34.24	34.16	34.01	33.87	33.83	33.73	33.64	33.53	33.43	33.26	32.03	




Read count (%) per base for different quality score ranges

	RMB_9560_Gekko_porosus_Sabtang_R1.trimmed.fq
Ranges	0-10	11-20	21-30	31-40
Base
1	0.00	0.47	0.91	98.62
2	0.00	0.12	0.59	99.28
3	0.00	0.10	0.31	99.58
4	0.00	0.21	0.66	99.13
5	0.00	0.09	0.29	99.62
6	0.00	0.08	0.28	99.64
7	0.00	0.09	0.26	99.64
8	0.00	0.08	0.26	99.66
9	0.00	0.10	0.28	99.62
10	0.00	0.12	0.36	99.53
11	0.00	0.12	0.32	99.56
12	0.00	0.14	0.41	99.45
13	0.00	0.13	0.44	99.43
14	0.00	0.18	0.42	99.40
15	0.00	0.17	0.40	99.43
16	0.00	0.16	0.46	99.38
17	0.00	0.12	0.38	99.50
18	0.00	0.16	0.53	99.31
19	0.00	0.16	0.42	99.42
20	0.00	0.20	0.48	99.32
21	0.00	0.18	0.44	99.37
22	0.00	0.21	0.46	99.34
23	0.00	0.19	0.50	99.31
24	0.00	0.17	0.47	99.36
25	0.00	0.19	0.45	99.36
26	0.00	0.20	0.62	99.18
27	0.00	0.17	0.54	99.28
28	0.00	0.13	0.44	99.43
29	0.00	0.15	0.51	99.34
30	0.00	0.16	0.64	99.20
31	0.00	0.13	0.49	99.38
32	0.00	0.14	0.49	99.37
33	0.00	0.16	0.59	99.25
34	0.00	0.14	0.52	99.34
35	0.00	0.15	0.53	99.32
36	0.00	0.16	0.84	99.00
37	0.00	0.11	0.51	99.38
38	0.00	0.10	0.51	99.39
39	0.00	0.11	0.57	99.32
40	0.00	0.17	0.93	98.91
41	0.00	0.11	0.67	99.22
42	0.00	0.14	0.76	99.09
43	0.00	0.12	0.64	99.25
44	0.00	0.14	0.75	99.10
45	0.00	0.13	0.86	99.01
46	0.00	0.18	1.31	98.51
47	0.00	0.35	2.59	97.05
48	0.00	0.50	2.95	96.55
49	0.00	0.81	4.10	95.10
50	0.00	1.34	5.74	92.93
51	0.00	2.46	5.59	91.95
52	0.00	2.42	4.31	93.27
53	0.00	1.91	3.61	94.49
54	0.00	1.39	2.80	95.81
55	0.00	1.08	2.27	96.65
56	0.00	0.85	2.17	96.98
57	0.00	0.61	1.71	97.68
58	0.00	0.42	1.40	98.18
59	0.00	0.28	1.28	98.43
60	0.00	0.19	1.15	98.65
61	0.00	0.15	1.08	98.77
62	0.00	0.15	1.14	98.71
63	0.00	0.12	1.05	98.83
64	0.00	0.14	1.11	98.75
65	0.00	0.11	1.34	98.55
66	0.00	0.12	1.24	98.65
67	0.00	0.11	1.25	98.64
68	0.00	0.12	1.29	98.59
69	0.00	0.13	1.31	98.57
70	0.00	0.11	3.03	96.86
71	0.00	0.12	1.76	98.12
72	0.00	0.11	1.46	98.43
73	0.00	0.13	1.38	98.49
74	0.00	0.12	1.56	98.31
75	0.00	0.11	1.51	98.38
76	0.00	0.15	1.73	98.11
77	0.00	0.20	1.90	97.90
78	0.00	0.13	1.83	98.04
79	0.00	0.14	2.00	97.86
80	0.00	0.17	2.07	97.76
81	0.00	0.20	2.47	97.33
82	0.00	0.23	2.50	97.27
83	0.00	0.19	2.54	97.27
84	0.00	0.20	2.47	97.33
85	0.00	0.20	2.58	97.22
86	0.00	0.20	2.61	97.19
87	0.00	0.26	2.99	96.75
88	0.00	0.28	3.23	96.49
89	0.00	0.27	3.17	96.56
90	0.00	0.33	3.45	96.22
91	0.00	0.36	3.68	95.96
92	0.00	0.36	3.60	96.05
93	0.00	0.36	3.87	95.77
94	0.00	0.39	4.31	95.31
95	0.00	1.14	8.82	90.04




