Parameters
	Library type	Single-end
	Input file	/Volumes/wdhd/users/joaks1/projects/gekgo/data/genomes/msg/plate3/demultiplexed-trimmed/RMB_8789_Gekko_romblon_Tablas_R1.trimmed.fq
	Primer/Adaptor library	NA
	Cut-off read length for HQ	70%
	Cut-off quality score	20
	Only statistics	On
	Number of processes	2


QC statistics
	File name	RMB_8789_Gekko_romblon_Tablas_R1.trimmed.fq
	Total number of reads	161177
	Total number of HQ reads	161152
	Percentage of HQ reads	99.98%
	Total number of bases	14991901
	Total number of bases in HQ reads	14991132
	Total number of HQ bases in HQ reads	14945915
	Percentage of HQ bases in HQ reads	99.70%
	Number of Primer/Adaptor contaminated HQ reads	NA
	Total number of HQ filtered reads	161152
	Percentage of HQ filtered reads	99.98%


Detailed QC statistics
	File name	RMB_8789_Gekko_romblon_Tablas_R1.trimmed.fq
	Minimum read length	10
	Maximum read length	95
	Average read length	93.02
	Total number of reads	161177
	Total number of reads with non-ATGC bases	0
	Percentage of reads with non-ATGC bases	0.00%
	Total number of bases	14991901
	Total number of HQ bases	14946395
	Percentage of HQ bases	99.70%
	Total number of non-ATGC bases	0
	Percentage of non-ATGC bases	0.00%


Average quality score at each base position of input reads

RMB_8789_Gekko_romblon_Tablas_R1.trimmed.fq
36.78	35.33	36.84	36.64	36.89	36.90	36.91	39.55	39.52	39.40	39.33	39.25	39.34	39.32	39.33	39.15	39.22	39.07	39.20	39.04	39.11	38.89	38.88	38.88	38.97	38.80	38.82	38.98	38.65	38.48	38.72	38.88	38.69	38.74	38.79	38.48	38.68	38.76	38.74	38.36	38.42	38.32	38.39	38.22	38.12	37.63	36.89	36.71	36.24	35.90	35.74	36.09	36.44	36.75	36.98	37.03	37.23	37.35	37.40	37.39	37.35	37.26	37.14	37.00	36.82	36.71	36.56	36.44	36.21	34.66	35.22	35.55	35.55	35.43	35.31	35.15	35.00	34.95	34.81	34.69	34.56	34.48	34.43	34.37	34.27	34.23	34.09	34.01	33.94	33.80	33.73	33.64	33.60	33.46	32.18	




Read count (%) per base for different quality score ranges

	RMB_8789_Gekko_romblon_Tablas_R1.trimmed.fq
Ranges	0-10	11-20	21-30	31-40
Base
1	0.00	0.42	0.61	98.96
2	0.00	0.13	0.52	99.35
3	0.00	0.11	0.30	99.59
4	0.00	0.18	0.56	99.27
5	0.00	0.11	0.31	99.58
6	0.00	0.09	0.30	99.60
7	0.00	0.11	0.31	99.59
8	0.00	0.11	0.31	99.58
9	0.00	0.13	0.33	99.55
10	0.00	0.15	0.41	99.44
11	0.00	0.13	0.37	99.50
12	0.00	0.15	0.46	99.39
13	0.00	0.15	0.51	99.34
14	0.00	0.20	0.45	99.35
15	0.00	0.19	0.45	99.36
16	0.00	0.19	0.50	99.31
17	0.00	0.15	0.45	99.40
18	0.00	0.18	0.58	99.24
19	0.00	0.19	0.50	99.30
20	0.00	0.24	0.53	99.23
21	0.00	0.22	0.49	99.29
22	0.00	0.26	0.54	99.20
23	0.00	0.23	0.58	99.20
24	0.00	0.22	0.54	99.24
25	0.00	0.22	0.50	99.28
26	0.00	0.20	0.67	99.12
27	0.00	0.21	0.59	99.20
28	0.00	0.16	0.49	99.35
29	0.00	0.18	0.58	99.24
30	0.00	0.18	0.67	99.15
31	0.00	0.16	0.48	99.36
32	0.00	0.14	0.53	99.33
33	0.00	0.17	0.66	99.17
34	0.00	0.16	0.57	99.27
35	0.00	0.15	0.60	99.25
36	0.00	0.17	0.78	99.05
37	0.00	0.13	0.54	99.32
38	0.00	0.11	0.52	99.36
39	0.00	0.12	0.59	99.30
40	0.00	0.16	0.92	98.93
41	0.00	0.12	0.74	99.14
42	0.00	0.17	0.78	99.05
43	0.00	0.13	0.67	99.20
44	0.00	0.13	0.78	99.09
45	0.00	0.13	0.84	99.03
46	0.00	0.21	1.25	98.54
47	0.00	0.30	2.44	97.26
48	0.00	0.46	2.74	96.80
49	0.00	0.73	3.98	95.29
50	0.00	1.23	5.46	93.31
51	0.00	2.32	5.35	92.33
52	0.00	2.23	4.05	93.72
53	0.00	1.87	3.37	94.76
54	0.00	1.43	2.72	95.84
55	0.00	1.10	2.26	96.64
56	0.00	0.92	2.17	96.91
57	0.00	0.64	1.67	97.69
58	0.00	0.43	1.42	98.15
59	0.00	0.28	1.30	98.42
60	0.00	0.20	1.10	98.70
61	0.00	0.15	1.02	98.83
62	0.00	0.14	1.07	98.80
63	0.00	0.11	0.94	98.94
64	0.00	0.12	1.05	98.83
65	0.00	0.11	1.29	98.60
66	0.00	0.12	1.15	98.73
67	0.00	0.12	1.21	98.67
68	0.00	0.11	1.17	98.72
69	0.00	0.15	1.27	98.58
70	0.00	0.13	2.95	96.92
71	0.00	0.12	1.65	98.23
72	0.00	0.11	1.39	98.49
73	0.00	0.11	1.36	98.53
74	0.00	0.12	1.50	98.38
75	0.00	0.12	1.44	98.44
76	0.00	0.16	1.55	98.29
77	0.00	0.19	1.72	98.09
78	0.00	0.11	1.55	98.34
79	0.00	0.15	1.69	98.16
80	0.00	0.15	1.88	97.97
81	0.00	0.20	2.09	97.72
82	0.00	0.23	2.16	97.61
83	0.00	0.18	2.08	97.74
84	0.00	0.19	2.15	97.66
85	0.00	0.18	2.37	97.45
86	0.00	0.19	2.24	97.57
87	0.00	0.22	2.54	97.24
88	0.00	0.22	2.69	97.09
89	0.00	0.27	2.72	97.01
90	0.00	0.30	3.15	96.56
91	0.00	0.30	3.20	96.50
92	0.00	0.28	3.15	96.57
93	0.00	0.31	3.18	96.52
94	0.00	0.34	3.52	96.13
95	0.00	1.02	7.94	91.04




