Parameters
	Library type	Single-end
	Input file	/Volumes/wdhd/users/joaks1/projects/gekgo/data/genomes/msg/plate3/demultiplexed-trimmed/RMB_6374_Gekko_sp.a_Dalupiri_R1.trimmed.fq
	Primer/Adaptor library	NA
	Cut-off read length for HQ	70%
	Cut-off quality score	20
	Only statistics	On
	Number of processes	2


QC statistics
	File name	RMB_6374_Gekko_sp.a_Dalupiri_R1.trimmed.fq
	Total number of reads	595412
	Total number of HQ reads	595357
	Percentage of HQ reads	99.99%
	Total number of bases	55290451
	Total number of bases in HQ reads	55288700
	Total number of HQ bases in HQ reads	55117194
	Percentage of HQ bases in HQ reads	99.69%
	Number of Primer/Adaptor contaminated HQ reads	NA
	Total number of HQ filtered reads	595357
	Percentage of HQ filtered reads	99.99%


Detailed QC statistics
	File name	RMB_6374_Gekko_sp.a_Dalupiri_R1.trimmed.fq
	Minimum read length	10
	Maximum read length	95
	Average read length	92.86
	Total number of reads	595412
	Total number of reads with non-ATGC bases	0
	Percentage of reads with non-ATGC bases	0.00%
	Total number of bases	55290451
	Total number of HQ bases	55118303
	Percentage of HQ bases	99.69%
	Total number of non-ATGC bases	0
	Percentage of non-ATGC bases	0.00%


Average quality score at each base position of input reads

RMB_6374_Gekko_sp.a_Dalupiri_R1.trimmed.fq
36.78	36.20	36.85	36.62	36.87	36.89	36.89	39.53	39.48	39.33	39.27	39.20	39.25	39.22	39.23	39.01	39.11	38.99	39.13	38.97	39.05	38.80	38.78	38.79	38.92	38.70	38.73	38.89	38.53	38.34	38.59	38.75	38.56	38.62	38.63	38.28	38.52	38.61	38.61	38.13	38.24	38.13	38.24	38.06	37.98	37.47	36.66	36.51	36.06	35.68	35.56	35.90	36.21	36.55	36.83	36.90	37.06	37.14	37.18	37.15	37.05	36.95	36.86	36.68	36.51	36.37	36.19	36.03	35.86	34.36	34.88	35.19	35.22	35.12	35.03	34.85	34.72	34.64	34.52	34.42	34.28	34.19	34.12	34.06	33.98	33.91	33.77	33.65	33.59	33.49	33.42	33.30	33.21	33.05	31.75	




Read count (%) per base for different quality score ranges

	RMB_6374_Gekko_sp.a_Dalupiri_R1.trimmed.fq
Ranges	0-10	11-20	21-30	31-40
Base
1	0.00	0.38	0.67	98.94
2	0.00	0.13	0.45	99.42
3	0.00	0.11	0.36	99.52
4	0.00	0.23	0.68	99.08
5	0.00	0.11	0.41	99.48
6	0.00	0.10	0.39	99.51
7	0.00	0.10	0.37	99.52
8	0.00	0.10	0.37	99.52
9	0.00	0.12	0.39	99.49
10	0.00	0.15	0.46	99.39
11	0.00	0.13	0.44	99.43
12	0.00	0.16	0.55	99.28
13	0.00	0.17	0.58	99.25
14	0.00	0.20	0.53	99.27
15	0.00	0.17	0.50	99.33
16	0.00	0.19	0.59	99.22
17	0.00	0.16	0.50	99.33
18	0.00	0.19	0.65	99.16
19	0.00	0.18	0.53	99.29
20	0.00	0.22	0.62	99.16
21	0.00	0.22	0.56	99.22
22	0.00	0.24	0.61	99.15
23	0.00	0.23	0.64	99.13
24	0.00	0.19	0.64	99.17
25	0.00	0.20	0.58	99.22
26	0.00	0.24	0.78	98.98
27	0.00	0.20	0.73	99.07
28	0.00	0.16	0.58	99.27
29	0.00	0.17	0.67	99.16
30	0.00	0.18	0.80	99.02
31	0.00	0.15	0.62	99.23
32	0.00	0.15	0.63	99.21
33	0.00	0.17	0.71	99.12
34	0.00	0.16	0.65	99.19
35	0.00	0.17	0.66	99.18
36	0.00	0.19	0.97	98.84
37	0.00	0.14	0.64	99.22
38	0.00	0.14	0.63	99.22
39	0.00	0.14	0.72	99.14
40	0.00	0.20	1.17	98.63
41	0.00	0.15	0.88	98.97
42	0.00	0.17	0.95	98.88
43	0.00	0.15	0.76	99.10
44	0.00	0.16	0.91	98.93
45	0.00	0.15	1.02	98.83
46	0.00	0.21	1.51	98.28
47	0.00	0.36	2.94	96.70
48	0.00	0.48	3.27	96.24
49	0.00	0.78	4.56	94.65
50	0.00	1.34	6.26	92.40
51	0.00	2.38	5.81	91.81
52	0.00	2.20	4.57	93.23
53	0.00	1.76	3.79	94.45
54	0.00	1.30	2.95	95.75
55	0.00	1.00	2.35	96.65
56	0.00	0.77	2.31	96.92
57	0.00	0.53	1.83	97.64
58	0.00	0.38	1.50	98.12
59	0.00	0.26	1.33	98.41
60	0.00	0.18	1.21	98.60
61	0.00	0.14	1.15	98.71
62	0.00	0.15	1.21	98.64
63	0.00	0.12	1.09	98.79
64	0.00	0.14	1.21	98.65
65	0.00	0.13	1.42	98.45
66	0.00	0.13	1.38	98.49
67	0.00	0.13	1.44	98.43
68	0.00	0.12	1.37	98.51
69	0.00	0.14	1.44	98.42
70	0.00	0.13	3.27	96.60
71	0.00	0.12	1.78	98.10
72	0.00	0.12	1.53	98.35
73	0.00	0.12	1.55	98.32
74	0.00	0.13	1.59	98.28
75	0.00	0.13	1.54	98.33
76	0.00	0.16	1.74	98.09
77	0.00	0.21	1.90	97.89
78	0.00	0.14	1.88	97.98
79	0.00	0.16	2.05	97.79
80	0.00	0.16	2.14	97.70
81	0.00	0.19	2.47	97.34
82	0.00	0.23	2.45	97.32
83	0.00	0.21	2.52	97.27
84	0.00	0.21	2.50	97.30
85	0.00	0.23	2.65	97.12
86	0.00	0.26	2.64	97.10
87	0.00	0.26	2.98	96.76
88	0.00	0.28	3.14	96.58
89	0.00	0.31	3.10	96.60
90	0.00	0.35	3.44	96.22
91	0.00	0.34	3.54	96.12
92	0.00	0.37	3.52	96.10
93	0.00	0.38	3.74	95.89
94	0.00	0.43	4.17	95.41
95	0.00	1.14	9.08	89.78




