Parameters
	Library type	Single-end
	Input file	/Volumes/wdhd/users/joaks1/projects/gekgo/data/genomes/msg/plate1/raw/jamie_no-index_L007_R1_0019.fastq
	Primer/Adaptor library	NA
	Cut-off read length for HQ	70%
	Cut-off quality score	20
	Only statistics	On
	Number of processes	2


QC statistics
	File name	jamie_no-index_L007_R1_0019.fastq
	Total number of reads	4000000
	Total number of HQ reads	2256436
	Percentage of HQ reads	56.41%
	Total number of bases	404000000
	Total number of bases in HQ reads	227900036
	Total number of HQ bases in HQ reads	197896973
	Percentage of HQ bases in HQ reads	86.83%
	Number of Primer/Adaptor contaminated HQ reads	NA
	Total number of HQ filtered reads	2256436
	Percentage of HQ filtered reads	56.41%


Detailed QC statistics
	File name	jamie_no-index_L007_R1_0019.fastq
	Minimum read length	101
	Maximum read length	101
	Average read length	101.00
	Total number of reads	4000000
	Total number of reads with non-ATGC bases	5867
	Percentage of reads with non-ATGC bases	0.15%
	Total number of bases	404000000
	Total number of HQ bases	308541013
	Percentage of HQ bases	76.37%
	Total number of non-ATGC bases	17848
	Percentage of non-ATGC bases	0.00%


Average quality score at each base position of input reads

jamie_no-index_L007_R1_0019.fastq
32.41	32.75	32.53	36.28	36.35	34.64	35.16	35.38	36.37	36.09	36.54	36.58	36.54	38.57	38.22	38.27	38.54	38.75	38.51	38.50	38.52	38.13	38.35	37.97	37.87	37.80	38.14	37.56	37.63	37.76	38.03	37.92	37.93	38.19	37.37	37.35	37.36	37.43	37.30	37.37	37.69	37.47	37.64	37.87	37.95	37.34	37.23	37.25	37.28	36.94	36.61	34.62	32.02	30.09	28.04	26.81	25.25	24.13	22.89	21.16	20.15	18.75	18.17	17.81	16.61	16.69	15.67	15.94	16.57	17.67	19.15	20.24	21.11	21.76	22.11	21.84	22.25	22.55	22.58	22.65	22.71	22.86	23.01	22.90	22.87	22.90	22.94	22.72	22.71	22.82	22.86	22.90	22.93	22.92	22.95	22.95	22.88	22.83	22.77	22.72	22.11	




Read count (%) per base for different quality score ranges

	jamie_no-index_L007_R1_0019.fastq
Ranges	0-10	11-20	21-30	31-40
Base
1	0.01	0.98	6.72	92.29
2	0.00	0.33	3.03	96.64
3	0.00	0.75	5.38	93.87
4	0.00	1.23	1.76	97.01
5	0.06	1.20	1.69	97.04
6	0.03	2.97	5.18	91.83
7	0.01	2.92	4.09	92.98
8	0.01	0.96	2.67	96.36
9	0.01	0.69	1.68	97.61
10	0.02	0.95	2.19	96.84
11	0.01	0.55	1.31	98.13
12	0.01	0.58	1.25	98.17
13	0.02	0.65	1.41	97.93
14	0.01	0.99	1.53	97.47
15	0.02	0.70	1.24	98.04
16	0.01	0.74	1.16	98.09
17	0.01	0.63	0.85	98.51
18	0.02	0.41	0.91	98.67
19	0.06	0.63	1.49	97.81
20	0.03	0.75	1.17	98.05
21	0.03	0.73	1.05	98.19
22	0.05	1.00	1.83	97.12
23	0.01	0.73	1.18	98.07
24	0.06	1.00	2.21	96.73
25	0.11	1.16	2.08	96.65
26	0.10	1.38	2.12	96.40
27	0.06	0.99	1.44	97.51
28	0.27	1.20	2.18	96.35
29	0.21	1.27	2.21	96.31
30	0.20	1.00	2.07	96.73
31	0.11	0.86	1.53	97.51
32	0.23	0.73	2.05	96.99
33	0.26	0.81	1.90	97.03
34	0.19	0.75	1.38	97.68
35	0.48	0.89	2.29	96.35
36	0.40	1.14	2.80	95.67
37	0.67	1.19	2.72	95.42
38	0.72	1.28	2.74	95.25
39	0.53	1.52	3.23	94.72
40	0.60	1.21	2.88	95.32
41	0.23	0.95	2.26	96.56
42	0.44	0.87	3.04	95.65
43	0.41	0.74	2.54	96.31
44	0.38	0.77	2.15	96.70
45	0.26	0.78	2.03	96.93
46	0.53	0.89	3.28	95.30
47	0.72	1.00	3.43	94.85
48	0.47	1.23	3.87	94.43
49	0.40	1.15	3.96	94.49
50	0.60	1.51	4.83	93.06
51	0.79	1.72	5.48	92.02
52	1.48	3.26	11.30	83.96
53	1.52	7.20	18.10	73.18
54	2.16	12.55	20.97	64.32
55	2.49	21.05	20.74	55.72
56	2.94	27.87	18.33	50.86
57	4.26	32.86	19.19	43.69
58	5.82	35.42	20.16	38.59
59	8.17	36.95	22.08	32.80
60	11.23	39.98	23.37	25.41
61	12.81	42.36	23.77	21.06
62	16.28	44.57	22.96	16.19
63	16.96	46.33	23.12	13.58
64	17.51	47.65	22.56	12.28
65	21.66	48.47	20.90	8.96
66	20.87	49.05	21.30	8.78
67	27.02	46.41	19.31	7.27
68	27.74	43.58	20.26	8.42
69	29.33	37.77	21.25	11.65
70	30.75	30.46	21.33	17.46
71	28.18	27.21	21.06	23.54
72	28.21	23.35	18.72	29.72
73	28.25	20.65	16.34	34.76
74	28.83	18.34	13.78	39.05
75	29.08	17.34	12.37	41.21
76	26.96	18.88	15.86	38.30
77	27.69	17.52	12.87	41.92
78	26.35	18.79	12.18	42.68
79	28.26	16.94	10.88	43.92
80	28.60	16.69	10.23	44.48
81	28.62	16.45	10.22	44.72
82	29.21	15.49	9.09	46.21
83	28.73	15.49	8.92	46.86
84	28.81	15.60	9.26	46.32
85	29.62	14.80	8.87	46.71
86	29.89	14.29	8.70	47.12
87	29.74	14.26	8.63	47.38
88	28.62	16.33	9.44	45.62
89	30.19	14.74	8.36	46.71
90	30.25	14.36	7.97	47.42
91	30.41	13.81	8.07	47.71
92	30.57	13.54	7.90	47.99
93	30.69	13.37	7.67	48.27
94	30.91	13.17	7.48	48.44
95	31.04	13.05	7.07	48.84
96	31.00	13.01	7.17	48.82
97	31.01	13.11	7.44	48.44
98	31.05	13.18	7.66	48.11
99	31.29	13.00	7.77	47.94
100	31.51	12.98	7.58	47.93
101	31.91	13.58	9.77	44.74




