Parameters
	Library type	Single-end
	Input file	/Volumes/wdhd/users/joaks1/projects/gekgo/data/genomes/msg/plate1/raw/jamie_no-index_L007_R1_0016.fastq
	Primer/Adaptor library	NA
	Cut-off read length for HQ	70%
	Cut-off quality score	20
	Only statistics	On
	Number of processes	2


QC statistics
	File name	jamie_no-index_L007_R1_0016.fastq
	Total number of reads	4000000
	Total number of HQ reads	2316152
	Percentage of HQ reads	57.90%
	Total number of bases	404000000
	Total number of bases in HQ reads	233931352
	Total number of HQ bases in HQ reads	210815167
	Percentage of HQ bases in HQ reads	90.12%
	Number of Primer/Adaptor contaminated HQ reads	NA
	Total number of HQ filtered reads	2316152
	Percentage of HQ filtered reads	57.90%


Detailed QC statistics
	File name	jamie_no-index_L007_R1_0016.fastq
	Minimum read length	101
	Maximum read length	101
	Average read length	101.00
	Total number of reads	4000000
	Total number of reads with non-ATGC bases	1230
	Percentage of reads with non-ATGC bases	0.03%
	Total number of bases	404000000
	Total number of HQ bases	315475099
	Percentage of HQ bases	78.09%
	Total number of non-ATGC bases	3286
	Percentage of non-ATGC bases	0.00%


Average quality score at each base position of input reads

jamie_no-index_L007_R1_0016.fastq
32.36	32.72	32.50	36.21	36.31	34.67	35.00	35.26	36.28	36.16	36.54	36.56	36.51	38.60	38.29	38.41	38.68	38.89	38.68	38.63	38.69	38.39	38.57	38.15	38.14	38.12	38.41	37.94	38.03	38.09	38.33	38.26	38.26	38.48	37.81	37.71	37.83	37.86	37.80	37.83	38.09	37.85	38.06	38.23	38.31	37.83	37.70	37.56	37.64	37.43	37.08	36.07	33.90	32.18	30.26	28.12	26.09	24.24	22.37	20.92	19.10	18.03	16.42	16.70	15.86	16.65	17.52	18.97	20.40	21.37	22.18	22.79	23.23	23.51	23.55	23.04	23.49	23.78	24.01	24.00	23.98	23.97	23.97	23.90	23.82	23.73	23.73	23.62	23.63	23.64	23.61	23.57	23.52	23.51	23.56	23.50	23.47	23.47	23.46	23.39	22.68	




Read count (%) per base for different quality score ranges

	jamie_no-index_L007_R1_0016.fastq
Ranges	0-10	11-20	21-30	31-40
Base
1	0.01	1.20	6.76	92.03
2	0.00	0.38	3.38	96.25
3	0.00	0.88	5.49	93.64
4	0.00	1.59	1.86	96.55
5	0.00	1.36	1.86	96.78
6	0.05	3.41	4.83	91.70
7	0.02	3.66	4.26	92.05
8	0.02	1.36	3.20	95.41
9	0.02	0.90	1.90	97.19
10	0.02	0.89	2.15	96.94
11	0.02	0.56	1.32	98.10
12	0.02	0.61	1.32	98.05
13	0.02	0.71	1.43	97.84
14	0.01	0.90	1.54	97.55
15	0.03	0.84	1.25	97.88
16	0.01	0.68	1.07	98.23
17	0.01	0.52	0.84	98.64
18	0.02	0.32	0.82	98.84
19	0.05	0.39	1.23	98.33
20	0.03	0.58	1.21	98.18
21	0.02	0.54	0.98	98.45
22	0.03	0.66	1.45	97.86
23	0.01	0.49	1.01	98.49
24	0.10	1.03	1.83	97.04
25	0.08	0.92	1.73	97.27
26	0.08	1.17	1.62	97.13
27	0.06	0.82	1.27	97.86
28	0.15	0.72	1.70	97.43
29	0.14	0.80	1.60	97.46
30	0.19	0.76	1.62	97.44
31	0.10	0.66	1.23	98.01
32	0.20	0.59	1.50	97.71
33	0.22	0.70	1.47	97.61
34	0.14	0.68	1.18	98.00
35	0.35	0.73	1.82	97.11
36	0.32	0.94	2.30	96.44
37	0.37	0.88	2.11	96.64
38	0.54	0.96	2.20	96.30
39	0.35	1.01	2.41	96.23
40	0.37	1.04	2.15	96.45
41	0.20	0.86	1.78	97.16
42	0.38	0.73	2.37	96.52
43	0.30	0.57	1.92	97.21
44	0.28	0.58	1.77	97.37
45	0.23	0.63	1.59	97.55
46	0.40	0.61	2.32	96.67
47	0.44	0.75	2.86	95.95
48	0.60	1.00	3.15	95.25
49	0.36	0.98	3.21	95.44
50	0.52	1.04	3.66	94.77
51	0.62	1.35	4.45	93.58
52	0.81	2.01	7.09	90.09
53	1.11	3.21	12.36	83.32
54	1.36	6.02	18.23	74.40
55	1.43	11.81	21.64	65.11
56	2.05	21.54	20.56	55.85
57	3.23	29.27	21.03	46.48
58	5.42	34.01	22.50	38.07
59	8.99	36.82	24.41	29.78
60	11.21	40.43	24.65	23.71
61	15.44	43.32	24.34	16.90
62	18.17	45.27	23.14	13.41
63	24.87	45.59	19.63	9.91
64	21.92	47.80	20.82	9.46
65	29.31	42.68	18.61	9.40
66	27.41	40.67	20.28	11.64
67	30.06	32.64	20.68	16.62
68	29.78	26.66	19.84	23.72
69	27.41	23.94	18.90	29.75
70	27.12	20.89	17.19	34.80
71	28.41	17.44	13.73	40.43
72	28.46	16.07	11.40	44.07
73	28.46	15.08	10.01	46.45
74	28.64	14.34	8.72	48.29
75	29.09	13.91	8.26	48.74
76	28.13	14.50	10.73	46.65
77	28.12	13.92	8.46	49.50
78	28.16	13.62	7.70	50.53
79	28.29	13.33	6.81	51.57
80	28.61	13.10	6.68	51.61
81	28.44	13.31	6.73	51.51
82	28.92	12.83	6.38	51.87
83	28.71	12.99	6.43	51.87
84	28.75	13.06	6.55	51.64
85	28.67	13.23	6.91	51.19
86	28.86	13.12	7.12	50.90
87	28.83	13.10	7.03	51.04
88	29.15	12.96	7.15	50.75
89	29.20	12.93	7.00	50.87
90	29.23	12.85	6.98	50.94
91	29.03	13.04	7.24	50.69
92	29.35	12.86	6.92	50.86
93	29.59	12.70	7.04	50.67
94	29.77	12.61	6.81	50.80
95	29.81	12.49	6.51	51.20
96	29.93	12.46	6.61	51.00
97	30.08	12.38	6.62	50.92
98	30.00	12.43	6.65	50.92
99	29.87	12.57	6.78	50.79
100	30.12	12.42	6.97	50.49
101	30.65	13.06	9.39	46.89




