Parameters
	Library type	Single-end
	Input file	jamie_no-index_L007_R1_0027.fastq
	Primer/Adaptor library	NA
	Cut-off read length for HQ	70%
	Cut-off quality score	20
	Only statistics	On
	Number of processes	2


QC statistics
	File name	jamie_no-index_L007_R1_0027.fastq
	Total number of reads	1403361
	Total number of HQ reads	516369
	Percentage of HQ reads	36.80%
	Total number of bases	141739461
	Total number of bases in HQ reads	52153269
	Total number of HQ bases in HQ reads	41954353
	Percentage of HQ bases in HQ reads	80.44%
	Number of Primer/Adaptor contaminated HQ reads	NA
	Total number of HQ filtered reads	516369
	Percentage of HQ filtered reads	36.80%


Detailed QC statistics
	File name	jamie_no-index_L007_R1_0027.fastq
	Minimum read length	101
	Maximum read length	101
	Average read length	101.00
	Total number of reads	1403361
	Total number of reads with non-ATGC bases	952
	Percentage of reads with non-ATGC bases	0.07%
	Total number of bases	141739461
	Total number of HQ bases	98011688
	Percentage of HQ bases	69.15%
	Total number of non-ATGC bases	4571
	Percentage of non-ATGC bases	0.00%


Average quality score at each base position of input reads

jamie_no-index_L007_R1_0027.fastq
32.45	32.76	32.55	36.21	36.45	35.06	35.14	35.01	36.06	36.40	36.16	36.43	36.50	38.72	38.29	37.56	37.80	37.73	38.35	38.52	37.75	37.86	37.98	37.26	37.76	37.45	37.89	37.49	38.09	37.19	37.71	37.48	37.53	37.90	37.76	37.01	37.44	37.31	36.93	37.13	37.12	36.98	37.04	37.42	37.72	38.17	38.25	38.41	38.40	38.42	38.42	37.98	36.28	35.82	34.69	30.71	26.93	23.89	21.61	20.29	19.18	19.19	15.72	16.16	15.07	15.32	15.43	16.04	15.26	15.15	14.91	15.72	16.34	16.64	16.79	16.15	16.52	16.46	16.54	16.51	17.00	16.48	16.73	16.42	16.44	16.67	16.89	16.52	16.52	16.57	16.42	16.56	16.58	16.40	16.24	16.38	16.41	16.43	16.33	16.07	15.22	




Read count (%) per base for different quality score ranges

	jamie_no-index_L007_R1_0027.fastq
Ranges	0-10	11-20	21-30	31-40
Base
1	0.02	0.68	6.99	92.31
2	0.00	0.30	2.98	96.72
3	0.01	0.68	5.20	94.11
4	0.00	1.04	2.33	96.62
5	0.00	0.80	1.49	97.70
6	0.11	3.26	4.82	91.81
7	0.06	3.85	4.24	91.85
8	0.06	2.99	2.98	93.96
9	0.02	1.83	2.27	95.87
10	0.01	0.72	1.56	97.71
11	0.10	1.86	1.69	96.35
12	0.03	0.88	1.57	97.52
13	0.03	0.78	1.26	97.94
14	0.03	0.73	1.36	97.88
15	0.07	1.40	2.45	96.07
16	0.10	2.55	3.51	93.84
17	0.09	2.16	3.14	94.61
18	0.36	2.78	2.72	94.14
19	0.07	1.58	2.09	96.26
20	0.09	1.25	1.49	97.16
21	0.54	2.16	3.36	93.94
22	0.15	2.94	2.08	94.83
23	0.08	1.88	3.10	94.93
24	0.26	2.73	4.18	92.84
25	0.30	2.09	2.72	94.90
26	0.34	2.50	3.40	93.75
27	0.37	1.70	2.51	95.42
28	0.56	1.86	3.35	94.23
29	0.26	1.21	1.98	96.56
30	1.77	2.73	2.93	92.57
31	0.46	2.01	3.53	94.00
32	0.87	1.94	3.40	93.78
33	0.84	1.67	3.26	94.22
34	0.49	1.09	3.30	95.12
35	0.76	1.18	2.68	95.38
36	1.77	1.82	4.07	92.35
37	1.26	1.52	3.51	93.71
38	1.45	1.84	3.85	92.87
39	2.07	2.03	4.17	91.74
40	1.30	1.83	4.10	92.78
41	1.22	1.57	4.36	92.86
42	1.49	1.80	4.13	92.59
43	1.67	1.69	4.15	92.49
44	1.22	1.47	3.81	93.50
45	0.88	1.15	3.32	94.64
46	0.34	0.64	2.36	96.65
47	0.69	0.64	1.89	96.78
48	0.46	0.55	1.86	97.14
49	0.57	0.56	1.99	96.88
50	0.30	0.51	2.24	96.96
51	0.27	0.43	1.88	97.42
52	0.65	0.62	2.27	96.47
53	0.63	0.89	3.40	95.08
54	0.56	0.90	4.69	93.86
55	0.75	1.65	8.19	89.40
56	2.21	8.91	20.94	67.94
57	3.45	22.37	25.07	49.11
58	8.01	28.69	27.91	35.39
59	13.96	29.51	30.34	26.18
60	16.67	32.60	29.31	21.41
61	19.09	35.40	27.75	17.75
62	18.37	36.44	27.69	17.50
63	32.67	37.78	19.38	10.16
64	24.26	46.38	21.55	7.81
65	31.57	41.99	20.38	6.06
66	30.33	42.64	20.27	6.76
67	30.06	42.82	19.68	7.43
68	26.18	44.34	21.48	8.00
69	31.54	41.46	19.99	7.01
70	34.23	39.47	17.79	8.51
71	35.70	39.65	15.98	8.67
72	31.13	41.67	17.08	10.13
73	31.05	37.97	18.55	12.43
74	30.36	37.58	18.54	13.53
75	28.78	39.22	18.31	13.70
76	31.84	37.75	18.46	11.95
77	33.15	33.89	18.86	14.10
78	30.11	39.36	17.42	13.10
79	32.88	35.48	16.80	14.84
80	32.38	36.46	16.62	14.54
81	25.76	43.55	16.68	14.00
82	33.71	35.17	15.81	15.31
83	31.45	36.75	16.50	15.30
84	31.72	38.03	16.19	14.07
85	30.28	39.61	16.72	13.38
86	31.53	36.46	17.23	14.78
87	29.29	38.42	17.52	14.78
88	32.26	36.59	16.34	14.81
89	32.97	35.38	16.72	14.93
90	32.07	36.17	17.18	14.58
91	32.63	36.15	17.03	14.19
92	31.86	36.16	17.78	14.21
93	34.49	32.76	16.97	15.78
94	34.84	33.90	15.69	15.58
95	35.38	34.40	14.80	15.42
96	35.37	33.51	15.13	15.98
97	33.37	36.00	15.68	14.96
98	34.03	35.07	15.36	15.54
99	34.34	35.85	14.05	15.76
100	36.43	34.32	13.77	15.49
101	42.06	31.28	12.26	14.40




