Parameters
	Library type	Single-end
	Input file	/Volumes/wdhd/users/joaks1/projects/gekgo/data/genomes/msg/plate1/raw/jamie_no-index_L007_R1_0005.fastq
	Primer/Adaptor library	NA
	Cut-off read length for HQ	70%
	Cut-off quality score	20
	Only statistics	On
	Number of processes	2


QC statistics
	File name	jamie_no-index_L007_R1_0005.fastq
	Total number of reads	4000000
	Total number of HQ reads	2077911
	Percentage of HQ reads	51.95%
	Total number of bases	404000000
	Total number of bases in HQ reads	209869011
	Total number of HQ bases in HQ reads	174214275
	Percentage of HQ bases in HQ reads	83.01%
	Number of Primer/Adaptor contaminated HQ reads	NA
	Total number of HQ filtered reads	2077911
	Percentage of HQ filtered reads	51.95%


Detailed QC statistics
	File name	jamie_no-index_L007_R1_0005.fastq
	Minimum read length	101
	Maximum read length	101
	Average read length	101.00
	Total number of reads	4000000
	Total number of reads with non-ATGC bases	1534
	Percentage of reads with non-ATGC bases	0.04%
	Total number of bases	404000000
	Total number of HQ bases	296507754
	Percentage of HQ bases	73.39%
	Total number of non-ATGC bases	6408
	Percentage of non-ATGC bases	0.00%


Average quality score at each base position of input reads

jamie_no-index_L007_R1_0005.fastq
32.39	32.69	32.47	36.19	36.39	34.43	34.73	34.68	36.18	35.92	36.42	36.46	36.39	38.47	38.21	38.12	38.21	38.43	38.48	38.59	38.27	38.34	38.30	37.96	38.05	37.87	37.92	37.59	37.91	37.66	37.84	37.63	37.72	37.90	37.31	37.37	37.52	37.63	37.35	37.50	37.52	37.40	37.67	37.82	37.67	37.64	37.75	37.80	37.68	37.49	37.15	35.89	33.59	31.99	30.64	28.53	26.03	23.85	22.52	21.01	19.76	18.58	18.51	17.65	17.46	17.75	16.87	16.74	16.88	16.74	17.53	17.95	18.31	18.33	18.64	18.68	19.04	19.04	19.07	19.17	19.20	19.17	19.67	19.63	19.48	19.56	19.86	19.80	20.03	20.07	20.04	19.82	19.84	19.85	20.05	20.04	20.02	19.90	19.84	19.77	18.65	




Read count (%) per base for different quality score ranges

	jamie_no-index_L007_R1_0005.fastq
Ranges	0-10	11-20	21-30	31-40
Base
1	0.00	0.89	7.25	91.85
2	0.00	0.46	3.67	95.86
3	0.00	0.92	5.88	93.19
4	0.00	1.29	2.39	96.32
5	0.01	0.94	1.73	97.32
6	0.09	3.57	5.64	90.70
7	0.03	4.03	5.14	90.80
8	0.02	1.32	4.41	94.25
9	0.03	1.05	2.00	96.93
10	0.03	1.30	2.70	95.97
11	0.03	0.70	1.69	97.57
12	0.03	0.73	1.57	97.67
13	0.03	0.95	1.66	97.35
14	0.03	0.85	1.64	97.49
15	0.05	1.01	1.53	97.42
16	0.03	1.14	1.73	97.10
17	0.04	1.11	1.66	97.19
18	0.08	0.86	1.68	97.38
19	0.08	0.76	1.60	97.57
20	0.03	0.62	1.45	97.90
21	0.14	0.78	1.84	97.24
22	0.04	0.68	1.59	97.70
23	0.06	0.77	1.54	97.62
24	0.14	1.32	2.24	96.29
25	0.15	1.10	1.96	96.79
26	0.20	1.44	2.26	96.10
27	0.27	1.19	2.08	96.46
28	0.42	1.41	2.24	95.92
29	0.23	1.01	1.97	96.79
30	0.66	1.43	2.42	95.49
31	0.40	1.04	2.18	96.37
32	0.58	1.08	2.33	96.01
33	0.56	1.18	2.34	95.91
34	0.51	1.00	2.26	96.23
35	0.98	1.26	2.60	95.16
36	0.77	1.38	2.97	94.88
37	0.87	1.09	2.74	95.30
38	0.96	1.08	2.61	95.35
39	1.03	1.47	3.11	94.39
40	0.91	1.11	2.79	95.19
41	0.59	1.04	2.87	95.50
42	0.81	1.01	3.22	94.96
43	0.73	0.86	2.58	95.83
44	0.75	0.88	2.62	95.75
45	0.62	0.94	2.91	95.53
46	0.57	0.83	2.89	95.71
47	0.58	0.90	2.79	95.73
48	0.64	0.92	2.99	95.45
49	0.74	1.03	3.33	94.91
50	0.82	1.34	3.77	94.08
51	0.94	1.63	4.43	93.01
52	1.34	2.49	7.79	88.38
53	1.86	4.98	11.64	81.52
54	2.26	9.05	14.04	74.65
55	2.28	13.22	15.40	69.10
56	2.90	19.18	19.25	58.67
57	4.29	28.01	20.96	46.74
58	7.68	32.09	23.30	36.93
59	10.62	32.45	26.33	30.60
60	14.60	34.94	24.82	25.63
61	17.25	37.45	24.35	20.95
62	19.11	40.69	23.91	16.29
63	19.20	40.67	24.42	15.71
64	21.68	41.89	23.37	13.07
65	21.66	43.03	23.09	12.22
66	20.82	42.32	23.98	12.88
67	25.18	41.70	21.77	11.35
68	25.29	42.51	21.20	11.00
69	24.99	42.31	21.17	11.53
70	28.65	38.27	20.49	12.59
71	26.80	36.52	21.57	15.11
72	27.07	34.28	21.37	17.28
73	27.40	32.22	21.20	19.18
74	29.20	30.24	20.12	20.44
75	29.78	28.65	18.88	22.69
76	25.31	33.25	21.27	20.18
77	25.33	31.51	21.13	22.03
78	27.20	30.23	18.89	23.68
79	27.82	29.84	17.99	24.36
80	26.78	30.68	18.32	24.22
81	26.55	30.72	18.50	24.23
82	29.94	26.98	16.91	26.17
83	26.78	28.91	17.12	27.19
84	26.74	28.45	18.25	26.55
85	28.43	27.19	17.56	26.82
86	29.48	26.01	16.15	28.36
87	28.42	26.14	16.04	29.40
88	29.55	25.08	15.55	29.81
89	29.26	24.68	14.94	31.12
90	29.99	24.00	14.11	31.89
91	29.91	24.12	14.30	31.67
92	31.02	24.04	13.49	31.46
93	31.29	23.94	12.87	31.90
94	32.05	23.00	12.55	32.39
95	31.41	22.78	12.68	33.13
96	31.84	22.66	11.92	33.58
97	31.52	23.07	12.10	33.32
98	32.61	22.32	11.82	33.25
99	32.57	22.69	11.79	32.96
100	32.79	22.64	11.90	32.67
101	36.33	23.39	10.98	29.30




