Parameters
	Library type	Single-end
	Input file	jamie_no-index_L007_R1_0011.fastq
	Primer/Adaptor library	NA
	Cut-off read length for HQ	70%
	Cut-off quality score	20
	Only statistics	On
	Number of processes	2


QC statistics
	File name	jamie_no-index_L007_R1_0011.fastq
	Total number of reads	4000000
	Total number of HQ reads	2327554
	Percentage of HQ reads	58.19%
	Total number of bases	404000000
	Total number of bases in HQ reads	235082954
	Total number of HQ bases in HQ reads	211925195
	Percentage of HQ bases in HQ reads	90.15%
	Number of Primer/Adaptor contaminated HQ reads	NA
	Total number of HQ filtered reads	2327554
	Percentage of HQ filtered reads	58.19%


Detailed QC statistics
	File name	jamie_no-index_L007_R1_0011.fastq
	Minimum read length	101
	Maximum read length	101
	Average read length	101.00
	Total number of reads	4000000
	Total number of reads with non-ATGC bases	2478
	Percentage of reads with non-ATGC bases	0.06%
	Total number of bases	404000000
	Total number of HQ bases	315799512
	Percentage of HQ bases	78.17%
	Total number of non-ATGC bases	10526
	Percentage of non-ATGC bases	0.00%


Average quality score at each base position of input reads

jamie_no-index_L007_R1_0011.fastq
32.25	32.63	32.38	36.14	36.16	33.95	34.34	34.14	35.98	35.59	36.30	36.39	36.39	38.41	38.27	38.32	38.58	38.80	38.58	38.55	38.57	38.28	38.47	38.13	38.09	38.04	38.26	37.73	37.91	37.97	38.20	38.08	38.12	38.31	37.66	37.52	37.70	37.74	37.68	37.73	37.97	37.76	37.98	38.12	38.20	37.55	37.62	37.59	37.57	37.31	37.00	35.81	33.56	31.80	29.81	27.74	26.06	24.38	22.41	21.15	19.07	17.87	17.17	17.17	16.05	17.01	17.55	19.06	20.25	21.46	22.55	23.06	23.41	23.71	23.74	23.04	23.46	23.77	24.02	24.11	24.08	24.07	24.12	23.96	23.91	23.91	23.91	23.89	23.85	23.83	23.73	23.70	23.66	23.66	23.74	23.73	23.63	23.61	23.56	23.56	22.84	




Read count (%) per base for different quality score ranges

	jamie_no-index_L007_R1_0011.fastq
Ranges	0-10	11-20	21-30	31-40
Base
1	0.00	1.68	7.22	91.09
2	0.00	0.73	3.81	95.46
3	0.00	1.28	6.32	92.41
4	0.01	1.76	2.00	96.23
5	0.00	1.94	2.05	96.01
6	0.07	5.03	6.21	88.69
7	0.03	5.39	5.43	89.15
8	0.04	2.53	5.21	92.22
9	0.02	1.80	2.16	96.02
10	0.02	1.91	3.19	94.89
11	0.02	1.19	1.79	97.00
12	0.02	1.13	1.57	97.28
13	0.01	1.09	1.59	97.31
14	0.01	1.19	1.92	96.87
15	0.01	0.78	1.24	97.97
16	0.01	0.74	1.24	98.00
17	0.01	0.62	0.93	98.44
18	0.02	0.38	0.93	98.67
19	0.06	0.60	1.26	98.08
20	0.04	0.82	1.26	97.88
21	0.04	0.70	1.14	98.12
22	0.04	0.86	1.49	97.60
23	0.02	0.63	1.15	98.20
24	0.08	0.99	1.81	97.12
25	0.09	0.98	1.71	97.22
26	0.10	1.20	1.72	96.98
27	0.10	1.01	1.37	97.52
28	0.22	1.06	1.75	96.97
29	0.21	0.96	1.63	97.19
30	0.24	0.88	1.68	97.20
31	0.12	0.83	1.40	97.64
32	0.29	0.73	1.77	97.21
33	0.30	0.81	1.63	97.26
34	0.18	0.84	1.31	97.67
35	0.34	0.84	1.87	96.95
36	0.44	1.01	2.57	95.98
37	0.41	0.93	2.24	96.43
38	0.55	0.99	2.23	96.23
39	0.38	1.12	2.43	96.07
40	0.51	0.95	2.22	96.32
41	0.21	0.90	1.85	97.04
42	0.43	0.75	2.43	96.40
43	0.42	0.65	1.83	97.10
44	0.41	0.62	1.76	97.21
45	0.24	0.72	1.76	97.28
46	0.58	0.76	2.89	95.78
47	0.51	0.79	2.82	95.88
48	0.48	0.91	3.01	95.60
49	0.48	0.92	3.14	95.47
50	0.56	1.16	3.93	94.34
51	0.55	1.44	4.58	93.42
52	0.83	2.07	7.66	89.44
53	1.23	3.54	13.85	81.39
54	1.55	7.10	18.78	72.57
55	1.68	13.19	22.00	63.14
56	2.27	22.89	20.63	54.21
57	3.28	29.70	20.37	46.65
58	4.85	34.22	22.40	38.52
59	8.38	37.05	25.13	29.44
60	10.27	40.57	24.78	24.39
61	15.78	43.17	23.96	17.09
62	18.50	45.44	23.29	12.76
63	21.17	45.61	22.39	10.83
64	20.96	45.77	22.66	10.61
65	29.09	41.31	19.83	9.77
66	25.97	39.87	22.09	12.08
67	30.42	31.50	21.42	16.67
68	27.18	28.69	21.85	22.28
69	27.86	23.25	19.86	29.02
70	28.64	18.55	16.56	36.25
71	28.04	16.68	12.82	42.46
72	27.53	16.27	11.18	45.02
73	28.04	15.05	9.60	47.31
74	28.32	14.10	8.40	49.18
75	28.58	13.93	7.90	49.59
76	27.22	15.19	11.80	45.79
77	26.98	14.94	9.36	48.72
78	27.15	14.42	8.37	50.06
79	27.16	14.10	7.59	51.14
80	27.36	13.84	7.20	51.60
81	27.58	13.68	7.13	51.61
82	27.67	13.60	7.05	51.68
83	27.72	13.47	6.66	52.15
84	27.87	13.64	6.94	51.55
85	27.88	13.71	7.18	51.23
86	27.98	13.46	7.23	51.33
87	28.05	13.38	6.92	51.65
88	28.13	13.33	6.84	51.70
89	28.39	13.23	6.80	51.59
90	28.33	13.28	6.95	51.43
91	28.39	13.37	7.20	51.04
92	28.71	13.08	7.17	51.05
93	28.69	13.22	7.22	50.87
94	28.90	12.99	7.02	51.08
95	28.79	12.94	6.80	51.46
96	28.78	12.89	6.89	51.44
97	29.07	12.80	7.13	51.00
98	29.02	12.92	7.05	51.01
99	29.17	12.82	7.17	50.85
100	29.23	12.86	7.00	50.92
101	29.80	13.43	9.61	47.17




