Parameters
	Library type	Single-end
	Input file	jamie_no-index_L007_R1_0022.fastq
	Primer/Adaptor library	NA
	Cut-off read length for HQ	70%
	Cut-off quality score	20
	Only statistics	On
	Number of processes	2


QC statistics
	File name	jamie_no-index_L007_R1_0022.fastq
	Total number of reads	4000000
	Total number of HQ reads	1907875
	Percentage of HQ reads	47.70%
	Total number of bases	404000000
	Total number of bases in HQ reads	192695375
	Total number of HQ bases in HQ reads	165974840
	Percentage of HQ bases in HQ reads	86.13%
	Number of Primer/Adaptor contaminated HQ reads	NA
	Total number of HQ filtered reads	1907875
	Percentage of HQ filtered reads	47.70%


Detailed QC statistics
	File name	jamie_no-index_L007_R1_0022.fastq
	Minimum read length	101
	Maximum read length	101
	Average read length	101.00
	Total number of reads	4000000
	Total number of reads with non-ATGC bases	5820
	Percentage of reads with non-ATGC bases	0.15%
	Total number of bases	404000000
	Total number of HQ bases	297340104
	Percentage of HQ bases	73.60%
	Total number of non-ATGC bases	19585
	Percentage of non-ATGC bases	0.00%


Average quality score at each base position of input reads

jamie_no-index_L007_R1_0022.fastq
32.32	32.72	32.43	36.06	36.28	34.56	34.93	35.29	36.23	36.26	36.53	36.54	36.50	38.68	38.42	38.22	38.17	38.41	38.52	38.62	38.52	38.47	38.54	38.22	38.20	38.06	38.18	37.57	38.03	37.96	37.99	37.76	37.86	38.22	37.62	37.51	37.73	37.80	37.58	37.69	37.96	37.67	37.66	37.80	37.94	37.90	37.94	37.93	37.96	37.80	37.63	37.12	35.27	34.25	32.72	29.63	26.05	23.85	21.72	20.08	18.97	17.77	16.38	16.75	15.65	15.98	15.81	16.78	17.39	17.97	18.53	19.11	19.53	19.75	19.82	19.47	19.93	20.29	20.24	20.04	20.27	19.76	19.97	19.90	19.95	19.84	20.10	20.01	19.88	19.94	19.88	19.76	19.90	19.88	20.02	20.00	19.97	19.83	19.73	19.60	18.69	




Read count (%) per base for different quality score ranges

	jamie_no-index_L007_R1_0022.fastq
Ranges	0-10	11-20	21-30	31-40
Base
1	0.02	1.03	7.97	90.99
2	0.00	0.34	3.48	96.18
3	0.00	0.97	6.29	92.74
4	0.00	1.63	2.79	95.58
5	0.05	1.17	1.97	96.82
6	0.12	4.33	5.17	90.39
7	0.05	4.51	4.50	90.95
8	0.02	1.43	3.07	95.48
9	0.03	1.17	1.90	96.90
10	0.02	0.94	1.98	97.07
11	0.02	0.57	1.38	98.03
12	0.03	0.60	1.39	97.99
13	0.03	0.65	1.43	97.88
14	0.03	0.74	1.51	97.73
15	0.06	1.01	1.54	97.40
16	0.04	1.16	1.91	96.90
17	0.05	1.29	2.01	96.65
18	0.09	0.92	1.75	97.24
19	0.06	0.65	1.47	97.82
20	0.05	0.83	1.37	97.74
21	0.09	0.78	1.67	97.46
22	0.05	0.67	1.51	97.77
23	0.05	0.68	1.38	97.88
24	0.13	1.08	2.00	96.79
25	0.17	1.21	1.93	96.69
26	0.22	1.44	2.23	96.11
27	0.26	1.11	1.76	96.86
28	0.53	1.53	2.59	95.35
29	0.21	0.97	1.82	96.99
30	0.47	1.14	2.19	96.20
31	0.50	0.95	1.84	96.71
32	0.64	1.19	2.48	95.69
33	0.57	1.04	2.34	96.05
34	0.46	0.82	1.70	97.01
35	0.86	1.09	2.16	95.89
36	0.94	1.16	2.69	95.20
37	0.87	1.01	2.34	95.78
38	1.11	1.02	2.24	95.63
39	0.96	1.26	3.11	94.67
40	0.90	1.05	2.74	95.31
41	0.60	0.84	2.24	96.33
42	0.88	0.94	2.87	95.31
43	0.97	1.12	2.82	95.09
44	0.89	1.09	2.75	95.27
45	0.49	0.88	2.66	95.97
46	0.45	0.66	2.56	96.33
47	0.60	0.80	2.53	96.07
48	0.77	0.89	2.56	95.78
49	0.67	0.84	2.73	95.76
50	0.67	1.04	3.24	95.05
51	0.71	1.06	3.47	94.75
52	0.99	1.26	4.33	93.42
53	1.15	2.09	6.37	90.39
54	1.53	2.93	9.31	86.23
55	1.56	5.14	14.30	79.00
56	2.42	13.15	21.98	62.45
57	4.52	26.19	23.43	45.87
58	7.40	30.51	26.68	35.41
59	13.06	31.85	27.90	27.19
60	16.23	35.56	27.30	20.91
61	18.22	38.44	26.66	16.68
62	21.67	40.80	24.21	13.31
63	26.52	42.43	21.15	9.90
64	22.06	45.98	22.89	9.08
65	29.21	42.73	20.14	7.92
66	27.86	42.80	20.68	8.67
67	32.05	38.10	20.01	9.84
68	28.88	37.33	21.14	12.65
69	29.63	33.37	21.25	15.75
70	31.50	29.32	18.93	20.25
71	30.95	28.74	16.96	23.35
72	29.36	28.64	16.43	25.57
73	30.01	26.33	15.61	28.05
74	30.41	25.52	14.30	29.77
75	30.39	25.34	14.15	30.12
76	30.07	25.79	15.91	28.23
77	29.76	24.64	14.73	30.87
78	29.26	24.30	14.16	32.28
79	30.49	23.99	12.52	32.99
80	31.97	23.10	12.12	32.81
81	25.76	30.68	12.48	31.08
82	31.63	24.86	12.10	31.42
83	30.32	25.67	12.12	31.89
84	30.49	25.87	11.69	31.95
85	30.80	25.40	11.34	32.46
86	32.48	23.96	10.68	32.88
87	30.31	25.14	11.74	32.81
88	30.22	25.24	12.39	32.16
89	31.66	23.93	12.04	32.37
90	31.49	24.01	11.77	32.72
91	31.69	24.00	11.78	32.52
92	32.92	23.14	11.23	32.71
93	32.06	23.57	11.32	33.04
94	32.79	22.51	11.56	33.14
95	32.55	22.36	11.20	33.89
96	32.73	22.34	10.91	34.02
97	32.53	22.71	10.95	33.81
98	33.13	22.53	11.00	33.33
99	33.84	22.25	10.64	33.27
100	34.67	21.76	10.36	33.21
101	37.56	21.71	10.59	30.15




