Parameters
	Library type	Single-end
	Input file	jamie_no-index_L007_R1_0013.fastq
	Primer/Adaptor library	NA
	Cut-off read length for HQ	70%
	Cut-off quality score	20
	Only statistics	On
	Number of processes	2


QC statistics
	File name	jamie_no-index_L007_R1_0013.fastq
	Total number of reads	4000000
	Total number of HQ reads	2196669
	Percentage of HQ reads	54.92%
	Total number of bases	404000000
	Total number of bases in HQ reads	221863569
	Total number of HQ bases in HQ reads	199397064
	Percentage of HQ bases in HQ reads	89.87%
	Number of Primer/Adaptor contaminated HQ reads	NA
	Total number of HQ filtered reads	2196669
	Percentage of HQ filtered reads	54.92%


Detailed QC statistics
	File name	jamie_no-index_L007_R1_0013.fastq
	Minimum read length	101
	Maximum read length	101
	Average read length	101.00
	Total number of reads	4000000
	Total number of reads with non-ATGC bases	2843
	Percentage of reads with non-ATGC bases	0.07%
	Total number of bases	404000000
	Total number of HQ bases	311117654
	Percentage of HQ bases	77.01%
	Total number of non-ATGC bases	11218
	Percentage of non-ATGC bases	0.00%


Average quality score at each base position of input reads

jamie_no-index_L007_R1_0013.fastq
32.27	32.66	32.34	36.01	36.24	34.15	34.40	34.27	36.09	36.11	36.48	36.49	36.44	38.55	38.50	38.45	38.78	38.98	38.77	38.71	38.83	38.55	38.73	38.38	38.41	38.25	38.61	38.08	38.20	38.23	38.50	38.29	38.28	38.61	37.96	37.82	38.10	38.06	37.91	38.02	38.31	37.94	38.04	38.28	38.47	38.01	37.98	37.98	37.95	37.73	37.57	36.91	35.29	34.25	32.54	29.52	26.74	24.36	21.79	20.26	17.98	16.56	16.03	15.94	15.92	17.09	17.61	18.84	19.62	20.48	21.17	21.71	22.04	22.22	22.26	21.75	22.09	22.31	22.51	22.58	22.45	22.48	22.58	22.52	22.39	22.38	22.43	22.51	22.44	22.44	22.43	22.39	22.41	22.34	22.38	22.41	22.31	22.26	22.30	22.30	21.59	




Read count (%) per base for different quality score ranges

	jamie_no-index_L007_R1_0013.fastq
Ranges	0-10	11-20	21-30	31-40
Base
1	0.01	1.25	8.21	90.53
2	0.00	0.46	4.05	95.49
3	0.00	1.32	6.81	91.87
4	0.02	1.84	2.84	95.30
5	0.00	1.34	2.18	96.48
6	0.14	4.80	5.88	89.18
7	0.06	5.52	5.49	88.94
8	0.03	1.92	5.06	93.00
9	0.02	1.28	2.20	96.50
10	0.01	0.87	2.33	96.78
11	0.03	0.59	1.51	97.88
12	0.03	0.69	1.52	97.76
13	0.03	0.79	1.62	97.56
14	0.03	0.74	1.67	97.57
15	0.02	0.52	1.29	98.17
16	0.03	0.73	1.31	97.93
17	0.01	0.51	0.92	98.55
18	0.02	0.32	0.87	98.79
19	0.08	0.57	1.20	98.15
20	0.06	0.66	1.23	98.06
21	0.03	0.41	1.02	98.54
22	0.04	0.55	1.50	97.91
23	0.02	0.42	1.00	98.57
24	0.11	0.91	1.67	97.31
25	0.10	0.77	1.56	97.57
26	0.12	0.98	1.87	97.03
27	0.06	0.61	1.16	98.18
28	0.29	0.98	1.57	97.16
29	0.21	0.80	1.60	97.40
30	0.26	0.66	1.59	97.49
31	0.14	0.51	1.20	98.14
32	0.29	0.60	1.76	97.34
33	0.32	0.70	1.70	97.28
34	0.12	0.55	1.19	98.14
35	0.43	0.70	1.56	97.31
36	0.57	0.88	2.18	96.37
37	0.36	0.65	1.88	97.11
38	0.59	0.78	2.09	96.54
39	0.58	0.88	2.42	96.13
40	0.46	0.73	2.14	96.67
41	0.21	0.57	1.63	97.60
42	0.57	0.69	2.37	96.37
43	0.53	0.71	2.19	96.57
44	0.35	0.56	1.95	97.15
45	0.21	0.46	1.54	97.79
46	0.50	0.59	2.28	96.63
47	0.52	0.69	2.41	96.38
48	0.50	0.74	2.54	96.22
49	0.43	0.74	2.81	96.02
50	0.55	0.99	3.38	95.07
51	0.59	1.02	3.46	94.93
52	0.99	1.42	4.58	93.01
53	0.94	1.78	6.92	90.37
54	1.10	2.66	10.34	85.89
55	1.44	4.61	16.78	77.17
56	2.37	13.20	22.49	61.94
57	3.39	24.59	23.12	48.90
58	5.71	31.37	25.22	37.71
59	10.83	34.91	27.68	26.58
60	13.42	38.90	27.09	20.59
61	20.25	41.82	24.30	13.63
62	24.68	44.12	21.30	9.89
63	27.25	44.03	19.71	9.01
64	27.38	44.21	19.86	8.55
65	31.38	38.63	19.95	10.04
66	27.13	37.84	22.09	12.94
67	31.03	30.53	21.06	17.38
68	27.13	30.18	21.26	21.43
69	28.84	25.35	19.19	26.63
70	29.01	22.49	16.79	31.70
71	29.58	20.06	14.36	36.00
72	29.34	18.87	12.94	38.84
73	29.74	17.71	11.55	41.00
74	29.33	17.84	10.96	41.88
75	30.20	16.82	10.35	42.63
76	28.04	18.92	14.04	39.00
77	27.94	18.43	12.16	41.47
78	28.17	18.02	11.21	42.60
79	28.83	16.95	10.28	43.94
80	28.68	17.00	10.24	44.08
81	28.80	17.36	10.46	43.38
82	29.35	16.68	9.93	44.04
83	28.99	16.78	9.71	44.51
84	28.95	16.82	9.91	44.32
85	28.95	17.15	10.36	43.54
86	29.48	16.56	10.15	43.81
87	29.61	16.12	9.92	44.34
88	29.39	16.20	9.57	44.84
89	29.62	16.17	9.61	44.60
90	29.97	15.85	9.37	44.82
91	29.85	15.99	9.26	44.90
92	29.97	15.94	9.46	44.63
93	30.36	15.36	9.24	45.05
94	30.55	15.38	9.19	44.87
95	30.54	15.27	9.17	45.03
96	30.71	15.12	8.68	45.50
97	30.55	15.55	9.12	44.78
98	30.81	15.29	9.23	44.66
99	30.79	15.17	9.09	44.95
100	31.11	14.82	8.93	45.14
101	31.72	15.82	10.89	41.58




