Parameters
	Library type	Single-end
	Input file	jamie_no-index_L007_R1_0024.fastq
	Primer/Adaptor library	NA
	Cut-off read length for HQ	70%
	Cut-off quality score	20
	Only statistics	On
	Number of processes	2


QC statistics
	File name	jamie_no-index_L007_R1_0024.fastq
	Total number of reads	4000000
	Total number of HQ reads	2306426
	Percentage of HQ reads	57.66%
	Total number of bases	404000000
	Total number of bases in HQ reads	232949026
	Total number of HQ bases in HQ reads	208013416
	Percentage of HQ bases in HQ reads	89.30%
	Number of Primer/Adaptor contaminated HQ reads	NA
	Total number of HQ filtered reads	2306426
	Percentage of HQ filtered reads	57.66%


Detailed QC statistics
	File name	jamie_no-index_L007_R1_0024.fastq
	Minimum read length	101
	Maximum read length	101
	Average read length	101.00
	Total number of reads	4000000
	Total number of reads with non-ATGC bases	2747
	Percentage of reads with non-ATGC bases	0.07%
	Total number of bases	404000000
	Total number of HQ bases	313755879
	Percentage of HQ bases	77.66%
	Total number of non-ATGC bases	11171
	Percentage of non-ATGC bases	0.00%


Average quality score at each base position of input reads

jamie_no-index_L007_R1_0024.fastq
32.19	32.58	32.44	36.21	36.27	34.35	34.78	35.02	36.07	35.91	36.44	36.51	36.47	38.56	38.27	38.26	38.49	38.72	38.51	38.57	38.58	38.33	38.51	38.18	38.16	37.97	38.25	37.84	37.91	37.96	38.19	38.09	38.11	38.33	37.66	37.57	37.71	37.76	37.66	37.59	37.94	37.73	37.94	38.08	38.11	37.60	37.55	37.51	37.50	37.13	36.99	35.64	33.23	31.53	29.57	27.45	25.94	24.38	22.65	21.39	19.90	18.52	17.19	17.16	15.59	16.18	16.51	17.96	19.23	20.44	21.62	22.47	23.04	23.45	23.53	23.05	23.44	23.43	23.52	23.65	23.68	23.79	23.84	23.80	23.76	23.71	23.73	23.72	23.66	23.65	23.63	23.65	23.61	23.53	23.55	23.57	23.52	23.45	23.42	23.38	22.67	




Read count (%) per base for different quality score ranges

	jamie_no-index_L007_R1_0024.fastq
Ranges	0-10	11-20	21-30	31-40
Base
1	0.00	2.17	6.86	90.97
2	0.00	1.06	3.59	95.34
3	0.01	1.08	5.85	93.07
4	0.00	1.56	1.80	96.63
5	0.00	1.65	1.67	96.67
6	0.05	4.15	5.58	90.22
7	0.03	4.61	4.58	90.77
8	0.03	2.25	3.48	94.24
9	0.02	1.76	2.06	96.16
10	0.02	1.45	2.59	95.94
11	0.02	0.83	1.42	97.73
12	0.01	0.84	1.28	97.86
13	0.02	0.93	1.44	97.61
14	0.01	0.95	1.45	97.59
15	0.02	0.84	1.21	97.94
16	0.02	1.08	1.11	97.80
17	0.01	0.96	0.97	98.05
18	0.02	0.63	1.02	98.33
19	0.06	0.73	1.48	97.73
20	0.03	0.80	1.12	98.05
21	0.04	0.77	1.01	98.18
22	0.03	0.77	1.47	97.73
23	0.02	0.62	1.00	98.36
24	0.05	0.86	1.82	97.26
25	0.06	0.99	1.57	97.38
26	0.12	1.51	1.83	96.54
27	0.07	0.99	1.44	97.50
28	0.22	0.98	1.64	97.17
29	0.20	0.97	1.69	97.15
30	0.23	1.00	1.57	97.20
31	0.16	0.95	1.26	97.63
32	0.26	0.83	1.69	97.22
33	0.29	0.86	1.59	97.25
34	0.18	0.87	1.21	97.73
35	0.37	0.89	1.87	96.87
36	0.43	1.13	2.31	96.13
37	0.36	1.02	2.33	96.29
38	0.45	1.18	2.34	96.03
39	0.42	1.29	2.40	95.89
40	0.51	1.20	2.46	95.84
41	0.32	0.97	1.81	96.90
42	0.45	0.88	2.48	96.20
43	0.35	0.70	2.01	96.94
44	0.39	0.73	1.86	97.02
45	0.28	0.86	1.81	97.05
46	0.55	0.78	2.63	96.04
47	0.51	0.85	3.00	95.65
48	0.48	1.01	3.18	95.32
49	0.44	0.99	3.36	95.21
50	0.68	1.39	4.19	93.74
51	0.52	1.35	4.67	93.47
52	0.86	2.14	8.42	88.58
53	1.09	4.34	15.12	79.45
54	1.35	7.96	19.93	70.77
55	1.66	14.74	21.54	62.05
56	2.52	24.75	19.59	53.14
57	3.41	30.71	19.51	46.38
58	5.10	34.60	21.30	39.00
59	8.12	37.13	23.77	30.98
60	10.34	40.13	23.50	26.04
61	13.29	42.85	23.84	20.03
62	16.52	45.23	23.25	15.00
63	20.27	47.11	21.86	10.76
64	19.40	48.40	22.10	10.10
65	28.22	45.75	18.18	7.85
66	26.44	44.57	19.67	9.33
67	30.59	36.95	20.14	12.32
68	27.60	33.10	22.19	17.11
69	28.37	26.14	21.96	23.54
70	27.92	22.16	20.12	29.81
71	28.95	17.79	15.72	37.54
72	28.08	17.02	12.68	42.22
73	28.56	15.22	10.55	45.67
74	28.74	14.32	8.65	48.29
75	29.08	13.89	8.25	48.79
76	28.37	14.37	10.36	46.90
77	28.06	14.23	8.53	49.18
78	25.88	17.80	8.79	47.53
79	28.44	14.96	7.31	49.29
80	28.47	14.63	6.98	49.92
81	28.56	14.10	7.42	49.93
82	28.73	13.43	7.15	50.70
83	28.79	13.21	6.72	51.27
84	28.98	13.02	6.59	51.42
85	29.08	12.92	6.77	51.23
86	29.16	12.87	6.95	51.02
87	29.20	12.73	6.74	51.33
88	29.32	12.66	6.44	51.58
89	29.36	12.76	6.67	51.21
90	29.44	12.65	6.76	51.15
91	29.50	12.55	6.74	51.20
92	29.55	12.33	6.71	51.41
93	29.61	12.37	6.78	51.23
94	29.92	12.25	6.88	50.94
95	30.06	12.21	6.37	51.36
96	30.02	12.20	6.30	51.48
97	29.98	12.29	6.67	51.06
98	30.35	12.10	6.58	50.97
99	30.15	12.37	6.78	50.70
100	30.24	12.34	6.80	50.61
101	30.74	12.99	9.19	47.08




