Parameters
	Library type	Single-end
	Input file	/Volumes/wdhd/users/joaks1/projects/gekgo/data/genomes/msg/plate1/raw/jamie_no-index_L007_R1_0020.fastq
	Primer/Adaptor library	NA
	Cut-off read length for HQ	70%
	Cut-off quality score	20
	Only statistics	On
	Number of processes	2


QC statistics
	File name	jamie_no-index_L007_R1_0020.fastq
	Total number of reads	4000000
	Total number of HQ reads	2265412
	Percentage of HQ reads	56.64%
	Total number of bases	404000000
	Total number of bases in HQ reads	228806612
	Total number of HQ bases in HQ reads	203426750
	Percentage of HQ bases in HQ reads	88.91%
	Number of Primer/Adaptor contaminated HQ reads	NA
	Total number of HQ filtered reads	2265412
	Percentage of HQ filtered reads	56.64%


Detailed QC statistics
	File name	jamie_no-index_L007_R1_0020.fastq
	Minimum read length	101
	Maximum read length	101
	Average read length	101.00
	Total number of reads	4000000
	Total number of reads with non-ATGC bases	5825
	Percentage of reads with non-ATGC bases	0.15%
	Total number of bases	404000000
	Total number of HQ bases	311174057
	Percentage of HQ bases	77.02%
	Total number of non-ATGC bases	23163
	Percentage of non-ATGC bases	0.01%


Average quality score at each base position of input reads

jamie_no-index_L007_R1_0020.fastq
32.25	32.62	32.44	36.20	36.16	34.42	34.70	34.85	35.95	35.77	36.31	36.40	36.40	38.50	38.13	38.19	38.45	38.65	38.44	38.47	38.52	38.13	38.38	37.99	37.85	37.73	38.07	37.62	37.70	37.69	38.00	37.85	37.88	38.11	37.39	37.33	37.31	37.29	37.30	37.38	37.70	37.50	37.59	37.84	37.93	37.34	37.32	37.24	37.21	36.95	36.79	35.53	33.27	31.55	29.51	27.72	25.80	24.27	22.83	20.91	19.74	18.14	17.35	16.90	15.83	16.19	16.31	17.45	18.68	19.80	20.99	21.93	22.63	23.12	23.24	22.74	23.04	23.21	23.34	23.49	23.46	23.57	23.66	23.55	23.44	23.40	23.40	23.41	23.38	23.38	23.36	23.22	23.17	23.21	23.30	23.22	23.14	23.13	23.10	23.01	22.26	




Read count (%) per base for different quality score ranges

	jamie_no-index_L007_R1_0020.fastq
Ranges	0-10	11-20	21-30	31-40
Base
1	0.01	1.85	6.71	91.44
2	0.00	0.88	3.59	95.53
3	0.00	1.09	5.90	93.01
4	0.00	1.58	1.88	96.54
5	0.05	2.01	1.83	96.11
6	0.06	4.73	4.83	90.39
7	0.05	5.47	4.02	90.46
8	0.02	3.23	3.29	93.46
9	0.02	2.32	2.09	95.56
10	0.02	2.34	2.55	95.08
11	0.02	1.36	1.55	97.07
12	0.01	1.27	1.44	97.28
13	0.02	1.14	1.61	97.23
14	0.01	1.12	1.57	97.30
15	0.02	1.24	1.33	97.41
16	0.02	1.27	1.26	97.45
17	0.02	1.19	0.95	97.83
18	0.07	0.91	1.02	98.00
19	0.08	1.12	1.48	97.32
20	0.03	1.09	1.21	97.67
21	0.06	0.90	1.20	97.84
22	0.07	1.32	1.76	96.85
23	0.02	0.92	1.20	97.86
24	0.07	1.29	2.08	96.56
25	0.16	1.73	1.99	96.12
26	0.18	1.98	2.11	95.73
27	0.13	1.65	1.54	96.67
28	0.25	1.53	2.04	96.18
29	0.24	1.47	1.96	96.33
30	0.38	1.46	2.08	96.08
31	0.24	1.33	1.53	96.89
32	0.44	1.20	1.96	96.40
33	0.39	1.22	1.92	96.48
34	0.32	1.25	1.49	96.95
35	0.57	1.42	2.27	95.74
36	0.62	1.50	2.64	95.24
37	0.83	1.70	2.66	94.81
38	1.05	1.73	2.77	94.45
39	0.66	1.86	2.96	94.52
40	0.74	1.66	2.61	94.99
41	0.38	1.49	2.12	96.01
42	0.62	1.26	2.69	95.43
43	0.67	1.23	2.47	95.62
44	0.62	1.17	2.06	96.15
45	0.34	1.26	2.00	96.41
46	0.71	1.30	3.04	94.94
47	0.75	1.22	3.32	94.71
48	0.88	1.48	3.41	94.23
49	0.72	1.57	3.80	93.91
50	0.85	1.74	4.46	92.96
51	0.77	1.79	4.93	92.52
52	1.21	2.62	8.10	88.07
53	1.83	4.38	13.31	80.48
54	1.76	7.87	19.02	71.35
55	2.07	14.46	21.42	62.05
56	2.57	23.39	19.52	54.53
57	3.81	30.39	20.09	45.70
58	5.60	34.20	21.56	38.64
59	8.43	36.16	23.29	32.13
60	11.74	39.93	24.34	23.98
61	14.04	42.23	24.40	19.33
62	18.07	45.08	22.91	13.94
63	19.57	47.27	22.07	11.09
64	21.11	47.78	21.08	10.02
65	26.53	46.51	18.95	8.01
66	26.31	44.71	19.70	9.28
67	30.36	38.21	20.14	11.29
68	29.76	32.81	21.56	15.87
69	27.42	29.72	22.63	20.23
70	27.68	24.75	21.37	26.20
71	28.78	19.58	17.85	33.79
72	28.76	17.76	13.66	39.82
73	28.96	15.90	11.23	43.91
74	28.64	15.28	9.53	46.56
75	29.60	14.07	8.55	47.78
76	28.56	14.87	11.41	45.15
77	28.68	14.53	9.34	47.45
78	26.94	17.26	8.59	47.21
79	28.93	14.86	7.49	48.73
80	28.98	14.54	6.95	49.53
81	29.05	14.22	7.51	49.21
82	29.19	13.58	7.39	49.84
83	29.10	13.28	7.24	50.38
84	29.29	13.30	7.14	50.27
85	29.34	13.54	7.46	49.65
86	29.50	13.32	7.54	49.64
87	29.54	13.27	7.35	49.84
88	29.63	13.04	7.30	50.02
89	29.74	13.02	7.34	49.90
90	29.90	12.77	7.35	49.99
91	28.55	14.51	7.60	49.33
92	30.01	13.12	7.51	49.37
93	30.15	13.26	7.42	49.17
94	30.25	12.97	7.29	49.49
95	30.29	12.80	6.58	50.32
96	30.56	12.70	6.85	49.88
97	30.79	12.57	6.97	49.68
98	30.59	12.82	7.12	49.47
99	30.74	12.68	7.19	49.38
100	30.86	12.74	7.27	49.13
101	31.45	13.66	9.77	45.13




