Parameters
	Library type	Single-end
	Input file	/Volumes/wdhd/users/joaks1/projects/gekgo/data/genomes/msg/plate1/raw/jamie_no-index_L007_R1_0006.fastq
	Primer/Adaptor library	NA
	Cut-off read length for HQ	70%
	Cut-off quality score	20
	Only statistics	On
	Number of processes	2


QC statistics
	File name	jamie_no-index_L007_R1_0006.fastq
	Total number of reads	4000000
	Total number of HQ reads	2270731
	Percentage of HQ reads	56.77%
	Total number of bases	404000000
	Total number of bases in HQ reads	229343831
	Total number of HQ bases in HQ reads	202290335
	Percentage of HQ bases in HQ reads	88.20%
	Number of Primer/Adaptor contaminated HQ reads	NA
	Total number of HQ filtered reads	2270731
	Percentage of HQ filtered reads	56.77%


Detailed QC statistics
	File name	jamie_no-index_L007_R1_0006.fastq
	Minimum read length	101
	Maximum read length	101
	Average read length	101.00
	Total number of reads	4000000
	Total number of reads with non-ATGC bases	1841
	Percentage of reads with non-ATGC bases	0.05%
	Total number of bases	404000000
	Total number of HQ bases	311408374
	Percentage of HQ bases	77.08%
	Total number of non-ATGC bases	11267
	Percentage of non-ATGC bases	0.00%


Average quality score at each base position of input reads

jamie_no-index_L007_R1_0006.fastq
32.36	32.70	32.46	36.21	36.32	34.42	34.76	34.55	36.27	35.79	36.46	36.52	36.52	38.52	38.17	38.22	38.53	38.73	38.50	38.52	38.58	38.31	38.52	38.09	37.96	37.89	38.23	37.71	37.82	37.85	38.15	38.02	38.06	38.33	37.56	37.47	37.54	37.54	37.42	37.54	37.85	37.55	37.68	37.98	38.06	37.51	37.44	37.47	37.46	37.19	36.78	34.94	32.59	30.49	28.46	27.13	25.57	24.27	22.93	21.40	19.95	18.21	17.53	17.39	16.25	16.55	16.16	17.06	17.94	19.13	20.39	21.10	21.78	22.22	22.53	22.17	22.47	22.87	23.13	23.19	23.20	23.29	23.40	23.27	23.20	23.18	23.22	23.19	23.21	23.17	23.19	23.15	23.14	23.17	23.20	23.18	23.12	23.03	22.99	22.99	22.27	




Read count (%) per base for different quality score ranges

	jamie_no-index_L007_R1_0006.fastq
Ranges	0-10	11-20	21-30	31-40
Base
1	0.00	1.15	7.06	91.78
2	0.00	0.43	3.47	96.10
3	0.00	0.97	5.88	93.15
4	0.00	1.50	1.90	96.60
5	0.01	1.31	1.84	96.84
6	0.04	3.28	5.51	91.16
7	0.02	3.68	4.80	91.51
8	0.02	1.35	4.53	94.10
9	0.01	0.82	1.80	97.36
10	0.02	1.14	2.78	96.06
11	0.03	0.62	1.50	97.85
12	0.01	0.70	1.42	97.87
13	0.01	0.66	1.41	97.92
14	0.01	0.93	1.64	97.42
15	0.03	0.72	1.39	97.86
16	0.01	0.68	1.19	98.12
17	0.01	0.56	0.87	98.56
18	0.02	0.38	0.97	98.63
19	0.07	0.61	1.49	97.83
20	0.03	0.71	1.23	98.03
21	0.03	0.58	1.06	98.34
22	0.02	0.61	1.51	97.85
23	0.01	0.43	0.95	98.61
24	0.07	0.86	1.95	97.11
25	0.13	1.06	1.98	96.83
26	0.09	1.15	2.10	96.66
27	0.06	0.78	1.35	97.81
28	0.19	0.86	1.95	97.00
29	0.16	0.86	1.84	97.13
30	0.21	0.87	1.87	97.05
31	0.11	0.76	1.39	97.74
32	0.22	0.66	1.83	97.29
33	0.21	0.66	1.66	97.47
34	0.11	0.55	1.24	98.10
35	0.39	0.72	2.09	96.80
36	0.39	0.91	2.66	96.04
37	0.56	0.97	2.43	96.04
38	0.72	1.05	2.59	95.63
39	0.59	1.30	2.89	95.22
40	0.54	0.93	2.57	95.96
41	0.20	0.75	1.97	97.08
42	0.42	0.74	2.88	95.95
43	0.49	0.73	2.42	96.37
44	0.30	0.62	2.04	97.05
45	0.23	0.62	1.89	97.26
46	0.42	0.70	2.99	95.90
47	0.51	0.83	3.19	95.47
48	0.41	0.93	3.39	95.27
49	0.42	0.95	3.47	95.16
50	0.56	1.19	4.23	94.02
51	0.71	1.48	5.15	92.66
52	1.45	2.88	10.05	85.62
53	1.60	5.64	16.47	76.29
54	2.10	11.39	20.04	66.47
55	2.10	19.36	21.06	57.49
56	2.59	26.30	19.00	52.11
57	3.66	31.82	19.70	44.82
58	5.54	34.50	21.06	38.90
59	7.72	36.59	23.38	32.32
60	10.51	39.57	23.88	26.04
61	13.20	42.44	24.22	20.14
62	17.24	45.34	23.72	13.71
63	19.03	46.48	23.07	11.43
64	18.85	47.44	23.09	10.62
65	24.32	46.44	20.92	8.31
66	23.55	45.60	21.80	9.06
67	28.50	40.95	21.04	9.51
68	26.98	37.91	22.66	12.46
69	28.96	31.21	22.22	17.62
70	29.60	25.65	20.46	24.29
71	28.15	23.04	18.30	30.51
72	28.74	20.33	15.96	34.97
73	28.39	18.91	14.07	38.62
74	28.51	17.32	13.07	41.10
75	29.54	15.62	11.19	43.65
76	26.61	18.22	15.36	39.81
77	27.30	17.17	12.67	42.87
78	27.61	16.07	11.20	45.12
79	27.84	15.74	9.69	46.73
80	27.93	15.60	9.44	47.03
81	28.37	14.96	9.29	47.37
82	28.69	14.52	8.53	48.25
83	28.66	14.40	7.81	49.12
84	28.21	15.07	8.58	48.14
85	28.87	14.49	8.53	48.11
86	29.30	14.08	8.28	48.33
87	29.12	14.18	8.04	48.65
88	29.07	14.16	8.21	48.56
89	29.46	13.77	7.84	48.93
90	29.78	13.54	7.77	48.90
91	29.79	13.40	7.71	49.09
92	29.92	13.41	7.73	48.94
93	30.05	13.39	7.63	48.93
94	29.99	13.38	7.48	49.15
95	30.15	13.19	7.06	49.60
96	30.31	13.11	6.97	49.61
97	30.37	13.16	7.17	49.30
98	30.49	13.29	7.37	48.85
99	30.60	13.22	7.48	48.71
100	30.73	13.05	7.31	48.91
101	31.40	13.83	9.46	45.31




