Parameters
	Library type	Single-end
	Input file	/Volumes/wdhd/users/joaks1/projects/gekgo/data/genomes/msg/plate1/raw/jamie_no-index_L007_R1_0001.fastq
	Primer/Adaptor library	NA
	Cut-off read length for HQ	70%
	Cut-off quality score	20
	Only statistics	On
	Number of processes	2


QC statistics
	File name	jamie_no-index_L007_R1_0001.fastq
	Total number of reads	4000000
	Total number of HQ reads	2284625
	Percentage of HQ reads	57.12%
	Total number of bases	404000000
	Total number of bases in HQ reads	230747125
	Total number of HQ bases in HQ reads	197398916
	Percentage of HQ bases in HQ reads	85.55%
	Number of Primer/Adaptor contaminated HQ reads	NA
	Total number of HQ filtered reads	2284625
	Percentage of HQ filtered reads	57.12%


Detailed QC statistics
	File name	jamie_no-index_L007_R1_0001.fastq
	Minimum read length	101
	Maximum read length	101
	Average read length	101.00
	Total number of reads	4000000
	Total number of reads with non-ATGC bases	2018
	Percentage of reads with non-ATGC bases	0.05%
	Total number of bases	404000000
	Total number of HQ bases	307153284
	Percentage of HQ bases	76.03%
	Total number of non-ATGC bases	6853
	Percentage of non-ATGC bases	0.00%


Average quality score at each base position of input reads

jamie_no-index_L007_R1_0001.fastq
32.39	32.74	32.49	36.18	36.31	34.31	34.75	34.65	36.33	35.88	36.47	36.51	36.50	38.52	38.27	38.33	38.58	38.80	38.57	38.59	38.60	38.32	38.52	38.12	37.96	37.92	38.22	37.74	37.84	37.94	38.19	38.01	38.07	38.34	37.57	37.48	37.62	37.62	37.51	37.57	37.86	37.56	37.74	37.99	38.02	37.43	37.36	37.34	37.32	37.05	36.68	34.67	31.53	29.52	27.58	26.53	25.27	24.13	22.94	21.59	20.28	19.89	18.31	18.15	16.94	16.89	15.82	16.02	16.88	17.24	18.19	18.85	19.67	20.15	20.65	20.88	21.17	21.55	21.95	22.11	22.07	22.27	22.47	22.30	22.27	22.42	22.47	22.46	22.51	22.58	22.62	22.68	22.71	22.75	22.82	22.83	22.74	22.69	22.66	22.66	22.03	




Read count (%) per base for different quality score ranges

	jamie_no-index_L007_R1_0001.fastq
Ranges	0-10	11-20	21-30	31-40
Base
1	0.00	1.04	6.90	92.06
2	0.00	0.34	3.16	96.50
3	0.00	0.87	5.69	93.44
4	0.00	1.53	2.17	96.31
5	0.02	1.26	1.94	96.79
6	0.06	3.53	5.52	90.89
7	0.02	3.71	4.80	91.48
8	0.01	1.14	4.10	94.75
9	0.01	0.68	1.67	97.64
10	0.02	1.21	2.74	96.02
11	0.02	0.65	1.50	97.83
12	0.03	0.70	1.45	97.83
13	0.01	0.72	1.43	97.84
14	0.02	0.90	1.60	97.48
15	0.03	0.68	1.27	98.03
16	0.01	0.66	1.18	98.15
17	0.01	0.54	0.94	98.51
18	0.02	0.34	0.94	98.70
19	0.06	0.47	1.41	98.06
20	0.03	0.57	1.22	98.18
21	0.03	0.63	1.11	98.23
22	0.03	0.69	1.55	97.73
23	0.01	0.45	1.08	98.46
24	0.06	0.78	1.97	97.19
25	0.16	1.11	1.86	96.86
26	0.11	1.16	2.01	96.72
27	0.07	0.84	1.42	97.67
28	0.22	0.89	1.95	96.94
29	0.17	0.88	1.92	97.02
30	0.20	0.64	1.73	97.42
31	0.12	0.68	1.34	97.86
32	0.26	0.65	1.98	97.11
33	0.22	0.73	1.67	97.37
34	0.12	0.59	1.31	97.98
35	0.45	0.76	2.10	96.69
36	0.39	0.95	2.73	95.93
37	0.43	0.86	2.38	96.32
38	0.64	1.00	2.47	95.90
39	0.44	1.17	2.91	95.47
40	0.50	0.92	2.59	95.99
41	0.22	0.82	2.01	96.94
42	0.44	0.79	2.88	95.89
43	0.43	0.63	2.46	96.48
44	0.33	0.54	2.06	97.08
45	0.25	0.64	2.01	97.09
46	0.53	0.77	3.02	95.68
47	0.61	0.95	3.35	95.09
48	0.54	1.13	3.75	94.59
49	0.55	1.03	3.84	94.58
50	0.65	1.30	4.53	93.53
51	0.82	1.60	5.33	92.25
52	1.28	3.04	11.23	84.45
53	2.32	7.57	19.48	70.63
54	2.36	14.75	20.93	61.96
55	2.75	22.55	20.86	53.84
56	2.99	28.70	18.69	49.62
57	3.91	32.93	19.57	43.59
58	5.95	34.95	20.45	38.64
59	8.21	36.57	22.17	33.04
60	10.23	39.45	23.27	27.05
61	12.81	41.69	23.80	21.70
62	12.90	43.32	23.95	19.83
63	17.00	45.62	23.11	14.27
64	16.26	47.25	23.38	13.11
65	20.41	48.21	21.69	9.70
66	20.27	48.72	21.66	9.36
67	26.14	46.68	19.68	7.50
68	26.52	44.74	20.54	8.20
69	23.26	43.58	23.37	9.79
70	25.38	38.50	24.08	12.03
71	25.84	33.38	23.83	16.95
72	26.83	29.64	22.50	21.03
73	27.21	26.23	20.79	25.77
74	28.19	23.77	18.79	29.25
75	29.78	20.61	16.46	33.15
76	25.64	23.10	19.75	31.51
77	25.50	22.90	17.81	33.78
78	26.10	21.11	16.65	36.14
79	27.01	19.15	14.77	39.07
80	27.19	18.92	13.72	40.18
81	27.51	18.73	13.59	40.17
82	28.54	17.12	12.21	42.13
83	27.88	17.61	11.18	43.33
84	27.05	18.71	12.58	41.66
85	28.86	16.94	11.29	42.91
86	28.74	16.61	10.86	43.79
87	28.59	16.46	11.08	43.87
88	28.97	16.02	10.79	44.22
89	29.17	15.71	10.47	44.65
90	29.61	15.19	9.72	45.49
91	29.68	14.97	9.55	45.80
92	29.79	14.75	9.13	46.33
93	30.13	14.35	8.81	46.71
94	30.26	14.11	8.54	47.08
95	30.48	13.74	8.06	47.73
96	30.49	13.85	7.81	47.85
97	30.59	13.84	8.33	47.24
98	30.80	13.69	8.45	47.07
99	30.88	13.85	8.09	47.18
100	30.97	13.68	8.14	47.21
101	31.44	14.45	10.16	43.95




