Parameters
	Library type	Single-end
	Input file	jamie_no-index_L007_R1_0023.fastq
	Primer/Adaptor library	NA
	Cut-off read length for HQ	70%
	Cut-off quality score	20
	Only statistics	On
	Number of processes	2


QC statistics
	File name	jamie_no-index_L007_R1_0023.fastq
	Total number of reads	4000000
	Total number of HQ reads	2268424
	Percentage of HQ reads	56.71%
	Total number of bases	404000000
	Total number of bases in HQ reads	229110824
	Total number of HQ bases in HQ reads	196351206
	Percentage of HQ bases in HQ reads	85.70%
	Number of Primer/Adaptor contaminated HQ reads	NA
	Total number of HQ filtered reads	2268424
	Percentage of HQ filtered reads	56.71%


Detailed QC statistics
	File name	jamie_no-index_L007_R1_0023.fastq
	Minimum read length	101
	Maximum read length	101
	Average read length	101.00
	Total number of reads	4000000
	Total number of reads with non-ATGC bases	2566
	Percentage of reads with non-ATGC bases	0.06%
	Total number of bases	404000000
	Total number of HQ bases	306964044
	Percentage of HQ bases	75.98%
	Total number of non-ATGC bases	8911
	Percentage of non-ATGC bases	0.00%


Average quality score at each base position of input reads

jamie_no-index_L007_R1_0023.fastq
32.42	32.77	32.53	36.24	36.36	34.53	35.17	35.33	36.33	36.04	36.50	36.51	36.48	38.51	38.25	38.23	38.52	38.77	38.50	38.45	38.53	38.20	38.44	38.02	37.85	37.83	38.17	37.68	37.73	37.76	38.10	37.92	37.95	38.20	37.37	37.32	37.43	37.55	37.36	37.32	37.79	37.59	37.76	37.96	38.02	37.34	37.31	37.26	37.28	36.89	36.64	34.51	31.38	29.65	27.83	26.29	25.28	24.07	22.87	21.75	20.33	19.60	18.81	18.58	16.27	16.45	15.56	16.25	16.61	17.04	18.14	19.13	19.81	20.59	21.06	21.29	21.67	22.15	22.53	22.61	22.61	22.66	22.78	22.72	22.71	22.71	22.83	22.31	22.13	22.30	22.44	22.55	22.65	22.73	22.83	22.93	22.86	22.75	22.78	22.77	22.13	




Read count (%) per base for different quality score ranges

	jamie_no-index_L007_R1_0023.fastq
Ranges	0-10	11-20	21-30	31-40
Base
1	0.00	0.95	6.59	92.45
2	0.00	0.29	2.88	96.83
3	0.01	0.74	5.30	93.95
4	0.00	1.38	1.97	96.65
5	0.00	1.15	1.79	97.06
6	0.04	3.23	5.09	91.63
7	0.01	3.06	3.94	92.98
8	0.02	1.03	2.83	96.13
9	0.02	0.80	1.81	97.38
10	0.02	1.00	2.46	96.52
11	0.02	0.63	1.42	97.93
12	0.02	0.74	1.43	97.82
13	0.02	0.78	1.54	97.66
14	0.01	0.94	1.55	97.50
15	0.02	0.80	1.23	97.95
16	0.01	0.88	1.23	97.88
17	0.01	0.75	0.87	98.36
18	0.02	0.51	0.89	98.58
19	0.06	0.65	1.53	97.76
20	0.04	0.81	1.42	97.72
21	0.03	0.60	1.12	98.26
22	0.04	0.79	1.71	97.46
23	0.01	0.58	1.13	98.27
24	0.06	0.91	2.16	96.87
25	0.19	1.39	1.95	96.47
26	0.09	1.32	2.20	96.38
27	0.07	0.93	1.47	97.54
28	0.19	0.94	2.08	96.79
29	0.17	1.00	2.07	96.77
30	0.28	1.00	1.99	96.72
31	0.10	0.83	1.47	97.59
32	0.29	0.82	2.02	96.86
33	0.25	0.83	1.90	97.02
34	0.15	0.70	1.43	97.73
35	0.56	0.91	2.37	96.17
36	0.46	1.23	2.97	95.34
37	0.56	1.16	2.73	95.55
38	0.64	1.10	2.62	95.64
39	0.62	1.42	3.04	94.93
40	0.61	1.27	2.87	95.25
41	0.23	0.89	2.06	96.82
42	0.41	0.79	2.83	95.97
43	0.38	0.62	2.36	96.65
44	0.33	0.64	2.05	96.98
45	0.28	0.73	1.93	97.06
46	0.56	0.90	3.32	95.22
47	0.64	1.00	3.32	95.03
48	0.53	1.16	3.83	94.48
49	0.47	1.10	4.01	94.41
50	0.69	1.59	4.81	92.90
51	0.61	1.61	5.69	92.09
52	1.38	3.36	11.86	83.40
53	2.19	8.20	19.82	69.78
54	2.21	14.71	20.67	62.41
55	2.49	22.48	20.09	54.95
56	3.48	29.35	18.60	48.56
57	4.11	33.17	18.83	43.88
58	6.08	35.30	20.21	38.41
59	8.30	36.90	21.97	32.83
60	10.35	39.18	22.20	28.28
61	13.18	41.53	22.78	22.51
62	13.91	43.79	23.11	19.19
63	15.34	45.38	23.45	15.84
64	15.99	45.93	22.81	15.27
65	23.16	48.52	19.95	8.37
66	21.31	49.71	21.02	7.96
67	27.21	46.84	19.00	6.95
68	24.74	45.99	20.81	8.47
69	26.21	41.76	21.58	10.44
70	29.72	35.18	20.89	14.21
71	28.68	31.50	20.76	19.06
72	25.83	30.76	20.94	22.47
73	28.02	25.56	19.01	27.41
74	28.44	22.60	16.86	32.09
75	28.43	21.34	15.45	34.79
76	27.13	19.85	18.22	34.80
77	25.76	21.04	16.36	36.84
78	27.84	17.72	13.40	41.04
79	27.63	17.50	11.79	43.09
80	28.17	16.85	11.06	43.92
81	28.16	16.78	11.38	43.69
82	29.08	15.74	10.28	44.90
83	28.27	16.43	9.94	45.35
84	28.16	16.46	10.45	44.93
85	29.18	15.40	9.74	45.67
86	29.76	14.96	9.17	46.11
87	29.68	14.73	8.69	46.90
88	25.98	20.61	11.79	41.62
89	29.93	16.84	9.84	43.39
90	30.14	16.20	9.09	44.57
91	30.18	15.40	9.27	45.16
92	30.10	14.95	9.37	45.57
93	30.71	13.98	8.64	46.68
94	30.95	13.57	8.04	47.44
95	31.02	13.34	7.32	48.32
96	30.77	13.37	7.15	48.71
97	31.11	13.12	7.40	48.37
98	31.07	13.51	7.65	47.76
99	31.08	13.28	7.76	47.88
100	31.35	13.02	7.53	48.10
101	31.80	13.73	9.65	44.82




