Parameters
	Library type	Single-end
	Input file	jamie_no-index_L007_R1_0021.fastq
	Primer/Adaptor library	NA
	Cut-off read length for HQ	70%
	Cut-off quality score	20
	Only statistics	On
	Number of processes	2


QC statistics
	File name	jamie_no-index_L007_R1_0021.fastq
	Total number of reads	4000000
	Total number of HQ reads	2280359
	Percentage of HQ reads	57.01%
	Total number of bases	404000000
	Total number of bases in HQ reads	230316259
	Total number of HQ bases in HQ reads	207270167
	Percentage of HQ bases in HQ reads	89.99%
	Number of Primer/Adaptor contaminated HQ reads	NA
	Total number of HQ filtered reads	2280359
	Percentage of HQ filtered reads	57.01%


Detailed QC statistics
	File name	jamie_no-index_L007_R1_0021.fastq
	Minimum read length	101
	Maximum read length	101
	Average read length	101.00
	Total number of reads	4000000
	Total number of reads with non-ATGC bases	5718
	Percentage of reads with non-ATGC bases	0.14%
	Total number of bases	404000000
	Total number of HQ bases	313926066
	Percentage of HQ bases	77.70%
	Total number of non-ATGC bases	19889
	Percentage of non-ATGC bases	0.00%


Average quality score at each base position of input reads

jamie_no-index_L007_R1_0021.fastq
32.34	32.71	32.48	36.14	36.27	34.58	34.95	35.18	36.22	36.23	36.57	36.60	36.56	38.65	38.53	38.52	38.66	38.92	38.75	38.76	38.79	38.42	38.62	38.26	38.14	38.10	38.42	37.94	38.08	38.13	38.34	38.27	38.33	38.54	37.76	37.67	37.85	37.88	37.77	37.79	38.10	37.89	38.07	38.26	38.34	37.81	37.81	37.79	37.80	37.47	37.31	36.51	34.61	33.18	31.12	28.78	26.21	24.18	22.46	20.75	19.19	16.85	16.35	16.38	15.36	16.23	17.13	18.63	20.00	20.85	21.69	22.35	22.82	23.19	23.26	22.73	23.14	23.51	23.76	23.77	23.70	23.69	23.74	23.65	23.49	23.38	23.37	23.40	23.40	23.36	22.84	22.70	22.77	22.85	23.02	23.11	23.05	23.06	23.03	23.00	22.31	




Read count (%) per base for different quality score ranges

	jamie_no-index_L007_R1_0021.fastq
Ranges	0-10	11-20	21-30	31-40
Base
1	0.01	1.30	6.84	91.85
2	0.00	0.37	3.52	96.12
3	0.00	0.95	5.58	93.47
4	0.00	1.83	1.97	96.20
5	0.05	1.49	1.87	96.59
6	0.07	3.83	4.93	91.17
7	0.03	4.05	4.29	91.63
8	0.02	1.61	3.30	95.07
9	0.02	1.05	2.08	96.85
10	0.01	0.72	1.96	97.31
11	0.02	0.46	1.26	98.27
12	0.02	0.52	1.23	98.24
13	0.02	0.56	1.36	98.06
14	0.02	0.86	1.51	97.61
15	0.01	0.46	1.05	98.49
16	0.01	0.65	1.05	98.29
17	0.03	0.87	0.92	98.18
18	0.02	0.41	0.95	98.62
19	0.04	0.36	1.13	98.48
20	0.02	0.47	1.00	98.51
21	0.02	0.43	0.90	98.65
22	0.04	0.61	1.54	97.82
23	0.01	0.52	0.99	98.48
24	0.05	0.78	1.87	97.30
25	0.10	1.10	1.81	97.00
26	0.10	1.31	1.75	96.84
27	0.05	0.92	1.32	97.70
28	0.21	0.92	1.69	97.18
29	0.14	0.77	1.66	97.42
30	0.19	0.69	1.57	97.56
31	0.10	0.71	1.25	97.94
32	0.20	0.57	1.58	97.65
33	0.19	0.57	1.41	97.83
34	0.16	0.52	1.13	98.19
35	0.50	0.75	1.91	96.85
36	0.45	0.96	2.39	96.21
37	0.33	0.82	2.19	96.66
38	0.39	0.88	2.37	96.36
39	0.37	1.13	2.51	95.99
40	0.41	1.12	2.41	96.06
41	0.20	0.86	1.87	97.07
42	0.35	0.69	2.36	96.60
43	0.31	0.50	1.99	97.19
44	0.29	0.51	1.71	97.49
45	0.22	0.55	1.64	97.59
46	0.42	0.61	2.53	96.45
47	0.36	0.72	2.67	96.24
48	0.34	0.81	2.87	95.98
49	0.30	0.82	2.89	96.00
50	0.52	1.12	3.72	94.64
51	0.47	1.16	4.13	94.24
52	0.72	1.48	6.00	91.80
53	0.88	2.45	9.55	87.12
54	1.10	3.84	15.31	79.75
55	1.47	8.38	20.79	69.36
56	2.30	18.17	20.49	59.04
57	3.32	28.32	21.42	46.94
58	5.63	33.42	23.49	37.46
59	8.95	35.98	25.17	29.91
60	11.92	39.85	25.26	22.97
61	15.36	42.75	24.74	17.14
62	22.37	46.05	21.29	10.29
63	23.40	47.68	20.22	8.70
64	22.64	48.36	20.65	8.35
65	30.17	44.09	18.15	7.58
66	28.75	40.41	20.87	9.96
67	30.91	32.69	21.56	14.85
68	30.28	26.49	21.42	21.80
69	28.13	24.15	19.69	28.04
70	27.35	22.95	16.89	32.80
71	29.39	18.76	12.70	39.16
72	29.32	17.22	10.77	42.70
73	29.32	15.82	10.00	44.86
74	29.33	14.70	9.02	46.95
75	29.85	13.99	8.36	47.81
76	28.96	14.66	10.87	45.50
77	28.96	14.10	8.67	48.27
78	29.00	13.51	7.76	49.73
79	29.04	13.19	6.97	50.80
80	29.10	13.21	6.87	50.82
81	29.25	13.21	6.95	50.59
82	29.23	13.23	6.91	50.62
83	29.28	13.01	6.73	50.98
84	29.26	13.21	6.84	50.69
85	29.63	13.15	7.14	50.08
86	29.60	13.45	7.42	49.53
87	29.61	13.24	7.55	49.60
88	29.65	13.13	7.19	50.03
89	29.79	12.99	7.15	50.07
90	29.72	13.07	7.37	49.84
91	27.64	17.27	9.20	45.89
92	30.09	14.73	8.58	46.60
93	30.22	14.58	8.15	47.05
94	30.31	14.08	8.03	47.58
95	30.20	13.58	7.65	48.57
96	30.39	13.00	7.43	49.18
97	30.69	12.84	7.30	49.17
98	30.71	12.78	7.25	49.25
99	30.68	12.86	7.45	49.00
100	30.95	12.62	7.44	48.99
101	31.43	13.41	9.63	45.53




