Parameters
	Library type	Single-end
	Input file	jamie_no-index_L007_R1_0008.fastq
	Primer/Adaptor library	NA
	Cut-off read length for HQ	70%
	Cut-off quality score	20
	Only statistics	On
	Number of processes	2


QC statistics
	File name	jamie_no-index_L007_R1_0008.fastq
	Total number of reads	4000000
	Total number of HQ reads	2277649
	Percentage of HQ reads	56.94%
	Total number of bases	404000000
	Total number of bases in HQ reads	230042549
	Total number of HQ bases in HQ reads	208103671
	Percentage of HQ bases in HQ reads	90.46%
	Number of Primer/Adaptor contaminated HQ reads	NA
	Total number of HQ filtered reads	2277649
	Percentage of HQ filtered reads	56.94%


Detailed QC statistics
	File name	jamie_no-index_L007_R1_0008.fastq
	Minimum read length	101
	Maximum read length	101
	Average read length	101.00
	Total number of reads	4000000
	Total number of reads with non-ATGC bases	2285
	Percentage of reads with non-ATGC bases	0.06%
	Total number of bases	404000000
	Total number of HQ bases	314640744
	Percentage of HQ bases	77.88%
	Total number of non-ATGC bases	16573
	Percentage of non-ATGC bases	0.00%


Average quality score at each base position of input reads

jamie_no-index_L007_R1_0008.fastq
32.29	32.68	32.36	36.03	36.23	34.30	34.65	34.51	36.22	36.02	36.49	36.52	36.52	38.59	38.41	38.43	38.73	38.93	38.72	38.73	38.77	38.50	38.67	38.25	38.16	38.13	38.47	37.98	38.13	38.12	38.41	38.24	38.19	38.49	37.76	37.63	37.77	37.94	37.74	37.90	38.19	37.81	38.03	38.20	38.34	37.88	37.82	37.72	37.70	37.53	37.34	36.51	34.79	33.44	31.50	29.20	26.52	24.54	22.59	20.35	18.79	16.23	16.15	16.12	15.70	16.66	17.64	19.04	20.25	21.39	22.31	22.67	23.02	23.15	23.14	22.51	22.89	23.29	23.55	23.63	23.50	23.51	23.48	23.42	23.34	23.31	23.29	23.32	23.23	23.22	23.18	23.20	23.24	23.19	23.24	23.19	23.10	23.10	23.03	23.00	22.19	




Read count (%) per base for different quality score ranges

	jamie_no-index_L007_R1_0008.fastq
Ranges	0-10	11-20	21-30	31-40
Base
1	0.01	1.42	7.45	91.12
2	0.00	0.46	3.87	95.67
3	0.00	1.33	6.43	92.24
4	0.00	2.10	2.37	95.53
5	0.01	1.54	2.18	96.28
6	0.09	4.19	5.13	90.59
7	0.03	4.55	4.77	90.66
8	0.02	1.50	4.49	93.99
9	0.02	0.90	1.95	97.14
10	0.02	0.98	2.45	96.55
11	0.04	0.58	1.45	97.92
12	0.02	0.66	1.44	97.88
13	0.01	0.57	1.46	97.95
14	0.02	0.88	1.68	97.42
15	0.02	0.66	1.34	97.99
16	0.01	0.78	1.23	97.98
17	0.01	0.64	0.90	98.45
18	0.02	0.39	0.90	98.69
19	0.06	0.47	1.24	98.23
20	0.03	0.56	1.17	98.24
21	0.03	0.51	1.01	98.45
22	0.03	0.55	1.39	98.03
23	0.01	0.46	1.02	98.50
24	0.10	0.92	1.78	97.20
25	0.11	1.01	1.98	96.90
26	0.09	1.07	1.75	97.09
27	0.06	0.79	1.30	97.86
28	0.20	0.79	1.68	97.33
29	0.15	0.71	1.63	97.51
30	0.22	0.70	1.66	97.42
31	0.10	0.67	1.29	97.94
32	0.29	0.63	1.67	97.42
33	0.26	0.71	1.77	97.26
34	0.12	0.61	1.26	98.01
35	0.48	0.77	1.90	96.85
36	0.60	0.96	2.43	96.02
37	0.53	0.91	2.23	96.33
38	0.39	0.75	2.34	96.51
39	0.47	1.03	2.58	95.91
40	0.35	0.83	2.26	96.56
41	0.18	0.67	1.73	97.41
42	0.52	0.74	2.59	96.16
43	0.35	0.58	2.12	96.95
44	0.33	0.55	1.89	97.23
45	0.21	0.56	1.73	97.50
46	0.39	0.58	2.48	96.55
47	0.50	0.70	2.57	96.23
48	0.57	0.84	2.96	95.64
49	0.40	0.93	3.28	95.39
50	0.49	1.02	3.64	94.85
51	0.50	1.11	4.00	94.38
52	0.86	1.75	5.73	91.66
53	0.95	2.25	8.76	88.04
54	1.06	3.58	13.87	81.49
55	1.56	6.93	19.93	71.58
56	2.09	15.68	21.58	60.65
57	3.32	26.52	21.88	48.28
58	5.53	31.94	23.25	39.28
59	8.60	35.41	25.87	30.12
60	12.91	39.67	26.34	21.08
61	16.37	42.82	25.37	15.43
62	25.39	45.33	20.30	8.99
63	24.67	46.90	20.06	8.37
64	25.03	46.47	20.21	8.30
65	30.76	40.76	19.60	8.88
66	28.50	38.17	21.72	11.61
67	30.24	30.84	22.16	16.76
68	29.17	26.09	21.55	23.19
69	29.39	21.43	19.22	29.95
70	29.48	18.21	15.59	36.72
71	29.06	16.52	12.48	41.93
72	29.18	16.13	10.43	44.25
73	29.32	15.08	9.56	46.04
74	29.15	15.02	9.07	46.75
75	29.45	14.64	9.05	46.85
76	28.39	15.65	12.38	43.58
77	28.19	15.37	10.12	46.32
78	28.32	14.61	8.96	48.11
79	28.60	14.00	7.94	49.45
80	28.24	14.36	7.70	49.70
81	28.84	14.05	7.86	49.25
82	28.86	13.93	7.77	49.44
83	28.90	14.03	7.60	49.48
84	28.84	14.10	7.90	49.15
85	29.07	14.05	8.02	48.86
86	29.08	14.03	8.15	48.74
87	29.22	13.92	7.93	48.93
88	28.94	14.06	7.87	49.13
89	29.27	13.98	7.98	48.78
90	29.45	13.82	7.97	48.76
91	29.46	13.84	8.00	48.70
92	29.59	13.65	7.78	48.99
93	29.59	13.62	7.61	49.19
94	29.94	13.35	7.70	49.01
95	29.95	13.16	7.34	49.55
96	29.94	13.35	7.54	49.16
97	30.09	13.42	7.70	48.79
98	30.03	13.44	7.65	48.87
99	30.08	13.58	7.78	48.55
100	30.36	13.31	7.67	48.66
101	31.13	14.45	9.67	44.74




