Parameters
	Library type	Single-end
	Input file	jamie_no-index_L007_R1_0012.fastq
	Primer/Adaptor library	NA
	Cut-off read length for HQ	70%
	Cut-off quality score	20
	Only statistics	On
	Number of processes	2


QC statistics
	File name	jamie_no-index_L007_R1_0012.fastq
	Total number of reads	4000000
	Total number of HQ reads	2357003
	Percentage of HQ reads	58.93%
	Total number of bases	404000000
	Total number of bases in HQ reads	238057303
	Total number of HQ bases in HQ reads	217827716
	Percentage of HQ bases in HQ reads	91.50%
	Number of Primer/Adaptor contaminated HQ reads	NA
	Total number of HQ filtered reads	2357003
	Percentage of HQ filtered reads	58.93%


Detailed QC statistics
	File name	jamie_no-index_L007_R1_0012.fastq
	Minimum read length	101
	Maximum read length	101
	Average read length	101.00
	Total number of reads	4000000
	Total number of reads with non-ATGC bases	2601
	Percentage of reads with non-ATGC bases	0.07%
	Total number of bases	404000000
	Total number of HQ bases	319140763
	Percentage of HQ bases	79.00%
	Total number of non-ATGC bases	10761
	Percentage of non-ATGC bases	0.00%


Average quality score at each base position of input reads

jamie_no-index_L007_R1_0012.fastq
32.30	32.68	32.39	36.06	36.23	34.11	34.56	34.39	36.16	35.94	36.44	36.49	36.53	38.62	38.55	38.59	38.82	38.95	38.73	38.81	38.82	38.56	38.71	38.37	38.27	38.30	38.56	38.13	38.25	38.33	38.52	38.45	38.41	38.61	37.89	37.87	38.03	37.94	37.98	37.93	38.20	38.03	38.27	38.45	38.48	37.96	37.98	37.88	37.87	37.68	37.47	36.61	34.56	33.12	31.22	28.68	26.35	24.41	22.14	20.71	18.42	17.10	16.56	16.68	16.90	18.15	19.29	20.85	21.93	22.85	23.53	23.78	23.98	24.08	24.09	23.35	23.69	24.02	24.33	24.35	24.29	24.27	24.25	24.18	24.07	24.08	24.11	24.07	24.06	23.99	23.94	23.92	23.85	23.84	23.87	23.89	23.86	23.81	23.76	23.74	23.01	




Read count (%) per base for different quality score ranges

	jamie_no-index_L007_R1_0012.fastq
Ranges	0-10	11-20	21-30	31-40
Base
1	0.00	1.36	7.36	91.28
2	0.00	0.45	3.76	95.78
3	0.00	1.22	6.30	92.47
4	0.02	1.96	2.25	95.77
5	0.00	1.56	2.11	96.33
6	0.08	4.36	5.95	89.62
7	0.03	4.58	5.06	90.32
8	0.03	1.68	4.85	93.43
9	0.02	1.01	2.10	96.87
10	0.01	0.99	2.68	96.32
11	0.02	0.69	1.64	97.65
12	0.02	0.72	1.54	97.72
13	0.01	0.62	1.39	97.98
14	0.02	0.76	1.57	97.65
15	0.01	0.41	0.95	98.63
16	0.01	0.47	0.89	98.63
17	0.01	0.38	0.75	98.87
18	0.02	0.26	0.85	98.87
19	0.05	0.38	1.17	98.40
20	0.02	0.39	0.89	98.70
21	0.02	0.36	0.90	98.72
22	0.02	0.44	1.22	98.31
23	0.01	0.35	0.86	98.78
24	0.06	0.64	1.53	97.77
25	0.07	0.73	1.65	97.55
26	0.07	0.82	1.41	97.70
27	0.06	0.58	1.08	98.28
28	0.15	0.59	1.28	97.98
29	0.13	0.50	1.28	98.09
30	0.16	0.46	1.17	98.21
31	0.10	0.45	1.01	98.44
32	0.17	0.39	1.27	98.17
33	0.21	0.49	1.25	98.05
34	0.12	0.48	1.05	98.35
35	0.42	0.61	1.62	97.34
36	0.29	0.66	2.03	97.02
37	0.27	0.62	1.82	97.29
38	0.60	0.86	1.99	96.55
39	0.28	0.82	2.01	96.89
40	0.48	0.77	2.06	96.69
41	0.19	0.68	1.64	97.48
42	0.32	0.57	1.99	97.11
43	0.27	0.40	1.55	97.77
44	0.24	0.40	1.40	97.96
45	0.20	0.48	1.45	97.87
46	0.36	0.51	2.18	96.96
47	0.31	0.49	2.26	96.94
48	0.34	0.66	2.65	96.35
49	0.32	0.65	2.69	96.35
50	0.39	0.76	3.19	95.66
51	0.43	0.89	3.58	95.11
52	0.61	1.25	5.55	92.60
53	1.17	2.20	9.66	86.97
54	1.16	4.14	15.14	79.56
55	1.25	7.90	21.29	69.55
56	2.15	18.09	21.65	58.10
57	2.96	27.90	21.79	47.35
58	4.91	33.47	23.28	38.34
59	8.94	36.84	26.34	27.89
60	11.63	40.37	25.45	22.55
61	18.13	43.00	23.93	14.94
62	22.20	44.77	21.87	11.16
63	25.03	44.02	20.72	10.22
64	25.66	42.25	21.34	10.75
65	29.24	36.11	21.51	13.14
66	27.49	31.91	22.82	17.78
67	30.32	23.62	21.01	25.04
68	27.64	21.44	18.84	32.08
69	28.17	17.78	15.49	38.56
70	28.05	15.95	12.01	43.99
71	27.80	15.00	9.54	47.67
72	27.74	14.75	8.66	48.86
73	28.00	14.03	7.87	50.10
74	27.98	13.81	7.49	50.72
75	28.15	13.60	7.23	51.02
76	27.12	14.67	10.46	47.75
77	27.00	14.41	8.49	50.10
78	27.10	13.93	7.67	51.30
79	27.32	13.28	6.69	52.71
80	27.25	13.39	6.70	52.66
81	27.44	13.33	6.70	52.54
82	27.69	13.10	6.56	52.66
83	27.77	13.09	6.36	52.77
84	27.59	13.36	6.54	52.51
85	27.69	13.40	6.98	51.93
86	27.55	13.38	7.13	51.94
87	27.81	12.98	6.81	52.41
88	27.91	13.04	6.61	52.44
89	27.90	13.08	6.67	52.35
90	28.13	12.98	6.80	52.09
91	28.28	12.84	6.75	52.14
92	28.24	13.02	6.79	51.96
93	28.45	12.92	7.06	51.56
94	28.70	12.73	6.68	51.89
95	28.68	12.73	6.48	52.11
96	28.70	12.58	6.51	52.21
97	28.66	12.71	6.53	52.10
98	28.81	12.58	6.71	51.90
99	28.81	12.68	6.93	51.58
100	28.89	12.67	6.85	51.59
101	29.48	13.26	9.42	47.84




