Parameters
	Library type	Single-end
	Input file	/Volumes/wdhd/users/joaks1/projects/gekgo/data/genomes/msg/plate1/raw/jamie_no-index_L007_R1_0017.fastq
	Primer/Adaptor library	NA
	Cut-off read length for HQ	70%
	Cut-off quality score	20
	Only statistics	On
	Number of processes	2


QC statistics
	File name	jamie_no-index_L007_R1_0017.fastq
	Total number of reads	4000000
	Total number of HQ reads	2339595
	Percentage of HQ reads	58.49%
	Total number of bases	404000000
	Total number of bases in HQ reads	236299095
	Total number of HQ bases in HQ reads	216114391
	Percentage of HQ bases in HQ reads	91.46%
	Number of Primer/Adaptor contaminated HQ reads	NA
	Total number of HQ filtered reads	2339595
	Percentage of HQ filtered reads	58.49%


Detailed QC statistics
	File name	jamie_no-index_L007_R1_0017.fastq
	Minimum read length	101
	Maximum read length	101
	Average read length	101.00
	Total number of reads	4000000
	Total number of reads with non-ATGC bases	1812
	Percentage of reads with non-ATGC bases	0.05%
	Total number of bases	404000000
	Total number of HQ bases	317907284
	Percentage of HQ bases	78.69%
	Total number of non-ATGC bases	2910
	Percentage of non-ATGC bases	0.00%


Average quality score at each base position of input reads

jamie_no-index_L007_R1_0017.fastq
32.19	32.60	32.41	36.12	36.28	34.59	34.84	35.14	36.22	36.18	36.53	36.57	36.58	38.71	38.63	38.58	38.79	38.98	38.75	38.75	38.78	38.13	38.52	38.24	38.19	38.21	38.03	37.54	37.96	38.14	38.13	38.11	38.23	38.50	37.80	37.79	37.90	37.96	37.92	37.88	38.18	38.01	38.26	38.42	38.44	37.95	37.87	37.85	37.77	37.63	37.39	36.70	34.87	33.55	31.65	28.95	26.60	24.03	21.81	19.70	17.91	17.01	15.68	16.48	16.93	18.36	19.66	21.03	22.10	22.79	23.22	23.55	23.78	23.93	23.88	23.27	23.62	23.97	24.22	24.24	24.22	24.20	24.20	24.10	24.01	23.91	23.92	23.90	23.82	23.84	23.73	23.71	23.68	23.67	23.71	23.67	23.67	23.59	23.55	23.53	22.74	




Read count (%) per base for different quality score ranges

	jamie_no-index_L007_R1_0017.fastq
Ranges	0-10	11-20	21-30	31-40
Base
1	0.03	2.00	7.09	90.88
2	0.00	0.88	3.83	95.30
3	0.00	1.13	6.20	92.68
4	0.00	1.85	2.16	95.99
5	0.00	1.43	1.98	96.59
6	0.09	4.22	4.75	90.93
7	0.03	4.44	4.57	90.95
8	0.03	1.55	3.49	94.93
9	0.02	1.05	2.03	96.90
10	0.02	0.82	2.23	96.93
11	0.02	0.51	1.36	98.11
12	0.02	0.56	1.31	98.11
13	0.01	0.52	1.25	98.22
14	0.02	0.75	1.49	97.74
15	0.01	0.43	0.99	98.57
16	0.01	0.64	0.97	98.38
17	0.02	0.63	0.80	98.56
18	0.02	0.36	0.82	98.80
19	0.04	0.42	1.24	98.30
20	0.02	0.55	1.06	98.37
21	0.02	0.50	0.97	98.51
22	0.10	1.53	1.88	96.49
23	0.01	0.76	1.24	97.99
24	0.06	0.90	1.78	97.25
25	0.11	1.09	1.68	97.12
26	0.07	1.12	1.67	97.14
27	0.41	1.89	1.59	96.11
28	0.46	1.84	2.32	95.38
29	0.13	1.06	1.86	96.94
30	0.17	0.79	1.44	97.60
31	0.50	1.16	1.35	96.99
32	0.26	1.06	1.92	96.75
33	0.21	0.75	1.65	97.39
34	0.12	0.72	1.21	97.95
35	0.40	0.77	1.87	96.96
36	0.30	0.85	2.25	96.59
37	0.36	0.83	2.20	96.61
38	0.41	0.91	2.17	96.50
39	0.33	0.95	2.26	96.46
40	0.46	0.92	2.35	96.27
41	0.20	0.77	1.77	97.25
42	0.36	0.65	2.14	96.85
43	0.26	0.44	1.60	97.69
44	0.26	0.39	1.50	97.85
45	0.24	0.47	1.54	97.75
46	0.38	0.51	2.25	96.86
47	0.45	0.66	2.49	96.40
48	0.35	0.80	2.78	96.07
49	0.44	0.92	2.92	95.72
50	0.42	0.96	3.44	95.17
51	0.49	1.07	3.90	94.55
52	0.57	1.41	5.43	92.59
53	0.88	2.12	8.56	88.44
54	1.05	3.23	13.85	81.88
55	1.42	6.74	19.75	72.09
56	2.04	16.51	22.38	59.08
57	3.06	26.64	21.77	48.53
58	5.59	33.58	24.57	36.26
59	9.97	36.88	26.42	26.73
60	14.35	41.19	25.67	18.78
61	19.41	44.05	23.21	13.34
62	22.59	44.87	21.55	11.00
63	30.20	42.52	18.06	9.22
64	26.50	42.67	20.26	10.57
65	30.73	34.38	20.67	14.22
66	28.32	30.74	21.20	19.74
67	29.22	24.43	19.52	26.84
68	29.09	19.91	16.85	34.16
69	27.32	18.87	14.74	39.06
70	27.76	16.61	12.40	43.23
71	28.44	15.08	10.33	46.15
72	28.16	14.65	9.32	47.86
73	28.42	13.94	8.36	49.29
74	28.46	13.56	7.85	50.14
75	28.97	13.11	7.64	50.29
76	27.82	14.27	10.10	47.81
77	27.84	13.79	8.41	49.96
78	27.93	13.25	7.48	51.34
79	28.08	12.84	6.54	52.54
80	28.15	12.88	6.41	52.56
81	28.05	12.94	6.56	52.45
82	28.34	12.69	6.30	52.67
83	28.24	12.76	6.18	52.82
84	28.24	12.90	6.47	52.40
85	28.34	12.88	6.81	51.97
86	28.34	13.03	7.09	51.55
87	28.23	13.02	7.13	51.62
88	28.43	12.84	6.91	51.83
89	28.54	12.95	7.07	51.44
90	28.72	12.73	6.79	51.76
91	28.69	12.94	7.14	51.23
92	28.87	12.76	7.12	51.24
93	29.05	12.61	7.10	51.25
94	29.15	12.58	6.92	51.36
95	29.34	12.32	6.55	51.79
96	29.50	12.26	6.64	51.61
97	29.49	12.27	6.63	51.61
98	29.43	12.52	6.85	51.20
99	29.50	12.38	7.25	50.86
100	29.62	12.34	7.11	50.93
101	30.17	13.31	9.58	46.95




