Parameters
	Library type	Single-end
	Input file	/Volumes/wdhd/users/joaks1/projects/gekgo/data/genomes/msg/plate1/raw/jamie_no-index_L007_R1_0026.fastq
	Primer/Adaptor library	NA
	Cut-off read length for HQ	70%
	Cut-off quality score	20
	Only statistics	On
	Number of processes	2


QC statistics
	File name	jamie_no-index_L007_R1_0026.fastq
	Total number of reads	4000000
	Total number of HQ reads	2231210
	Percentage of HQ reads	55.78%
	Total number of bases	404000000
	Total number of bases in HQ reads	225352210
	Total number of HQ bases in HQ reads	202982474
	Percentage of HQ bases in HQ reads	90.07%
	Number of Primer/Adaptor contaminated HQ reads	NA
	Total number of HQ filtered reads	2231210
	Percentage of HQ filtered reads	55.78%


Detailed QC statistics
	File name	jamie_no-index_L007_R1_0026.fastq
	Minimum read length	101
	Maximum read length	101
	Average read length	101.00
	Total number of reads	4000000
	Total number of reads with non-ATGC bases	2559
	Percentage of reads with non-ATGC bases	0.06%
	Total number of bases	404000000
	Total number of HQ bases	312574455
	Percentage of HQ bases	77.37%
	Total number of non-ATGC bases	10365
	Percentage of non-ATGC bases	0.00%


Average quality score at each base position of input reads

jamie_no-index_L007_R1_0026.fastq
32.13	32.60	32.40	35.96	36.17	34.36	34.72	35.10	36.03	36.16	36.50	36.56	36.51	38.64	38.57	38.47	38.77	38.98	38.71	38.70	38.82	38.32	38.65	38.26	38.22	38.20	38.56	38.09	38.15	38.16	38.24	38.12	38.18	38.50	37.89	37.83	37.85	38.01	37.93	37.83	38.26	38.00	38.10	37.86	38.19	37.83	37.86	37.80	37.79	37.52	37.30	36.76	35.07	34.02	32.28	29.08	26.48	24.49	22.16	20.41	18.54	16.97	16.11	16.14	15.27	16.37	17.23	18.70	19.96	21.04	21.86	22.39	22.70	22.85	22.87	22.41	22.73	23.14	23.30	23.32	23.20	23.05	23.06	22.98	22.96	22.92	22.91	22.90	22.93	22.94	22.93	22.86	22.83	22.80	22.78	22.75	22.75	22.77	22.73	22.74	21.96	




Read count (%) per base for different quality score ranges

	jamie_no-index_L007_R1_0026.fastq
Ranges	0-10	11-20	21-30	31-40
Base
1	0.01	2.14	7.83	90.03
2	0.01	0.85	3.94	95.20
3	0.00	1.15	6.40	92.45
4	0.00	2.39	2.55	95.06
5	0.00	1.70	2.22	96.08
6	0.11	4.74	5.43	89.71
7	0.05	5.07	4.69	90.19
8	0.03	1.78	3.57	94.61
9	0.04	1.86	2.11	95.99
10	0.01	1.12	2.21	96.65
11	0.02	0.57	1.43	97.98
12	0.02	0.58	1.30	98.10
13	0.02	0.67	1.46	97.85
14	0.02	0.89	1.52	97.56
15	0.01	0.58	1.08	98.33
16	0.02	0.70	1.32	97.97
17	0.01	0.53	0.97	98.50
18	0.02	0.33	0.84	98.81
19	0.06	0.48	1.36	98.11
20	0.03	0.57	1.22	98.19
21	0.02	0.51	1.01	98.46
22	0.10	1.29	1.62	96.99
23	0.01	0.59	1.11	98.28
24	0.08	0.93	1.99	97.01
25	0.11	1.03	1.75	97.11
26	0.10	1.22	1.73	96.96
27	0.06	0.81	1.17	97.97
28	0.21	0.89	1.50	97.40
29	0.18	0.85	1.71	97.26
30	0.25	0.84	1.76	97.15
31	0.42	1.02	1.42	97.15
32	0.30	0.98	2.12	96.60
33	0.27	0.95	1.80	96.98
34	0.15	0.82	1.31	97.72
35	0.41	0.88	1.82	96.88
36	0.41	0.94	2.25	96.40
37	0.62	0.94	2.22	96.22
38	0.51	0.82	2.13	96.54
39	0.40	0.91	2.36	96.32
40	0.47	1.03	2.36	96.14
41	0.23	0.73	1.68	97.36
42	0.42	0.70	2.32	96.57
43	0.40	0.62	2.21	96.78
44	0.82	1.11	2.38	95.69
45	0.25	0.89	2.17	96.69
46	0.50	0.80	2.52	96.18
47	0.44	0.81	2.64	96.11
48	0.55	0.93	2.82	95.70
49	0.47	0.89	3.05	95.59
50	0.68	1.22	3.59	94.51
51	0.71	1.32	4.07	93.89
52	0.94	1.44	5.09	92.53
53	1.06	1.99	7.42	89.52
54	1.05	2.78	11.58	84.59
55	1.67	5.16	17.19	75.98
56	2.19	15.36	22.62	59.82
57	3.52	26.05	22.39	48.04
58	5.79	31.59	23.71	38.91
59	9.81	35.36	26.52	28.30
60	13.08	39.18	26.26	21.47
61	17.82	42.36	24.74	15.08
62	22.25	45.28	21.95	10.52
63	24.84	46.91	19.95	8.30
64	24.48	47.14	20.28	8.10
65	32.23	41.70	17.92	8.15
66	28.99	39.28	21.04	10.68
67	31.57	31.34	21.43	15.67
68	29.05	28.05	21.23	21.67
69	30.33	21.66	18.86	29.14
70	30.21	18.95	15.35	35.48
71	30.26	17.23	12.12	40.38
72	29.42	16.90	11.03	42.65
73	29.78	15.73	9.85	44.64
74	30.14	15.05	9.05	45.76
75	30.16	14.90	9.02	45.91
76	29.27	15.59	11.39	43.76
77	29.05	15.44	9.61	45.90
78	29.32	14.52	8.28	47.89
79	29.43	14.29	7.66	48.62
80	29.75	13.82	7.71	48.72
81	27.68	16.70	8.49	47.13
82	29.68	14.59	8.30	47.43
83	29.71	14.57	7.96	47.76
84	29.72	14.75	8.10	47.42
85	29.75	14.74	8.11	47.40
86	30.06	14.50	7.98	47.46
87	30.19	14.38	7.84	47.59
88	30.21	14.24	7.91	47.64
89	30.24	14.18	7.66	47.93
90	30.35	13.94	7.76	47.95
91	30.32	13.86	7.86	47.96
92	30.22	14.09	8.11	47.57
93	30.41	13.96	8.16	47.47
94	30.92	13.45	7.97	47.65
95	30.89	13.63	7.82	47.67
96	30.91	13.69	7.97	47.43
97	30.94	13.54	8.02	47.51
98	31.09	13.39	7.75	47.76
99	31.19	13.46	7.71	47.64
100	31.22	13.41	7.51	47.85
101	31.96	14.32	9.67	44.05




