Parameters
	Library type	Single-end
	Input file	/Volumes/wdhd/users/joaks1/projects/gekgo/data/genomes/msg/plate1/raw/jamie_no-index_L007_R1_0002.fastq
	Primer/Adaptor library	NA
	Cut-off read length for HQ	70%
	Cut-off quality score	20
	Only statistics	On
	Number of processes	2


QC statistics
	File name	jamie_no-index_L007_R1_0002.fastq
	Total number of reads	4000000
	Total number of HQ reads	2298167
	Percentage of HQ reads	57.45%
	Total number of bases	404000000
	Total number of bases in HQ reads	232114867
	Total number of HQ bases in HQ reads	207560769
	Percentage of HQ bases in HQ reads	89.42%
	Number of Primer/Adaptor contaminated HQ reads	NA
	Total number of HQ filtered reads	2298167
	Percentage of HQ filtered reads	57.45%


Detailed QC statistics
	File name	jamie_no-index_L007_R1_0002.fastq
	Minimum read length	101
	Maximum read length	101
	Average read length	101.00
	Total number of reads	4000000
	Total number of reads with non-ATGC bases	2193
	Percentage of reads with non-ATGC bases	0.05%
	Total number of bases	404000000
	Total number of HQ bases	314155192
	Percentage of HQ bases	77.76%
	Total number of non-ATGC bases	5647
	Percentage of non-ATGC bases	0.00%


Average quality score at each base position of input reads

jamie_no-index_L007_R1_0002.fastq
32.31	32.71	32.43	36.14	36.26	34.34	34.71	34.51	36.27	35.92	36.50	36.52	36.55	38.60	38.34	38.39	38.62	38.83	38.65	38.69	38.73	38.39	38.56	38.23	38.11	38.01	38.30	37.78	37.95	38.02	38.26	38.16	38.17	38.44	37.70	37.62	37.78	37.78	37.65	37.70	37.96	37.79	37.96	38.13	38.21	37.66	37.70	37.66	37.62	37.37	37.05	35.79	33.39	31.38	29.43	27.73	26.11	24.47	22.90	21.33	19.36	18.86	17.18	16.56	16.06	16.38	16.69	17.88	19.30	20.33	21.38	22.06	22.60	22.98	23.18	22.67	23.06	23.51	23.72	23.73	23.63	23.65	23.69	23.57	23.55	23.50	23.51	23.51	23.52	23.49	23.47	23.43	23.37	23.36	23.44	23.42	23.37	23.25	23.22	23.19	22.52	




Read count (%) per base for different quality score ranges

	jamie_no-index_L007_R1_0002.fastq
Ranges	0-10	11-20	21-30	31-40
Base
1	0.00	1.32	7.33	91.36
2	0.00	0.40	3.49	96.11
3	0.00	1.07	6.03	92.90
4	0.00	1.70	2.01	96.29
5	0.03	1.53	1.91	96.54
6	0.05	3.68	5.56	90.71
7	0.02	3.93	4.88	91.18
8	0.02	1.45	4.53	94.01
9	0.01	0.80	1.78	97.40
10	0.02	0.97	2.55	96.47
11	0.02	0.58	1.41	97.99
12	0.02	0.68	1.43	97.87
13	0.01	0.59	1.34	98.06
14	0.01	0.85	1.60	97.53
15	0.01	0.51	1.26	98.22
16	0.01	0.64	1.10	98.25
17	0.01	0.48	0.90	98.61
18	0.02	0.31	0.88	98.80
19	0.05	0.39	1.23	98.32
20	0.02	0.53	1.03	98.42
21	0.02	0.46	0.93	98.58
22	0.03	0.56	1.48	97.93
23	0.01	0.55	1.02	98.42
24	0.04	0.75	1.84	97.37
25	0.09	0.93	1.86	97.12
26	0.10	1.23	1.84	96.83
27	0.06	0.94	1.38	97.61
28	0.23	0.93	1.85	96.99
29	0.16	0.82	1.61	97.40
30	0.19	0.76	1.63	97.42
31	0.10	0.71	1.33	97.86
32	0.21	0.58	1.66	97.56
33	0.22	0.60	1.56	97.61
34	0.11	0.55	1.15	98.18
35	0.44	0.70	1.86	97.00
36	0.39	0.85	2.43	96.33
37	0.32	0.79	2.20	96.69
38	0.50	0.93	2.29	96.28
39	0.43	1.16	2.53	95.89
40	0.40	1.03	2.46	96.11
41	0.21	0.91	1.94	96.95
42	0.33	0.73	2.45	96.50
43	0.37	0.57	2.04	97.03
44	0.29	0.59	1.90	97.22
45	0.22	0.66	1.82	97.31
46	0.41	0.68	2.78	96.13
47	0.35	0.71	2.78	96.17
48	0.41	0.81	2.95	95.83
49	0.39	0.85	3.23	95.53
50	0.50	1.10	3.91	94.49
51	0.64	1.33	4.43	93.60
52	0.85	1.99	7.81	89.35
53	1.16	3.82	14.62	80.40
54	1.56	8.41	19.56	70.46
55	1.69	15.09	21.70	61.51
56	2.30	23.65	19.58	54.47
57	3.24	29.97	19.76	47.04
58	5.01	34.07	21.60	39.32
59	7.73	36.65	23.52	32.09
60	10.24	40.05	24.27	25.44
61	14.53	43.29	24.39	17.80
62	15.04	44.97	24.42	15.57
63	20.56	46.78	21.82	10.83
64	22.49	47.69	20.67	9.15
65	26.33	45.20	19.84	8.63
66	25.80	43.84	20.78	9.58
67	29.15	37.03	21.91	11.91
68	30.00	30.09	22.12	17.78
69	26.96	27.58	22.26	23.20
70	27.14	23.45	20.54	28.87
71	28.09	19.40	16.90	35.61
72	28.37	17.76	13.81	40.06
73	28.39	16.39	12.14	43.08
74	28.98	14.95	10.46	45.61
75	29.52	14.17	9.13	47.19
76	27.61	15.83	12.94	43.62
77	27.72	15.18	10.27	46.83
78	27.93	14.31	8.58	49.18
79	28.15	14.03	7.68	50.14
80	28.35	14.01	7.38	50.26
81	28.40	14.07	7.77	49.76
82	28.65	13.73	7.54	50.08
83	28.56	13.74	7.36	50.34
84	28.24	14.14	8.07	49.55
85	28.58	13.77	7.99	49.65
86	28.56	13.85	8.10	49.49
87	28.78	13.57	7.85	49.80
88	28.98	13.45	7.40	50.17
89	29.06	13.36	7.36	50.22
90	29.18	13.31	7.39	50.12
91	29.24	13.27	7.32	50.17
92	29.29	13.21	7.41	50.09
93	29.48	13.21	7.59	49.71
94	29.54	13.18	7.45	49.83
95	29.84	12.75	6.80	50.61
96	29.91	12.75	6.80	50.54
97	30.03	12.70	6.97	50.30
98	30.29	12.76	7.15	49.80
99	30.18	12.92	7.23	49.67
100	30.29	12.82	7.27	49.62
101	30.71	13.59	9.61	46.10




