Parameters
	Library type	Single-end
	Input file	/Volumes/wdhd/users/joaks1/projects/gekgo/data/genomes/msg/plate1/raw/jamie_no-index_L007_R1_0025.fastq
	Primer/Adaptor library	NA
	Cut-off read length for HQ	70%
	Cut-off quality score	20
	Only statistics	On
	Number of processes	2


QC statistics
	File name	jamie_no-index_L007_R1_0025.fastq
	Total number of reads	4000000
	Total number of HQ reads	2331471
	Percentage of HQ reads	58.29%
	Total number of bases	404000000
	Total number of bases in HQ reads	235478571
	Total number of HQ bases in HQ reads	212881923
	Percentage of HQ bases in HQ reads	90.40%
	Number of Primer/Adaptor contaminated HQ reads	NA
	Total number of HQ filtered reads	2331471
	Percentage of HQ filtered reads	58.29%


Detailed QC statistics
	File name	jamie_no-index_L007_R1_0025.fastq
	Minimum read length	101
	Maximum read length	101
	Average read length	101.00
	Total number of reads	4000000
	Total number of reads with non-ATGC bases	2791
	Percentage of reads with non-ATGC bases	0.07%
	Total number of bases	404000000
	Total number of HQ bases	316357496
	Percentage of HQ bases	78.31%
	Total number of non-ATGC bases	13470
	Percentage of non-ATGC bases	0.00%


Average quality score at each base position of input reads

jamie_no-index_L007_R1_0025.fastq
32.19	32.55	32.39	36.15	36.32	34.54	34.92	35.19	36.12	36.13	36.55	36.59	36.61	38.71	38.50	38.54	38.78	38.97	38.78	38.79	38.79	38.50	38.68	38.02	38.06	38.11	38.42	38.12	38.17	38.03	38.34	38.24	38.30	38.53	37.90	37.84	37.97	38.08	38.00	37.86	38.19	38.03	38.17	38.36	38.38	37.84	37.82	37.81	37.83	37.57	37.31	36.50	34.47	32.96	31.00	28.32	26.26	24.51	22.71	21.12	19.26	17.65	16.37	16.33	15.58	16.61	17.99	19.50	20.86	21.63	22.48	23.06	23.47	23.77	23.82	23.30	23.59	23.95	24.15	24.20	24.15	24.15	24.12	24.04	23.97	23.89	23.88	23.84	23.83	23.79	23.46	23.30	23.33	23.41	23.59	23.65	23.70	23.60	23.54	23.45	22.77	




Read count (%) per base for different quality score ranges

	jamie_no-index_L007_R1_0025.fastq
Ranges	0-10	11-20	21-30	31-40
Base
1	0.01	2.01	7.19	90.80
2	0.00	1.22	3.71	95.07
3	0.01	1.39	5.78	92.82
4	0.00	1.77	1.94	96.29
5	0.00	1.38	1.78	96.83
6	0.06	3.63	5.10	91.21
7	0.03	3.99	4.42	91.56
8	0.03	1.45	3.30	95.21
9	0.03	1.48	2.06	96.43
10	0.01	0.93	2.26	96.80
11	0.02	0.49	1.31	98.17
12	0.01	0.53	1.25	98.20
13	0.01	0.49	1.21	98.29
14	0.01	0.78	1.42	97.79
15	0.01	0.57	1.10	98.32
16	0.01	0.65	0.99	98.34
17	0.01	0.51	0.76	98.73
18	0.01	0.31	0.78	98.89
19	0.04	0.34	1.08	98.54
20	0.02	0.45	0.94	98.59
21	0.03	0.47	0.88	98.62
22	0.03	0.57	1.32	98.08
23	0.01	0.39	0.86	98.73
24	0.15	1.66	1.88	96.31
25	0.07	1.19	2.02	96.72
26	0.07	1.26	1.58	97.08
27	0.06	0.97	1.25	97.72
28	0.13	0.74	1.36	97.77
29	0.15	0.73	1.40	97.72
30	0.49	1.13	1.40	96.97
31	0.11	0.98	1.29	97.63
32	0.22	0.72	1.58	97.48
33	0.21	0.66	1.42	97.71
34	0.13	0.61	1.15	98.11
35	0.27	0.62	1.64	97.47
36	0.31	0.82	1.92	96.95
37	0.28	0.83	1.88	97.01
38	0.30	0.82	1.84	97.04
39	0.30	0.90	2.00	96.80
40	0.43	0.94	2.23	96.41
41	0.22	0.77	1.62	97.38
42	0.33	0.63	2.07	96.98
43	0.28	0.49	1.72	97.51
44	0.24	0.49	1.54	97.73
45	0.23	0.56	1.55	97.65
46	0.39	0.58	2.45	96.58
47	0.40	0.66	2.53	96.41
48	0.37	0.78	2.74	96.11
49	0.29	0.76	2.82	96.12
50	0.39	0.88	3.51	95.22
51	0.54	1.13	3.86	94.47
52	0.60	1.43	5.93	92.04
53	0.81	2.31	10.61	86.28
54	1.09	4.21	16.38	78.32
55	1.32	9.11	21.13	68.44
56	2.07	20.72	20.52	56.69
57	2.97	29.06	20.68	47.28
58	5.06	33.62	22.01	39.32
59	8.06	36.71	24.15	31.08
60	10.84	40.27	24.25	24.64
61	14.55	43.69	24.56	17.20
62	18.78	46.46	22.81	11.96
63	23.20	47.99	20.00	8.81
64	23.11	48.09	20.36	8.44
65	30.76	41.98	18.53	8.73
66	29.60	37.43	20.85	12.12
67	29.26	30.16	22.94	17.63
68	29.02	23.85	21.96	25.17
69	25.92	23.53	19.23	31.32
70	27.32	20.18	15.62	36.88
71	28.63	17.15	11.35	42.88
72	28.39	16.23	9.54	45.84
73	28.51	14.85	8.85	47.79
74	28.65	13.92	7.88	49.54
75	29.18	13.18	7.40	50.25
76	28.46	13.69	9.36	48.50
77	28.30	13.60	7.91	50.19
78	28.21	13.25	7.12	51.43
79	28.55	12.74	6.40	52.31
80	28.54	12.65	6.26	52.55
81	28.62	12.69	6.28	52.42
82	28.51	12.78	6.30	52.42
83	28.64	12.60	6.23	52.53
84	28.81	12.55	6.27	52.38
85	28.73	12.73	6.47	52.07
86	28.90	12.65	6.65	51.80
87	28.85	12.67	6.62	51.86
88	29.10	12.53	6.44	51.92
89	29.06	12.60	6.55	51.79
90	29.01	12.62	6.76	51.61
91	26.84	16.16	8.40	48.60
92	29.22	13.95	7.58	49.26
93	29.47	13.57	7.36	49.60
94	29.63	13.03	7.25	50.09
95	29.47	12.73	6.74	51.06
96	29.76	12.23	6.35	51.67
97	29.70	12.09	6.29	51.92
98	29.99	12.04	6.35	51.63
99	30.01	12.17	6.59	51.23
100	30.07	12.24	6.88	50.81
101	30.33	13.04	9.36	47.27




