Parameters
	Library type	Single-end
	Input file	jamie_no-index_L007_R1_0018.fastq
	Primer/Adaptor library	NA
	Cut-off read length for HQ	70%
	Cut-off quality score	20
	Only statistics	On
	Number of processes	2


QC statistics
	File name	jamie_no-index_L007_R1_0018.fastq
	Total number of reads	4000000
	Total number of HQ reads	2039302
	Percentage of HQ reads	50.98%
	Total number of bases	404000000
	Total number of bases in HQ reads	205969502
	Total number of HQ bases in HQ reads	173271136
	Percentage of HQ bases in HQ reads	84.12%
	Number of Primer/Adaptor contaminated HQ reads	NA
	Total number of HQ filtered reads	2039302
	Percentage of HQ filtered reads	50.98%


Detailed QC statistics
	File name	jamie_no-index_L007_R1_0018.fastq
	Minimum read length	101
	Maximum read length	101
	Average read length	101.00
	Total number of reads	4000000
	Total number of reads with non-ATGC bases	3447
	Percentage of reads with non-ATGC bases	0.09%
	Total number of bases	404000000
	Total number of HQ bases	296939816
	Percentage of HQ bases	73.50%
	Total number of non-ATGC bases	8199
	Percentage of non-ATGC bases	0.00%


Average quality score at each base position of input reads

jamie_no-index_L007_R1_0018.fastq
32.37	32.72	32.48	36.14	36.33	34.95	35.20	35.44	36.26	36.26	36.51	36.52	36.49	38.62	38.32	38.18	37.95	38.08	38.31	38.46	38.18	38.28	38.22	37.92	37.93	37.87	37.99	37.52	37.94	37.76	37.94	37.78	37.83	37.74	37.27	37.31	37.52	37.62	37.47	37.57	37.58	37.52	37.57	37.81	37.78	37.70	37.79	37.75	37.83	37.56	37.30	36.25	34.08	32.70	31.26	28.52	26.21	23.55	21.56	20.32	19.15	18.37	17.51	17.79	16.89	17.30	17.09	17.45	17.66	17.46	17.88	18.30	18.59	18.99	19.09	18.87	19.35	19.67	19.72	19.74	20.03	19.92	20.25	20.09	19.95	20.01	20.06	19.82	19.49	19.63	19.70	19.87	19.75	19.73	19.91	20.04	20.01	20.03	19.96	19.71	18.71	




Read count (%) per base for different quality score ranges

	jamie_no-index_L007_R1_0018.fastq
Ranges	0-10	11-20	21-30	31-40
Base
1	0.02	0.95	7.41	91.61
2	0.00	0.36	3.36	96.28
3	0.00	0.86	5.87	93.27
4	0.00	1.46	2.51	96.03
5	0.02	1.07	1.88	97.03
6	0.08	3.29	4.45	92.18
7	0.04	3.62	3.97	92.37
8	0.02	1.17	2.70	96.11
9	0.03	1.02	1.93	97.02
10	0.01	0.79	2.05	97.14
11	0.02	0.60	1.47	97.91
12	0.03	0.63	1.43	97.91
13	0.03	0.68	1.48	97.82
14	0.02	0.78	1.58	97.62
15	0.04	0.87	1.50	97.59
16	0.03	1.11	1.72	97.14
17	0.05	1.34	2.29	96.32
18	0.12	1.15	2.11	96.63
19	0.06	0.81	1.72	97.41
20	0.05	0.81	1.53	97.62
21	0.15	1.06	2.00	96.78
22	0.04	0.75	1.63	97.59
23	0.09	1.23	1.66	97.02
24	0.15	1.53	2.41	95.91
25	0.24	1.62	2.12	96.02
26	0.22	1.49	2.32	95.96
27	0.22	1.16	1.87	96.75
28	0.47	1.52	2.28	95.73
29	0.18	0.89	2.01	96.91
30	0.50	1.33	2.46	95.71
31	0.41	1.07	2.10	96.41
32	0.52	1.08	2.35	96.05
33	0.53	1.19	2.27	96.00
34	0.57	1.11	2.46	95.86
35	0.80	1.26	2.61	95.33
36	0.88	1.35	2.83	94.94
37	0.90	1.17	2.68	95.25
38	1.12	1.12	2.56	95.20
39	0.93	1.38	3.16	94.53
40	0.83	1.15	2.82	95.19
41	0.65	0.99	2.86	95.50
42	0.80	0.94	2.96	95.30
43	0.99	1.03	2.76	95.23
44	0.71	0.92	2.73	95.65
45	0.53	0.96	2.87	95.63
46	0.51	0.83	2.87	95.80
47	0.64	0.92	2.68	95.76
48	0.66	1.00	3.04	95.30
49	0.42	0.89	3.16	95.53
50	0.74	1.24	3.61	94.41
51	0.86	1.32	4.14	93.69
52	1.40	2.12	6.64	89.85
53	1.57	4.35	9.86	84.22
54	2.12	7.42	11.86	78.61
55	1.99	10.92	14.91	72.19
56	2.88	18.08	21.31	57.73
57	4.13	26.48	22.59	46.80
58	8.01	31.88	25.39	34.72
59	12.81	33.55	26.97	26.67
60	15.50	36.13	26.21	22.16
61	19.12	38.02	23.81	19.05
62	20.27	40.49	23.24	16.00
63	23.95	40.41	21.64	13.99
64	20.34	43.23	23.25	13.18
65	26.18	40.58	20.99	12.25
66	24.16	41.00	21.94	12.89
67	26.35	39.74	20.67	13.24
68	25.52	39.26	20.63	14.59
69	25.28	38.90	20.29	15.53
70	28.62	35.99	18.92	16.47
71	28.28	34.58	18.76	18.38
72	27.70	33.38	18.91	20.02
73	29.01	30.60	18.23	22.16
74	28.74	29.20	17.98	24.08
75	28.67	28.86	17.94	24.53
76	27.65	29.65	20.17	22.53
77	27.73	27.73	19.16	25.37
78	28.23	26.81	17.21	27.75
79	30.37	24.57	15.66	29.41
80	30.27	25.30	14.77	29.67
81	27.05	28.01	15.55	29.38
82	30.11	24.61	14.62	30.66
83	27.69	26.38	14.62	31.31
84	28.39	25.92	15.05	30.64
85	30.08	24.89	13.81	31.23
86	29.62	25.41	13.40	31.56
87	30.02	24.50	13.51	31.97
88	25.93	30.08	15.90	28.08
89	30.35	26.11	14.46	29.08
90	30.61	25.67	13.35	30.37
91	30.37	25.41	13.78	30.44
92	30.47	24.45	13.83	31.25
93	32.07	23.52	12.45	31.96
94	33.29	22.36	11.53	32.83
95	32.91	22.17	11.30	33.62
96	32.46	22.15	11.32	34.06
97	32.30	22.58	11.27	33.86
98	32.68	22.10	11.05	34.16
99	33.28	21.83	10.78	34.11
100	33.89	22.46	10.16	33.48
101	37.17	22.28	10.41	30.14




