Parameters
	Library type	Single-end
	Input file	/Volumes/wdhd/users/joaks1/projects/gekgo/data/genomes/msg/plate1/raw/jamie_no-index_L007_R1_0009.fastq
	Primer/Adaptor library	NA
	Cut-off read length for HQ	70%
	Cut-off quality score	20
	Only statistics	On
	Number of processes	2


QC statistics
	File name	jamie_no-index_L007_R1_0009.fastq
	Total number of reads	4000000
	Total number of HQ reads	1956264
	Percentage of HQ reads	48.91%
	Total number of bases	404000000
	Total number of bases in HQ reads	197582664
	Total number of HQ bases in HQ reads	168119132
	Percentage of HQ bases in HQ reads	85.09%
	Number of Primer/Adaptor contaminated HQ reads	NA
	Total number of HQ filtered reads	1956264
	Percentage of HQ filtered reads	48.91%


Detailed QC statistics
	File name	jamie_no-index_L007_R1_0009.fastq
	Minimum read length	101
	Maximum read length	101
	Average read length	101.00
	Total number of reads	4000000
	Total number of reads with non-ATGC bases	2067
	Percentage of reads with non-ATGC bases	0.05%
	Total number of bases	404000000
	Total number of HQ bases	296569312
	Percentage of HQ bases	73.41%
	Total number of non-ATGC bases	13271
	Percentage of non-ATGC bases	0.00%


Average quality score at each base position of input reads

jamie_no-index_L007_R1_0009.fastq
32.36	32.70	32.44	36.14	36.37	34.44	34.63	34.45	36.16	36.11	36.43	36.48	36.44	38.61	38.42	38.28	38.22	38.45	38.51	38.65	38.55	38.48	38.41	38.05	38.06	38.05	38.23	37.59	37.98	37.94	38.08	37.78	37.86	37.75	37.30	37.46	37.49	37.67	37.53	37.71	37.81	37.70	37.82	37.97	37.89	37.80	37.95	38.00	37.87	37.75	37.67	36.97	35.07	34.10	32.63	29.38	26.17	23.97	21.92	20.15	18.87	17.34	16.95	15.66	15.64	16.63	16.72	17.35	17.62	17.70	18.35	18.77	18.94	19.18	19.24	19.15	19.04	19.65	19.71	20.02	19.81	20.08	19.95	20.04	19.70	19.81	19.63	19.66	19.65	19.53	19.47	19.49	19.66	19.66	19.59	19.64	19.49	19.41	19.54	19.28	18.23	




Read count (%) per base for different quality score ranges

	jamie_no-index_L007_R1_0009.fastq
Ranges	0-10	11-20	21-30	31-40
Base
1	0.01	0.96	7.60	91.43
2	0.00	0.39	3.68	95.93
3	0.00	1.00	6.09	92.91
4	0.00	1.35	2.61	96.04
5	0.01	0.95	1.78	97.26
6	0.13	3.98	5.66	90.24
7	0.04	4.44	5.53	89.98
8	0.03	1.47	4.52	93.98
9	0.03	1.11	2.05	96.81
10	0.01	0.96	2.34	96.68
11	0.04	0.73	1.65	97.58
12	0.03	0.69	1.53	97.75
13	0.04	0.88	1.54	97.53
14	0.03	0.75	1.54	97.68
15	0.04	0.85	1.58	97.53
16	0.04	1.06	1.67	97.23
17	0.05	0.99	1.64	97.32
18	0.09	0.77	1.51	97.63
19	0.10	0.84	1.43	97.63
20	0.04	0.69	1.39	97.89
21	0.09	0.64	1.46	97.81
22	0.08	0.82	1.36	97.74
23	0.06	0.73	1.49	97.72
24	0.13	1.11	2.06	96.70
25	0.20	1.29	1.90	96.61
26	0.18	1.26	2.21	96.36
27	0.21	0.89	1.67	97.24
28	0.51	1.31	2.26	95.92
29	0.24	0.95	1.81	97.00
30	0.55	1.17	2.02	96.26
31	0.38	0.87	1.90	96.84
32	0.70	1.15	2.27	95.89
33	0.62	1.00	2.30	96.08
34	0.55	1.03	2.60	95.83
35	0.88	1.19	2.43	95.51
36	0.81	1.14	2.56	95.49
37	0.98	1.13	2.80	95.10
38	0.98	1.15	2.65	95.21
39	0.90	1.32	3.00	94.78
40	0.74	1.02	2.69	95.55
41	0.59	0.81	2.58	96.02
42	0.72	0.95	2.82	95.51
43	0.79	0.85	2.42	95.93
44	0.70	0.83	2.51	95.96
45	0.60	0.78	2.74	95.89
46	0.74	0.79	2.56	95.91
47	0.61	0.74	2.45	96.20
48	0.61	0.75	2.61	96.03
49	0.81	0.99	2.88	95.32
50	0.88	1.05	3.31	94.76
51	0.69	0.98	3.49	94.84
52	1.06	1.53	4.81	92.60
53	1.17	2.52	7.23	89.09
54	1.43	3.97	9.15	85.45
55	1.75	6.23	13.16	78.86
56	2.51	14.09	21.90	61.50
57	4.17	26.31	22.86	46.65
58	8.03	30.18	24.69	37.09
59	12.21	32.09	27.83	27.87
60	16.75	34.80	26.86	21.59
61	18.61	38.52	26.29	16.58
62	24.74	39.72	22.19	13.35
63	24.45	42.29	21.67	11.59
64	29.24	42.77	19.92	8.07
65	28.88	43.45	19.79	7.88
66	24.63	42.55	23.68	9.14
67	27.80	38.26	22.60	11.34
68	25.36	38.70	22.57	13.37
69	28.03	34.58	21.03	16.37
70	29.70	32.85	19.39	18.06
71	29.17	30.79	19.11	20.93
72	29.02	29.55	18.28	23.15
73	29.77	28.53	16.95	24.75
74	28.72	28.93	16.96	25.39
75	30.10	26.92	16.67	26.30
76	27.62	28.97	19.07	24.34
77	29.40	28.22	16.78	25.61
78	27.89	27.87	16.35	27.89
79	29.63	25.64	15.77	28.96
80	28.11	26.83	14.92	30.14
81	30.47	25.30	13.56	30.67
82	28.39	26.46	14.33	30.81
83	28.73	26.53	14.37	30.36
84	26.68	28.13	15.59	29.60
85	29.85	25.86	14.62	29.68
86	28.94	26.64	14.49	29.94
87	28.86	27.47	14.75	28.92
88	28.72	27.09	15.44	28.75
89	29.55	26.35	14.70	29.39
90	31.24	25.11	13.76	29.90
91	30.75	26.13	13.59	29.53
92	31.39	25.06	13.53	30.01
93	31.20	24.73	13.22	30.85
94	31.95	24.05	12.53	31.47
95	32.90	23.44	11.94	31.72
96	32.01	24.40	12.02	31.57
97	32.45	24.70	11.77	31.07
98	31.90	25.33	12.63	30.13
99	31.48	25.19	12.79	30.53
100	33.48	23.97	12.05	30.50
101	36.86	24.60	11.10	27.44




