Parameters
	Library type	Single-end
	Input file	/Volumes/wdhd/users/joaks1/projects/gekgo/data/genomes/msg/plate1/raw/jamie_no-index_L007_R1_0004.fastq
	Primer/Adaptor library	NA
	Cut-off read length for HQ	70%
	Cut-off quality score	20
	Only statistics	On
	Number of processes	2


QC statistics
	File name	jamie_no-index_L007_R1_0004.fastq
	Total number of reads	4000000
	Total number of HQ reads	2310683
	Percentage of HQ reads	57.77%
	Total number of bases	404000000
	Total number of bases in HQ reads	233378983
	Total number of HQ bases in HQ reads	213657903
	Percentage of HQ bases in HQ reads	91.55%
	Number of Primer/Adaptor contaminated HQ reads	NA
	Total number of HQ filtered reads	2310683
	Percentage of HQ filtered reads	57.77%


Detailed QC statistics
	File name	jamie_no-index_L007_R1_0004.fastq
	Minimum read length	101
	Maximum read length	101
	Average read length	101.00
	Total number of reads	4000000
	Total number of reads with non-ATGC bases	1135
	Percentage of reads with non-ATGC bases	0.03%
	Total number of bases	404000000
	Total number of HQ bases	317293181
	Percentage of HQ bases	78.54%
	Total number of non-ATGC bases	2079
	Percentage of non-ATGC bases	0.00%


Average quality score at each base position of input reads

jamie_no-index_L007_R1_0004.fastq
32.25	32.62	32.33	35.98	36.20	34.30	34.50	34.34	36.12	36.00	36.46	36.49	36.54	38.62	38.59	38.61	38.84	39.00	38.77	38.73	38.86	38.55	38.75	38.42	38.36	38.31	38.60	38.09	38.17	38.21	38.48	38.32	38.34	38.58	37.87	37.88	38.02	38.02	37.94	37.96	38.23	38.03	38.16	38.33	38.43	38.00	37.99	37.94	37.90	37.70	37.46	36.90	35.28	34.00	32.19	29.53	26.66	24.06	22.00	19.81	17.36	16.78	16.21	16.57	17.28	18.43	19.61	20.75	21.73	22.41	22.93	23.15	23.36	23.46	23.51	22.74	23.15	23.54	23.79	23.84	23.79	23.76	23.78	23.70	23.58	23.59	23.59	23.57	23.56	23.56	23.48	23.50	23.42	23.40	23.40	23.41	23.38	23.27	23.25	23.22	22.52	




Read count (%) per base for different quality score ranges

	jamie_no-index_L007_R1_0004.fastq
Ranges	0-10	11-20	21-30	31-40
Base
1	0.00	1.48	7.86	90.65
2	0.00	0.57	4.38	95.05
3	0.00	1.44	6.53	92.03
4	0.00	2.15	2.71	95.14
5	0.01	1.52	2.29	96.19
6	0.12	4.61	5.45	89.82
7	0.04	5.20	5.19	89.57
8	0.04	1.87	4.91	93.18
9	0.02	1.14	2.14	96.69
10	0.02	1.08	2.64	96.26
11	0.03	0.59	1.57	97.82
12	0.03	0.70	1.53	97.74
13	0.01	0.58	1.38	98.02
14	0.02	0.82	1.68	97.48
15	0.01	0.53	1.07	98.38
16	0.01	0.55	1.09	98.35
17	0.01	0.51	0.87	98.61
18	0.02	0.32	0.91	98.75
19	0.06	0.42	1.30	98.21
20	0.04	0.63	1.24	98.10
21	0.02	0.43	0.97	98.57
22	0.03	0.54	1.41	98.02
23	0.01	0.40	0.96	98.62
24	0.07	0.76	1.57	97.60
25	0.10	0.75	1.58	97.57
26	0.09	0.84	1.65	97.43
27	0.06	0.59	1.15	98.19
28	0.22	0.80	1.52	97.46
29	0.17	0.65	1.67	97.50
30	0.24	0.69	1.51	97.56
31	0.12	0.54	1.19	98.15
32	0.28	0.55	1.53	97.64
33	0.25	0.58	1.48	97.68
34	0.13	0.51	1.21	98.15
35	0.44	0.68	1.85	97.03
36	0.38	0.78	2.02	96.82
37	0.35	0.67	2.04	96.94
38	0.54	0.80	2.06	96.60
39	0.41	0.85	2.20	96.55
40	0.43	0.80	2.20	96.58
41	0.23	0.64	1.74	97.39
42	0.39	0.60	2.17	96.85
43	0.40	0.53	1.88	97.19
44	0.30	0.47	1.76	97.46
45	0.23	0.49	1.65	97.63
46	0.42	0.54	2.28	96.77
47	0.41	0.60	2.36	96.64
48	0.43	0.66	2.57	96.33
49	0.42	0.69	2.78	96.11
50	0.56	0.84	3.21	95.39
51	0.67	1.05	3.57	94.70
52	0.70	1.36	4.82	93.12
53	0.79	1.66	7.15	90.39
54	1.07	2.74	11.62	84.57
55	1.54	5.05	18.28	75.13
56	2.06	13.59	22.54	61.81
57	3.37	25.51	22.34	48.78
58	5.83	32.67	25.14	36.36
59	9.70	35.98	26.98	27.34
60	14.68	40.00	25.93	19.39
61	22.45	42.78	22.47	12.30
62	24.38	43.70	21.08	10.84
63	28.13	42.21	19.27	10.38
64	28.80	39.33	19.73	12.14
65	29.77	34.27	20.31	15.66
66	28.66	30.18	20.80	20.36
67	29.59	24.15	19.60	26.66
68	28.16	21.90	17.86	32.08
69	27.33	19.90	15.70	37.07
70	28.26	17.16	13.08	41.50
71	28.23	16.11	11.09	44.56
72	28.32	15.69	10.19	45.80
73	28.78	14.70	9.27	47.25
74	29.03	14.26	8.61	48.11
75	29.35	13.79	8.18	48.68
76	27.94	15.42	12.11	44.53
77	27.65	15.15	9.84	47.36
78	28.02	14.17	8.54	49.26
79	27.97	13.91	7.93	50.20
80	28.16	13.85	7.45	50.54
81	28.24	13.87	7.52	50.37
82	28.50	13.52	7.59	50.39
83	28.23	13.75	7.47	50.55
84	28.10	13.96	7.80	50.14
85	28.37	13.94	8.02	49.66
86	28.55	13.71	7.81	49.93
87	28.47	13.75	7.80	49.98
88	28.54	13.62	7.65	50.19
89	28.47	13.72	7.82	50.00
90	28.49	13.67	7.80	50.03
91	28.76	13.57	7.83	49.85
92	28.75	13.57	7.60	50.08
93	29.20	13.32	7.73	49.75
94	29.07	13.52	7.78	49.63
95	29.13	13.29	7.88	49.71
96	29.25	13.24	7.58	49.93
97	29.47	12.98	7.64	49.91
98	29.53	13.27	7.86	49.34
99	29.53	13.29	7.91	49.27
100	29.66	13.25	7.79	49.30
101	30.25	14.04	9.98	45.74




