Parameters
	Library type	Single-end
	Input file	jamie_no-index_L007_R1_0007.fastq
	Primer/Adaptor library	NA
	Cut-off read length for HQ	70%
	Cut-off quality score	20
	Only statistics	On
	Number of processes	2


QC statistics
	File name	jamie_no-index_L007_R1_0007.fastq
	Total number of reads	4000000
	Total number of HQ reads	2261387
	Percentage of HQ reads	56.53%
	Total number of bases	404000000
	Total number of bases in HQ reads	228400087
	Total number of HQ bases in HQ reads	204715290
	Percentage of HQ bases in HQ reads	89.63%
	Number of Primer/Adaptor contaminated HQ reads	NA
	Total number of HQ filtered reads	2261387
	Percentage of HQ filtered reads	56.53%


Detailed QC statistics
	File name	jamie_no-index_L007_R1_0007.fastq
	Minimum read length	101
	Maximum read length	101
	Average read length	101.00
	Total number of reads	4000000
	Total number of reads with non-ATGC bases	2023
	Percentage of reads with non-ATGC bases	0.05%
	Total number of bases	404000000
	Total number of HQ bases	312520556
	Percentage of HQ bases	77.36%
	Total number of non-ATGC bases	23964
	Percentage of non-ATGC bases	0.01%


Average quality score at each base position of input reads

jamie_no-index_L007_R1_0007.fastq
32.20	32.58	32.35	36.08	36.09	34.02	34.34	34.10	35.90	35.61	36.24	36.34	36.38	38.37	38.09	38.13	38.45	38.68	38.40	38.46	38.53	38.21	38.39	37.96	37.91	37.77	38.12	37.60	37.77	37.73	38.08	38.00	38.01	38.28	37.48	37.46	37.50	37.56	37.57	37.53	37.82	37.59	37.69	37.89	38.05	37.53	37.42	37.45	37.45	37.23	37.02	35.93	33.89	32.08	30.02	28.11	26.03	24.37	22.85	21.01	19.79	16.94	16.90	16.54	15.83	16.42	16.89	18.18	19.38	20.66	21.74	22.26	22.69	22.95	23.08	22.49	22.87	23.29	23.59	23.58	23.53	23.49	23.54	23.50	23.41	23.38	23.30	23.32	23.31	23.33	23.26	23.31	23.28	23.25	23.25	23.24	23.20	23.13	23.12	23.07	22.28	




Read count (%) per base for different quality score ranges

	jamie_no-index_L007_R1_0007.fastq
Ranges	0-10	11-20	21-30	31-40
Base
1	0.00	2.02	7.14	90.84
2	0.00	0.96	3.88	95.16
3	0.00	1.40	6.43	92.17
4	0.00	1.95	2.16	95.88
5	0.00	2.24	2.04	95.72
6	0.08	5.26	5.57	89.09
7	0.03	5.78	4.89	89.30
8	0.03	3.08	4.69	92.21
9	0.03	2.29	2.13	95.55
10	0.02	2.30	2.93	94.76
11	0.03	1.44	1.71	96.81
12	0.02	1.36	1.56	97.07
13	0.02	1.04	1.70	97.24
14	0.02	1.05	1.83	97.10
15	0.05	1.13	1.39	97.43
16	0.02	1.18	1.43	97.38
17	0.02	1.05	1.03	97.89
18	0.03	0.69	1.20	98.08
19	0.11	1.20	1.34	97.35
20	0.05	1.23	1.30	97.41
21	0.06	0.96	1.27	97.71
22	0.05	1.26	1.65	97.04
23	0.02	1.05	1.27	97.65
24	0.11	1.46	2.15	96.28
25	0.14	1.66	1.96	96.23
26	0.17	1.96	2.20	95.68
27	0.11	1.49	1.61	96.79
28	0.28	1.61	1.97	96.14
29	0.31	1.45	1.85	96.39
30	0.38	1.51	2.06	96.06
31	0.15	1.21	1.60	97.04
32	0.31	0.98	1.88	96.83
33	0.34	0.91	1.87	96.87
34	0.21	0.90	1.36	97.54
35	0.65	1.12	2.08	96.15
36	0.49	1.25	2.64	95.63
37	0.61	1.25	2.50	95.64
38	0.71	1.34	2.55	95.40
39	0.55	1.30	2.55	95.60
40	0.74	1.26	2.52	95.48
41	0.42	1.17	2.06	96.36
42	0.64	1.03	2.65	95.68
43	0.68	1.03	2.39	95.90
44	0.56	0.98	2.20	96.26
45	0.26	1.02	2.04	96.68
46	0.69	0.97	2.76	95.59
47	0.74	1.23	3.10	94.93
48	0.61	1.23	3.41	94.75
49	0.60	1.23	3.37	94.80
50	0.67	1.40	4.00	93.93
51	0.75	1.46	4.43	93.37
52	0.95	2.07	7.08	89.90
53	1.47	3.32	11.52	83.69
54	1.71	6.38	17.51	74.39
55	1.97	12.12	21.45	64.46
56	2.72	20.88	20.06	56.34
57	3.78	28.89	20.71	46.62
58	5.48	33.23	22.56	38.73
59	7.99	35.87	24.49	31.65
60	11.22	39.61	25.26	23.91
61	13.44	42.13	25.55	18.88
62	22.56	45.33	21.36	10.75
63	20.87	47.56	22.01	9.57
64	23.34	46.28	21.24	9.14
65	27.94	44.11	19.61	8.34
66	25.62	43.53	21.44	9.41
67	29.45	35.38	22.42	12.75
68	28.57	30.18	22.92	18.33
69	29.16	24.43	21.64	24.77
70	29.43	19.97	18.28	32.32
71	28.46	18.38	14.83	38.32
72	28.10	17.78	13.03	41.09
73	28.66	16.17	11.34	43.83
74	28.70	15.59	10.32	45.39
75	29.16	14.88	9.50	46.46
76	27.52	16.54	13.22	42.73
77	27.78	15.73	10.73	45.76
78	28.11	14.71	9.10	48.08
79	28.05	14.49	7.91	49.55
80	28.46	14.30	7.71	49.54
81	28.59	14.28	7.79	49.34
82	28.46	14.35	8.13	49.06
83	28.46	14.18	7.82	49.53
84	28.67	14.09	7.55	49.69
85	28.85	14.14	7.81	49.20
86	28.82	14.14	8.05	48.99
87	28.94	14.14	8.12	48.80
88	28.99	13.99	7.83	49.20
89	28.99	14.05	7.84	49.13
90	29.18	13.70	7.84	49.28
91	29.42	13.64	7.65	49.28
92	29.25	13.73	7.58	49.44
93	29.39	13.63	7.76	49.23
94	29.62	13.41	7.60	49.36
95	29.84	13.19	7.37	49.61
96	29.64	13.43	7.53	49.39
97	29.64	13.53	7.60	49.23
98	29.77	13.56	7.84	48.82
99	29.88	13.46	7.76	48.90
100	30.03	13.44	7.69	48.83
101	30.81	14.26	10.15	44.78




