Parameters
	Library type	Single-end
	Input file	jamie_no-index_L007_R1_0014.fastq
	Primer/Adaptor library	NA
	Cut-off read length for HQ	70%
	Cut-off quality score	20
	Only statistics	On
	Number of processes	2


QC statistics
	File name	jamie_no-index_L007_R1_0014.fastq
	Total number of reads	4000000
	Total number of HQ reads	2086282
	Percentage of HQ reads	52.16%
	Total number of bases	404000000
	Total number of bases in HQ reads	210714482
	Total number of HQ bases in HQ reads	176315226
	Percentage of HQ bases in HQ reads	83.67%
	Number of Primer/Adaptor contaminated HQ reads	NA
	Total number of HQ filtered reads	2086282
	Percentage of HQ filtered reads	52.16%


Detailed QC statistics
	File name	jamie_no-index_L007_R1_0014.fastq
	Minimum read length	101
	Maximum read length	101
	Average read length	101.00
	Total number of reads	4000000
	Total number of reads with non-ATGC bases	1836
	Percentage of reads with non-ATGC bases	0.05%
	Total number of bases	404000000
	Total number of HQ bases	298184308
	Percentage of HQ bases	73.81%
	Total number of non-ATGC bases	5019
	Percentage of non-ATGC bases	0.00%


Average quality score at each base position of input reads

jamie_no-index_L007_R1_0014.fastq
32.44	32.74	32.54	36.20	36.39	34.90	35.26	35.25	36.38	36.13	36.52	36.50	36.50	38.60	38.22	38.09	38.23	38.31	38.44	38.56	38.49	38.36	38.42	38.02	37.77	37.67	37.84	37.56	37.85	37.85	38.03	37.93	37.89	37.91	37.09	37.09	37.31	37.43	37.28	37.31	37.41	37.14	37.41	37.60	37.75	37.51	37.54	37.60	37.63	37.29	37.01	35.37	32.59	30.99	29.43	27.50	25.42	23.85	22.33	20.83	19.82	19.62	18.21	16.86	16.42	16.83	15.91	16.08	16.70	16.78	16.96	17.44	18.16	18.89	19.40	19.50	19.81	20.30	20.51	20.66	20.80	20.79	21.05	20.91	20.80	20.58	20.72	20.49	20.56	20.52	20.63	20.72	20.66	20.83	20.93	20.93	20.70	20.64	20.70	20.67	19.78	




Read count (%) per base for different quality score ranges

	jamie_no-index_L007_R1_0014.fastq
Ranges	0-10	11-20	21-30	31-40
Base
1	0.00	0.90	6.35	92.74
2	0.01	0.35	3.12	96.52
3	0.00	0.76	5.22	94.03
4	0.01	1.42	2.07	96.50
5	0.00	1.04	1.72	97.24
6	0.05	2.78	4.45	92.72
7	0.02	2.90	3.85	93.23
8	0.02	0.93	3.02	96.03
9	0.02	0.67	1.62	97.69
10	0.02	0.88	2.27	96.83
11	0.02	0.57	1.41	98.00
12	0.02	0.70	1.47	97.80
13	0.02	0.70	1.47	97.81
14	0.02	0.82	1.50	97.66
15	0.03	0.93	1.63	97.41
16	0.03	1.25	1.84	96.88
17	0.04	1.12	1.84	97.01
18	0.15	1.13	2.17	96.54
19	0.05	0.78	1.58	97.59
20	0.03	0.79	1.25	97.93
21	0.06	0.81	1.55	97.58
22	0.03	0.72	1.58	97.67
23	0.04	0.79	1.33	97.83
24	0.10	1.20	2.42	96.28
25	0.21	1.66	2.56	95.57
26	0.23	1.94	2.53	95.31
27	0.25	1.28	2.35	96.12
28	0.35	1.25	2.28	96.13
29	0.16	1.00	1.92	96.92
30	0.35	1.02	1.97	96.66
31	0.26	0.83	1.77	97.14
32	0.36	0.79	2.20	96.66
33	0.40	0.86	2.23	96.50
34	0.45	0.99	2.22	96.34
35	1.01	1.41	2.99	94.59
36	0.79	1.63	3.42	94.16
37	0.66	1.38	3.10	94.86
38	0.83	1.37	3.06	94.74
39	0.76	1.55	3.43	94.26
40	0.84	1.34	3.29	94.53
41	0.70	1.18	3.21	94.91
42	0.99	1.30	3.59	94.13
43	0.71	1.11	3.08	95.10
44	0.63	1.13	2.93	95.31
45	0.40	1.05	2.80	95.76
46	0.47	0.91	3.11	95.51
47	0.55	0.91	3.09	95.45
48	0.42	1.00	3.29	95.30
49	0.47	0.91	3.33	95.29
50	0.53	1.17	4.40	93.90
51	0.77	1.39	4.71	93.14
52	1.20	2.71	9.56	86.53
53	1.76	6.86	15.29	76.09
54	2.08	12.19	16.22	69.52
55	2.16	18.38	16.16	63.30
56	2.80	24.12	19.66	53.42
57	4.56	30.77	20.73	43.94
58	6.56	33.87	23.18	36.39
59	10.51	34.64	24.62	30.22
60	14.05	37.40	23.59	24.96
61	15.02	40.12	24.72	20.14
62	14.93	41.22	24.81	19.05
63	18.62	43.35	23.63	14.39
64	23.21	44.88	21.13	10.78
65	22.23	48.73	20.61	8.43
66	20.20	48.25	23.02	8.53
67	25.68	46.63	20.04	7.66
68	25.65	45.77	20.26	8.31
69	24.09	44.10	21.87	9.95
70	24.85	42.09	22.78	10.28
71	27.30	38.30	22.01	12.39
72	27.39	35.93	21.86	14.82
73	27.86	32.04	21.52	18.58
74	27.70	29.40	20.40	22.50
75	28.66	26.36	19.16	25.83
76	26.40	27.97	20.90	24.72
77	27.67	25.67	18.95	27.71
78	26.73	25.52	17.63	30.11
79	27.50	24.24	16.43	31.82
80	28.45	23.38	14.56	33.61
81	27.32	24.10	15.12	33.47
82	28.88	22.98	13.22	34.91
83	28.39	22.60	12.82	36.18
84	26.55	24.98	14.31	34.15
85	28.75	22.84	13.46	34.94
86	29.03	24.07	12.55	34.35
87	28.64	23.69	12.99	34.68
88	27.91	25.25	13.86	32.98
89	29.37	23.30	12.88	34.45
90	30.76	22.45	11.29	35.50
91	30.27	22.62	11.30	35.81
92	30.19	22.04	11.77	35.99
93	31.17	21.47	10.94	36.43
94	30.76	21.33	10.72	37.19
95	30.87	20.75	10.56	37.82
96	30.31	21.58	10.56	37.55
97	31.53	20.99	10.38	37.09
98	31.29	21.84	10.11	36.76
99	31.06	21.72	10.27	36.95
100	31.69	21.02	10.18	37.12
101	34.15	21.55	10.13	34.17




