Parameters
	Library type	Single-end
	Input file	/Volumes/wdhd/users/joaks1/projects/gekgo/data/genomes/msg/plate1/raw/jamie_no-index_L007_R1_0015.fastq
	Primer/Adaptor library	NA
	Cut-off read length for HQ	70%
	Cut-off quality score	20
	Only statistics	On
	Number of processes	2


QC statistics
	File name	jamie_no-index_L007_R1_0015.fastq
	Total number of reads	4000000
	Total number of HQ reads	2311979
	Percentage of HQ reads	57.80%
	Total number of bases	404000000
	Total number of bases in HQ reads	233509879
	Total number of HQ bases in HQ reads	207765789
	Percentage of HQ bases in HQ reads	88.98%
	Number of Primer/Adaptor contaminated HQ reads	NA
	Total number of HQ filtered reads	2311979
	Percentage of HQ filtered reads	57.80%


Detailed QC statistics
	File name	jamie_no-index_L007_R1_0015.fastq
	Minimum read length	101
	Maximum read length	101
	Average read length	101.00
	Total number of reads	4000000
	Total number of reads with non-ATGC bases	1629
	Percentage of reads with non-ATGC bases	0.04%
	Total number of bases	404000000
	Total number of HQ bases	313614052
	Percentage of HQ bases	77.63%
	Total number of non-ATGC bases	5875
	Percentage of non-ATGC bases	0.00%


Average quality score at each base position of input reads

jamie_no-index_L007_R1_0015.fastq
32.38	32.74	32.52	36.27	36.33	34.64	35.06	35.22	36.30	36.11	36.52	36.58	36.54	38.57	38.36	38.35	38.59	38.76	38.57	38.61	38.63	38.31	38.48	38.06	37.98	37.92	38.21	37.78	37.84	37.97	38.20	38.02	38.09	38.32	37.61	37.48	37.65	37.73	37.63	37.74	37.98	37.67	37.90	38.08	38.15	37.50	37.50	37.46	37.52	37.31	37.03	35.40	32.71	30.76	28.77	27.20	25.60	24.00	22.47	21.10	19.39	19.01	17.19	16.82	15.88	16.27	16.35	17.51	18.90	19.98	21.02	21.88	22.63	23.19	23.38	22.96	23.29	23.70	23.96	24.03	23.97	24.01	23.98	23.93	23.81	23.69	23.69	23.70	23.63	23.62	23.57	23.58	23.52	23.54	23.59	23.55	23.51	23.45	23.38	23.29	22.63	




Read count (%) per base for different quality score ranges

	jamie_no-index_L007_R1_0015.fastq
Ranges	0-10	11-20	21-30	31-40
Base
1	0.00	1.09	6.98	91.93
2	0.01	0.34	3.16	96.49
3	0.00	0.79	5.38	93.83
4	0.00	1.26	1.81	96.93
5	0.00	1.32	1.74	96.93
6	0.03	3.14	5.32	91.51
7	0.02	3.23	4.38	92.38
8	0.02	1.23	3.18	95.57
9	0.02	0.87	1.84	97.27
10	0.02	0.81	2.19	96.98
11	0.01	0.58	1.40	98.00
12	0.01	0.57	1.27	98.15
13	0.01	0.65	1.30	98.04
14	0.01	0.87	1.46	97.67
15	0.01	0.58	1.03	98.38
16	0.01	0.72	0.99	98.28
17	0.01	0.56	0.82	98.61
18	0.02	0.38	0.93	98.67
19	0.05	0.48	1.36	98.11
20	0.02	0.57	1.02	98.39
21	0.02	0.51	0.91	98.55
22	0.03	0.65	1.53	97.79
23	0.01	0.54	0.97	98.48
24	0.06	0.92	2.08	96.93
25	0.11	1.14	1.79	96.96
26	0.11	1.35	1.79	96.75
27	0.06	1.02	1.38	97.54
28	0.17	0.93	1.71	97.19
29	0.17	0.93	1.79	97.10
30	0.17	0.77	1.62	97.44
31	0.11	0.72	1.21	97.96
32	0.29	0.74	1.72	97.25
33	0.22	0.71	1.57	97.50
34	0.13	0.67	1.26	97.93
35	0.33	0.72	1.97	96.98
36	0.35	0.98	2.66	96.01
37	0.33	0.93	2.35	96.39
38	0.39	0.95	2.34	96.32
39	0.35	1.15	2.45	96.05
40	0.32	0.93	2.19	96.55
41	0.21	0.84	1.74	97.21
42	0.40	0.81	2.64	96.15
43	0.29	0.62	2.05	97.03
44	0.30	0.62	1.91	97.17
45	0.24	0.64	1.76	97.36
46	0.50	0.74	2.91	95.85
47	0.39	0.84	3.13	95.65
48	0.43	0.98	3.34	95.25
49	0.33	0.87	3.37	95.43
50	0.40	1.04	3.93	94.62
51	0.47	1.19	4.61	93.73
52	1.04	2.25	9.14	87.57
53	1.21	5.22	17.05	76.53
54	1.64	10.35	20.93	67.08
55	1.88	18.42	21.11	58.58
56	2.60	26.50	18.59	52.31
57	3.52	32.11	19.63	44.74
58	5.55	35.64	21.43	37.37
59	8.53	37.67	23.33	30.47
60	10.71	40.97	23.52	24.80
61	14.58	43.47	23.75	18.19
62	14.77	45.07	23.67	16.49
63	20.54	47.19	21.13	11.14
64	20.11	49.68	20.95	9.25
65	26.26	46.67	18.98	8.08
66	25.24	45.54	20.22	9.01
67	29.24	39.56	20.15	11.06
68	29.13	33.01	22.24	15.62
69	25.55	30.86	23.26	20.33
70	26.89	24.69	21.80	26.62
71	27.77	20.75	18.14	33.35
72	27.98	18.42	14.93	38.67
73	28.32	16.02	12.58	43.09
74	28.33	14.92	10.34	46.41
75	28.94	13.98	9.17	47.90
76	27.41	15.21	11.83	45.54
77	27.94	14.37	9.41	48.27
78	27.83	13.95	8.23	49.99
79	28.31	13.28	6.89	51.52
80	28.17	13.45	6.72	51.65
81	28.23	13.48	6.90	51.39
82	28.47	13.08	6.52	51.93
83	28.45	13.19	6.51	51.85
84	28.23	13.48	6.66	51.63
85	28.80	13.03	6.93	51.24
86	28.63	13.49	7.29	50.60
87	28.64	13.33	7.26	50.77
88	28.97	12.91	6.93	51.19
89	29.14	12.98	7.01	50.86
90	29.19	12.94	7.00	50.87
91	29.39	12.73	7.11	50.78
92	29.43	12.74	6.76	51.06
93	29.67	12.62	6.91	50.80
94	29.73	12.57	6.68	51.02
95	29.86	12.34	6.34	51.47
96	29.97	12.33	6.34	51.36
97	30.01	12.33	6.50	51.15
98	30.15	12.31	6.73	50.81
99	30.24	12.32	6.81	50.63
100	30.43	12.26	7.08	50.22
101	30.84	12.98	9.43	46.75




