Parameters
	Library type	Single-end
	Input file	/Volumes/wdhd/users/joaks1/projects/gekgo/data/genomes/msg/plate1/demultiplexed-trimmed/CDS_1768_Cyrtodactylus_annulatus_Cebu_R1.trimmed.fq
	Primer/Adaptor library	NA
	Cut-off read length for HQ	70%
	Cut-off quality score	20
	Only statistics	On
	Number of processes	2


QC statistics
	File name	CDS_1768_Cyrtodactylus_annulatus_Cebu_R1.trimmed.fq
	Total number of reads	7203
	Total number of HQ reads	7153
	Percentage of HQ reads	99.31%
	Total number of bases	556173
	Total number of bases in HQ reads	553507
	Total number of HQ bases in HQ reads	506703
	Percentage of HQ bases in HQ reads	91.54%
	Number of Primer/Adaptor contaminated HQ reads	NA
	Total number of HQ filtered reads	7153
	Percentage of HQ filtered reads	99.31%


Detailed QC statistics
	File name	CDS_1768_Cyrtodactylus_annulatus_Cebu_R1.trimmed.fq
	Minimum read length	12
	Maximum read length	95
	Average read length	77.21
	Total number of reads	7203
	Total number of reads with non-ATGC bases	0
	Percentage of reads with non-ATGC bases	0.00%
	Total number of bases	556173
	Total number of HQ bases	508227
	Percentage of HQ bases	91.38%
	Total number of non-ATGC bases	0
	Percentage of non-ATGC bases	0.00%


Average quality score at each base position of input reads

CDS_1768_Cyrtodactylus_annulatus_Cebu_R1.trimmed.fq
35.81	35.91	36.36	35.84	36.42	36.47	36.24	38.57	37.80	37.50	37.61	37.95	37.80	37.79	37.88	37.46	37.68	37.05	37.01	36.88	37.30	36.70	36.72	36.78	37.07	36.82	36.90	37.34	36.54	36.23	36.44	36.47	36.30	36.38	36.72	36.22	36.44	36.68	36.78	36.03	35.79	35.63	35.40	34.96	34.61	33.24	31.59	29.15	26.13	22.79	20.07	18.35	16.97	15.53	14.53	13.94	13.54	13.53	13.83	14.31	15.51	16.68	17.86	18.91	19.81	20.24	20.77	21.08	21.21	20.60	20.82	21.06	21.20	21.19	21.04	21.08	21.06	20.93	20.86	20.82	20.77	20.71	20.64	20.71	20.54	20.54	20.51	20.51	20.59	20.61	20.54	20.51	20.47	20.45	19.76	




Read count (%) per base for different quality score ranges

	CDS_1768_Cyrtodactylus_annulatus_Cebu_R1.trimmed.fq
Ranges	0-10	11-20	21-30	31-40
Base
1	0.00	2.78	2.17	95.06
2	0.00	1.85	1.26	96.89
3	0.00	1.82	1.11	97.07
4	0.00	1.92	1.47	96.61
5	0.00	1.64	1.14	97.22
6	0.00	1.65	0.85	97.50
7	0.00	2.05	1.67	96.28
8	0.00	2.18	1.50	96.32
9	0.00	2.71	2.37	94.92
10	0.00	2.90	2.19	94.90
11	0.00	2.78	1.87	95.35
12	0.00	2.04	2.00	95.96
13	0.00	2.03	2.67	95.31
14	0.00	2.53	2.19	95.28
15	0.00	2.04	2.29	95.67
16	0.00	2.08	2.93	94.99
17	0.00	1.89	2.28	95.83
18	0.00	2.61	3.14	94.25
19	0.00	2.61	3.06	94.33
20	0.00	2.68	3.28	94.04
21	0.00	2.31	2.53	95.17
22	0.00	2.46	3.11	94.43
23	0.00	2.54	2.96	94.49
24	0.00	2.34	3.21	94.45
25	0.00	2.06	2.46	95.48
26	0.00	2.05	3.16	94.79
27	0.00	2.02	2.97	95.01
28	0.00	1.69	2.37	95.94
29	0.00	1.66	3.17	95.17
30	0.00	2.18	3.91	93.91
31	0.00	2.00	3.51	94.49
32	0.00	2.05	3.33	94.62
33	0.00	1.96	3.83	94.20
34	0.00	1.65	3.35	95.01
35	0.00	1.34	2.73	95.93
36	0.00	1.34	3.45	95.21
37	0.00	1.19	2.51	96.30
38	0.00	0.98	2.56	96.46
39	0.00	0.97	2.08	96.95
40	0.00	1.01	3.32	95.67
41	0.00	1.13	3.39	95.48
42	0.00	1.33	3.51	95.16
43	0.00	1.24	3.68	95.08
44	0.00	1.67	3.94	94.39
45	0.00	1.40	4.45	94.15
46	0.00	2.68	7.77	89.56
47	0.00	4.82	13.04	82.14
48	0.00	10.68	17.70	71.62
49	0.00	18.85	24.10	57.05
50	0.00	35.03	21.56	43.41
51	0.00	48.70	17.35	33.96
52	0.00	54.58	16.32	29.10
53	0.00	58.88	15.13	25.98
54	0.00	64.87	13.07	22.06
55	0.00	65.96	14.26	19.77
56	0.00	66.37	15.04	18.59
57	0.00	64.93	17.44	17.63
58	0.00	61.20	20.24	18.57
59	0.00	54.89	23.80	21.31
60	0.00	47.80	27.09	25.10
61	0.00	36.13	30.32	33.55
62	0.00	26.88	29.89	43.23
63	0.00	18.71	27.26	54.03
64	0.00	12.55	23.62	63.83
65	0.00	8.66	18.69	72.65
66	0.00	7.02	15.12	77.86
67	0.00	4.22	12.63	83.16
68	0.00	2.94	11.07	85.99
69	0.00	2.35	8.90	88.75
70	0.00	1.62	11.61	86.77
71	0.00	1.65	8.87	89.48
72	0.00	1.49	7.23	91.28
73	0.00	1.82	5.87	92.32
74	0.00	1.56	6.69	91.74
75	0.00	1.71	6.37	91.93
76	0.00	1.15	5.95	92.90
77	0.00	1.03	5.19	93.78
78	0.00	1.01	5.62	93.37
79	0.00	0.87	6.20	92.93
80	0.00	0.90	5.48	93.63
81	0.00	0.94	5.69	93.36
82	0.00	1.16	5.55	93.29
83	0.00	1.21	6.20	92.59
84	0.00	0.92	5.52	93.56
85	0.00	1.14	6.31	92.55
86	0.00	0.93	6.41	92.67
87	0.00	0.95	5.97	93.08
88	0.00	0.71	5.71	93.57
89	0.00	0.45	5.10	94.45
90	0.00	0.38	4.70	94.92
91	0.00	0.43	5.13	94.44
92	0.00	0.57	5.40	94.03
93	0.00	0.41	5.47	94.12
94	0.00	0.57	4.71	94.71
95	0.00	1.54	10.11	88.36




