Parameters
	Library type	Single-end
	Input file	/Volumes/wdhd/users/joaks1/projects/gekgo/data/genomes/msg/plate1/demultiplexed-trimmed/CDS_4658_Cyrtodactylus_annulatus_Bohol_R1.trimmed.fq
	Primer/Adaptor library	NA
	Cut-off read length for HQ	70%
	Cut-off quality score	20
	Only statistics	On
	Number of processes	2


QC statistics
	File name	CDS_4658_Cyrtodactylus_annulatus_Bohol_R1.trimmed.fq
	Total number of reads	151925
	Total number of HQ reads	150781
	Percentage of HQ reads	99.25%
	Total number of bases	11686982
	Total number of bases in HQ reads	11633071
	Total number of HQ bases in HQ reads	10648941
	Percentage of HQ bases in HQ reads	91.54%
	Number of Primer/Adaptor contaminated HQ reads	NA
	Total number of HQ filtered reads	150781
	Percentage of HQ filtered reads	99.25%


Detailed QC statistics
	File name	CDS_4658_Cyrtodactylus_annulatus_Bohol_R1.trimmed.fq
	Minimum read length	12
	Maximum read length	95
	Average read length	76.93
	Total number of reads	151925
	Total number of reads with non-ATGC bases	0
	Percentage of reads with non-ATGC bases	0.00%
	Total number of bases	11686982
	Total number of HQ bases	10681376
	Percentage of HQ bases	91.40%
	Total number of non-ATGC bases	0
	Percentage of non-ATGC bases	0.00%


Average quality score at each base position of input reads

CDS_4658_Cyrtodactylus_annulatus_Bohol_R1.trimmed.fq
35.97	35.97	36.33	35.76	36.36	36.41	36.20	38.47	37.83	37.48	37.62	37.90	37.78	37.75	37.83	37.45	37.65	37.03	36.93	36.74	37.17	36.63	36.70	36.79	37.05	36.89	36.91	37.31	36.48	36.15	36.28	36.33	36.06	36.17	36.52	36.00	36.18	36.33	36.52	35.76	35.56	35.32	35.12	34.72	34.37	33.03	31.25	28.71	25.90	22.67	20.06	18.19	16.68	15.44	14.39	13.72	13.43	13.31	13.73	14.23	15.38	16.57	17.61	18.62	19.55	20.11	20.63	20.96	21.09	20.47	20.72	20.95	21.15	21.14	21.04	21.05	21.02	20.85	20.78	20.73	20.72	20.64	20.60	20.59	20.50	20.45	20.44	20.45	20.49	20.48	20.43	20.38	20.31	20.24	19.58	




Read count (%) per base for different quality score ranges

	CDS_4658_Cyrtodactylus_annulatus_Bohol_R1.trimmed.fq
Ranges	0-10	11-20	21-30	31-40
Base
1	0.00	2.73	2.02	95.25
2	0.00	1.95	1.27	96.78
3	0.00	1.86	1.17	96.96
4	0.00	2.13	1.93	95.94
5	0.00	1.80	1.29	96.90
6	0.00	1.78	1.14	97.08
7	0.00	2.10	1.86	96.04
8	0.00	2.31	1.60	96.09
9	0.00	2.56	2.35	95.09
10	0.00	2.73	2.52	94.75
11	0.00	2.57	2.17	95.27
12	0.00	2.23	1.96	95.81
13	0.00	2.22	2.59	95.19
14	0.00	2.32	2.55	95.12
15	0.00	2.17	2.32	95.51
16	0.00	2.21	3.02	94.77
17	0.00	2.05	2.38	95.57
18	0.00	2.51	3.58	93.91
19	0.00	2.80	3.54	93.66
20	0.00	2.95	3.66	93.38
21	0.00	2.49	2.81	94.70
22	0.00	2.54	3.28	94.18
23	0.00	2.37	3.20	94.43
24	0.00	2.32	2.95	94.72
25	0.00	2.19	2.57	95.24
26	0.00	2.09	3.13	94.78
27	0.00	2.02	3.03	94.95
28	0.00	1.75	2.29	95.97
29	0.00	1.78	3.23	94.99
30	0.00	2.14	3.95	93.91
31	0.00	1.87	3.73	94.40
32	0.00	1.94	3.64	94.41
33	0.00	2.03	3.93	94.04
34	0.00	1.67	3.44	94.89
35	0.00	1.30	2.48	96.22
36	0.00	1.23	3.61	95.16
37	0.00	1.01	2.86	96.12
38	0.00	0.96	2.59	96.45
39	0.00	0.87	2.11	97.02
40	0.00	0.91	3.10	95.99
41	0.00	1.05	3.21	95.74
42	0.00	1.24	3.59	95.17
43	0.00	1.28	3.75	94.97
44	0.00	1.52	4.27	94.21
45	0.00	1.52	4.69	93.79
46	0.00	2.48	7.88	89.64
47	0.00	5.29	13.28	81.43
48	0.00	10.84	19.32	69.84
49	0.00	19.68	23.03	57.29
50	0.00	34.25	21.87	43.88
51	0.00	46.92	18.44	34.64
52	0.00	54.23	16.47	29.30
53	0.00	59.49	15.25	25.26
54	0.00	63.73	13.54	22.73
55	0.00	66.01	14.39	19.60
56	0.00	66.87	14.87	18.26
57	0.00	65.36	16.56	18.08
58	0.00	62.52	18.98	18.50
59	0.00	54.99	24.10	20.91
60	0.00	47.91	27.07	25.02
61	0.00	36.66	30.25	33.09
62	0.00	26.58	30.29	43.13
63	0.00	19.23	28.03	52.74
64	0.00	13.18	24.25	62.57
65	0.00	8.92	19.06	72.02
66	0.00	6.40	15.59	78.01
67	0.00	4.20	12.62	83.17
68	0.00	3.02	10.21	86.77
69	0.00	2.36	9.30	88.34
70	0.00	1.58	12.35	86.07
71	0.00	1.85	8.77	89.38
72	0.00	1.81	7.55	90.64
73	0.00	1.60	6.32	92.08
74	0.00	1.48	6.14	92.38
75	0.00	1.42	6.56	92.02
76	0.00	1.10	6.14	92.76
77	0.00	0.97	5.64	93.39
78	0.00	1.02	6.41	92.57
79	0.00	1.14	6.37	92.49
80	0.00	0.97	6.39	92.64
81	0.00	0.86	5.94	93.20
82	0.00	0.88	6.28	92.84
83	0.00	1.07	5.89	93.04
84	0.00	0.91	5.80	93.28
85	0.00	0.88	6.09	93.03
86	0.00	0.92	6.23	92.85
87	0.00	0.82	6.25	92.93
88	0.00	0.68	5.80	93.52
89	0.00	0.52	5.17	94.31
90	0.00	0.53	5.12	94.35
91	0.00	0.47	5.29	94.24
92	0.00	0.54	5.39	94.07
93	0.00	0.57	5.58	93.84
94	0.00	0.62	5.93	93.45
95	0.00	1.56	10.49	87.95




