Parameters
	Library type	Single-end
	Input file	/Volumes/wdhd/users/joaks1/projects/gekgo/data/genomes/msg/plate1/demultiplexed-trimmed/CDS_3932_Cyrtodactylus_philippinicus_Lubang_R1.trimmed.fq
	Primer/Adaptor library	NA
	Cut-off read length for HQ	70%
	Cut-off quality score	20
	Only statistics	On
	Number of processes	2


QC statistics
	File name	CDS_3932_Cyrtodactylus_philippinicus_Lubang_R1.trimmed.fq
	Total number of reads	749999
	Total number of HQ reads	745288
	Percentage of HQ reads	99.37%
	Total number of bases	57396836
	Total number of bases in HQ reads	57179543
	Total number of HQ bases in HQ reads	52392253
	Percentage of HQ bases in HQ reads	91.63%
	Number of Primer/Adaptor contaminated HQ reads	NA
	Total number of HQ filtered reads	745288
	Percentage of HQ filtered reads	99.37%


Detailed QC statistics
	File name	CDS_3932_Cyrtodactylus_philippinicus_Lubang_R1.trimmed.fq
	Minimum read length	9
	Maximum read length	95
	Average read length	76.53
	Total number of reads	749999
	Total number of reads with non-ATGC bases	0
	Percentage of reads with non-ATGC bases	0.00%
	Total number of bases	57396836
	Total number of HQ bases	52522667
	Percentage of HQ bases	91.51%
	Total number of non-ATGC bases	0
	Percentage of non-ATGC bases	0.00%


Average quality score at each base position of input reads

CDS_3932_Cyrtodactylus_philippinicus_Lubang_R1.trimmed.fq
36.06	35.95	36.34	35.93	36.38	36.41	36.23	38.51	37.86	37.51	37.64	37.93	37.43	37.41	37.55	37.12	37.41	36.92	36.85	36.74	37.19	36.64	36.68	36.76	37.06	36.87	36.88	37.23	36.42	36.09	36.27	36.33	36.07	36.19	36.51	36.07	36.25	36.45	36.56	35.75	35.50	35.29	35.12	34.67	34.26	32.80	30.94	28.44	25.49	22.39	19.78	17.94	16.34	15.13	14.09	13.43	13.10	12.93	13.36	13.92	14.99	16.11	17.20	18.23	19.12	19.62	20.02	20.28	20.37	19.73	19.97	20.23	20.42	20.41	20.31	20.36	20.38	20.27	20.22	20.20	20.19	20.12	20.11	20.12	20.02	20.02	20.02	20.03	20.07	20.05	20.00	19.94	19.91	19.90	19.27	




Read count (%) per base for different quality score ranges

	CDS_3932_Cyrtodactylus_philippinicus_Lubang_R1.trimmed.fq
Ranges	0-10	11-20	21-30	31-40
Base
1	0.00	2.73	1.97	95.30
2	0.00	2.01	1.35	96.64
3	0.00	1.93	1.19	96.88
4	0.00	1.98	1.73	96.29
5	0.00	1.80	1.27	96.93
6	0.00	1.77	1.20	97.03
7	0.00	2.05	1.85	96.09
8	0.00	2.24	1.65	96.11
9	0.00	2.43	2.32	95.25
10	0.00	2.63	2.43	94.94
11	0.00	2.47	2.13	95.40
12	0.00	2.02	2.00	95.98
13	0.00	2.06	2.65	95.29
14	0.00	2.16	2.49	95.35
15	0.00	2.06	2.29	95.65
16	0.00	2.04	3.07	94.89
17	0.00	1.83	2.36	95.80
18	0.00	2.27	3.58	94.15
19	0.00	2.50	3.39	94.11
20	0.00	2.72	3.54	93.73
21	0.00	2.25	2.69	95.06
22	0.00	2.17	3.21	94.62
23	0.00	2.16	3.24	94.60
24	0.00	2.07	3.02	94.91
25	0.00	2.01	2.55	95.44
26	0.00	1.88	3.25	94.88
27	0.00	1.88	3.00	95.12
28	0.00	1.78	2.35	95.87
29	0.00	1.69	3.27	95.04
30	0.00	2.10	4.04	93.85
31	0.00	1.88	3.61	94.50
32	0.00	1.96	3.69	94.36
33	0.00	2.07	4.06	93.87
34	0.00	1.71	3.48	94.81
35	0.00	1.36	2.57	96.07
36	0.00	1.27	3.61	95.12
37	0.00	1.00	2.97	96.03
38	0.00	0.94	2.54	96.52
39	0.00	0.92	2.23	96.85
40	0.00	0.98	3.55	95.47
41	0.00	1.14	3.86	95.00
42	0.00	1.29	4.21	94.50
43	0.00	1.26	4.29	94.45
44	0.00	1.58	5.21	93.20
45	0.00	1.56	5.83	92.60
46	0.00	2.49	10.40	87.11
47	0.00	5.35	16.67	77.98
48	0.00	10.58	23.51	65.90
49	0.00	19.36	28.21	52.42
50	0.00	33.86	26.32	39.83
51	0.00	47.23	21.71	31.06
52	0.00	54.56	19.36	26.07
53	0.00	60.31	17.68	22.01
54	0.00	64.36	15.53	20.12
55	0.00	66.43	16.14	17.43
56	0.00	66.63	17.11	16.26
57	0.00	65.00	19.07	15.92
58	0.00	62.49	21.14	16.37
59	0.00	54.53	26.48	18.99
60	0.00	47.05	29.16	23.79
61	0.00	36.14	32.25	31.61
62	0.00	26.52	32.03	41.45
63	0.00	18.60	29.42	51.98
64	0.00	12.40	25.03	62.57
65	0.00	8.14	19.61	72.26
66	0.00	5.79	16.11	78.10
67	0.00	3.87	13.12	83.00
68	0.00	2.77	10.95	86.28
69	0.00	2.29	9.88	87.83
70	0.00	1.54	13.87	84.60
71	0.00	1.75	9.87	88.38
72	0.00	1.58	8.15	90.26
73	0.00	1.48	6.63	91.89
74	0.00	1.42	6.72	91.86
75	0.00	1.40	7.44	91.16
76	0.00	1.08	6.69	92.22
77	0.00	0.92	6.15	92.93
78	0.00	0.93	6.70	92.37
79	0.00	1.01	6.81	92.19
80	0.00	0.90	6.74	92.36
81	0.00	0.76	6.43	92.81
82	0.00	0.87	6.67	92.46
83	0.00	0.94	6.36	92.69
84	0.00	0.85	6.15	93.00
85	0.00	0.90	6.61	92.49
86	0.00	0.85	6.21	92.94
87	0.00	0.83	6.17	93.01
88	0.00	0.65	5.97	93.38
89	0.00	0.50	5.26	94.24
90	0.00	0.54	5.13	94.33
91	0.00	0.56	5.36	94.08
92	0.00	0.65	5.60	93.75
93	0.00	0.65	5.62	93.73
94	0.00	0.60	5.53	93.87
95	0.00	1.55	9.77	88.68




