Parameters
	Library type	Single-end
	Input file	/Volumes/wdhd/users/joaks1/projects/gekgo/data/genomes/msg/plate1/demultiplexed-trimmed/CDS_5724_Cyrtodactylus_philippinicus_Luzon_R1.trimmed.fq
	Primer/Adaptor library	NA
	Cut-off read length for HQ	70%
	Cut-off quality score	20
	Only statistics	On
	Number of processes	2


QC statistics
	File name	CDS_5724_Cyrtodactylus_philippinicus_Luzon_R1.trimmed.fq
	Total number of reads	958867
	Total number of HQ reads	953187
	Percentage of HQ reads	99.41%
	Total number of bases	73896734
	Total number of bases in HQ reads	73627413
	Total number of HQ bases in HQ reads	67452475
	Percentage of HQ bases in HQ reads	91.61%
	Number of Primer/Adaptor contaminated HQ reads	NA
	Total number of HQ filtered reads	953187
	Percentage of HQ filtered reads	99.41%


Detailed QC statistics
	File name	CDS_5724_Cyrtodactylus_philippinicus_Luzon_R1.trimmed.fq
	Minimum read length	8
	Maximum read length	95
	Average read length	77.07
	Total number of reads	958867
	Total number of reads with non-ATGC bases	0
	Percentage of reads with non-ATGC bases	0.00%
	Total number of bases	73896734
	Total number of HQ bases	67615172
	Percentage of HQ bases	91.50%
	Total number of non-ATGC bases	0
	Percentage of non-ATGC bases	0.00%


Average quality score at each base position of input reads

CDS_5724_Cyrtodactylus_philippinicus_Luzon_R1.trimmed.fq
35.68	34.66	36.37	35.89	36.44	36.47	36.27	38.56	37.89	37.54	37.68	37.97	37.81	37.81	37.85	37.43	37.61	37.04	36.95	36.81	37.24	36.69	36.74	36.81	37.13	36.97	37.00	37.38	36.57	36.24	36.44	36.50	36.25	36.39	36.71	36.28	36.47	36.67	36.83	36.04	35.83	35.63	35.47	35.06	34.63	33.27	31.51	29.01	26.04	22.89	20.12	18.20	16.51	15.31	14.32	13.66	13.36	13.14	13.60	14.17	15.26	16.42	17.57	18.61	19.57	20.12	20.58	20.88	21.00	20.35	20.61	20.89	21.07	21.06	20.95	20.97	20.98	20.85	20.79	20.74	20.72	20.62	20.60	20.59	20.48	20.48	20.47	20.48	20.52	20.48	20.42	20.37	20.33	20.31	19.69	




Read count (%) per base for different quality score ranges

	CDS_5724_Cyrtodactylus_philippinicus_Luzon_R1.trimmed.fq
Ranges	0-10	11-20	21-30	31-40
Base
1	0.00	2.48	1.96	95.56
2	0.00	1.79	1.26	96.94
3	0.00	1.67	1.04	97.30
4	0.00	1.79	1.56	96.65
5	0.00	1.62	1.07	97.31
6	0.00	1.64	0.99	97.37
7	0.00	1.95	1.69	96.36
8	0.00	2.16	1.47	96.37
9	0.00	2.39	2.19	95.43
10	0.00	2.57	2.30	95.13
11	0.00	2.40	1.96	95.64
12	0.00	2.00	1.86	96.14
13	0.00	2.02	2.52	95.46
14	0.00	2.11	2.33	95.55
15	0.00	2.01	2.12	95.87
16	0.00	2.02	2.84	95.14
17	0.00	1.80	2.20	96.00
18	0.00	2.23	3.43	94.34
19	0.00	2.50	3.25	94.25
20	0.00	2.74	3.42	93.84
21	0.00	2.28	2.53	95.20
22	0.00	2.29	3.07	94.64
23	0.00	2.20	3.08	94.71
24	0.00	2.16	2.89	94.95
25	0.00	2.06	2.38	95.56
26	0.00	1.92	3.04	95.04
27	0.00	1.82	2.81	95.36
28	0.00	1.67	2.18	96.15
29	0.00	1.67	3.06	95.27
30	0.00	2.00	3.88	94.12
31	0.00	1.73	3.48	94.79
32	0.00	1.78	3.51	94.71
33	0.00	1.90	3.82	94.28
34	0.00	1.52	3.23	95.25
35	0.00	1.21	2.32	96.47
36	0.00	1.11	3.32	95.58
37	0.00	0.91	2.69	96.40
38	0.00	0.85	2.33	96.82
39	0.00	0.82	1.94	97.24
40	0.00	0.91	3.05	96.05
41	0.00	1.03	3.28	95.69
42	0.00	1.23	3.56	95.22
43	0.00	1.18	3.59	95.23
44	0.00	1.53	4.29	94.19
45	0.00	1.53	4.78	93.69
46	0.00	2.41	8.27	89.33
47	0.00	5.19	13.57	81.24
48	0.00	10.51	19.71	69.78
49	0.00	19.30	24.30	56.40
50	0.00	33.63	23.02	43.35
51	0.00	47.48	18.62	33.89
52	0.00	55.09	16.41	28.50
53	0.00	61.03	15.29	23.68
54	0.00	64.83	13.81	21.36
55	0.00	66.62	14.58	18.80
56	0.00	66.73	15.86	17.41
57	0.00	64.88	17.95	17.18
58	0.00	62.99	19.63	17.37
59	0.00	54.82	25.09	20.09
60	0.00	47.44	27.81	24.75
61	0.00	36.55	31.00	32.45
62	0.00	26.89	30.81	42.30
63	0.00	18.67	28.64	52.68
64	0.00	12.72	24.38	62.89
65	0.00	8.24	19.05	72.72
66	0.00	5.94	15.44	78.62
67	0.00	3.99	12.48	83.53
68	0.00	2.86	10.29	86.85
69	0.00	2.37	9.20	88.43
70	0.00	1.50	12.70	85.80
71	0.00	1.76	8.93	89.31
72	0.00	1.55	7.42	91.03
73	0.00	1.46	6.05	92.49
74	0.00	1.40	6.04	92.56
75	0.00	1.34	6.80	91.86
76	0.00	1.07	6.15	92.78
77	0.00	0.89	5.54	93.57
78	0.00	0.93	6.04	93.03
79	0.00	0.96	6.17	92.87
80	0.00	0.89	6.22	92.89
81	0.00	0.73	6.03	93.24
82	0.00	0.84	6.24	92.92
83	0.00	0.93	5.99	93.08
84	0.00	0.84	5.81	93.35
85	0.00	0.87	6.42	92.71
86	0.00	0.83	6.08	93.09
87	0.00	0.77	5.99	93.23
88	0.00	0.63	5.72	93.65
89	0.00	0.48	5.05	94.47
90	0.00	0.49	5.07	94.45
91	0.00	0.53	5.31	94.16
92	0.00	0.56	5.55	93.89
93	0.00	0.58	5.60	93.82
94	0.00	0.54	5.51	93.95
95	0.00	1.34	9.80	88.86




