Parameters
	Library type	Single-end
	Input file	/Volumes/wdhd/users/joaks1/projects/gekgo/data/genomes/msg/plate1/demultiplexed-trimmed/CDS_3869_Cyrtodactylus_philippinicus_Lubang_R1.trimmed.fq
	Primer/Adaptor library	NA
	Cut-off read length for HQ	70%
	Cut-off quality score	20
	Only statistics	On
	Number of processes	2


QC statistics
	File name	CDS_3869_Cyrtodactylus_philippinicus_Lubang_R1.trimmed.fq
	Total number of reads	52882
	Total number of HQ reads	52537
	Percentage of HQ reads	99.35%
	Total number of bases	4013031
	Total number of bases in HQ reads	3996415
	Total number of HQ bases in HQ reads	3664903
	Percentage of HQ bases in HQ reads	91.70%
	Number of Primer/Adaptor contaminated HQ reads	NA
	Total number of HQ filtered reads	52537
	Percentage of HQ filtered reads	99.35%


Detailed QC statistics
	File name	CDS_3869_Cyrtodactylus_philippinicus_Lubang_R1.trimmed.fq
	Minimum read length	11
	Maximum read length	95
	Average read length	75.89
	Total number of reads	52882
	Total number of reads with non-ATGC bases	0
	Percentage of reads with non-ATGC bases	0.00%
	Total number of bases	4013031
	Total number of HQ bases	3674915
	Percentage of HQ bases	91.57%
	Total number of non-ATGC bases	0
	Percentage of non-ATGC bases	0.00%


Average quality score at each base position of input reads

CDS_3869_Cyrtodactylus_philippinicus_Lubang_R1.trimmed.fq
36.04	35.15	36.32	35.88	36.39	36.44	36.23	38.51	37.85	37.49	37.62	37.92	37.78	37.78	37.81	37.44	37.67	37.06	36.98	36.78	37.21	36.66	36.75	36.79	37.10	36.92	36.94	37.32	36.50	36.21	36.38	36.43	36.18	36.34	36.65	36.24	36.38	36.59	36.71	35.95	35.74	35.51	35.34	34.92	34.48	33.09	31.41	28.90	25.99	22.75	19.97	18.07	16.30	15.02	13.91	13.21	12.88	12.65	13.15	13.71	14.74	15.79	16.90	17.91	18.83	19.35	19.79	20.03	20.13	19.51	19.75	20.00	20.20	20.18	20.07	20.08	20.08	19.96	19.90	19.87	19.84	19.72	19.69	19.71	19.59	19.58	19.56	19.56	19.58	19.54	19.49	19.42	19.38	19.36	18.79	




Read count (%) per base for different quality score ranges

	CDS_3869_Cyrtodactylus_philippinicus_Lubang_R1.trimmed.fq
Ranges	0-10	11-20	21-30	31-40
Base
1	0.00	2.83	1.92	95.25
2	0.00	2.02	1.36	96.62
3	0.00	1.86	1.17	96.96
4	0.00	1.92	1.75	96.33
5	0.00	1.69	1.29	97.01
6	0.00	1.69	1.09	97.22
7	0.00	2.08	1.72	96.19
8	0.00	2.30	1.43	96.27
9	0.00	2.50	2.21	95.29
10	0.00	2.75	2.36	94.88
11	0.00	2.64	2.07	95.29
12	0.00	2.12	1.89	95.98
13	0.00	2.06	2.66	95.28
14	0.00	2.18	2.39	95.42
15	0.00	2.09	2.23	95.68
16	0.00	2.11	2.93	94.96
17	0.00	1.87	2.25	95.88
18	0.00	2.26	3.56	94.18
19	0.00	2.61	3.23	94.17
20	0.00	2.88	3.51	93.61
21	0.00	2.29	2.64	95.07
22	0.00	2.37	3.20	94.43
23	0.00	2.11	3.28	94.61
24	0.00	2.28	2.83	94.89
25	0.00	2.10	2.48	95.42
26	0.00	2.00	3.19	94.82
27	0.00	1.95	2.88	95.16
28	0.00	1.78	2.10	96.12
29	0.00	1.69	3.04	95.26
30	0.00	2.04	3.87	94.10
31	0.00	1.70	3.70	94.60
32	0.00	1.84	3.52	94.64
33	0.00	1.90	3.95	94.15
34	0.00	1.59	3.27	95.14
35	0.00	1.18	2.45	96.37
36	0.00	1.15	3.37	95.48
37	0.00	0.94	2.78	96.28
38	0.00	0.92	2.36	96.72
39	0.00	0.86	2.04	97.09
40	0.00	0.96	3.04	96.00
41	0.00	1.08	3.41	95.50
42	0.00	1.28	3.68	95.03
43	0.00	1.25	3.67	95.08
44	0.00	1.59	4.25	94.16
45	0.00	1.62	4.68	93.69
46	0.00	2.53	8.26	89.20
47	0.00	5.25	12.98	81.77
48	0.00	10.57	19.12	70.32
49	0.00	19.22	23.02	57.76
50	0.00	33.41	22.31	44.28
51	0.00	47.19	17.83	34.98
52	0.00	54.24	15.97	29.79
53	0.00	60.58	14.77	24.65
54	0.00	64.48	13.38	22.14
55	0.00	66.30	14.32	19.38
56	0.00	66.82	15.31	17.87
57	0.00	65.23	17.41	17.36
58	0.00	63.01	19.23	17.76
59	0.00	54.21	24.75	21.04
60	0.00	46.45	27.71	25.83
61	0.00	35.93	30.58	33.49
62	0.00	26.76	30.41	42.82
63	0.00	18.35	28.46	53.19
64	0.00	12.23	24.36	63.41
65	0.00	8.14	18.37	73.49
66	0.00	5.80	15.09	79.11
67	0.00	3.83	12.04	84.14
68	0.00	2.88	10.22	86.89
69	0.00	2.45	9.19	88.36
70	0.00	1.51	12.45	86.04
71	0.00	1.67	8.98	89.35
72	0.00	1.50	7.55	90.95
73	0.00	1.50	5.93	92.57
74	0.00	1.53	5.91	92.56
75	0.00	1.47	6.59	91.94
76	0.00	1.15	6.19	92.67
77	0.00	1.01	5.60	93.39
78	0.00	1.04	5.95	93.01
79	0.00	1.06	6.05	92.88
80	0.00	0.87	6.01	93.12
81	0.00	0.82	5.89	93.29
82	0.00	0.84	6.31	92.85
83	0.00	1.00	5.95	93.04
84	0.00	0.83	5.71	93.46
85	0.00	0.92	6.08	93.00
86	0.00	0.84	5.80	93.36
87	0.00	0.81	5.92	93.27
88	0.00	0.67	5.58	93.75
89	0.00	0.50	4.77	94.73
90	0.00	0.52	5.25	94.23
91	0.00	0.53	5.23	94.24
92	0.00	0.61	5.76	93.62
93	0.00	0.64	5.85	93.51
94	0.00	0.62	5.71	93.67
95	0.00	1.36	9.77	88.87




