Parameters
	Library type	Single-end
	Input file	/Volumes/wdhd/users/joaks1/projects/gekgo/data/genomes/msg/plate1/demultiplexed-trimmed/CDS_4659_Cyrtodactylus_annulatus_Bohol_R1.trimmed.fq
	Primer/Adaptor library	NA
	Cut-off read length for HQ	70%
	Cut-off quality score	20
	Only statistics	On
	Number of processes	2


QC statistics
	File name	CDS_4659_Cyrtodactylus_annulatus_Bohol_R1.trimmed.fq
	Total number of reads	514648
	Total number of HQ reads	511282
	Percentage of HQ reads	99.35%
	Total number of bases	39934866
	Total number of bases in HQ reads	39778441
	Total number of HQ bases in HQ reads	36425962
	Percentage of HQ bases in HQ reads	91.57%
	Number of Primer/Adaptor contaminated HQ reads	NA
	Total number of HQ filtered reads	511282
	Percentage of HQ filtered reads	99.35%


Detailed QC statistics
	File name	CDS_4659_Cyrtodactylus_annulatus_Bohol_R1.trimmed.fq
	Minimum read length	9
	Maximum read length	95
	Average read length	77.60
	Total number of reads	514648
	Total number of reads with non-ATGC bases	0
	Percentage of reads with non-ATGC bases	0.00%
	Total number of bases	39934866
	Total number of HQ bases	36519320
	Percentage of HQ bases	91.45%
	Total number of non-ATGC bases	0
	Percentage of non-ATGC bases	0.00%


Average quality score at each base position of input reads

CDS_4659_Cyrtodactylus_annulatus_Bohol_R1.trimmed.fq
36.07	35.86	36.37	35.97	36.41	36.44	36.24	38.53	37.89	37.56	37.69	37.99	37.66	37.51	37.60	37.19	37.47	37.01	36.93	36.79	37.25	36.69	36.73	36.80	37.07	36.90	36.91	37.28	36.47	36.13	36.30	36.34	36.09	36.21	36.56	36.12	36.30	36.46	36.63	35.85	35.63	35.40	35.21	34.80	34.44	33.04	31.20	28.63	25.76	22.55	20.07	18.20	16.79	15.53	14.55	13.89	13.57	13.50	13.87	14.44	15.57	16.78	17.89	18.98	19.88	20.42	20.87	21.22	21.33	20.66	20.91	21.13	21.31	21.33	21.24	21.26	21.28	21.15	21.10	21.08	21.08	21.01	20.98	20.98	20.90	20.88	20.87	20.89	20.94	20.94	20.90	20.85	20.81	20.77	20.06	




Read count (%) per base for different quality score ranges

	CDS_4659_Cyrtodactylus_annulatus_Bohol_R1.trimmed.fq
Ranges	0-10	11-20	21-30	31-40
Base
1	0.00	2.64	1.97	95.39
2	0.00	1.89	1.30	96.81
3	0.00	1.79	1.13	97.09
4	0.00	1.89	1.61	96.50
5	0.00	1.72	1.21	97.08
6	0.00	1.67	1.16	97.17
7	0.00	2.02	1.80	96.18
8	0.00	2.21	1.62	96.16
9	0.00	2.42	2.26	95.32
10	0.00	2.58	2.37	95.04
11	0.00	2.43	2.06	95.52
12	0.00	2.01	1.89	96.09
13	0.00	2.03	2.51	95.46
14	0.00	2.15	2.45	95.40
15	0.00	2.05	2.20	95.75
16	0.00	2.05	2.89	95.05
17	0.00	1.85	2.30	95.86
18	0.00	2.26	3.36	94.39
19	0.00	2.53	3.33	94.14
20	0.00	2.72	3.47	93.81
21	0.00	2.30	2.59	95.11
22	0.00	2.21	3.15	94.64
23	0.00	2.21	3.14	94.65
24	0.00	2.14	2.96	94.91
25	0.00	2.05	2.51	95.44
26	0.00	1.91	3.10	94.99
27	0.00	1.93	2.98	95.09
28	0.00	1.77	2.24	95.99
29	0.00	1.71	3.13	95.15
30	0.00	2.09	3.95	93.96
31	0.00	1.87	3.57	94.56
32	0.00	1.98	3.67	94.35
33	0.00	2.07	3.96	93.98
34	0.00	1.70	3.37	94.93
35	0.00	1.37	2.51	96.12
36	0.00	1.23	3.53	95.24
37	0.00	1.00	2.88	96.13
38	0.00	0.99	2.54	96.47
39	0.00	0.87	2.10	97.03
40	0.00	0.92	3.29	95.79
41	0.00	1.06	3.53	95.41
42	0.00	1.24	3.93	94.83
43	0.00	1.23	4.14	94.63
44	0.00	1.52	4.86	93.63
45	0.00	1.51	5.42	93.07
46	0.00	2.41	9.55	88.04
47	0.00	5.15	15.80	79.05
48	0.00	10.49	22.84	66.67
49	0.00	19.24	27.10	53.66
50	0.00	34.26	25.29	40.45
51	0.00	46.89	21.24	31.87
52	0.00	54.41	18.97	26.62
53	0.00	59.57	17.17	23.26
54	0.00	63.94	15.52	20.54
55	0.00	65.66	16.24	18.10
56	0.00	66.36	16.72	16.92
57	0.00	65.14	18.25	16.61
58	0.00	62.10	20.69	17.21
59	0.00	54.88	25.93	19.19
60	0.00	47.61	28.70	23.69
61	0.00	36.67	31.67	31.66
62	0.00	26.71	31.48	41.81
63	0.00	18.93	29.13	51.94
64	0.00	12.55	24.95	62.50
65	0.00	8.65	19.43	71.92
66	0.00	6.14	16.17	77.69
67	0.00	4.06	13.16	82.77
68	0.00	2.79	10.59	86.61
69	0.00	2.22	9.43	88.34
70	0.00	1.59	13.20	85.21
71	0.00	1.85	9.44	88.70
72	0.00	1.71	8.14	90.15
73	0.00	1.61	6.75	91.64
74	0.00	1.45	6.57	91.98
75	0.00	1.39	7.06	91.55
76	0.00	1.14	6.61	92.25
77	0.00	0.95	6.04	93.01
78	0.00	1.00	6.70	92.29
79	0.00	1.04	6.86	92.10
80	0.00	0.89	6.78	92.33
81	0.00	0.77	6.35	92.88
82	0.00	0.89	6.51	92.59
83	0.00	1.01	6.40	92.59
84	0.00	0.90	6.24	92.86
85	0.00	0.91	6.58	92.51
86	0.00	0.93	6.30	92.77
87	0.00	0.87	6.36	92.77
88	0.00	0.72	5.94	93.34
89	0.00	0.54	5.33	94.13
90	0.00	0.55	5.10	94.35
91	0.00	0.56	5.24	94.20
92	0.00	0.59	5.33	94.08
93	0.00	0.60	5.54	93.86
94	0.00	0.62	5.49	93.89
95	0.00	1.62	10.11	88.27




