Parameters
	Library type	Single-end
	Input file	/Volumes/wdhd/users/joaks1/projects/gekgo/data/genomes/msg/plate1/demultiplexed-trimmed/CDS_5823_Cyrtodactylus_philippinicus_Luzon_R1.trimmed.fq
	Primer/Adaptor library	NA
	Cut-off read length for HQ	70%
	Cut-off quality score	20
	Only statistics	On
	Number of processes	2


QC statistics
	File name	CDS_5823_Cyrtodactylus_philippinicus_Luzon_R1.trimmed.fq
	Total number of reads	1190266
	Total number of HQ reads	1182885
	Percentage of HQ reads	99.38%
	Total number of bases	91082277
	Total number of bases in HQ reads	90732989
	Total number of HQ bases in HQ reads	83123364
	Percentage of HQ bases in HQ reads	91.61%
	Number of Primer/Adaptor contaminated HQ reads	NA
	Total number of HQ filtered reads	1182885
	Percentage of HQ filtered reads	99.38%


Detailed QC statistics
	File name	CDS_5823_Cyrtodactylus_philippinicus_Luzon_R1.trimmed.fq
	Minimum read length	8
	Maximum read length	95
	Average read length	76.52
	Total number of reads	1190266
	Total number of reads with non-ATGC bases	0
	Percentage of reads with non-ATGC bases	0.00%
	Total number of bases	91082277
	Total number of HQ bases	83334250
	Percentage of HQ bases	91.49%
	Total number of non-ATGC bases	0
	Percentage of non-ATGC bases	0.00%


Average quality score at each base position of input reads

CDS_5823_Cyrtodactylus_philippinicus_Luzon_R1.trimmed.fq
34.78	34.51	36.33	35.80	36.40	36.44	36.24	38.52	37.85	37.50	37.64	37.93	37.76	37.76	37.80	37.38	37.58	36.99	36.91	36.75	37.18	36.63	36.68	36.76	37.06	36.89	36.93	37.30	36.48	36.16	36.34	36.38	36.12	36.25	36.56	36.12	36.30	36.47	36.62	35.84	35.60	35.40	35.24	34.81	34.39	33.02	31.26	28.78	25.86	22.67	19.90	18.00	16.35	15.13	14.15	13.47	13.17	12.94	13.39	13.98	15.05	16.18	17.31	18.32	19.27	19.80	20.26	20.55	20.66	20.02	20.28	20.53	20.71	20.70	20.59	20.62	20.62	20.50	20.43	20.37	20.37	20.27	20.25	20.24	20.13	20.12	20.10	20.12	20.16	20.12	20.07	20.01	19.97	19.96	19.34	




Read count (%) per base for different quality score ranges

	CDS_5823_Cyrtodactylus_philippinicus_Luzon_R1.trimmed.fq
Ranges	0-10	11-20	21-30	31-40
Base
1	0.00	2.86	2.55	94.60
2	0.00	1.90	1.38	96.72
3	0.00	1.75	1.13	97.12
4	0.00	1.90	1.75	96.35
5	0.00	1.69	1.20	97.12
6	0.00	1.67	1.12	97.21
7	0.00	1.99	1.77	96.24
8	0.00	2.17	1.58	96.26
9	0.00	2.42	2.30	95.29
10	0.00	2.62	2.44	94.94
11	0.00	2.48	2.06	95.46
12	0.00	2.04	1.96	96.00
13	0.00	2.11	2.63	95.27
14	0.00	2.17	2.46	95.36
15	0.00	2.07	2.27	95.66
16	0.00	2.10	2.95	94.95
17	0.00	1.88	2.32	95.80
18	0.00	2.33	3.58	94.10
19	0.00	2.58	3.36	94.06
20	0.00	2.83	3.56	93.61
21	0.00	2.38	2.66	94.96
22	0.00	2.38	3.21	94.40
23	0.00	2.26	3.21	94.54
24	0.00	2.22	3.00	94.78
25	0.00	2.11	2.50	95.39
26	0.00	1.98	3.19	94.83
27	0.00	1.89	2.96	95.15
28	0.00	1.71	2.30	95.99
29	0.00	1.72	3.19	95.09
30	0.00	2.02	4.00	93.98
31	0.00	1.78	3.56	94.66
32	0.00	1.83	3.64	94.53
33	0.00	1.94	3.95	94.11
34	0.00	1.57	3.35	95.08
35	0.00	1.24	2.44	96.32
36	0.00	1.15	3.45	95.40
37	0.00	0.94	2.78	96.28
38	0.00	0.89	2.42	96.69
39	0.00	0.84	2.02	97.13
40	0.00	0.93	3.14	95.92
41	0.00	1.09	3.41	95.50
42	0.00	1.24	3.65	95.11
43	0.00	1.21	3.62	95.16
44	0.00	1.57	4.31	94.13
45	0.00	1.56	4.81	93.63
46	0.00	2.46	8.29	89.24
47	0.00	5.25	13.55	81.20
48	0.00	10.56	19.63	69.81
49	0.00	19.20	24.15	56.65
50	0.00	33.74	22.87	43.39
51	0.00	47.60	18.50	33.90
52	0.00	55.04	16.53	28.43
53	0.00	60.89	15.27	23.84
54	0.00	64.83	13.83	21.34
55	0.00	66.50	14.62	18.88
56	0.00	66.86	15.67	17.47
57	0.00	64.90	17.90	17.20
58	0.00	63.16	19.53	17.32
59	0.00	54.96	24.98	20.06
60	0.00	47.25	27.99	24.76
61	0.00	36.36	30.93	32.70
62	0.00	26.82	30.74	42.43
63	0.00	18.68	28.45	52.87
64	0.00	12.75	24.19	63.06
65	0.00	8.28	18.93	72.79
66	0.00	5.94	15.39	78.68
67	0.00	3.97	12.48	83.56
68	0.00	2.86	10.29	86.85
69	0.00	2.39	9.16	88.45
70	0.00	1.55	12.60	85.85
71	0.00	1.76	8.93	89.31
72	0.00	1.62	7.46	90.92
73	0.00	1.51	6.16	92.33
74	0.00	1.43	6.13	92.44
75	0.00	1.39	6.77	91.84
76	0.00	1.12	6.14	92.74
77	0.00	0.93	5.59	93.49
78	0.00	0.96	6.08	92.97
79	0.00	0.97	6.21	92.82
80	0.00	0.92	6.29	92.79
81	0.00	0.75	5.95	93.30
82	0.00	0.86	6.28	92.86
83	0.00	0.93	5.97	93.10
84	0.00	0.83	5.82	93.35
85	0.00	0.90	6.41	92.69
86	0.00	0.85	6.07	93.08
87	0.00	0.80	6.06	93.15
88	0.00	0.64	5.68	93.68
89	0.00	0.50	5.07	94.43
90	0.00	0.49	5.16	94.35
91	0.00	0.53	5.34	94.13
92	0.00	0.56	5.66	93.78
93	0.00	0.57	5.69	93.73
94	0.00	0.55	5.55	93.90
95	0.00	1.38	9.89	88.73




