Parameters
	Library type	Single-end
	Input file	/Volumes/wdhd/users/joaks1/projects/gekgo/data/genomes/msg/plate1/demultiplexed-trimmed/CDS_5822_Cyrtodactylus_philippinicus_Luzon_R1.trimmed.fq
	Primer/Adaptor library	NA
	Cut-off read length for HQ	70%
	Cut-off quality score	20
	Only statistics	On
	Number of processes	2


QC statistics
	File name	CDS_5822_Cyrtodactylus_philippinicus_Luzon_R1.trimmed.fq
	Total number of reads	551466
	Total number of HQ reads	547936
	Percentage of HQ reads	99.36%
	Total number of bases	41456225
	Total number of bases in HQ reads	41292195
	Total number of HQ bases in HQ reads	37916292
	Percentage of HQ bases in HQ reads	91.82%
	Number of Primer/Adaptor contaminated HQ reads	NA
	Total number of HQ filtered reads	547936
	Percentage of HQ filtered reads	99.36%


Detailed QC statistics
	File name	CDS_5822_Cyrtodactylus_philippinicus_Luzon_R1.trimmed.fq
	Minimum read length	9
	Maximum read length	95
	Average read length	75.17
	Total number of reads	551466
	Total number of reads with non-ATGC bases	0
	Percentage of reads with non-ATGC bases	0.00%
	Total number of bases	41456225
	Total number of HQ bases	38014471
	Percentage of HQ bases	91.70%
	Total number of non-ATGC bases	0
	Percentage of non-ATGC bases	0.00%


Average quality score at each base position of input reads

CDS_5822_Cyrtodactylus_philippinicus_Luzon_R1.trimmed.fq
36.06	35.96	36.34	35.85	36.38	36.42	36.22	38.48	37.81	37.46	37.60	37.91	37.69	37.67	37.69	37.21	37.41	36.91	36.84	36.72	37.16	36.58	36.65	36.71	37.03	36.84	36.88	37.26	36.42	36.10	36.28	36.31	36.06	36.17	36.49	36.04	36.20	36.38	36.53	35.71	35.47	35.25	35.07	34.65	34.20	32.80	31.01	28.49	25.52	22.36	19.60	17.66	15.96	14.69	13.68	12.99	12.66	12.42	12.84	13.39	14.42	15.52	16.57	17.53	18.40	18.86	19.23	19.48	19.55	18.91	19.15	19.40	19.57	19.55	19.45	19.47	19.47	19.36	19.29	19.25	19.24	19.16	19.13	19.12	19.02	19.01	18.99	19.01	19.04	19.00	18.96	18.90	18.87	18.85	18.25	




Read count (%) per base for different quality score ranges

	CDS_5822_Cyrtodactylus_philippinicus_Luzon_R1.trimmed.fq
Ranges	0-10	11-20	21-30	31-40
Base
1	0.00	2.75	1.84	95.41
2	0.00	2.02	1.24	96.74
3	0.00	1.92	1.11	96.97
4	0.00	2.02	1.77	96.21
5	0.00	1.79	1.21	97.00
6	0.00	1.75	1.16	97.08
7	0.00	2.09	1.81	96.10
8	0.00	2.27	1.62	96.12
9	0.00	2.48	2.37	95.15
10	0.00	2.64	2.49	94.87
11	0.00	2.50	2.12	95.38
12	0.00	2.06	1.98	95.96
13	0.00	2.16	2.67	95.17
14	0.00	2.20	2.53	95.28
15	0.00	2.06	2.30	95.63
16	0.00	2.10	3.05	94.85
17	0.00	1.88	2.37	95.75
18	0.00	2.33	3.64	94.03
19	0.00	2.60	3.43	93.97
20	0.00	2.81	3.60	93.59
21	0.00	2.31	2.67	95.02
22	0.00	2.37	3.26	94.38
23	0.00	2.28	3.23	94.49
24	0.00	2.23	3.06	94.71
25	0.00	2.11	2.57	95.32
26	0.00	2.02	3.21	94.77
27	0.00	1.90	2.97	95.13
28	0.00	1.73	2.30	95.97
29	0.00	1.70	3.24	95.07
30	0.00	2.05	4.16	93.80
31	0.00	1.79	3.70	94.51
32	0.00	1.90	3.69	94.41
33	0.00	2.01	3.99	94.00
34	0.00	1.62	3.44	94.93
35	0.00	1.26	2.55	96.19
36	0.00	1.21	3.57	95.22
37	0.00	0.99	2.91	96.09
38	0.00	0.93	2.53	96.53
39	0.00	0.88	2.10	97.02
40	0.00	1.01	3.32	95.67
41	0.00	1.13	3.60	95.27
42	0.00	1.31	3.88	94.81
43	0.00	1.28	3.98	94.74
44	0.00	1.61	4.63	93.76
45	0.00	1.65	5.22	93.14
46	0.00	2.51	8.99	88.49
47	0.00	5.40	14.18	80.41
48	0.00	10.67	20.34	68.99
49	0.00	19.25	25.05	55.71
50	0.00	33.53	23.83	42.64
51	0.00	47.13	19.59	33.28
52	0.00	54.52	17.49	27.99
53	0.00	60.44	16.03	23.53
54	0.00	64.21	14.73	21.06
55	0.00	65.95	15.40	18.65
56	0.00	66.17	16.43	17.40
57	0.00	64.23	18.66	17.10
58	0.00	62.07	20.48	17.45
59	0.00	53.77	26.01	20.22
60	0.00	46.09	28.84	25.06
61	0.00	35.02	31.82	33.17
62	0.00	25.39	31.39	43.22
63	0.00	17.37	28.77	53.86
64	0.00	11.62	24.02	64.37
65	0.00	7.48	18.50	74.02
66	0.00	5.31	15.02	79.67
67	0.00	3.60	12.17	84.23
68	0.00	2.54	10.06	87.40
69	0.00	2.15	9.02	88.82
70	0.00	1.39	12.82	85.80
71	0.00	1.60	9.06	89.34
72	0.00	1.45	7.37	91.18
73	0.00	1.38	5.98	92.64
74	0.00	1.31	6.06	92.63
75	0.00	1.31	6.70	92.00
76	0.00	1.03	6.11	92.87
77	0.00	0.85	5.60	93.55
78	0.00	0.88	6.10	93.02
79	0.00	0.96	6.32	92.71
80	0.00	0.88	6.32	92.80
81	0.00	0.74	6.12	93.14
82	0.00	0.85	6.21	92.95
83	0.00	0.90	6.04	93.05
84	0.00	0.80	5.95	93.26
85	0.00	0.91	6.44	92.65
86	0.00	0.89	6.20	92.92
87	0.00	0.83	6.25	92.92
88	0.00	0.69	5.83	93.48
89	0.00	0.51	5.30	94.19
90	0.00	0.53	5.29	94.17
91	0.00	0.57	5.46	93.97
92	0.00	0.62	5.73	93.65
93	0.00	0.63	5.76	93.62
94	0.00	0.59	5.56	93.85
95	0.00	1.48	10.01	88.51




