Parameters
	Library type	Single-end
	Input file	/Volumes/wdhd/users/joaks1/projects/gekgo/data/genomes/msg/plate1/demultiplexed-trimmed/CDS_4660_Cyrtodactylus_annulatus_Bohol_R1.trimmed.fq
	Primer/Adaptor library	NA
	Cut-off read length for HQ	70%
	Cut-off quality score	20
	Only statistics	On
	Number of processes	2


QC statistics
	File name	CDS_4660_Cyrtodactylus_annulatus_Bohol_R1.trimmed.fq
	Total number of reads	334103
	Total number of HQ reads	331901
	Percentage of HQ reads	99.34%
	Total number of bases	25379691
	Total number of bases in HQ reads	25277955
	Total number of HQ bases in HQ reads	23171555
	Percentage of HQ bases in HQ reads	91.67%
	Number of Primer/Adaptor contaminated HQ reads	NA
	Total number of HQ filtered reads	331901
	Percentage of HQ filtered reads	99.34%


Detailed QC statistics
	File name	CDS_4660_Cyrtodactylus_annulatus_Bohol_R1.trimmed.fq
	Minimum read length	9
	Maximum read length	95
	Average read length	75.96
	Total number of reads	334103
	Total number of reads with non-ATGC bases	0
	Percentage of reads with non-ATGC bases	0.00%
	Total number of bases	25379691
	Total number of HQ bases	23232758
	Percentage of HQ bases	91.54%
	Total number of non-ATGC bases	0
	Percentage of non-ATGC bases	0.00%


Average quality score at each base position of input reads

CDS_4660_Cyrtodactylus_annulatus_Bohol_R1.trimmed.fq
35.03	34.33	36.28	35.73	36.37	36.42	36.21	38.50	37.85	37.50	37.65	37.94	37.73	37.63	37.65	37.15	37.41	36.93	36.89	36.73	37.19	36.62	36.66	36.74	37.03	36.85	36.88	37.26	36.45	36.10	36.26	36.30	36.02	36.13	36.49	36.03	36.21	36.38	36.53	35.74	35.50	35.27	35.07	34.61	34.25	32.85	31.02	28.46	25.59	22.28	19.75	17.85	16.37	15.06	14.02	13.33	12.97	12.82	13.18	13.72	14.79	15.89	16.94	17.92	18.77	19.26	19.68	19.99	20.12	19.48	19.70	19.92	20.09	20.09	20.01	20.02	20.02	19.90	19.85	19.81	19.79	19.73	19.70	19.71	19.61	19.59	19.57	19.58	19.63	19.62	19.58	19.53	19.48	19.43	18.78	




Read count (%) per base for different quality score ranges

	CDS_4660_Cyrtodactylus_annulatus_Bohol_R1.trimmed.fq
Ranges	0-10	11-20	21-30	31-40
Base
1	0.00	2.96	2.46	94.58
2	0.00	2.02	1.44	96.54
3	0.00	1.91	1.19	96.90
4	0.00	2.01	1.85	96.14
5	0.00	1.82	1.27	96.91
6	0.00	1.75	1.19	97.05
7	0.00	2.09	1.86	96.04
8	0.00	2.23	1.66	96.10
9	0.00	2.44	2.30	95.25
10	0.00	2.65	2.45	94.90
11	0.00	2.47	2.08	95.45
12	0.00	2.08	1.97	95.95
13	0.00	2.09	2.61	95.30
14	0.00	2.23	2.51	95.26
15	0.00	2.10	2.28	95.62
16	0.00	2.13	3.01	94.86
17	0.00	1.87	2.43	95.70
18	0.00	2.34	3.55	94.11
19	0.00	2.59	3.36	94.05
20	0.00	2.83	3.58	93.58
21	0.00	2.38	2.65	94.97
22	0.00	2.35	3.24	94.41
23	0.00	2.28	3.21	94.51
24	0.00	2.21	3.05	94.74
25	0.00	2.14	2.51	95.35
26	0.00	2.00	3.15	94.85
27	0.00	1.94	2.99	95.06
28	0.00	1.75	2.25	96.00
29	0.00	1.70	3.20	95.10
30	0.00	2.09	4.01	93.90
31	0.00	1.85	3.67	94.48
32	0.00	1.93	3.72	94.35
33	0.00	2.03	4.06	93.91
34	0.00	1.68	3.53	94.79
35	0.00	1.31	2.60	96.09
36	0.00	1.22	3.63	95.15
37	0.00	0.97	2.88	96.14
38	0.00	0.94	2.53	96.54
39	0.00	0.85	2.17	96.97
40	0.00	0.95	3.28	95.77
41	0.00	1.11	3.53	95.36
42	0.00	1.25	3.91	94.84
43	0.00	1.26	4.04	94.70
44	0.00	1.61	4.78	93.61
45	0.00	1.59	5.34	93.08
46	0.00	2.54	9.22	88.24
47	0.00	5.38	14.91	79.70
48	0.00	10.83	21.41	67.76
49	0.00	19.54	25.61	54.85
50	0.00	34.67	24.00	41.33
51	0.00	47.06	20.06	32.88
52	0.00	54.44	17.93	27.63
53	0.00	59.26	16.53	24.21
54	0.00	63.69	14.92	21.39
55	0.00	65.43	15.67	18.90
56	0.00	66.00	16.43	17.58
57	0.00	64.83	17.98	17.19
58	0.00	62.13	20.20	17.67
59	0.00	54.68	25.55	19.77
60	0.00	47.08	28.73	24.18
61	0.00	36.38	31.21	32.41
62	0.00	26.59	31.24	42.18
63	0.00	18.77	28.91	52.32
64	0.00	12.65	24.63	62.71
65	0.00	8.56	19.41	72.03
66	0.00	6.14	16.09	77.76
67	0.00	4.02	13.25	82.73
68	0.00	2.86	10.67	86.47
69	0.00	2.19	9.48	88.33
70	0.00	1.52	13.16	85.32
71	0.00	1.79	9.52	88.70
72	0.00	1.68	8.02	90.30
73	0.00	1.60	6.69	91.72
74	0.00	1.42	6.60	91.98
75	0.00	1.38	6.96	91.67
76	0.00	1.10	6.63	92.28
77	0.00	0.91	6.10	92.99
78	0.00	0.95	6.59	92.46
79	0.00	1.05	6.69	92.26
80	0.00	0.98	6.53	92.49
81	0.00	0.84	6.50	92.65
82	0.00	0.88	6.65	92.47
83	0.00	0.97	6.36	92.66
84	0.00	0.86	6.23	92.91
85	0.00	0.92	6.55	92.52
86	0.00	0.95	6.48	92.57
87	0.00	0.90	6.45	92.65
88	0.00	0.73	6.20	93.08
89	0.00	0.55	5.39	94.06
90	0.00	0.54	5.24	94.22
91	0.00	0.58	5.38	94.04
92	0.00	0.63	5.60	93.77
93	0.00	0.61	5.83	93.57
94	0.00	0.65	5.80	93.55
95	0.00	1.58	10.54	87.88




