Parameters
	Library type	Single-end
	Input file	/Volumes/wdhd/users/joaks1/projects/gekgo/data/genomes/msg/plate1/demultiplexed-trimmed/CDS_3793_Cyrtodactylus_philippinicus_Lubang_R1.trimmed.fq
	Primer/Adaptor library	NA
	Cut-off read length for HQ	70%
	Cut-off quality score	20
	Only statistics	On
	Number of processes	2


QC statistics
	File name	CDS_3793_Cyrtodactylus_philippinicus_Lubang_R1.trimmed.fq
	Total number of reads	387255
	Total number of HQ reads	384613
	Percentage of HQ reads	99.32%
	Total number of bases	29886259
	Total number of bases in HQ reads	29759409
	Total number of HQ bases in HQ reads	27246590
	Percentage of HQ bases in HQ reads	91.56%
	Number of Primer/Adaptor contaminated HQ reads	NA
	Total number of HQ filtered reads	384613
	Percentage of HQ filtered reads	99.32%


Detailed QC statistics
	File name	CDS_3793_Cyrtodactylus_philippinicus_Lubang_R1.trimmed.fq
	Minimum read length	9
	Maximum read length	95
	Average read length	77.17
	Total number of reads	387255
	Total number of reads with non-ATGC bases	0
	Percentage of reads with non-ATGC bases	0.00%
	Total number of bases	29886259
	Total number of HQ bases	27323205
	Percentage of HQ bases	91.42%
	Total number of non-ATGC bases	0
	Percentage of non-ATGC bases	0.00%


Average quality score at each base position of input reads

CDS_3793_Cyrtodactylus_philippinicus_Lubang_R1.trimmed.fq
36.07	36.01	36.39	35.86	36.41	36.44	36.25	38.55	37.89	37.52	37.64	37.92	37.77	37.78	37.83	37.44	37.65	37.05	36.97	36.79	37.22	36.69	36.73	36.79	37.10	36.91	36.95	37.32	36.52	36.20	36.40	36.45	36.19	36.32	36.63	36.21	36.37	36.56	36.71	35.94	35.73	35.53	35.36	34.95	34.55	33.20	31.47	29.07	26.15	22.92	20.22	18.34	16.73	15.49	14.43	13.75	13.44	13.26	13.71	14.29	15.40	16.56	17.69	18.74	19.70	20.27	20.75	21.04	21.17	20.52	20.79	21.05	21.24	21.24	21.12	21.15	21.15	21.01	20.94	20.90	20.87	20.77	20.75	20.74	20.63	20.61	20.60	20.61	20.64	20.62	20.57	20.50	20.46	20.43	19.81	




Read count (%) per base for different quality score ranges

	CDS_3793_Cyrtodactylus_philippinicus_Lubang_R1.trimmed.fq
Ranges	0-10	11-20	21-30	31-40
Base
1	0.00	2.56	1.72	95.72
2	0.00	1.83	1.14	97.02
3	0.00	1.70	1.07	97.23
4	0.00	1.89	1.68	96.43
5	0.00	1.70	1.18	97.12
6	0.00	1.71	1.07	97.22
7	0.00	2.02	1.69	96.29
8	0.00	2.18	1.50	96.31
9	0.00	2.43	2.25	95.32
10	0.00	2.70	2.37	94.93
11	0.00	2.57	2.04	95.39
12	0.00	2.14	1.96	95.90
13	0.00	2.20	2.59	95.21
14	0.00	2.22	2.43	95.35
15	0.00	2.12	2.24	95.64
16	0.00	2.14	2.94	94.92
17	0.00	1.92	2.33	95.76
18	0.00	2.40	3.52	94.09
19	0.00	2.65	3.31	94.04
20	0.00	2.88	3.50	93.62
21	0.00	2.38	2.62	95.00
22	0.00	2.39	3.17	94.45
23	0.00	2.31	3.17	94.51
24	0.00	2.29	2.95	94.76
25	0.00	2.13	2.49	95.38
26	0.00	2.05	3.09	94.86
27	0.00	1.92	2.93	95.14
28	0.00	1.76	2.26	95.98
29	0.00	1.79	3.12	95.10
30	0.00	2.09	3.95	93.96
31	0.00	1.78	3.51	94.70
32	0.00	1.81	3.56	94.63
33	0.00	1.94	3.89	94.17
34	0.00	1.55	3.28	95.17
35	0.00	1.24	2.40	96.35
36	0.00	1.13	3.34	95.53
37	0.00	0.93	2.72	96.34
38	0.00	0.87	2.37	96.76
39	0.00	0.84	1.97	97.19
40	0.00	0.92	3.10	95.99
41	0.00	1.06	3.33	95.61
42	0.00	1.27	3.51	95.22
43	0.00	1.21	3.62	95.17
44	0.00	1.57	4.26	94.17
45	0.00	1.52	4.66	93.81
46	0.00	2.46	8.07	89.47
47	0.00	5.22	13.13	81.64
48	0.00	10.48	18.71	70.81
49	0.00	19.01	23.18	57.80
50	0.00	33.61	22.14	44.26
51	0.00	47.11	17.96	34.93
52	0.00	54.51	16.00	29.49
53	0.00	60.27	14.77	24.96
54	0.00	64.33	13.27	22.39
55	0.00	66.53	14.07	19.40
56	0.00	66.93	15.16	17.91
57	0.00	65.38	17.15	17.47
58	0.00	62.94	19.25	17.81
59	0.00	55.04	24.45	20.51
60	0.00	47.66	27.22	25.12
61	0.00	36.76	30.37	32.87
62	0.00	27.08	30.26	42.65
63	0.00	19.06	28.11	52.83
64	0.00	13.11	23.93	62.96
65	0.00	8.62	18.93	72.45
66	0.00	6.09	15.51	78.40
67	0.00	4.14	12.34	83.52
68	0.00	3.04	10.41	86.56
69	0.00	2.46	9.23	88.31
70	0.00	1.66	12.47	85.87
71	0.00	1.84	9.00	89.16
72	0.00	1.68	7.46	90.86
73	0.00	1.59	6.10	92.31
74	0.00	1.52	6.10	92.37
75	0.00	1.51	6.66	91.84
76	0.00	1.16	6.15	92.69
77	0.00	0.97	5.59	93.44
78	0.00	1.01	6.04	92.95
79	0.00	1.06	6.25	92.69
80	0.00	0.96	6.19	92.86
81	0.00	0.85	5.88	93.28
82	0.00	0.94	6.16	92.90
83	0.00	0.99	5.97	93.04
84	0.00	0.91	5.83	93.27
85	0.00	0.89	6.41	92.70
86	0.00	0.88	6.04	93.08
87	0.00	0.81	6.05	93.14
88	0.00	0.65	5.73	93.61
89	0.00	0.50	5.19	94.31
90	0.00	0.47	5.04	94.48
91	0.00	0.50	5.24	94.26
92	0.00	0.62	5.53	93.86
93	0.00	0.65	5.65	93.70
94	0.00	0.59	5.69	93.72
95	0.00	1.34	9.96	88.70




