Parameters
	Library type	Single-end
	Input file	/Volumes/wdhd/users/joaks1/projects/gekgo/data/genomes/msg/plate1/demultiplexed-trimmed/CDS_3752_Cyrtodactylus_philippinicus_Lubang_R1.trimmed.fq
	Primer/Adaptor library	NA
	Cut-off read length for HQ	70%
	Cut-off quality score	20
	Only statistics	On
	Number of processes	2


QC statistics
	File name	CDS_3752_Cyrtodactylus_philippinicus_Lubang_R1.trimmed.fq
	Total number of reads	46501
	Total number of HQ reads	46206
	Percentage of HQ reads	99.37%
	Total number of bases	3580398
	Total number of bases in HQ reads	3565864
	Total number of HQ bases in HQ reads	3266621
	Percentage of HQ bases in HQ reads	91.61%
	Number of Primer/Adaptor contaminated HQ reads	NA
	Total number of HQ filtered reads	46206
	Percentage of HQ filtered reads	99.37%


Detailed QC statistics
	File name	CDS_3752_Cyrtodactylus_philippinicus_Lubang_R1.trimmed.fq
	Minimum read length	9
	Maximum read length	95
	Average read length	77.00
	Total number of reads	46501
	Total number of reads with non-ATGC bases	0
	Percentage of reads with non-ATGC bases	0.00%
	Total number of bases	3580398
	Total number of HQ bases	3275391
	Percentage of HQ bases	91.48%
	Total number of non-ATGC bases	0
	Percentage of non-ATGC bases	0.00%


Average quality score at each base position of input reads

CDS_3752_Cyrtodactylus_philippinicus_Lubang_R1.trimmed.fq
33.50	33.22	36.25	35.72	36.42	36.46	36.26	38.54	37.86	37.52	37.66	37.94	37.80	37.79	37.83	37.39	37.54	36.99	36.95	36.82	37.23	36.71	36.75	36.79	37.12	36.93	36.99	37.33	36.54	36.20	36.41	36.46	36.20	36.35	36.64	36.22	36.42	36.61	36.73	35.97	35.73	35.54	35.34	34.95	34.51	33.14	31.42	28.92	26.03	22.93	20.14	18.21	16.57	15.30	14.31	13.68	13.36	13.16	13.62	14.19	15.27	16.43	17.55	18.61	19.64	20.13	20.60	20.87	20.95	20.30	20.54	20.84	21.01	21.00	20.89	20.92	20.94	20.81	20.76	20.72	20.71	20.60	20.55	20.54	20.44	20.46	20.47	20.46	20.52	20.47	20.41	20.37	20.32	20.31	19.68	




Read count (%) per base for different quality score ranges

	CDS_3752_Cyrtodactylus_philippinicus_Lubang_R1.trimmed.fq
Ranges	0-10	11-20	21-30	31-40
Base
1	0.00	3.18	4.23	92.59
2	0.00	1.88	1.94	96.19
3	0.00	1.76	1.14	97.10
4	0.00	1.85	1.82	96.33
5	0.00	1.63	1.23	97.15
6	0.00	1.58	1.14	97.28
7	0.00	2.03	1.67	96.30
8	0.00	2.16	1.47	96.37
9	0.00	2.40	2.23	95.37
10	0.00	2.53	2.47	95.00
11	0.00	2.41	2.11	95.48
12	0.00	1.98	2.00	96.02
13	0.00	2.08	2.43	95.50
14	0.00	2.11	2.47	95.41
15	0.00	2.01	2.12	95.87
16	0.00	2.04	2.82	95.14
17	0.00	1.91	2.24	95.85
18	0.00	2.24	3.53	94.22
19	0.00	2.50	3.24	94.25
20	0.00	2.79	3.33	93.88
21	0.00	2.28	2.52	95.21
22	0.00	2.29	3.03	94.67
23	0.00	2.22	2.99	94.78
24	0.00	2.21	2.94	94.85
25	0.00	2.10	2.34	95.56
26	0.00	1.94	3.20	94.86
27	0.00	1.82	2.91	95.27
28	0.00	1.75	2.24	96.01
29	0.00	1.69	3.23	95.08
30	0.00	2.08	3.96	93.96
31	0.00	1.75	3.59	94.66
32	0.00	1.81	3.69	94.50
33	0.00	1.99	3.84	94.17
34	0.00	1.56	3.25	95.19
35	0.00	1.30	2.46	96.24
36	0.00	1.11	3.32	95.57
37	0.00	0.94	2.61	96.46
38	0.00	0.87	2.32	96.81
39	0.00	0.87	1.98	97.14
40	0.00	0.88	3.13	95.99
41	0.00	1.02	3.37	95.61
42	0.00	1.35	3.56	95.09
43	0.00	1.34	3.66	95.00
44	0.00	1.60	4.40	94.00
45	0.00	1.64	4.90	93.46
46	0.00	2.52	8.28	89.20
47	0.00	5.31	13.55	81.14
48	0.00	10.58	19.66	69.77
49	0.00	19.16	24.12	56.72
50	0.00	33.02	23.18	43.80
51	0.00	46.80	19.03	34.17
52	0.00	54.87	16.57	28.55
53	0.00	60.62	15.73	23.65
54	0.00	64.98	13.79	21.23
55	0.00	66.87	14.54	18.59
56	0.00	66.58	15.92	17.49
57	0.00	64.84	18.15	17.02
58	0.00	62.92	19.58	17.50
59	0.00	54.61	25.01	20.37
60	0.00	47.16	28.11	24.73
61	0.00	36.59	30.55	32.86
62	0.00	26.90	30.70	42.39
63	0.00	18.89	28.46	52.65
64	0.00	12.84	24.04	63.12
65	0.00	8.02	18.79	73.20
66	0.00	5.88	15.44	78.68
67	0.00	3.90	12.19	83.91
68	0.00	2.88	9.91	87.21
69	0.00	2.41	9.31	88.28
70	0.00	1.51	12.94	85.55
71	0.00	1.91	9.16	88.93
72	0.00	1.70	7.27	91.04
73	0.00	1.52	6.21	92.27
74	0.00	1.54	6.03	92.43
75	0.00	1.37	6.85	91.78
76	0.00	1.11	5.95	92.94
77	0.00	0.99	5.29	93.72
78	0.00	1.00	5.89	93.11
79	0.00	0.99	5.94	93.07
80	0.00	0.90	6.21	92.89
81	0.00	0.71	6.18	93.12
82	0.00	0.84	6.42	92.74
83	0.00	0.98	6.13	92.89
84	0.00	0.89	6.04	93.07
85	0.00	0.89	6.47	92.65
86	0.00	0.82	5.94	93.24
87	0.00	0.71	5.66	93.62
88	0.00	0.60	5.77	93.63
89	0.00	0.47	4.82	94.71
90	0.00	0.50	4.84	94.66
91	0.00	0.49	5.23	94.27
92	0.00	0.54	5.47	94.00
93	0.00	0.62	5.32	94.06
94	0.00	0.53	5.43	94.04
95	0.00	1.49	9.65	88.86




