Parameters
	Library type	Single-end
	Input file	/Volumes/wdhd/users/joaks1/projects/gekgo/data/genomes/msg/plate1/demultiplexed-trimmed/CDS_3751_Cyrtodactylus_philippinicus_Lubang_R1.trimmed.fq
	Primer/Adaptor library	NA
	Cut-off read length for HQ	70%
	Cut-off quality score	20
	Only statistics	On
	Number of processes	2


QC statistics
	File name	CDS_3751_Cyrtodactylus_philippinicus_Lubang_R1.trimmed.fq
	Total number of reads	377754
	Total number of HQ reads	375485
	Percentage of HQ reads	99.40%
	Total number of bases	29090967
	Total number of bases in HQ reads	28982091
	Total number of HQ bases in HQ reads	26558783
	Percentage of HQ bases in HQ reads	91.64%
	Number of Primer/Adaptor contaminated HQ reads	NA
	Total number of HQ filtered reads	375485
	Percentage of HQ filtered reads	99.40%


Detailed QC statistics
	File name	CDS_3751_Cyrtodactylus_philippinicus_Lubang_R1.trimmed.fq
	Minimum read length	9
	Maximum read length	95
	Average read length	77.01
	Total number of reads	377754
	Total number of reads with non-ATGC bases	0
	Percentage of reads with non-ATGC bases	0.00%
	Total number of bases	29090967
	Total number of HQ bases	26624238
	Percentage of HQ bases	91.52%
	Total number of non-ATGC bases	0
	Percentage of non-ATGC bases	0.00%


Average quality score at each base position of input reads

CDS_3751_Cyrtodactylus_philippinicus_Lubang_R1.trimmed.fq
36.12	36.17	36.41	35.89	36.44	36.47	36.26	38.56	37.90	37.53	37.66	37.94	37.79	37.78	37.83	37.42	37.62	37.02	36.94	36.78	37.21	36.68	36.72	36.78	37.11	36.93	36.97	37.34	36.52	36.21	36.40	36.48	36.23	36.36	36.68	36.25	36.42	36.62	36.77	35.98	35.77	35.57	35.39	34.97	34.60	33.25	31.49	29.06	26.11	22.94	20.19	18.30	16.65	15.40	14.35	13.67	13.36	13.16	13.64	14.21	15.30	16.46	17.60	18.63	19.59	20.14	20.59	20.87	20.99	20.33	20.59	20.86	21.05	21.04	20.92	20.95	20.95	20.83	20.76	20.72	20.71	20.60	20.57	20.57	20.46	20.45	20.43	20.45	20.48	20.44	20.39	20.34	20.29	20.27	19.65	




Read count (%) per base for different quality score ranges

	CDS_3751_Cyrtodactylus_philippinicus_Lubang_R1.trimmed.fq
Ranges	0-10	11-20	21-30	31-40
Base
1	0.00	2.44	1.71	95.85
2	0.00	1.80	1.07	97.14
3	0.00	1.69	1.02	97.29
4	0.00	1.80	1.67	96.53
5	0.00	1.61	1.13	97.27
6	0.00	1.61	1.05	97.35
7	0.00	1.95	1.68	96.37
8	0.00	2.13	1.47	96.41
9	0.00	2.39	2.17	95.44
10	0.00	2.59	2.35	95.06
11	0.00	2.48	2.01	95.51
12	0.00	2.03	1.91	96.05
13	0.00	2.05	2.56	95.39
14	0.00	2.16	2.38	95.45
15	0.00	2.06	2.18	95.76
16	0.00	2.08	2.90	95.02
17	0.00	1.87	2.26	95.87
18	0.00	2.33	3.49	94.18
19	0.00	2.56	3.31	94.14
20	0.00	2.79	3.51	93.70
21	0.00	2.35	2.59	95.06
22	0.00	2.34	3.12	94.54
23	0.00	2.28	3.16	94.56
24	0.00	2.25	2.99	94.76
25	0.00	2.08	2.41	95.50
26	0.00	1.95	3.09	94.96
27	0.00	1.88	2.84	95.28
28	0.00	1.72	2.21	96.07
29	0.00	1.71	3.16	95.13
30	0.00	2.04	3.97	93.99
31	0.00	1.80	3.54	94.66
32	0.00	1.78	3.55	94.67
33	0.00	1.95	3.86	94.19
34	0.00	1.55	3.29	95.17
35	0.00	1.24	2.40	96.36
36	0.00	1.15	3.37	95.49
37	0.00	0.93	2.70	96.36
38	0.00	0.87	2.38	96.75
39	0.00	0.84	1.98	97.18
40	0.00	0.95	3.06	95.99
41	0.00	1.06	3.37	95.57
42	0.00	1.25	3.61	95.14
43	0.00	1.23	3.70	95.07
44	0.00	1.56	4.35	94.08
45	0.00	1.50	4.71	93.79
46	0.00	2.36	8.14	89.50
47	0.00	5.21	13.34	81.44
48	0.00	10.35	19.19	70.46
49	0.00	19.06	23.78	57.16
50	0.00	33.39	22.60	44.02
51	0.00	47.02	18.43	34.54
52	0.00	54.49	16.37	29.14
53	0.00	60.31	15.21	24.49
54	0.00	64.31	13.73	21.95
55	0.00	66.36	14.43	19.21
56	0.00	66.75	15.50	17.75
57	0.00	65.01	17.62	17.37
58	0.00	62.70	19.74	17.56
59	0.00	54.46	25.07	20.47
60	0.00	47.10	27.72	25.18
61	0.00	36.38	30.59	33.02
62	0.00	26.61	30.70	42.69
63	0.00	18.55	28.36	53.09
64	0.00	12.59	24.14	63.28
65	0.00	8.24	18.86	72.89
66	0.00	5.86	15.31	78.84
67	0.00	3.99	12.31	83.70
68	0.00	2.89	10.24	86.87
69	0.00	2.39	9.09	88.52
70	0.00	1.54	12.65	85.82
71	0.00	1.79	8.88	89.32
72	0.00	1.61	7.36	91.04
73	0.00	1.51	6.08	92.41
74	0.00	1.45	5.99	92.56
75	0.00	1.42	6.70	91.89
76	0.00	1.06	6.08	92.86
77	0.00	0.93	5.56	93.51
78	0.00	0.93	5.99	93.08
79	0.00	1.01	6.17	92.82
80	0.00	0.88	6.10	93.02
81	0.00	0.79	5.87	93.34
82	0.00	0.85	6.18	92.96
83	0.00	0.98	6.05	92.98
84	0.00	0.87	5.81	93.32
85	0.00	0.89	6.27	92.84
86	0.00	0.87	6.01	93.12
87	0.00	0.78	6.05	93.17
88	0.00	0.64	5.68	93.68
89	0.00	0.50	5.11	94.39
90	0.00	0.50	5.11	94.40
91	0.00	0.52	5.34	94.14
92	0.00	0.58	5.52	93.90
93	0.00	0.60	5.63	93.77
94	0.00	0.56	5.65	93.80
95	0.00	1.38	9.77	88.85




