Parameters
	Library type	Single-end
	Input file	/Volumes/wdhd/users/joaks1/projects/gekgo/data/genomes/msg/plate1/demultiplexed-trimmed/CDS_4485_Cyrtodactylus_annulatus_Bohol_R1.trimmed.fq
	Primer/Adaptor library	NA
	Cut-off read length for HQ	70%
	Cut-off quality score	20
	Only statistics	On
	Number of processes	2


QC statistics
	File name	CDS_4485_Cyrtodactylus_annulatus_Bohol_R1.trimmed.fq
	Total number of reads	520814
	Total number of HQ reads	517097
	Percentage of HQ reads	99.29%
	Total number of bases	40258176
	Total number of bases in HQ reads	40078329
	Total number of HQ bases in HQ reads	36703972
	Percentage of HQ bases in HQ reads	91.58%
	Number of Primer/Adaptor contaminated HQ reads	NA
	Total number of HQ filtered reads	517097
	Percentage of HQ filtered reads	99.29%


Detailed QC statistics
	File name	CDS_4485_Cyrtodactylus_annulatus_Bohol_R1.trimmed.fq
	Minimum read length	8
	Maximum read length	95
	Average read length	77.30
	Total number of reads	520814
	Total number of reads with non-ATGC bases	0
	Percentage of reads with non-ATGC bases	0.00%
	Total number of bases	40258176
	Total number of HQ bases	36811104
	Percentage of HQ bases	91.44%
	Total number of non-ATGC bases	0
	Percentage of non-ATGC bases	0.00%


Average quality score at each base position of input reads

CDS_4485_Cyrtodactylus_annulatus_Bohol_R1.trimmed.fq
34.55	34.87	36.34	35.64	36.41	36.46	36.25	38.54	37.88	37.53	37.67	37.97	37.84	37.81	37.87	37.49	37.69	37.09	37.01	36.81	37.26	36.72	36.77	36.84	37.13	36.94	36.97	37.35	36.54	36.19	36.37	36.42	36.16	36.28	36.63	36.17	36.35	36.53	36.70	35.94	35.71	35.48	35.32	34.91	34.53	33.22	31.45	28.96	26.13	22.83	20.26	18.34	16.85	15.54	14.54	13.87	13.53	13.43	13.83	14.38	15.51	16.69	17.80	18.87	19.79	20.35	20.85	21.21	21.35	20.69	20.95	21.20	21.38	21.37	21.27	21.27	21.26	21.12	21.04	20.98	20.97	20.89	20.86	20.85	20.75	20.72	20.70	20.71	20.75	20.74	20.69	20.64	20.59	20.54	19.87	




Read count (%) per base for different quality score ranges

	CDS_4485_Cyrtodactylus_annulatus_Bohol_R1.trimmed.fq
Ranges	0-10	11-20	21-30	31-40
Base
1	0.00	2.84	2.77	94.39
2	0.00	1.84	1.22	96.94
3	0.00	1.70	1.07	97.23
4	0.00	1.88	1.80	96.31
5	0.00	1.67	1.13	97.20
6	0.00	1.65	1.04	97.31
7	0.00	1.99	1.73	96.28
8	0.00	2.21	1.49	96.30
9	0.00	2.43	2.23	95.34
10	0.00	2.64	2.36	95.00
11	0.00	2.47	2.00	95.53
12	0.00	2.08	1.88	96.03
13	0.00	2.08	2.51	95.41
14	0.00	2.22	2.38	95.40
15	0.00	2.09	2.20	95.72
16	0.00	2.13	2.82	95.05
17	0.00	1.94	2.24	95.82
18	0.00	2.36	3.39	94.25
19	0.00	2.60	3.35	94.05
20	0.00	2.84	3.45	93.71
21	0.00	2.36	2.60	95.04
22	0.00	2.39	3.12	94.50
23	0.00	2.24	3.09	94.67
24	0.00	2.24	2.87	94.89
25	0.00	2.09	2.43	95.49
26	0.00	2.01	3.03	94.96
27	0.00	1.96	2.87	95.16
28	0.00	1.73	2.23	96.04
29	0.00	1.79	3.08	95.13
30	0.00	2.16	3.96	93.88
31	0.00	1.82	3.52	94.66
32	0.00	1.92	3.59	94.49
33	0.00	1.98	3.88	94.15
34	0.00	1.60	3.27	95.13
35	0.00	1.26	2.36	96.38
36	0.00	1.17	3.40	95.43
37	0.00	0.94	2.76	96.30
38	0.00	0.92	2.38	96.70
39	0.00	0.83	1.97	97.19
40	0.00	0.90	2.98	96.12
41	0.00	1.09	3.26	95.65
42	0.00	1.28	3.57	95.15
43	0.00	1.24	3.59	95.17
44	0.00	1.56	4.18	94.26
45	0.00	1.58	4.61	93.80
46	0.00	2.45	7.89	89.67
47	0.00	5.23	13.14	81.63
48	0.00	10.63	19.12	70.25
49	0.00	19.25	23.22	57.53
50	0.00	34.23	21.89	43.88
51	0.00	46.86	18.19	34.94
52	0.00	54.57	16.14	29.29
53	0.00	59.58	14.93	25.50
54	0.00	64.11	13.57	22.32
55	0.00	65.74	14.61	19.65
56	0.00	66.40	15.12	18.48
57	0.00	65.36	16.63	18.01
58	0.00	62.39	19.03	18.58
59	0.00	54.90	24.28	20.81
60	0.00	47.61	27.22	25.17
61	0.00	36.57	30.34	33.09
62	0.00	26.76	30.42	42.82
63	0.00	18.99	28.18	52.83
64	0.00	12.84	24.00	63.16
65	0.00	8.74	18.86	72.40
66	0.00	6.30	15.46	78.24
67	0.00	4.21	12.46	83.33
68	0.00	2.89	10.12	86.98
69	0.00	2.30	8.93	88.77
70	0.00	1.62	12.13	86.26
71	0.00	1.92	8.61	89.47
72	0.00	1.73	7.33	90.94
73	0.00	1.61	6.16	92.22
74	0.00	1.48	6.05	92.48
75	0.00	1.39	6.46	92.15
76	0.00	1.13	6.02	92.84
77	0.00	0.98	5.51	93.51
78	0.00	1.02	6.04	92.93
79	0.00	1.08	6.23	92.69
80	0.00	1.00	6.23	92.77
81	0.00	0.84	6.00	93.16
82	0.00	0.91	6.13	92.95
83	0.00	1.03	5.92	93.05
84	0.00	0.90	5.77	93.33
85	0.00	0.93	6.20	92.86
86	0.00	0.92	6.10	92.98
87	0.00	0.85	6.08	93.06
88	0.00	0.69	5.83	93.48
89	0.00	0.55	5.12	94.33
90	0.00	0.51	5.09	94.40
91	0.00	0.50	5.29	94.21
92	0.00	0.54	5.45	94.00
93	0.00	0.56	5.57	93.87
94	0.00	0.57	5.61	93.82
95	0.00	1.48	10.17	88.35




