Parameters
	Library type	Single-end
	Input file	/Volumes/wdhd/users/joaks1/projects/gekgo/data/genomes/msg/plate1/demultiplexed-trimmed/CDS_5727_Cyrtodactylus_philippinicus_Luzon_R1.trimmed.fq
	Primer/Adaptor library	NA
	Cut-off read length for HQ	70%
	Cut-off quality score	20
	Only statistics	On
	Number of processes	2


QC statistics
	File name	CDS_5727_Cyrtodactylus_philippinicus_Luzon_R1.trimmed.fq
	Total number of reads	51251
	Total number of HQ reads	50894
	Percentage of HQ reads	99.30%
	Total number of bases	3857463
	Total number of bases in HQ reads	3840987
	Total number of HQ bases in HQ reads	3517885
	Percentage of HQ bases in HQ reads	91.59%
	Number of Primer/Adaptor contaminated HQ reads	NA
	Total number of HQ filtered reads	50894
	Percentage of HQ filtered reads	99.30%


Detailed QC statistics
	File name	CDS_5727_Cyrtodactylus_philippinicus_Luzon_R1.trimmed.fq
	Minimum read length	9
	Maximum read length	95
	Average read length	75.27
	Total number of reads	51251
	Total number of reads with non-ATGC bases	0
	Percentage of reads with non-ATGC bases	0.00%
	Total number of bases	3857463
	Total number of HQ bases	3527916
	Percentage of HQ bases	91.46%
	Total number of non-ATGC bases	0
	Percentage of non-ATGC bases	0.00%


Average quality score at each base position of input reads

CDS_5727_Cyrtodactylus_philippinicus_Luzon_R1.trimmed.fq
35.66	35.86	36.26	35.65	36.31	36.38	36.17	38.40	37.74	37.41	37.58	37.83	37.72	37.65	37.70	37.32	37.52	36.95	36.83	36.64	37.09	36.48	36.56	36.64	36.99	36.76	36.75	37.14	36.35	36.02	36.16	36.22	35.91	36.05	36.39	35.94	36.10	36.20	36.32	35.57	35.28	35.04	34.89	34.45	34.02	32.66	30.94	28.36	25.37	22.28	19.45	17.49	15.82	14.68	13.59	13.00	12.63	12.55	12.93	13.43	14.47	15.51	16.51	17.52	18.43	18.92	19.43	19.71	19.80	19.17	19.42	19.66	19.83	19.80	19.69	19.70	19.74	19.64	19.60	19.55	19.51	19.40	19.38	19.38	19.26	19.24	19.25	19.26	19.28	19.26	19.21	19.12	19.08	19.06	18.44	




Read count (%) per base for different quality score ranges

	CDS_5727_Cyrtodactylus_philippinicus_Luzon_R1.trimmed.fq
Ranges	0-10	11-20	21-30	31-40
Base
1	0.00	3.63	2.63	93.74
2	0.00	2.10	1.46	96.44
3	0.00	1.97	1.31	96.72
4	0.00	2.25	2.16	95.59
5	0.00	1.84	1.49	96.67
6	0.00	1.79	1.24	96.97
7	0.00	2.10	2.04	95.86
8	0.00	2.30	1.74	95.96
9	0.00	2.57	2.55	94.89
10	0.00	2.71	2.74	94.55
11	0.00	2.49	2.30	95.21
12	0.00	2.15	2.23	95.63
13	0.00	2.14	2.76	95.09
14	0.00	2.42	2.59	94.99
15	0.00	2.26	2.36	95.38
16	0.00	2.33	3.17	94.49
17	0.00	2.03	2.53	95.44
18	0.00	2.39	3.65	93.95
19	0.00	2.78	3.42	93.80
20	0.00	3.05	3.82	93.12
21	0.00	2.41	2.89	94.70
22	0.00	2.72	3.49	93.79
23	0.00	2.50	3.57	93.92
24	0.00	2.42	3.30	94.28
25	0.00	2.31	2.51	95.19
26	0.00	2.16	3.46	94.38
27	0.00	2.17	3.17	94.66
28	0.00	1.82	2.47	95.71
29	0.00	1.89	3.37	94.74
30	0.00	2.14	4.25	93.61
31	0.00	1.93	3.76	94.30
32	0.00	1.87	3.80	94.33
33	0.00	2.03	4.25	93.71
34	0.00	1.61	3.50	94.89
35	0.00	1.25	2.45	96.30
36	0.00	1.19	3.65	95.17
37	0.00	0.94	2.85	96.21
38	0.00	0.96	2.61	96.42
39	0.00	0.98	2.21	96.82
40	0.00	0.90	3.26	95.85
41	0.00	1.08	3.77	95.15
42	0.00	1.32	3.69	94.99
43	0.00	1.22	3.70	95.08
44	0.00	1.61	4.42	93.97
45	0.00	1.52	4.95	93.53
46	0.00	2.42	8.37	89.21
47	0.00	5.15	13.35	81.50
48	0.00	10.69	19.85	69.45
49	0.00	19.91	23.88	56.21
50	0.00	34.11	22.68	43.21
51	0.00	48.33	17.72	33.95
52	0.00	55.74	15.94	28.32
53	0.00	61.67	14.62	23.71
54	0.00	65.11	13.13	21.76
55	0.00	67.33	14.15	18.53
56	0.00	66.65	15.50	17.85
57	0.00	65.59	17.31	17.10
58	0.00	62.09	20.12	17.80
59	0.00	54.34	25.25	20.41
60	0.00	46.84	28.27	24.89
61	0.00	36.38	30.55	33.07
62	0.00	27.04	30.18	42.79
63	0.00	19.41	27.94	52.65
64	0.00	12.99	24.03	62.98
65	0.00	8.46	18.81	72.73
66	0.00	6.27	15.52	78.20
67	0.00	3.75	12.48	83.78
68	0.00	2.89	9.73	87.38
69	0.00	2.30	9.07	88.62
70	0.00	1.53	12.70	85.77
71	0.00	1.79	8.84	89.37
72	0.00	1.70	7.25	91.05
73	0.00	1.52	6.22	92.26
74	0.00	1.49	6.22	92.29
75	0.00	1.57	6.85	91.58
76	0.00	1.34	6.43	92.24
77	0.00	1.03	5.43	93.54
78	0.00	1.09	5.75	93.16
79	0.00	0.99	5.88	93.12
80	0.00	0.92	5.75	93.33
81	0.00	0.75	5.76	93.49
82	0.00	1.01	5.93	93.06
83	0.00	1.04	5.84	93.12
84	0.00	0.95	5.61	93.44
85	0.00	0.98	6.17	92.85
86	0.00	0.83	6.14	93.03
87	0.00	0.77	5.75	93.47
88	0.00	0.61	5.48	93.90
89	0.00	0.54	4.87	94.59
90	0.00	0.48	4.91	94.61
91	0.00	0.59	5.22	94.20
92	0.00	0.61	5.75	93.64
93	0.00	0.70	5.59	93.71
94	0.00	0.61	5.65	93.74
95	0.00	1.42	10.36	88.22




