Parameters
	Library type	Single-end
	Input file	/Volumes/wdhd/users/joaks1/projects/gekgo/data/genomes/msg/plate1/demultiplexed-trimmed/CDS_5627_Cyrtodactylus_philippinicus_Luzon_R1.trimmed.fq
	Primer/Adaptor library	NA
	Cut-off read length for HQ	70%
	Cut-off quality score	20
	Only statistics	On
	Number of processes	2


QC statistics
	File name	CDS_5627_Cyrtodactylus_philippinicus_Luzon_R1.trimmed.fq
	Total number of reads	215536
	Total number of HQ reads	214183
	Percentage of HQ reads	99.37%
	Total number of bases	16537769
	Total number of bases in HQ reads	16473433
	Total number of HQ bases in HQ reads	15088659
	Percentage of HQ bases in HQ reads	91.59%
	Number of Primer/Adaptor contaminated HQ reads	NA
	Total number of HQ filtered reads	214183
	Percentage of HQ filtered reads	99.37%


Detailed QC statistics
	File name	CDS_5627_Cyrtodactylus_philippinicus_Luzon_R1.trimmed.fq
	Minimum read length	12
	Maximum read length	95
	Average read length	76.73
	Total number of reads	215536
	Total number of reads with non-ATGC bases	0
	Percentage of reads with non-ATGC bases	0.00%
	Total number of bases	16537769
	Total number of HQ bases	15127293
	Percentage of HQ bases	91.47%
	Total number of non-ATGC bases	0
	Percentage of non-ATGC bases	0.00%


Average quality score at each base position of input reads

CDS_5627_Cyrtodactylus_philippinicus_Luzon_R1.trimmed.fq
36.05	36.13	36.36	35.89	36.39	36.42	36.22	38.49	37.85	37.47	37.62	37.90	37.74	37.74	37.79	37.40	37.59	36.99	36.89	36.72	37.16	36.63	36.69	36.76	37.08	36.88	36.91	37.29	36.49	36.13	36.33	36.37	36.11	36.25	36.57	36.13	36.30	36.48	36.62	35.82	35.59	35.40	35.22	34.81	34.39	33.04	31.27	28.78	25.85	22.74	19.96	18.07	16.39	15.19	14.20	13.53	13.27	13.07	13.52	14.10	15.18	16.29	17.44	18.47	19.44	19.99	20.44	20.73	20.83	20.18	20.44	20.70	20.87	20.86	20.75	20.77	20.78	20.66	20.59	20.55	20.53	20.42	20.40	20.40	20.29	20.28	20.27	20.30	20.33	20.30	20.24	20.18	20.13	20.11	19.49	




Read count (%) per base for different quality score ranges

	CDS_5627_Cyrtodactylus_philippinicus_Luzon_R1.trimmed.fq
Ranges	0-10	11-20	21-30	31-40
Base
1	0.00	2.70	1.87	95.44
2	0.00	1.92	1.21	96.87
3	0.00	1.82	1.11	97.06
4	0.00	1.97	1.76	96.28
5	0.00	1.75	1.24	97.02
6	0.00	1.75	1.16	97.09
7	0.00	2.06	1.83	96.12
8	0.00	2.24	1.60	96.16
9	0.00	2.47	2.34	95.19
10	0.00	2.73	2.45	94.81
11	0.00	2.50	2.13	95.37
12	0.00	2.11	1.98	95.91
13	0.00	2.14	2.68	95.18
14	0.00	2.27	2.48	95.24
15	0.00	2.12	2.30	95.59
16	0.00	2.09	2.96	94.95
17	0.00	1.86	2.31	95.83
18	0.00	2.33	3.54	94.13
19	0.00	2.64	3.42	93.94
20	0.00	2.93	3.61	93.46
21	0.00	2.42	2.68	94.89
22	0.00	2.43	3.26	94.32
23	0.00	2.27	3.18	94.55
24	0.00	2.22	3.01	94.77
25	0.00	2.13	2.51	95.36
26	0.00	2.01	3.18	94.81
27	0.00	1.96	3.02	95.02
28	0.00	1.76	2.32	95.92
29	0.00	1.78	3.17	95.05
30	0.00	2.12	4.02	93.86
31	0.00	1.82	3.65	94.53
32	0.00	1.88	3.69	94.43
33	0.00	2.01	3.93	94.07
34	0.00	1.58	3.35	95.07
35	0.00	1.23	2.48	96.29
36	0.00	1.17	3.44	95.39
37	0.00	0.94	2.79	96.27
38	0.00	0.88	2.39	96.73
39	0.00	0.90	2.05	97.06
40	0.00	0.93	3.21	95.85
41	0.00	1.08	3.46	95.46
42	0.00	1.25	3.71	95.04
43	0.00	1.23	3.73	95.04
44	0.00	1.56	4.37	94.07
45	0.00	1.58	4.85	93.57
46	0.00	2.50	8.28	89.22
47	0.00	5.31	13.61	81.08
48	0.00	10.55	19.94	69.50
49	0.00	19.36	24.19	56.45
50	0.00	33.55	22.88	43.58
51	0.00	47.39	18.68	33.93
52	0.00	54.95	16.45	28.60
53	0.00	60.94	15.22	23.84
54	0.00	65.03	13.46	21.51
55	0.00	66.69	14.43	18.88
56	0.00	66.79	15.73	17.49
57	0.00	64.87	17.78	17.35
58	0.00	62.69	19.66	17.65
59	0.00	54.53	25.06	20.42
60	0.00	47.08	27.89	25.03
61	0.00	36.41	30.68	32.92
62	0.00	26.93	30.66	42.41
63	0.00	18.66	28.41	52.93
64	0.00	12.69	24.17	63.14
65	0.00	8.15	18.90	72.95
66	0.00	5.76	15.38	78.86
67	0.00	3.92	12.28	83.80
68	0.00	2.89	10.22	86.89
69	0.00	2.34	9.20	88.46
70	0.00	1.53	12.69	85.78
71	0.00	1.73	8.97	89.30
72	0.00	1.56	7.45	90.99
73	0.00	1.51	6.17	92.32
74	0.00	1.49	6.11	92.40
75	0.00	1.39	6.85	91.76
76	0.00	1.14	6.15	92.71
77	0.00	0.94	5.60	93.46
78	0.00	1.00	6.03	92.97
79	0.00	1.04	6.24	92.72
80	0.00	0.94	6.26	92.80
81	0.00	0.81	6.00	93.19
82	0.00	0.89	6.32	92.78
83	0.00	0.98	6.10	92.92
84	0.00	0.85	5.96	93.18
85	0.00	0.91	6.46	92.64
86	0.00	0.85	6.09	93.06
87	0.00	0.77	6.04	93.18
88	0.00	0.57	5.66	93.77
89	0.00	0.48	4.96	94.56
90	0.00	0.48	5.05	94.48
91	0.00	0.54	5.22	94.24
92	0.00	0.55	5.56	93.88
93	0.00	0.57	5.65	93.77
94	0.00	0.59	5.49	93.91
95	0.00	1.35	9.90	88.75




