Parameters
	Library type	Single-end
	Input file	/Volumes/wdhd/users/joaks1/projects/gekgo/data/genomes/msg/plate1/demultiplexed-trimmed/CWL_89_Cyrtodactylus_annulatus_Cebu_R1.trimmed.fq
	Primer/Adaptor library	NA
	Cut-off read length for HQ	70%
	Cut-off quality score	20
	Only statistics	On
	Number of processes	2


QC statistics
	File name	CWL_89_Cyrtodactylus_annulatus_Cebu_R1.trimmed.fq
	Total number of reads	406299
	Total number of HQ reads	403637
	Percentage of HQ reads	99.34%
	Total number of bases	31355448
	Total number of bases in HQ reads	31227523
	Total number of HQ bases in HQ reads	28604804
	Percentage of HQ bases in HQ reads	91.60%
	Number of Primer/Adaptor contaminated HQ reads	NA
	Total number of HQ filtered reads	403637
	Percentage of HQ filtered reads	99.34%


Detailed QC statistics
	File name	CWL_89_Cyrtodactylus_annulatus_Cebu_R1.trimmed.fq
	Minimum read length	10
	Maximum read length	95
	Average read length	77.17
	Total number of reads	406299
	Total number of reads with non-ATGC bases	0
	Percentage of reads with non-ATGC bases	0.00%
	Total number of bases	31355448
	Total number of HQ bases	28681617
	Percentage of HQ bases	91.47%
	Total number of non-ATGC bases	0
	Percentage of non-ATGC bases	0.00%


Average quality score at each base position of input reads

CWL_89_Cyrtodactylus_annulatus_Cebu_R1.trimmed.fq
35.45	35.59	36.38	35.79	36.42	36.46	36.25	38.56	37.90	37.55	37.68	37.98	37.83	37.80	37.85	37.47	37.67	37.06	36.98	36.80	37.25	36.71	36.75	36.82	37.11	36.93	36.95	37.35	36.55	36.20	36.37	36.41	36.14	36.25	36.62	36.16	36.35	36.52	36.69	35.92	35.71	35.48	35.32	34.90	34.54	33.19	31.41	28.95	26.08	22.78	20.19	18.26	16.76	15.48	14.49	13.81	13.46	13.34	13.73	14.29	15.43	16.62	17.72	18.78	19.69	20.25	20.74	21.09	21.23	20.57	20.84	21.06	21.24	21.24	21.14	21.14	21.14	21.00	20.93	20.88	20.86	20.78	20.75	20.74	20.65	20.62	20.59	20.60	20.64	20.64	20.58	20.53	20.48	20.43	19.76	




Read count (%) per base for different quality score ranges

	CWL_89_Cyrtodactylus_annulatus_Cebu_R1.trimmed.fq
Ranges	0-10	11-20	21-30	31-40
Base
1	0.00	2.61	2.04	95.35
2	0.00	1.82	1.15	97.03
3	0.00	1.68	1.04	97.27
4	0.00	1.86	1.70	96.44
5	0.00	1.66	1.16	97.19
6	0.00	1.64	1.02	97.34
7	0.00	2.00	1.69	96.31
8	0.00	2.13	1.51	96.36
9	0.00	2.38	2.21	95.41
10	0.00	2.61	2.36	95.03
11	0.00	2.46	2.00	95.54
12	0.00	2.04	1.90	96.06
13	0.00	2.05	2.53	95.41
14	0.00	2.24	2.37	95.39
15	0.00	2.09	2.23	95.68
16	0.00	2.10	2.84	95.06
17	0.00	1.89	2.25	95.86
18	0.00	2.35	3.39	94.26
19	0.00	2.61	3.28	94.11
20	0.00	2.82	3.47	93.71
21	0.00	2.37	2.59	95.05
22	0.00	2.41	3.07	94.52
23	0.00	2.30	3.10	94.60
24	0.00	2.26	2.92	94.82
25	0.00	2.10	2.45	95.46
26	0.00	1.97	3.08	94.95
27	0.00	1.98	2.94	95.08
28	0.00	1.71	2.22	96.07
29	0.00	1.71	3.11	95.17
30	0.00	2.07	3.97	93.96
31	0.00	1.80	3.56	94.65
32	0.00	1.85	3.62	94.52
33	0.00	2.01	3.84	94.15
34	0.00	1.62	3.38	95.01
35	0.00	1.25	2.44	96.31
36	0.00	1.19	3.43	95.37
37	0.00	0.93	2.72	96.35
38	0.00	0.91	2.41	96.68
39	0.00	0.85	1.95	97.20
40	0.00	0.93	3.02	96.05
41	0.00	1.07	3.24	95.69
42	0.00	1.26	3.52	95.22
43	0.00	1.19	3.58	95.22
44	0.00	1.53	4.22	94.26
45	0.00	1.48	4.69	93.83
46	0.00	2.45	8.03	89.53
47	0.00	5.27	13.26	81.47
48	0.00	10.40	19.34	70.26
49	0.00	19.15	23.40	57.44
50	0.00	34.08	22.15	43.77
51	0.00	46.89	18.43	34.69
52	0.00	54.50	16.44	29.05
53	0.00	59.82	15.04	25.14
54	0.00	64.01	13.79	22.20
55	0.00	65.65	14.70	19.65
56	0.00	66.26	15.40	18.34
57	0.00	65.23	16.88	17.89
58	0.00	62.59	19.15	18.26
59	0.00	55.08	24.43	20.49
60	0.00	47.66	27.48	24.86
61	0.00	36.65	30.45	32.90
62	0.00	26.71	30.50	42.79
63	0.00	19.05	28.25	52.71
64	0.00	12.77	24.20	63.04
65	0.00	8.84	18.87	72.29
66	0.00	6.25	15.64	78.11
67	0.00	4.08	12.66	83.26
68	0.00	2.87	10.26	86.87
69	0.00	2.26	8.92	88.82
70	0.00	1.58	12.29	86.13
71	0.00	1.85	8.75	89.40
72	0.00	1.73	7.45	90.82
73	0.00	1.61	6.31	92.08
74	0.00	1.47	6.07	92.46
75	0.00	1.44	6.60	91.97
76	0.00	1.17	6.09	92.74
77	0.00	0.93	5.62	93.45
78	0.00	0.99	6.12	92.89
79	0.00	0.98	6.25	92.76
80	0.00	0.93	6.23	92.84
81	0.00	0.78	5.92	93.30
82	0.00	0.88	6.13	93.00
83	0.00	1.01	5.91	93.09
84	0.00	0.88	5.89	93.23
85	0.00	0.88	6.22	92.90
86	0.00	0.88	6.18	92.94
87	0.00	0.81	6.24	92.95
88	0.00	0.64	5.90	93.46
89	0.00	0.50	5.22	94.28
90	0.00	0.53	5.05	94.42
91	0.00	0.52	5.32	94.16
92	0.00	0.52	5.43	94.04
93	0.00	0.56	5.55	93.89
94	0.00	0.56	5.60	93.84
95	0.00	1.50	10.23	88.27




