Parameters
	Library type	Single-end
	Input file	/Volumes/wdhd/users/joaks1/projects/gekgo/data/genomes/msg/plate1/demultiplexed-trimmed/CWL_88_Cyrtodactylus_annulatus_Cebu_R1.trimmed.fq
	Primer/Adaptor library	NA
	Cut-off read length for HQ	70%
	Cut-off quality score	20
	Only statistics	On
	Number of processes	2


QC statistics
	File name	CWL_88_Cyrtodactylus_annulatus_Cebu_R1.trimmed.fq
	Total number of reads	47428
	Total number of HQ reads	47108
	Percentage of HQ reads	99.33%
	Total number of bases	3666620
	Total number of bases in HQ reads	3651530
	Total number of HQ bases in HQ reads	3345116
	Percentage of HQ bases in HQ reads	91.61%
	Number of Primer/Adaptor contaminated HQ reads	NA
	Total number of HQ filtered reads	47108
	Percentage of HQ filtered reads	99.33%


Detailed QC statistics
	File name	CWL_88_Cyrtodactylus_annulatus_Cebu_R1.trimmed.fq
	Minimum read length	12
	Maximum read length	95
	Average read length	77.31
	Total number of reads	47428
	Total number of reads with non-ATGC bases	0
	Percentage of reads with non-ATGC bases	0.00%
	Total number of bases	3666620
	Total number of HQ bases	3354264
	Percentage of HQ bases	91.48%
	Total number of non-ATGC bases	0
	Percentage of non-ATGC bases	0.00%


Average quality score at each base position of input reads

CWL_88_Cyrtodactylus_annulatus_Cebu_R1.trimmed.fq
36.06	35.89	36.34	35.90	36.39	36.43	36.25	38.55	37.88	37.54	37.67	37.97	37.80	37.75	37.79	37.36	37.51	37.00	36.97	36.77	37.21	36.68	36.74	36.83	37.09	36.95	36.96	37.33	36.55	36.21	36.35	36.42	36.13	36.24	36.62	36.16	36.34	36.53	36.69	35.91	35.67	35.48	35.31	34.85	34.51	33.15	31.34	28.90	26.09	22.76	20.18	18.28	16.85	15.57	14.50	13.86	13.55	13.43	13.78	14.34	15.51	16.69	17.81	18.88	19.77	20.32	20.79	21.14	21.27	20.61	20.86	21.09	21.25	21.27	21.16	21.17	21.17	21.03	20.96	20.93	20.90	20.84	20.81	20.83	20.73	20.72	20.69	20.70	20.74	20.75	20.72	20.65	20.58	20.54	19.87	




Read count (%) per base for different quality score ranges

	CWL_88_Cyrtodactylus_annulatus_Cebu_R1.trimmed.fq
Ranges	0-10	11-20	21-30	31-40
Base
1	0.00	2.65	1.82	95.54
2	0.00	1.95	1.24	96.81
3	0.00	1.94	1.04	97.02
4	0.00	1.95	1.67	96.38
5	0.00	1.74	1.25	97.01
6	0.00	1.73	1.10	97.17
7	0.00	1.98	1.80	96.22
8	0.00	2.19	1.55	96.25
9	0.00	2.40	2.24	95.36
10	0.00	2.58	2.39	95.03
11	0.00	2.52	2.05	95.44
12	0.00	2.09	2.02	95.89
13	0.00	2.12	2.47	95.41
14	0.00	2.25	2.44	95.31
15	0.00	2.11	2.26	95.63
16	0.00	2.10	2.88	95.02
17	0.00	1.98	2.37	95.65
18	0.00	2.23	3.52	94.24
19	0.00	2.51	3.31	94.18
20	0.00	2.82	3.50	93.67
21	0.00	2.41	2.68	94.91
22	0.00	2.40	3.25	94.36
23	0.00	2.25	3.19	94.56
24	0.00	2.15	2.94	94.90
25	0.00	2.08	2.49	95.43
26	0.00	1.95	3.07	94.98
27	0.00	1.95	2.82	95.23
28	0.00	1.69	2.25	96.05
29	0.00	1.64	3.12	95.23
30	0.00	1.96	3.86	94.17
31	0.00	1.84	3.57	94.60
32	0.00	1.83	3.46	94.71
33	0.00	1.96	3.78	94.26
34	0.00	1.63	3.37	95.00
35	0.00	1.24	2.41	96.35
36	0.00	1.07	3.41	95.52
37	0.00	0.97	2.70	96.33
38	0.00	0.87	2.46	96.67
39	0.00	0.86	1.93	97.21
40	0.00	0.85	3.20	95.95
41	0.00	1.06	3.45	95.48
42	0.00	1.22	3.68	95.11
43	0.00	1.18	3.69	95.13
44	0.00	1.55	4.39	94.06
45	0.00	1.59	4.79	93.62
46	0.00	2.36	8.39	89.24
47	0.00	5.33	13.83	80.84
48	0.00	10.44	19.83	69.73
49	0.00	19.05	23.79	57.16
50	0.00	34.13	22.89	42.97
51	0.00	46.91	18.93	34.15
52	0.00	54.50	16.97	28.53
53	0.00	59.23	15.79	24.98
54	0.00	63.73	14.11	22.16
55	0.00	65.90	14.94	19.16
56	0.00	66.12	16.01	17.87
57	0.00	64.92	17.44	17.64
58	0.00	62.01	19.99	18.00
59	0.00	55.06	24.78	20.15
60	0.00	47.42	28.25	24.32
61	0.00	36.11	31.57	32.32
62	0.00	26.74	30.56	42.70
63	0.00	18.73	28.62	52.65
64	0.00	12.68	24.01	63.31
65	0.00	8.59	19.35	72.06
66	0.00	6.15	15.90	77.95
67	0.00	4.15	12.70	83.15
68	0.00	2.86	10.35	86.79
69	0.00	2.28	9.08	88.64
70	0.00	1.60	12.22	86.18
71	0.00	1.80	8.92	89.27
72	0.00	1.71	7.54	90.75
73	0.00	1.52	6.49	91.99
74	0.00	1.40	5.98	92.62
75	0.00	1.37	6.74	91.89
76	0.00	1.16	6.06	92.77
77	0.00	0.92	5.66	93.42
78	0.00	0.92	6.38	92.71
79	0.00	1.13	6.27	92.60
80	0.00	0.93	6.40	92.68
81	0.00	0.88	6.28	92.84
82	0.00	0.90	6.44	92.66
83	0.00	1.05	6.06	92.89
84	0.00	0.77	5.99	93.24
85	0.00	0.91	6.28	92.82
86	0.00	0.91	5.87	93.22
87	0.00	0.82	6.23	92.96
88	0.00	0.67	5.87	93.46
89	0.00	0.54	5.02	94.45
90	0.00	0.50	5.11	94.40
91	0.00	0.46	4.96	94.58
92	0.00	0.56	5.30	94.14
93	0.00	0.65	5.67	93.68
94	0.00	0.54	5.72	93.74
95	0.00	1.53	10.08	88.39




