Parameters
	Library type	Single-end
	Input file	/Volumes/wdhd/users/joaks1/projects/gekgo/data/genomes/msg/plate1/demultiplexed-trimmed/CWL_90_Cyrtodactylus_annulatus_Cebu_R1.trimmed.fq
	Primer/Adaptor library	NA
	Cut-off read length for HQ	70%
	Cut-off quality score	20
	Only statistics	On
	Number of processes	2


QC statistics
	File name	CWL_90_Cyrtodactylus_annulatus_Cebu_R1.trimmed.fq
	Total number of reads	178821
	Total number of HQ reads	177659
	Percentage of HQ reads	99.35%
	Total number of bases	13584263
	Total number of bases in HQ reads	13529811
	Total number of HQ bases in HQ reads	12400283
	Percentage of HQ bases in HQ reads	91.65%
	Number of Primer/Adaptor contaminated HQ reads	NA
	Total number of HQ filtered reads	177659
	Percentage of HQ filtered reads	99.35%


Detailed QC statistics
	File name	CWL_90_Cyrtodactylus_annulatus_Cebu_R1.trimmed.fq
	Minimum read length	12
	Maximum read length	95
	Average read length	75.97
	Total number of reads	178821
	Total number of reads with non-ATGC bases	0
	Percentage of reads with non-ATGC bases	0.00%
	Total number of bases	13584263
	Total number of HQ bases	12432688
	Percentage of HQ bases	91.52%
	Total number of non-ATGC bases	0
	Percentage of non-ATGC bases	0.00%


Average quality score at each base position of input reads

CWL_90_Cyrtodactylus_annulatus_Cebu_R1.trimmed.fq
36.05	35.62	36.32	35.87	36.37	36.42	36.20	38.47	37.80	37.46	37.60	37.92	37.74	37.70	37.75	37.34	37.53	36.97	36.89	36.72	37.20	36.62	36.67	36.72	37.03	36.84	36.89	37.28	36.45	36.09	36.27	36.29	36.03	36.14	36.50	36.03	36.20	36.36	36.53	35.74	35.53	35.25	35.07	34.64	34.28	32.88	31.08	28.52	25.65	22.40	19.75	17.87	16.36	15.02	14.02	13.34	12.98	12.85	13.20	13.71	14.79	15.90	16.96	17.97	18.83	19.33	19.78	20.10	20.23	19.60	19.82	20.06	20.23	20.23	20.12	20.12	20.10	19.99	19.93	19.89	19.88	19.80	19.77	19.76	19.67	19.63	19.62	19.63	19.67	19.67	19.63	19.58	19.53	19.49	18.83	




Read count (%) per base for different quality score ranges

	CWL_90_Cyrtodactylus_annulatus_Cebu_R1.trimmed.fq
Ranges	0-10	11-20	21-30	31-40
Base
1	0.00	2.74	1.85	95.41
2	0.00	2.01	1.31	96.68
3	0.00	1.90	1.20	96.91
4	0.00	2.05	1.78	96.17
5	0.00	1.79	1.25	96.96
6	0.00	1.75	1.15	97.10
7	0.00	2.12	1.84	96.04
8	0.00	2.28	1.68	96.04
9	0.00	2.55	2.41	95.04
10	0.00	2.74	2.50	94.76
11	0.00	2.59	2.14	95.28
12	0.00	2.08	2.05	95.87
13	0.00	2.14	2.68	95.18
14	0.00	2.26	2.57	95.16
15	0.00	2.13	2.28	95.58
16	0.00	2.12	3.00	94.88
17	0.00	1.93	2.38	95.69
18	0.00	2.35	3.52	94.13
19	0.00	2.63	3.38	93.99
20	0.00	2.90	3.62	93.48
21	0.00	2.38	2.68	94.94
22	0.00	2.41	3.27	94.31
23	0.00	2.30	3.29	94.41
24	0.00	2.31	3.06	94.62
25	0.00	2.19	2.51	95.30
26	0.00	2.04	3.15	94.81
27	0.00	1.94	2.98	95.08
28	0.00	1.71	2.25	96.04
29	0.00	1.73	3.24	95.02
30	0.00	2.14	4.10	93.76
31	0.00	1.83	3.73	94.43
32	0.00	2.00	3.69	94.31
33	0.00	2.00	4.06	93.95
34	0.00	1.64	3.50	94.86
35	0.00	1.30	2.53	96.16
36	0.00	1.24	3.60	95.16
37	0.00	1.00	2.90	96.09
38	0.00	0.95	2.56	96.49
39	0.00	0.89	2.04	97.07
40	0.00	0.93	3.30	95.77
41	0.00	1.08	3.45	95.47
42	0.00	1.30	3.85	94.85
43	0.00	1.30	3.89	94.81
44	0.00	1.62	4.55	93.82
45	0.00	1.55	5.01	93.44
46	0.00	2.52	8.66	88.82
47	0.00	5.34	14.00	80.65
48	0.00	10.79	20.14	69.06
49	0.00	19.43	24.32	56.25
50	0.00	34.35	22.92	42.73
51	0.00	47.39	18.99	33.62
52	0.00	54.35	17.25	28.40
53	0.00	59.60	15.56	24.84
54	0.00	64.05	14.34	21.62
55	0.00	65.59	15.18	19.22
56	0.00	66.16	15.78	18.06
57	0.00	65.00	17.43	17.56
58	0.00	62.08	19.85	18.07
59	0.00	54.85	24.87	20.28
60	0.00	47.47	27.85	24.69
61	0.00	36.47	31.03	32.49
62	0.00	26.76	30.83	42.41
63	0.00	18.77	28.64	52.59
64	0.00	12.55	24.53	62.92
65	0.00	8.55	19.05	72.40
66	0.00	6.20	15.73	78.07
67	0.00	3.99	12.68	83.32
68	0.00	2.85	10.32	86.84
69	0.00	2.20	9.38	88.42
70	0.00	1.51	12.63	85.86
71	0.00	1.82	9.18	89.01
72	0.00	1.65	7.62	90.73
73	0.00	1.53	6.25	92.22
74	0.00	1.38	6.19	92.43
75	0.00	1.35	6.88	91.76
76	0.00	1.11	6.39	92.50
77	0.00	0.98	5.96	93.06
78	0.00	1.00	6.27	92.73
79	0.00	1.04	6.48	92.48
80	0.00	0.90	6.48	92.62
81	0.00	0.81	6.05	93.14
82	0.00	0.90	6.24	92.86
83	0.00	1.02	6.20	92.78
84	0.00	0.83	6.12	93.04
85	0.00	0.93	6.53	92.54
86	0.00	0.94	6.38	92.68
87	0.00	0.87	6.34	92.79
88	0.00	0.70	6.09	93.21
89	0.00	0.52	5.44	94.04
90	0.00	0.52	5.18	94.31
91	0.00	0.52	5.43	94.05
92	0.00	0.55	5.54	93.91
93	0.00	0.62	5.70	93.68
94	0.00	0.61	5.66	93.73
95	0.00	1.56	10.35	88.09




