Parameters
	Library type	Single-end
	Input file	/Volumes/wdhd/users/joaks1/projects/gekgo/data/genomes/msg/plate1/demultiplexed-trimmed/ELR_681_Cyrtodactylus_philippinicus_Mindoro_R1.trimmed.fq
	Primer/Adaptor library	NA
	Cut-off read length for HQ	70%
	Cut-off quality score	20
	Only statistics	On
	Number of processes	2


QC statistics
	File name	ELR_681_Cyrtodactylus_philippinicus_Mindoro_R1.trimmed.fq
	Total number of reads	1957566
	Total number of HQ reads	1945030
	Percentage of HQ reads	99.36%
	Total number of bases	148218202
	Total number of bases in HQ reads	147636062
	Total number of HQ bases in HQ reads	135384285
	Percentage of HQ bases in HQ reads	91.70%
	Number of Primer/Adaptor contaminated HQ reads	NA
	Total number of HQ filtered reads	1945030
	Percentage of HQ filtered reads	99.36%


Detailed QC statistics
	File name	ELR_681_Cyrtodactylus_philippinicus_Mindoro_R1.trimmed.fq
	Minimum read length	9
	Maximum read length	95
	Average read length	75.72
	Total number of reads	1957566
	Total number of reads with non-ATGC bases	0
	Percentage of reads with non-ATGC bases	0.00%
	Total number of bases	148218202
	Total number of HQ bases	135733235
	Percentage of HQ bases	91.58%
	Total number of non-ATGC bases	0
	Percentage of non-ATGC bases	0.00%


Average quality score at each base position of input reads

ELR_681_Cyrtodactylus_philippinicus_Mindoro_R1.trimmed.fq
36.02	35.79	36.31	35.82	36.36	36.40	36.19	38.46	37.79	37.45	37.58	37.88	37.60	37.54	37.56	37.06	37.36	36.89	36.82	36.68	37.13	36.56	36.63	36.69	37.01	36.82	36.84	37.22	36.38	36.05	36.23	36.28	36.00	36.13	36.44	35.99	36.17	36.34	36.48	35.67	35.42	35.21	35.01	34.58	34.15	32.69	30.85	28.31	25.35	22.26	19.60	17.75	16.09	14.83	13.85	13.16	12.81	12.62	13.05	13.60	14.64	15.72	16.80	17.80	18.70	19.18	19.58	19.84	19.93	19.30	19.53	19.76	19.94	19.93	19.83	19.85	19.86	19.76	19.70	19.66	19.64	19.56	19.55	19.54	19.44	19.43	19.42	19.44	19.48	19.45	19.40	19.34	19.31	19.29	18.64	




Read count (%) per base for different quality score ranges

	ELR_681_Cyrtodactylus_philippinicus_Mindoro_R1.trimmed.fq
Ranges	0-10	11-20	21-30	31-40
Base
1	0.00	2.85	1.97	95.19
2	0.00	2.07	1.36	96.57
3	0.00	1.94	1.21	96.85
4	0.00	2.05	1.85	96.09
5	0.00	1.86	1.29	96.86
6	0.00	1.81	1.23	96.96
7	0.00	2.13	1.88	95.98
8	0.00	2.30	1.67	96.03
9	0.00	2.54	2.41	95.05
10	0.00	2.73	2.53	94.74
11	0.00	2.55	2.19	95.25
12	0.00	2.13	2.03	95.85
13	0.00	2.18	2.78	95.04
14	0.00	2.23	2.58	95.19
15	0.00	2.13	2.35	95.53
16	0.00	2.16	3.16	94.68
17	0.00	1.89	2.42	95.69
18	0.00	2.31	3.67	94.02
19	0.00	2.56	3.48	93.96
20	0.00	2.82	3.66	93.52
21	0.00	2.34	2.71	94.95
22	0.00	2.33	3.33	94.34
23	0.00	2.23	3.29	94.48
24	0.00	2.20	3.11	94.69
25	0.00	2.07	2.57	95.36
26	0.00	1.96	3.24	94.80
27	0.00	1.94	3.07	95.00
28	0.00	1.76	2.33	95.91
29	0.00	1.71	3.33	94.96
30	0.00	2.09	4.17	93.73
31	0.00	1.85	3.71	94.44
32	0.00	1.92	3.74	94.34
33	0.00	2.03	4.11	93.86
34	0.00	1.66	3.54	94.80
35	0.00	1.33	2.63	96.04
36	0.00	1.22	3.66	95.11
37	0.00	0.99	2.98	96.03
38	0.00	0.96	2.60	96.44
39	0.00	0.90	2.17	96.93
40	0.00	0.97	3.45	95.58
41	0.00	1.15	3.76	95.09
42	0.00	1.27	4.01	94.72
43	0.00	1.27	4.12	94.61
44	0.00	1.59	4.86	93.55
45	0.00	1.61	5.39	93.00
46	0.00	2.56	9.62	87.82
47	0.00	5.45	15.42	79.14
48	0.00	10.81	21.75	67.43
49	0.00	19.49	26.40	54.11
50	0.00	33.86	24.66	41.48
51	0.00	47.20	20.35	32.45
52	0.00	54.38	18.10	27.52
53	0.00	60.33	16.56	23.11
54	0.00	64.36	14.99	20.65
55	0.00	65.95	15.75	18.30
56	0.00	66.56	16.42	17.02
57	0.00	64.96	18.50	16.54
58	0.00	62.52	20.67	16.81
59	0.00	54.31	26.08	19.61
60	0.00	46.85	28.84	24.31
61	0.00	35.89	32.00	32.10
62	0.00	26.33	31.64	42.02
63	0.00	18.23	29.15	52.62
64	0.00	12.13	24.68	63.19
65	0.00	7.84	19.01	73.15
66	0.00	5.66	15.55	78.79
67	0.00	3.69	12.66	83.64
68	0.00	2.68	10.49	86.83
69	0.00	2.20	9.39	88.41
70	0.00	1.46	13.18	85.36
71	0.00	1.68	9.31	89.01
72	0.00	1.54	7.80	90.66
73	0.00	1.43	6.33	92.24
74	0.00	1.37	6.30	92.34
75	0.00	1.35	7.06	91.59
76	0.00	1.09	6.42	92.48
77	0.00	0.90	5.89	93.21
78	0.00	0.92	6.38	92.70
79	0.00	0.97	6.56	92.47
80	0.00	0.91	6.62	92.46
81	0.00	0.76	6.36	92.87
82	0.00	0.85	6.56	92.59
83	0.00	0.92	6.30	92.78
84	0.00	0.85	6.11	93.04
85	0.00	0.90	6.65	92.45
86	0.00	0.89	6.33	92.78
87	0.00	0.86	6.26	92.88
88	0.00	0.67	5.98	93.35
89	0.00	0.54	5.30	94.17
90	0.00	0.54	5.24	94.22
91	0.00	0.59	5.49	93.93
92	0.00	0.65	5.78	93.57
93	0.00	0.63	5.84	93.53
94	0.00	0.62	5.61	93.77
95	0.00	1.60	10.22	88.18




