Parameters
	Library type	Single-end
	Input file	/Volumes/wdhd/users/joaks1/projects/gekgo/data/genomes/msg/plate1/demultiplexed-trimmed/PNM.CMNH_1293_Cyrtodactylus_annulatus_Mindanao_R1.trimmed.fq
	Primer/Adaptor library	NA
	Cut-off read length for HQ	70%
	Cut-off quality score	20
	Only statistics	On
	Number of processes	2


QC statistics
	File name	PNM.CMNH_1293_Cyrtodactylus_annulatus_Mindanao_R1.trimmed.fq
	Total number of reads	11434
	Total number of HQ reads	11326
	Percentage of HQ reads	99.06%
	Total number of bases	864788
	Total number of bases in HQ reads	860054
	Total number of HQ bases in HQ reads	788767
	Percentage of HQ bases in HQ reads	91.71%
	Number of Primer/Adaptor contaminated HQ reads	NA
	Total number of HQ filtered reads	11326
	Percentage of HQ filtered reads	99.06%


Detailed QC statistics
	File name	PNM.CMNH_1293_Cyrtodactylus_annulatus_Mindanao_R1.trimmed.fq
	Minimum read length	9
	Maximum read length	95
	Average read length	75.63
	Total number of reads	11434
	Total number of reads with non-ATGC bases	0
	Percentage of reads with non-ATGC bases	0.00%
	Total number of bases	864788
	Total number of HQ bases	791587
	Percentage of HQ bases	91.54%
	Total number of non-ATGC bases	0
	Percentage of non-ATGC bases	0.00%


Average quality score at each base position of input reads

PNM.CMNH_1293_Cyrtodactylus_annulatus_Mindanao_R1.trimmed.fq
35.78	35.84	36.10	35.60	36.12	36.23	35.95	38.07	37.45	37.23	37.27	37.58	37.32	37.44	37.55	37.14	37.45	36.87	36.70	36.53	36.99	36.39	36.37	36.51	36.73	36.56	36.62	37.02	36.34	36.02	36.06	36.19	35.88	35.94	36.23	35.79	35.74	35.89	36.04	35.27	35.14	34.94	34.69	34.22	33.68	32.25	30.53	28.06	25.48	22.12	19.70	18.00	16.86	15.22	13.89	13.28	13.07	12.66	13.20	13.89	15.09	16.16	17.39	18.17	18.99	19.30	19.80	20.17	20.20	19.49	19.79	20.05	20.27	20.24	20.15	20.20	20.16	20.08	20.03	19.92	19.87	19.84	19.82	19.85	19.77	19.73	19.62	19.69	19.74	19.69	19.63	19.54	19.54	19.46	18.77	




Read count (%) per base for different quality score ranges

	PNM.CMNH_1293_Cyrtodactylus_annulatus_Mindanao_R1.trimmed.fq
Ranges	0-10	11-20	21-30	31-40
Base
1	0.00	3.52	2.42	94.05
2	0.00	2.64	1.63	95.73
3	0.00	2.45	1.79	95.76
4	0.00	2.75	2.67	94.58
5	0.00	2.49	1.81	95.70
6	0.00	2.17	1.71	96.13
7	0.00	2.63	2.65	94.72
8	0.00	3.07	2.15	94.78
9	0.00	3.14	3.21	93.65
10	0.00	3.25	3.02	93.73
11	0.00	3.10	2.74	94.17
12	0.00	2.61	2.58	94.81
13	0.00	2.69	3.37	93.95
14	0.00	2.68	3.45	93.88
15	0.00	2.55	2.82	94.63
16	0.00	2.67	3.50	93.83
17	0.00	2.31	2.93	94.76
18	0.00	2.66	3.94	93.40
19	0.00	3.09	3.99	92.92
20	0.00	3.21	4.37	92.42
21	0.00	2.74	3.30	93.95
22	0.00	2.86	3.74	93.40
23	0.00	2.94	3.76	93.30
24	0.00	2.77	3.38	93.85
25	0.00	2.47	3.15	94.38
26	0.00	2.30	3.87	93.82
27	0.00	2.16	3.62	94.22
28	0.00	1.94	2.66	95.40
29	0.00	1.91	3.69	94.40
30	0.00	2.23	4.12	93.65
31	0.00	1.95	4.17	93.88
32	0.00	1.78	3.73	94.49
33	0.00	2.25	4.07	93.69
34	0.00	1.66	3.93	94.42
35	0.00	1.44	2.88	95.68
36	0.00	1.27	4.01	94.72
37	0.00	1.29	3.33	95.38
38	0.00	1.21	2.91	95.89
39	0.00	1.19	2.33	96.48
40	0.00	1.21	3.56	95.23
41	0.00	1.08	3.66	95.27
42	0.00	1.29	3.58	95.13
43	0.00	1.39	3.61	95.00
44	0.00	1.54	4.46	94.00
45	0.00	1.66	5.26	93.07
46	0.00	2.75	8.25	89.01
47	0.00	5.78	13.42	80.79
48	0.00	10.29	20.45	69.26
49	0.00	18.97	23.31	57.72
50	0.00	32.96	23.33	43.71
51	0.00	44.65	19.95	35.40
52	0.00	52.18	16.71	31.11
53	0.00	55.65	15.56	28.79
54	0.00	62.19	13.59	24.22
55	0.00	66.84	13.05	20.11
56	0.00	67.16	13.98	18.86
57	0.00	63.70	17.80	18.50
58	0.00	63.72	18.98	17.31
59	0.00	54.91	24.43	20.66
60	0.00	45.83	27.51	26.66
61	0.00	33.78	30.53	35.68
62	0.00	25.10	29.19	45.72
63	0.00	16.42	26.43	57.15
64	0.00	11.70	23.14	65.16
65	0.00	8.26	18.18	73.55
66	0.00	6.65	16.58	76.77
67	0.00	4.25	12.96	82.79
68	0.00	2.66	10.33	87.00
69	0.00	2.57	8.96	88.47
70	0.00	1.78	14.32	83.90
71	0.00	1.78	9.34	88.89
72	0.00	1.47	8.13	90.40
73	0.00	1.52	6.14	92.35
74	0.00	1.61	5.55	92.83
75	0.00	1.46	6.56	91.98
76	0.00	0.94	5.82	93.24
77	0.00	0.83	5.80	93.36
78	0.00	0.77	5.92	93.31
79	0.00	0.97	5.62	93.41
80	0.00	0.81	6.35	92.84
81	0.00	0.78	6.30	92.93
82	0.00	0.90	5.62	93.48
83	0.00	1.06	5.48	93.47
84	0.00	0.98	4.98	94.04
85	0.00	0.92	5.63	93.45
86	0.00	0.67	5.70	93.63
87	0.00	0.66	5.76	93.58
88	0.00	0.44	5.21	94.35
89	0.00	0.42	4.28	95.29
90	0.00	0.52	4.64	94.85
91	0.00	0.50	4.86	94.64
92	0.00	0.58	5.44	93.98
93	0.00	0.57	5.27	94.17
94	0.00	0.46	5.93	93.61
95	0.00	1.40	11.29	87.32




