Parameters
	Library type	Single-end
	Input file	/Volumes/wdhd/users/joaks1/projects/gekgo/data/genomes/msg/plate1/demultiplexed-trimmed/PNM.CMNH_1298_Cyrtodactylus_annulatus_Mindanao_R1.trimmed.fq
	Primer/Adaptor library	NA
	Cut-off read length for HQ	70%
	Cut-off quality score	20
	Only statistics	On
	Number of processes	2


QC statistics
	File name	PNM.CMNH_1298_Cyrtodactylus_annulatus_Mindanao_R1.trimmed.fq
	Total number of reads	44357
	Total number of HQ reads	44058
	Percentage of HQ reads	99.33%
	Total number of bases	3326232
	Total number of bases in HQ reads	3312871
	Total number of HQ bases in HQ reads	3045972
	Percentage of HQ bases in HQ reads	91.94%
	Number of Primer/Adaptor contaminated HQ reads	NA
	Total number of HQ filtered reads	44058
	Percentage of HQ filtered reads	99.33%


Detailed QC statistics
	File name	PNM.CMNH_1298_Cyrtodactylus_annulatus_Mindanao_R1.trimmed.fq
	Minimum read length	11
	Maximum read length	95
	Average read length	74.99
	Total number of reads	44357
	Total number of reads with non-ATGC bases	0
	Percentage of reads with non-ATGC bases	0.00%
	Total number of bases	3326232
	Total number of HQ bases	3053945
	Percentage of HQ bases	91.81%
	Total number of non-ATGC bases	0
	Percentage of non-ATGC bases	0.00%


Average quality score at each base position of input reads

PNM.CMNH_1298_Cyrtodactylus_annulatus_Mindanao_R1.trimmed.fq
36.03	36.05	36.32	35.89	36.34	36.38	36.14	38.30	37.63	37.41	37.45	37.70	37.43	37.50	37.54	37.06	37.43	36.94	36.78	36.63	37.13	36.49	36.54	36.63	36.92	36.70	36.73	37.13	36.36	36.04	36.14	36.25	35.98	36.04	36.39	35.93	35.96	36.16	36.33	35.52	35.35	35.17	34.98	34.45	33.83	32.32	30.61	27.79	25.27	21.99	19.56	17.82	16.62	15.04	13.65	13.07	12.83	12.36	12.89	13.60	14.61	15.80	16.89	17.64	18.39	18.55	18.87	19.26	19.27	18.54	18.91	19.12	19.37	19.37	19.32	19.32	19.35	19.27	19.21	19.11	19.08	19.09	19.11	19.12	19.01	18.94	18.85	18.95	19.05	19.03	18.97	18.91	18.88	18.78	18.00	




Read count (%) per base for different quality score ranges

	PNM.CMNH_1298_Cyrtodactylus_annulatus_Mindanao_R1.trimmed.fq
Ranges	0-10	11-20	21-30	31-40
Base
1	0.00	2.88	1.93	95.19
2	0.00	2.02	1.40	96.58
3	0.00	1.96	1.21	96.83
4	0.00	2.11	1.77	96.12
5	0.00	1.92	1.33	96.76
6	0.00	1.83	1.28	96.89
7	0.00	2.25	1.97	95.78
8	0.00	2.49	1.85	95.66
9	0.00	2.64	2.44	94.92
10	0.00	2.71	2.65	94.64
11	0.00	2.57	2.18	95.25
12	0.00	2.22	2.25	95.54
13	0.00	2.37	2.96	94.67
14	0.00	2.39	2.85	94.77
15	0.00	2.10	2.31	95.59
16	0.00	2.14	3.19	94.67
17	0.00	1.80	2.35	95.85
18	0.00	2.22	3.34	94.44
19	0.00	2.64	3.58	93.78
20	0.00	2.95	3.78	93.27
21	0.00	2.43	2.69	94.88
22	0.00	2.56	3.52	93.93
23	0.00	2.41	3.44	94.14
24	0.00	2.15	3.18	94.67
25	0.00	1.97	2.60	95.43
26	0.00	1.85	3.05	95.11
27	0.00	1.84	3.04	95.12
28	0.00	1.83	2.28	95.89
29	0.00	1.78	3.41	94.81
30	0.00	2.14	4.04	93.83
31	0.00	1.91	3.61	94.48
32	0.00	1.86	3.53	94.62
33	0.00	1.86	3.95	94.20
34	0.00	1.70	3.28	95.02
35	0.00	1.37	2.52	96.11
36	0.00	1.21	3.60	95.19
37	0.00	1.13	3.25	95.62
38	0.00	0.99	2.68	96.34
39	0.00	0.95	2.27	96.79
40	0.00	1.06	3.64	95.30
41	0.00	1.07	3.42	95.51
42	0.00	1.20	3.54	95.26
43	0.00	1.17	3.58	95.25
44	0.00	1.61	4.58	93.81
45	0.00	1.71	6.01	92.28
46	0.00	2.67	9.69	87.64
47	0.00	5.32	15.67	79.01
48	0.00	10.64	23.86	65.50
49	0.00	19.68	25.47	54.85
50	0.00	33.86	24.51	41.63
51	0.00	44.56	22.29	33.15
52	0.00	52.07	18.36	29.57
53	0.00	55.76	16.85	27.39
54	0.00	61.35	15.34	23.30
55	0.00	66.37	14.76	18.87
56	0.00	65.50	15.83	18.67
57	0.00	62.49	18.90	18.61
58	0.00	62.99	19.92	17.09
59	0.00	54.04	25.44	20.52
60	0.00	44.31	29.20	26.50
61	0.00	34.20	31.04	34.76
62	0.00	23.98	30.25	45.77
63	0.00	15.97	27.44	56.59
64	0.00	11.42	23.76	64.82
65	0.00	7.96	18.14	73.90
66	0.00	6.34	16.84	76.82
67	0.00	4.48	13.88	81.64
68	0.00	2.66	11.08	86.26
69	0.00	2.50	10.26	87.24
70	0.00	1.92	16.06	82.02
71	0.00	1.79	10.24	87.96
72	0.00	1.65	8.69	89.66
73	0.00	1.46	6.64	91.91
74	0.00	1.47	6.38	92.14
75	0.00	1.35	6.77	91.87
76	0.00	1.09	6.59	92.32
77	0.00	0.85	6.01	93.15
78	0.00	0.84	6.29	92.87
79	0.00	0.89	6.50	92.62
80	0.00	0.92	7.08	92.00
81	0.00	0.71	6.87	92.41
82	0.00	0.73	6.27	92.99
83	0.00	0.85	5.85	93.30
84	0.00	0.69	5.64	93.67
85	0.00	0.82	6.59	92.59
86	0.00	0.91	6.45	92.64
87	0.00	0.88	6.95	92.17
88	0.00	0.61	5.89	93.50
89	0.00	0.38	5.00	94.62
90	0.00	0.51	4.69	94.81
91	0.00	0.59	4.87	94.54
92	0.00	0.69	5.39	93.92
93	0.00	0.66	5.50	93.84
94	0.00	0.73	5.77	93.49
95	0.00	1.97	11.32	86.70




