Parameters
	Library type	Single-end
	Input file	/Volumes/wdhd/users/joaks1/projects/gekgo/data/genomes/msg/plate1/demultiplexed-trimmed/PNM.CMNH_1289_Cyrtodactylus_annulatus_Mindanao_R1.trimmed.fq
	Primer/Adaptor library	NA
	Cut-off read length for HQ	70%
	Cut-off quality score	20
	Only statistics	On
	Number of processes	2


QC statistics
	File name	PNM.CMNH_1289_Cyrtodactylus_annulatus_Mindanao_R1.trimmed.fq
	Total number of reads	36931
	Total number of HQ reads	36745
	Percentage of HQ reads	99.50%
	Total number of bases	2795081
	Total number of bases in HQ reads	2786578
	Total number of HQ bases in HQ reads	2559083
	Percentage of HQ bases in HQ reads	91.84%
	Number of Primer/Adaptor contaminated HQ reads	NA
	Total number of HQ filtered reads	36745
	Percentage of HQ filtered reads	99.50%


Detailed QC statistics
	File name	PNM.CMNH_1289_Cyrtodactylus_annulatus_Mindanao_R1.trimmed.fq
	Minimum read length	12
	Maximum read length	95
	Average read length	75.68
	Total number of reads	36931
	Total number of reads with non-ATGC bases	0
	Percentage of reads with non-ATGC bases	0.00%
	Total number of bases	2795081
	Total number of HQ bases	2564287
	Percentage of HQ bases	91.74%
	Total number of non-ATGC bases	0
	Percentage of non-ATGC bases	0.00%


Average quality score at each base position of input reads

PNM.CMNH_1289_Cyrtodactylus_annulatus_Mindanao_R1.trimmed.fq
36.04	35.90	36.32	35.87	36.36	36.40	36.16	38.33	37.73	37.45	37.51	37.82	37.24	37.37	37.52	37.05	37.45	36.92	36.80	36.66	37.16	36.56	36.57	36.65	36.92	36.68	36.76	37.14	36.42	36.06	36.18	36.29	36.00	36.07	36.41	35.92	35.99	36.20	36.34	35.61	35.37	35.15	34.99	34.53	33.90	32.27	30.50	27.75	25.31	22.17	19.72	18.08	16.79	15.26	13.90	13.28	12.99	12.58	13.06	13.75	14.76	15.99	17.09	17.89	18.70	18.97	19.31	19.67	19.69	18.98	19.30	19.51	19.76	19.77	19.74	19.75	19.75	19.69	19.60	19.54	19.50	19.50	19.55	19.58	19.46	19.42	19.35	19.41	19.50	19.46	19.44	19.38	19.34	19.23	18.50	




Read count (%) per base for different quality score ranges

	PNM.CMNH_1289_Cyrtodactylus_annulatus_Mindanao_R1.trimmed.fq
Ranges	0-10	11-20	21-30	31-40
Base
1	0.00	2.70	2.05	95.25
2	0.00	2.02	1.32	96.66
3	0.00	1.87	1.29	96.84
4	0.00	2.00	1.79	96.21
5	0.00	1.84	1.28	96.88
6	0.00	1.72	1.37	96.91
7	0.00	2.08	2.14	95.78
8	0.00	2.39	1.91	95.70
9	0.00	2.44	2.41	95.15
10	0.00	2.57	2.53	94.90
11	0.00	2.40	2.34	95.26
12	0.00	2.04	2.12	95.84
13	0.00	2.11	2.99	94.90
14	0.00	2.16	2.62	95.22
15	0.00	1.94	2.39	95.66
16	0.00	2.02	3.25	94.73
17	0.00	1.75	2.22	96.02
18	0.00	2.22	3.34	94.43
19	0.00	2.55	3.56	93.89
20	0.00	2.78	3.65	93.57
21	0.00	2.22	2.75	95.04
22	0.00	2.15	3.43	94.42
23	0.00	2.15	3.60	94.25
24	0.00	2.00	3.21	94.79
25	0.00	1.89	2.62	95.49
26	0.00	1.74	3.29	94.97
27	0.00	1.69	3.09	95.22
28	0.00	1.63	2.29	96.09
29	0.00	1.61	3.33	95.06
30	0.00	1.99	4.06	93.95
31	0.00	1.78	3.64	94.58
32	0.00	1.88	3.58	94.54
33	0.00	1.86	4.07	94.07
34	0.00	1.64	3.38	94.99
35	0.00	1.30	2.57	96.13
36	0.00	1.19	3.70	95.11
37	0.00	1.06	3.35	95.59
38	0.00	1.09	2.77	96.14
39	0.00	1.00	2.53	96.47
40	0.00	0.96	3.70	95.34
41	0.00	1.13	3.78	95.09
42	0.00	1.33	4.05	94.62
43	0.00	1.28	4.03	94.69
44	0.00	1.49	5.05	93.46
45	0.00	1.89	6.29	91.82
46	0.00	2.80	11.33	85.87
47	0.00	5.48	17.73	76.79
48	0.00	10.63	26.70	62.66
49	0.00	19.84	27.74	52.42
50	0.00	33.67	26.41	39.92
51	0.00	44.79	23.57	31.64
52	0.00	51.85	19.58	28.56
53	0.00	56.27	17.64	26.09
54	0.00	61.32	16.22	22.46
55	0.00	66.57	15.09	18.33
56	0.00	66.00	16.52	17.48
57	0.00	63.70	18.97	17.33
58	0.00	63.57	19.90	16.53
59	0.00	55.06	25.13	19.82
60	0.00	45.75	28.79	25.46
61	0.00	34.68	32.33	32.99
62	0.00	24.61	31.24	44.15
63	0.00	16.66	28.27	55.07
64	0.00	11.68	24.43	63.89
65	0.00	7.92	18.93	73.14
66	0.00	6.01	17.11	76.88
67	0.00	4.21	14.01	81.78
68	0.00	2.66	11.30	86.04
69	0.00	2.54	10.26	87.20
70	0.00	1.83	15.94	82.23
71	0.00	1.76	10.70	87.54
72	0.00	1.45	9.43	89.12
73	0.00	1.47	6.77	91.76
74	0.00	1.46	6.64	91.90
75	0.00	1.31	7.01	91.68
76	0.00	1.03	6.82	92.15
77	0.00	0.93	6.43	92.64
78	0.00	0.85	6.45	92.70
79	0.00	0.98	7.04	91.98
80	0.00	0.83	7.25	91.92
81	0.00	0.91	6.87	92.22
82	0.00	0.85	6.80	92.34
83	0.00	0.89	6.07	93.03
84	0.00	0.75	5.78	93.47
85	0.00	0.82	6.62	92.56
86	0.00	0.93	6.29	92.78
87	0.00	0.97	6.63	92.39
88	0.00	0.72	5.95	93.32
89	0.00	0.50	5.04	94.46
90	0.00	0.58	4.77	94.66
91	0.00	0.44	4.72	94.84
92	0.00	0.57	5.21	94.22
93	0.00	0.67	5.52	93.81
94	0.00	0.77	5.95	93.28
95	0.00	1.85	11.26	86.89




