Parameters
	Library type	Single-end
	Input file	/Volumes/wdhd/users/joaks1/projects/gekgo/data/genomes/msg/plate1/demultiplexed-trimmed/PNM.CMNH_1292_Cyrtodactylus_annulatus_Mindanao_R1.trimmed.fq
	Primer/Adaptor library	NA
	Cut-off read length for HQ	70%
	Cut-off quality score	20
	Only statistics	On
	Number of processes	2


QC statistics
	File name	PNM.CMNH_1292_Cyrtodactylus_annulatus_Mindanao_R1.trimmed.fq
	Total number of reads	25671
	Total number of HQ reads	25528
	Percentage of HQ reads	99.44%
	Total number of bases	1985317
	Total number of bases in HQ reads	1978307
	Total number of HQ bases in HQ reads	1817153
	Percentage of HQ bases in HQ reads	91.85%
	Number of Primer/Adaptor contaminated HQ reads	NA
	Total number of HQ filtered reads	25528
	Percentage of HQ filtered reads	99.44%


Detailed QC statistics
	File name	PNM.CMNH_1292_Cyrtodactylus_annulatus_Mindanao_R1.trimmed.fq
	Minimum read length	13
	Maximum read length	95
	Average read length	77.34
	Total number of reads	25671
	Total number of reads with non-ATGC bases	0
	Percentage of reads with non-ATGC bases	0.00%
	Total number of bases	1985317
	Total number of HQ bases	1821392
	Percentage of HQ bases	91.74%
	Total number of non-ATGC bases	0
	Percentage of non-ATGC bases	0.00%


Average quality score at each base position of input reads

PNM.CMNH_1292_Cyrtodactylus_annulatus_Mindanao_R1.trimmed.fq
36.05	35.99	36.40	35.91	36.44	36.48	36.23	38.42	37.76	37.54	37.61	37.84	37.68	37.81	37.91	37.43	37.73	37.16	37.00	36.80	37.29	36.67	36.71	36.86	37.06	36.85	36.95	37.34	36.63	36.28	36.42	36.55	36.27	36.32	36.66	36.23	36.30	36.47	36.67	35.98	35.81	35.61	35.43	34.99	34.46	33.01	31.33	28.75	26.14	23.01	20.51	18.76	17.57	15.92	14.38	13.91	13.69	13.24	13.77	14.59	15.75	17.12	18.32	19.14	20.00	20.35	20.83	21.25	21.28	20.54	20.95	21.17	21.43	21.41	21.35	21.34	21.37	21.23	21.17	21.09	21.03	20.98	20.98	21.00	20.90	20.83	20.76	20.85	20.95	20.91	20.84	20.78	20.76	20.67	19.87	




Read count (%) per base for different quality score ranges

	PNM.CMNH_1292_Cyrtodactylus_annulatus_Mindanao_R1.trimmed.fq
Ranges	0-10	11-20	21-30	31-40
Base
1	0.00	2.45	1.73	95.82
2	0.00	1.82	1.04	97.14
3	0.00	1.70	0.97	97.33
4	0.00	1.72	1.64	96.64
5	0.00	1.58	1.22	97.20
6	0.00	1.54	1.06	97.40
7	0.00	1.89	1.84	96.27
8	0.00	2.21	1.69	96.10
9	0.00	2.42	2.28	95.31
10	0.00	2.59	2.36	95.05
11	0.00	2.27	2.03	95.70
12	0.00	1.92	2.16	95.93
13	0.00	1.98	2.69	95.33
14	0.00	2.10	2.41	95.49
15	0.00	1.83	2.08	96.09
16	0.00	1.89	3.08	95.03
17	0.00	1.65	2.21	96.14
18	0.00	2.15	2.97	94.88
19	0.00	2.39	3.40	94.21
20	0.00	2.69	3.59	93.72
21	0.00	2.22	2.47	95.30
22	0.00	2.39	3.00	94.61
23	0.00	2.29	2.92	94.78
24	0.00	1.85	2.82	95.33
25	0.00	1.98	2.52	95.50
26	0.00	1.76	3.03	95.20
27	0.00	1.62	2.81	95.57
28	0.00	1.55	2.10	96.35
29	0.00	1.57	2.94	95.49
30	0.00	1.88	3.57	94.54
31	0.00	1.66	3.19	95.15
32	0.00	1.51	3.31	95.18
33	0.00	1.68	3.43	94.88
34	0.00	1.43	2.97	95.59
35	0.00	1.23	2.18	96.59
36	0.00	1.16	3.09	95.76
37	0.00	0.91	2.91	96.17
38	0.00	1.00	2.31	96.69
39	0.00	0.81	2.15	97.04
40	0.00	0.89	2.88	96.23
41	0.00	0.98	3.09	95.93
42	0.00	1.19	3.39	95.42
43	0.00	1.02	3.29	95.69
44	0.00	1.46	4.05	94.49
45	0.00	1.64	4.68	93.68
46	0.00	2.61	8.18	89.21
47	0.00	5.32	13.57	81.11
48	0.00	9.89	21.40	68.71
49	0.00	19.48	22.62	57.90
50	0.00	32.56	22.63	44.81
51	0.00	43.77	20.14	36.09
52	0.00	52.02	16.01	31.97
53	0.00	55.41	15.38	29.20
54	0.00	61.92	13.69	24.39
55	0.00	67.79	13.14	19.07
56	0.00	66.35	14.95	18.70
57	0.00	63.29	18.02	18.69
58	0.00	63.94	18.59	17.47
59	0.00	55.08	24.47	20.46
60	0.00	45.37	28.05	26.59
61	0.00	34.53	30.84	34.63
62	0.00	24.55	29.28	46.18
63	0.00	16.57	26.23	57.20
64	0.00	12.22	22.76	65.02
65	0.00	8.05	18.42	73.53
66	0.00	6.48	15.76	77.75
67	0.00	4.38	12.89	82.73
68	0.00	2.72	10.32	86.96
69	0.00	2.65	9.24	88.11
70	0.00	1.96	14.59	83.46
71	0.00	1.73	9.58	88.69
72	0.00	1.69	7.62	90.69
73	0.00	1.47	6.17	92.36
74	0.00	1.67	5.86	92.47
75	0.00	1.41	6.33	92.27
76	0.00	1.13	5.91	92.96
77	0.00	0.94	5.36	93.70
78	0.00	0.90	5.97	93.14
79	0.00	0.81	6.01	93.18
80	0.00	0.86	6.22	92.91
81	0.00	0.73	6.16	93.11
82	0.00	0.88	6.05	93.07
83	0.00	0.98	5.52	93.49
84	0.00	0.73	5.41	93.85
85	0.00	0.76	5.98	93.26
86	0.00	0.92	6.01	93.06
87	0.00	1.02	6.07	92.91
88	0.00	0.53	5.54	93.93
89	0.00	0.44	4.56	95.00
90	0.00	0.38	4.53	95.09
91	0.00	0.42	4.78	94.79
92	0.00	0.60	4.88	94.52
93	0.00	0.62	5.12	94.26
94	0.00	0.61	5.55	93.84
95	0.00	1.70	10.83	87.47




