Parameters
	Library type	Single-end
	Input file	/Volumes/wdhd/users/joaks1/projects/gekgo/data/genomes/msg/plate1/demultiplexed-trimmed/RMB_15052_Cyrtodactylus_philippinicus_Luzon_R1.trimmed.fq
	Primer/Adaptor library	NA
	Cut-off read length for HQ	70%
	Cut-off quality score	20
	Only statistics	On
	Number of processes	2


QC statistics
	File name	RMB_15052_Cyrtodactylus_philippinicus_Luzon_R1.trimmed.fq
	Total number of reads	33637
	Total number of HQ reads	33301
	Percentage of HQ reads	99.00%
	Total number of bases	2496604
	Total number of bases in HQ reads	2482262
	Total number of HQ bases in HQ reads	2268688
	Percentage of HQ bases in HQ reads	91.40%
	Number of Primer/Adaptor contaminated HQ reads	NA
	Total number of HQ filtered reads	33301
	Percentage of HQ filtered reads	99.00%


Detailed QC statistics
	File name	RMB_15052_Cyrtodactylus_philippinicus_Luzon_R1.trimmed.fq
	Minimum read length	12
	Maximum read length	95
	Average read length	74.22
	Total number of reads	33637
	Total number of reads with non-ATGC bases	0
	Percentage of reads with non-ATGC bases	0.00%
	Total number of bases	2496604
	Total number of HQ bases	2277405
	Percentage of HQ bases	91.22%
	Total number of non-ATGC bases	0
	Percentage of non-ATGC bases	0.00%


Average quality score at each base position of input reads

RMB_15052_Cyrtodactylus_philippinicus_Luzon_R1.trimmed.fq
35.08	35.13	35.82	35.02	35.88	36.02	35.86	38.05	37.40	37.03	37.16	37.46	37.30	37.32	37.34	36.97	37.12	36.56	36.47	36.30	36.66	36.15	36.24	36.30	36.56	36.31	36.34	36.68	35.86	35.47	35.64	35.63	35.29	35.43	35.64	35.16	35.22	35.32	35.39	34.60	34.33	34.00	33.75	33.35	32.90	31.62	29.96	27.52	24.67	21.56	18.90	17.03	15.45	14.25	13.29	12.74	12.48	12.33	12.74	13.19	14.16	15.20	16.27	17.23	18.05	18.55	19.01	19.27	19.39	18.82	19.02	19.28	19.44	19.43	19.32	19.33	19.29	19.21	19.14	19.10	19.07	18.94	18.93	18.93	18.82	18.82	18.83	18.82	18.86	18.81	18.75	18.71	18.67	18.64	18.09	




Read count (%) per base for different quality score ranges

	RMB_15052_Cyrtodactylus_philippinicus_Luzon_R1.trimmed.fq
Ranges	0-10	11-20	21-30	31-40
Base
1	0.00	4.45	2.96	92.59
2	0.00	3.11	2.23	94.66
3	0.00	3.14	2.43	94.43
4	0.00	4.20	3.67	92.13
5	0.00	2.91	2.68	94.41
6	0.00	2.58	2.32	95.09
7	0.00	2.79	2.91	94.30
8	0.00	2.87	2.47	94.67
9	0.00	3.12	3.55	93.33
10	0.00	3.38	3.66	92.96
11	0.00	3.27	3.40	93.33
12	0.00	2.79	3.12	94.10
13	0.00	2.84	3.75	93.40
14	0.00	2.81	3.73	93.45
15	0.00	2.78	3.50	93.73
16	0.00	2.71	4.07	93.23
17	0.00	2.73	3.55	93.72
18	0.00	3.18	4.65	92.17
19	0.00	3.40	4.45	92.15
20	0.00	3.64	4.83	91.53
21	0.00	3.29	3.79	92.91
22	0.00	3.20	4.38	92.42
23	0.00	2.97	4.34	92.69
24	0.00	2.87	4.09	93.04
25	0.00	2.85	3.57	93.58
26	0.00	2.77	4.39	92.84
27	0.00	2.71	3.99	93.31
28	0.00	2.35	3.32	94.33
29	0.00	2.29	4.29	93.42
30	0.00	2.66	5.05	92.29
31	0.00	2.17	4.51	93.32
32	0.00	2.17	4.46	93.38
33	0.00	2.31	4.75	92.93
34	0.00	1.74	4.19	94.06
35	0.00	1.49	3.19	95.32
36	0.00	1.40	4.01	94.59
37	0.00	1.23	3.43	95.33
38	0.00	1.07	3.20	95.73
39	0.00	1.03	2.71	96.26
40	0.00	1.07	3.55	95.38
41	0.00	1.22	3.81	94.98
42	0.00	1.47	4.25	94.28
43	0.00	1.59	4.22	94.20
44	0.00	1.67	4.80	93.53
45	0.00	1.70	5.25	93.05
46	0.00	2.51	8.50	88.99
47	0.00	5.13	13.33	81.54
48	0.00	10.50	19.48	70.02
49	0.00	19.27	23.68	57.05
50	0.00	33.84	22.55	43.61
51	0.00	47.23	18.56	34.22
52	0.00	55.60	16.15	28.25
53	0.00	61.28	14.65	24.07
54	0.00	65.64	13.08	21.28
55	0.00	67.40	14.04	18.55
56	0.00	66.54	15.77	17.68
57	0.00	64.70	17.75	17.55
58	0.00	62.25	19.27	18.48
59	0.00	54.10	25.09	20.81
60	0.00	47.24	27.59	25.17
61	0.00	36.51	30.81	32.67
62	0.00	27.12	30.52	42.36
63	0.00	18.95	28.27	52.78
64	0.00	13.29	23.81	62.90
65	0.00	8.81	19.19	72.00
66	0.00	6.47	15.61	77.92
67	0.00	3.94	12.95	83.11
68	0.00	2.93	11.00	86.06
69	0.00	2.60	9.17	88.23
70	0.00	1.74	12.55	85.72
71	0.00	2.00	8.71	89.29
72	0.00	1.76	7.09	91.15
73	0.00	1.59	6.24	92.18
74	0.00	1.43	6.25	92.32
75	0.00	1.51	6.67	91.81
76	0.00	1.18	5.99	92.82
77	0.00	1.07	5.97	92.97
78	0.00	1.00	6.21	92.79
79	0.00	1.10	6.20	92.70
80	0.00	0.81	6.25	92.94
81	0.00	0.79	5.86	93.36
82	0.00	0.88	6.53	92.58
83	0.00	1.04	6.05	92.91
84	0.00	0.91	6.09	93.00
85	0.00	0.85	6.48	92.67
86	0.00	0.97	5.61	93.42
87	0.00	0.77	5.82	93.40
88	0.00	0.68	5.51	93.81
89	0.00	0.49	4.98	94.53
90	0.00	0.49	5.18	94.34
91	0.00	0.62	5.37	94.00
92	0.00	0.63	5.73	93.64
93	0.00	0.58	5.69	93.74
94	0.00	0.68	5.65	93.66
95	0.00	1.44	9.58	88.99




