Parameters
	Library type	Single-end
	Input file	/Volumes/wdhd/users/joaks1/projects/gekgo/data/genomes/msg/plate1/demultiplexed-trimmed/RMB_13902_Cyrtodactylus_philippinicus_Luzon_R1.trimmed.fq
	Primer/Adaptor library	NA
	Cut-off read length for HQ	70%
	Cut-off quality score	20
	Only statistics	On
	Number of processes	2


QC statistics
	File name	RMB_13902_Cyrtodactylus_philippinicus_Luzon_R1.trimmed.fq
	Total number of reads	352897
	Total number of HQ reads	350782
	Percentage of HQ reads	99.40%
	Total number of bases	27394844
	Total number of bases in HQ reads	27292347
	Total number of HQ bases in HQ reads	24986636
	Percentage of HQ bases in HQ reads	91.55%
	Number of Primer/Adaptor contaminated HQ reads	NA
	Total number of HQ filtered reads	350782
	Percentage of HQ filtered reads	99.40%


Detailed QC statistics
	File name	RMB_13902_Cyrtodactylus_philippinicus_Luzon_R1.trimmed.fq
	Minimum read length	9
	Maximum read length	95
	Average read length	77.63
	Total number of reads	352897
	Total number of reads with non-ATGC bases	0
	Percentage of reads with non-ATGC bases	0.00%
	Total number of bases	27394844
	Total number of HQ bases	25048686
	Percentage of HQ bases	91.44%
	Total number of non-ATGC bases	0
	Percentage of non-ATGC bases	0.00%


Average quality score at each base position of input reads

RMB_13902_Cyrtodactylus_philippinicus_Luzon_R1.trimmed.fq
34.07	33.41	36.30	35.76	36.43	36.47	36.27	38.55	37.90	37.55	37.69	37.97	37.84	37.85	37.87	37.46	37.65	37.09	36.99	36.83	37.26	36.73	36.78	36.85	37.15	36.99	37.03	37.41	36.60	36.28	36.45	36.51	36.25	36.39	36.71	36.28	36.47	36.66	36.81	36.06	35.85	35.65	35.47	35.08	34.67	33.32	31.57	29.12	26.19	23.02	20.22	18.30	16.67	15.48	14.53	13.88	13.62	13.39	13.85	14.47	15.60	16.78	17.98	19.03	20.05	20.61	21.09	21.39	21.52	20.85	21.10	21.37	21.57	21.57	21.45	21.47	21.47	21.34	21.29	21.24	21.22	21.11	21.10	21.09	20.98	20.97	20.96	20.97	21.01	20.98	20.90	20.86	20.82	20.80	20.17	




Read count (%) per base for different quality score ranges

	RMB_13902_Cyrtodactylus_philippinicus_Luzon_R1.trimmed.fq
Ranges	0-10	11-20	21-30	31-40
Base
1	0.00	2.79	3.14	94.07
2	0.00	1.79	1.53	96.68
3	0.00	1.67	1.07	97.26
4	0.00	1.81	1.70	96.50
5	0.00	1.64	1.10	97.26
6	0.00	1.61	1.04	97.35
7	0.00	1.93	1.69	96.38
8	0.00	2.14	1.49	96.36
9	0.00	2.40	2.17	95.44
10	0.00	2.56	2.32	95.12
11	0.00	2.42	1.97	95.61
12	0.00	2.04	1.84	96.12
13	0.00	2.03	2.47	95.50
14	0.00	2.14	2.31	95.55
15	0.00	2.04	2.11	95.85
16	0.00	2.05	2.78	95.18
17	0.00	1.85	2.19	95.96
18	0.00	2.23	3.40	94.37
19	0.00	2.52	3.23	94.25
20	0.00	2.80	3.42	93.79
21	0.00	2.29	2.55	95.15
22	0.00	2.31	3.06	94.63
23	0.00	2.17	3.05	94.78
24	0.00	2.13	2.89	94.98
25	0.00	2.03	2.39	95.58
26	0.00	1.88	3.03	95.09
27	0.00	1.85	2.77	95.38
28	0.00	1.65	2.19	96.16
29	0.00	1.62	3.04	95.35
30	0.00	2.00	3.82	94.18
31	0.00	1.77	3.47	94.76
32	0.00	1.83	3.45	94.72
33	0.00	1.93	3.81	94.25
34	0.00	1.54	3.21	95.25
35	0.00	1.21	2.31	96.48
36	0.00	1.09	3.30	95.61
37	0.00	0.92	2.66	96.42
38	0.00	0.88	2.27	96.85
39	0.00	0.86	1.96	97.18
40	0.00	0.89	2.96	96.15
41	0.00	1.04	3.22	95.74
42	0.00	1.22	3.46	95.32
43	0.00	1.19	3.57	95.24
44	0.00	1.52	4.16	94.32
45	0.00	1.49	4.61	93.90
46	0.00	2.42	8.03	89.55
47	0.00	5.17	13.37	81.46
48	0.00	10.40	19.28	70.32
49	0.00	19.13	23.91	56.96
50	0.00	33.37	22.86	43.76
51	0.00	47.54	18.46	34.00
52	0.00	55.32	16.18	28.50
53	0.00	61.31	14.85	23.84
54	0.00	65.10	13.65	21.25
55	0.00	66.63	14.48	18.90
56	0.00	66.97	15.63	17.41
57	0.00	64.94	17.84	17.22
58	0.00	63.23	19.33	17.44
59	0.00	55.28	24.68	20.04
60	0.00	47.44	27.87	24.68
61	0.00	36.58	30.86	32.56
62	0.00	26.88	30.89	42.23
63	0.00	18.66	28.44	52.91
64	0.00	12.73	24.16	63.11
65	0.00	8.22	18.68	73.10
66	0.00	5.93	15.11	78.96
67	0.00	3.94	12.31	83.75
68	0.00	2.86	10.17	86.98
69	0.00	2.36	9.01	88.63
70	0.00	1.57	12.42	86.01
71	0.00	1.88	8.78	89.34
72	0.00	1.66	7.42	90.91
73	0.00	1.50	6.03	92.47
74	0.00	1.42	5.91	92.67
75	0.00	1.39	6.67	91.95
76	0.00	1.09	6.08	92.83
77	0.00	0.93	5.55	93.52
78	0.00	0.97	6.02	93.01
79	0.00	0.96	6.04	92.99
80	0.00	0.91	6.11	92.98
81	0.00	0.74	5.88	93.38
82	0.00	0.87	6.21	92.92
83	0.00	0.94	5.86	93.19
84	0.00	0.80	5.68	93.52
85	0.00	0.85	6.24	92.91
86	0.00	0.86	5.88	93.26
87	0.00	0.79	5.89	93.32
88	0.00	0.63	5.57	93.80
89	0.00	0.47	5.01	94.52
90	0.00	0.47	4.93	94.60
91	0.00	0.56	5.27	94.17
92	0.00	0.52	5.53	93.95
93	0.00	0.57	5.52	93.91
94	0.00	0.54	5.40	94.07
95	0.00	1.30	9.70	89.00




