Parameters
	Library type	Single-end
	Input file	/Volumes/wdhd/users/joaks1/projects/gekgo/data/genomes/msg/plate1/demultiplexed-trimmed/RMB_8934_Cyrtodactylus_gubaot_Leyte_R1.trimmed.fq
	Primer/Adaptor library	NA
	Cut-off read length for HQ	70%
	Cut-off quality score	20
	Only statistics	On
	Number of processes	2


QC statistics
	File name	RMB_8934_Cyrtodactylus_gubaot_Leyte_R1.trimmed.fq
	Total number of reads	530307
	Total number of HQ reads	527054
	Percentage of HQ reads	99.39%
	Total number of bases	40507221
	Total number of bases in HQ reads	40353129
	Total number of HQ bases in HQ reads	36997134
	Percentage of HQ bases in HQ reads	91.68%
	Number of Primer/Adaptor contaminated HQ reads	NA
	Total number of HQ filtered reads	527054
	Percentage of HQ filtered reads	99.39%


Detailed QC statistics
	File name	RMB_8934_Cyrtodactylus_gubaot_Leyte_R1.trimmed.fq
	Minimum read length	9
	Maximum read length	95
	Average read length	76.38
	Total number of reads	530307
	Total number of reads with non-ATGC bases	0
	Percentage of reads with non-ATGC bases	0.00%
	Total number of bases	40507221
	Total number of HQ bases	37089944
	Percentage of HQ bases	91.56%
	Total number of non-ATGC bases	0
	Percentage of non-ATGC bases	0.00%


Average quality score at each base position of input reads

RMB_8934_Cyrtodactylus_gubaot_Leyte_R1.trimmed.fq
36.08	36.03	36.40	35.91	36.42	36.46	36.26	38.55	37.90	37.52	37.66	37.95	37.77	37.78	37.83	37.43	37.63	37.03	36.95	36.78	37.23	36.67	36.74	36.80	37.11	36.93	36.95	37.33	36.51	36.20	36.38	36.44	36.16	36.29	36.60	36.17	36.35	36.55	36.70	35.92	35.71	35.52	35.36	34.92	34.50	33.14	31.38	28.90	25.99	22.70	19.94	18.05	16.46	15.18	14.16	13.47	13.13	12.95	13.39	13.95	15.04	16.14	17.24	18.24	19.19	19.71	20.16	20.44	20.54	19.89	20.15	20.41	20.58	20.58	20.48	20.48	20.48	20.34	20.28	20.22	20.20	20.10	20.09	20.09	19.96	19.95	19.94	19.95	19.97	19.95	19.89	19.83	19.79	19.78	19.17	




Read count (%) per base for different quality score ranges

	RMB_8934_Cyrtodactylus_gubaot_Leyte_R1.trimmed.fq
Ranges	0-10	11-20	21-30	31-40
Base
1	0.00	2.54	1.73	95.73
2	0.00	1.82	1.14	97.04
3	0.00	1.71	1.03	97.26
4	0.00	1.83	1.65	96.51
5	0.00	1.65	1.15	97.20
6	0.00	1.65	1.08	97.28
7	0.00	1.94	1.71	96.34
8	0.00	2.17	1.49	96.34
9	0.00	2.39	2.23	95.38
10	0.00	2.59	2.34	95.06
11	0.00	2.42	2.04	95.53
12	0.00	2.04	1.90	96.05
13	0.00	2.09	2.61	95.30
14	0.00	2.19	2.42	95.39
15	0.00	2.08	2.20	95.73
16	0.00	2.11	2.94	94.95
17	0.00	1.88	2.27	95.86
18	0.00	2.35	3.50	94.16
19	0.00	2.58	3.31	94.11
20	0.00	2.80	3.53	93.67
21	0.00	2.33	2.59	95.08
22	0.00	2.36	3.15	94.49
23	0.00	2.23	3.11	94.67
24	0.00	2.21	2.92	94.87
25	0.00	2.06	2.45	95.49
26	0.00	1.96	3.09	94.94
27	0.00	1.92	2.93	95.15
28	0.00	1.72	2.22	96.06
29	0.00	1.72	3.16	95.12
30	0.00	2.05	3.94	94.01
31	0.00	1.78	3.57	94.65
32	0.00	1.82	3.60	94.57
33	0.00	1.94	3.95	94.10
34	0.00	1.59	3.36	95.05
35	0.00	1.27	2.44	96.30
36	0.00	1.16	3.38	95.46
37	0.00	0.95	2.73	96.32
38	0.00	0.89	2.36	96.75
39	0.00	0.84	2.02	97.14
40	0.00	0.93	3.11	95.96
41	0.00	1.06	3.34	95.60
42	0.00	1.24	3.53	95.23
43	0.00	1.21	3.58	95.22
44	0.00	1.56	4.26	94.18
45	0.00	1.58	4.76	93.66
46	0.00	2.44	8.23	89.33
47	0.00	5.30	13.30	81.40
48	0.00	10.56	19.20	70.24
49	0.00	19.18	23.58	57.24
50	0.00	34.02	22.49	43.49
51	0.00	47.54	18.45	34.01
52	0.00	54.93	16.26	28.82
53	0.00	60.29	15.03	24.68
54	0.00	64.25	13.83	21.91
55	0.00	66.11	14.47	19.42
56	0.00	66.45	15.57	17.98
57	0.00	64.88	17.48	17.64
58	0.00	62.47	19.37	18.16
59	0.00	54.36	24.93	20.71
60	0.00	46.72	27.97	25.31
61	0.00	35.86	30.75	33.40
62	0.00	26.35	30.56	43.09
63	0.00	18.40	28.20	53.41
64	0.00	12.45	24.04	63.51
65	0.00	8.03	18.63	73.34
66	0.00	5.81	15.05	79.14
67	0.00	3.85	12.25	83.91
68	0.00	2.75	10.15	87.10
69	0.00	2.31	9.08	88.62
70	0.00	1.56	12.41	86.04
71	0.00	1.71	8.77	89.52
72	0.00	1.60	7.27	91.13
73	0.00	1.47	6.07	92.46
74	0.00	1.37	5.96	92.67
75	0.00	1.33	6.57	92.10
76	0.00	1.08	6.07	92.85
77	0.00	0.89	5.54	93.57
78	0.00	0.96	6.15	92.89
79	0.00	0.95	6.28	92.77
80	0.00	0.90	6.28	92.82
81	0.00	0.79	5.97	93.24
82	0.00	0.90	6.25	92.86
83	0.00	0.92	6.00	93.08
84	0.00	0.82	5.81	93.37
85	0.00	0.87	6.37	92.75
86	0.00	0.86	6.05	93.09
87	0.00	0.79	6.00	93.20
88	0.00	0.65	5.75	93.60
89	0.00	0.52	5.22	94.25
90	0.00	0.48	5.20	94.32
91	0.00	0.53	5.44	94.03
92	0.00	0.58	5.84	93.58
93	0.00	0.58	5.79	93.63
94	0.00	0.55	5.63	93.82
95	0.00	1.36	9.95	88.70




