Parameters
	Library type	Single-end
	Input file	/Volumes/wdhd/users/joaks1/projects/gekgo/data/genomes/msg/plate1/demultiplexed-trimmed/RMB_9207_Cyrtodactylus_jambangan_Mindanao_R1.trimmed.fq
	Primer/Adaptor library	NA
	Cut-off read length for HQ	70%
	Cut-off quality score	20
	Only statistics	On
	Number of processes	2


QC statistics
	File name	RMB_9207_Cyrtodactylus_jambangan_Mindanao_R1.trimmed.fq
	Total number of reads	271428
	Total number of HQ reads	269835
	Percentage of HQ reads	99.41%
	Total number of bases	20874789
	Total number of bases in HQ reads	20798727
	Total number of HQ bases in HQ reads	19056733
	Percentage of HQ bases in HQ reads	91.62%
	Number of Primer/Adaptor contaminated HQ reads	NA
	Total number of HQ filtered reads	269835
	Percentage of HQ filtered reads	99.41%


Detailed QC statistics
	File name	RMB_9207_Cyrtodactylus_jambangan_Mindanao_R1.trimmed.fq
	Minimum read length	11
	Maximum read length	95
	Average read length	76.91
	Total number of reads	271428
	Total number of reads with non-ATGC bases	0
	Percentage of reads with non-ATGC bases	0.00%
	Total number of bases	20874789
	Total number of HQ bases	19102712
	Percentage of HQ bases	91.51%
	Total number of non-ATGC bases	0
	Percentage of non-ATGC bases	0.00%


Average quality score at each base position of input reads

RMB_9207_Cyrtodactylus_jambangan_Mindanao_R1.trimmed.fq
36.17	35.86	36.41	35.92	36.45	36.49	36.28	38.58	37.88	37.50	37.67	37.94	37.80	37.80	37.86	37.52	37.68	37.08	37.00	36.78	37.21	36.71	36.80	36.87	37.18	36.99	37.03	37.45	36.56	36.27	36.41	36.45	36.05	36.27	36.67	36.25	36.42	36.62	36.78	36.03	35.80	35.59	35.44	35.06	34.63	33.19	31.37	29.00	26.03	22.74	20.06	18.06	16.51	15.19	14.26	13.59	13.26	13.16	13.58	14.10	15.22	16.45	17.56	18.59	19.48	20.02	20.49	20.85	20.98	20.27	20.56	20.78	20.96	20.96	20.89	20.89	20.87	20.73	20.64	20.61	20.58	20.50	20.46	20.45	20.38	20.37	20.36	20.37	20.40	20.36	20.27	20.26	20.20	20.17	19.52	




Read count (%) per base for different quality score ranges

	RMB_9207_Cyrtodactylus_jambangan_Mindanao_R1.trimmed.fq
Ranges	0-10	11-20	21-30	31-40
Base
1	0.00	2.40	1.64	95.96
2	0.00	1.80	1.06	97.15
3	0.00	1.69	0.97	97.34
4	0.00	1.77	1.61	96.62
5	0.00	1.60	1.05	97.35
6	0.00	1.56	0.99	97.45
7	0.00	1.91	1.65	96.44
8	0.00	2.09	1.50	96.41
9	0.00	2.39	2.21	95.41
10	0.00	2.60	2.37	95.04
11	0.00	2.34	1.93	95.72
12	0.00	1.98	1.83	96.19
13	0.00	2.00	2.52	95.48
14	0.00	2.15	2.36	95.50
15	0.00	2.09	2.14	95.78
16	0.00	1.99	2.85	95.15
17	0.00	1.81	2.20	95.99
18	0.00	2.27	3.42	94.31
19	0.00	2.52	3.31	94.17
20	0.00	2.80	3.47	93.74
21	0.00	2.40	2.63	94.97
22	0.00	2.26	2.98	94.75
23	0.00	2.14	2.89	94.98
24	0.00	2.08	2.82	95.10
25	0.00	1.94	2.31	95.74
26	0.00	1.89	2.89	95.21
27	0.00	1.81	2.77	95.42
28	0.00	1.62	2.01	96.37
29	0.00	1.68	3.10	95.22
30	0.00	2.00	3.89	94.12
31	0.00	1.74	3.65	94.61
32	0.00	1.90	3.73	94.36
33	0.00	2.33	4.52	93.14
34	0.00	1.65	3.71	94.64
35	0.00	1.28	2.68	96.04
36	0.00	1.13	3.49	95.38
37	0.00	0.91	2.83	96.25
38	0.00	0.84	2.41	96.75
39	0.00	0.76	1.94	97.30
40	0.00	0.88	3.01	96.11
41	0.00	1.04	3.24	95.72
42	0.00	1.22	3.58	95.19
43	0.00	1.17	3.54	95.29
44	0.00	1.43	4.08	94.48
45	0.00	1.53	4.81	93.67
46	0.00	2.42	8.89	88.69
47	0.00	5.49	14.01	80.50
48	0.00	10.70	19.33	69.97
49	0.00	19.49	24.23	56.27
50	0.00	34.94	22.01	43.05
51	0.00	48.14	17.95	33.91
52	0.00	55.32	16.32	28.36
53	0.00	60.66	14.59	24.74
54	0.00	64.99	13.64	21.37
55	0.00	66.11	14.94	18.96
56	0.00	66.90	15.15	17.95
57	0.00	65.50	17.14	17.36
58	0.00	62.31	19.64	18.05
59	0.00	54.51	25.01	20.49
60	0.00	47.32	27.85	24.84
61	0.00	36.45	30.59	32.97
62	0.00	25.88	30.90	43.22
63	0.00	18.27	28.10	53.63
64	0.00	12.39	23.78	63.83
65	0.00	8.35	18.80	72.86
66	0.00	5.79	15.63	78.59
67	0.00	3.87	12.48	83.66
68	0.00	2.63	9.98	87.40
69	0.00	2.09	8.95	88.97
70	0.00	1.55	12.81	85.64
71	0.00	1.70	8.53	89.77
72	0.00	1.56	7.64	90.81
73	0.00	1.52	6.30	92.18
74	0.00	1.38	6.20	92.42
75	0.00	1.25	6.43	92.32
76	0.00	1.06	6.02	92.93
77	0.00	0.85	5.66	93.48
78	0.00	0.89	6.11	93.00
79	0.00	0.98	6.36	92.66
80	0.00	0.90	6.15	92.95
81	0.00	0.77	5.97	93.26
82	0.00	0.85	6.23	92.92
83	0.00	0.95	6.18	92.87
84	0.00	0.92	5.94	93.14
85	0.00	0.84	6.29	92.87
86	0.00	0.87	5.84	93.29
87	0.00	0.78	5.97	93.25
88	0.00	0.62	5.78	93.60
89	0.00	0.45	5.17	94.38
90	0.00	0.52	5.23	94.25
91	0.00	0.54	5.94	93.53
92	0.00	0.53	5.41	94.06
93	0.00	0.60	5.89	93.52
94	0.00	0.54	5.80	93.65
95	0.00	1.43	10.24	88.33




