Parameters
	Library type	Single-end
	Input file	/Volumes/wdhd/users/joaks1/projects/gekgo/data/genomes/msg/plate1/demultiplexed-trimmed/RMB_12836_Cyrtodactylus_philippinicus_Luzon_R1.trimmed.fq
	Primer/Adaptor library	NA
	Cut-off read length for HQ	70%
	Cut-off quality score	20
	Only statistics	On
	Number of processes	2


QC statistics
	File name	RMB_12836_Cyrtodactylus_philippinicus_Luzon_R1.trimmed.fq
	Total number of reads	991313
	Total number of HQ reads	984750
	Percentage of HQ reads	99.34%
	Total number of bases	76121533
	Total number of bases in HQ reads	75816983
	Total number of HQ bases in HQ reads	69446240
	Percentage of HQ bases in HQ reads	91.60%
	Number of Primer/Adaptor contaminated HQ reads	NA
	Total number of HQ filtered reads	984750
	Percentage of HQ filtered reads	99.34%


Detailed QC statistics
	File name	RMB_12836_Cyrtodactylus_philippinicus_Luzon_R1.trimmed.fq
	Minimum read length	8
	Maximum read length	95
	Average read length	76.79
	Total number of reads	991313
	Total number of reads with non-ATGC bases	0
	Percentage of reads with non-ATGC bases	0.00%
	Total number of bases	76121533
	Total number of HQ bases	69628666
	Percentage of HQ bases	91.47%
	Total number of non-ATGC bases	0
	Percentage of non-ATGC bases	0.00%


Average quality score at each base position of input reads

RMB_12836_Cyrtodactylus_philippinicus_Luzon_R1.trimmed.fq
36.04	35.80	36.34	35.95	36.39	36.42	36.22	38.51	37.86	37.51	37.65	37.93	37.49	37.42	37.55	37.13	37.42	36.95	36.87	36.74	37.18	36.62	36.68	36.75	37.05	36.86	36.88	37.23	36.42	36.10	36.27	36.31	36.05	36.18	36.50	36.06	36.25	36.43	36.55	35.75	35.53	35.32	35.13	34.71	34.27	32.83	31.02	28.52	25.60	22.51	19.82	17.97	16.34	15.12	14.15	13.52	13.21	13.02	13.48	14.08	15.14	16.26	17.40	18.41	19.34	19.86	20.27	20.53	20.63	19.99	20.22	20.48	20.65	20.65	20.55	20.60	20.62	20.51	20.46	20.42	20.42	20.35	20.34	20.36	20.26	20.26	20.25	20.27	20.32	20.29	20.24	20.19	20.16	20.15	19.51	




Read count (%) per base for different quality score ranges

	RMB_12836_Cyrtodactylus_philippinicus_Luzon_R1.trimmed.fq
Ranges	0-10	11-20	21-30	31-40
Base
1	0.00	2.76	1.99	95.25
2	0.00	1.99	1.35	96.66
3	0.00	1.88	1.20	96.92
4	0.00	1.93	1.68	96.39
5	0.00	1.78	1.25	96.97
6	0.00	1.75	1.20	97.05
7	0.00	2.05	1.86	96.09
8	0.00	2.22	1.66	96.12
9	0.00	2.43	2.38	95.18
10	0.00	2.65	2.47	94.88
11	0.00	2.49	2.11	95.40
12	0.00	2.05	2.01	95.94
13	0.00	2.07	2.66	95.27
14	0.00	2.15	2.50	95.35
15	0.00	2.06	2.29	95.65
16	0.00	2.08	2.99	94.93
17	0.00	1.86	2.39	95.75
18	0.00	2.25	3.55	94.20
19	0.00	2.54	3.36	94.10
20	0.00	2.77	3.53	93.69
21	0.00	2.29	2.65	95.06
22	0.00	2.22	3.19	94.59
23	0.00	2.18	3.19	94.63
24	0.00	2.11	3.01	94.88
25	0.00	2.06	2.49	95.45
26	0.00	1.92	3.17	94.91
27	0.00	1.88	2.96	95.16
28	0.00	1.79	2.30	95.91
29	0.00	1.73	3.21	95.06
30	0.00	2.10	4.02	93.88
31	0.00	1.91	3.63	94.46
32	0.00	1.96	3.68	94.36
33	0.00	2.08	4.03	93.89
34	0.00	1.72	3.48	94.80
35	0.00	1.37	2.54	96.10
36	0.00	1.24	3.60	95.16
37	0.00	1.02	2.96	96.02
38	0.00	0.98	2.57	96.45
39	0.00	0.92	2.19	96.88
40	0.00	1.00	3.47	95.53
41	0.00	1.11	3.73	95.16
42	0.00	1.28	4.06	94.66
43	0.00	1.25	4.25	94.51
44	0.00	1.56	5.03	93.41
45	0.00	1.55	5.73	92.72
46	0.00	2.50	10.10	87.41
47	0.00	5.21	16.28	78.51
48	0.00	10.44	23.14	66.41
49	0.00	19.08	27.85	53.08
50	0.00	33.44	26.11	40.45
51	0.00	47.30	21.28	31.41
52	0.00	54.85	18.91	26.24
53	0.00	60.86	17.14	22.00
54	0.00	64.92	15.30	19.78
55	0.00	66.57	16.07	17.36
56	0.00	66.73	17.06	16.21
57	0.00	65.04	19.08	15.89
58	0.00	62.92	20.78	16.30
59	0.00	54.66	26.38	18.96
60	0.00	46.96	29.23	23.82
61	0.00	36.22	32.33	31.46
62	0.00	26.71	31.94	41.35
63	0.00	18.52	29.41	52.07
64	0.00	12.55	24.98	62.47
65	0.00	8.22	19.46	72.32
66	0.00	5.86	15.87	78.28
67	0.00	3.96	13.01	83.03
68	0.00	2.84	10.97	86.19
69	0.00	2.32	9.80	87.88
70	0.00	1.55	13.72	84.73
71	0.00	1.79	9.72	88.49
72	0.00	1.63	8.02	90.36
73	0.00	1.51	6.67	91.82
74	0.00	1.48	6.64	91.88
75	0.00	1.44	7.37	91.19
76	0.00	1.14	6.69	92.17
77	0.00	0.92	6.16	92.92
78	0.00	0.98	6.71	92.31
79	0.00	0.99	6.79	92.22
80	0.00	0.94	6.77	92.29
81	0.00	0.75	6.45	92.81
82	0.00	0.89	6.56	92.55
83	0.00	0.95	6.37	92.68
84	0.00	0.83	6.07	93.10
85	0.00	0.92	6.53	92.55
86	0.00	0.87	6.24	92.89
87	0.00	0.84	6.10	93.06
88	0.00	0.67	5.82	93.51
89	0.00	0.53	5.16	94.31
90	0.00	0.53	5.12	94.35
91	0.00	0.57	5.31	94.12
92	0.00	0.60	5.57	93.82
93	0.00	0.64	5.52	93.84
94	0.00	0.58	5.34	94.07
95	0.00	1.52	9.59	88.89




