Parameters
	Library type	Single-end
	Input file	/Volumes/wdhd/users/joaks1/projects/gekgo/data/genomes/msg/plate1/demultiplexed-trimmed/RMB_14310_Cyrtodactylus_philippinicus_Luzon_R1.trimmed.fq
	Primer/Adaptor library	NA
	Cut-off read length for HQ	70%
	Cut-off quality score	20
	Only statistics	On
	Number of processes	2


QC statistics
	File name	RMB_14310_Cyrtodactylus_philippinicus_Luzon_R1.trimmed.fq
	Total number of reads	355472
	Total number of HQ reads	353111
	Percentage of HQ reads	99.34%
	Total number of bases	27271788
	Total number of bases in HQ reads	27163472
	Total number of HQ bases in HQ reads	24879749
	Percentage of HQ bases in HQ reads	91.59%
	Number of Primer/Adaptor contaminated HQ reads	NA
	Total number of HQ filtered reads	353111
	Percentage of HQ filtered reads	99.34%


Detailed QC statistics
	File name	RMB_14310_Cyrtodactylus_philippinicus_Luzon_R1.trimmed.fq
	Minimum read length	8
	Maximum read length	95
	Average read length	76.72
	Total number of reads	355472
	Total number of reads with non-ATGC bases	0
	Percentage of reads with non-ATGC bases	0.00%
	Total number of bases	27271788
	Total number of HQ bases	24944541
	Percentage of HQ bases	91.47%
	Total number of non-ATGC bases	0
	Percentage of non-ATGC bases	0.00%


Average quality score at each base position of input reads

RMB_14310_Cyrtodactylus_philippinicus_Luzon_R1.trimmed.fq
35.94	35.54	36.29	35.86	36.37	36.40	36.20	38.48	37.84	37.48	37.62	37.90	37.53	37.42	37.55	37.13	37.40	36.93	36.85	36.73	37.15	36.61	36.64	36.72	37.04	36.84	36.85	37.20	36.42	36.08	36.25	36.30	36.02	36.14	36.46	36.01	36.20	36.38	36.51	35.69	35.45	35.23	35.05	34.62	34.19	32.77	30.93	28.44	25.54	22.49	19.85	17.97	16.35	15.14	14.18	13.53	13.22	13.02	13.47	14.05	15.13	16.26	17.39	18.39	19.33	19.83	20.24	20.50	20.59	19.97	20.20	20.46	20.65	20.64	20.54	20.58	20.60	20.49	20.45	20.40	20.39	20.32	20.31	20.32	20.22	20.23	20.23	20.25	20.29	20.26	20.20	20.16	20.13	20.12	19.47	




Read count (%) per base for different quality score ranges

	RMB_14310_Cyrtodactylus_philippinicus_Luzon_R1.trimmed.fq
Ranges	0-10	11-20	21-30	31-40
Base
1	0.00	3.02	2.07	94.91
2	0.00	2.08	1.47	96.45
3	0.00	1.98	1.27	96.76
4	0.00	2.02	1.84	96.14
5	0.00	1.83	1.28	96.89
6	0.00	1.78	1.25	96.97
7	0.00	2.12	1.86	96.02
8	0.00	2.24	1.71	96.05
9	0.00	2.49	2.39	95.12
10	0.00	2.68	2.49	94.83
11	0.00	2.48	2.17	95.34
12	0.00	2.06	2.06	95.88
13	0.00	2.12	2.74	95.15
14	0.00	2.15	2.53	95.32
15	0.00	1.99	2.34	95.67
16	0.00	2.01	2.98	95.01
17	0.00	1.85	2.41	95.74
18	0.00	2.28	3.57	94.14
19	0.00	2.55	3.48	93.97
20	0.00	2.77	3.55	93.68
21	0.00	2.31	2.66	95.03
22	0.00	2.25	3.22	94.54
23	0.00	2.22	3.26	94.52
24	0.00	2.14	3.04	94.83
25	0.00	2.04	2.52	95.44
26	0.00	1.92	3.20	94.88
27	0.00	1.89	3.03	95.09
28	0.00	1.80	2.32	95.88
29	0.00	1.71	3.25	95.04
30	0.00	2.05	4.04	93.91
31	0.00	1.89	3.64	94.47
32	0.00	1.95	3.64	94.41
33	0.00	2.05	4.08	93.88
34	0.00	1.72	3.46	94.82
35	0.00	1.35	2.61	96.04
36	0.00	1.24	3.71	95.05
37	0.00	1.03	2.97	96.00
38	0.00	0.94	2.62	96.44
39	0.00	0.91	2.22	96.87
40	0.00	1.01	3.47	95.51
41	0.00	1.12	3.82	95.06
42	0.00	1.30	4.05	94.65
43	0.00	1.21	4.31	94.49
44	0.00	1.56	5.07	93.37
45	0.00	1.59	5.72	92.69
46	0.00	2.46	10.07	87.46
47	0.00	5.39	16.25	78.36
48	0.00	10.67	22.72	66.62
49	0.00	19.20	27.58	53.22
50	0.00	33.52	25.86	40.63
51	0.00	47.10	21.12	31.78
52	0.00	54.72	18.76	26.52
53	0.00	60.68	17.15	22.17
54	0.00	64.78	15.16	20.05
55	0.00	66.44	15.82	17.75
56	0.00	66.58	16.99	16.43
57	0.00	64.75	19.16	16.10
58	0.00	62.77	20.64	16.58
59	0.00	54.63	26.29	19.08
60	0.00	47.16	28.98	23.87
61	0.00	36.32	32.01	31.67
62	0.00	26.63	31.85	41.51
63	0.00	18.54	29.37	52.09
64	0.00	12.71	24.79	62.49
65	0.00	8.21	19.34	72.45
66	0.00	5.87	15.98	78.15
67	0.00	4.01	12.97	83.02
68	0.00	2.84	10.91	86.26
69	0.00	2.40	9.79	87.81
70	0.00	1.64	13.51	84.85
71	0.00	1.81	9.68	88.50
72	0.00	1.64	8.01	90.36
73	0.00	1.47	6.53	92.00
74	0.00	1.41	6.58	92.01
75	0.00	1.39	7.38	91.23
76	0.00	1.13	6.62	92.25
77	0.00	0.94	6.05	93.01
78	0.00	0.96	6.66	92.38
79	0.00	0.98	6.76	92.26
80	0.00	0.95	6.70	92.35
81	0.00	0.78	6.53	92.69
82	0.00	0.89	6.68	92.43
83	0.00	0.98	6.38	92.64
84	0.00	0.86	6.28	92.86
85	0.00	0.92	6.66	92.42
86	0.00	0.88	6.21	92.92
87	0.00	0.84	6.09	93.08
88	0.00	0.64	5.83	93.52
89	0.00	0.50	5.18	94.31
90	0.00	0.55	5.10	94.34
91	0.00	0.60	5.36	94.04
92	0.00	0.59	5.70	93.71
93	0.00	0.65	5.54	93.82
94	0.00	0.61	5.45	93.94
95	0.00	1.57	9.80	88.63




