Parameters
	Library type	Single-end
	Input file	/Volumes/wdhd/users/joaks1/projects/gekgo/data/genomes/msg/plate1/demultiplexed-trimmed/RMB_13966_Cyrtodactylus_philippinicus_Luzon_R1.trimmed.fq
	Primer/Adaptor library	NA
	Cut-off read length for HQ	70%
	Cut-off quality score	20
	Only statistics	On
	Number of processes	2


QC statistics
	File name	RMB_13966_Cyrtodactylus_philippinicus_Luzon_R1.trimmed.fq
	Total number of reads	169499
	Total number of HQ reads	168441
	Percentage of HQ reads	99.38%
	Total number of bases	13105574
	Total number of bases in HQ reads	13054515
	Total number of HQ bases in HQ reads	11953880
	Percentage of HQ bases in HQ reads	91.57%
	Number of Primer/Adaptor contaminated HQ reads	NA
	Total number of HQ filtered reads	168441
	Percentage of HQ filtered reads	99.38%


Detailed QC statistics
	File name	RMB_13966_Cyrtodactylus_philippinicus_Luzon_R1.trimmed.fq
	Minimum read length	10
	Maximum read length	95
	Average read length	77.32
	Total number of reads	169499
	Total number of reads with non-ATGC bases	0
	Percentage of reads with non-ATGC bases	0.00%
	Total number of bases	13105574
	Total number of HQ bases	11984643
	Percentage of HQ bases	91.45%
	Total number of non-ATGC bases	0
	Percentage of non-ATGC bases	0.00%


Average quality score at each base position of input reads

RMB_13966_Cyrtodactylus_philippinicus_Luzon_R1.trimmed.fq
36.15	35.92	36.42	35.92	36.45	36.48	36.28	38.59	37.95	37.59	37.73	38.01	37.83	37.83	37.87	37.49	37.68	37.08	36.97	36.82	37.25	36.70	36.76	36.83	37.14	36.98	37.01	37.39	36.58	36.28	36.45	36.50	36.24	36.37	36.71	36.28	36.47	36.66	36.81	36.04	35.84	35.64	35.48	35.05	34.66	33.32	31.59	29.09	26.16	22.99	20.20	18.28	16.67	15.41	14.45	13.76	13.51	13.26	13.72	14.30	15.42	16.60	17.76	18.78	19.75	20.32	20.77	21.09	21.22	20.58	20.81	21.08	21.27	21.27	21.16	21.18	21.18	21.04	20.98	20.93	20.91	20.81	20.79	20.79	20.67	20.66	20.65	20.66	20.71	20.69	20.62	20.57	20.52	20.50	19.85	




Read count (%) per base for different quality score ranges

	RMB_13966_Cyrtodactylus_philippinicus_Luzon_R1.trimmed.fq
Ranges	0-10	11-20	21-30	31-40
Base
1	0.00	2.36	1.67	95.97
2	0.00	1.72	1.08	97.20
3	0.00	1.61	1.02	97.37
4	0.00	1.78	1.54	96.69
5	0.00	1.62	1.06	97.32
6	0.00	1.62	0.95	97.43
7	0.00	1.91	1.62	96.47
8	0.00	2.12	1.44	96.44
9	0.00	2.32	2.15	95.52
10	0.00	2.55	2.24	95.21
11	0.00	2.39	1.89	95.71
12	0.00	2.02	1.80	96.18
13	0.00	2.07	2.44	95.49
14	0.00	2.18	2.33	95.49
15	0.00	2.05	2.15	95.81
16	0.00	2.01	2.77	95.22
17	0.00	1.87	2.21	95.92
18	0.00	2.29	3.42	94.29
19	0.00	2.59	3.31	94.10
20	0.00	2.80	3.39	93.81
21	0.00	2.36	2.49	95.15
22	0.00	2.36	3.05	94.59
23	0.00	2.27	3.09	94.64
24	0.00	2.21	2.87	94.91
25	0.00	2.07	2.43	95.51
26	0.00	1.96	2.94	95.10
27	0.00	1.87	2.81	95.32
28	0.00	1.69	2.18	96.13
29	0.00	1.69	3.09	95.22
30	0.00	1.99	3.79	94.22
31	0.00	1.76	3.44	94.80
32	0.00	1.83	3.52	94.65
33	0.00	1.97	3.84	94.20
34	0.00	1.62	3.26	95.12
35	0.00	1.24	2.44	96.31
36	0.00	1.13	3.37	95.50
37	0.00	0.91	2.73	96.35
38	0.00	0.88	2.31	96.81
39	0.00	0.88	1.97	97.16
40	0.00	0.94	3.06	96.00
41	0.00	1.09	3.30	95.62
42	0.00	1.29	3.51	95.20
43	0.00	1.23	3.61	95.16
44	0.00	1.61	4.27	94.11
45	0.00	1.57	4.64	93.79
46	0.00	2.44	8.11	89.46
47	0.00	5.12	13.24	81.64
48	0.00	10.43	19.39	70.17
49	0.00	19.13	23.97	56.90
50	0.00	33.63	22.40	43.97
51	0.00	47.33	18.53	34.14
52	0.00	55.09	16.29	28.62
53	0.00	60.78	15.06	24.16
54	0.00	64.99	13.56	21.45
55	0.00	66.46	14.63	18.91
56	0.00	66.83	15.68	17.49
57	0.00	64.80	17.86	17.34
58	0.00	63.17	19.16	17.67
59	0.00	55.04	24.70	20.27
60	0.00	47.57	27.50	24.93
61	0.00	36.66	30.61	32.72
62	0.00	26.95	30.59	42.47
63	0.00	18.82	28.17	53.01
64	0.00	12.83	24.12	63.06
65	0.00	8.46	18.82	72.72
66	0.00	6.05	15.50	78.45
67	0.00	4.13	12.44	83.43
68	0.00	2.91	10.43	86.67
69	0.00	2.39	9.14	88.48
70	0.00	1.61	12.44	85.95
71	0.00	1.86	9.05	89.09
72	0.00	1.68	7.56	90.76
73	0.00	1.56	6.16	92.28
74	0.00	1.46	6.17	92.37
75	0.00	1.45	6.76	91.80
76	0.00	1.14	6.14	92.72
77	0.00	0.91	5.68	93.41
78	0.00	1.02	6.16	92.82
79	0.00	1.06	6.28	92.66
80	0.00	0.96	6.37	92.68
81	0.00	0.80	6.06	93.14
82	0.00	0.89	6.47	92.64
83	0.00	0.97	6.03	92.99
84	0.00	0.85	5.89	93.27
85	0.00	0.86	6.47	92.67
86	0.00	0.86	6.16	92.99
87	0.00	0.82	6.05	93.13
88	0.00	0.65	5.79	93.56
89	0.00	0.54	5.04	94.43
90	0.00	0.50	4.99	94.51
91	0.00	0.54	5.37	94.10
92	0.00	0.56	5.68	93.77
93	0.00	0.59	5.73	93.68
94	0.00	0.57	5.50	93.93
95	0.00	1.42	10.14	88.44




