Parameters
	Library type	Single-end
	Input file	/Volumes/wdhd/users/joaks1/projects/gekgo/data/genomes/msg/plate1/demultiplexed-trimmed/RMB_13664_Cyrtodactylus_philippinicus_Luzon_R1.trimmed.fq
	Primer/Adaptor library	NA
	Cut-off read length for HQ	70%
	Cut-off quality score	20
	Only statistics	On
	Number of processes	2


QC statistics
	File name	RMB_13664_Cyrtodactylus_philippinicus_Luzon_R1.trimmed.fq
	Total number of reads	171128
	Total number of HQ reads	170069
	Percentage of HQ reads	99.38%
	Total number of bases	13030695
	Total number of bases in HQ reads	12980783
	Total number of HQ bases in HQ reads	11911919
	Percentage of HQ bases in HQ reads	91.77%
	Number of Primer/Adaptor contaminated HQ reads	NA
	Total number of HQ filtered reads	170069
	Percentage of HQ filtered reads	99.38%


Detailed QC statistics
	File name	RMB_13664_Cyrtodactylus_philippinicus_Luzon_R1.trimmed.fq
	Minimum read length	8
	Maximum read length	95
	Average read length	76.15
	Total number of reads	171128
	Total number of reads with non-ATGC bases	0
	Percentage of reads with non-ATGC bases	0.00%
	Total number of bases	13030695
	Total number of HQ bases	11941929
	Percentage of HQ bases	91.64%
	Total number of non-ATGC bases	0
	Percentage of non-ATGC bases	0.00%


Average quality score at each base position of input reads

RMB_13664_Cyrtodactylus_philippinicus_Luzon_R1.trimmed.fq
36.01	35.92	36.39	35.83	36.42	36.45	36.26	38.54	37.85	37.48	37.64	37.91	37.77	37.78	37.84	37.45	37.66	37.04	36.93	36.77	37.20	36.65	36.71	36.77	37.09	36.91	36.95	37.33	36.50	36.17	36.37	36.44	36.17	36.29	36.61	36.20	36.36	36.53	36.68	35.91	35.67	35.47	35.31	34.92	34.45	33.06	31.36	28.96	25.99	22.79	20.02	18.12	16.35	15.07	14.10	13.35	13.05	12.77	13.29	13.85	14.95	16.08	17.17	18.14	19.06	19.58	20.01	20.27	20.37	19.73	19.98	20.24	20.42	20.41	20.30	20.31	20.31	20.20	20.12	20.07	20.04	19.96	19.93	19.91	19.77	19.75	19.74	19.74	19.78	19.75	19.70	19.62	19.59	19.57	18.95	




Read count (%) per base for different quality score ranges

	RMB_13664_Cyrtodactylus_philippinicus_Luzon_R1.trimmed.fq
Ranges	0-10	11-20	21-30	31-40
Base
1	0.00	2.51	1.75	95.74
2	0.00	1.86	1.10	97.03
3	0.00	1.73	1.04	97.23
4	0.00	1.86	1.73	96.42
5	0.00	1.68	1.12	97.20
6	0.00	1.69	1.04	97.28
7	0.00	1.98	1.69	96.33
8	0.00	2.16	1.49	96.35
9	0.00	2.39	2.24	95.36
10	0.00	2.67	2.33	95.00
11	0.00	2.44	2.06	95.50
12	0.00	2.06	1.91	96.03
13	0.00	2.05	2.63	95.32
14	0.00	2.15	2.49	95.37
15	0.00	2.03	2.23	95.74
16	0.00	2.05	2.90	95.05
17	0.00	1.83	2.26	95.91
18	0.00	2.34	3.48	94.18
19	0.00	2.57	3.39	94.04
20	0.00	2.81	3.47	93.72
21	0.00	2.29	2.61	95.10
22	0.00	2.31	3.18	94.51
23	0.00	2.17	3.22	94.61
24	0.00	2.21	2.93	94.86
25	0.00	2.08	2.49	95.43
26	0.00	1.95	3.20	94.86
27	0.00	1.90	2.91	95.19
28	0.00	1.69	2.27	96.04
29	0.00	1.74	3.21	95.05
30	0.00	2.05	4.12	93.83
31	0.00	1.80	3.66	94.54
32	0.00	1.84	3.61	94.55
33	0.00	1.97	4.03	94.01
34	0.00	1.60	3.38	95.02
35	0.00	1.27	2.42	96.31
36	0.00	1.13	3.40	95.47
37	0.00	0.92	2.84	96.24
38	0.00	0.89	2.42	96.69
39	0.00	0.86	2.04	97.10
40	0.00	0.97	3.15	95.88
41	0.00	1.12	3.41	95.47
42	0.00	1.30	3.62	95.08
43	0.00	1.27	3.71	95.02
44	0.00	1.58	4.24	94.18
45	0.00	1.60	4.86	93.55
46	0.00	2.51	8.47	89.02
47	0.00	5.27	13.33	81.40
48	0.00	10.53	18.79	70.68
49	0.00	19.04	23.59	57.37
50	0.00	33.16	22.67	44.17
51	0.00	46.91	18.45	34.64
52	0.00	54.00	16.63	29.37
53	0.00	60.37	15.12	24.51
54	0.00	64.33	13.89	21.77
55	0.00	65.78	14.62	19.60
56	0.00	66.80	15.20	18.01
57	0.00	64.53	17.88	17.59
58	0.00	62.82	19.48	17.70
59	0.00	53.99	25.02	20.98
60	0.00	46.28	28.08	25.64
61	0.00	35.21	30.95	33.84
62	0.00	25.46	30.60	43.94
63	0.00	17.71	28.01	54.28
64	0.00	12.06	23.65	64.28
65	0.00	7.69	18.60	73.71
66	0.00	5.48	14.93	79.59
67	0.00	3.69	12.03	84.28
68	0.00	2.65	9.97	87.38
69	0.00	2.22	9.07	88.71
70	0.00	1.45	12.38	86.17
71	0.00	1.62	8.81	89.56
72	0.00	1.57	7.15	91.29
73	0.00	1.37	6.02	92.61
74	0.00	1.34	5.91	92.75
75	0.00	1.39	6.51	92.10
76	0.00	1.05	5.99	92.97
77	0.00	0.89	5.45	93.66
78	0.00	0.90	5.74	93.36
79	0.00	0.93	6.00	93.06
80	0.00	0.90	6.05	93.05
81	0.00	0.76	5.98	93.26
82	0.00	0.82	6.06	93.13
83	0.00	0.87	5.92	93.21
84	0.00	0.84	5.84	93.32
85	0.00	0.94	6.43	92.63
86	0.00	0.91	6.11	92.98
87	0.00	0.86	5.99	93.15
88	0.00	0.66	5.93	93.40
89	0.00	0.53	5.06	94.40
90	0.00	0.50	5.14	94.35
91	0.00	0.53	5.39	94.08
92	0.00	0.61	5.92	93.47
93	0.00	0.60	5.92	93.48
94	0.00	0.60	5.67	93.74
95	0.00	1.53	10.10	88.36




