Parameters
	Library type	Single-end
	Input file	/Volumes/wdhd/users/joaks1/projects/gekgo/data/genomes/msg/plate1/demultiplexed-trimmed/RMB_8445_Cyrtodactylus_mamanwa_Dinagat_R1.trimmed.fq
	Primer/Adaptor library	NA
	Cut-off read length for HQ	70%
	Cut-off quality score	20
	Only statistics	On
	Number of processes	2


QC statistics
	File name	RMB_8445_Cyrtodactylus_mamanwa_Dinagat_R1.trimmed.fq
	Total number of reads	251060
	Total number of HQ reads	249526
	Percentage of HQ reads	99.39%
	Total number of bases	19619221
	Total number of bases in HQ reads	19544765
	Total number of HQ bases in HQ reads	17886232
	Percentage of HQ bases in HQ reads	91.51%
	Number of Primer/Adaptor contaminated HQ reads	NA
	Total number of HQ filtered reads	249526
	Percentage of HQ filtered reads	99.39%


Detailed QC statistics
	File name	RMB_8445_Cyrtodactylus_mamanwa_Dinagat_R1.trimmed.fq
	Minimum read length	9
	Maximum read length	95
	Average read length	78.15
	Total number of reads	251060
	Total number of reads with non-ATGC bases	0
	Percentage of reads with non-ATGC bases	0.00%
	Total number of bases	19619221
	Total number of HQ bases	17931113
	Percentage of HQ bases	91.40%
	Total number of non-ATGC bases	0
	Percentage of non-ATGC bases	0.00%


Average quality score at each base position of input reads

RMB_8445_Cyrtodactylus_mamanwa_Dinagat_R1.trimmed.fq
35.87	35.89	36.41	35.88	36.44	36.48	36.29	38.59	37.94	37.56	37.69	37.97	37.84	37.85	37.88	37.49	37.68	37.10	37.02	36.83	37.26	36.72	36.78	36.85	37.15	36.98	37.01	37.39	36.59	36.27	36.46	36.51	36.25	36.41	36.71	36.29	36.48	36.66	36.81	36.07	35.85	35.69	35.54	35.13	34.74	33.39	31.66	29.18	26.31	23.07	20.29	18.51	16.90	15.73	14.80	14.12	13.83	13.65	14.11	14.73	15.86	17.06	18.28	19.37	20.39	21.00	21.49	21.83	21.96	21.28	21.53	21.81	22.01	22.00	21.89	21.90	21.91	21.78	21.71	21.66	21.64	21.52	21.51	21.52	21.39	21.39	21.37	21.39	21.42	21.39	21.34	21.28	21.23	21.22	20.58	




Read count (%) per base for different quality score ranges

	RMB_8445_Cyrtodactylus_mamanwa_Dinagat_R1.trimmed.fq
Ranges	0-10	11-20	21-30	31-40
Base
1	0.00	2.46	1.74	95.80
2	0.00	1.74	1.12	97.15
3	0.00	1.64	1.02	97.34
4	0.00	1.77	1.64	96.60
5	0.00	1.59	1.13	97.29
6	0.00	1.57	1.02	97.41
7	0.00	1.91	1.60	96.49
8	0.00	2.06	1.53	96.41
9	0.00	2.33	2.22	95.46
10	0.00	2.57	2.30	95.13
11	0.00	2.41	1.98	95.61
12	0.00	2.01	1.85	96.14
13	0.00	2.06	2.48	95.46
14	0.00	2.14	2.35	95.51
15	0.00	2.01	2.16	95.82
16	0.00	2.04	2.81	95.15
17	0.00	1.86	2.25	95.89
18	0.00	2.27	3.41	94.32
19	0.00	2.53	3.22	94.25
20	0.00	2.79	3.41	93.80
21	0.00	2.32	2.56	95.12
22	0.00	2.35	3.12	94.54
23	0.00	2.23	3.04	94.73
24	0.00	2.17	2.82	95.01
25	0.00	2.08	2.35	95.57
26	0.00	1.96	2.96	95.08
27	0.00	1.85	2.83	95.31
28	0.00	1.68	2.15	96.17
29	0.00	1.73	3.02	95.26
30	0.00	2.05	3.84	94.10
31	0.00	1.76	3.42	94.82
32	0.00	1.79	3.53	94.68
33	0.00	1.89	3.83	94.28
34	0.00	1.51	3.16	95.33
35	0.00	1.21	2.37	96.42
36	0.00	1.09	3.24	95.67
37	0.00	0.91	2.66	96.42
38	0.00	0.87	2.31	96.82
39	0.00	0.83	1.93	97.23
40	0.00	0.91	2.95	96.15
41	0.00	1.05	3.32	95.63
42	0.00	1.25	3.37	95.38
43	0.00	1.19	3.46	95.35
44	0.00	1.51	4.10	94.39
45	0.00	1.47	4.50	94.03
46	0.00	2.36	7.86	89.79
47	0.00	5.10	13.14	81.76
48	0.00	10.48	19.22	70.30
49	0.00	18.85	23.85	57.30
50	0.00	33.79	22.40	43.82
51	0.00	47.77	18.22	34.01
52	0.00	55.04	15.87	29.09
53	0.00	61.12	14.45	24.42
54	0.00	64.76	13.59	21.66
55	0.00	66.23	14.37	19.40
56	0.00	66.83	15.34	17.83
57	0.00	65.12	17.41	17.47
58	0.00	63.07	19.18	17.75
59	0.00	55.13	24.60	20.27
60	0.00	47.62	27.50	24.88
61	0.00	36.86	30.49	32.65
62	0.00	27.29	30.47	42.24
63	0.00	18.99	28.17	52.84
64	0.00	12.92	24.18	62.90
65	0.00	8.38	18.86	72.76
66	0.00	5.99	15.25	78.76
67	0.00	4.01	12.35	83.64
68	0.00	2.93	10.03	87.04
69	0.00	2.39	8.98	88.63
70	0.00	1.63	12.20	86.17
71	0.00	1.84	8.82	89.35
72	0.00	1.71	7.38	90.92
73	0.00	1.59	6.03	92.38
74	0.00	1.48	6.00	92.52
75	0.00	1.45	6.57	91.98
76	0.00	1.14	6.00	92.86
77	0.00	0.90	5.46	93.64
78	0.00	1.00	5.90	93.10
79	0.00	1.02	6.13	92.86
80	0.00	0.93	6.09	92.99
81	0.00	0.77	5.89	93.34
82	0.00	0.91	6.21	92.88
83	0.00	0.97	5.90	93.13
84	0.00	0.81	5.74	93.45
85	0.00	0.88	6.32	92.80
86	0.00	0.84	5.88	93.27
87	0.00	0.80	5.86	93.35
88	0.00	0.64	5.58	93.77
89	0.00	0.50	4.98	94.52
90	0.00	0.47	5.05	94.48
91	0.00	0.50	5.16	94.34
92	0.00	0.57	5.50	93.93
93	0.00	0.58	5.66	93.76
94	0.00	0.51	5.44	94.06
95	0.00	1.33	9.71	88.96




