Parameters
	Library type	Single-end
	Input file	/Volumes/wdhd/users/joaks1/projects/gekgo/data/genomes/msg/plate1/demultiplexed-trimmed/RMB_8933_Cyrtodactylus_gubaot_Leyte_R1.trimmed.fq
	Primer/Adaptor library	NA
	Cut-off read length for HQ	70%
	Cut-off quality score	20
	Only statistics	On
	Number of processes	2


QC statistics
	File name	RMB_8933_Cyrtodactylus_gubaot_Leyte_R1.trimmed.fq
	Total number of reads	1627847
	Total number of HQ reads	1617170
	Percentage of HQ reads	99.34%
	Total number of bases	124923956
	Total number of bases in HQ reads	124429211
	Total number of HQ bases in HQ reads	113925328
	Percentage of HQ bases in HQ reads	91.56%
	Number of Primer/Adaptor contaminated HQ reads	NA
	Total number of HQ filtered reads	1617170
	Percentage of HQ filtered reads	99.34%


Detailed QC statistics
	File name	RMB_8933_Cyrtodactylus_gubaot_Leyte_R1.trimmed.fq
	Minimum read length	8
	Maximum read length	95
	Average read length	76.74
	Total number of reads	1627847
	Total number of reads with non-ATGC bases	0
	Percentage of reads with non-ATGC bases	0.00%
	Total number of bases	124923956
	Total number of HQ bases	114222774
	Percentage of HQ bases	91.43%
	Total number of non-ATGC bases	0
	Percentage of non-ATGC bases	0.00%


Average quality score at each base position of input reads

RMB_8933_Cyrtodactylus_gubaot_Leyte_R1.trimmed.fq
35.79	35.43	36.32	35.87	36.37	36.40	36.21	38.47	37.83	37.47	37.60	37.90	37.62	37.51	37.53	37.10	37.38	36.91	36.86	36.73	37.16	36.59	36.65	36.72	37.03	36.87	36.87	37.24	36.43	36.08	36.26	36.31	36.04	36.17	36.48	36.04	36.22	36.40	36.54	35.73	35.50	35.28	35.12	34.69	34.25	32.84	31.04	28.53	25.65	22.44	19.79	17.97	16.40	15.19	14.21	13.54	13.21	13.05	13.48	14.05	15.12	16.25	17.39	18.41	19.36	19.87	20.29	20.57	20.67	20.03	20.29	20.54	20.71	20.70	20.60	20.64	20.66	20.54	20.50	20.46	20.43	20.34	20.34	20.35	20.25	20.25	20.24	20.25	20.29	20.27	20.22	20.17	20.14	20.11	19.49	




Read count (%) per base for different quality score ranges

	RMB_8933_Cyrtodactylus_gubaot_Leyte_R1.trimmed.fq
Ranges	0-10	11-20	21-30	31-40
Base
1	0.00	2.83	2.10	95.07
2	0.00	2.02	1.37	96.60
3	0.00	1.89	1.22	96.89
4	0.00	2.02	1.81	96.17
5	0.00	1.80	1.31	96.89
6	0.00	1.78	1.23	96.99
7	0.00	2.09	1.89	96.02
8	0.00	2.27	1.69	96.04
9	0.00	2.49	2.38	95.13
10	0.00	2.68	2.52	94.80
11	0.00	2.53	2.18	95.30
12	0.00	2.08	2.05	95.87
13	0.00	2.16	2.73	95.11
14	0.00	2.24	2.61	95.15
15	0.00	2.11	2.37	95.52
16	0.00	2.12	3.04	94.85
17	0.00	1.91	2.43	95.66
18	0.00	2.34	3.64	94.02
19	0.00	2.58	3.43	93.99
20	0.00	2.83	3.60	93.57
21	0.00	2.36	2.71	94.93
22	0.00	2.35	3.28	94.38
23	0.00	2.25	3.28	94.46
24	0.00	2.21	3.08	94.71
25	0.00	2.11	2.55	95.35
26	0.00	1.93	3.22	94.85
27	0.00	1.92	3.00	95.08
28	0.00	1.75	2.33	95.92
29	0.00	1.71	3.23	95.06
30	0.00	2.10	4.08	93.82
31	0.00	1.87	3.62	94.50
32	0.00	1.91	3.69	94.40
33	0.00	2.02	4.03	93.95
34	0.00	1.67	3.44	94.89
35	0.00	1.32	2.59	96.08
36	0.00	1.21	3.59	95.20
37	0.00	1.00	2.92	96.07
38	0.00	0.95	2.54	96.52
39	0.00	0.89	2.12	96.99
40	0.00	0.96	3.37	95.67
41	0.00	1.09	3.65	95.25
42	0.00	1.27	3.94	94.80
43	0.00	1.23	4.03	94.74
44	0.00	1.53	4.78	93.68
45	0.00	1.59	5.43	92.99
46	0.00	2.44	9.50	88.06
47	0.00	5.32	15.32	79.36
48	0.00	10.64	21.88	67.48
49	0.00	19.25	26.45	54.30
50	0.00	34.20	24.89	40.91
51	0.00	47.56	20.57	31.87
52	0.00	54.98	18.03	26.99
53	0.00	60.61	16.55	22.84
54	0.00	64.48	15.12	20.40
55	0.00	66.24	15.69	18.07
56	0.00	66.84	16.42	16.74
57	0.00	65.17	18.59	16.24
58	0.00	62.88	20.34	16.78
59	0.00	54.84	25.91	19.26
60	0.00	47.43	28.66	23.91
61	0.00	36.62	31.77	31.61
62	0.00	26.99	31.67	41.34
63	0.00	18.81	29.11	52.08
64	0.00	12.78	24.78	62.43
65	0.00	8.32	19.27	72.41
66	0.00	6.01	15.81	78.18
67	0.00	4.00	12.96	83.04
68	0.00	2.91	10.82	86.27
69	0.00	2.40	9.66	87.94
70	0.00	1.59	13.43	84.97
71	0.00	1.80	9.40	88.79
72	0.00	1.65	7.88	90.47
73	0.00	1.48	6.54	91.98
74	0.00	1.42	6.50	92.08
75	0.00	1.42	7.21	91.37
76	0.00	1.10	6.56	92.34
77	0.00	0.90	5.95	93.15
78	0.00	0.97	6.52	92.51
79	0.00	0.97	6.62	92.41
80	0.00	0.91	6.63	92.46
81	0.00	0.78	6.43	92.79
82	0.00	0.91	6.75	92.34
83	0.00	0.96	6.35	92.69
84	0.00	0.84	6.15	93.01
85	0.00	0.89	6.63	92.48
86	0.00	0.89	6.30	92.82
87	0.00	0.85	6.24	92.91
88	0.00	0.68	5.98	93.34
89	0.00	0.56	5.30	94.14
90	0.00	0.52	5.23	94.25
91	0.00	0.55	5.40	94.06
92	0.00	0.61	5.71	93.68
93	0.00	0.62	5.68	93.71
94	0.00	0.60	5.59	93.82
95	0.00	1.48	9.88	88.64




