Parameters
	Library type	Single-end
	Input file	/Volumes/wdhd/users/joaks1/projects/gekgo/data/genomes/msg/plate1/demultiplexed-trimmed/RMB_11714_Cyrtodactylus_annulatus_Mindanao_R1.trimmed.fq
	Primer/Adaptor library	NA
	Cut-off read length for HQ	70%
	Cut-off quality score	20
	Only statistics	On
	Number of processes	2


QC statistics
	File name	RMB_11714_Cyrtodactylus_annulatus_Mindanao_R1.trimmed.fq
	Total number of reads	103319
	Total number of HQ reads	102629
	Percentage of HQ reads	99.33%
	Total number of bases	7793409
	Total number of bases in HQ reads	7763237
	Total number of HQ bases in HQ reads	7109395
	Percentage of HQ bases in HQ reads	91.58%
	Number of Primer/Adaptor contaminated HQ reads	NA
	Total number of HQ filtered reads	102629
	Percentage of HQ filtered reads	99.33%


Detailed QC statistics
	File name	RMB_11714_Cyrtodactylus_annulatus_Mindanao_R1.trimmed.fq
	Minimum read length	10
	Maximum read length	95
	Average read length	75.43
	Total number of reads	103319
	Total number of reads with non-ATGC bases	0
	Percentage of reads with non-ATGC bases	0.00%
	Total number of bases	7793409
	Total number of HQ bases	7127588
	Percentage of HQ bases	91.46%
	Total number of non-ATGC bases	0
	Percentage of non-ATGC bases	0.00%


Average quality score at each base position of input reads

RMB_11714_Cyrtodactylus_annulatus_Mindanao_R1.trimmed.fq
35.82	35.72	36.19	35.78	36.27	36.31	36.11	38.34	37.68	37.34	37.48	37.79	37.25	37.26	37.41	37.02	37.32	36.86	36.78	36.59	37.02	36.51	36.54	36.61	36.88	36.64	36.63	37.00	36.10	35.75	35.89	35.93	35.53	35.69	36.07	35.57	35.74	35.91	36.00	35.15	34.89	34.60	34.38	33.91	33.46	31.87	29.88	27.34	24.54	21.48	19.07	17.21	15.83	14.64	13.70	13.05	12.70	12.58	12.92	13.38	14.42	15.49	16.49	17.43	18.20	18.63	19.02	19.31	19.41	18.76	19.02	19.25	19.46	19.51	19.48	19.49	19.48	19.36	19.31	19.30	19.33	19.28	19.27	19.29	19.21	19.21	19.21	19.22	19.26	19.26	19.20	19.17	19.12	19.08	18.41	




Read count (%) per base for different quality score ranges

	RMB_11714_Cyrtodactylus_annulatus_Mindanao_R1.trimmed.fq
Ranges	0-10	11-20	21-30	31-40
Base
1	0.00	3.35	2.56	94.08
2	0.00	2.43	1.78	95.79
3	0.00	2.28	1.54	96.18
4	0.00	2.35	2.09	95.56
5	0.00	2.04	1.65	96.30
6	0.00	2.01	1.51	96.48
7	0.00	2.29	2.24	95.47
8	0.00	2.42	2.06	95.52
9	0.00	2.60	2.76	94.64
10	0.00	2.72	2.99	94.29
11	0.00	2.62	2.38	95.00
12	0.00	2.16	2.28	95.57
13	0.00	2.17	3.16	94.67
14	0.00	2.24	2.98	94.78
15	0.00	2.11	2.64	95.25
16	0.00	2.08	3.41	94.51
17	0.00	1.80	2.62	95.59
18	0.00	2.05	3.85	94.10
19	0.00	2.24	3.82	93.94
20	0.00	2.63	3.99	93.38
21	0.00	2.33	3.04	94.62
22	0.00	2.03	3.47	94.50
23	0.00	2.13	3.55	94.32
24	0.00	2.03	3.30	94.67
25	0.00	2.00	2.74	95.25
26	0.00	1.88	3.47	94.65
27	0.00	1.90	3.28	94.82
28	0.00	1.86	2.61	95.53
29	0.00	1.87	3.96	94.17
30	0.00	2.29	4.55	93.16
31	0.00	2.08	4.38	93.54
32	0.00	2.28	4.34	93.38
33	0.00	2.66	5.26	92.08
34	0.00	2.11	4.34	93.54
35	0.00	1.70	3.30	95.00
36	0.00	1.57	4.53	93.90
37	0.00	1.34	3.73	94.93
38	0.00	1.31	3.32	95.37
39	0.00	1.19	2.91	95.90
40	0.00	1.23	4.79	93.99
41	0.00	1.30	5.19	93.50
42	0.00	1.48	5.66	92.86
43	0.00	1.39	6.20	92.41
44	0.00	1.74	7.29	90.97
45	0.00	1.69	8.64	89.67
46	0.00	2.63	15.02	82.34
47	0.00	5.52	23.16	71.32
48	0.00	10.92	30.46	58.62
49	0.00	19.74	34.30	45.96
50	0.00	35.60	29.53	34.87
51	0.00	48.16	24.24	27.60
52	0.00	55.34	21.28	23.38
53	0.00	59.72	19.21	21.07
54	0.00	63.98	16.66	19.36
55	0.00	65.37	17.41	17.21
56	0.00	65.92	17.52	16.56
57	0.00	64.84	18.95	16.21
58	0.00	61.85	21.45	16.70
59	0.00	54.74	26.41	18.85
60	0.00	47.63	29.57	22.80
61	0.00	36.32	33.05	30.63
62	0.00	26.27	33.34	40.39
63	0.00	18.45	30.71	50.84
64	0.00	12.17	26.83	61.00
65	0.00	8.21	21.26	70.53
66	0.00	5.98	17.71	76.32
67	0.00	4.00	14.85	81.15
68	0.00	2.69	12.25	85.06
69	0.00	2.10	11.20	86.70
70	0.00	1.56	16.28	82.16
71	0.00	1.85	11.12	87.03
72	0.00	1.68	9.83	88.49
73	0.00	1.61	8.17	90.22
74	0.00	1.40	7.71	90.89
75	0.00	1.40	7.87	90.74
76	0.00	1.12	7.69	91.20
77	0.00	0.90	7.20	91.90
78	0.00	1.02	7.34	91.64
79	0.00	1.00	7.67	91.33
80	0.00	0.88	7.38	91.74
81	0.00	0.78	6.71	92.51
82	0.00	0.91	6.85	92.25
83	0.00	1.01	6.50	92.49
84	0.00	0.88	6.32	92.80
85	0.00	0.98	6.67	92.35
86	0.00	0.97	6.27	92.76
87	0.00	0.88	6.25	92.86
88	0.00	0.82	5.93	93.25
89	0.00	0.60	5.27	94.13
90	0.00	0.62	4.99	94.38
91	0.00	0.70	5.53	93.76
92	0.00	0.72	5.39	93.89
93	0.00	0.79	5.71	93.50
94	0.00	0.76	5.79	93.45
95	0.00	2.01	10.23	87.76




