Parameters
	Library type	Single-end
	Input file	/Volumes/wdhd/users/joaks1/projects/gekgo/data/genomes/msg/plate1/demultiplexed-trimmed/RMB_8932_Cyrtodactylus_gubaot_Leyte_R1.trimmed.fq
	Primer/Adaptor library	NA
	Cut-off read length for HQ	70%
	Cut-off quality score	20
	Only statistics	On
	Number of processes	2


QC statistics
	File name	RMB_8932_Cyrtodactylus_gubaot_Leyte_R1.trimmed.fq
	Total number of reads	1578988
	Total number of HQ reads	1568089
	Percentage of HQ reads	99.31%
	Total number of bases	119785688
	Total number of bases in HQ reads	119281264
	Total number of HQ bases in HQ reads	109333198
	Percentage of HQ bases in HQ reads	91.66%
	Number of Primer/Adaptor contaminated HQ reads	NA
	Total number of HQ filtered reads	1568089
	Percentage of HQ filtered reads	99.31%


Detailed QC statistics
	File name	RMB_8932_Cyrtodactylus_gubaot_Leyte_R1.trimmed.fq
	Minimum read length	8
	Maximum read length	95
	Average read length	75.86
	Total number of reads	1578988
	Total number of reads with non-ATGC bases	0
	Percentage of reads with non-ATGC bases	0.00%
	Total number of bases	119785688
	Total number of HQ bases	109635638
	Percentage of HQ bases	91.53%
	Total number of non-ATGC bases	0
	Percentage of non-ATGC bases	0.00%


Average quality score at each base position of input reads

RMB_8932_Cyrtodactylus_gubaot_Leyte_R1.trimmed.fq
36.01	35.82	36.30	35.86	36.35	36.39	36.19	38.45	37.81	37.45	37.56	37.87	37.59	37.50	37.53	37.07	37.36	36.88	36.82	36.69	37.14	36.57	36.62	36.70	37.01	36.82	36.83	37.19	36.37	36.04	36.20	36.25	36.00	36.11	36.43	35.97	36.15	36.32	36.44	35.62	35.38	35.15	34.97	34.53	34.12	32.69	30.88	28.39	25.45	22.30	19.65	17.82	16.21	14.94	13.92	13.23	12.88	12.72	13.15	13.70	14.74	15.83	16.90	17.88	18.77	19.25	19.65	19.90	19.99	19.36	19.60	19.84	20.03	20.01	19.92	19.94	19.96	19.84	19.80	19.76	19.73	19.65	19.64	19.64	19.54	19.54	19.54	19.54	19.57	19.55	19.50	19.44	19.41	19.39	18.78	




Read count (%) per base for different quality score ranges

	RMB_8932_Cyrtodactylus_gubaot_Leyte_R1.trimmed.fq
Ranges	0-10	11-20	21-30	31-40
Base
1	0.00	2.96	1.96	95.09
2	0.00	2.13	1.38	96.49
3	0.00	2.00	1.24	96.77
4	0.00	2.09	1.81	96.10
5	0.00	1.87	1.34	96.78
6	0.00	1.84	1.27	96.89
7	0.00	2.14	1.93	95.93
8	0.00	2.34	1.72	95.95
9	0.00	2.56	2.45	94.99
10	0.00	2.73	2.57	94.71
11	0.00	2.60	2.23	95.17
12	0.00	2.12	2.08	95.80
13	0.00	2.19	2.80	95.01
14	0.00	2.26	2.64	95.09
15	0.00	2.13	2.38	95.48
16	0.00	2.17	3.09	94.74
17	0.00	1.92	2.46	95.62
18	0.00	2.36	3.66	93.97
19	0.00	2.62	3.48	93.90
20	0.00	2.85	3.64	93.51
21	0.00	2.35	2.73	94.92
22	0.00	2.36	3.34	94.30
23	0.00	2.30	3.33	94.37
24	0.00	2.22	3.12	94.67
25	0.00	2.12	2.60	95.28
26	0.00	1.99	3.25	94.76
27	0.00	1.93	3.07	95.00
28	0.00	1.79	2.38	95.83
29	0.00	1.74	3.34	94.93
30	0.00	2.11	4.14	93.75
31	0.00	1.92	3.72	94.36
32	0.00	1.96	3.78	94.25
33	0.00	2.04	4.07	93.88
34	0.00	1.68	3.54	94.77
35	0.00	1.33	2.58	96.09
36	0.00	1.23	3.66	95.11
37	0.00	1.02	3.00	95.98
38	0.00	0.96	2.58	96.46
39	0.00	0.94	2.20	96.86
40	0.00	1.02	3.51	95.47
41	0.00	1.15	3.82	95.03
42	0.00	1.33	4.08	94.59
43	0.00	1.30	4.23	94.48
44	0.00	1.61	4.99	93.39
45	0.00	1.61	5.48	92.91
46	0.00	2.54	9.71	87.75
47	0.00	5.39	15.50	79.11
48	0.00	10.69	21.85	67.46
49	0.00	19.38	26.37	54.24
50	0.00	34.15	24.64	41.21
51	0.00	47.38	20.43	32.19
52	0.00	54.52	18.11	27.37
53	0.00	60.10	16.60	23.30
54	0.00	64.09	15.17	20.73
55	0.00	65.99	15.74	18.27
56	0.00	66.52	16.62	16.86
57	0.00	65.12	18.47	16.41
58	0.00	62.44	20.52	17.04
59	0.00	54.18	26.20	19.62
60	0.00	46.71	29.02	24.27
61	0.00	35.85	31.97	32.18
62	0.00	26.27	31.72	42.01
63	0.00	18.36	29.12	52.52
64	0.00	12.33	24.80	62.87
65	0.00	8.10	19.18	72.72
66	0.00	5.83	15.79	78.39
67	0.00	3.89	12.86	83.25
68	0.00	2.84	10.75	86.41
69	0.00	2.28	9.67	88.05
70	0.00	1.55	13.54	84.91
71	0.00	1.76	9.52	88.72
72	0.00	1.62	7.84	90.54
73	0.00	1.46	6.47	92.07
74	0.00	1.40	6.47	92.14
75	0.00	1.36	7.17	91.47
76	0.00	1.09	6.55	92.36
77	0.00	0.92	5.97	93.11
78	0.00	0.98	6.60	92.43
79	0.00	0.98	6.64	92.38
80	0.00	0.94	6.69	92.37
81	0.00	0.82	6.41	92.77
82	0.00	0.94	6.70	92.35
83	0.00	0.97	6.44	92.59
84	0.00	0.87	6.21	92.92
85	0.00	0.93	6.65	92.42
86	0.00	0.92	6.30	92.78
87	0.00	0.86	6.25	92.89
88	0.00	0.72	6.05	93.23
89	0.00	0.57	5.39	94.04
90	0.00	0.53	5.31	94.16
91	0.00	0.59	5.52	93.89
92	0.00	0.67	5.88	93.44
93	0.00	0.66	5.84	93.50
94	0.00	0.62	5.70	93.68
95	0.00	1.54	10.03	88.43




