Parameters
	Library type	Single-end
	Input file	/Volumes/wdhd/users/joaks1/projects/gekgo/data/genomes/msg/plate1/demultiplexed-trimmed/RMB_13719_Cyrtodactylus_philippinicus_Luzon_R1.trimmed.fq
	Primer/Adaptor library	NA
	Cut-off read length for HQ	70%
	Cut-off quality score	20
	Only statistics	On
	Number of processes	2


QC statistics
	File name	RMB_13719_Cyrtodactylus_philippinicus_Luzon_R1.trimmed.fq
	Total number of reads	89937
	Total number of HQ reads	89355
	Percentage of HQ reads	99.35%
	Total number of bases	6743423
	Total number of bases in HQ reads	6716842
	Total number of HQ bases in HQ reads	6157450
	Percentage of HQ bases in HQ reads	91.67%
	Number of Primer/Adaptor contaminated HQ reads	NA
	Total number of HQ filtered reads	89355
	Percentage of HQ filtered reads	99.35%


Detailed QC statistics
	File name	RMB_13719_Cyrtodactylus_philippinicus_Luzon_R1.trimmed.fq
	Minimum read length	10
	Maximum read length	95
	Average read length	74.98
	Total number of reads	89937
	Total number of reads with non-ATGC bases	0
	Percentage of reads with non-ATGC bases	0.00%
	Total number of bases	6743423
	Total number of HQ bases	6173366
	Percentage of HQ bases	91.55%
	Total number of non-ATGC bases	0
	Percentage of non-ATGC bases	0.00%


Average quality score at each base position of input reads

RMB_13719_Cyrtodactylus_philippinicus_Luzon_R1.trimmed.fq
35.96	35.92	36.30	35.80	36.34	36.38	36.16	38.42	37.76	37.42	37.55	37.83	37.57	37.51	37.54	37.04	37.30	36.84	36.77	36.65	37.09	36.48	36.57	36.64	36.96	36.75	36.76	37.13	36.30	35.96	36.12	36.16	35.88	35.99	36.32	35.85	36.02	36.18	36.31	35.51	35.27	35.02	34.79	34.38	33.93	32.52	30.75	28.22	25.23	22.13	19.44	17.55	15.92	14.61	13.61	12.86	12.54	12.36	12.74	13.24	14.26	15.34	16.37	17.30	18.15	18.60	19.00	19.25	19.31	18.71	18.94	19.18	19.34	19.31	19.22	19.27	19.28	19.18	19.12	19.10	19.09	18.99	18.97	18.96	18.86	18.84	18.83	18.84	18.87	18.85	18.81	18.76	18.72	18.71	18.10	




Read count (%) per base for different quality score ranges

	RMB_13719_Cyrtodactylus_philippinicus_Luzon_R1.trimmed.fq
Ranges	0-10	11-20	21-30	31-40
Base
1	0.00	3.02	2.01	94.96
2	0.00	2.15	1.38	96.47
3	0.00	2.01	1.24	96.75
4	0.00	2.12	1.86	96.02
5	0.00	1.87	1.37	96.76
6	0.00	1.80	1.36	96.84
7	0.00	2.22	1.96	95.82
8	0.00	2.35	1.74	95.91
9	0.00	2.61	2.46	94.93
10	0.00	2.82	2.60	94.58
11	0.00	2.64	2.19	95.17
12	0.00	2.21	2.10	95.69
13	0.00	2.30	2.81	94.89
14	0.00	2.27	2.75	94.98
15	0.00	2.07	2.49	95.44
16	0.00	2.22	3.24	94.54
17	0.00	1.99	2.57	95.44
18	0.00	2.39	3.75	93.86
19	0.00	2.69	3.63	93.68
20	0.00	2.84	3.72	93.45
21	0.00	2.40	2.78	94.83
22	0.00	2.52	3.41	94.07
23	0.00	2.39	3.39	94.23
24	0.00	2.28	3.28	94.44
25	0.00	2.20	2.64	95.17
26	0.00	2.11	3.35	94.55
27	0.00	1.96	3.24	94.80
28	0.00	1.80	2.56	95.64
29	0.00	1.82	3.44	94.74
30	0.00	2.13	4.20	93.68
31	0.00	1.91	3.86	94.23
32	0.00	1.92	3.80	94.28
33	0.00	2.13	4.23	93.64
34	0.00	1.75	3.53	94.72
35	0.00	1.39	2.59	96.03
36	0.00	1.23	3.64	95.13
37	0.00	1.03	2.99	95.98
38	0.00	0.95	2.64	96.41
39	0.00	0.92	2.25	96.84
40	0.00	0.99	3.51	95.50
41	0.00	1.18	3.70	95.12
42	0.00	1.31	4.15	94.54
43	0.00	1.35	4.28	94.37
44	0.00	1.68	5.02	93.30
45	0.00	1.61	5.66	92.73
46	0.00	2.55	9.78	87.67
47	0.00	5.36	15.26	79.38
48	0.00	10.68	21.79	67.53
49	0.00	19.58	26.26	54.15
50	0.00	33.95	24.62	41.43
51	0.00	47.33	20.10	32.58
52	0.00	54.51	17.89	27.60
53	0.00	60.15	16.64	23.22
54	0.00	64.46	14.64	20.90
55	0.00	66.01	15.72	18.27
56	0.00	66.87	16.51	16.62
57	0.00	64.80	18.85	16.35
58	0.00	62.35	20.47	17.18
59	0.00	54.45	26.09	19.46
60	0.00	47.30	28.46	24.24
61	0.00	36.06	32.05	31.89
62	0.00	26.48	31.41	42.11
63	0.00	18.30	29.28	52.42
64	0.00	12.58	24.75	62.67
65	0.00	8.28	19.31	72.42
66	0.00	5.97	16.24	77.78
67	0.00	3.99	13.01	83.00
68	0.00	2.96	10.74	86.30
69	0.00	2.50	9.85	87.64
70	0.00	1.58	13.74	84.68
71	0.00	1.81	9.83	88.36
72	0.00	1.58	8.15	90.27
73	0.00	1.56	6.55	91.90
74	0.00	1.48	6.64	91.88
75	0.00	1.37	7.60	91.04
76	0.00	1.01	6.92	92.07
77	0.00	0.85	6.12	93.03
78	0.00	0.95	6.48	92.56
79	0.00	1.02	6.77	92.21
80	0.00	0.95	6.53	92.52
81	0.00	0.75	6.38	92.87
82	0.00	0.91	6.73	92.36
83	0.00	0.96	6.53	92.51
84	0.00	0.88	6.44	92.68
85	0.00	0.91	6.88	92.21
86	0.00	0.98	6.43	92.60
87	0.00	0.85	6.45	92.70
88	0.00	0.74	6.01	93.25
89	0.00	0.53	5.56	93.91
90	0.00	0.58	5.45	93.97
91	0.00	0.58	5.64	93.79
92	0.00	0.68	5.90	93.42
93	0.00	0.70	6.04	93.26
94	0.00	0.66	5.76	93.57
95	0.00	1.70	10.13	88.17




