Parameters
	Library type	Single-end
	Input file	/Volumes/wdhd/users/joaks1/projects/gekgo/data/genomes/msg/plate1/demultiplexed-trimmed/RMB_8416_Cyrtodactylus_mamanwa_Dinagat_R1.trimmed.fq
	Primer/Adaptor library	NA
	Cut-off read length for HQ	70%
	Cut-off quality score	20
	Only statistics	On
	Number of processes	2


QC statistics
	File name	RMB_8416_Cyrtodactylus_mamanwa_Dinagat_R1.trimmed.fq
	Total number of reads	528774
	Total number of HQ reads	525519
	Percentage of HQ reads	99.38%
	Total number of bases	40622542
	Total number of bases in HQ reads	40464457
	Total number of HQ bases in HQ reads	37076602
	Percentage of HQ bases in HQ reads	91.63%
	Number of Primer/Adaptor contaminated HQ reads	NA
	Total number of HQ filtered reads	525519
	Percentage of HQ filtered reads	99.38%


Detailed QC statistics
	File name	RMB_8416_Cyrtodactylus_mamanwa_Dinagat_R1.trimmed.fq
	Minimum read length	10
	Maximum read length	95
	Average read length	76.82
	Total number of reads	528774
	Total number of reads with non-ATGC bases	0
	Percentage of reads with non-ATGC bases	0.00%
	Total number of bases	40622542
	Total number of HQ bases	37171864
	Percentage of HQ bases	91.51%
	Total number of non-ATGC bases	0
	Percentage of non-ATGC bases	0.00%


Average quality score at each base position of input reads

RMB_8416_Cyrtodactylus_mamanwa_Dinagat_R1.trimmed.fq
35.93	35.09	36.38	35.85	36.43	36.46	36.27	38.56	37.90	37.54	37.68	37.97	37.81	37.82	37.86	37.46	37.65	37.06	36.97	36.82	37.25	36.69	36.75	36.80	37.10	36.95	36.98	37.36	36.54	36.24	36.41	36.47	36.21	36.34	36.66	36.25	36.42	36.59	36.75	35.96	35.74	35.56	35.41	35.01	34.60	33.24	31.49	28.99	26.13	22.84	20.02	18.19	16.55	15.31	14.32	13.63	13.30	13.09	13.53	14.13	15.20	16.33	17.47	18.49	19.44	20.00	20.46	20.76	20.85	20.20	20.45	20.72	20.91	20.91	20.79	20.81	20.81	20.68	20.62	20.56	20.54	20.44	20.42	20.41	20.30	20.29	20.29	20.29	20.33	20.28	20.23	20.17	20.14	20.12	19.49	




Read count (%) per base for different quality score ranges

	RMB_8416_Cyrtodactylus_mamanwa_Dinagat_R1.trimmed.fq
Ranges	0-10	11-20	21-30	31-40
Base
1	0.00	2.59	1.89	95.52
2	0.00	1.79	1.22	96.99
3	0.00	1.68	1.05	97.27
4	0.00	1.82	1.63	96.55
5	0.00	1.64	1.11	97.24
6	0.00	1.64	1.03	97.33
7	0.00	1.94	1.69	96.37
8	0.00	2.13	1.47	96.40
9	0.00	2.36	2.20	95.44
10	0.00	2.60	2.35	95.05
11	0.00	2.44	2.00	95.56
12	0.00	2.02	1.86	96.12
13	0.00	2.06	2.54	95.39
14	0.00	2.14	2.36	95.50
15	0.00	2.01	2.16	95.82
16	0.00	2.04	2.85	95.10
17	0.00	1.82	2.24	95.94
18	0.00	2.26	3.42	94.31
19	0.00	2.55	3.24	94.21
20	0.00	2.78	3.42	93.81
21	0.00	2.30	2.56	95.14
22	0.00	2.35	3.13	94.52
23	0.00	2.20	3.10	94.70
24	0.00	2.21	2.93	94.86
25	0.00	2.08	2.42	95.50
26	0.00	1.96	3.03	95.00
27	0.00	1.90	2.90	95.21
28	0.00	1.71	2.19	96.10
29	0.00	1.73	3.08	95.19
30	0.00	2.03	3.85	94.11
31	0.00	1.80	3.50	94.69
32	0.00	1.80	3.58	94.62
33	0.00	1.94	3.88	94.18
34	0.00	1.54	3.33	95.13
35	0.00	1.24	2.42	96.34
36	0.00	1.10	3.32	95.59
37	0.00	0.93	2.74	96.33
38	0.00	0.89	2.37	96.75
39	0.00	0.86	1.97	97.17
40	0.00	0.92	3.12	95.96
41	0.00	1.08	3.41	95.51
42	0.00	1.23	3.56	95.20
43	0.00	1.19	3.58	95.23
44	0.00	1.52	4.23	94.25
45	0.00	1.56	4.66	93.78
46	0.00	2.43	8.17	89.40
47	0.00	5.18	13.37	81.45
48	0.00	10.57	19.33	70.10
49	0.00	18.91	23.67	57.42
50	0.00	33.70	22.69	43.61
51	0.00	47.76	18.48	33.76
52	0.00	54.94	16.21	28.86
53	0.00	60.75	14.83	24.42
54	0.00	64.55	13.73	21.71
55	0.00	66.10	14.58	19.32
56	0.00	66.62	15.42	17.96
57	0.00	64.89	17.69	17.42
58	0.00	62.80	19.56	17.64
59	0.00	54.76	24.90	20.35
60	0.00	47.14	27.73	25.13
61	0.00	36.45	30.61	32.94
62	0.00	26.68	30.84	42.48
63	0.00	18.72	28.32	52.95
64	0.00	12.67	24.25	63.09
65	0.00	8.30	18.98	72.72
66	0.00	5.91	15.29	78.80
67	0.00	3.96	12.31	83.73
68	0.00	2.81	10.16	87.02
69	0.00	2.35	9.16	88.49
70	0.00	1.56	12.53	85.90
71	0.00	1.78	8.93	89.29
72	0.00	1.63	7.38	91.00
73	0.00	1.49	6.07	92.44
74	0.00	1.44	5.90	92.66
75	0.00	1.40	6.65	91.95
76	0.00	1.09	6.00	92.91
77	0.00	0.92	5.55	93.52
78	0.00	0.97	6.09	92.94
79	0.00	1.01	6.19	92.79
80	0.00	0.93	6.19	92.88
81	0.00	0.80	5.91	93.28
82	0.00	0.93	6.29	92.78
83	0.00	0.95	6.06	93.00
84	0.00	0.88	5.90	93.21
85	0.00	0.92	6.38	92.70
86	0.00	0.89	6.02	93.08
87	0.00	0.80	5.95	93.25
88	0.00	0.68	5.72	93.60
89	0.00	0.50	5.13	94.37
90	0.00	0.52	5.23	94.24
91	0.00	0.53	5.46	94.01
92	0.00	0.59	5.69	93.72
93	0.00	0.62	5.72	93.67
94	0.00	0.54	5.63	93.83
95	0.00	1.39	10.00	88.61




