Parameters
	Library type	Single-end
	Input file	/Volumes/wdhd/users/joaks1/projects/gekgo/data/genomes/msg/plate1/demultiplexed-trimmed/RMB_8232_Cyrtodactylus_annulatus_CamiguinSur_R1.trimmed.fq
	Primer/Adaptor library	NA
	Cut-off read length for HQ	70%
	Cut-off quality score	20
	Only statistics	On
	Number of processes	2


QC statistics
	File name	RMB_8232_Cyrtodactylus_annulatus_CamiguinSur_R1.trimmed.fq
	Total number of reads	425270
	Total number of HQ reads	422607
	Percentage of HQ reads	99.37%
	Total number of bases	32527692
	Total number of bases in HQ reads	32403117
	Total number of HQ bases in HQ reads	29708999
	Percentage of HQ bases in HQ reads	91.69%
	Number of Primer/Adaptor contaminated HQ reads	NA
	Total number of HQ filtered reads	422607
	Percentage of HQ filtered reads	99.37%


Detailed QC statistics
	File name	RMB_8232_Cyrtodactylus_annulatus_CamiguinSur_R1.trimmed.fq
	Minimum read length	10
	Maximum read length	95
	Average read length	76.49
	Total number of reads	425270
	Total number of reads with non-ATGC bases	0
	Percentage of reads with non-ATGC bases	0.00%
	Total number of bases	32527692
	Total number of HQ bases	29783667
	Percentage of HQ bases	91.56%
	Total number of non-ATGC bases	0
	Percentage of non-ATGC bases	0.00%


Average quality score at each base position of input reads

RMB_8232_Cyrtodactylus_annulatus_CamiguinSur_R1.trimmed.fq
36.10	36.17	36.39	35.89	36.40	36.44	36.24	38.55	37.88	37.51	37.66	37.95	37.80	37.76	37.80	37.41	37.63	37.03	36.95	36.76	37.22	36.66	36.74	36.80	37.09	36.90	36.92	37.33	36.51	36.18	36.35	36.38	36.11	36.22	36.59	36.12	36.29	36.46	36.63	35.85	35.63	35.41	35.23	34.81	34.44	33.09	31.27	28.78	25.97	22.69	20.05	18.05	16.55	15.24	14.23	13.55	13.21	13.07	13.47	14.00	15.09	16.25	17.31	18.34	19.22	19.75	20.21	20.55	20.67	20.03	20.27	20.51	20.69	20.70	20.60	20.60	20.58	20.46	20.37	20.32	20.30	20.22	20.18	20.17	20.08	20.06	20.04	20.05	20.09	20.08	20.02	19.96	19.92	19.87	19.20	




Read count (%) per base for different quality score ranges

	RMB_8232_Cyrtodactylus_annulatus_CamiguinSur_R1.trimmed.fq
Ranges	0-10	11-20	21-30	31-40
Base
1	0.00	2.58	1.79	95.63
2	0.00	1.91	1.12	96.97
3	0.00	1.76	1.10	97.15
4	0.00	1.89	1.72	96.39
5	0.00	1.72	1.17	97.11
6	0.00	1.69	1.10	97.21
7	0.00	2.04	1.72	96.25
8	0.00	2.19	1.54	96.27
9	0.00	2.41	2.27	95.31
10	0.00	2.68	2.43	94.89
11	0.00	2.48	2.06	95.46
12	0.00	2.09	1.95	95.96
13	0.00	2.11	2.56	95.32
14	0.00	2.25	2.43	95.31
15	0.00	2.16	2.25	95.59
16	0.00	2.17	2.96	94.87
17	0.00	1.91	2.32	95.77
18	0.00	2.35	3.49	94.16
19	0.00	2.63	3.32	94.05
20	0.00	2.85	3.52	93.63
21	0.00	2.39	2.65	94.96
22	0.00	2.43	3.18	94.39
23	0.00	2.27	3.13	94.60
24	0.00	2.22	2.95	94.83
25	0.00	2.13	2.47	95.39
26	0.00	2.03	3.12	94.85
27	0.00	1.96	2.99	95.05
28	0.00	1.68	2.25	96.07
29	0.00	1.73	3.17	95.10
30	0.00	2.06	4.01	93.94
31	0.00	1.77	3.55	94.68
32	0.00	1.84	3.66	94.49
33	0.00	1.96	4.01	94.03
34	0.00	1.58	3.43	94.98
35	0.00	1.26	2.44	96.30
36	0.00	1.16	3.52	95.32
37	0.00	0.97	2.81	96.22
38	0.00	0.91	2.48	96.61
39	0.00	0.84	2.05	97.11
40	0.00	0.93	3.12	95.95
41	0.00	1.09	3.41	95.50
42	0.00	1.29	3.66	95.05
43	0.00	1.25	3.73	95.02
44	0.00	1.58	4.35	94.07
45	0.00	1.57	4.74	93.70
46	0.00	2.44	8.21	89.35
47	0.00	5.35	13.59	81.06
48	0.00	10.58	19.45	69.97
49	0.00	18.91	23.66	57.43
50	0.00	33.92	22.06	44.02
51	0.00	46.68	18.66	34.66
52	0.00	54.70	16.45	28.84
53	0.00	59.53	15.48	24.99
54	0.00	63.92	13.90	22.18
55	0.00	65.56	14.88	19.56
56	0.00	65.92	15.69	18.40
57	0.00	64.90	17.04	18.06
58	0.00	62.06	19.59	18.34
59	0.00	54.50	24.70	20.80
60	0.00	46.98	27.87	25.14
61	0.00	36.16	30.66	33.18
62	0.00	26.24	30.71	43.05
63	0.00	18.55	28.40	53.05
64	0.00	12.42	24.03	63.55
65	0.00	8.43	18.84	72.73
66	0.00	6.02	15.55	78.43
67	0.00	3.94	12.65	83.40
68	0.00	2.73	10.17	87.10
69	0.00	2.16	9.07	88.78
70	0.00	1.54	12.16	86.30
71	0.00	1.82	8.78	89.39
72	0.00	1.63	7.53	90.84
73	0.00	1.49	6.23	92.28
74	0.00	1.33	6.01	92.66
75	0.00	1.30	6.46	92.24
76	0.00	1.12	6.00	92.88
77	0.00	0.94	5.63	93.43
78	0.00	0.93	5.97	93.10
79	0.00	1.04	6.25	92.71
80	0.00	0.95	6.31	92.74
81	0.00	0.80	5.99	93.22
82	0.00	0.87	6.23	92.90
83	0.00	0.98	6.07	92.95
84	0.00	0.87	6.07	93.06
85	0.00	0.93	6.30	92.78
86	0.00	0.85	6.20	92.94
87	0.00	0.81	6.21	92.97
88	0.00	0.66	5.86	93.48
89	0.00	0.52	5.21	94.27
90	0.00	0.50	5.14	94.36
91	0.00	0.52	5.27	94.21
92	0.00	0.57	5.49	93.94
93	0.00	0.59	5.64	93.77
94	0.00	0.58	5.65	93.78
95	0.00	1.54	10.43	88.02




