Parameters
	Library type	Single-end
	Input file	/Volumes/wdhd/users/joaks1/projects/gekgo/data/genomes/msg/plate1/demultiplexed-trimmed/RMB_12834_Cyrtodactylus_philippinicus_Luzon_R1.trimmed.fq
	Primer/Adaptor library	NA
	Cut-off read length for HQ	70%
	Cut-off quality score	20
	Only statistics	On
	Number of processes	2


QC statistics
	File name	RMB_12834_Cyrtodactylus_philippinicus_Luzon_R1.trimmed.fq
	Total number of reads	263553
	Total number of HQ reads	262047
	Percentage of HQ reads	99.43%
	Total number of bases	20314080
	Total number of bases in HQ reads	20241343
	Total number of HQ bases in HQ reads	18561635
	Percentage of HQ bases in HQ reads	91.70%
	Number of Primer/Adaptor contaminated HQ reads	NA
	Total number of HQ filtered reads	262047
	Percentage of HQ filtered reads	99.43%


Detailed QC statistics
	File name	RMB_12834_Cyrtodactylus_philippinicus_Luzon_R1.trimmed.fq
	Minimum read length	8
	Maximum read length	95
	Average read length	77.08
	Total number of reads	263553
	Total number of reads with non-ATGC bases	0
	Percentage of reads with non-ATGC bases	0.00%
	Total number of bases	20314080
	Total number of HQ bases	18605347
	Percentage of HQ bases	91.59%
	Total number of non-ATGC bases	0
	Percentage of non-ATGC bases	0.00%


Average quality score at each base position of input reads

RMB_12834_Cyrtodactylus_philippinicus_Luzon_R1.trimmed.fq
36.00	35.42	36.42	35.86	36.47	36.50	36.31	38.62	37.95	37.60	37.74	38.02	37.89	37.89	37.94	37.55	37.75	37.15	37.06	36.88	37.29	36.73	36.80	36.87	37.19	37.02	37.06	37.44	36.62	36.32	36.52	36.56	36.33	36.46	36.80	36.40	36.59	36.78	36.94	36.18	35.98	35.81	35.65	35.22	34.81	33.50	31.77	29.29	26.38	23.10	20.32	18.32	16.63	15.38	14.37	13.65	13.37	13.15	13.64	14.25	15.37	16.53	17.65	18.67	19.64	20.21	20.66	20.97	21.06	20.41	20.65	20.92	21.10	21.10	20.99	21.01	21.00	20.86	20.80	20.75	20.72	20.62	20.60	20.59	20.47	20.46	20.43	20.45	20.48	20.44	20.39	20.33	20.29	20.28	19.67	




Read count (%) per base for different quality score ranges

	RMB_12834_Cyrtodactylus_philippinicus_Luzon_R1.trimmed.fq
Ranges	0-10	11-20	21-30	31-40
Base
1	0.00	2.33	1.65	96.02
2	0.00	1.71	1.07	97.22
3	0.00	1.58	0.91	97.50
4	0.00	1.72	1.56	96.72
5	0.00	1.55	0.98	97.46
6	0.00	1.56	0.94	97.51
7	0.00	1.86	1.58	96.57
8	0.00	2.10	1.34	96.56
9	0.00	2.28	2.12	95.59
10	0.00	2.47	2.18	95.35
11	0.00	2.35	1.84	95.81
12	0.00	1.97	1.73	96.30
13	0.00	1.95	2.38	95.67
14	0.00	2.07	2.19	95.74
15	0.00	1.94	2.03	96.02
16	0.00	1.95	2.69	95.36
17	0.00	1.76	2.10	96.14
18	0.00	2.22	3.27	94.50
19	0.00	2.48	3.13	94.39
20	0.00	2.71	3.28	94.01
21	0.00	2.24	2.48	95.28
22	0.00	2.29	3.00	94.72
23	0.00	2.10	3.00	94.90
24	0.00	2.08	2.78	95.14
25	0.00	1.99	2.29	95.73
26	0.00	1.87	2.92	95.21
27	0.00	1.82	2.69	95.49
28	0.00	1.62	2.10	96.28
29	0.00	1.67	2.97	95.37
30	0.00	1.95	3.80	94.25
31	0.00	1.71	3.40	94.89
32	0.00	1.80	3.48	94.71
33	0.00	1.89	3.76	94.35
34	0.00	1.56	3.14	95.30
35	0.00	1.15	2.36	96.49
36	0.00	1.07	3.25	95.68
37	0.00	0.87	2.56	96.57
38	0.00	0.82	2.25	96.93
39	0.00	0.81	1.84	97.36
40	0.00	0.90	2.97	96.13
41	0.00	1.03	3.12	95.85
42	0.00	1.14	3.39	95.47
43	0.00	1.16	3.34	95.50
44	0.00	1.49	4.14	94.37
45	0.00	1.51	4.50	93.99
46	0.00	2.40	7.79	89.81
47	0.00	5.04	12.91	82.04
48	0.00	10.32	18.76	70.92
49	0.00	18.77	23.23	58.01
50	0.00	33.39	22.24	44.36
51	0.00	47.00	18.03	34.97
52	0.00	54.86	15.99	29.15
53	0.00	60.86	14.67	24.47
54	0.00	64.68	13.52	21.81
55	0.00	66.38	14.41	19.22
56	0.00	66.84	15.38	17.78
57	0.00	64.79	17.66	17.56
58	0.00	62.92	19.23	17.86
59	0.00	54.50	24.67	20.83
60	0.00	46.66	27.75	25.59
61	0.00	35.64	30.65	33.71
62	0.00	26.18	30.27	43.55
63	0.00	18.14	28.13	53.73
64	0.00	12.54	23.64	63.82
65	0.00	7.94	18.50	73.56
66	0.00	5.59	15.04	79.37
67	0.00	3.74	11.98	84.28
68	0.00	2.59	9.88	87.54
69	0.00	2.30	8.70	88.99
70	0.00	1.47	12.07	86.46
71	0.00	1.68	8.70	89.61
72	0.00	1.53	7.08	91.39
73	0.00	1.48	5.78	92.75
74	0.00	1.41	5.81	92.79
75	0.00	1.38	6.46	92.16
76	0.00	1.07	5.83	93.10
77	0.00	0.91	5.44	93.64
78	0.00	0.96	5.84	93.19
79	0.00	0.96	5.97	93.07
80	0.00	0.86	6.06	93.08
81	0.00	0.74	5.77	93.48
82	0.00	0.81	6.01	93.18
83	0.00	0.95	5.74	93.31
84	0.00	0.81	5.66	93.53
85	0.00	0.83	6.21	92.96
86	0.00	0.79	5.90	93.31
87	0.00	0.78	5.90	93.32
88	0.00	0.65	5.51	93.84
89	0.00	0.51	4.92	94.57
90	0.00	0.51	5.05	94.44
91	0.00	0.53	5.32	94.15
92	0.00	0.58	5.62	93.79
93	0.00	0.62	5.71	93.68
94	0.00	0.54	5.51	93.95
95	0.00	1.32	9.66	89.02




