Parameters
	Library type	Single-end
	Input file	/Volumes/wdhd/users/joaks1/projects/gekgo/data/genomes/msg/plate1/demultiplexed-trimmed/RMB_5757_Cyrtodactylus_philippinicus_CamiguinNorte_R1.trimmed.fq
	Primer/Adaptor library	NA
	Cut-off read length for HQ	70%
	Cut-off quality score	20
	Only statistics	On
	Number of processes	2


QC statistics
	File name	RMB_5757_Cyrtodactylus_philippinicus_CamiguinNorte_R1.trimmed.fq
	Total number of reads	506526
	Total number of HQ reads	503192
	Percentage of HQ reads	99.34%
	Total number of bases	37518825
	Total number of bases in HQ reads	37370416
	Total number of HQ bases in HQ reads	34293203
	Percentage of HQ bases in HQ reads	91.77%
	Number of Primer/Adaptor contaminated HQ reads	NA
	Total number of HQ filtered reads	503192
	Percentage of HQ filtered reads	99.34%


Detailed QC statistics
	File name	RMB_5757_Cyrtodactylus_philippinicus_CamiguinNorte_R1.trimmed.fq
	Minimum read length	9
	Maximum read length	95
	Average read length	74.07
	Total number of reads	506526
	Total number of reads with non-ATGC bases	0
	Percentage of reads with non-ATGC bases	0.00%
	Total number of bases	37518825
	Total number of HQ bases	34382697
	Percentage of HQ bases	91.64%
	Total number of non-ATGC bases	0
	Percentage of non-ATGC bases	0.00%


Average quality score at each base position of input reads

RMB_5757_Cyrtodactylus_philippinicus_CamiguinNorte_R1.trimmed.fq
35.87	35.76	36.21	35.71	36.27	36.32	36.12	38.36	37.69	37.34	37.49	37.79	37.41	37.29	37.40	36.96	37.26	36.76	36.69	36.56	37.02	36.45	36.48	36.57	36.88	36.69	36.70	37.06	36.22	35.88	36.05	36.10	35.79	35.91	36.23	35.75	35.94	36.11	36.22	35.36	35.09	34.85	34.64	34.17	33.71	32.26	30.38	27.84	24.87	21.77	19.12	17.16	15.55	14.26	13.25	12.55	12.20	11.99	12.35	12.85	13.82	14.83	15.83	16.72	17.52	17.94	18.29	18.53	18.60	18.01	18.23	18.45	18.61	18.60	18.51	18.54	18.55	18.45	18.40	18.34	18.33	18.27	18.27	18.27	18.17	18.16	18.15	18.18	18.21	18.19	18.13	18.08	18.05	18.03	17.42	




Read count (%) per base for different quality score ranges

	RMB_5757_Cyrtodactylus_philippinicus_CamiguinNorte_R1.trimmed.fq
Ranges	0-10	11-20	21-30	31-40
Base
1	0.00	3.28	2.18	94.54
2	0.00	2.42	1.53	96.05
3	0.00	2.28	1.37	96.35
4	0.00	2.36	2.11	95.53
5	0.00	2.08	1.49	96.43
6	0.00	2.01	1.44	96.56
7	0.00	2.31	2.08	95.61
8	0.00	2.43	1.86	95.71
9	0.00	2.67	2.62	94.71
10	0.00	2.83	2.77	94.40
11	0.00	2.65	2.34	95.01
12	0.00	2.19	2.24	95.57
13	0.00	2.28	2.99	94.73
14	0.00	2.29	2.78	94.93
15	0.00	2.17	2.53	95.29
16	0.00	2.23	3.33	94.44
17	0.00	1.97	2.64	95.40
18	0.00	2.46	3.93	93.61
19	0.00	2.68	3.72	93.59
20	0.00	2.90	3.84	93.25
21	0.00	2.35	2.93	94.72
22	0.00	2.33	3.49	94.18
23	0.00	2.35	3.57	94.09
24	0.00	2.20	3.36	94.44
25	0.00	2.10	2.77	95.13
26	0.00	2.00	3.50	94.49
27	0.00	1.91	3.31	94.78
28	0.00	1.84	2.49	95.67
29	0.00	1.79	3.59	94.62
30	0.00	2.18	4.43	93.39
31	0.00	1.96	3.97	94.08
32	0.00	2.01	3.91	94.07
33	0.00	2.16	4.43	93.41
34	0.00	1.79	3.76	94.45
35	0.00	1.44	2.77	95.79
36	0.00	1.39	3.92	94.69
37	0.00	1.06	3.21	95.73
38	0.00	0.98	2.80	96.22
39	0.00	0.97	2.34	96.69
40	0.00	1.07	3.74	95.20
41	0.00	1.17	4.12	94.71
42	0.00	1.38	4.37	94.25
43	0.00	1.34	4.54	94.12
44	0.00	1.69	5.41	92.90
45	0.00	1.73	6.03	92.24
46	0.00	2.66	10.38	86.97
47	0.00	5.65	16.32	78.03
48	0.00	11.05	22.85	66.10
49	0.00	19.84	27.43	52.73
50	0.00	34.16	25.60	40.24
51	0.00	47.41	20.95	31.64
52	0.00	54.78	18.79	26.43
53	0.00	59.96	17.37	22.67
54	0.00	64.12	15.30	20.58
55	0.00	65.85	16.06	18.09
56	0.00	65.91	17.28	16.81
57	0.00	64.22	19.16	16.61
58	0.00	61.75	21.14	17.11
59	0.00	54.12	26.24	19.64
60	0.00	46.47	29.17	24.36
61	0.00	35.63	32.15	32.21
62	0.00	25.92	31.87	42.20
63	0.00	17.90	29.26	52.85
64	0.00	12.13	24.69	63.18
65	0.00	7.86	19.42	72.72
66	0.00	5.68	15.98	78.34
67	0.00	3.83	12.94	83.23
68	0.00	2.69	10.78	86.53
69	0.00	2.27	9.67	88.06
70	0.00	1.47	13.73	84.81
71	0.00	1.67	9.71	88.62
72	0.00	1.51	8.11	90.38
73	0.00	1.42	6.58	92.00
74	0.00	1.39	6.55	92.06
75	0.00	1.34	7.31	91.34
76	0.00	1.09	6.64	92.28
77	0.00	0.88	6.20	92.92
78	0.00	0.95	6.69	92.36
79	0.00	0.98	6.87	92.15
80	0.00	0.99	6.98	92.03
81	0.00	0.82	6.68	92.50
82	0.00	0.89	6.87	92.25
83	0.00	0.93	6.55	92.51
84	0.00	0.87	6.41	92.73
85	0.00	0.92	6.79	92.29
86	0.00	0.94	6.57	92.50
87	0.00	0.88	6.46	92.66
88	0.00	0.68	6.07	93.25
89	0.00	0.55	5.46	93.99
90	0.00	0.55	5.40	94.06
91	0.00	0.59	5.60	93.81
92	0.00	0.65	5.88	93.47
93	0.00	0.64	5.93	93.43
94	0.00	0.63	5.71	93.65
95	0.00	1.66	10.25	88.09




