Parameters
	Library type	Single-end
	Input file	/Volumes/wdhd/users/joaks1/projects/gekgo/data/genomes/msg/plate1/demultiplexed-trimmed/RMB_5811_Cyrtodactylus_philippinicus_CamiguinNorte_R1.trimmed.fq
	Primer/Adaptor library	NA
	Cut-off read length for HQ	70%
	Cut-off quality score	20
	Only statistics	On
	Number of processes	2


QC statistics
	File name	RMB_5811_Cyrtodactylus_philippinicus_CamiguinNorte_R1.trimmed.fq
	Total number of reads	788803
	Total number of HQ reads	784085
	Percentage of HQ reads	99.40%
	Total number of bases	61401968
	Total number of bases in HQ reads	61176763
	Total number of HQ bases in HQ reads	56018055
	Percentage of HQ bases in HQ reads	91.57%
	Number of Primer/Adaptor contaminated HQ reads	NA
	Total number of HQ filtered reads	784085
	Percentage of HQ filtered reads	99.40%


Detailed QC statistics
	File name	RMB_5811_Cyrtodactylus_philippinicus_CamiguinNorte_R1.trimmed.fq
	Minimum read length	9
	Maximum read length	95
	Average read length	77.84
	Total number of reads	788803
	Total number of reads with non-ATGC bases	0
	Percentage of reads with non-ATGC bases	0.00%
	Total number of bases	61401968
	Total number of HQ bases	56153817
	Percentage of HQ bases	91.45%
	Total number of non-ATGC bases	0
	Percentage of non-ATGC bases	0.00%


Average quality score at each base position of input reads

RMB_5811_Cyrtodactylus_philippinicus_CamiguinNorte_R1.trimmed.fq
36.02	36.02	36.41	35.89	36.43	36.47	36.28	38.59	37.93	37.55	37.70	37.98	37.85	37.84	37.87	37.48	37.67	37.08	37.00	36.81	37.23	36.70	36.74	36.83	37.14	36.98	37.02	37.38	36.59	36.27	36.47	36.52	36.26	36.39	36.72	36.30	36.49	36.67	36.82	36.06	35.84	35.65	35.49	35.07	34.67	33.35	31.61	29.16	26.25	23.08	20.36	18.43	16.89	15.66	14.68	14.01	13.72	13.52	13.98	14.61	15.74	16.96	18.14	19.20	20.21	20.78	21.26	21.59	21.73	21.06	21.33	21.59	21.77	21.77	21.65	21.67	21.67	21.53	21.46	21.41	21.40	21.30	21.28	21.27	21.15	21.14	21.13	21.15	21.19	21.16	21.10	21.05	21.01	20.98	20.34	




Read count (%) per base for different quality score ranges

	RMB_5811_Cyrtodactylus_philippinicus_CamiguinNorte_R1.trimmed.fq
Ranges	0-10	11-20	21-30	31-40
Base
1	0.00	2.46	1.74	95.79
2	0.00	1.78	1.10	97.12
3	0.00	1.66	1.01	97.32
4	0.00	1.82	1.68	96.51
5	0.00	1.63	1.11	97.26
6	0.00	1.59	1.04	97.36
7	0.00	1.92	1.62	96.46
8	0.00	2.09	1.46	96.44
9	0.00	2.33	2.19	95.49
10	0.00	2.59	2.30	95.10
11	0.00	2.40	1.98	95.62
12	0.00	2.03	1.85	96.12
13	0.00	2.03	2.49	95.48
14	0.00	2.14	2.36	95.50
15	0.00	2.05	2.19	95.76
16	0.00	2.09	2.84	95.07
17	0.00	1.90	2.25	95.85
18	0.00	2.31	3.44	94.25
19	0.00	2.59	3.25	94.17
20	0.00	2.83	3.45	93.72
21	0.00	2.36	2.58	95.06
22	0.00	2.37	3.11	94.52
23	0.00	2.28	3.13	94.59
24	0.00	2.21	2.91	94.88
25	0.00	2.06	2.42	95.52
26	0.00	1.95	3.02	95.03
27	0.00	1.86	2.84	95.31
28	0.00	1.71	2.22	96.07
29	0.00	1.73	3.08	95.19
30	0.00	2.01	3.89	94.10
31	0.00	1.76	3.42	94.82
32	0.00	1.78	3.51	94.71
33	0.00	1.91	3.80	94.29
34	0.00	1.53	3.23	95.24
35	0.00	1.20	2.35	96.44
36	0.00	1.12	3.28	95.60
37	0.00	0.89	2.66	96.46
38	0.00	0.85	2.29	96.86
39	0.00	0.85	1.92	97.23
40	0.00	0.89	2.95	96.17
41	0.00	1.04	3.22	95.73
42	0.00	1.21	3.46	95.34
43	0.00	1.20	3.46	95.34
44	0.00	1.51	4.18	94.30
45	0.00	1.53	4.57	93.90
46	0.00	2.39	7.85	89.76
47	0.00	5.12	13.11	81.77
48	0.00	10.40	19.05	70.55
49	0.00	19.06	23.53	57.41
50	0.00	33.42	22.42	44.17
51	0.00	47.09	18.11	34.80
52	0.00	54.99	16.02	29.00
53	0.00	60.37	14.87	24.75
54	0.00	64.47	13.43	22.10
55	0.00	66.26	14.19	19.54
56	0.00	66.54	15.50	17.96
57	0.00	64.94	17.47	17.58
58	0.00	62.95	19.29	17.76
59	0.00	55.09	24.42	20.49
60	0.00	47.43	27.43	25.14
61	0.00	36.64	30.46	32.90
62	0.00	26.73	30.56	42.70
63	0.00	18.77	28.07	53.16
64	0.00	12.88	23.95	63.17
65	0.00	8.36	18.76	72.88
66	0.00	6.04	15.25	78.71
67	0.00	4.04	12.35	83.62
68	0.00	2.91	10.12	86.98
69	0.00	2.39	8.94	88.68
70	0.00	1.57	12.30	86.14
71	0.00	1.77	8.69	89.55
72	0.00	1.65	7.29	91.06
73	0.00	1.54	6.06	92.40
74	0.00	1.43	5.99	92.58
75	0.00	1.40	6.57	92.03
76	0.00	1.11	6.06	92.83
77	0.00	0.90	5.52	93.58
78	0.00	0.96	6.05	93.00
79	0.00	0.99	6.13	92.88
80	0.00	0.93	6.13	92.94
81	0.00	0.76	5.90	93.33
82	0.00	0.87	6.13	93.00
83	0.00	0.95	5.77	93.28
84	0.00	0.84	5.75	93.42
85	0.00	0.89	6.23	92.88
86	0.00	0.85	5.95	93.20
87	0.00	0.79	5.90	93.31
88	0.00	0.60	5.60	93.80
89	0.00	0.47	4.95	94.58
90	0.00	0.46	4.94	94.60
91	0.00	0.50	5.17	94.33
92	0.00	0.54	5.42	94.04
93	0.00	0.57	5.44	93.99
94	0.00	0.50	5.43	94.07
95	0.00	1.33	9.66	89.01




