Parameters
	Library type	Single-end
	Input file	/Volumes/wdhd/users/joaks1/projects/gekgo/data/genomes/msg/plate1/demultiplexed-trimmed/RMB_15211_Cyrtodactylus_philippinicus_Luzon_R1.trimmed.fq
	Primer/Adaptor library	NA
	Cut-off read length for HQ	70%
	Cut-off quality score	20
	Only statistics	On
	Number of processes	2


QC statistics
	File name	RMB_15211_Cyrtodactylus_philippinicus_Luzon_R1.trimmed.fq
	Total number of reads	3350
	Total number of HQ reads	3336
	Percentage of HQ reads	99.58%
	Total number of bases	238319
	Total number of bases in HQ reads	237666
	Total number of HQ bases in HQ reads	218946
	Percentage of HQ bases in HQ reads	92.12%
	Number of Primer/Adaptor contaminated HQ reads	NA
	Total number of HQ filtered reads	3336
	Percentage of HQ filtered reads	99.58%


Detailed QC statistics
	File name	RMB_15211_Cyrtodactylus_philippinicus_Luzon_R1.trimmed.fq
	Minimum read length	14
	Maximum read length	95
	Average read length	71.14
	Total number of reads	3350
	Total number of reads with non-ATGC bases	0
	Percentage of reads with non-ATGC bases	0.00%
	Total number of bases	238319
	Total number of HQ bases	219334
	Percentage of HQ bases	92.03%
	Total number of non-ATGC bases	0
	Percentage of non-ATGC bases	0.00%


Average quality score at each base position of input reads

RMB_15211_Cyrtodactylus_philippinicus_Luzon_R1.trimmed.fq
35.67	35.64	36.08	35.61	36.18	36.26	36.01	38.20	37.55	37.20	37.44	37.74	37.14	37.12	37.30	36.85	37.09	36.67	36.63	36.53	36.88	36.30	36.35	36.35	36.68	36.43	36.43	36.75	35.97	35.63	35.73	35.70	35.35	35.46	35.70	35.13	35.19	35.35	35.39	34.49	34.20	33.87	33.61	33.22	32.65	31.03	29.10	26.59	23.70	20.48	17.90	16.10	14.36	13.06	12.11	11.47	11.08	10.80	11.12	11.50	12.40	13.15	14.13	14.93	15.49	15.95	16.22	16.37	16.29	15.83	16.00	16.26	16.47	16.45	16.36	16.43	16.44	16.24	16.26	16.15	16.16	16.16	16.15	16.13	15.99	16.02	16.01	16.00	16.01	16.03	16.01	15.93	15.82	15.93	15.30	




Read count (%) per base for different quality score ranges

	RMB_15211_Cyrtodactylus_philippinicus_Luzon_R1.trimmed.fq
Ranges	0-10	11-20	21-30	31-40
Base
1	0.00	3.73	3.04	93.22
2	0.00	2.87	2.00	95.13
3	0.00	2.57	1.85	95.58
4	0.00	2.72	2.12	95.16
5	0.00	2.30	1.91	95.79
6	0.00	2.06	1.67	96.27
7	0.00	2.75	2.24	95.01
8	0.00	2.30	2.75	94.96
9	0.00	2.48	2.90	94.63
10	0.00	2.99	3.19	93.82
11	0.00	2.09	3.25	94.66
12	0.00	1.94	2.39	95.67
13	0.00	2.18	3.10	94.72
14	0.00	2.00	3.61	94.39
15	0.00	1.85	3.25	94.89
16	0.00	2.09	3.46	94.45
17	0.00	1.82	3.02	95.16
18	0.00	1.88	4.69	93.43
19	0.00	2.00	4.00	94.00
20	0.00	2.33	4.54	93.13
21	0.00	2.33	3.20	94.47
22	0.00	1.89	4.04	94.07
23	0.00	1.95	4.08	93.97
24	0.00	2.07	3.90	94.03
25	0.00	2.01	2.97	95.01
26	0.00	1.75	3.88	94.37
27	0.00	1.99	3.91	94.10
28	0.00	1.78	2.74	95.48
29	0.00	1.81	3.92	94.27
30	0.00	1.88	5.02	93.10
31	0.00	1.97	4.10	93.93
32	0.00	2.19	3.96	93.85
33	0.00	2.48	4.28	93.24
34	0.00	1.91	3.69	94.40
35	0.00	1.63	3.21	95.16
36	0.00	1.76	4.89	93.35
37	0.00	1.77	3.57	94.65
38	0.00	1.47	3.90	94.64
39	0.00	1.44	3.22	95.34
40	0.00	1.51	4.89	93.60
41	0.00	1.52	5.19	93.28
42	0.00	1.47	6.00	92.53
43	0.00	1.35	6.62	92.03
44	0.00	1.62	7.08	91.30
45	0.00	1.59	8.65	89.75
46	0.00	2.80	14.70	82.50
47	0.00	5.87	22.57	71.56
48	0.00	9.38	30.80	59.82
49	0.00	19.43	32.71	47.86
50	0.00	34.07	30.11	35.82
51	0.00	46.65	26.90	26.44
52	0.00	53.82	21.89	24.30
53	0.00	59.17	19.84	20.99
54	0.00	63.49	16.92	19.60
55	0.00	65.51	17.20	17.29
56	0.00	64.33	19.19	16.47
57	0.00	64.03	19.90	16.06
58	0.00	61.48	22.52	16.00
59	0.00	53.76	25.39	20.85
60	0.00	45.84	29.54	24.62
61	0.00	33.14	34.85	32.01
62	0.00	25.45	33.79	40.76
63	0.00	17.07	30.35	52.58
64	0.00	10.72	26.47	62.81
65	0.00	7.14	21.55	71.31
66	0.00	4.91	16.52	78.56
67	0.00	2.84	13.34	83.82
68	0.00	2.30	11.86	85.85
69	0.00	1.81	12.55	85.64
70	0.00	1.06	16.08	82.85
71	0.00	1.32	11.85	86.83
72	0.00	1.01	8.81	90.18
73	0.00	1.13	6.24	92.63
74	0.00	1.08	6.34	92.58
75	0.00	1.02	7.63	91.35
76	0.00	0.89	6.37	92.74
77	0.00	0.64	6.44	92.93
78	0.00	0.83	7.44	91.73
79	0.00	0.77	7.00	92.23
80	0.00	1.09	7.66	91.24
81	0.00	0.77	7.61	91.62
82	0.00	0.65	7.35	92.00
83	0.00	0.91	5.95	93.14
84	0.00	0.91	5.90	93.20
85	0.00	1.23	6.36	92.41
86	0.00	1.23	6.23	92.53
87	0.00	1.11	5.99	92.91
88	0.00	1.04	6.19	92.76
89	0.00	0.72	5.74	93.54
90	0.00	0.59	4.91	94.51
91	0.00	0.72	4.65	94.63
92	0.00	0.72	5.84	93.44
93	0.00	1.31	6.11	92.57
94	0.00	0.46	5.34	94.20
95	0.00	1.52	10.26	88.21




