Parameters
	Library type	Single-end
	Input file	/Volumes/wdhd/users/joaks1/projects/gekgo/data/genomes/msg/plate1/demultiplexed-trimmed/RMB_8937_Cyrtodactylus_gubaot_Leyte_R1.trimmed.fq
	Primer/Adaptor library	NA
	Cut-off read length for HQ	70%
	Cut-off quality score	20
	Only statistics	On
	Number of processes	2


QC statistics
	File name	RMB_8937_Cyrtodactylus_gubaot_Leyte_R1.trimmed.fq
	Total number of reads	568616
	Total number of HQ reads	564911
	Percentage of HQ reads	99.35%
	Total number of bases	43794824
	Total number of bases in HQ reads	43616572
	Total number of HQ bases in HQ reads	39950687
	Percentage of HQ bases in HQ reads	91.60%
	Number of Primer/Adaptor contaminated HQ reads	NA
	Total number of HQ filtered reads	564911
	Percentage of HQ filtered reads	99.35%


Detailed QC statistics
	File name	RMB_8937_Cyrtodactylus_gubaot_Leyte_R1.trimmed.fq
	Minimum read length	8
	Maximum read length	95
	Average read length	77.02
	Total number of reads	568616
	Total number of reads with non-ATGC bases	0
	Percentage of reads with non-ATGC bases	0.00%
	Total number of bases	43794824
	Total number of HQ bases	40057474
	Percentage of HQ bases	91.47%
	Total number of non-ATGC bases	0
	Percentage of non-ATGC bases	0.00%


Average quality score at each base position of input reads

RMB_8937_Cyrtodactylus_gubaot_Leyte_R1.trimmed.fq
35.76	35.80	36.39	35.80	36.42	36.46	36.25	38.55	37.89	37.53	37.65	37.95	37.78	37.79	37.83	37.44	37.65	37.07	36.97	36.80	37.24	36.69	36.75	36.80	37.11	36.94	36.96	37.34	36.53	36.22	36.40	36.46	36.21	36.34	36.65	36.23	36.41	36.58	36.72	35.94	35.73	35.52	35.37	34.96	34.54	33.20	31.45	28.99	26.09	22.84	20.13	18.25	16.65	15.36	14.36	13.69	13.36	13.18	13.63	14.21	15.32	16.48	17.61	18.64	19.62	20.17	20.62	20.91	21.04	20.39	20.65	20.91	21.10	21.10	20.99	21.00	21.00	20.86	20.79	20.74	20.72	20.62	20.61	20.61	20.49	20.48	20.46	20.47	20.51	20.48	20.42	20.37	20.32	20.30	19.69	




Read count (%) per base for different quality score ranges

	RMB_8937_Cyrtodactylus_gubaot_Leyte_R1.trimmed.fq
Ranges	0-10	11-20	21-30	31-40
Base
1	0.00	2.60	1.90	95.50
2	0.00	1.83	1.13	97.03
3	0.00	1.69	1.05	97.26
4	0.00	1.86	1.70	96.44
5	0.00	1.68	1.13	97.19
6	0.00	1.65	1.06	97.29
7	0.00	1.99	1.71	96.30
8	0.00	2.17	1.50	96.33
9	0.00	2.45	2.22	95.33
10	0.00	2.62	2.35	95.03
11	0.00	2.48	2.06	95.46
12	0.00	2.03	1.91	96.06
13	0.00	2.10	2.57	95.33
14	0.00	2.16	2.42	95.42
15	0.00	2.08	2.22	95.70
16	0.00	2.10	2.89	95.01
17	0.00	1.87	2.26	95.86
18	0.00	2.29	3.43	94.28
19	0.00	2.56	3.30	94.14
20	0.00	2.83	3.46	93.71
21	0.00	2.31	2.62	95.08
22	0.00	2.37	3.11	94.53
23	0.00	2.24	3.10	94.66
24	0.00	2.22	2.94	94.83
25	0.00	2.08	2.44	95.48
26	0.00	1.98	3.07	94.95
27	0.00	1.92	2.89	95.19
28	0.00	1.71	2.25	96.04
29	0.00	1.75	3.11	95.14
30	0.00	2.07	3.96	93.97
31	0.00	1.82	3.54	94.64
32	0.00	1.83	3.58	94.59
33	0.00	1.95	3.85	94.21
34	0.00	1.57	3.26	95.17
35	0.00	1.26	2.37	96.38
36	0.00	1.15	3.31	95.55
37	0.00	0.94	2.65	96.41
38	0.00	0.90	2.33	96.76
39	0.00	0.86	1.97	97.16
40	0.00	0.91	3.08	96.01
41	0.00	1.06	3.38	95.57
42	0.00	1.26	3.58	95.17
43	0.00	1.22	3.62	95.16
44	0.00	1.53	4.24	94.24
45	0.00	1.54	4.69	93.78
46	0.00	2.44	8.09	89.48
47	0.00	5.18	13.35	81.46
48	0.00	10.46	19.24	70.29
49	0.00	19.08	23.51	57.41
50	0.00	34.00	22.23	43.77
51	0.00	47.26	18.31	34.42
52	0.00	54.82	16.08	29.10
53	0.00	60.47	14.72	24.80
54	0.00	64.54	13.68	21.79
55	0.00	66.45	14.30	19.25
56	0.00	66.92	15.12	17.96
57	0.00	65.27	17.30	17.43
58	0.00	63.02	19.15	17.82
59	0.00	54.89	24.75	20.36
60	0.00	47.40	27.60	25.00
61	0.00	36.50	30.59	32.91
62	0.00	26.81	30.54	42.65
63	0.00	18.80	28.17	53.03
64	0.00	12.75	24.16	63.09
65	0.00	8.24	18.81	72.95
66	0.00	5.96	15.26	78.78
67	0.00	4.01	12.39	83.60
68	0.00	2.97	10.33	86.71
69	0.00	2.36	9.20	88.43
70	0.00	1.61	12.49	85.90
71	0.00	1.82	8.85	89.33
72	0.00	1.66	7.35	90.99
73	0.00	1.52	6.13	92.35
74	0.00	1.43	5.98	92.59
75	0.00	1.40	6.65	91.95
76	0.00	1.13	6.15	92.72
77	0.00	0.96	5.58	93.46
78	0.00	0.98	6.16	92.85
79	0.00	1.02	6.23	92.75
80	0.00	0.92	6.22	92.86
81	0.00	0.80	5.95	93.25
82	0.00	0.91	6.27	92.81
83	0.00	0.94	6.01	93.05
84	0.00	0.84	5.77	93.39
85	0.00	0.92	6.27	92.81
86	0.00	0.89	6.04	93.07
87	0.00	0.85	6.01	93.15
88	0.00	0.67	5.75	93.59
89	0.00	0.52	5.03	94.45
90	0.00	0.50	5.11	94.39
91	0.00	0.54	5.36	94.10
92	0.00	0.56	5.66	93.78
93	0.00	0.59	5.73	93.68
94	0.00	0.57	5.63	93.80
95	0.00	1.36	9.88	88.76




