Parameters
	Library type	Single-end
	Input file	/Volumes/wdhd/users/joaks1/projects/gekgo/data/genomes/msg/plate1/demultiplexed-trimmed/RMB_11229_Cyrtodactylus_annulatus_Mindanao_R1.trimmed.fq
	Primer/Adaptor library	NA
	Cut-off read length for HQ	70%
	Cut-off quality score	20
	Only statistics	On
	Number of processes	2


QC statistics
	File name	RMB_11229_Cyrtodactylus_annulatus_Mindanao_R1.trimmed.fq
	Total number of reads	24335
	Total number of HQ reads	24171
	Percentage of HQ reads	99.33%
	Total number of bases	1824249
	Total number of bases in HQ reads	1817021
	Total number of HQ bases in HQ reads	1664022
	Percentage of HQ bases in HQ reads	91.58%
	Number of Primer/Adaptor contaminated HQ reads	NA
	Total number of HQ filtered reads	24171
	Percentage of HQ filtered reads	99.33%


Detailed QC statistics
	File name	RMB_11229_Cyrtodactylus_annulatus_Mindanao_R1.trimmed.fq
	Minimum read length	10
	Maximum read length	95
	Average read length	74.96
	Total number of reads	24335
	Total number of reads with non-ATGC bases	0
	Percentage of reads with non-ATGC bases	0.00%
	Total number of bases	1824249
	Total number of HQ bases	1668390
	Percentage of HQ bases	91.46%
	Total number of non-ATGC bases	0
	Percentage of non-ATGC bases	0.00%


Average quality score at each base position of input reads

RMB_11229_Cyrtodactylus_annulatus_Mindanao_R1.trimmed.fq
35.63	35.56	36.14	35.60	36.21	36.28	36.09	38.31	37.61	37.27	37.41	37.70	37.50	37.47	37.50	37.04	37.19	36.73	36.71	36.53	36.96	36.43	36.50	36.52	36.82	36.62	36.63	36.96	36.07	35.73	35.80	35.83	35.41	35.60	35.92	35.45	35.62	35.74	35.87	35.04	34.79	34.47	34.29	33.84	33.36	31.96	30.13	27.72	24.78	21.59	19.06	17.16	15.72	14.52	13.59	12.91	12.51	12.46	12.81	13.31	14.38	15.53	16.56	17.57	18.41	18.89	19.30	19.59	19.66	19.00	19.26	19.47	19.62	19.61	19.56	19.56	19.57	19.49	19.42	19.39	19.38	19.31	19.28	19.27	19.19	19.18	19.20	19.20	19.21	19.19	19.14	19.09	19.06	19.01	18.38	




Read count (%) per base for different quality score ranges

	RMB_11229_Cyrtodactylus_annulatus_Mindanao_R1.trimmed.fq
Ranges	0-10	11-20	21-30	31-40
Base
1	0.00	3.70	2.58	93.72
2	0.00	2.44	1.78	95.78
3	0.00	2.38	1.62	96.00
4	0.00	2.63	2.38	94.99
5	0.00	2.19	1.64	96.17
6	0.00	2.01	1.61	96.38
7	0.00	2.40	1.99	95.61
8	0.00	2.46	1.98	95.57
9	0.00	2.81	2.76	94.42
10	0.00	2.97	2.97	94.06
11	0.00	2.79	2.62	94.59
12	0.00	2.43	2.39	95.18
13	0.00	2.38	3.02	94.59
14	0.00	2.49	2.76	94.74
15	0.00	2.33	2.65	95.02
16	0.00	2.30	3.39	94.30
17	0.00	2.21	2.93	94.87
18	0.00	2.63	3.99	93.38
19	0.00	2.73	3.97	93.30
20	0.00	3.06	4.11	92.83
21	0.00	2.61	3.16	94.22
22	0.00	2.55	3.48	93.97
23	0.00	2.49	3.51	94.00
24	0.00	2.39	3.31	94.30
25	0.00	2.16	2.92	94.92
26	0.00	2.03	3.67	94.30
27	0.00	1.99	3.46	94.55
28	0.00	1.83	2.86	95.31
29	0.00	1.79	3.87	94.34
30	0.00	2.14	4.56	93.30
31	0.00	1.98	4.38	93.65
32	0.00	2.16	4.10	93.74
33	0.00	2.60	4.96	92.44
34	0.00	1.84	4.13	94.03
35	0.00	1.55	2.97	95.49
36	0.00	1.30	3.95	94.75
37	0.00	1.03	3.23	95.74
38	0.00	1.02	2.82	96.16
39	0.00	0.88	2.53	96.59
40	0.00	1.06	3.81	95.13
41	0.00	1.22	3.88	94.91
42	0.00	1.22	4.41	94.37
43	0.00	1.16	4.24	94.59
44	0.00	1.72	4.79	93.49
45	0.00	1.80	5.93	92.28
46	0.00	2.65	9.89	87.46
47	0.00	5.66	15.58	78.77
48	0.00	10.83	21.51	67.66
49	0.00	20.04	26.49	53.47
50	0.00	35.62	23.83	40.55
51	0.00	48.11	20.01	31.88
52	0.00	55.70	17.13	27.18
53	0.00	60.35	16.37	23.28
54	0.00	64.43	14.49	21.07
55	0.00	65.78	15.60	18.62
56	0.00	66.56	16.19	17.25
57	0.00	65.61	17.77	16.62
58	0.00	62.02	20.63	17.35
59	0.00	55.00	24.87	20.13
60	0.00	47.41	28.22	24.38
61	0.00	36.31	31.39	32.30
62	0.00	25.68	32.13	42.18
63	0.00	18.51	28.49	53.00
64	0.00	12.18	24.09	63.73
65	0.00	7.99	18.67	73.34
66	0.00	5.79	15.11	79.10
67	0.00	3.67	12.80	83.53
68	0.00	2.67	10.09	87.25
69	0.00	2.06	9.14	88.80
70	0.00	1.45	13.43	85.12
71	0.00	1.67	8.93	89.40
72	0.00	1.67	7.91	90.43
73	0.00	1.63	6.21	92.16
74	0.00	1.60	6.50	91.90
75	0.00	1.29	6.87	91.83
76	0.00	0.99	6.68	92.33
77	0.00	1.01	5.93	93.06
78	0.00	0.82	6.10	93.07
79	0.00	0.90	6.46	92.64
80	0.00	0.87	6.28	92.85
81	0.00	0.68	6.32	93.00
82	0.00	0.80	6.54	92.66
83	0.00	1.05	5.86	93.09
84	0.00	0.91	6.15	92.95
85	0.00	0.89	6.50	92.61
86	0.00	0.89	6.46	92.65
87	0.00	0.80	6.28	92.92
88	0.00	0.61	5.90	93.49
89	0.00	0.50	5.39	94.11
90	0.00	0.53	5.39	94.08
91	0.00	0.51	5.62	93.88
92	0.00	0.50	5.95	93.55
93	0.00	0.61	5.72	93.67
94	0.00	0.55	5.75	93.70
95	0.00	1.49	10.22	88.29




