Parameters
	Library type	Single-end
	Input file	/Volumes/wdhd/users/joaks1/projects/gekgo/data/genomes/msg/plate1/demultiplexed-trimmed/RMB_11309_Cyrtodactylus_annulatus_Mindanao_R1.trimmed.fq
	Primer/Adaptor library	NA
	Cut-off read length for HQ	70%
	Cut-off quality score	20
	Only statistics	On
	Number of processes	2


QC statistics
	File name	RMB_11309_Cyrtodactylus_annulatus_Mindanao_R1.trimmed.fq
	Total number of reads	1021704
	Total number of HQ reads	1015163
	Percentage of HQ reads	99.36%
	Total number of bases	77880597
	Total number of bases in HQ reads	77571841
	Total number of HQ bases in HQ reads	70771846
	Percentage of HQ bases in HQ reads	91.23%
	Number of Primer/Adaptor contaminated HQ reads	NA
	Total number of HQ filtered reads	1015163
	Percentage of HQ filtered reads	99.36%


Detailed QC statistics
	File name	RMB_11309_Cyrtodactylus_annulatus_Mindanao_R1.trimmed.fq
	Minimum read length	8
	Maximum read length	95
	Average read length	76.23
	Total number of reads	1021704
	Total number of reads with non-ATGC bases	0
	Percentage of reads with non-ATGC bases	0.00%
	Total number of bases	77880597
	Total number of HQ bases	70958870
	Percentage of HQ bases	91.11%
	Total number of non-ATGC bases	0
	Percentage of non-ATGC bases	0.00%


Average quality score at each base position of input reads

RMB_11309_Cyrtodactylus_annulatus_Mindanao_R1.trimmed.fq
36.03	36.00	36.36	35.71	36.37	36.42	36.22	38.56	37.81	37.31	37.46	37.83	37.84	37.69	37.87	37.37	37.65	36.75	36.56	36.43	36.53	36.49	36.86	36.97	37.35	37.13	36.87	37.36	36.68	36.37	36.50	36.43	36.04	36.20	36.71	36.15	36.23	36.39	36.50	35.70	35.39	35.29	35.09	34.65	34.22	32.64	30.40	27.48	25.27	21.42	18.87	17.37	15.86	14.67	13.85	13.15	12.51	12.26	12.65	13.57	14.74	16.03	17.08	17.84	18.52	19.17	19.76	20.06	20.22	19.53	19.80	20.08	20.24	20.23	20.28	20.35	20.26	20.06	19.94	19.97	20.06	19.99	19.97	19.91	19.81	19.73	19.63	19.69	19.80	19.72	19.60	19.59	19.56	19.49	18.72	




Read count (%) per base for different quality score ranges

	RMB_11309_Cyrtodactylus_annulatus_Mindanao_R1.trimmed.fq
Ranges	0-10	11-20	21-30	31-40
Base
1	0.00	2.57	1.93	95.50
2	0.00	1.91	1.16	96.92
3	0.00	1.75	1.19	97.06
4	0.00	2.07	1.85	96.08
5	0.00	1.79	1.25	96.96
6	0.00	1.75	1.14	97.11
7	0.00	2.10	1.74	96.16
8	0.00	2.27	1.55	96.18
9	0.00	2.47	2.26	95.27
10	0.00	2.87	2.60	94.53
11	0.00	2.62	2.25	95.14
12	0.00	2.13	2.11	95.75
13	0.00	2.10	2.50	95.41
14	0.00	2.36	2.60	95.04
15	0.00	1.96	2.25	95.79
16	0.00	2.09	3.26	94.66
17	0.00	1.82	2.33	95.85
18	0.00	2.46	3.93	93.61
19	0.00	3.02	4.14	92.84
20	0.00	3.24	4.24	92.52
21	0.00	3.69	3.88	92.43
22	0.00	2.60	3.63	93.77
23	0.00	2.09	3.07	94.83
24	0.00	1.98	2.78	95.24
25	0.00	1.81	2.30	95.89
26	0.00	1.81	2.83	95.36
27	0.00	1.80	2.84	95.36
28	0.00	1.52	2.09	96.40
29	0.00	1.67	3.05	95.28
30	0.00	1.85	3.68	94.46
31	0.00	1.61	3.32	95.07
32	0.00	1.74	3.62	94.64
33	0.00	2.07	4.07	93.86
34	0.00	1.61	3.49	94.89
35	0.00	1.19	2.38	96.43
36	0.00	1.22	3.39	95.39
37	0.00	0.97	2.95	96.09
38	0.00	0.90	2.64	96.46
39	0.00	0.97	2.36	96.67
40	0.00	0.91	3.30	95.79
41	0.00	1.07	3.59	95.34
42	0.00	1.21	3.90	94.89
43	0.00	1.19	3.91	94.89
44	0.00	1.52	4.90	93.58
45	0.00	1.44	5.39	93.17
46	0.00	2.75	10.19	87.06
47	0.00	6.12	17.62	76.26
48	0.00	13.25	24.81	61.94
49	0.00	18.85	29.30	51.85
50	0.00	37.90	26.14	35.96
51	0.00	51.81	20.19	28.00
52	0.00	57.76	17.94	24.30
53	0.00	63.73	15.02	21.25
54	0.00	66.73	14.57	18.70
55	0.00	68.17	14.63	17.20
56	0.00	68.66	14.67	16.67
57	0.00	68.60	17.64	13.76
58	0.00	67.60	18.41	13.99
59	0.00	60.28	22.99	16.73
60	0.00	48.40	28.76	22.84
61	0.00	36.30	32.31	31.40
62	0.00	24.86	32.52	42.62
63	0.00	18.05	28.77	53.19
64	0.00	13.51	25.14	61.36
65	0.00	10.07	21.17	68.76
66	0.00	6.45	17.60	75.94
67	0.00	3.96	13.40	82.63
68	0.00	2.75	11.21	86.04
69	0.00	2.19	9.68	88.13
70	0.00	1.59	14.18	84.23
71	0.00	1.68	9.76	88.56
72	0.00	1.66	8.05	90.29
73	0.00	1.65	7.23	91.12
74	0.00	1.58	7.29	91.14
75	0.00	1.27	6.84	91.90
76	0.00	1.01	6.08	92.91
77	0.00	0.94	6.32	92.74
78	0.00	1.07	7.37	91.56
79	0.00	1.20	8.10	90.70
80	0.00	0.91	7.26	91.82
81	0.00	0.80	5.93	93.26
82	0.00	1.11	6.24	92.65
83	0.00	0.97	6.09	92.94
84	0.00	0.87	6.35	92.78
85	0.00	0.97	6.66	92.37
86	0.00	1.03	7.19	91.78
87	0.00	1.13	7.52	91.35
88	0.00	0.75	6.66	92.59
89	0.00	0.57	5.24	94.20
90	0.00	0.60	5.99	93.41
91	0.00	0.71	6.83	92.47
92	0.00	0.67	6.39	92.94
93	0.00	0.75	6.60	92.64
94	0.00	0.80	6.97	92.22
95	0.00	2.10	12.65	85.25




