Parameters
	Library type	Single-end
	Input file	/Volumes/wdhd/users/joaks1/projects/gekgo/data/genomes/msg/plate1/demultiplexed-trimmed/RMB_13366_Cyrtodactylus_philippinicus_Luzon_R1.trimmed.fq
	Primer/Adaptor library	NA
	Cut-off read length for HQ	70%
	Cut-off quality score	20
	Only statistics	On
	Number of processes	2


QC statistics
	File name	RMB_13366_Cyrtodactylus_philippinicus_Luzon_R1.trimmed.fq
	Total number of reads	456206
	Total number of HQ reads	453447
	Percentage of HQ reads	99.40%
	Total number of bases	35385023
	Total number of bases in HQ reads	35250967
	Total number of HQ bases in HQ reads	32291927
	Percentage of HQ bases in HQ reads	91.61%
	Number of Primer/Adaptor contaminated HQ reads	NA
	Total number of HQ filtered reads	453447
	Percentage of HQ filtered reads	99.40%


Detailed QC statistics
	File name	RMB_13366_Cyrtodactylus_philippinicus_Luzon_R1.trimmed.fq
	Minimum read length	10
	Maximum read length	95
	Average read length	77.56
	Total number of reads	456206
	Total number of reads with non-ATGC bases	0
	Percentage of reads with non-ATGC bases	0.00%
	Total number of bases	35385023
	Total number of HQ bases	32372490
	Percentage of HQ bases	91.49%
	Total number of non-ATGC bases	0
	Percentage of non-ATGC bases	0.00%


Average quality score at each base position of input reads

RMB_13366_Cyrtodactylus_philippinicus_Luzon_R1.trimmed.fq
36.20	36.04	36.44	35.96	36.46	36.49	36.29	38.60	37.94	37.57	37.72	37.99	37.84	37.84	37.90	37.51	37.72	37.15	37.03	36.85	37.28	36.75	36.78	36.86	37.18	37.01	37.05	37.41	36.62	36.30	36.49	36.55	36.29	36.43	36.75	36.34	36.53	36.71	36.86	36.08	35.86	35.66	35.51	35.10	34.69	33.36	31.64	29.18	26.29	23.07	20.35	18.43	16.83	15.54	14.58	13.93	13.61	13.40	13.88	14.46	15.58	16.77	17.94	18.99	19.99	20.55	21.02	21.34	21.46	20.83	21.07	21.33	21.52	21.51	21.41	21.42	21.41	21.28	21.21	21.16	21.14	21.04	21.02	21.02	20.89	20.87	20.85	20.87	20.91	20.89	20.84	20.78	20.74	20.71	20.06	




Read count (%) per base for different quality score ranges

	RMB_13366_Cyrtodactylus_philippinicus_Luzon_R1.trimmed.fq
Ranges	0-10	11-20	21-30	31-40
Base
1	0.00	2.32	1.63	96.05
2	0.00	1.72	1.04	97.24
3	0.00	1.59	0.96	97.45
4	0.00	1.75	1.51	96.74
5	0.00	1.57	1.01	97.41
6	0.00	1.58	0.95	97.47
7	0.00	1.91	1.60	96.49
8	0.00	2.08	1.44	96.49
9	0.00	2.33	2.16	95.50
10	0.00	2.57	2.24	95.19
11	0.00	2.37	1.95	95.67
12	0.00	1.99	1.78	96.23
13	0.00	2.01	2.41	95.57
14	0.00	2.12	2.35	95.53
15	0.00	2.01	2.09	95.90
16	0.00	2.03	2.75	95.23
17	0.00	1.83	2.14	96.02
18	0.00	2.20	3.34	94.45
19	0.00	2.54	3.21	94.25
20	0.00	2.74	3.41	93.85
21	0.00	2.28	2.52	95.21
22	0.00	2.27	2.99	94.75
23	0.00	2.21	3.03	94.76
24	0.00	2.16	2.82	95.02
25	0.00	2.00	2.33	95.66
26	0.00	1.89	3.00	95.11
27	0.00	1.81	2.78	95.41
28	0.00	1.66	2.16	96.18
29	0.00	1.68	2.97	95.35
30	0.00	1.98	3.86	94.16
31	0.00	1.75	3.44	94.80
32	0.00	1.82	3.44	94.73
33	0.00	1.88	3.83	94.29
34	0.00	1.52	3.22	95.27
35	0.00	1.20	2.34	96.46
36	0.00	1.09	3.28	95.63
37	0.00	0.89	2.63	96.48
38	0.00	0.85	2.28	96.87
39	0.00	0.83	1.91	97.26
40	0.00	0.92	3.01	96.07
41	0.00	1.07	3.26	95.67
42	0.00	1.25	3.48	95.26
43	0.00	1.21	3.53	95.25
44	0.00	1.54	4.17	94.29
45	0.00	1.57	4.67	93.76
46	0.00	2.39	7.99	89.61
47	0.00	5.18	13.00	81.82
48	0.00	10.36	18.98	70.67
49	0.00	18.97	23.36	57.67
50	0.00	33.45	22.23	44.31
51	0.00	47.06	18.01	34.94
52	0.00	54.71	15.94	29.36
53	0.00	60.40	14.70	24.90
54	0.00	64.79	13.36	21.86
55	0.00	66.29	14.29	19.42
56	0.00	66.55	15.32	18.12
57	0.00	64.97	17.40	17.62
58	0.00	62.86	19.28	17.86
59	0.00	54.85	24.58	20.57
60	0.00	47.53	27.26	25.21
61	0.00	36.52	30.63	32.85
62	0.00	26.85	30.42	42.73
63	0.00	18.71	28.05	53.24
64	0.00	12.76	23.92	63.32
65	0.00	8.28	18.61	73.11
66	0.00	5.92	15.28	78.80
67	0.00	4.01	12.27	83.72
68	0.00	2.84	10.14	87.02
69	0.00	2.37	8.99	88.64
70	0.00	1.55	12.15	86.30
71	0.00	1.80	8.80	89.40
72	0.00	1.64	7.24	91.12
73	0.00	1.53	5.95	92.52
74	0.00	1.48	5.91	92.61
75	0.00	1.40	6.54	92.06
76	0.00	1.14	5.91	92.95
77	0.00	0.96	5.49	93.54
78	0.00	0.97	5.94	93.09
79	0.00	1.02	6.00	92.98
80	0.00	0.93	6.09	92.98
81	0.00	0.79	5.83	93.38
82	0.00	0.89	6.08	93.03
83	0.00	0.98	5.81	93.21
84	0.00	0.86	5.71	93.43
85	0.00	0.92	6.30	92.78
86	0.00	0.91	6.02	93.07
87	0.00	0.84	6.10	93.06
88	0.00	0.64	5.71	93.65
89	0.00	0.50	5.12	94.39
90	0.00	0.50	5.02	94.48
91	0.00	0.51	5.19	94.30
92	0.00	0.56	5.46	93.98
93	0.00	0.57	5.63	93.81
94	0.00	0.55	5.46	93.99
95	0.00	1.37	9.91	88.72




