Parameters
	Library type	Single-end
	Input file	/Volumes/wdhd/users/joaks1/projects/gekgo/data/genomes/msg/plate1/demultiplexed-trimmed/RMB_14956_Cyrtodactylus_philippinicus_Luzon_R1.trimmed.fq
	Primer/Adaptor library	NA
	Cut-off read length for HQ	70%
	Cut-off quality score	20
	Only statistics	On
	Number of processes	2


QC statistics
	File name	RMB_14956_Cyrtodactylus_philippinicus_Luzon_R1.trimmed.fq
	Total number of reads	24968
	Total number of HQ reads	24809
	Percentage of HQ reads	99.36%
	Total number of bases	1884357
	Total number of bases in HQ reads	1876589
	Total number of HQ bases in HQ reads	1721425
	Percentage of HQ bases in HQ reads	91.73%
	Number of Primer/Adaptor contaminated HQ reads	NA
	Total number of HQ filtered reads	24809
	Percentage of HQ filtered reads	99.36%


Detailed QC statistics
	File name	RMB_14956_Cyrtodactylus_philippinicus_Luzon_R1.trimmed.fq
	Minimum read length	10
	Maximum read length	95
	Average read length	75.47
	Total number of reads	24968
	Total number of reads with non-ATGC bases	0
	Percentage of reads with non-ATGC bases	0.00%
	Total number of bases	1884357
	Total number of HQ bases	1726155
	Percentage of HQ bases	91.60%
	Total number of non-ATGC bases	0
	Percentage of non-ATGC bases	0.00%


Average quality score at each base position of input reads

RMB_14956_Cyrtodactylus_philippinicus_Luzon_R1.trimmed.fq
34.23	33.87	36.24	35.67	36.38	36.42	36.22	38.46	37.77	37.42	37.58	37.86	37.73	37.70	37.77	37.36	37.55	36.95	36.85	36.69	37.15	36.57	36.63	36.70	37.01	36.85	36.89	37.26	36.42	36.14	36.31	36.33	36.04	36.15	36.46	36.01	36.20	36.35	36.53	35.75	35.44	35.24	35.10	34.72	34.29	32.90	31.09	28.57	25.74	22.57	19.71	17.70	15.98	14.69	13.76	12.99	12.65	12.52	12.94	13.53	14.61	15.66	16.77	17.71	18.61	19.09	19.56	19.77	19.90	19.28	19.49	19.75	19.91	19.90	19.80	19.81	19.80	19.69	19.62	19.56	19.54	19.46	19.42	19.39	19.30	19.28	19.27	19.30	19.32	19.30	19.25	19.16	19.12	19.11	18.49	




Read count (%) per base for different quality score ranges

	RMB_14956_Cyrtodactylus_philippinicus_Luzon_R1.trimmed.fq
Ranges	0-10	11-20	21-30	31-40
Base
1	0.00	3.07	3.20	93.73
2	0.00	2.01	1.62	96.37
3	0.00	1.89	1.18	96.92
4	0.00	2.02	2.10	95.88
5	0.00	1.76	1.20	97.04
6	0.00	1.73	1.17	97.10
7	0.00	2.07	1.77	96.16
8	0.00	2.32	1.58	96.10
9	0.00	2.56	2.39	95.05
10	0.00	2.73	2.50	94.77
11	0.00	2.54	2.12	95.34
12	0.00	2.17	2.05	95.78
13	0.00	2.05	2.69	95.26
14	0.00	2.15	2.68	95.17
15	0.00	1.93	2.37	95.69
16	0.00	2.03	3.12	94.85
17	0.00	1.79	2.40	95.80
18	0.00	2.40	3.52	94.07
19	0.00	2.66	3.49	93.85
20	0.00	2.94	3.55	93.51
21	0.00	2.38	2.75	94.87
22	0.00	2.51	3.23	94.26
23	0.00	2.29	3.29	94.42
24	0.00	2.38	2.91	94.71
25	0.00	2.20	2.71	95.09
26	0.00	2.11	3.18	94.72
27	0.00	2.02	3.01	94.97
28	0.00	1.74	2.44	95.82
29	0.00	1.72	3.47	94.82
30	0.00	2.06	4.08	93.86
31	0.00	1.78	3.82	94.40
32	0.00	2.08	3.60	94.32
33	0.00	2.06	4.11	93.83
34	0.00	1.62	3.36	95.02
35	0.00	1.23	2.51	96.26
36	0.00	1.12	3.74	95.14
37	0.00	1.02	2.80	96.18
38	0.00	0.99	2.54	96.48
39	0.00	0.88	1.98	97.13
40	0.00	0.95	3.24	95.81
41	0.00	1.16	3.69	95.15
42	0.00	1.41	3.74	94.84
43	0.00	1.32	3.92	94.76
44	0.00	1.45	4.48	94.07
45	0.00	1.58	4.92	93.50
46	0.00	2.42	8.45	89.13
47	0.00	5.50	13.75	80.75
48	0.00	10.49	20.68	68.83
49	0.00	19.32	23.85	56.83
50	0.00	33.21	23.23	43.56
51	0.00	47.32	18.70	33.98
52	0.00	55.67	15.90	28.43
53	0.00	61.40	14.87	23.73
54	0.00	65.38	13.48	21.14
55	0.00	66.04	15.04	18.93
56	0.00	67.02	15.67	17.32
57	0.00	64.95	18.34	16.72
58	0.00	62.42	19.96	17.62
59	0.00	54.08	25.59	20.33
60	0.00	46.17	28.31	25.52
61	0.00	35.35	30.88	33.77
62	0.00	26.11	30.55	43.35
63	0.00	17.44	28.85	53.71
64	0.00	11.99	23.79	64.22
65	0.00	7.63	18.32	74.06
66	0.00	5.40	15.44	79.16
67	0.00	3.62	11.82	84.56
68	0.00	2.76	10.30	86.94
69	0.00	2.19	9.05	88.76
70	0.00	1.42	12.11	86.47
71	0.00	1.72	8.47	89.81
72	0.00	1.61	6.93	91.46
73	0.00	1.35	6.02	92.63
74	0.00	1.25	5.88	92.86
75	0.00	1.21	6.56	92.22
76	0.00	1.05	5.94	93.02
77	0.00	0.87	5.33	93.80
78	0.00	1.00	5.67	93.33
79	0.00	0.90	6.00	93.10
80	0.00	0.92	6.10	92.98
81	0.00	0.70	6.17	93.13
82	0.00	0.85	6.13	93.02
83	0.00	0.92	6.04	93.04
84	0.00	0.92	5.84	93.24
85	0.00	0.74	6.31	92.95
86	0.00	0.82	6.03	93.15
87	0.00	0.79	6.11	93.10
88	0.00	0.56	5.74	93.70
89	0.00	0.44	5.02	94.54
90	0.00	0.39	5.06	94.55
91	0.00	0.55	5.09	94.36
92	0.00	0.57	5.68	93.76
93	0.00	0.61	5.66	93.73
94	0.00	0.51	5.69	93.80
95	0.00	1.52	10.15	88.33




