Parameters
	Library type	Single-end
	Input file	/Volumes/wdhd/users/joaks1/projects/gekgo/data/genomes/msg/plate1/demultiplexed-trimmed/RMB_14249_Cyrtodactylus_philippinicus_Luzon_R1.trimmed.fq
	Primer/Adaptor library	NA
	Cut-off read length for HQ	70%
	Cut-off quality score	20
	Only statistics	On
	Number of processes	2


QC statistics
	File name	RMB_14249_Cyrtodactylus_philippinicus_Luzon_R1.trimmed.fq
	Total number of reads	29584
	Total number of HQ reads	29416
	Percentage of HQ reads	99.43%
	Total number of bases	2261294
	Total number of bases in HQ reads	2252948
	Total number of HQ bases in HQ reads	2069394
	Percentage of HQ bases in HQ reads	91.85%
	Number of Primer/Adaptor contaminated HQ reads	NA
	Total number of HQ filtered reads	29416
	Percentage of HQ filtered reads	99.43%


Detailed QC statistics
	File name	RMB_14249_Cyrtodactylus_philippinicus_Luzon_R1.trimmed.fq
	Minimum read length	12
	Maximum read length	95
	Average read length	76.44
	Total number of reads	29584
	Total number of reads with non-ATGC bases	0
	Percentage of reads with non-ATGC bases	0.00%
	Total number of bases	2261294
	Total number of HQ bases	2074468
	Percentage of HQ bases	91.74%
	Total number of non-ATGC bases	0
	Percentage of non-ATGC bases	0.00%


Average quality score at each base position of input reads

RMB_14249_Cyrtodactylus_philippinicus_Luzon_R1.trimmed.fq
35.95	35.36	36.40	35.84	36.47	36.50	36.31	38.59	37.93	37.59	37.73	38.02	37.87	37.87	37.91	37.52	37.73	37.15	36.99	36.86	37.28	36.74	36.77	36.84	37.17	37.02	37.04	37.44	36.60	36.29	36.48	36.58	36.34	36.46	36.76	36.31	36.53	36.72	36.85	36.11	35.92	35.77	35.63	35.18	34.69	33.35	31.62	29.14	26.21	22.92	20.11	18.08	16.50	15.17	14.17	13.42	13.13	12.78	13.29	14.00	15.13	16.29	17.47	18.40	19.31	19.86	20.28	20.54	20.60	19.98	20.22	20.48	20.64	20.63	20.51	20.50	20.48	20.39	20.31	20.26	20.25	20.15	20.16	20.12	19.99	19.96	19.96	19.97	19.99	19.93	19.89	19.86	19.81	19.79	19.16	




Read count (%) per base for different quality score ranges

	RMB_14249_Cyrtodactylus_philippinicus_Luzon_R1.trimmed.fq
Ranges	0-10	11-20	21-30	31-40
Base
1	0.00	2.44	1.61	95.95
2	0.00	1.78	1.11	97.11
3	0.00	1.69	0.89	97.41
4	0.00	1.76	1.67	96.57
5	0.00	1.57	0.97	97.46
6	0.00	1.56	0.89	97.55
7	0.00	1.82	1.63	96.55
8	0.00	2.02	1.50	96.48
9	0.00	2.23	2.09	95.68
10	0.00	2.41	2.30	95.29
11	0.00	2.33	1.82	95.86
12	0.00	1.93	1.81	96.27
13	0.00	1.95	2.32	95.73
14	0.00	2.07	2.20	95.73
15	0.00	1.99	1.86	96.15
16	0.00	1.97	2.64	95.39
17	0.00	1.79	2.05	96.16
18	0.00	2.27	3.09	94.63
19	0.00	2.54	3.24	94.23
20	0.00	2.72	3.34	93.94
21	0.00	2.25	2.39	95.37
22	0.00	2.22	2.99	94.79
23	0.00	2.15	2.97	94.88
24	0.00	2.24	2.73	95.03
25	0.00	2.06	2.30	95.64
26	0.00	1.79	3.11	95.10
27	0.00	1.81	2.75	95.44
28	0.00	1.57	2.13	96.29
29	0.00	1.60	3.11	95.29
30	0.00	1.95	3.87	94.18
31	0.00	1.69	3.42	94.90
32	0.00	1.79	3.22	94.98
33	0.00	1.81	3.62	94.56
34	0.00	1.48	3.14	95.38
35	0.00	1.19	2.41	96.40
36	0.00	1.18	3.45	95.37
37	0.00	0.88	2.65	96.47
38	0.00	0.86	2.27	96.86
39	0.00	0.90	1.95	97.15
40	0.00	0.92	2.92	96.16
41	0.00	1.04	3.10	95.86
42	0.00	1.11	3.38	95.52
43	0.00	1.15	3.12	95.74
44	0.00	1.50	4.08	94.43
45	0.00	1.45	4.80	93.75
46	0.00	2.20	7.93	89.87
47	0.00	5.38	12.57	82.05
48	0.00	10.28	18.42	71.30
49	0.00	18.17	23.58	58.24
50	0.00	32.99	23.05	43.96
51	0.00	46.77	18.39	34.84
52	0.00	54.99	16.26	28.76
53	0.00	59.85	15.45	24.71
54	0.00	64.37	13.68	21.95
55	0.00	66.06	14.43	19.52
56	0.00	66.43	16.00	17.57
57	0.00	64.21	18.22	17.57
58	0.00	63.36	19.24	17.40
59	0.00	54.08	25.86	20.05
60	0.00	45.64	28.57	25.79
61	0.00	34.60	31.21	34.19
62	0.00	25.33	29.97	44.70
63	0.00	16.89	27.66	55.45
64	0.00	11.28	23.80	64.91
65	0.00	7.25	17.92	74.84
66	0.00	4.86	14.82	80.32
67	0.00	3.27	11.44	85.28
68	0.00	2.31	9.40	88.29
69	0.00	2.11	8.38	89.51
70	0.00	1.25	11.68	87.08
71	0.00	1.57	8.05	90.38
72	0.00	1.37	6.73	91.90
73	0.00	1.35	5.60	93.04
74	0.00	1.31	5.66	93.03
75	0.00	1.26	6.60	92.14
76	0.00	1.13	5.77	93.09
77	0.00	1.01	5.33	93.65
78	0.00	0.97	5.71	93.32
79	0.00	1.00	5.93	93.07
80	0.00	0.93	6.06	93.01
81	0.00	0.73	5.74	93.53
82	0.00	0.94	5.71	93.35
83	0.00	0.94	5.47	93.59
84	0.00	0.90	5.51	93.59
85	0.00	0.92	6.32	92.76
86	0.00	0.97	5.96	93.07
87	0.00	0.73	6.14	93.13
88	0.00	0.67	5.69	93.64
89	0.00	0.53	4.99	94.48
90	0.00	0.57	5.17	94.26
91	0.00	0.61	5.08	94.31
92	0.00	0.63	5.38	93.99
93	0.00	0.47	5.92	93.61
94	0.00	0.53	5.69	93.77
95	0.00	1.30	10.28	88.42




