Parameters
	Library type	Single-end
	Input file	/Volumes/wdhd/users/joaks1/projects/gekgo/data/genomes/msg/plate1/demultiplexed-trimmed/RMB_12838_Cyrtodactylus_philippinicus_Luzon_R1.trimmed.fq
	Primer/Adaptor library	NA
	Cut-off read length for HQ	70%
	Cut-off quality score	20
	Only statistics	On
	Number of processes	2


QC statistics
	File name	RMB_12838_Cyrtodactylus_philippinicus_Luzon_R1.trimmed.fq
	Total number of reads	207488
	Total number of HQ reads	206322
	Percentage of HQ reads	99.44%
	Total number of bases	15301469
	Total number of bases in HQ reads	15249228
	Total number of HQ bases in HQ reads	14000286
	Percentage of HQ bases in HQ reads	91.81%
	Number of Primer/Adaptor contaminated HQ reads	NA
	Total number of HQ filtered reads	206322
	Percentage of HQ filtered reads	99.44%


Detailed QC statistics
	File name	RMB_12838_Cyrtodactylus_philippinicus_Luzon_R1.trimmed.fq
	Minimum read length	9
	Maximum read length	95
	Average read length	73.75
	Total number of reads	207488
	Total number of reads with non-ATGC bases	0
	Percentage of reads with non-ATGC bases	0.00%
	Total number of bases	15301469
	Total number of HQ bases	14031921
	Percentage of HQ bases	91.70%
	Total number of non-ATGC bases	0
	Percentage of non-ATGC bases	0.00%


Average quality score at each base position of input reads

RMB_12838_Cyrtodactylus_philippinicus_Luzon_R1.trimmed.fq
36.06	35.81	36.31	35.85	36.35	36.39	36.17	38.42	37.74	37.40	37.56	37.85	37.64	37.60	37.67	37.20	37.40	36.86	36.77	36.63	37.09	36.51	36.54	36.63	36.97	36.78	36.82	37.19	36.32	36.00	36.21	36.25	35.97	36.08	36.41	35.93	36.09	36.27	36.40	35.58	35.34	35.09	34.87	34.42	33.98	32.53	30.73	28.14	25.14	21.99	19.20	17.24	15.51	14.20	13.14	12.42	12.08	11.83	12.20	12.68	13.61	14.57	15.55	16.45	17.26	17.70	18.06	18.32	18.39	17.78	18.01	18.26	18.42	18.41	18.30	18.32	18.32	18.21	18.15	18.10	18.10	18.00	17.98	17.97	17.87	17.86	17.84	17.84	17.87	17.84	17.80	17.74	17.71	17.69	17.10	




Read count (%) per base for different quality score ranges

	RMB_12838_Cyrtodactylus_philippinicus_Luzon_R1.trimmed.fq
Ranges	0-10	11-20	21-30	31-40
Base
1	0.00	2.85	1.83	95.32
2	0.00	2.18	1.25	96.56
3	0.00	2.03	1.15	96.83
4	0.00	2.10	1.81	96.09
5	0.00	1.92	1.25	96.83
6	0.00	1.86	1.21	96.93
7	0.00	2.18	1.90	95.91
8	0.00	2.33	1.71	95.97
9	0.00	2.56	2.45	94.99
10	0.00	2.70	2.55	94.75
11	0.00	2.50	2.20	95.29
12	0.00	2.12	2.03	95.86
13	0.00	2.21	2.75	95.04
14	0.00	2.28	2.62	95.10
15	0.00	2.09	2.35	95.56
16	0.00	2.13	3.18	94.69
17	0.00	1.90	2.46	95.65
18	0.00	2.36	3.69	93.95
19	0.00	2.61	3.51	93.88
20	0.00	2.89	3.74	93.36
21	0.00	2.34	2.73	94.93
22	0.00	2.39	3.40	94.21
23	0.00	2.35	3.39	94.25
24	0.00	2.27	3.21	94.52
25	0.00	2.08	2.60	95.32
26	0.00	1.95	3.33	94.72
27	0.00	1.89	3.04	95.07
28	0.00	1.75	2.36	95.88
29	0.00	1.76	3.44	94.80
30	0.00	2.10	4.32	93.57
31	0.00	1.83	3.75	94.43
32	0.00	1.86	3.78	94.36
33	0.00	2.00	4.19	93.81
34	0.00	1.61	3.56	94.83
35	0.00	1.26	2.51	96.23
36	0.00	1.23	3.72	95.05
37	0.00	0.96	2.96	96.08
38	0.00	0.91	2.56	96.53
39	0.00	0.87	2.21	96.92
40	0.00	0.96	3.44	95.60
41	0.00	1.10	3.69	95.21
42	0.00	1.32	3.98	94.69
43	0.00	1.36	4.08	94.56
44	0.00	1.70	4.82	93.47
45	0.00	1.64	5.37	92.98
46	0.00	2.64	9.22	88.15
47	0.00	5.61	14.41	79.98
48	0.00	11.06	20.57	68.37
49	0.00	19.85	24.92	55.22
50	0.00	34.13	23.29	42.58
51	0.00	47.57	19.13	33.31
52	0.00	54.85	16.95	28.20
53	0.00	60.45	15.66	23.89
54	0.00	64.39	14.20	21.41
55	0.00	66.15	15.05	18.80
56	0.00	66.08	16.51	17.41
57	0.00	64.22	18.64	17.15
58	0.00	61.90	20.39	17.71
59	0.00	53.94	25.67	20.40
60	0.00	46.48	28.32	25.19
61	0.00	35.81	31.19	33.00
62	0.00	26.56	30.94	42.50
63	0.00	18.18	29.04	52.78
64	0.00	12.32	24.33	63.34
65	0.00	8.01	18.97	73.02
66	0.00	5.78	15.60	78.62
67	0.00	3.92	12.76	83.31
68	0.00	2.82	10.62	86.56
69	0.00	2.35	9.45	88.20
70	0.00	1.54	13.37	85.09
71	0.00	1.72	9.44	88.85
72	0.00	1.56	7.61	90.83
73	0.00	1.43	6.36	92.21
74	0.00	1.36	6.34	92.30
75	0.00	1.32	7.11	91.56
76	0.00	1.13	6.42	92.45
77	0.00	0.93	5.95	93.12
78	0.00	0.93	6.56	92.51
79	0.00	0.97	6.47	92.56
80	0.00	0.95	6.54	92.51
81	0.00	0.76	6.43	92.81
82	0.00	0.86	6.70	92.44
83	0.00	0.91	6.40	92.68
84	0.00	0.85	6.23	92.92
85	0.00	0.94	6.63	92.43
86	0.00	0.87	6.33	92.79
87	0.00	0.81	6.40	92.79
88	0.00	0.66	6.21	93.13
89	0.00	0.52	5.62	93.86
90	0.00	0.52	5.68	93.80
91	0.00	0.55	5.74	93.71
92	0.00	0.62	6.07	93.31
93	0.00	0.64	6.14	93.22
94	0.00	0.59	5.90	93.51
95	0.00	1.54	10.41	88.05




