Parameters
	Library type	Single-end
	Input file	/Volumes/wdhd/users/joaks1/projects/gekgo/data/genomes/msg/plate1/demultiplexed-trimmed/RMB_11746_Cyrtodactylus_jambangan_Mindanao_R1.trimmed.fq
	Primer/Adaptor library	NA
	Cut-off read length for HQ	70%
	Cut-off quality score	20
	Only statistics	On
	Number of processes	2


QC statistics
	File name	RMB_11746_Cyrtodactylus_jambangan_Mindanao_R1.trimmed.fq
	Total number of reads	179784
	Total number of HQ reads	178472
	Percentage of HQ reads	99.27%
	Total number of bases	13388068
	Total number of bases in HQ reads	13329474
	Total number of HQ bases in HQ reads	12220088
	Percentage of HQ bases in HQ reads	91.68%
	Number of Primer/Adaptor contaminated HQ reads	NA
	Total number of HQ filtered reads	178472
	Percentage of HQ filtered reads	99.27%


Detailed QC statistics
	File name	RMB_11746_Cyrtodactylus_jambangan_Mindanao_R1.trimmed.fq
	Minimum read length	9
	Maximum read length	95
	Average read length	74.47
	Total number of reads	179784
	Total number of reads with non-ATGC bases	0
	Percentage of reads with non-ATGC bases	0.00%
	Total number of bases	13388068
	Total number of HQ bases	12254992
	Percentage of HQ bases	91.54%
	Total number of non-ATGC bases	0
	Percentage of non-ATGC bases	0.00%


Average quality score at each base position of input reads

RMB_11746_Cyrtodactylus_jambangan_Mindanao_R1.trimmed.fq
35.02	34.66	36.14	35.62	36.25	36.31	36.11	38.34	37.67	37.33	37.49	37.78	37.54	37.44	37.46	37.00	37.28	36.77	36.73	36.57	37.04	36.47	36.53	36.59	36.89	36.67	36.68	37.06	36.22	35.87	36.01	36.03	35.74	35.84	36.19	35.71	35.83	35.99	36.11	35.30	35.04	34.80	34.59	34.15	33.72	32.33	30.42	27.90	25.03	21.82	19.21	17.25	15.77	14.46	13.45	12.78	12.36	12.20	12.56	13.01	14.04	15.08	16.10	17.02	17.80	18.25	18.64	18.94	19.05	18.44	18.67	18.89	19.03	19.04	18.97	18.98	18.97	18.87	18.79	18.75	18.74	18.68	18.66	18.65	18.57	18.55	18.54	18.54	18.59	18.57	18.53	18.47	18.44	18.40	17.78	




Read count (%) per base for different quality score ranges

	RMB_11746_Cyrtodactylus_jambangan_Mindanao_R1.trimmed.fq
Ranges	0-10	11-20	21-30	31-40
Base
1	0.00	3.66	2.96	93.39
2	0.00	2.46	1.82	95.72
3	0.00	2.27	1.54	96.18
4	0.00	2.49	2.14	95.37
5	0.00	2.12	1.57	96.30
6	0.00	2.05	1.43	96.53
7	0.00	2.33	2.12	95.55
8	0.00	2.46	1.93	95.61
9	0.00	2.66	2.71	94.63
10	0.00	2.89	2.81	94.30
11	0.00	2.64	2.49	94.87
12	0.00	2.29	2.31	95.40
13	0.00	2.30	2.98	94.72
14	0.00	2.41	2.88	94.71
15	0.00	2.25	2.59	95.16
16	0.00	2.29	3.29	94.42
17	0.00	2.06	2.64	95.30
18	0.00	2.53	3.93	93.54
19	0.00	2.73	3.70	93.58
20	0.00	3.04	3.90	93.07
21	0.00	2.51	2.92	94.57
22	0.00	2.52	3.52	93.96
23	0.00	2.40	3.40	94.19
24	0.00	2.35	3.31	94.34
25	0.00	2.16	2.81	95.03
26	0.00	2.05	3.47	94.48
27	0.00	2.04	3.31	94.65
28	0.00	1.84	2.49	95.67
29	0.00	1.79	3.60	94.61
30	0.00	2.16	4.41	93.43
31	0.00	1.93	3.95	94.11
32	0.00	2.00	4.00	94.01
33	0.00	2.09	4.33	93.58
34	0.00	1.72	3.81	94.47
35	0.00	1.36	2.80	95.84
36	0.00	1.26	3.91	94.83
37	0.00	1.08	3.16	95.76
38	0.00	1.00	2.74	96.26
39	0.00	0.95	2.39	96.67
40	0.00	1.00	3.58	95.42
41	0.00	1.13	3.84	95.03
42	0.00	1.30	4.13	94.57
43	0.00	1.31	4.22	94.47
44	0.00	1.62	4.92	93.46
45	0.00	1.69	5.56	92.75
46	0.00	2.60	9.49	87.91
47	0.00	5.50	15.54	78.96
48	0.00	11.01	21.81	67.18
49	0.00	19.60	26.13	54.27
50	0.00	34.54	24.22	41.24
51	0.00	47.32	20.32	32.35
52	0.00	54.90	18.24	26.87
53	0.00	59.42	17.06	23.52
54	0.00	63.74	15.35	20.90
55	0.00	65.23	16.25	18.51
56	0.00	65.83	16.50	17.67
57	0.00	64.94	18.03	17.03
58	0.00	61.98	20.78	17.24
59	0.00	54.58	25.79	19.62
60	0.00	47.48	28.68	23.84
61	0.00	36.51	31.35	32.14
62	0.00	26.69	31.39	41.92
63	0.00	18.67	28.83	52.49
64	0.00	12.60	24.90	62.50
65	0.00	8.67	19.69	71.64
66	0.00	6.27	16.17	77.57
67	0.00	4.18	13.30	82.52
68	0.00	2.93	10.80	86.28
69	0.00	2.30	9.65	88.05
70	0.00	1.64	13.32	85.04
71	0.00	1.84	9.49	88.68
72	0.00	1.69	7.99	90.32
73	0.00	1.54	6.90	91.55
74	0.00	1.43	6.72	91.85
75	0.00	1.31	7.01	91.69
76	0.00	1.17	6.55	92.29
77	0.00	1.02	6.22	92.76
78	0.00	1.02	6.48	92.50
79	0.00	1.07	6.92	92.02
80	0.00	0.99	6.79	92.22
81	0.00	0.82	6.63	92.55
82	0.00	0.93	6.72	92.35
83	0.00	1.05	6.41	92.54
84	0.00	0.91	6.33	92.76
85	0.00	0.95	6.75	92.30
86	0.00	0.95	6.58	92.47
87	0.00	0.89	6.46	92.66
88	0.00	0.72	6.36	92.92
89	0.00	0.58	5.45	93.97
90	0.00	0.56	5.44	94.00
91	0.00	0.60	5.57	93.82
92	0.00	0.61	5.75	93.63
93	0.00	0.63	5.82	93.54
94	0.00	0.68	5.80	93.52
95	0.00	1.67	10.42	87.91




