Parameters
	Library type	Single-end
	Input file	/Volumes/wdhd/users/joaks1/projects/gekgo/data/genomes/msg/plate1/demultiplexed-trimmed/RMB_13367_Cyrtodactylus_philippinicus_Luzon_R1.trimmed.fq
	Primer/Adaptor library	NA
	Cut-off read length for HQ	70%
	Cut-off quality score	20
	Only statistics	On
	Number of processes	2


QC statistics
	File name	RMB_13367_Cyrtodactylus_philippinicus_Luzon_R1.trimmed.fq
	Total number of reads	67481
	Total number of HQ reads	66924
	Percentage of HQ reads	99.17%
	Total number of bases	5195201
	Total number of bases in HQ reads	5169661
	Total number of HQ bases in HQ reads	4729878
	Percentage of HQ bases in HQ reads	91.49%
	Number of Primer/Adaptor contaminated HQ reads	NA
	Total number of HQ filtered reads	66924
	Percentage of HQ filtered reads	99.17%


Detailed QC statistics
	File name	RMB_13367_Cyrtodactylus_philippinicus_Luzon_R1.trimmed.fq
	Minimum read length	10
	Maximum read length	95
	Average read length	76.99
	Total number of reads	67481
	Total number of reads with non-ATGC bases	0
	Percentage of reads with non-ATGC bases	0.00%
	Total number of bases	5195201
	Total number of HQ bases	4745054
	Percentage of HQ bases	91.34%
	Total number of non-ATGC bases	0
	Percentage of non-ATGC bases	0.00%


Average quality score at each base position of input reads

RMB_13367_Cyrtodactylus_philippinicus_Luzon_R1.trimmed.fq
34.63	34.82	36.21	35.52	36.29	36.36	36.16	38.41	37.78	37.41	37.54	37.81	37.67	37.67	37.73	37.35	37.54	36.96	36.89	36.69	37.11	36.59	36.62	36.72	37.01	36.83	36.83	37.21	36.40	36.07	36.24	36.27	36.00	36.13	36.41	36.01	36.17	36.32	36.48	35.69	35.45	35.25	35.09	34.71	34.26	32.99	31.22	28.78	25.96	22.75	20.02	18.13	16.58	15.33	14.42	13.76	13.47	13.27	13.71	14.29	15.36	16.49	17.66	18.70	19.67	20.24	20.70	21.04	21.14	20.51	20.77	21.03	21.20	21.20	21.09	21.11	21.10	20.98	20.91	20.84	20.82	20.72	20.72	20.71	20.58	20.58	20.56	20.59	20.61	20.59	20.54	20.48	20.46	20.42	19.78	




Read count (%) per base for different quality score ranges

	RMB_13367_Cyrtodactylus_philippinicus_Luzon_R1.trimmed.fq
Ranges	0-10	11-20	21-30	31-40
Base
1	0.00	3.46	2.75	93.79
2	0.00	2.11	1.63	96.25
3	0.00	2.09	1.31	96.60
4	0.00	2.37	2.24	95.39
5	0.00	1.95	1.50	96.55
6	0.00	1.86	1.30	96.84
7	0.00	2.18	1.98	95.83
8	0.00	2.37	1.74	95.88
9	0.00	2.56	2.50	94.95
10	0.00	2.81	2.70	94.50
11	0.00	2.75	2.28	94.97
12	0.00	2.32	2.25	95.43
13	0.00	2.32	2.86	94.81
14	0.00	2.34	2.79	94.87
15	0.00	2.34	2.47	95.19
16	0.00	2.32	3.14	94.54
17	0.00	2.15	2.56	95.30
18	0.00	2.53	3.83	93.64
19	0.00	2.86	3.37	93.77
20	0.00	3.12	3.63	93.25
21	0.00	2.58	2.86	94.55
22	0.00	2.65	3.33	94.03
23	0.00	2.51	3.37	94.12
24	0.00	2.35	3.16	94.49
25	0.00	2.24	2.67	95.09
26	0.00	2.14	3.39	94.46
27	0.00	2.08	3.21	94.71
28	0.00	1.93	2.45	95.63
29	0.00	1.96	3.40	94.65
30	0.00	2.21	4.17	93.62
31	0.00	1.90	3.72	94.37
32	0.00	2.01	3.72	94.27
33	0.00	2.05	4.06	93.89
34	0.00	1.66	3.57	94.77
35	0.00	1.33	2.65	96.02
36	0.00	1.20	3.54	95.25
37	0.00	0.98	2.76	96.26
38	0.00	0.94	2.47	96.59
39	0.00	0.87	2.11	97.02
40	0.00	0.98	3.11	95.91
41	0.00	1.14	3.33	95.53
42	0.00	1.32	3.63	95.05
43	0.00	1.27	3.64	95.09
44	0.00	1.54	4.15	94.31
45	0.00	1.61	4.74	93.64
46	0.00	2.48	7.80	89.72
47	0.00	5.21	12.98	81.81
48	0.00	10.45	19.22	70.33
49	0.00	18.90	23.37	57.74
50	0.00	33.57	22.16	44.26
51	0.00	47.33	18.13	34.55
52	0.00	54.98	15.99	29.03
53	0.00	60.49	14.66	24.85
54	0.00	64.81	13.48	21.71
55	0.00	66.11	14.26	19.63
56	0.00	66.53	15.30	18.17
57	0.00	64.84	17.47	17.70
58	0.00	62.75	19.47	17.78
59	0.00	55.05	24.41	20.54
60	0.00	47.51	27.14	25.36
61	0.00	36.83	30.26	32.91
62	0.00	27.33	30.38	42.29
63	0.00	19.04	27.88	53.08
64	0.00	12.90	24.34	62.75
65	0.00	8.71	18.51	72.77
66	0.00	6.24	15.22	78.53
67	0.00	4.20	12.32	83.48
68	0.00	2.94	10.07	86.98
69	0.00	2.47	9.22	88.31
70	0.00	1.74	12.13	86.13
71	0.00	1.92	8.65	89.43
72	0.00	1.78	7.17	91.05
73	0.00	1.58	6.22	92.20
74	0.00	1.47	6.04	92.49
75	0.00	1.53	6.54	91.93
76	0.00	1.15	6.05	92.80
77	0.00	0.91	5.68	93.41
78	0.00	1.03	5.90	93.07
79	0.00	1.09	5.99	92.92
80	0.00	1.07	6.29	92.64
81	0.00	0.99	5.93	93.07
82	0.00	0.91	6.44	92.64
83	0.00	1.00	5.69	93.30
84	0.00	0.89	5.83	93.28
85	0.00	0.89	6.39	92.72
86	0.00	0.88	6.02	93.10
87	0.00	0.90	5.98	93.12
88	0.00	0.61	5.58	93.81
89	0.00	0.54	5.09	94.37
90	0.00	0.48	5.12	94.40
91	0.00	0.46	5.19	94.35
92	0.00	0.55	5.36	94.09
93	0.00	0.53	5.43	94.04
94	0.00	0.53	5.41	94.06
95	0.00	1.40	9.86	88.74




