Parameters
	Library type	Single-end
	Input file	/Volumes/wdhd/users/joaks1/projects/gekgo/data/genomes/msg/plate1/demultiplexed-trimmed/RMB_13961_Cyrtodactylus_philippinicus_Luzon_R1.trimmed.fq
	Primer/Adaptor library	NA
	Cut-off read length for HQ	70%
	Cut-off quality score	20
	Only statistics	On
	Number of processes	2


QC statistics
	File name	RMB_13961_Cyrtodactylus_philippinicus_Luzon_R1.trimmed.fq
	Total number of reads	495485
	Total number of HQ reads	492163
	Percentage of HQ reads	99.33%
	Total number of bases	38175509
	Total number of bases in HQ reads	38020399
	Total number of HQ bases in HQ reads	34799898
	Percentage of HQ bases in HQ reads	91.53%
	Number of Primer/Adaptor contaminated HQ reads	NA
	Total number of HQ filtered reads	492163
	Percentage of HQ filtered reads	99.33%


Detailed QC statistics
	File name	RMB_13961_Cyrtodactylus_philippinicus_Luzon_R1.trimmed.fq
	Minimum read length	9
	Maximum read length	95
	Average read length	77.05
	Total number of reads	495485
	Total number of reads with non-ATGC bases	0
	Percentage of reads with non-ATGC bases	0.00%
	Total number of bases	38175509
	Total number of HQ bases	34892987
	Percentage of HQ bases	91.40%
	Total number of non-ATGC bases	0
	Percentage of non-ATGC bases	0.00%


Average quality score at each base position of input reads

RMB_13961_Cyrtodactylus_philippinicus_Luzon_R1.trimmed.fq
36.02	35.87	36.33	35.89	36.37	36.41	36.21	38.50	37.85	37.50	37.63	37.92	37.66	37.57	37.57	37.11	37.39	36.92	36.85	36.72	37.15	36.59	36.65	36.73	37.04	36.85	36.87	37.23	36.43	36.09	36.27	36.32	36.05	36.18	36.51	36.06	36.23	36.42	36.55	35.75	35.51	35.31	35.14	34.71	34.31	32.89	31.11	28.59	25.65	22.57	19.87	18.00	16.44	15.21	14.26	13.61	13.32	13.16	13.61	14.21	15.30	16.44	17.59	18.63	19.58	20.10	20.53	20.82	20.93	20.29	20.54	20.78	20.95	20.94	20.85	20.88	20.89	20.78	20.73	20.69	20.68	20.59	20.57	20.58	20.48	20.48	20.47	20.50	20.54	20.51	20.46	20.41	20.37	20.35	19.68	




Read count (%) per base for different quality score ranges

	RMB_13961_Cyrtodactylus_philippinicus_Luzon_R1.trimmed.fq
Ranges	0-10	11-20	21-30	31-40
Base
1	0.00	2.85	1.96	95.19
2	0.00	2.01	1.35	96.65
3	0.00	1.88	1.19	96.93
4	0.00	1.97	1.84	96.20
5	0.00	1.79	1.28	96.93
6	0.00	1.77	1.21	97.01
7	0.00	2.08	1.87	96.05
8	0.00	2.25	1.66	96.09
9	0.00	2.47	2.39	95.13
10	0.00	2.69	2.49	94.82
11	0.00	2.51	2.14	95.35
12	0.00	2.07	2.02	95.92
13	0.00	2.13	2.65	95.22
14	0.00	2.22	2.51	95.26
15	0.00	2.11	2.34	95.55
16	0.00	2.13	3.04	94.82
17	0.00	1.94	2.42	95.64
18	0.00	2.33	3.64	94.03
19	0.00	2.62	3.44	93.94
20	0.00	2.84	3.58	93.58
21	0.00	2.36	2.70	94.94
22	0.00	2.36	3.24	94.40
23	0.00	2.28	3.30	94.42
24	0.00	2.20	3.07	94.73
25	0.00	2.12	2.58	95.31
26	0.00	1.99	3.22	94.79
27	0.00	1.95	3.00	95.05
28	0.00	1.79	2.33	95.88
29	0.00	1.73	3.25	95.01
30	0.00	2.08	4.10	93.82
31	0.00	1.88	3.68	94.44
32	0.00	1.97	3.69	94.34
33	0.00	2.08	4.09	93.83
34	0.00	1.70	3.47	94.83
35	0.00	1.37	2.51	96.11
36	0.00	1.26	3.59	95.15
37	0.00	1.01	2.96	96.03
38	0.00	0.97	2.56	96.47
39	0.00	0.91	2.18	96.91
40	0.00	0.99	3.43	95.58
41	0.00	1.14	3.67	95.19
42	0.00	1.30	3.97	94.74
43	0.00	1.23	4.04	94.72
44	0.00	1.59	4.79	93.63
45	0.00	1.56	5.31	93.13
46	0.00	2.49	9.41	88.10
47	0.00	5.24	15.15	79.61
48	0.00	10.53	21.82	67.65
49	0.00	19.27	26.58	54.15
50	0.00	33.66	24.91	41.44
51	0.00	47.52	20.29	32.18
52	0.00	55.15	18.10	26.75
53	0.00	60.84	16.54	22.62
54	0.00	65.07	14.67	20.25
55	0.00	66.65	15.58	17.77
56	0.00	66.96	16.62	16.42
57	0.00	65.21	18.58	16.21
58	0.00	62.88	20.50	16.62
59	0.00	54.98	25.79	19.22
60	0.00	47.24	28.88	23.88
61	0.00	36.52	31.89	31.59
62	0.00	27.05	31.42	41.52
63	0.00	18.86	29.18	51.96
64	0.00	12.82	24.64	62.54
65	0.00	8.34	19.32	72.34
66	0.00	6.01	15.74	78.25
67	0.00	4.01	12.96	83.03
68	0.00	2.86	10.68	86.46
69	0.00	2.33	9.59	88.08
70	0.00	1.57	13.27	85.16
71	0.00	1.83	9.36	88.81
72	0.00	1.64	7.85	90.51
73	0.00	1.53	6.48	91.99
74	0.00	1.45	6.49	92.06
75	0.00	1.40	7.20	91.39
76	0.00	1.15	6.56	92.29
77	0.00	0.94	6.00	93.05
78	0.00	0.99	6.56	92.46
79	0.00	0.99	6.72	92.29
80	0.00	0.93	6.68	92.39
81	0.00	0.79	6.39	92.82
82	0.00	0.92	6.72	92.36
83	0.00	1.02	6.37	92.61
84	0.00	0.90	6.20	92.91
85	0.00	0.94	6.68	92.38
86	0.00	0.89	6.28	92.83
87	0.00	0.87	6.20	92.93
88	0.00	0.65	5.83	93.53
89	0.00	0.52	5.21	94.27
90	0.00	0.52	5.16	94.33
91	0.00	0.57	5.40	94.03
92	0.00	0.59	5.62	93.79
93	0.00	0.65	5.67	93.68
94	0.00	0.60	5.54	93.86
95	0.00	1.53	10.04	88.44




