Parameters
	Library type	Single-end
	Input file	/Volumes/wdhd/users/joaks1/projects/gekgo/data/genomes/msg/plate1/demultiplexed-trimmed/RMB_15212_Cyrtodactylus_philippinicus_Luzon_R1.trimmed.fq
	Primer/Adaptor library	NA
	Cut-off read length for HQ	70%
	Cut-off quality score	20
	Only statistics	On
	Number of processes	2


QC statistics
	File name	RMB_15212_Cyrtodactylus_philippinicus_Luzon_R1.trimmed.fq
	Total number of reads	223335
	Total number of HQ reads	221974
	Percentage of HQ reads	99.39%
	Total number of bases	17019583
	Total number of bases in HQ reads	16954330
	Total number of HQ bases in HQ reads	15543249
	Percentage of HQ bases in HQ reads	91.68%
	Number of Primer/Adaptor contaminated HQ reads	NA
	Total number of HQ filtered reads	221974
	Percentage of HQ filtered reads	99.39%


Detailed QC statistics
	File name	RMB_15212_Cyrtodactylus_philippinicus_Luzon_R1.trimmed.fq
	Minimum read length	11
	Maximum read length	95
	Average read length	76.21
	Total number of reads	223335
	Total number of reads with non-ATGC bases	0
	Percentage of reads with non-ATGC bases	0.00%
	Total number of bases	17019583
	Total number of HQ bases	15582415
	Percentage of HQ bases	91.56%
	Total number of non-ATGC bases	0
	Percentage of non-ATGC bases	0.00%


Average quality score at each base position of input reads

RMB_15212_Cyrtodactylus_philippinicus_Luzon_R1.trimmed.fq
36.07	34.95	36.34	35.87	36.41	36.45	36.24	38.51	37.86	37.51	37.66	37.94	37.77	37.77	37.81	37.43	37.64	37.05	36.97	36.77	37.23	36.68	36.74	36.81	37.12	36.95	36.99	37.37	36.56	36.23	36.44	36.49	36.24	36.36	36.69	36.26	36.44	36.62	36.76	35.97	35.75	35.54	35.37	34.97	34.56	33.23	31.44	28.96	26.02	22.82	19.98	18.06	16.38	15.04	14.05	13.37	13.08	12.82	13.25	13.78	14.84	15.95	17.07	18.06	18.99	19.52	19.96	20.24	20.35	19.73	19.99	20.24	20.42	20.40	20.30	20.32	20.32	20.18	20.10	20.06	20.03	19.94	19.91	19.91	19.79	19.78	19.76	19.76	19.80	19.77	19.72	19.66	19.62	19.58	18.98	




Read count (%) per base for different quality score ranges

	RMB_15212_Cyrtodactylus_philippinicus_Luzon_R1.trimmed.fq
Ranges	0-10	11-20	21-30	31-40
Base
1	0.00	2.61	1.81	95.59
2	0.00	1.88	1.28	96.84
3	0.00	1.75	1.11	97.14
4	0.00	1.91	1.70	96.39
5	0.00	1.69	1.15	97.16
6	0.00	1.70	1.04	97.26
7	0.00	2.02	1.71	96.27
8	0.00	2.25	1.46	96.30
9	0.00	2.42	2.24	95.33
10	0.00	2.65	2.39	94.97
11	0.00	2.43	2.03	95.54
12	0.00	2.04	1.90	96.06
13	0.00	2.07	2.54	95.39
14	0.00	2.16	2.37	95.46
15	0.00	2.08	2.21	95.71
16	0.00	2.09	2.88	95.03
17	0.00	1.86	2.22	95.92
18	0.00	2.28	3.52	94.20
19	0.00	2.51	3.36	94.13
20	0.00	2.84	3.49	93.68
21	0.00	2.30	2.52	95.19
22	0.00	2.29	3.19	94.53
23	0.00	2.18	3.18	94.64
24	0.00	2.15	2.93	94.92
25	0.00	2.01	2.44	95.55
26	0.00	1.90	3.12	94.97
27	0.00	1.85	2.90	95.25
28	0.00	1.65	2.22	96.12
29	0.00	1.68	3.10	95.22
30	0.00	2.05	3.98	93.97
31	0.00	1.76	3.48	94.76
32	0.00	1.80	3.57	94.64
33	0.00	1.89	3.93	94.18
34	0.00	1.55	3.30	95.15
35	0.00	1.24	2.41	96.35
36	0.00	1.12	3.45	95.43
37	0.00	0.92	2.77	96.31
38	0.00	0.86	2.42	96.73
39	0.00	0.84	2.04	97.11
40	0.00	0.95	3.14	95.91
41	0.00	1.09	3.38	95.54
42	0.00	1.25	3.58	95.17
43	0.00	1.24	3.68	95.08
44	0.00	1.57	4.31	94.12
45	0.00	1.56	4.73	93.71
46	0.00	2.46	8.09	89.45
47	0.00	5.32	13.43	81.25
48	0.00	10.58	19.22	70.20
49	0.00	19.23	23.64	57.13
50	0.00	33.54	22.51	43.94
51	0.00	47.37	18.31	34.31
52	0.00	54.85	16.21	28.95
53	0.00	60.69	14.84	24.47
54	0.00	64.98	13.49	21.54
55	0.00	66.48	14.29	19.22
56	0.00	66.66	15.36	17.98
57	0.00	64.66	17.59	17.75
58	0.00	62.71	19.25	18.03
59	0.00	54.52	24.83	20.65
60	0.00	47.27	27.47	25.26
61	0.00	36.31	30.71	32.99
62	0.00	26.66	30.41	42.93
63	0.00	18.30	28.43	53.26
64	0.00	12.39	24.28	63.33
65	0.00	8.16	18.56	73.28
66	0.00	5.86	15.13	79.01
67	0.00	3.99	12.17	83.84
68	0.00	2.90	10.24	86.87
69	0.00	2.32	9.09	88.59
70	0.00	1.58	12.41	86.02
71	0.00	1.74	8.66	89.60
72	0.00	1.60	7.26	91.14
73	0.00	1.46	6.07	92.47
74	0.00	1.45	6.05	92.50
75	0.00	1.34	6.66	91.99
76	0.00	1.08	5.97	92.95
77	0.00	0.90	5.43	93.66
78	0.00	0.96	5.93	93.11
79	0.00	1.00	6.22	92.77
80	0.00	0.93	6.15	92.93
81	0.00	0.81	5.93	93.26
82	0.00	0.85	6.22	92.93
83	0.00	0.96	5.93	93.11
84	0.00	0.86	5.76	93.38
85	0.00	0.87	6.26	92.87
86	0.00	0.86	5.95	93.19
87	0.00	0.79	6.05	93.16
88	0.00	0.64	5.77	93.59
89	0.00	0.49	5.14	94.37
90	0.00	0.47	5.20	94.33
91	0.00	0.52	5.37	94.10
92	0.00	0.56	5.64	93.81
93	0.00	0.58	5.77	93.66
94	0.00	0.60	5.72	93.68
95	0.00	1.38	9.97	88.65




