Parameters
	Library type	Single-end
	Input file	/Volumes/wdhd/users/joaks1/projects/gekgo/data/genomes/msg/plate1/demultiplexed-trimmed/RMB_13654_Cyrtodactylus_philippinicus_Luzon_R1.trimmed.fq
	Primer/Adaptor library	NA
	Cut-off read length for HQ	70%
	Cut-off quality score	20
	Only statistics	On
	Number of processes	2


QC statistics
	File name	RMB_13654_Cyrtodactylus_philippinicus_Luzon_R1.trimmed.fq
	Total number of reads	237256
	Total number of HQ reads	235725
	Percentage of HQ reads	99.35%
	Total number of bases	18376967
	Total number of bases in HQ reads	18303616
	Total number of HQ bases in HQ reads	16764906
	Percentage of HQ bases in HQ reads	91.59%
	Number of Primer/Adaptor contaminated HQ reads	NA
	Total number of HQ filtered reads	235725
	Percentage of HQ filtered reads	99.35%


Detailed QC statistics
	File name	RMB_13654_Cyrtodactylus_philippinicus_Luzon_R1.trimmed.fq
	Minimum read length	10
	Maximum read length	95
	Average read length	77.46
	Total number of reads	237256
	Total number of reads with non-ATGC bases	0
	Percentage of reads with non-ATGC bases	0.00%
	Total number of bases	18376967
	Total number of HQ bases	16808720
	Percentage of HQ bases	91.47%
	Total number of non-ATGC bases	0
	Percentage of non-ATGC bases	0.00%


Average quality score at each base position of input reads

RMB_13654_Cyrtodactylus_philippinicus_Luzon_R1.trimmed.fq
34.94	34.33	36.34	35.80	36.43	36.46	36.27	38.58	37.91	37.54	37.69	37.95	37.82	37.83	37.86	37.44	37.61	37.04	36.95	36.80	37.22	36.67	36.73	36.82	37.13	36.97	36.97	37.34	36.55	36.22	36.41	36.46	36.19	36.31	36.64	36.23	36.40	36.58	36.73	35.97	35.76	35.56	35.39	35.01	34.57	33.21	31.51	29.14	26.15	22.97	20.21	18.35	16.69	15.49	14.56	13.88	13.57	13.36	13.83	14.41	15.57	16.75	17.88	18.94	19.93	20.47	20.94	21.25	21.39	20.74	21.00	21.26	21.44	21.44	21.34	21.35	21.35	21.22	21.14	21.10	21.08	20.99	20.96	20.94	20.84	20.83	20.82	20.83	20.87	20.86	20.81	20.75	20.69	20.68	20.04	




Read count (%) per base for different quality score ranges

	RMB_13654_Cyrtodactylus_philippinicus_Luzon_R1.trimmed.fq
Ranges	0-10	11-20	21-30	31-40
Base
1	0.00	2.78	2.35	94.86
2	0.00	1.81	1.39	96.80
3	0.00	1.68	1.10	97.21
4	0.00	1.81	1.74	96.45
5	0.00	1.59	1.20	97.21
6	0.00	1.66	1.04	97.30
7	0.00	1.90	1.71	96.39
8	0.00	2.12	1.47	96.41
9	0.00	2.36	2.24	95.40
10	0.00	2.55	2.39	95.06
11	0.00	2.43	1.98	95.59
12	0.00	2.09	1.86	96.05
13	0.00	2.08	2.48	95.45
14	0.00	2.15	2.36	95.49
15	0.00	2.06	2.19	95.75
16	0.00	2.08	2.82	95.10
17	0.00	1.91	2.28	95.81
18	0.00	2.31	3.42	94.28
19	0.00	2.59	3.32	94.09
20	0.00	2.89	3.44	93.67
21	0.00	2.38	2.60	95.01
22	0.00	2.42	3.12	94.47
23	0.00	2.32	3.12	94.57
24	0.00	2.19	2.89	94.92
25	0.00	2.05	2.43	95.52
26	0.00	1.92	3.07	95.01
27	0.00	1.91	2.87	95.22
28	0.00	1.72	2.29	95.99
29	0.00	1.71	3.10	95.18
30	0.00	2.03	3.97	94.00
31	0.00	1.77	3.51	94.72
32	0.00	1.82	3.56	94.63
33	0.00	1.94	3.88	94.18
34	0.00	1.61	3.36	95.03
35	0.00	1.22	2.42	96.35
36	0.00	1.10	3.29	95.61
37	0.00	0.92	2.74	96.34
38	0.00	0.88	2.33	96.80
39	0.00	0.83	1.95	97.21
40	0.00	0.91	3.09	95.99
41	0.00	1.11	3.26	95.63
42	0.00	1.23	3.50	95.27
43	0.00	1.18	3.57	95.25
44	0.00	1.50	4.12	94.37
45	0.00	1.55	4.65	93.80
46	0.00	2.43	8.16	89.41
47	0.00	5.21	13.14	81.65
48	0.00	10.13	18.94	70.93
49	0.00	18.92	23.97	57.11
50	0.00	33.37	22.79	43.84
51	0.00	47.22	18.78	34.00
52	0.00	54.55	16.66	28.79
53	0.00	60.71	15.10	24.19
54	0.00	64.51	13.89	21.60
55	0.00	66.08	14.48	19.43
56	0.00	66.65	15.48	17.87
57	0.00	64.97	17.56	17.47
58	0.00	62.93	19.59	17.48
59	0.00	54.90	24.92	20.18
60	0.00	47.42	27.84	24.74
61	0.00	36.05	31.15	32.80
62	0.00	26.49	30.73	42.79
63	0.00	18.82	28.28	52.90
64	0.00	12.80	24.07	63.13
65	0.00	8.28	18.86	72.86
66	0.00	6.08	15.29	78.62
67	0.00	4.12	12.40	83.48
68	0.00	2.97	10.22	86.81
69	0.00	2.45	9.02	88.54
70	0.00	1.59	12.36	86.04
71	0.00	1.82	8.83	89.35
72	0.00	1.68	7.36	90.96
73	0.00	1.50	6.19	92.32
74	0.00	1.43	5.97	92.59
75	0.00	1.37	6.51	92.12
76	0.00	1.10	6.03	92.87
77	0.00	0.94	5.57	93.49
78	0.00	0.98	6.01	93.00
79	0.00	1.02	6.21	92.78
80	0.00	0.93	6.18	92.89
81	0.00	0.84	5.88	93.29
82	0.00	0.90	6.09	93.02
83	0.00	0.99	5.98	93.03
84	0.00	0.93	5.88	93.19
85	0.00	0.87	6.45	92.69
86	0.00	0.84	6.11	93.05
87	0.00	0.80	6.10	93.09
88	0.00	0.64	5.81	93.55
89	0.00	0.54	5.04	94.42
90	0.00	0.50	4.95	94.54
91	0.00	0.52	5.15	94.33
92	0.00	0.57	5.54	93.89
93	0.00	0.56	5.76	93.69
94	0.00	0.58	5.49	93.94
95	0.00	1.37	9.77	88.86




