Parameters
	Library type	Single-end
	Input file	/Volumes/wdhd/users/joaks1/projects/gekgo/data/genomes/msg/plate1/demultiplexed-trimmed/RMB_13652_Cyrtodactylus_philippinicus_Luzon_R1.trimmed.fq
	Primer/Adaptor library	NA
	Cut-off read length for HQ	70%
	Cut-off quality score	20
	Only statistics	On
	Number of processes	2


QC statistics
	File name	RMB_13652_Cyrtodactylus_philippinicus_Luzon_R1.trimmed.fq
	Total number of reads	60536
	Total number of HQ reads	60097
	Percentage of HQ reads	99.27%
	Total number of bases	4446711
	Total number of bases in HQ reads	4426786
	Total number of HQ bases in HQ reads	4070638
	Percentage of HQ bases in HQ reads	91.95%
	Number of Primer/Adaptor contaminated HQ reads	NA
	Total number of HQ filtered reads	60097
	Percentage of HQ filtered reads	99.27%


Detailed QC statistics
	File name	RMB_13652_Cyrtodactylus_philippinicus_Luzon_R1.trimmed.fq
	Minimum read length	12
	Maximum read length	95
	Average read length	73.46
	Total number of reads	60536
	Total number of reads with non-ATGC bases	0
	Percentage of reads with non-ATGC bases	0.00%
	Total number of bases	4446711
	Total number of HQ bases	4082496
	Percentage of HQ bases	91.81%
	Total number of non-ATGC bases	0
	Percentage of non-ATGC bases	0.00%


Average quality score at each base position of input reads

RMB_13652_Cyrtodactylus_philippinicus_Luzon_R1.trimmed.fq
35.95	35.80	36.23	35.72	36.31	36.35	36.14	38.38	37.71	37.37	37.53	37.78	37.54	37.49	37.56	37.05	37.29	36.81	36.71	36.63	37.07	36.48	36.53	36.59	36.93	36.74	36.70	37.06	36.18	35.85	35.99	36.09	35.81	35.92	36.19	35.76	35.87	36.06	36.20	35.34	35.08	34.86	34.68	34.19	33.68	32.22	30.49	28.06	25.03	21.85	19.12	17.22	15.41	14.14	13.08	12.30	11.98	11.66	12.13	12.63	13.62	14.63	15.58	16.42	17.21	17.61	17.95	18.16	18.20	17.63	17.84	18.10	18.27	18.25	18.14	18.18	18.18	18.09	18.02	17.98	17.94	17.85	17.84	17.82	17.70	17.71	17.72	17.72	17.74	17.71	17.66	17.59	17.56	17.55	16.97	




Read count (%) per base for different quality score ranges

	RMB_13652_Cyrtodactylus_philippinicus_Luzon_R1.trimmed.fq
Ranges	0-10	11-20	21-30	31-40
Base
1	0.00	3.22	1.89	94.90
2	0.00	2.45	1.34	96.21
3	0.00	2.24	1.29	96.46
4	0.00	2.29	2.12	95.59
5	0.00	1.97	1.41	96.63
6	0.00	1.94	1.37	96.70
7	0.00	2.25	2.03	95.73
8	0.00	2.37	1.81	95.82
9	0.00	2.61	2.66	94.73
10	0.00	2.79	2.65	94.57
11	0.00	2.57	2.26	95.18
12	0.00	2.17	2.26	95.57
13	0.00	2.33	2.92	94.75
14	0.00	2.41	2.73	94.87
15	0.00	2.17	2.53	95.30
16	0.00	2.26	3.13	94.61
17	0.00	2.00	2.50	95.50
18	0.00	2.39	3.81	93.80
19	0.00	2.77	3.59	93.64
20	0.00	2.83	3.84	93.33
21	0.00	2.36	2.84	94.80
22	0.00	2.37	3.53	94.10
23	0.00	2.34	3.40	94.26
24	0.00	2.25	3.27	94.48
25	0.00	2.13	2.65	95.22
26	0.00	2.07	3.43	94.50
27	0.00	2.01	3.29	94.70
28	0.00	1.81	2.54	95.65
29	0.00	1.84	3.58	94.58
30	0.00	2.16	4.34	93.49
31	0.00	1.96	4.04	94.00
32	0.00	1.93	3.73	94.34
33	0.00	2.06	4.10	93.84
34	0.00	1.59	3.66	94.74
35	0.00	1.32	2.67	96.01
36	0.00	1.16	3.74	95.10
37	0.00	0.97	3.26	95.77
38	0.00	0.95	2.66	96.39
39	0.00	0.84	2.25	96.90
40	0.00	1.00	3.76	95.24
41	0.00	1.22	4.02	94.76
42	0.00	1.35	4.11	94.54
43	0.00	1.31	4.16	94.53
44	0.00	1.68	5.13	93.19
45	0.00	1.70	5.81	92.49
46	0.00	2.60	10.22	87.18
47	0.00	5.53	15.13	79.35
48	0.00	10.73	21.17	68.10
49	0.00	19.18	26.45	54.37
50	0.00	33.91	24.73	41.35
51	0.00	47.36	20.23	32.41
52	0.00	53.70	18.44	27.86
53	0.00	60.15	16.43	23.43
54	0.00	63.31	15.34	21.35
55	0.00	65.30	15.87	18.84
56	0.00	66.12	16.62	17.25
57	0.00	63.77	19.37	16.85
58	0.00	62.10	20.63	17.27
59	0.00	52.97	26.64	20.40
60	0.00	45.42	29.02	25.55
61	0.00	33.96	32.84	33.21
62	0.00	24.55	31.70	43.75
63	0.00	17.08	28.60	54.32
64	0.00	11.40	24.42	64.18
65	0.00	7.20	19.12	73.68
66	0.00	5.51	15.23	79.25
67	0.00	3.55	12.49	83.96
68	0.00	2.45	10.53	87.02
69	0.00	2.26	9.56	88.18
70	0.00	1.29	13.48	85.23
71	0.00	1.59	9.33	89.08
72	0.00	1.43	7.58	90.99
73	0.00	1.28	5.98	92.75
74	0.00	1.36	6.07	92.57
75	0.00	1.33	6.93	91.73
76	0.00	1.00	6.45	92.56
77	0.00	1.01	5.51	93.48
78	0.00	0.84	6.26	92.90
79	0.00	0.89	6.52	92.59
80	0.00	0.89	6.38	92.73
81	0.00	0.77	6.30	92.92
82	0.00	0.86	6.65	92.50
83	0.00	0.88	6.33	92.79
84	0.00	0.93	6.18	92.89
85	0.00	1.03	6.92	92.05
86	0.00	0.89	6.65	92.45
87	0.00	0.81	6.22	92.96
88	0.00	0.69	5.90	93.40
89	0.00	0.54	5.49	93.97
90	0.00	0.55	5.45	94.00
91	0.00	0.61	5.52	93.87
92	0.00	0.68	6.00	93.32
93	0.00	0.72	6.06	93.21
94	0.00	0.64	5.86	93.49
95	0.00	1.59	10.36	88.05




