Parameters
	Library type	Single-end
	Input file	/Volumes/wdhd/users/joaks1/projects/gekgo/data/genomes/msg/plate1/demultiplexed-trimmed/RMB_11591_Cyrtodactylus_jambangan_Mindanao_R1.trimmed.fq
	Primer/Adaptor library	NA
	Cut-off read length for HQ	70%
	Cut-off quality score	20
	Only statistics	On
	Number of processes	2


QC statistics
	File name	RMB_11591_Cyrtodactylus_jambangan_Mindanao_R1.trimmed.fq
	Total number of reads	79168
	Total number of HQ reads	78666
	Percentage of HQ reads	99.37%
	Total number of bases	6016936
	Total number of bases in HQ reads	5993446
	Total number of HQ bases in HQ reads	5496006
	Percentage of HQ bases in HQ reads	91.70%
	Number of Primer/Adaptor contaminated HQ reads	NA
	Total number of HQ filtered reads	78666
	Percentage of HQ filtered reads	99.37%


Detailed QC statistics
	File name	RMB_11591_Cyrtodactylus_jambangan_Mindanao_R1.trimmed.fq
	Minimum read length	12
	Maximum read length	95
	Average read length	76.00
	Total number of reads	79168
	Total number of reads with non-ATGC bases	0
	Percentage of reads with non-ATGC bases	0.00%
	Total number of bases	6016936
	Total number of HQ bases	5509994
	Percentage of HQ bases	91.57%
	Total number of non-ATGC bases	0
	Percentage of non-ATGC bases	0.00%


Average quality score at each base position of input reads

RMB_11591_Cyrtodactylus_jambangan_Mindanao_R1.trimmed.fq
36.06	35.90	36.34	35.88	36.40	36.41	36.20	38.49	37.84	37.50	37.65	37.96	37.76	37.70	37.70	37.25	37.46	36.92	36.86	36.74	37.20	36.63	36.67	36.72	37.03	36.84	36.89	37.28	36.45	36.13	36.30	36.32	36.06	36.14	36.52	36.04	36.22	36.40	36.54	35.74	35.52	35.29	35.11	34.70	34.28	32.87	31.05	28.49	25.63	22.47	19.86	17.87	16.36	15.01	14.06	13.36	13.00	12.90	13.25	13.73	14.80	15.94	17.00	18.02	18.84	19.34	19.76	20.06	20.14	19.50	19.76	19.99	20.17	20.15	20.06	20.07	20.07	19.96	19.88	19.85	19.83	19.76	19.73	19.75	19.66	19.64	19.62	19.61	19.66	19.65	19.59	19.54	19.50	19.45	18.80	




Read count (%) per base for different quality score ranges

	RMB_11591_Cyrtodactylus_jambangan_Mindanao_R1.trimmed.fq
Ranges	0-10	11-20	21-30	31-40
Base
1	0.00	2.73	1.92	95.35
2	0.00	2.00	1.24	96.76
3	0.00	1.88	1.16	96.97
4	0.00	2.03	1.69	96.28
5	0.00	1.76	1.22	97.02
6	0.00	1.79	1.16	97.05
7	0.00	2.06	1.96	95.98
8	0.00	2.19	1.70	96.11
9	0.00	2.43	2.33	95.24
10	0.00	2.64	2.43	94.93
11	0.00	2.45	2.14	95.42
12	0.00	1.97	2.03	96.00
13	0.00	2.05	2.65	95.29
14	0.00	2.15	2.49	95.36
15	0.00	2.10	2.25	95.66
16	0.00	2.08	2.90	95.02
17	0.00	1.78	2.39	95.83
18	0.00	2.35	3.60	94.05
19	0.00	2.66	3.39	93.95
20	0.00	2.75	3.53	93.72
21	0.00	2.30	2.67	95.04
22	0.00	2.36	3.15	94.49
23	0.00	2.27	3.33	94.39
24	0.00	2.25	3.11	94.64
25	0.00	2.11	2.46	95.43
26	0.00	1.95	3.18	94.87
27	0.00	1.91	2.98	95.11
28	0.00	1.76	2.24	95.99
29	0.00	1.72	3.29	94.99
30	0.00	2.07	4.07	93.86
31	0.00	1.85	3.57	94.57
32	0.00	2.01	3.69	94.30
33	0.00	2.09	3.95	93.96
34	0.00	1.77	3.63	94.60
35	0.00	1.34	2.58	96.08
36	0.00	1.22	3.67	95.10
37	0.00	1.01	2.97	96.01
38	0.00	0.92	2.49	96.59
39	0.00	0.84	2.13	97.03
40	0.00	1.00	3.21	95.78
41	0.00	1.16	3.44	95.41
42	0.00	1.29	3.94	94.78
43	0.00	1.27	4.00	94.74
44	0.00	1.54	4.56	93.90
45	0.00	1.66	5.16	93.19
46	0.00	2.61	8.88	88.51
47	0.00	5.33	14.65	80.01
48	0.00	10.87	20.91	68.23
49	0.00	19.49	25.29	55.22
50	0.00	33.96	23.53	42.51
51	0.00	46.90	19.52	33.58
52	0.00	54.48	17.69	27.83
53	0.00	59.83	15.82	24.35
54	0.00	64.20	14.76	21.04
55	0.00	65.38	15.78	18.84
56	0.00	66.00	16.14	17.86
57	0.00	64.75	18.00	17.24
58	0.00	61.67	20.41	17.92
59	0.00	54.44	25.38	20.18
60	0.00	47.26	28.38	24.36
61	0.00	36.09	31.60	32.31
62	0.00	26.20	31.19	42.61
63	0.00	18.23	28.95	52.82
64	0.00	12.12	24.36	63.52
65	0.00	8.30	18.99	72.71
66	0.00	5.98	15.72	78.30
67	0.00	3.82	12.77	83.42
68	0.00	2.71	10.20	87.09
69	0.00	2.21	9.36	88.43
70	0.00	1.44	13.33	85.23
71	0.00	1.72	9.14	89.14
72	0.00	1.56	7.68	90.76
73	0.00	1.48	6.44	92.07
74	0.00	1.45	6.31	92.24
75	0.00	1.33	6.98	91.69
76	0.00	1.06	6.49	92.45
77	0.00	0.90	5.67	93.43
78	0.00	0.91	6.19	92.90
79	0.00	0.93	6.64	92.43
80	0.00	0.85	6.52	92.62
81	0.00	0.79	6.33	92.88
82	0.00	0.85	6.56	92.59
83	0.00	0.96	6.32	92.73
84	0.00	0.81	6.01	93.18
85	0.00	0.86	6.44	92.70
86	0.00	0.87	6.31	92.82
87	0.00	0.84	6.20	92.96
88	0.00	0.72	6.14	93.14
89	0.00	0.54	5.38	94.08
90	0.00	0.49	5.28	94.24
91	0.00	0.55	5.49	93.96
92	0.00	0.61	5.51	93.89
93	0.00	0.63	5.83	93.55
94	0.00	0.57	5.81	93.62
95	0.00	1.47	10.43	88.10




