Parameters
	Library type	Single-end
	Input file	/Volumes/wdhd/users/joaks1/projects/gekgo/data/genomes/msg/plate1/demultiplexed-trimmed/RMB_8444_Cyrtodactylus_mamanwa_Dinagat_R1.trimmed.fq
	Primer/Adaptor library	NA
	Cut-off read length for HQ	70%
	Cut-off quality score	20
	Only statistics	On
	Number of processes	2


QC statistics
	File name	RMB_8444_Cyrtodactylus_mamanwa_Dinagat_R1.trimmed.fq
	Total number of reads	1165550
	Total number of HQ reads	1157958
	Percentage of HQ reads	99.35%
	Total number of bases	90472315
	Total number of bases in HQ reads	90110897
	Total number of HQ bases in HQ reads	82493794
	Percentage of HQ bases in HQ reads	91.55%
	Number of Primer/Adaptor contaminated HQ reads	NA
	Total number of HQ filtered reads	1157958
	Percentage of HQ filtered reads	99.35%


Detailed QC statistics
	File name	RMB_8444_Cyrtodactylus_mamanwa_Dinagat_R1.trimmed.fq
	Minimum read length	9
	Maximum read length	95
	Average read length	77.62
	Total number of reads	1165550
	Total number of reads with non-ATGC bases	0
	Percentage of reads with non-ATGC bases	0.00%
	Total number of bases	90472315
	Total number of HQ bases	82710395
	Percentage of HQ bases	91.42%
	Total number of non-ATGC bases	0
	Percentage of non-ATGC bases	0.00%


Average quality score at each base position of input reads

RMB_8444_Cyrtodactylus_mamanwa_Dinagat_R1.trimmed.fq
35.27	34.83	36.34	35.81	36.41	36.45	36.27	38.57	37.91	37.54	37.68	37.96	37.80	37.80	37.83	37.42	37.59	37.01	36.95	36.80	37.23	36.69	36.74	36.81	37.11	36.94	36.96	37.34	36.54	36.20	36.39	36.44	36.18	36.31	36.64	36.23	36.41	36.59	36.73	35.97	35.74	35.55	35.40	34.99	34.59	33.24	31.48	29.03	26.16	22.92	20.19	18.38	16.78	15.55	14.59	13.90	13.61	13.43	13.90	14.52	15.64	16.81	17.95	19.01	20.02	20.59	21.07	21.38	21.51	20.84	21.10	21.36	21.55	21.54	21.43	21.45	21.46	21.33	21.26	21.22	21.20	21.09	21.08	21.07	20.96	20.97	20.96	20.97	21.01	20.98	20.93	20.88	20.83	20.82	20.18	




Read count (%) per base for different quality score ranges

	RMB_8444_Cyrtodactylus_mamanwa_Dinagat_R1.trimmed.fq
Ranges	0-10	11-20	21-30	31-40
Base
1	0.00	2.80	2.26	94.94
2	0.00	1.86	1.34	96.81
3	0.00	1.72	1.12	97.16
4	0.00	1.89	1.77	96.35
5	0.00	1.67	1.17	97.16
6	0.00	1.65	1.09	97.26
7	0.00	1.95	1.70	96.35
8	0.00	2.14	1.49	96.37
9	0.00	2.40	2.21	95.39
10	0.00	2.61	2.35	95.04
11	0.00	2.44	2.03	95.53
12	0.00	2.04	1.91	96.06
13	0.00	2.09	2.54	95.37
14	0.00	2.19	2.41	95.41
15	0.00	2.09	2.23	95.68
16	0.00	2.08	2.90	95.01
17	0.00	1.90	2.27	95.83
18	0.00	2.33	3.48	94.19
19	0.00	2.57	3.30	94.13
20	0.00	2.85	3.44	93.71
21	0.00	2.38	2.59	95.03
22	0.00	2.40	3.13	94.47
23	0.00	2.27	3.13	94.60
24	0.00	2.23	2.93	94.84
25	0.00	2.11	2.47	95.43
26	0.00	1.99	3.08	94.93
27	0.00	1.94	2.93	95.13
28	0.00	1.74	2.26	96.00
29	0.00	1.72	3.15	95.13
30	0.00	2.07	3.96	93.97
31	0.00	1.78	3.51	94.70
32	0.00	1.83	3.58	94.60
33	0.00	1.96	3.86	94.18
34	0.00	1.57	3.31	95.12
35	0.00	1.24	2.42	96.34
36	0.00	1.10	3.29	95.61
37	0.00	0.91	2.69	96.40
38	0.00	0.87	2.35	96.78
39	0.00	0.83	1.98	97.19
40	0.00	0.90	3.06	96.04
41	0.00	1.06	3.41	95.53
42	0.00	1.23	3.54	95.23
43	0.00	1.22	3.58	95.20
44	0.00	1.53	4.27	94.20
45	0.00	1.53	4.70	93.77
46	0.00	2.39	8.19	89.42
47	0.00	5.14	13.58	81.28
48	0.00	10.40	19.67	69.93
49	0.00	18.89	24.09	57.02
50	0.00	33.81	22.75	43.44
51	0.00	47.55	18.62	33.82
52	0.00	54.71	16.44	28.85
53	0.00	60.60	15.03	24.37
54	0.00	64.60	13.90	21.50
55	0.00	66.17	14.79	19.04
56	0.00	66.94	15.47	17.60
57	0.00	65.13	17.70	17.17
58	0.00	63.11	19.40	17.49
59	0.00	54.99	24.95	20.05
60	0.00	47.26	28.02	24.72
61	0.00	36.49	30.92	32.59
62	0.00	26.96	30.72	42.33
63	0.00	18.96	28.63	52.41
64	0.00	12.85	24.49	62.66
65	0.00	8.42	18.94	72.64
66	0.00	6.01	15.40	78.60
67	0.00	4.05	12.46	83.49
68	0.00	2.90	10.28	86.83
69	0.00	2.37	9.13	88.50
70	0.00	1.61	12.51	85.88
71	0.00	1.81	8.89	89.29
72	0.00	1.67	7.45	90.88
73	0.00	1.51	6.17	92.32
74	0.00	1.45	6.06	92.48
75	0.00	1.42	6.70	91.88
76	0.00	1.13	6.14	92.73
77	0.00	0.93	5.54	93.52
78	0.00	0.97	6.06	92.97
79	0.00	1.01	6.24	92.74
80	0.00	0.90	6.27	92.83
81	0.00	0.78	6.03	93.19
82	0.00	0.90	6.40	92.70
83	0.00	0.98	6.07	92.95
84	0.00	0.87	5.86	93.27
85	0.00	0.89	6.40	92.71
86	0.00	0.87	6.02	93.11
87	0.00	0.80	5.93	93.27
88	0.00	0.66	5.71	93.63
89	0.00	0.50	5.06	94.44
90	0.00	0.51	5.08	94.41
91	0.00	0.52	5.23	94.25
92	0.00	0.57	5.52	93.92
93	0.00	0.59	5.60	93.81
94	0.00	0.54	5.42	94.04
95	0.00	1.34	9.70	88.96




