Parameters
	Library type	Single-end
	Input file	/Volumes/wdhd/users/joaks1/projects/gekgo/data/genomes/msg/plate1/demultiplexed-trimmed/RMB_11670_Cyrtodactylus_jambangan_Mindanao_R1.trimmed.fq
	Primer/Adaptor library	NA
	Cut-off read length for HQ	70%
	Cut-off quality score	20
	Only statistics	On
	Number of processes	2


QC statistics
	File name	RMB_11670_Cyrtodactylus_jambangan_Mindanao_R1.trimmed.fq
	Total number of reads	500336
	Total number of HQ reads	497172
	Percentage of HQ reads	99.37%
	Total number of bases	38303490
	Total number of bases in HQ reads	38154889
	Total number of HQ bases in HQ reads	34953186
	Percentage of HQ bases in HQ reads	91.61%
	Number of Primer/Adaptor contaminated HQ reads	NA
	Total number of HQ filtered reads	497172
	Percentage of HQ filtered reads	99.37%


Detailed QC statistics
	File name	RMB_11670_Cyrtodactylus_jambangan_Mindanao_R1.trimmed.fq
	Minimum read length	7
	Maximum read length	95
	Average read length	76.56
	Total number of reads	500336
	Total number of reads with non-ATGC bases	0
	Percentage of reads with non-ATGC bases	0.00%
	Total number of bases	38303490
	Total number of HQ bases	35042399
	Percentage of HQ bases	91.49%
	Total number of non-ATGC bases	0
	Percentage of non-ATGC bases	0.00%


Average quality score at each base position of input reads

RMB_11670_Cyrtodactylus_jambangan_Mindanao_R1.trimmed.fq
33.83	34.11	36.28	35.73	36.39	36.44	36.23	38.50	37.83	37.50	37.65	37.95	37.78	37.74	37.78	37.36	37.53	36.95	36.89	36.72	37.18	36.66	36.70	36.76	37.06	36.87	36.90	37.29	36.49	36.14	36.29	36.34	36.04	36.16	36.52	36.06	36.24	36.40	36.56	35.77	35.55	35.32	35.15	34.74	34.33	32.99	31.17	28.67	25.83	22.56	19.95	18.01	16.50	15.15	14.21	13.53	13.17	13.03	13.41	13.96	15.08	16.26	17.35	18.39	19.26	19.79	20.24	20.57	20.71	20.06	20.29	20.53	20.69	20.71	20.62	20.62	20.61	20.49	20.42	20.37	20.36	20.28	20.25	20.25	20.16	20.14	20.13	20.13	20.18	20.18	20.12	20.06	20.02	19.98	19.32	




Read count (%) per base for different quality score ranges

	RMB_11670_Cyrtodactylus_jambangan_Mindanao_R1.trimmed.fq
Ranges	0-10	11-20	21-30	31-40
Base
1	0.00	3.07	3.53	93.39
2	0.00	1.95	1.49	96.56
3	0.00	1.79	1.18	97.03
4	0.00	1.94	1.78	96.28
5	0.00	1.73	1.21	97.06
6	0.00	1.69	1.13	97.18
7	0.00	2.01	1.85	96.13
8	0.00	2.24	1.60	96.17
9	0.00	2.49	2.30	95.21
10	0.00	2.64	2.47	94.89
11	0.00	2.46	2.06	95.49
12	0.00	2.04	1.95	96.01
13	0.00	2.09	2.60	95.31
14	0.00	2.20	2.48	95.32
15	0.00	2.11	2.27	95.62
16	0.00	2.13	2.92	94.96
17	0.00	1.94	2.35	95.71
18	0.00	2.39	3.53	94.08
19	0.00	2.65	3.42	93.93
20	0.00	2.90	3.62	93.48
21	0.00	2.40	2.68	94.92
22	0.00	2.39	3.17	94.44
23	0.00	2.30	3.22	94.47
24	0.00	2.25	2.99	94.76
25	0.00	2.11	2.48	95.41
26	0.00	1.99	3.13	94.87
27	0.00	1.93	2.96	95.12
28	0.00	1.70	2.27	96.03
29	0.00	1.68	3.22	95.11
30	0.00	2.03	4.04	93.93
31	0.00	1.81	3.61	94.57
32	0.00	1.89	3.69	94.43
33	0.00	2.03	4.04	93.93
34	0.00	1.62	3.46	94.92
35	0.00	1.28	2.52	96.21
36	0.00	1.20	3.53	95.27
37	0.00	0.95	2.90	96.15
38	0.00	0.92	2.52	96.57
39	0.00	0.86	2.09	97.05
40	0.00	0.94	3.24	95.82
41	0.00	1.10	3.47	95.42
42	0.00	1.30	3.76	94.95
43	0.00	1.25	3.76	95.00
44	0.00	1.55	4.37	94.08
45	0.00	1.58	4.94	93.48
46	0.00	2.44	8.34	89.22
47	0.00	5.41	13.89	80.71
48	0.00	10.72	20.10	69.18
49	0.00	19.31	24.20	56.49
50	0.00	34.27	22.94	42.80
51	0.00	47.25	18.81	33.94
52	0.00	54.73	17.03	28.23
53	0.00	59.86	15.60	24.53
54	0.00	64.44	14.27	21.29
55	0.00	65.64	15.41	18.95
56	0.00	66.50	15.51	17.99
57	0.00	65.28	17.40	17.32
58	0.00	62.40	19.98	17.62
59	0.00	55.15	24.91	19.94
60	0.00	47.65	27.96	24.39
61	0.00	36.60	30.96	32.44
62	0.00	26.46	31.10	42.44
63	0.00	18.71	28.43	52.86
64	0.00	12.50	24.42	63.08
65	0.00	8.56	19.05	72.39
66	0.00	6.14	15.64	78.22
67	0.00	4.08	12.69	83.23
68	0.00	2.84	10.39	86.77
69	0.00	2.23	9.05	88.72
70	0.00	1.57	12.55	85.88
71	0.00	1.85	9.07	89.07
72	0.00	1.70	7.63	90.67
73	0.00	1.59	6.36	92.05
74	0.00	1.40	6.24	92.36
75	0.00	1.34	6.63	92.04
76	0.00	1.10	6.18	92.72
77	0.00	0.93	5.67	93.40
78	0.00	0.95	6.23	92.82
79	0.00	1.01	6.36	92.63
80	0.00	0.92	6.36	92.72
81	0.00	0.79	6.16	93.05
82	0.00	0.84	6.33	92.83
83	0.00	0.97	6.13	92.91
84	0.00	0.86	5.96	93.18
85	0.00	0.87	6.51	92.62
86	0.00	0.88	6.21	92.91
87	0.00	0.81	6.07	93.11
88	0.00	0.68	5.89	93.43
89	0.00	0.49	5.22	94.29
90	0.00	0.48	5.06	94.45
91	0.00	0.54	5.29	94.17
92	0.00	0.56	5.51	93.93
93	0.00	0.57	5.70	93.73
94	0.00	0.58	5.64	93.78
95	0.00	1.52	10.11	88.37




