Parameters
	Library type	Single-end
	Input file	/Volumes/wdhd/users/joaks1/projects/gekgo/data/genomes/msg/plate1/demultiplexed-trimmed/RMB_9693_Cyrtodactylus_philippinicus_Luzon_R1.trimmed.fq
	Primer/Adaptor library	NA
	Cut-off read length for HQ	70%
	Cut-off quality score	20
	Only statistics	On
	Number of processes	2


QC statistics
	File name	RMB_9693_Cyrtodactylus_philippinicus_Luzon_R1.trimmed.fq
	Total number of reads	144057
	Total number of HQ reads	143011
	Percentage of HQ reads	99.27%
	Total number of bases	10885026
	Total number of bases in HQ reads	10836148
	Total number of HQ bases in HQ reads	9929247
	Percentage of HQ bases in HQ reads	91.63%
	Number of Primer/Adaptor contaminated HQ reads	NA
	Total number of HQ filtered reads	143011
	Percentage of HQ filtered reads	99.27%


Detailed QC statistics
	File name	RMB_9693_Cyrtodactylus_philippinicus_Luzon_R1.trimmed.fq
	Minimum read length	7
	Maximum read length	95
	Average read length	75.56
	Total number of reads	144057
	Total number of reads with non-ATGC bases	0
	Percentage of reads with non-ATGC bases	0.00%
	Total number of bases	10885026
	Total number of HQ bases	9958590
	Percentage of HQ bases	91.49%
	Total number of non-ATGC bases	0
	Percentage of non-ATGC bases	0.00%


Average quality score at each base position of input reads

RMB_9693_Cyrtodactylus_philippinicus_Luzon_R1.trimmed.fq
35.44	35.17	36.25	35.76	36.33	36.37	36.17	38.43	37.77	37.41	37.56	37.85	37.58	37.46	37.47	37.05	37.33	36.86	36.77	36.65	37.07	36.52	36.58	36.65	36.95	36.78	36.76	37.10	36.30	35.99	36.16	36.21	35.91	36.03	36.32	35.91	36.07	36.25	36.38	35.57	35.32	35.11	34.96	34.51	34.01	32.53	30.75	28.36	25.32	22.19	19.51	17.67	15.95	14.72	13.79	13.04	12.70	12.51	12.96	13.51	14.54	15.67	16.75	17.72	18.59	19.04	19.42	19.69	19.75	19.14	19.36	19.61	19.79	19.77	19.69	19.72	19.74	19.63	19.57	19.56	19.54	19.48	19.46	19.45	19.35	19.36	19.36	19.34	19.39	19.37	19.31	19.25	19.21	19.20	18.56	




Read count (%) per base for different quality score ranges

	RMB_9693_Cyrtodactylus_philippinicus_Luzon_R1.trimmed.fq
Ranges	0-10	11-20	21-30	31-40
Base
1	0.00	3.18	2.50	94.32
2	0.00	2.16	1.56	96.27
3	0.00	2.04	1.34	96.62
4	0.00	2.19	2.00	95.81
5	0.00	1.94	1.36	96.70
6	0.00	1.89	1.32	96.79
7	0.00	2.20	1.98	95.82
8	0.00	2.36	1.72	95.93
9	0.00	2.61	2.49	94.90
10	0.00	2.82	2.59	94.58
11	0.00	2.62	2.25	95.13
12	0.00	2.17	2.12	95.70
13	0.00	2.17	2.81	95.03
14	0.00	2.26	2.62	95.13
15	0.00	2.20	2.40	95.40
16	0.00	2.19	3.13	94.69
17	0.00	1.98	2.45	95.57
18	0.00	2.41	3.83	93.76
19	0.00	2.72	3.57	93.72
20	0.00	2.90	3.75	93.34
21	0.00	2.46	2.88	94.66
22	0.00	2.44	3.45	94.12
23	0.00	2.35	3.45	94.19
24	0.00	2.29	3.27	94.44
25	0.00	2.18	2.69	95.13
26	0.00	2.04	3.33	94.63
27	0.00	2.01	3.19	94.79
28	0.00	1.92	2.45	95.64
29	0.00	1.82	3.41	94.77
30	0.00	2.16	4.21	93.63
31	0.00	1.93	3.79	94.28
32	0.00	1.98	3.83	94.19
33	0.00	2.10	4.13	93.77
34	0.00	1.76	3.52	94.73
35	0.00	1.46	2.64	95.90
36	0.00	1.25	3.74	95.00
37	0.00	1.05	3.06	95.89
38	0.00	0.96	2.58	96.46
39	0.00	0.91	2.26	96.83
40	0.00	1.00	3.47	95.52
41	0.00	1.17	3.68	95.15
42	0.00	1.26	3.98	94.76
43	0.00	1.24	3.96	94.80
44	0.00	1.56	4.85	93.60
45	0.00	1.62	5.63	92.75
46	0.00	2.51	10.11	87.38
47	0.00	5.18	15.85	78.97
48	0.00	10.45	21.60	67.95
49	0.00	19.53	26.55	53.92
50	0.00	33.67	25.39	40.95
51	0.00	47.12	21.10	31.79
52	0.00	54.16	19.12	26.72
53	0.00	60.86	16.90	22.24
54	0.00	64.69	15.15	20.15
55	0.00	66.10	15.91	17.98
56	0.00	67.22	16.35	16.43
57	0.00	65.47	18.50	16.03
58	0.00	63.03	20.71	16.26
59	0.00	54.69	26.29	19.01
60	0.00	47.16	29.03	23.80
61	0.00	36.34	32.09	31.58
62	0.00	26.33	31.77	41.91
63	0.00	18.29	28.98	52.73
64	0.00	12.44	24.43	63.13
65	0.00	8.14	19.30	72.56
66	0.00	6.04	15.80	78.16
67	0.00	4.03	12.97	82.99
68	0.00	2.82	10.77	86.40
69	0.00	2.43	9.76	87.81
70	0.00	1.63	13.63	84.74
71	0.00	1.86	9.69	88.45
72	0.00	1.68	8.10	90.21
73	0.00	1.54	6.57	91.89
74	0.00	1.51	6.57	91.92
75	0.00	1.37	7.36	91.27
76	0.00	1.13	6.63	92.24
77	0.00	0.97	6.03	93.00
78	0.00	0.99	6.62	92.38
79	0.00	1.06	6.85	92.09
80	0.00	0.94	6.62	92.44
81	0.00	0.79	6.41	92.80
82	0.00	0.90	6.58	92.52
83	0.00	0.97	6.35	92.68
84	0.00	0.93	6.23	92.83
85	0.00	1.01	6.68	92.31
86	0.00	0.92	6.34	92.74
87	0.00	0.84	6.09	93.08
88	0.00	0.74	6.04	93.22
89	0.00	0.59	5.19	94.21
90	0.00	0.55	5.37	94.08
91	0.00	0.58	5.54	93.88
92	0.00	0.70	5.70	93.60
93	0.00	0.67	5.80	93.53
94	0.00	0.62	5.61	93.77
95	0.00	1.62	10.25	88.13




