Parameters
	Library type	Single-end
	Input file	/Volumes/wdhd/users/joaks1/projects/gekgo/data/genomes/msg/plate1/demultiplexed-trimmed/RMB_13510_Cyrtodactylus_philippinicus_Luzon_R1.trimmed.fq
	Primer/Adaptor library	NA
	Cut-off read length for HQ	70%
	Cut-off quality score	20
	Only statistics	On
	Number of processes	2


QC statistics
	File name	RMB_13510_Cyrtodactylus_philippinicus_Luzon_R1.trimmed.fq
	Total number of reads	209641
	Total number of HQ reads	208299
	Percentage of HQ reads	99.36%
	Total number of bases	16222000
	Total number of bases in HQ reads	16156885
	Total number of HQ bases in HQ reads	14798581
	Percentage of HQ bases in HQ reads	91.59%
	Number of Primer/Adaptor contaminated HQ reads	NA
	Total number of HQ filtered reads	208299
	Percentage of HQ filtered reads	99.36%


Detailed QC statistics
	File name	RMB_13510_Cyrtodactylus_philippinicus_Luzon_R1.trimmed.fq
	Minimum read length	13
	Maximum read length	95
	Average read length	77.38
	Total number of reads	209641
	Total number of reads with non-ATGC bases	0
	Percentage of reads with non-ATGC bases	0.00%
	Total number of bases	16222000
	Total number of HQ bases	14837888
	Percentage of HQ bases	91.47%
	Total number of non-ATGC bases	0
	Percentage of non-ATGC bases	0.00%


Average quality score at each base position of input reads

RMB_13510_Cyrtodactylus_philippinicus_Luzon_R1.trimmed.fq
36.13	35.51	36.38	35.91	36.43	36.46	36.27	38.57	37.91	37.54	37.67	37.95	37.80	37.81	37.86	37.50	37.70	37.13	37.01	36.84	37.26	36.73	36.76	36.84	37.17	36.98	37.01	37.39	36.59	36.27	36.47	36.51	36.27	36.41	36.73	36.32	36.50	36.69	36.84	36.06	35.85	35.64	35.48	35.09	34.68	33.34	31.59	29.11	26.24	22.99	20.31	18.32	16.74	15.51	14.50	13.84	13.52	13.32	13.78	14.37	15.49	16.65	17.82	18.88	19.85	20.42	20.88	21.19	21.31	20.67	20.93	21.19	21.37	21.36	21.26	21.28	21.28	21.15	21.06	21.01	20.98	20.89	20.86	20.86	20.73	20.72	20.70	20.73	20.76	20.74	20.68	20.63	20.58	20.55	19.93	




Read count (%) per base for different quality score ranges

	RMB_13510_Cyrtodactylus_philippinicus_Luzon_R1.trimmed.fq
Ranges	0-10	11-20	21-30	31-40
Base
1	0.00	2.49	1.77	95.74
2	0.00	1.83	1.13	97.03
3	0.00	1.69	1.06	97.25
4	0.00	1.87	1.63	96.50
5	0.00	1.67	1.10	97.23
6	0.00	1.66	1.02	97.31
7	0.00	1.97	1.64	96.39
8	0.00	2.16	1.48	96.36
9	0.00	2.37	2.22	95.41
10	0.00	2.62	2.36	95.02
11	0.00	2.47	2.03	95.50
12	0.00	2.06	1.86	96.08
13	0.00	2.06	2.48	95.46
14	0.00	2.19	2.32	95.49
15	0.00	2.09	2.14	95.77
16	0.00	2.01	2.81	95.18
17	0.00	1.91	2.15	95.94
18	0.00	2.29	3.36	94.35
19	0.00	2.59	3.25	94.16
20	0.00	2.75	3.47	93.78
21	0.00	2.31	2.55	95.13
22	0.00	2.32	3.03	94.66
23	0.00	2.23	3.10	94.67
24	0.00	2.19	2.88	94.93
25	0.00	2.00	2.35	95.65
26	0.00	1.95	2.98	95.07
27	0.00	1.86	2.89	95.25
28	0.00	1.69	2.20	96.12
29	0.00	1.70	3.02	95.28
30	0.00	2.04	3.85	94.11
31	0.00	1.78	3.43	94.79
32	0.00	1.83	3.55	94.62
33	0.00	1.88	3.91	94.21
34	0.00	1.51	3.32	95.17
35	0.00	1.23	2.40	96.38
36	0.00	1.11	3.33	95.56
37	0.00	0.90	2.68	96.42
38	0.00	0.84	2.35	96.81
39	0.00	0.84	1.97	97.19
40	0.00	0.94	3.04	96.02
41	0.00	1.04	3.30	95.66
42	0.00	1.19	3.62	95.19
43	0.00	1.17	3.63	95.20
44	0.00	1.49	4.18	94.34
45	0.00	1.55	4.66	93.79
46	0.00	2.45	7.96	89.60
47	0.00	5.27	13.10	81.63
48	0.00	10.49	18.98	70.52
49	0.00	18.95	23.36	57.69
50	0.00	33.76	22.08	44.16
51	0.00	46.95	18.06	35.00
52	0.00	54.99	16.05	28.96
53	0.00	60.43	14.82	24.75
54	0.00	64.53	13.37	22.09
55	0.00	66.51	14.13	19.36
56	0.00	66.82	15.10	18.08
57	0.00	65.24	17.11	17.65
58	0.00	62.99	19.17	17.83
59	0.00	54.91	24.54	20.55
60	0.00	47.32	27.59	25.09
61	0.00	36.40	30.54	33.05
62	0.00	26.79	30.48	42.73
63	0.00	18.60	28.20	53.20
64	0.00	12.89	23.65	63.47
65	0.00	8.37	18.65	72.98
66	0.00	6.02	15.08	78.90
67	0.00	4.07	12.34	83.59
68	0.00	2.97	10.15	86.88
69	0.00	2.38	9.20	88.42
70	0.00	1.50	12.48	86.03
71	0.00	1.76	8.79	89.45
72	0.00	1.61	7.29	91.10
73	0.00	1.54	6.07	92.39
74	0.00	1.46	6.01	92.53
75	0.00	1.38	6.63	91.99
76	0.00	1.09	6.04	92.87
77	0.00	0.89	5.45	93.65
78	0.00	0.92	5.91	93.17
79	0.00	0.98	6.19	92.82
80	0.00	0.87	6.24	92.89
81	0.00	0.80	5.95	93.25
82	0.00	0.91	6.17	92.92
83	0.00	0.97	6.11	92.92
84	0.00	0.88	5.81	93.31
85	0.00	0.92	6.45	92.63
86	0.00	0.87	6.12	93.01
87	0.00	0.83	5.96	93.20
88	0.00	0.60	5.74	93.66
89	0.00	0.50	5.07	94.43
90	0.00	0.47	5.08	94.45
91	0.00	0.55	5.20	94.25
92	0.00	0.54	5.61	93.86
93	0.00	0.59	5.64	93.76
94	0.00	0.58	5.52	93.89
95	0.00	1.36	9.77	88.87




