Parameters
	Library type	Single-end
	Input file	/Volumes/wdhd/users/joaks1/projects/gekgo/data/genomes/msg/plate1/demultiplexed-trimmed/RMB_8201_Cyrtodactylus_annulatus_CamiguinSur_R1.trimmed.fq
	Primer/Adaptor library	NA
	Cut-off read length for HQ	70%
	Cut-off quality score	20
	Only statistics	On
	Number of processes	2


QC statistics
	File name	RMB_8201_Cyrtodactylus_annulatus_CamiguinSur_R1.trimmed.fq
	Total number of reads	133548
	Total number of HQ reads	132609
	Percentage of HQ reads	99.30%
	Total number of bases	10270428
	Total number of bases in HQ reads	10225163
	Total number of HQ bases in HQ reads	9365955
	Percentage of HQ bases in HQ reads	91.60%
	Number of Primer/Adaptor contaminated HQ reads	NA
	Total number of HQ filtered reads	132609
	Percentage of HQ filtered reads	99.30%


Detailed QC statistics
	File name	RMB_8201_Cyrtodactylus_annulatus_CamiguinSur_R1.trimmed.fq
	Minimum read length	10
	Maximum read length	95
	Average read length	76.90
	Total number of reads	133548
	Total number of reads with non-ATGC bases	0
	Percentage of reads with non-ATGC bases	0.00%
	Total number of bases	10270428
	Total number of HQ bases	9392945
	Percentage of HQ bases	91.46%
	Total number of non-ATGC bases	0
	Percentage of non-ATGC bases	0.00%


Average quality score at each base position of input reads

RMB_8201_Cyrtodactylus_annulatus_CamiguinSur_R1.trimmed.fq
35.20	34.61	36.32	35.79	36.39	36.44	36.23	38.51	37.84	37.50	37.65	37.95	37.82	37.79	37.82	37.43	37.62	37.04	36.95	36.78	37.24	36.69	36.75	36.82	37.09	36.91	36.93	37.32	36.52	36.19	36.36	36.38	36.12	36.25	36.62	36.16	36.33	36.50	36.66	35.87	35.65	35.40	35.24	34.82	34.46	33.10	31.31	28.83	25.95	22.76	20.11	18.16	16.67	15.31	14.35	13.71	13.35	13.20	13.62	14.17	15.29	16.47	17.53	18.59	19.48	20.02	20.50	20.85	20.98	20.34	20.60	20.82	21.00	21.01	20.92	20.93	20.91	20.77	20.69	20.64	20.63	20.55	20.52	20.50	20.42	20.39	20.37	20.38	20.41	20.41	20.37	20.30	20.27	20.21	19.53	




Read count (%) per base for different quality score ranges

	RMB_8201_Cyrtodactylus_annulatus_CamiguinSur_R1.trimmed.fq
Ranges	0-10	11-20	21-30	31-40
Base
1	0.00	2.84	2.16	95.00
2	0.00	1.95	1.32	96.73
3	0.00	1.81	1.09	97.09
4	0.00	1.95	1.75	96.29
5	0.00	1.75	1.17	97.09
6	0.00	1.71	1.07	97.22
7	0.00	2.06	1.77	96.17
8	0.00	2.27	1.54	96.19
9	0.00	2.47	2.27	95.26
10	0.00	2.67	2.37	94.96
11	0.00	2.49	2.05	95.46
12	0.00	2.14	1.92	95.94
13	0.00	2.08	2.50	95.43
14	0.00	2.17	2.47	95.36
15	0.00	2.05	2.31	95.64
16	0.00	2.10	2.91	94.99
17	0.00	1.87	2.33	95.79
18	0.00	2.32	3.45	94.24
19	0.00	2.60	3.38	94.01
20	0.00	2.85	3.52	93.62
21	0.00	2.39	2.57	95.04
22	0.00	2.43	3.14	94.43
23	0.00	2.28	3.15	94.57
24	0.00	2.24	2.91	94.85
25	0.00	2.09	2.53	95.37
26	0.00	2.01	3.07	94.92
27	0.00	2.00	2.93	95.08
28	0.00	1.75	2.21	96.04
29	0.00	1.74	3.09	95.17
30	0.00	2.10	3.88	94.01
31	0.00	1.77	3.61	94.61
32	0.00	1.90	3.64	94.46
33	0.00	2.00	3.89	94.11
34	0.00	1.58	3.41	95.01
35	0.00	1.27	2.37	96.36
36	0.00	1.20	3.54	95.26
37	0.00	0.97	2.81	96.22
38	0.00	0.94	2.43	96.62
39	0.00	0.87	2.03	97.10
40	0.00	0.91	3.26	95.83
41	0.00	1.13	3.37	95.50
42	0.00	1.29	3.74	94.97
43	0.00	1.29	3.84	94.87
44	0.00	1.58	4.31	94.10
45	0.00	1.53	4.77	93.69
46	0.00	2.52	8.30	89.18
47	0.00	5.42	13.47	81.10
48	0.00	10.71	19.59	69.70
49	0.00	19.40	23.80	56.80
50	0.00	33.95	22.30	43.75
51	0.00	47.01	18.47	34.52
52	0.00	54.72	16.71	28.56
53	0.00	59.77	15.44	24.80
54	0.00	64.60	13.81	21.58
55	0.00	65.87	14.89	19.25
56	0.00	66.10	15.85	18.05
57	0.00	65.23	17.07	17.70
58	0.00	62.61	19.39	18.00
59	0.00	54.96	24.56	20.48
60	0.00	47.40	27.88	24.72
61	0.00	36.61	30.45	32.94
62	0.00	26.54	30.78	42.68
63	0.00	18.95	28.43	52.63
64	0.00	12.68	24.21	63.11
65	0.00	8.68	19.05	72.26
66	0.00	6.16	15.86	77.98
67	0.00	4.05	12.68	83.27
68	0.00	2.90	10.16	86.94
69	0.00	2.34	8.95	88.72
70	0.00	1.62	12.16	86.23
71	0.00	1.79	8.88	89.33
72	0.00	1.71	7.57	90.72
73	0.00	1.60	6.30	92.10
74	0.00	1.43	6.09	92.48
75	0.00	1.35	6.57	92.08
76	0.00	1.12	5.95	92.93
77	0.00	0.94	5.62	93.44
78	0.00	0.96	6.12	92.91
79	0.00	1.00	6.35	92.65
80	0.00	0.93	6.30	92.77
81	0.00	0.77	5.96	93.27
82	0.00	0.93	6.13	92.95
83	0.00	1.00	6.02	92.98
84	0.00	0.85	6.04	93.11
85	0.00	0.89	6.33	92.78
86	0.00	0.92	6.11	92.98
87	0.00	0.89	6.06	93.05
88	0.00	0.67	5.87	93.46
89	0.00	0.52	5.26	94.22
90	0.00	0.55	5.03	94.42
91	0.00	0.49	5.19	94.32
92	0.00	0.55	5.38	94.07
93	0.00	0.55	5.49	93.96
94	0.00	0.56	5.52	93.92
95	0.00	1.46	10.31	88.22




