Parameters
	Library type	Single-end
	Input file	/Volumes/wdhd/users/joaks1/projects/gekgo/data/genomes/msg/plate1/demultiplexed-trimmed/RMB_8043_Cyrtodactylus_annulatus_CamiguinSur_R1.trimmed.fq
	Primer/Adaptor library	NA
	Cut-off read length for HQ	70%
	Cut-off quality score	20
	Only statistics	On
	Number of processes	2


QC statistics
	File name	RMB_8043_Cyrtodactylus_annulatus_CamiguinSur_R1.trimmed.fq
	Total number of reads	1016198
	Total number of HQ reads	1009999
	Percentage of HQ reads	99.39%
	Total number of bases	78221904
	Total number of bases in HQ reads	77926554
	Total number of HQ bases in HQ reads	71424828
	Percentage of HQ bases in HQ reads	91.66%
	Number of Primer/Adaptor contaminated HQ reads	NA
	Total number of HQ filtered reads	1009999
	Percentage of HQ filtered reads	99.39%


Detailed QC statistics
	File name	RMB_8043_Cyrtodactylus_annulatus_CamiguinSur_R1.trimmed.fq
	Minimum read length	10
	Maximum read length	95
	Average read length	76.98
	Total number of reads	1016198
	Total number of reads with non-ATGC bases	0
	Percentage of reads with non-ATGC bases	0.00%
	Total number of bases	78221904
	Total number of HQ bases	71602231
	Percentage of HQ bases	91.54%
	Total number of non-ATGC bases	0
	Percentage of non-ATGC bases	0.00%


Average quality score at each base position of input reads

RMB_8043_Cyrtodactylus_annulatus_CamiguinSur_R1.trimmed.fq
36.15	36.14	36.42	35.93	36.43	36.47	36.25	38.55	37.89	37.55	37.68	38.00	37.83	37.79	37.84	37.45	37.66	37.06	36.98	36.81	37.26	36.70	36.76	36.83	37.12	36.95	36.97	37.38	36.56	36.24	36.41	36.44	36.17	36.30	36.67	36.19	36.36	36.55	36.72	35.94	35.74	35.52	35.33	34.93	34.56	33.20	31.41	28.87	26.04	22.78	20.14	18.21	16.72	15.38	14.39	13.73	13.36	13.24	13.62	14.19	15.32	16.51	17.60	18.66	19.55	20.09	20.56	20.90	21.03	20.38	20.63	20.85	21.03	21.04	20.94	20.94	20.93	20.80	20.72	20.68	20.66	20.59	20.55	20.54	20.45	20.42	20.41	20.42	20.46	20.45	20.40	20.34	20.29	20.25	19.57	




Read count (%) per base for different quality score ranges

	RMB_8043_Cyrtodactylus_annulatus_CamiguinSur_R1.trimmed.fq
Ranges	0-10	11-20	21-30	31-40
Base
1	0.00	2.42	1.68	95.90
2	0.00	1.78	1.08	97.15
3	0.00	1.65	1.01	97.33
4	0.00	1.80	1.58	96.62
5	0.00	1.64	1.09	97.26
6	0.00	1.61	1.04	97.35
7	0.00	1.98	1.73	96.29
8	0.00	2.18	1.51	96.31
9	0.00	2.41	2.23	95.36
10	0.00	2.60	2.36	95.04
11	0.00	2.44	1.97	95.58
12	0.00	2.03	1.83	96.15
13	0.00	2.05	2.50	95.45
14	0.00	2.19	2.40	95.41
15	0.00	2.06	2.17	95.77
16	0.00	2.11	2.86	95.03
17	0.00	1.84	2.22	95.94
18	0.00	2.29	3.40	94.30
19	0.00	2.56	3.25	94.20
20	0.00	2.75	3.47	93.78
21	0.00	2.32	2.55	95.13
22	0.00	2.37	3.10	94.53
23	0.00	2.25	3.08	94.67
24	0.00	2.20	2.88	94.91
25	0.00	2.05	2.44	95.52
26	0.00	1.94	3.03	95.03
27	0.00	1.89	2.89	95.22
28	0.00	1.67	2.15	96.18
29	0.00	1.69	3.06	95.25
30	0.00	2.00	3.91	94.09
31	0.00	1.76	3.51	94.74
32	0.00	1.85	3.58	94.57
33	0.00	1.96	3.91	94.13
34	0.00	1.59	3.34	95.07
35	0.00	1.24	2.41	96.36
36	0.00	1.18	3.45	95.37
37	0.00	0.96	2.77	96.27
38	0.00	0.91	2.39	96.69
39	0.00	0.84	1.99	97.17
40	0.00	0.91	3.12	95.96
41	0.00	1.05	3.32	95.62
42	0.00	1.24	3.59	95.17
43	0.00	1.24	3.74	95.01
44	0.00	1.54	4.30	94.16
45	0.00	1.57	4.69	93.74
46	0.00	2.49	8.20	89.32
47	0.00	5.26	13.60	81.13
48	0.00	10.59	19.78	69.63
49	0.00	19.13	23.73	57.14
50	0.00	33.97	22.33	43.70
51	0.00	47.03	18.58	34.38
52	0.00	54.55	16.73	28.72
53	0.00	59.62	15.33	25.05
54	0.00	64.09	13.99	21.93
55	0.00	65.68	14.93	19.39
56	0.00	66.14	15.61	18.26
57	0.00	65.09	17.13	17.78
58	0.00	62.33	19.39	18.28
59	0.00	54.94	24.54	20.52
60	0.00	47.26	27.82	24.92
61	0.00	36.17	30.91	32.92
62	0.00	26.24	30.72	43.05
63	0.00	18.54	28.38	53.08
64	0.00	12.38	24.15	63.48
65	0.00	8.49	18.85	72.67
66	0.00	6.06	15.49	78.46
67	0.00	3.96	12.56	83.48
68	0.00	2.76	10.17	87.06
69	0.00	2.19	8.95	88.86
70	0.00	1.51	12.20	86.29
71	0.00	1.78	8.73	89.49
72	0.00	1.66	7.47	90.87
73	0.00	1.54	6.29	92.16
74	0.00	1.39	6.08	92.53
75	0.00	1.36	6.48	92.16
76	0.00	1.09	6.15	92.76
77	0.00	0.91	5.64	93.45
78	0.00	0.96	6.09	92.96
79	0.00	0.99	6.28	92.74
80	0.00	0.91	6.23	92.86
81	0.00	0.78	5.98	93.23
82	0.00	0.87	6.16	92.97
83	0.00	0.97	6.05	92.98
84	0.00	0.84	5.94	93.21
85	0.00	0.87	6.27	92.86
86	0.00	0.86	6.15	92.99
87	0.00	0.79	6.10	93.11
88	0.00	0.64	5.79	93.56
89	0.00	0.50	5.16	94.34
90	0.00	0.50	5.04	94.46
91	0.00	0.52	5.23	94.25
92	0.00	0.56	5.43	94.01
93	0.00	0.57	5.61	93.83
94	0.00	0.60	5.61	93.80
95	0.00	1.49	10.32	88.19




