Parameters
	Library type	Single-end
	Input file	/Volumes/wdhd/users/joaks1/projects/gekgo/data/genomes/msg/plate1/demultiplexed-trimmed/RMB_5907_Cyrtodactylus_philippinicus_BabuyanClaro_R1.trimmed.fq
	Primer/Adaptor library	NA
	Cut-off read length for HQ	70%
	Cut-off quality score	20
	Only statistics	On
	Number of processes	2


QC statistics
	File name	RMB_5907_Cyrtodactylus_philippinicus_BabuyanClaro_R1.trimmed.fq
	Total number of reads	4302
	Total number of HQ reads	4275
	Percentage of HQ reads	99.37%
	Total number of bases	319198
	Total number of bases in HQ reads	318017
	Total number of HQ bases in HQ reads	292298
	Percentage of HQ bases in HQ reads	91.91%
	Number of Primer/Adaptor contaminated HQ reads	NA
	Total number of HQ filtered reads	4275
	Percentage of HQ filtered reads	99.37%


Detailed QC statistics
	File name	RMB_5907_Cyrtodactylus_philippinicus_BabuyanClaro_R1.trimmed.fq
	Minimum read length	16
	Maximum read length	95
	Average read length	74.20
	Total number of reads	4302
	Total number of reads with non-ATGC bases	0
	Percentage of reads with non-ATGC bases	0.00%
	Total number of bases	319198
	Total number of HQ bases	293016
	Percentage of HQ bases	91.80%
	Total number of non-ATGC bases	0
	Percentage of non-ATGC bases	0.00%


Average quality score at each base position of input reads

RMB_5907_Cyrtodactylus_philippinicus_BabuyanClaro_R1.trimmed.fq
35.30	34.03	36.30	35.76	36.41	36.45	36.27	38.51	37.86	37.48	37.59	37.89	37.77	37.77	37.77	37.36	37.59	36.84	36.89	36.66	37.17	36.64	36.70	36.75	37.04	36.91	36.99	37.41	36.47	36.23	36.30	36.38	36.12	36.24	36.61	36.29	36.29	36.43	36.57	35.84	35.56	35.29	35.13	34.58	34.23	32.88	31.12	28.40	25.44	22.05	19.46	17.07	15.49	14.16	13.41	12.70	12.41	12.17	12.60	13.04	14.10	15.15	16.14	17.04	17.74	18.14	18.58	18.84	18.90	18.31	18.57	18.77	18.98	18.89	18.79	18.74	18.75	18.56	18.56	18.44	18.42	18.35	18.39	18.39	18.30	18.24	18.22	18.22	18.27	18.22	18.17	18.07	18.09	18.03	17.48	




Read count (%) per base for different quality score ranges

	RMB_5907_Cyrtodactylus_philippinicus_BabuyanClaro_R1.trimmed.fq
Ranges	0-10	11-20	21-30	31-40
Base
1	0.00	3.02	1.95	95.03
2	0.00	1.91	1.37	96.72
3	0.00	1.88	0.93	97.19
4	0.00	1.84	1.95	96.21
5	0.00	1.56	1.28	97.16
6	0.00	1.53	1.26	97.21
7	0.00	2.00	1.53	96.47
8	0.00	2.23	1.44	96.33
9	0.00	2.39	1.88	95.72
10	0.00	2.86	2.32	94.82
11	0.00	2.60	2.00	95.40
12	0.00	2.28	1.91	95.82
13	0.00	1.91	2.56	95.54
14	0.00	1.93	2.46	95.61
15	0.00	2.07	2.30	95.63
16	0.00	2.19	3.14	94.68
17	0.00	1.95	2.02	96.02
18	0.00	2.91	3.47	93.63
19	0.00	2.58	3.07	94.35
20	0.00	3.14	3.84	93.02
21	0.00	2.42	2.47	95.12
22	0.00	2.19	3.44	94.37
23	0.00	2.16	3.54	94.30
24	0.00	2.07	3.37	94.55
25	0.00	2.35	2.42	95.23
26	0.00	1.93	3.28	94.78
27	0.00	2.00	2.63	95.36
28	0.00	1.68	2.17	96.15
29	0.00	1.78	3.34	94.88
30	0.00	1.87	3.93	94.20
31	0.00	2.11	3.51	94.38
32	0.00	2.00	3.83	94.18
33	0.00	1.98	4.00	94.02
34	0.00	1.60	3.70	94.69
35	0.00	1.21	2.48	96.31
36	0.00	0.90	3.41	95.69
37	0.00	0.95	3.38	95.67
38	0.00	0.95	2.55	96.49
39	0.00	1.03	2.34	96.63
40	0.00	0.82	3.34	95.84
41	0.00	1.26	3.21	95.53
42	0.00	1.14	3.83	95.03
43	0.00	1.14	4.14	94.72
44	0.00	1.62	4.85	93.53
45	0.00	1.18	5.60	93.22
46	0.00	2.58	8.00	89.41
47	0.00	5.26	13.00	81.75
48	0.00	11.12	19.23	69.65
49	0.00	20.11	22.58	57.30
50	0.00	34.77	23.14	42.09
51	0.00	46.80	19.08	34.12
52	0.00	56.19	16.51	27.30
53	0.00	61.69	14.45	23.86
54	0.00	65.76	13.91	20.33
55	0.00	65.90	14.11	19.99
56	0.00	66.41	14.70	18.90
57	0.00	63.79	17.65	18.56
58	0.00	60.35	21.83	17.82
59	0.00	52.76	24.88	22.36
60	0.00	45.40	27.71	26.89
61	0.00	33.37	31.44	35.19
62	0.00	24.40	30.80	44.80
63	0.00	16.09	27.48	56.43
64	0.00	10.48	23.30	66.21
65	0.00	7.48	17.78	74.74
66	0.00	5.85	14.19	79.97
67	0.00	3.80	11.36	84.84
68	0.00	2.17	10.18	87.65
69	0.00	1.96	8.97	89.07
70	0.00	1.14	11.35	87.51
71	0.00	1.14	8.19	90.67
72	0.00	1.36	6.31	92.33
73	0.00	0.88	5.22	93.90
74	0.00	1.19	5.23	93.58
75	0.00	1.06	6.30	92.64
76	0.00	0.97	5.75	93.28
77	0.00	0.62	4.96	94.42
78	0.00	1.11	5.86	93.03
79	0.00	0.67	5.60	93.73
80	0.00	0.85	5.84	93.31
81	0.00	0.62	6.07	93.30
82	0.00	0.76	5.85	93.39
83	0.00	1.03	4.56	94.41
84	0.00	0.63	5.14	94.23
85	0.00	0.54	5.64	93.82
86	0.00	0.63	6.09	93.28
87	0.00	0.76	5.70	93.54
88	0.00	0.63	5.75	93.62
89	0.00	0.31	5.40	94.29
90	0.00	0.41	5.22	94.37
91	0.00	0.81	4.82	94.37
92	0.00	0.68	6.13	93.19
93	0.00	0.77	4.97	94.26
94	0.00	0.50	5.66	93.85
95	0.00	1.27	10.58	88.15




