Parameters
	Library type	Single-end
	Input file	/Volumes/wdhd/users/joaks1/projects/gekgo/data/genomes/msg/plate1/demultiplexed-trimmed/RMB_7720_Cyrtodactylus_annulatus_Palawan_R1.trimmed.fq
	Primer/Adaptor library	NA
	Cut-off read length for HQ	70%
	Cut-off quality score	20
	Only statistics	On
	Number of processes	2


QC statistics
	File name	RMB_7720_Cyrtodactylus_annulatus_Palawan_R1.trimmed.fq
	Total number of reads	138924
	Total number of HQ reads	138116
	Percentage of HQ reads	99.42%
	Total number of bases	10528286
	Total number of bases in HQ reads	10490486
	Total number of HQ bases in HQ reads	9628801
	Percentage of HQ bases in HQ reads	91.79%
	Number of Primer/Adaptor contaminated HQ reads	NA
	Total number of HQ filtered reads	138116
	Percentage of HQ filtered reads	99.42%


Detailed QC statistics
	File name	RMB_7720_Cyrtodactylus_annulatus_Palawan_R1.trimmed.fq
	Minimum read length	10
	Maximum read length	95
	Average read length	75.78
	Total number of reads	138924
	Total number of reads with non-ATGC bases	0
	Percentage of reads with non-ATGC bases	0.00%
	Total number of bases	10528286
	Total number of HQ bases	9651560
	Percentage of HQ bases	91.67%
	Total number of non-ATGC bases	0
	Percentage of non-ATGC bases	0.00%


Average quality score at each base position of input reads

RMB_7720_Cyrtodactylus_annulatus_Palawan_R1.trimmed.fq
36.12	36.11	36.38	35.87	36.40	36.44	36.22	38.48	37.82	37.46	37.61	37.91	37.75	37.73	37.80	37.38	37.61	36.98	36.90	36.71	37.17	36.64	36.73	36.80	37.08	36.90	36.92	37.34	36.52	36.23	36.38	36.43	36.18	36.27	36.65	36.19	36.36	36.52	36.68	35.89	35.65	35.41	35.25	34.82	34.41	33.06	31.23	28.75	25.94	22.65	19.91	17.94	16.33	15.06	14.02	13.27	12.88	12.74	13.15	13.66	14.75	15.89	16.92	17.92	18.77	19.24	19.66	19.97	20.09	19.45	19.68	19.93	20.12	20.12	20.02	20.01	19.99	19.87	19.79	19.74	19.71	19.65	19.61	19.57	19.49	19.48	19.44	19.45	19.48	19.48	19.42	19.37	19.31	19.26	18.62	




Read count (%) per base for different quality score ranges

	RMB_7720_Cyrtodactylus_annulatus_Palawan_R1.trimmed.fq
Ranges	0-10	11-20	21-30	31-40
Base
1	0.00	2.58	1.72	95.70
2	0.00	1.94	1.14	96.92
3	0.00	1.83	1.05	97.12
4	0.00	1.94	1.76	96.30
5	0.00	1.74	1.18	97.07
6	0.00	1.71	1.06	97.23
7	0.00	2.05	1.81	96.14
8	0.00	2.26	1.60	96.13
9	0.00	2.46	2.38	95.16
10	0.00	2.74	2.43	94.84
11	0.00	2.54	2.07	95.39
12	0.00	2.10	2.03	95.87
13	0.00	2.18	2.61	95.20
14	0.00	2.28	2.42	95.30
15	0.00	2.19	2.12	95.69
16	0.00	2.18	3.02	94.80
17	0.00	1.96	2.29	95.75
18	0.00	2.42	3.59	93.98
19	0.00	2.66	3.45	93.89
20	0.00	2.88	3.67	93.45
21	0.00	2.45	2.64	94.92
22	0.00	2.42	3.22	94.35
23	0.00	2.23	3.14	94.63
24	0.00	2.21	2.90	94.89
25	0.00	2.08	2.48	95.43
26	0.00	1.93	3.11	94.96
27	0.00	1.93	3.01	95.06
28	0.00	1.65	2.25	96.10
29	0.00	1.73	3.18	95.09
30	0.00	2.03	4.02	93.95
31	0.00	1.75	3.68	94.56
32	0.00	1.86	3.69	94.45
33	0.00	1.93	3.95	94.12
34	0.00	1.61	3.39	95.00
35	0.00	1.21	2.49	96.30
36	0.00	1.14	3.58	95.28
37	0.00	0.95	2.80	96.26
38	0.00	0.91	2.43	96.66
39	0.00	0.85	2.06	97.09
40	0.00	0.92	3.15	95.94
41	0.00	1.12	3.44	95.44
42	0.00	1.28	3.74	94.98
43	0.00	1.29	3.69	95.03
44	0.00	1.54	4.46	94.00
45	0.00	1.59	4.96	93.46
46	0.00	2.50	8.16	89.34
47	0.00	5.43	13.50	81.07
48	0.00	10.65	19.41	69.94
49	0.00	19.03	23.49	57.48
50	0.00	33.65	22.24	44.11
51	0.00	46.99	18.22	34.78
52	0.00	54.15	16.67	29.18
53	0.00	59.71	15.10	25.20
54	0.00	63.38	13.99	22.63
55	0.00	65.10	14.89	20.01
56	0.00	65.70	15.77	18.52
57	0.00	64.91	17.01	18.08
58	0.00	61.70	19.68	18.62
59	0.00	54.10	24.77	21.13
60	0.00	46.40	28.16	25.44
61	0.00	35.53	30.77	33.70
62	0.00	25.59	30.24	44.17
63	0.00	17.97	27.98	54.04
64	0.00	11.87	23.81	64.33
65	0.00	7.86	18.58	73.56
66	0.00	5.69	15.37	78.94
67	0.00	3.76	12.40	83.85
68	0.00	2.69	10.03	87.28
69	0.00	2.05	8.87	89.08
70	0.00	1.37	12.18	86.44
71	0.00	1.71	8.76	89.53
72	0.00	1.58	7.20	91.22
73	0.00	1.40	5.97	92.63
74	0.00	1.28	5.86	92.87
75	0.00	1.28	6.21	92.51
76	0.00	1.03	5.86	93.11
77	0.00	0.87	5.71	93.41
78	0.00	0.93	6.10	92.97
79	0.00	0.99	6.19	92.83
80	0.00	0.89	6.06	93.05
81	0.00	0.81	5.90	93.29
82	0.00	0.85	5.91	93.24
83	0.00	0.86	5.94	93.20
84	0.00	0.81	6.03	93.16
85	0.00	0.85	6.42	92.73
86	0.00	0.87	6.05	93.08
87	0.00	0.86	6.17	92.97
88	0.00	0.66	5.89	93.44
89	0.00	0.52	5.33	94.15
90	0.00	0.51	5.14	94.35
91	0.00	0.54	5.43	94.03
92	0.00	0.55	5.50	93.95
93	0.00	0.58	5.64	93.78
94	0.00	0.58	5.74	93.68
95	0.00	1.51	10.30	88.20




