Parameters
	Library type	Single-end
	Input file	/Volumes/wdhd/users/joaks1/projects/gekgo/data/genomes/msg/plate1/demultiplexed-trimmed/RMB_13571_Cyrtodactylus_philippinicus_Luzon_R1.trimmed.fq
	Primer/Adaptor library	NA
	Cut-off read length for HQ	70%
	Cut-off quality score	20
	Only statistics	On
	Number of processes	2


QC statistics
	File name	RMB_13571_Cyrtodactylus_philippinicus_Luzon_R1.trimmed.fq
	Total number of reads	119734
	Total number of HQ reads	118981
	Percentage of HQ reads	99.37%
	Total number of bases	9035781
	Total number of bases in HQ reads	9001040
	Total number of HQ bases in HQ reads	8245239
	Percentage of HQ bases in HQ reads	91.60%
	Number of Primer/Adaptor contaminated HQ reads	NA
	Total number of HQ filtered reads	118981
	Percentage of HQ filtered reads	99.37%


Detailed QC statistics
	File name	RMB_13571_Cyrtodactylus_philippinicus_Luzon_R1.trimmed.fq
	Minimum read length	9
	Maximum read length	95
	Average read length	75.47
	Total number of reads	119734
	Total number of reads with non-ATGC bases	0
	Percentage of reads with non-ATGC bases	0.00%
	Total number of bases	9035781
	Total number of HQ bases	8266088
	Percentage of HQ bases	91.48%
	Total number of non-ATGC bases	0
	Percentage of non-ATGC bases	0.00%


Average quality score at each base position of input reads

RMB_13571_Cyrtodactylus_philippinicus_Luzon_R1.trimmed.fq
34.86	34.91	36.20	35.75	36.29	36.33	36.13	38.38	37.73	37.36	37.50	37.79	37.29	37.27	37.41	37.00	37.28	36.82	36.76	36.64	37.06	36.51	36.51	36.60	36.90	36.70	36.68	37.04	36.23	35.88	36.04	36.07	35.79	35.92	36.20	35.76	35.98	36.14	36.23	35.41	35.13	34.91	34.73	34.27	33.82	32.38	30.55	27.92	25.05	21.97	19.39	17.51	15.93	14.71	13.77	13.11	12.78	12.54	12.92	13.47	14.48	15.51	16.59	17.51	18.38	18.88	19.26	19.50	19.57	18.97	19.20	19.46	19.63	19.61	19.53	19.59	19.59	19.50	19.46	19.43	19.44	19.37	19.36	19.36	19.27	19.27	19.26	19.28	19.33	19.32	19.28	19.23	19.20	19.19	18.56	




Read count (%) per base for different quality score ranges

	RMB_13571_Cyrtodactylus_philippinicus_Luzon_R1.trimmed.fq
Ranges	0-10	11-20	21-30	31-40
Base
1	0.00	3.50	3.03	93.47
2	0.00	2.27	1.78	95.95
3	0.00	2.11	1.48	96.41
4	0.00	2.20	2.12	95.68
5	0.00	1.95	1.57	96.48
6	0.00	1.91	1.49	96.61
7	0.00	2.24	2.12	95.63
8	0.00	2.36	1.92	95.72
9	0.00	2.54	2.71	94.75
10	0.00	2.78	2.76	94.46
11	0.00	2.62	2.41	94.98
12	0.00	2.15	2.28	95.58
13	0.00	2.17	2.99	94.84
14	0.00	2.26	2.87	94.87
15	0.00	2.19	2.54	95.27
16	0.00	2.17	3.32	94.52
17	0.00	1.95	2.61	95.43
18	0.00	2.30	3.86	93.84
19	0.00	2.50	3.69	93.81
20	0.00	2.82	3.73	93.45
21	0.00	2.35	2.84	94.81
22	0.00	2.19	3.47	94.34
23	0.00	2.28	3.46	94.27
24	0.00	2.14	3.27	94.59
25	0.00	2.14	2.64	95.22
26	0.00	1.98	3.40	94.62
27	0.00	2.00	3.25	94.75
28	0.00	1.90	2.46	95.64
29	0.00	1.85	3.49	94.66
30	0.00	2.16	4.33	93.51
31	0.00	2.05	3.83	94.12
32	0.00	2.08	4.02	93.90
33	0.00	2.20	4.28	93.52
34	0.00	1.85	3.66	94.49
35	0.00	1.49	2.87	95.64
36	0.00	1.40	3.90	94.70
37	0.00	1.09	3.19	95.72
38	0.00	0.99	2.83	96.18
39	0.00	0.98	2.46	96.56
40	0.00	1.09	3.84	95.08
41	0.00	1.19	4.22	94.59
42	0.00	1.35	4.55	94.10
43	0.00	1.31	4.69	94.00
44	0.00	1.62	5.58	92.80
45	0.00	1.65	6.41	91.94
46	0.00	2.54	11.08	86.37
47	0.00	5.31	17.43	77.26
48	0.00	10.99	24.80	64.20
49	0.00	19.47	29.53	51.00
50	0.00	34.04	27.03	38.93
51	0.00	47.24	22.19	30.57
52	0.00	54.98	19.47	25.55
53	0.00	60.47	17.82	21.71
54	0.00	64.65	15.63	19.72
55	0.00	65.92	16.41	17.66
56	0.00	66.26	17.18	16.56
57	0.00	64.56	19.19	16.25
58	0.00	62.78	20.70	16.52
59	0.00	54.92	26.24	18.84
60	0.00	47.25	28.93	23.81
61	0.00	36.24	32.65	31.12
62	0.00	26.98	31.83	41.20
63	0.00	18.60	29.58	51.82
64	0.00	12.81	25.22	61.97
65	0.00	8.37	19.77	71.86
66	0.00	5.90	16.13	77.98
67	0.00	4.08	13.17	82.75
68	0.00	2.89	11.15	85.96
69	0.00	2.30	10.36	87.34
70	0.00	1.56	14.50	83.94
71	0.00	1.78	9.97	88.25
72	0.00	1.53	8.45	90.03
73	0.00	1.50	6.90	91.60
74	0.00	1.48	6.96	91.55
75	0.00	1.44	7.73	90.83
76	0.00	1.11	6.99	91.90
77	0.00	0.85	6.44	92.72
78	0.00	0.92	6.75	92.33
79	0.00	0.98	6.96	92.06
80	0.00	0.92	6.83	92.25
81	0.00	0.78	6.62	92.60
82	0.00	0.86	6.73	92.41
83	0.00	1.00	6.36	92.64
84	0.00	0.84	6.29	92.86
85	0.00	0.93	6.64	92.43
86	0.00	0.86	6.42	92.72
87	0.00	0.87	6.31	92.82
88	0.00	0.65	6.13	93.22
89	0.00	0.52	5.25	94.23
90	0.00	0.51	5.15	94.33
91	0.00	0.50	5.33	94.17
92	0.00	0.62	5.53	93.84
93	0.00	0.63	5.54	93.83
94	0.00	0.57	5.50	93.93
95	0.00	1.62	9.73	88.66




