Parameters
	Library type	Single-end
	Input file	/Volumes/wdhd/users/joaks1/projects/gekgo/data/genomes/msg/plate1/demultiplexed-trimmed/RMB_13669_Cyrtodactylus_philippinicus_Luzon_R1.trimmed.fq
	Primer/Adaptor library	NA
	Cut-off read length for HQ	70%
	Cut-off quality score	20
	Only statistics	On
	Number of processes	2


QC statistics
	File name	RMB_13669_Cyrtodactylus_philippinicus_Luzon_R1.trimmed.fq
	Total number of reads	956296
	Total number of HQ reads	950418
	Percentage of HQ reads	99.39%
	Total number of bases	72386467
	Total number of bases in HQ reads	72110829
	Total number of HQ bases in HQ reads	66133613
	Percentage of HQ bases in HQ reads	91.71%
	Number of Primer/Adaptor contaminated HQ reads	NA
	Total number of HQ filtered reads	950418
	Percentage of HQ filtered reads	99.39%


Detailed QC statistics
	File name	RMB_13669_Cyrtodactylus_philippinicus_Luzon_R1.trimmed.fq
	Minimum read length	8
	Maximum read length	95
	Average read length	75.69
	Total number of reads	956296
	Total number of reads with non-ATGC bases	0
	Percentage of reads with non-ATGC bases	0.00%
	Total number of bases	72386467
	Total number of HQ bases	66299032
	Percentage of HQ bases	91.59%
	Total number of non-ATGC bases	0
	Percentage of non-ATGC bases	0.00%


Average quality score at each base position of input reads

RMB_13669_Cyrtodactylus_philippinicus_Luzon_R1.trimmed.fq
35.73	34.66	36.32	35.81	36.40	36.43	36.23	38.51	37.84	37.49	37.64	37.93	37.76	37.74	37.78	37.33	37.52	36.95	36.87	36.73	37.18	36.61	36.67	36.75	37.06	36.88	36.91	37.29	36.44	36.11	36.30	36.34	36.08	36.20	36.53	36.09	36.27	36.43	36.56	35.78	35.57	35.36	35.18	34.75	34.32	32.93	31.16	28.70	25.70	22.54	19.78	17.84	16.14	14.87	13.86	13.17	12.86	12.60	13.05	13.61	14.64	15.74	16.80	17.77	18.67	19.17	19.58	19.85	19.95	19.33	19.57	19.82	19.99	19.98	19.87	19.89	19.89	19.77	19.71	19.66	19.65	19.56	19.54	19.53	19.42	19.41	19.40	19.40	19.43	19.40	19.36	19.30	19.26	19.24	18.62	




Read count (%) per base for different quality score ranges

	RMB_13669_Cyrtodactylus_philippinicus_Luzon_R1.trimmed.fq
Ranges	0-10	11-20	21-30	31-40
Base
1	0.00	2.79	2.06	95.15
2	0.00	1.99	1.34	96.67
3	0.00	1.84	1.14	97.02
4	0.00	1.94	1.73	96.33
5	0.00	1.74	1.19	97.08
6	0.00	1.71	1.13	97.16
7	0.00	2.04	1.77	96.19
8	0.00	2.22	1.56	96.23
9	0.00	2.45	2.32	95.23
10	0.00	2.65	2.41	94.94
11	0.00	2.49	2.05	95.45
12	0.00	2.07	1.93	96.00
13	0.00	2.10	2.62	95.29
14	0.00	2.18	2.46	95.36
15	0.00	2.05	2.28	95.67
16	0.00	2.11	2.97	94.92
17	0.00	1.86	2.33	95.81
18	0.00	2.32	3.55	94.14
19	0.00	2.58	3.40	94.02
20	0.00	2.83	3.61	93.56
21	0.00	2.34	2.67	94.99
22	0.00	2.37	3.24	94.39
23	0.00	2.27	3.22	94.51
24	0.00	2.21	2.99	94.80
25	0.00	2.09	2.49	95.43
26	0.00	1.98	3.12	94.89
27	0.00	1.88	2.98	95.14
28	0.00	1.71	2.28	96.00
29	0.00	1.72	3.23	95.05
30	0.00	2.05	4.12	93.83
31	0.00	1.82	3.63	94.56
32	0.00	1.88	3.67	94.45
33	0.00	1.99	4.01	94.00
34	0.00	1.61	3.37	95.01
35	0.00	1.24	2.48	96.27
36	0.00	1.15	3.48	95.37
37	0.00	0.94	2.85	96.21
38	0.00	0.90	2.46	96.63
39	0.00	0.88	2.10	97.02
40	0.00	0.97	3.21	95.82
41	0.00	1.08	3.47	95.45
42	0.00	1.25	3.69	95.07
43	0.00	1.22	3.79	94.99
44	0.00	1.55	4.48	93.97
45	0.00	1.60	4.95	93.46
46	0.00	2.49	8.58	88.93
47	0.00	5.29	13.89	80.82
48	0.00	10.54	19.72	69.73
49	0.00	19.32	24.36	56.32
50	0.00	33.67	23.10	43.23
51	0.00	47.29	18.84	33.88
52	0.00	54.68	16.89	28.43
53	0.00	60.65	15.37	23.98
54	0.00	64.55	14.10	21.35
55	0.00	66.27	14.84	18.89
56	0.00	66.49	16.07	17.43
57	0.00	64.43	18.41	17.17
58	0.00	62.73	19.90	17.37
59	0.00	54.36	25.42	20.22
60	0.00	46.76	28.21	25.04
61	0.00	35.97	31.10	32.92
62	0.00	26.31	30.91	42.78
63	0.00	18.31	28.66	53.02
64	0.00	12.46	24.30	63.24
65	0.00	8.10	18.90	72.99
66	0.00	5.83	15.37	78.79
67	0.00	3.90	12.54	83.56
68	0.00	2.81	10.36	86.83
69	0.00	2.34	9.26	88.40
70	0.00	1.53	12.86	85.61
71	0.00	1.72	9.04	89.24
72	0.00	1.58	7.54	90.87
73	0.00	1.45	6.21	92.34
74	0.00	1.41	6.26	92.33
75	0.00	1.36	6.86	91.79
76	0.00	1.12	6.27	92.61
77	0.00	0.93	5.77	93.30
78	0.00	0.96	6.22	92.82
79	0.00	0.99	6.34	92.67
80	0.00	0.92	6.44	92.63
81	0.00	0.77	6.19	93.03
82	0.00	0.86	6.45	92.69
83	0.00	0.93	6.12	92.94
84	0.00	0.83	6.01	93.16
85	0.00	0.89	6.60	92.51
86	0.00	0.88	6.26	92.87
87	0.00	0.81	6.29	92.90
88	0.00	0.65	5.93	93.43
89	0.00	0.53	5.29	94.18
90	0.00	0.52	5.32	94.16
91	0.00	0.55	5.44	94.02
92	0.00	0.59	5.80	93.61
93	0.00	0.62	5.85	93.52
94	0.00	0.61	5.71	93.68
95	0.00	1.46	10.18	88.36




