Parameters
	Library type	Single-end
	Input file	/Volumes/wdhd/users/joaks1/projects/gekgo/data/genomes/msg/plate1/demultiplexed-trimmed/RMB_5755_Cyrtodactylus_philippinicus_CamiguinNorte_R1.trimmed.fq
	Primer/Adaptor library	NA
	Cut-off read length for HQ	70%
	Cut-off quality score	20
	Only statistics	On
	Number of processes	2


QC statistics
	File name	RMB_5755_Cyrtodactylus_philippinicus_CamiguinNorte_R1.trimmed.fq
	Total number of reads	446817
	Total number of HQ reads	444058
	Percentage of HQ reads	99.38%
	Total number of bases	33079527
	Total number of bases in HQ reads	32955355
	Total number of HQ bases in HQ reads	30243965
	Percentage of HQ bases in HQ reads	91.77%
	Number of Primer/Adaptor contaminated HQ reads	NA
	Total number of HQ filtered reads	444058
	Percentage of HQ filtered reads	99.38%


Detailed QC statistics
	File name	RMB_5755_Cyrtodactylus_philippinicus_CamiguinNorte_R1.trimmed.fq
	Minimum read length	10
	Maximum read length	95
	Average read length	74.03
	Total number of reads	446817
	Total number of reads with non-ATGC bases	0
	Percentage of reads with non-ATGC bases	0.00%
	Total number of bases	33079527
	Total number of HQ bases	30318979
	Percentage of HQ bases	91.65%
	Total number of non-ATGC bases	0
	Percentage of non-ATGC bases	0.00%


Average quality score at each base position of input reads

RMB_5755_Cyrtodactylus_philippinicus_CamiguinNorte_R1.trimmed.fq
35.39	35.04	36.19	35.74	36.28	36.32	36.14	38.34	37.68	37.33	37.50	37.78	37.26	37.26	37.41	36.98	37.27	36.77	36.70	36.59	37.03	36.48	36.51	36.60	36.91	36.71	36.71	37.06	36.23	35.88	36.06	36.09	35.78	35.91	36.21	35.75	35.93	36.09	36.19	35.36	35.10	34.86	34.66	34.19	33.71	32.23	30.34	27.78	24.86	21.76	19.07	17.13	15.47	14.20	13.19	12.50	12.13	11.87	12.26	12.76	13.73	14.74	15.75	16.63	17.45	17.86	18.21	18.44	18.50	17.91	18.12	18.35	18.52	18.51	18.43	18.46	18.47	18.36	18.32	18.28	18.28	18.22	18.22	18.22	18.13	18.12	18.12	18.14	18.17	18.14	18.09	18.05	18.01	17.99	17.41	




Read count (%) per base for different quality score ranges

	RMB_5755_Cyrtodactylus_philippinicus_CamiguinNorte_R1.trimmed.fq
Ranges	0-10	11-20	21-30	31-40
Base
1	0.00	3.34	2.56	94.10
2	0.00	2.43	1.61	95.97
3	0.00	2.21	1.48	96.31
4	0.00	2.27	2.17	95.56
5	0.00	2.02	1.53	96.45
6	0.00	1.96	1.48	96.57
7	0.00	2.25	2.09	95.66
8	0.00	2.41	1.89	95.70
9	0.00	2.62	2.63	94.74
10	0.00	2.81	2.78	94.41
11	0.00	2.59	2.40	95.01
12	0.00	2.16	2.27	95.58
13	0.00	2.21	2.96	94.82
14	0.00	2.27	2.79	94.94
15	0.00	2.12	2.56	95.32
16	0.00	2.17	3.35	94.48
17	0.00	1.91	2.67	95.42
18	0.00	2.36	3.92	93.73
19	0.00	2.58	3.68	93.73
20	0.00	2.80	3.93	93.27
21	0.00	2.34	2.92	94.74
22	0.00	2.22	3.51	94.27
23	0.00	2.23	3.53	94.25
24	0.00	2.12	3.31	94.58
25	0.00	2.05	2.74	95.21
26	0.00	1.95	3.50	94.56
27	0.00	1.91	3.23	94.86
28	0.00	1.80	2.55	95.64
29	0.00	1.76	3.53	94.70
30	0.00	2.15	4.39	93.46
31	0.00	1.96	3.93	94.11
32	0.00	2.02	4.02	93.96
33	0.00	2.20	4.45	93.35
34	0.00	1.77	3.79	94.43
35	0.00	1.45	2.85	95.70
36	0.00	1.35	4.01	94.64
37	0.00	1.06	3.24	95.71
38	0.00	1.01	2.84	96.15
39	0.00	0.96	2.44	96.60
40	0.00	1.06	3.78	95.16
41	0.00	1.14	4.09	94.77
42	0.00	1.34	4.33	94.33
43	0.00	1.28	4.62	94.09
44	0.00	1.63	5.47	92.89
45	0.00	1.65	6.25	92.10
46	0.00	2.57	11.01	86.42
47	0.00	5.47	17.39	77.13
48	0.00	10.87	24.21	64.92
49	0.00	19.40	28.95	51.66
50	0.00	33.62	27.23	39.15
51	0.00	47.35	22.16	30.48
52	0.00	54.94	19.54	25.52
53	0.00	60.59	17.82	21.59
54	0.00	64.44	15.89	19.67
55	0.00	65.94	16.55	17.51
56	0.00	66.26	17.31	16.43
57	0.00	64.51	19.56	15.93
58	0.00	62.55	21.16	16.29
59	0.00	54.39	26.61	19.00
60	0.00	46.78	29.27	23.95
61	0.00	35.63	32.67	31.70
62	0.00	26.09	32.17	41.74
63	0.00	17.79	29.75	52.46
64	0.00	12.13	25.04	62.83
65	0.00	7.74	19.62	72.63
66	0.00	5.63	15.99	78.37
67	0.00	3.70	13.19	83.10
68	0.00	2.66	10.98	86.37
69	0.00	2.24	9.98	87.78
70	0.00	1.44	14.23	84.33
71	0.00	1.67	10.03	88.30
72	0.00	1.47	8.31	90.22
73	0.00	1.40	6.73	91.88
74	0.00	1.36	6.75	91.89
75	0.00	1.34	7.53	91.13
76	0.00	1.07	6.84	92.09
77	0.00	0.90	6.33	92.77
78	0.00	0.92	6.90	92.19
79	0.00	0.99	6.94	92.07
80	0.00	0.95	7.01	92.04
81	0.00	0.79	6.79	92.42
82	0.00	0.89	6.88	92.23
83	0.00	0.96	6.52	92.52
84	0.00	0.86	6.43	92.71
85	0.00	0.92	6.83	92.25
86	0.00	0.89	6.48	92.62
87	0.00	0.87	6.29	92.84
88	0.00	0.69	6.08	93.23
89	0.00	0.55	5.51	93.93
90	0.00	0.61	5.34	94.05
91	0.00	0.61	5.70	93.69
92	0.00	0.62	5.92	93.46
93	0.00	0.64	5.87	93.48
94	0.00	0.67	5.71	93.61
95	0.00	1.68	9.99	88.33




