Parameters
	Library type	Single-end
	Input file	/Volumes/wdhd/users/joaks1/projects/gekgo/data/genomes/msg/plate1/demultiplexed-trimmed/RMB_8417_Cyrtodactylus_mamanwa_Dinagat_R1.trimmed.fq
	Primer/Adaptor library	NA
	Cut-off read length for HQ	70%
	Cut-off quality score	20
	Only statistics	On
	Number of processes	2


QC statistics
	File name	RMB_8417_Cyrtodactylus_mamanwa_Dinagat_R1.trimmed.fq
	Total number of reads	47475
	Total number of HQ reads	47202
	Percentage of HQ reads	99.42%
	Total number of bases	3618685
	Total number of bases in HQ reads	3606011
	Total number of HQ bases in HQ reads	3302518
	Percentage of HQ bases in HQ reads	91.58%
	Number of Primer/Adaptor contaminated HQ reads	NA
	Total number of HQ filtered reads	47202
	Percentage of HQ filtered reads	99.42%


Detailed QC statistics
	File name	RMB_8417_Cyrtodactylus_mamanwa_Dinagat_R1.trimmed.fq
	Minimum read length	9
	Maximum read length	95
	Average read length	76.22
	Total number of reads	47475
	Total number of reads with non-ATGC bases	0
	Percentage of reads with non-ATGC bases	0.00%
	Total number of bases	3618685
	Total number of HQ bases	3310094
	Percentage of HQ bases	91.47%
	Total number of non-ATGC bases	0
	Percentage of non-ATGC bases	0.00%


Average quality score at each base position of input reads

RMB_8417_Cyrtodactylus_mamanwa_Dinagat_R1.trimmed.fq
36.14	36.20	36.40	35.96	36.40	36.44	36.21	38.49	37.85	37.50	37.64	37.92	37.76	37.77	37.84	37.41	37.60	37.00	36.93	36.72	37.19	36.63	36.66	36.76	37.04	36.87	36.89	37.30	36.45	36.14	36.33	36.36	36.08	36.24	36.57	36.13	36.31	36.46	36.61	35.82	35.57	35.36	35.22	34.81	34.36	33.05	31.23	28.75	25.83	22.67	19.86	18.00	16.29	15.07	14.08	13.37	13.05	12.87	13.26	13.84	14.89	16.05	17.17	18.12	19.08	19.61	20.06	20.33	20.43	19.80	20.05	20.31	20.48	20.47	20.33	20.36	20.38	20.24	20.18	20.11	20.08	19.97	19.96	19.95	19.83	19.81	19.80	19.82	19.86	19.83	19.76	19.69	19.67	19.65	19.01	




Read count (%) per base for different quality score ranges

	RMB_8417_Cyrtodactylus_mamanwa_Dinagat_R1.trimmed.fq
Ranges	0-10	11-20	21-30	31-40
Base
1	0.00	2.43	1.78	95.78
2	0.00	1.80	1.11	97.10
3	0.00	1.74	1.04	97.23
4	0.00	1.93	1.53	96.54
5	0.00	1.73	1.14	97.13
6	0.00	1.69	1.11	97.20
7	0.00	2.12	1.78	96.10
8	0.00	2.23	1.57	96.20
9	0.00	2.51	2.19	95.30
10	0.00	2.63	2.37	95.00
11	0.00	2.44	2.12	95.44
12	0.00	2.09	1.90	96.01
13	0.00	2.15	2.56	95.30
14	0.00	2.12	2.45	95.42
15	0.00	1.99	2.21	95.81
16	0.00	2.20	2.91	94.90
17	0.00	1.94	2.40	95.66
18	0.00	2.36	3.53	94.11
19	0.00	2.47	3.41	94.12
20	0.00	2.86	3.66	93.48
21	0.00	2.35	2.60	95.05
22	0.00	2.41	3.25	94.33
23	0.00	2.38	3.22	94.40
24	0.00	2.25	2.98	94.78
25	0.00	2.12	2.53	95.35
26	0.00	2.00	3.23	94.77
27	0.00	1.94	3.05	95.01
28	0.00	1.69	2.33	95.98
29	0.00	1.66	3.32	95.01
30	0.00	2.03	4.00	93.97
31	0.00	1.79	3.58	94.64
32	0.00	1.84	3.54	94.62
33	0.00	2.04	3.98	93.98
34	0.00	1.53	3.48	94.99
35	0.00	1.15	2.58	96.27
36	0.00	1.12	3.58	95.30
37	0.00	0.94	2.81	96.25
38	0.00	0.90	2.44	96.65
39	0.00	0.90	2.07	97.03
40	0.00	1.00	3.20	95.80
41	0.00	1.10	3.61	95.29
42	0.00	1.34	3.67	94.99
43	0.00	1.38	3.62	94.99
44	0.00	1.60	4.41	93.99
45	0.00	1.73	4.85	93.42
46	0.00	2.54	8.12	89.35
47	0.00	5.42	13.44	81.14
48	0.00	10.85	19.55	69.59
49	0.00	19.35	23.93	56.72
50	0.00	33.91	22.71	43.38
51	0.00	47.85	18.24	33.90
52	0.00	54.70	16.46	28.84
53	0.00	60.78	15.09	24.13
54	0.00	64.66	13.56	21.78
55	0.00	66.60	14.08	19.33
56	0.00	66.76	15.45	17.79
57	0.00	65.45	17.08	17.47
58	0.00	63.06	19.11	17.83
59	0.00	55.41	24.29	20.30
60	0.00	47.51	27.26	25.23
61	0.00	36.59	30.90	32.51
62	0.00	26.63	30.56	42.81
63	0.00	18.73	28.12	53.15
64	0.00	12.98	24.20	62.82
65	0.00	8.36	18.91	72.73
66	0.00	5.97	15.30	78.73
67	0.00	3.90	12.40	83.70
68	0.00	2.81	10.50	86.69
69	0.00	2.33	9.11	88.56
70	0.00	1.69	12.41	85.89
71	0.00	1.71	9.05	89.24
72	0.00	1.64	7.44	90.92
73	0.00	1.52	6.20	92.28
74	0.00	1.43	6.17	92.40
75	0.00	1.53	6.80	91.67
76	0.00	1.25	6.14	92.61
77	0.00	0.92	5.53	93.55
78	0.00	1.01	6.12	92.87
79	0.00	1.05	6.07	92.88
80	0.00	0.99	6.34	92.67
81	0.00	0.79	6.09	93.12
82	0.00	0.97	6.49	92.54
83	0.00	1.00	5.95	93.05
84	0.00	0.81	5.93	93.26
85	0.00	0.91	6.43	92.66
86	0.00	0.86	6.20	92.95
87	0.00	0.81	6.18	93.01
88	0.00	0.70	5.61	93.69
89	0.00	0.60	5.08	94.32
90	0.00	0.55	5.19	94.25
91	0.00	0.51	5.77	93.72
92	0.00	0.69	5.88	93.43
93	0.00	0.74	5.72	93.54
94	0.00	0.53	5.73	93.73
95	0.00	1.48	10.20	88.31




