Parameters
	Library type	Single-end
	Input file	/Volumes/wdhd/users/joaks1/projects/gekgo/data/genomes/msg/plate1/demultiplexed-trimmed/RMB_5906_Cyrtodactylus_philippinicus_BabuyanClaro_R1.trimmed.fq
	Primer/Adaptor library	NA
	Cut-off read length for HQ	70%
	Cut-off quality score	20
	Only statistics	On
	Number of processes	2


QC statistics
	File name	RMB_5906_Cyrtodactylus_philippinicus_BabuyanClaro_R1.trimmed.fq
	Total number of reads	100025
	Total number of HQ reads	99367
	Percentage of HQ reads	99.34%
	Total number of bases	7682161
	Total number of bases in HQ reads	7652293
	Total number of HQ bases in HQ reads	7009173
	Percentage of HQ bases in HQ reads	91.60%
	Number of Primer/Adaptor contaminated HQ reads	NA
	Total number of HQ filtered reads	99367
	Percentage of HQ filtered reads	99.34%


Detailed QC statistics
	File name	RMB_5906_Cyrtodactylus_philippinicus_BabuyanClaro_R1.trimmed.fq
	Minimum read length	13
	Maximum read length	95
	Average read length	76.80
	Total number of reads	100025
	Total number of reads with non-ATGC bases	0
	Percentage of reads with non-ATGC bases	0.00%
	Total number of bases	7682161
	Total number of HQ bases	7027120
	Percentage of HQ bases	91.47%
	Total number of non-ATGC bases	0
	Percentage of non-ATGC bases	0.00%


Average quality score at each base position of input reads

RMB_5906_Cyrtodactylus_philippinicus_BabuyanClaro_R1.trimmed.fq
36.01	35.72	36.32	35.96	36.39	36.40	36.22	38.50	37.87	37.53	37.66	37.94	37.42	37.41	37.57	37.17	37.44	36.97	36.92	36.79	37.19	36.66	36.68	36.78	37.10	36.93	36.92	37.25	36.43	36.07	36.25	36.30	36.04	36.16	36.50	36.03	36.24	36.42	36.52	35.68	35.42	35.21	35.04	34.58	34.14	32.61	30.64	28.10	25.20	22.26	19.65	17.84	16.24	15.06	14.14	13.49	13.20	13.02	13.45	13.97	15.04	16.14	17.20	18.17	19.05	19.53	19.94	20.19	20.28	19.64	19.91	20.21	20.44	20.45	20.37	20.42	20.43	20.32	20.27	20.24	20.26	20.18	20.19	20.20	20.13	20.14	20.14	20.16	20.19	20.19	20.11	20.06	20.02	20.00	19.34	




Read count (%) per base for different quality score ranges

	RMB_5906_Cyrtodactylus_philippinicus_BabuyanClaro_R1.trimmed.fq
Ranges	0-10	11-20	21-30	31-40
Base
1	0.00	2.80	2.21	94.99
2	0.00	2.04	1.51	96.46
3	0.00	1.92	1.28	96.80
4	0.00	1.93	1.71	96.36
5	0.00	1.82	1.27	96.92
6	0.00	1.85	1.25	96.89
7	0.00	2.09	1.87	96.04
8	0.00	2.27	1.68	96.05
9	0.00	2.41	2.31	95.28
10	0.00	2.59	2.45	94.96
11	0.00	2.43	2.09	95.48
12	0.00	2.02	1.98	96.01
13	0.00	2.06	2.60	95.34
14	0.00	2.15	2.50	95.34
15	0.00	1.98	2.38	95.64
16	0.00	1.96	2.95	95.09
17	0.00	1.82	2.29	95.88
18	0.00	2.09	3.53	94.38
19	0.00	2.21	3.25	94.54
20	0.00	2.56	3.43	94.01
21	0.00	2.13	2.72	95.15
22	0.00	1.92	3.20	94.87
23	0.00	2.05	3.15	94.81
24	0.00	1.94	3.04	95.02
25	0.00	1.91	2.51	95.59
26	0.00	1.77	3.06	95.17
27	0.00	1.81	2.91	95.28
28	0.00	1.78	2.26	95.96
29	0.00	1.75	3.38	94.87
30	0.00	2.13	4.33	93.54
31	0.00	1.97	3.90	94.13
32	0.00	2.09	3.96	93.95
33	0.00	2.20	4.35	93.45
34	0.00	1.86	3.76	94.38
35	0.00	1.56	2.85	95.59
36	0.00	1.48	4.09	94.43
37	0.00	1.24	3.36	95.41
38	0.00	1.18	3.00	95.82
39	0.00	1.10	2.67	96.23
40	0.00	1.14	4.24	94.62
41	0.00	1.25	4.71	94.05
42	0.00	1.39	5.11	93.50
43	0.00	1.35	5.38	93.27
44	0.00	1.62	6.65	91.73
45	0.00	1.59	7.67	90.75
46	0.00	2.38	13.56	84.06
47	0.00	5.26	21.29	73.45
48	0.00	10.41	29.11	60.48
49	0.00	19.32	33.39	47.29
50	0.00	33.46	29.89	36.65
51	0.00	47.39	24.02	28.59
52	0.00	55.03	20.78	24.19
53	0.00	61.03	18.38	20.59
54	0.00	64.60	16.82	18.58
55	0.00	66.27	17.14	16.59
56	0.00	66.67	17.57	15.76
57	0.00	64.54	19.84	15.62
58	0.00	62.26	21.61	16.13
59	0.00	54.71	26.40	18.88
60	0.00	47.39	29.47	23.14
61	0.00	36.11	33.33	30.56
62	0.00	26.45	33.12	40.43
63	0.00	18.34	31.00	50.66
64	0.00	12.44	26.58	60.98
65	0.00	8.03	21.06	70.91
66	0.00	5.77	17.32	76.92
67	0.00	3.86	14.19	81.95
68	0.00	2.84	11.96	85.20
69	0.00	2.39	11.00	86.61
70	0.00	1.52	15.96	82.51
71	0.00	1.65	11.15	87.20
72	0.00	1.52	9.08	89.41
73	0.00	1.43	7.29	91.28
74	0.00	1.35	7.17	91.48
75	0.00	1.33	7.78	90.89
76	0.00	1.00	7.16	91.84
77	0.00	0.89	6.44	92.67
78	0.00	0.96	6.87	92.17
79	0.00	0.99	7.35	91.66
80	0.00	0.97	7.08	91.95
81	0.00	0.76	6.63	92.61
82	0.00	0.84	6.98	92.19
83	0.00	0.94	6.52	92.54
84	0.00	0.87	6.19	92.93
85	0.00	0.86	6.55	92.59
86	0.00	0.90	6.05	93.05
87	0.00	0.83	6.14	93.03
88	0.00	0.74	5.43	93.83
89	0.00	0.62	5.13	94.26
90	0.00	0.49	4.98	94.53
91	0.00	0.69	5.16	94.15
92	0.00	0.68	5.44	93.88
93	0.00	0.72	5.66	93.62
94	0.00	0.68	5.45	93.87
95	0.00	1.86	9.58	88.56




