Parameters
	Library type	Single-end
	Input file	/Volumes/wdhd/users/joaks1/projects/gekgo/data/genomes/msg/plate1/demultiplexed-trimmed/RMB_13651_Cyrtodactylus_philippinicus_Luzon_R1.trimmed.fq
	Primer/Adaptor library	NA
	Cut-off read length for HQ	70%
	Cut-off quality score	20
	Only statistics	On
	Number of processes	2


QC statistics
	File name	RMB_13651_Cyrtodactylus_philippinicus_Luzon_R1.trimmed.fq
	Total number of reads	269299
	Total number of HQ reads	267640
	Percentage of HQ reads	99.38%
	Total number of bases	20741509
	Total number of bases in HQ reads	20662840
	Total number of HQ bases in HQ reads	18934525
	Percentage of HQ bases in HQ reads	91.64%
	Number of Primer/Adaptor contaminated HQ reads	NA
	Total number of HQ filtered reads	267640
	Percentage of HQ filtered reads	99.38%


Detailed QC statistics
	File name	RMB_13651_Cyrtodactylus_philippinicus_Luzon_R1.trimmed.fq
	Minimum read length	11
	Maximum read length	95
	Average read length	77.02
	Total number of reads	269299
	Total number of reads with non-ATGC bases	0
	Percentage of reads with non-ATGC bases	0.00%
	Total number of bases	20741509
	Total number of HQ bases	18982227
	Percentage of HQ bases	91.52%
	Total number of non-ATGC bases	0
	Percentage of non-ATGC bases	0.00%


Average quality score at each base position of input reads

RMB_13651_Cyrtodactylus_philippinicus_Luzon_R1.trimmed.fq
36.03	35.98	36.41	35.89	36.44	36.47	36.27	38.58	37.93	37.56	37.70	37.98	37.80	37.80	37.86	37.43	37.62	37.04	36.95	36.80	37.23	36.70	36.74	36.81	37.13	36.96	36.98	37.36	36.57	36.24	36.43	36.50	36.22	36.35	36.69	36.27	36.46	36.64	36.79	36.01	35.79	35.61	35.45	35.04	34.61	33.25	31.51	29.05	26.09	22.93	20.15	18.31	16.60	15.37	14.39	13.66	13.33	13.13	13.61	14.19	15.28	16.43	17.53	18.59	19.57	20.12	20.56	20.86	20.99	20.36	20.61	20.86	21.04	21.03	20.93	20.95	20.95	20.82	20.75	20.70	20.68	20.59	20.57	20.56	20.45	20.44	20.43	20.44	20.48	20.45	20.39	20.32	20.28	20.26	19.62	




Read count (%) per base for different quality score ranges

	RMB_13651_Cyrtodactylus_philippinicus_Luzon_R1.trimmed.fq
Ranges	0-10	11-20	21-30	31-40
Base
1	0.00	2.47	1.75	95.78
2	0.00	1.76	1.08	97.16
3	0.00	1.67	0.98	97.35
4	0.00	1.79	1.60	96.61
5	0.00	1.62	1.08	97.30
6	0.00	1.61	1.01	97.38
7	0.00	1.95	1.65	96.40
8	0.00	2.13	1.42	96.45
9	0.00	2.36	2.14	95.50
10	0.00	2.56	2.27	95.17
11	0.00	2.40	1.94	95.66
12	0.00	1.97	1.88	96.14
13	0.00	2.09	2.55	95.37
14	0.00	2.19	2.33	95.48
15	0.00	2.03	2.13	95.83
16	0.00	2.07	2.87	95.06
17	0.00	1.84	2.28	95.88
18	0.00	2.28	3.43	94.29
19	0.00	2.54	3.23	94.23
20	0.00	2.75	3.45	93.81
21	0.00	2.31	2.52	95.16
22	0.00	2.28	3.11	94.61
23	0.00	2.20	3.12	94.68
24	0.00	2.18	2.92	94.90
25	0.00	2.03	2.40	95.57
26	0.00	1.89	3.09	95.02
27	0.00	1.86	2.86	95.28
28	0.00	1.69	2.18	96.13
29	0.00	1.63	3.06	95.32
30	0.00	2.02	3.88	94.10
31	0.00	1.73	3.46	94.81
32	0.00	1.80	3.52	94.68
33	0.00	1.94	3.81	94.25
34	0.00	1.60	3.30	95.11
35	0.00	1.23	2.38	96.39
36	0.00	1.10	3.32	95.58
37	0.00	0.91	2.64	96.45
38	0.00	0.85	2.37	96.79
39	0.00	0.82	1.97	97.21
40	0.00	0.94	3.09	95.97
41	0.00	1.08	3.41	95.51
42	0.00	1.21	3.56	95.23
43	0.00	1.21	3.60	95.19
44	0.00	1.54	4.22	94.23
45	0.00	1.56	4.78	93.67
46	0.00	2.44	8.17	89.39
47	0.00	5.20	13.37	81.42
48	0.00	10.38	19.40	70.22
49	0.00	19.17	23.97	56.86
50	0.00	33.40	22.80	43.80
51	0.00	47.30	18.56	34.14
52	0.00	54.22	16.89	28.88
53	0.00	60.78	14.93	24.28
54	0.00	64.51	13.91	21.58
55	0.00	66.11	14.54	19.34
56	0.00	66.91	15.35	17.73
57	0.00	65.13	17.75	17.12
58	0.00	62.82	19.77	17.41
59	0.00	54.77	24.93	20.30
60	0.00	47.19	27.87	24.94
61	0.00	36.39	30.83	32.78
62	0.00	26.62	30.96	42.42
63	0.00	18.89	28.47	52.64
64	0.00	12.63	24.54	62.83
65	0.00	8.19	18.94	72.88
66	0.00	5.94	15.26	78.80
67	0.00	3.93	12.58	83.49
68	0.00	2.83	10.31	86.85
69	0.00	2.32	9.11	88.56
70	0.00	1.50	12.34	86.16
71	0.00	1.71	8.81	89.48
72	0.00	1.60	7.35	91.05
73	0.00	1.51	6.00	92.50
74	0.00	1.41	6.12	92.47
75	0.00	1.37	6.64	92.00
76	0.00	1.11	5.93	92.96
77	0.00	0.90	5.52	93.58
78	0.00	0.95	6.02	93.02
79	0.00	0.99	6.24	92.78
80	0.00	0.90	6.27	92.83
81	0.00	0.79	6.02	93.19
82	0.00	0.86	6.33	92.82
83	0.00	0.97	6.06	92.97
84	0.00	0.84	5.95	93.22
85	0.00	0.85	6.39	92.76
86	0.00	0.84	6.01	93.15
87	0.00	0.82	6.05	93.13
88	0.00	0.60	5.78	93.62
89	0.00	0.47	5.02	94.51
90	0.00	0.49	5.01	94.50
91	0.00	0.56	5.33	94.11
92	0.00	0.61	5.70	93.69
93	0.00	0.58	5.78	93.64
94	0.00	0.54	5.67	93.78
95	0.00	1.50	9.94	88.56




