Parameters
	Library type	Single-end
	Input file	/Volumes/wdhd/users/joaks1/projects/gekgo/data/genomes/msg/plate1/demultiplexed-trimmed/RMB_8931_Cyrtodactylus_gubaot_Leyte_R1.trimmed.fq
	Primer/Adaptor library	NA
	Cut-off read length for HQ	70%
	Cut-off quality score	20
	Only statistics	On
	Number of processes	2


QC statistics
	File name	RMB_8931_Cyrtodactylus_gubaot_Leyte_R1.trimmed.fq
	Total number of reads	455612
	Total number of HQ reads	452723
	Percentage of HQ reads	99.37%
	Total number of bases	35548730
	Total number of bases in HQ reads	35408229
	Total number of HQ bases in HQ reads	32433082
	Percentage of HQ bases in HQ reads	91.60%
	Number of Primer/Adaptor contaminated HQ reads	NA
	Total number of HQ filtered reads	452723
	Percentage of HQ filtered reads	99.37%


Detailed QC statistics
	File name	RMB_8931_Cyrtodactylus_gubaot_Leyte_R1.trimmed.fq
	Minimum read length	9
	Maximum read length	95
	Average read length	78.02
	Total number of reads	455612
	Total number of reads with non-ATGC bases	0
	Percentage of reads with non-ATGC bases	0.00%
	Total number of bases	35548730
	Total number of HQ bases	32517543
	Percentage of HQ bases	91.47%
	Total number of non-ATGC bases	0
	Percentage of non-ATGC bases	0.00%


Average quality score at each base position of input reads

RMB_8931_Cyrtodactylus_gubaot_Leyte_R1.trimmed.fq
35.14	33.60	36.36	35.89	36.48	36.51	36.31	38.62	37.98	37.63	37.75	38.04	37.89	37.88	37.92	37.50	37.67	37.11	37.04	36.91	37.33	36.78	36.84	36.90	37.20	37.05	37.07	37.45	36.65	36.34	36.53	36.58	36.35	36.48	36.81	36.40	36.60	36.79	36.93	36.18	35.99	35.81	35.67	35.26	34.85	33.52	31.80	29.33	26.44	23.16	20.41	18.54	16.94	15.72	14.74	14.07	13.75	13.58	14.08	14.67	15.82	16.98	18.18	19.26	20.26	20.83	21.29	21.61	21.72	21.04	21.31	21.59	21.77	21.76	21.64	21.66	21.67	21.54	21.48	21.43	21.42	21.31	21.29	21.28	21.18	21.18	21.17	21.18	21.22	21.19	21.13	21.07	21.04	21.01	20.39	




Read count (%) per base for different quality score ranges

	RMB_8931_Cyrtodactylus_gubaot_Leyte_R1.trimmed.fq
Ranges	0-10	11-20	21-30	31-40
Base
1	0.00	2.45	2.17	95.39
2	0.00	1.65	1.43	96.92
3	0.00	1.55	1.00	97.45
4	0.00	1.65	1.52	96.83
5	0.00	1.54	0.99	97.48
6	0.00	1.55	0.91	97.55
7	0.00	1.84	1.59	96.57
8	0.00	2.09	1.40	96.51
9	0.00	2.24	2.06	95.69
10	0.00	2.47	2.18	95.36
11	0.00	2.35	1.91	95.74
12	0.00	1.93	1.75	96.32
13	0.00	1.94	2.38	95.68
14	0.00	2.08	2.25	95.67
15	0.00	1.97	2.01	96.02
16	0.00	1.94	2.61	95.45
17	0.00	1.79	2.04	96.16
18	0.00	2.16	3.23	94.61
19	0.00	2.42	3.07	94.50
20	0.00	2.66	3.28	94.07
21	0.00	2.22	2.40	95.38
22	0.00	2.26	2.88	94.86
23	0.00	2.10	2.96	94.95
24	0.00	2.10	2.70	95.20
25	0.00	2.01	2.27	95.72
26	0.00	1.87	2.87	95.26
27	0.00	1.85	2.70	95.45
28	0.00	1.68	2.07	96.24
29	0.00	1.62	2.93	95.45
30	0.00	1.96	3.77	94.27
31	0.00	1.72	3.37	94.91
32	0.00	1.82	3.39	94.80
33	0.00	1.91	3.64	94.45
34	0.00	1.53	3.13	95.34
35	0.00	1.22	2.28	96.50
36	0.00	1.10	3.20	95.70
37	0.00	0.89	2.59	96.52
38	0.00	0.87	2.26	96.87
39	0.00	0.86	1.91	97.22
40	0.00	0.90	2.99	96.10
41	0.00	1.01	3.25	95.74
42	0.00	1.18	3.44	95.38
43	0.00	1.18	3.49	95.33
44	0.00	1.50	4.19	94.31
45	0.00	1.52	4.73	93.76
46	0.00	2.36	8.10	89.54
47	0.00	5.09	13.39	81.52
48	0.00	10.28	19.52	70.20
49	0.00	18.66	24.10	57.24
50	0.00	33.63	22.98	43.39
51	0.00	47.33	18.85	33.82
52	0.00	54.76	16.72	28.51
53	0.00	60.56	15.24	24.20
54	0.00	64.48	14.11	21.41
55	0.00	66.15	14.86	18.98
56	0.00	66.75	15.58	17.67
57	0.00	65.07	17.83	17.10
58	0.00	62.91	19.59	17.50
59	0.00	54.60	25.17	20.23
60	0.00	47.14	28.05	24.81
61	0.00	36.33	30.84	32.83
62	0.00	26.83	30.97	42.19
63	0.00	18.74	28.56	52.70
64	0.00	12.66	24.25	63.09
65	0.00	8.26	18.75	72.99
66	0.00	5.92	15.28	78.80
67	0.00	4.04	12.43	83.54
68	0.00	2.84	10.30	86.85
69	0.00	2.36	9.11	88.52
70	0.00	1.62	12.58	85.80
71	0.00	1.84	8.84	89.33
72	0.00	1.62	7.35	91.03
73	0.00	1.52	6.08	92.40
74	0.00	1.44	6.14	92.42
75	0.00	1.42	6.74	91.83
76	0.00	1.12	6.20	92.68
77	0.00	0.93	5.57	93.50
78	0.00	0.98	6.18	92.84
79	0.00	0.99	6.25	92.77
80	0.00	0.93	6.24	92.83
81	0.00	0.77	6.01	93.22
82	0.00	0.89	6.35	92.76
83	0.00	0.99	6.02	92.99
84	0.00	0.87	5.93	93.20
85	0.00	0.89	6.35	92.75
86	0.00	0.86	5.97	93.17
87	0.00	0.79	5.95	93.26
88	0.00	0.64	5.75	93.61
89	0.00	0.50	5.09	94.41
90	0.00	0.47	5.08	94.45
91	0.00	0.53	5.26	94.22
92	0.00	0.56	5.62	93.82
93	0.00	0.59	5.59	93.82
94	0.00	0.55	5.50	93.95
95	0.00	1.35	9.75	88.89




