Parameters
	Library type	Single-end
	Input file	/Volumes/wdhd/users/joaks1/projects/gekgo/data/genomes/msg/plate1/demultiplexed-trimmed/RMB_14453_Cyrtodactylus_philippinicus_Luzon_R1.trimmed.fq
	Primer/Adaptor library	NA
	Cut-off read length for HQ	70%
	Cut-off quality score	20
	Only statistics	On
	Number of processes	2


QC statistics
	File name	RMB_14453_Cyrtodactylus_philippinicus_Luzon_R1.trimmed.fq
	Total number of reads	640712
	Total number of HQ reads	636884
	Percentage of HQ reads	99.40%
	Total number of bases	48614353
	Total number of bases in HQ reads	48433189
	Total number of HQ bases in HQ reads	44464403
	Percentage of HQ bases in HQ reads	91.81%
	Number of Primer/Adaptor contaminated HQ reads	NA
	Total number of HQ filtered reads	636884
	Percentage of HQ filtered reads	99.40%


Detailed QC statistics
	File name	RMB_14453_Cyrtodactylus_philippinicus_Luzon_R1.trimmed.fq
	Minimum read length	9
	Maximum read length	95
	Average read length	75.88
	Total number of reads	640712
	Total number of reads with non-ATGC bases	0
	Percentage of reads with non-ATGC bases	0.00%
	Total number of bases	48614353
	Total number of HQ bases	44573500
	Percentage of HQ bases	91.69%
	Total number of non-ATGC bases	0
	Percentage of non-ATGC bases	0.00%


Average quality score at each base position of input reads

RMB_14453_Cyrtodactylus_philippinicus_Luzon_R1.trimmed.fq
35.69	34.79	36.34	35.78	36.42	36.46	36.27	38.55	37.89	37.53	37.68	37.95	37.80	37.81	37.85	37.45	37.64	37.05	36.96	36.78	37.22	36.67	36.72	36.80	37.12	36.95	36.99	37.36	36.53	36.21	36.40	36.46	36.20	36.32	36.64	36.21	36.39	36.56	36.71	35.92	35.70	35.52	35.34	34.92	34.49	33.12	31.37	28.89	25.96	22.70	19.92	17.93	16.28	14.98	13.97	13.28	12.95	12.69	13.13	13.71	14.77	15.89	17.00	17.97	18.88	19.38	19.80	20.07	20.15	19.52	19.76	20.02	20.19	20.18	20.08	20.08	20.08	19.96	19.88	19.82	19.81	19.73	19.70	19.68	19.56	19.55	19.54	19.55	19.58	19.54	19.49	19.44	19.40	19.38	18.77	




Read count (%) per base for different quality score ranges

	RMB_14453_Cyrtodactylus_philippinicus_Luzon_R1.trimmed.fq
Ranges	0-10	11-20	21-30	31-40
Base
1	0.00	2.65	1.99	95.35
2	0.00	1.89	1.27	96.84
3	0.00	1.74	1.11	97.15
4	0.00	1.89	1.77	96.34
5	0.00	1.65	1.13	97.22
6	0.00	1.64	1.05	97.32
7	0.00	1.96	1.66	96.38
8	0.00	2.15	1.47	96.38
9	0.00	2.35	2.19	95.45
10	0.00	2.57	2.31	95.12
11	0.00	2.40	1.97	95.63
12	0.00	2.01	1.91	96.08
13	0.00	2.03	2.57	95.40
14	0.00	2.11	2.39	95.50
15	0.00	1.99	2.19	95.81
16	0.00	2.01	2.86	95.13
17	0.00	1.84	2.25	95.91
18	0.00	2.28	3.50	94.22
19	0.00	2.53	3.29	94.18
20	0.00	2.80	3.44	93.75
21	0.00	2.32	2.56	95.12
22	0.00	2.30	3.13	94.57
23	0.00	2.20	3.18	94.63
24	0.00	2.16	2.94	94.90
25	0.00	2.01	2.42	95.57
26	0.00	1.92	3.05	95.03
27	0.00	1.83	2.87	95.30
28	0.00	1.67	2.19	96.15
29	0.00	1.70	3.15	95.16
30	0.00	2.02	3.99	93.99
31	0.00	1.77	3.54	94.69
32	0.00	1.84	3.54	94.62
33	0.00	1.92	3.93	94.15
34	0.00	1.61	3.30	95.09
35	0.00	1.25	2.41	96.35
36	0.00	1.17	3.41	95.41
37	0.00	0.95	2.80	96.25
38	0.00	0.89	2.39	96.72
39	0.00	0.86	1.99	97.15
40	0.00	0.95	3.12	95.92
41	0.00	1.09	3.41	95.50
42	0.00	1.25	3.56	95.19
43	0.00	1.23	3.63	95.14
44	0.00	1.51	4.34	94.15
45	0.00	1.59	4.74	93.67
46	0.00	2.47	8.18	89.35
47	0.00	5.29	13.21	81.49
48	0.00	10.56	19.03	70.41
49	0.00	18.91	23.71	57.37
50	0.00	33.49	22.57	43.94
51	0.00	47.05	18.42	34.53
52	0.00	54.63	16.46	28.92
53	0.00	60.22	15.09	24.69
54	0.00	64.20	13.85	21.95
55	0.00	65.89	14.60	19.51
56	0.00	66.13	15.68	18.18
57	0.00	64.30	17.99	17.71
58	0.00	62.45	19.63	17.93
59	0.00	54.27	25.07	20.66
60	0.00	46.38	28.05	25.57
61	0.00	35.33	31.06	33.61
62	0.00	25.65	30.74	43.61
63	0.00	17.53	28.22	54.25
64	0.00	11.90	23.78	64.32
65	0.00	7.62	18.35	74.03
66	0.00	5.44	14.86	79.70
67	0.00	3.58	12.08	84.34
68	0.00	2.61	9.84	87.55
69	0.00	2.21	8.88	88.91
70	0.00	1.39	12.27	86.34
71	0.00	1.65	8.59	89.76
72	0.00	1.49	7.08	91.43
73	0.00	1.36	5.88	92.77
74	0.00	1.30	5.78	92.91
75	0.00	1.26	6.44	92.31
76	0.00	1.03	5.80	93.18
77	0.00	0.85	5.38	93.77
78	0.00	0.88	5.77	93.34
79	0.00	0.96	6.05	92.99
80	0.00	0.90	6.14	92.96
81	0.00	0.75	5.93	93.32
82	0.00	0.82	6.08	93.10
83	0.00	0.90	5.83	93.26
84	0.00	0.80	5.85	93.35
85	0.00	0.88	6.35	92.76
86	0.00	0.85	6.05	93.10
87	0.00	0.82	6.01	93.17
88	0.00	0.64	5.73	93.64
89	0.00	0.50	5.10	94.40
90	0.00	0.50	5.21	94.29
91	0.00	0.53	5.30	94.17
92	0.00	0.55	5.61	93.83
93	0.00	0.60	5.67	93.73
94	0.00	0.57	5.56	93.87
95	0.00	1.36	9.97	88.67




