Parameters
	Library type	Single-end
	Input file	/Volumes/wdhd/users/joaks1/projects/gekgo/data/genomes/msg/plate1/demultiplexed-trimmed/RMB_9748_Cyrtodactylus_philippinicus_Luzon_R1.trimmed.fq
	Primer/Adaptor library	NA
	Cut-off read length for HQ	70%
	Cut-off quality score	20
	Only statistics	On
	Number of processes	2


QC statistics
	File name	RMB_9748_Cyrtodactylus_philippinicus_Luzon_R1.trimmed.fq
	Total number of reads	1360232
	Total number of HQ reads	1350899
	Percentage of HQ reads	99.31%
	Total number of bases	104944188
	Total number of bases in HQ reads	104491137
	Total number of HQ bases in HQ reads	95659473
	Percentage of HQ bases in HQ reads	91.55%
	Number of Primer/Adaptor contaminated HQ reads	NA
	Total number of HQ filtered reads	1350899
	Percentage of HQ filtered reads	99.31%


Detailed QC statistics
	File name	RMB_9748_Cyrtodactylus_philippinicus_Luzon_R1.trimmed.fq
	Minimum read length	8
	Maximum read length	95
	Average read length	77.15
	Total number of reads	1360232
	Total number of reads with non-ATGC bases	0
	Percentage of reads with non-ATGC bases	0.00%
	Total number of bases	104944188
	Total number of HQ bases	95931572
	Percentage of HQ bases	91.41%
	Total number of non-ATGC bases	0
	Percentage of non-ATGC bases	0.00%


Average quality score at each base position of input reads

RMB_9748_Cyrtodactylus_philippinicus_Luzon_R1.trimmed.fq
35.74	35.68	36.39	35.77	36.42	36.46	36.26	38.56	37.90	37.53	37.68	37.97	37.82	37.83	37.86	37.48	37.69	37.08	37.01	36.83	37.24	36.69	36.75	36.80	37.12	36.94	36.97	37.33	36.51	36.21	36.40	36.44	36.18	36.32	36.63	36.23	36.39	36.57	36.72	35.95	35.75	35.55	35.41	35.00	34.57	33.23	31.54	29.16	26.16	22.98	20.16	18.34	16.65	15.42	14.48	13.73	13.41	13.22	13.69	14.28	15.38	16.55	17.68	18.71	19.69	20.23	20.71	21.02	21.16	20.52	20.78	21.04	21.24	21.23	21.12	21.13	21.13	20.99	20.91	20.87	20.84	20.75	20.72	20.71	20.59	20.58	20.56	20.56	20.61	20.59	20.53	20.46	20.41	20.39	19.73	




Read count (%) per base for different quality score ranges

	RMB_9748_Cyrtodactylus_philippinicus_Luzon_R1.trimmed.fq
Ranges	0-10	11-20	21-30	31-40
Base
1	0.00	2.52	1.85	95.63
2	0.00	1.79	1.12	97.09
3	0.00	1.68	1.03	97.29
4	0.00	1.84	1.73	96.43
5	0.00	1.65	1.13	97.21
6	0.00	1.62	1.05	97.32
7	0.00	1.96	1.69	96.35
8	0.00	2.14	1.49	96.37
9	0.00	2.41	2.23	95.36
10	0.00	2.62	2.37	95.01
11	0.00	2.46	2.04	95.50
12	0.00	2.06	1.88	96.05
13	0.00	2.09	2.48	95.43
14	0.00	2.15	2.37	95.47
15	0.00	2.08	2.20	95.72
16	0.00	2.06	2.81	95.12
17	0.00	1.89	2.25	95.86
18	0.00	2.37	3.49	94.14
19	0.00	2.60	3.28	94.12
20	0.00	2.82	3.45	93.73
21	0.00	2.39	2.59	95.02
22	0.00	2.41	3.14	94.45
23	0.00	2.26	3.13	94.61
24	0.00	2.26	2.93	94.82
25	0.00	2.09	2.46	95.45
26	0.00	2.01	3.08	94.90
27	0.00	1.95	2.88	95.17
28	0.00	1.79	2.28	95.93
29	0.00	1.82	3.13	95.05
30	0.00	2.10	3.94	93.96
31	0.00	1.83	3.48	94.69
32	0.00	1.89	3.54	94.57
33	0.00	1.99	3.83	94.19
34	0.00	1.58	3.27	95.15
35	0.00	1.26	2.39	96.35
36	0.00	1.15	3.26	95.59
37	0.00	0.95	2.70	96.35
38	0.00	0.89	2.34	96.77
39	0.00	0.85	1.96	97.19
40	0.00	0.93	3.01	96.06
41	0.00	1.09	3.27	95.65
42	0.00	1.25	3.43	95.32
43	0.00	1.19	3.48	95.32
44	0.00	1.51	4.08	94.41
45	0.00	1.55	4.55	93.90
46	0.00	2.39	7.99	89.62
47	0.00	5.09	12.98	81.92
48	0.00	10.30	18.58	71.12
49	0.00	19.26	23.12	57.62
50	0.00	33.40	22.25	44.34
51	0.00	47.55	17.97	34.48
52	0.00	54.34	16.41	29.25
53	0.00	60.75	14.63	24.62
54	0.00	64.71	13.37	21.92
55	0.00	66.18	14.36	19.45
56	0.00	67.29	14.86	17.84
57	0.00	65.60	17.11	17.29
58	0.00	63.36	18.99	17.65
59	0.00	55.29	24.30	20.41
60	0.00	47.66	27.26	25.08
61	0.00	36.78	30.31	32.91
62	0.00	27.09	30.29	42.62
63	0.00	19.11	28.00	52.89
64	0.00	13.09	23.99	62.92
65	0.00	8.58	18.87	72.55
66	0.00	6.24	15.49	78.27
67	0.00	4.21	12.56	83.23
68	0.00	3.03	10.40	86.57
69	0.00	2.50	9.14	88.36
70	0.00	1.65	12.36	85.99
71	0.00	1.91	8.73	89.35
72	0.00	1.74	7.34	90.92
73	0.00	1.59	6.05	92.36
74	0.00	1.52	6.03	92.45
75	0.00	1.46	6.61	91.93
76	0.00	1.20	6.07	92.73
77	0.00	1.02	5.56	93.42
78	0.00	1.03	5.96	93.01
79	0.00	1.07	6.22	92.71
80	0.00	0.97	6.09	92.95
81	0.00	0.82	5.95	93.24
82	0.00	0.92	6.16	92.93
83	0.00	1.01	5.96	93.03
84	0.00	0.91	5.85	93.24
85	0.00	0.94	6.37	92.69
86	0.00	0.88	6.03	93.09
87	0.00	0.84	5.99	93.17
88	0.00	0.66	5.78	93.56
89	0.00	0.51	5.02	94.47
90	0.00	0.49	5.00	94.51
91	0.00	0.54	5.30	94.16
92	0.00	0.60	5.63	93.76
93	0.00	0.61	5.74	93.66
94	0.00	0.57	5.59	93.84
95	0.00	1.45	10.13	88.42




