Parameters
	Library type	Single-end
	Input file	/Volumes/wdhd/users/joaks1/projects/gekgo/data/genomes/msg/plate1/demultiplexed-trimmed/RMB_7725_Cyrtodactylus_annulatus_Palawan_R1.trimmed.fq
	Primer/Adaptor library	NA
	Cut-off read length for HQ	70%
	Cut-off quality score	20
	Only statistics	On
	Number of processes	2


QC statistics
	File name	RMB_7725_Cyrtodactylus_annulatus_Palawan_R1.trimmed.fq
	Total number of reads	76454
	Total number of HQ reads	75992
	Percentage of HQ reads	99.40%
	Total number of bases	5847885
	Total number of bases in HQ reads	5826277
	Total number of HQ bases in HQ reads	5339903
	Percentage of HQ bases in HQ reads	91.65%
	Number of Primer/Adaptor contaminated HQ reads	NA
	Total number of HQ filtered reads	75992
	Percentage of HQ filtered reads	99.40%


Detailed QC statistics
	File name	RMB_7725_Cyrtodactylus_annulatus_Palawan_R1.trimmed.fq
	Minimum read length	12
	Maximum read length	95
	Average read length	76.49
	Total number of reads	76454
	Total number of reads with non-ATGC bases	0
	Percentage of reads with non-ATGC bases	0.00%
	Total number of bases	5847885
	Total number of HQ bases	5352880
	Percentage of HQ bases	91.54%
	Total number of non-ATGC bases	0
	Percentage of non-ATGC bases	0.00%


Average quality score at each base position of input reads

RMB_7725_Cyrtodactylus_annulatus_Palawan_R1.trimmed.fq
34.73	34.51	36.31	35.78	36.41	36.44	36.22	38.48	37.83	37.49	37.64	37.94	37.80	37.76	37.80	37.39	37.56	36.96	36.88	36.71	37.19	36.67	36.74	36.82	37.06	36.88	36.91	37.34	36.52	36.22	36.40	36.45	36.16	36.27	36.60	36.15	36.34	36.54	36.69	35.93	35.66	35.45	35.26	34.86	34.50	33.17	31.36	28.83	26.04	22.72	19.96	18.07	16.47	15.27	14.25	13.50	13.12	13.01	13.40	13.91	15.01	16.20	17.29	18.34	19.22	19.74	20.17	20.49	20.65	20.00	20.25	20.47	20.65	20.65	20.57	20.58	20.56	20.43	20.36	20.32	20.31	20.22	20.18	20.16	20.08	20.06	20.04	20.05	20.08	20.08	20.02	19.95	19.94	19.90	19.23	




Read count (%) per base for different quality score ranges

	RMB_7725_Cyrtodactylus_annulatus_Palawan_R1.trimmed.fq
Ranges	0-10	11-20	21-30	31-40
Base
1	0.00	2.87	2.75	94.37
2	0.00	1.90	1.38	96.72
3	0.00	1.76	1.17	97.07
4	0.00	1.93	1.76	96.31
5	0.00	1.70	1.12	97.17
6	0.00	1.74	0.99	97.27
7	0.00	2.08	1.74	96.18
8	0.00	2.23	1.60	96.17
9	0.00	2.44	2.24	95.32
10	0.00	2.60	2.44	94.96
11	0.00	2.47	2.03	95.50
12	0.00	2.05	1.94	96.01
13	0.00	2.10	2.54	95.36
14	0.00	2.26	2.43	95.31
15	0.00	2.07	2.29	95.64
16	0.00	2.15	2.96	94.89
17	0.00	1.89	2.38	95.73
18	0.00	2.30	3.67	94.03
19	0.00	2.68	3.46	93.87
20	0.00	2.94	3.64	93.43
21	0.00	2.36	2.82	94.83
22	0.00	2.34	3.21	94.44
23	0.00	2.23	3.16	94.60
24	0.00	2.20	2.83	94.97
25	0.00	2.19	2.56	95.25
26	0.00	2.03	3.16	94.81
27	0.00	1.98	2.96	95.06
28	0.00	1.66	2.26	96.08
29	0.00	1.73	3.07	95.20
30	0.00	2.04	3.91	94.05
31	0.00	1.79	3.48	94.73
32	0.00	1.85	3.58	94.57
33	0.00	1.99	3.92	94.09
34	0.00	1.50	3.40	95.10
35	0.00	1.29	2.51	96.20
36	0.00	1.18	3.65	95.16
37	0.00	0.94	2.80	96.26
38	0.00	0.85	2.44	96.71
39	0.00	0.88	1.96	97.15
40	0.00	0.89	3.14	95.97
41	0.00	1.10	3.43	95.47
42	0.00	1.22	3.61	95.17
43	0.00	1.32	3.56	95.12
44	0.00	1.58	4.31	94.11
45	0.00	1.44	4.78	93.77
46	0.00	2.40	8.19	89.41
47	0.00	5.33	13.39	81.28
48	0.00	10.71	19.46	69.84
49	0.00	19.05	23.44	57.51
50	0.00	33.98	22.28	43.74
51	0.00	47.60	18.36	34.04
52	0.00	54.66	16.70	28.64
53	0.00	60.27	15.30	24.43
54	0.00	63.86	13.99	22.15
55	0.00	65.64	14.86	19.50
56	0.00	66.30	15.63	18.06
57	0.00	65.26	17.15	17.59
58	0.00	62.05	19.84	18.11
59	0.00	54.64	24.98	20.38
60	0.00	47.29	28.07	24.64
61	0.00	36.83	30.21	32.97
62	0.00	26.31	30.81	42.88
63	0.00	18.57	28.14	53.29
64	0.00	12.30	23.88	63.82
65	0.00	8.30	18.76	72.94
66	0.00	6.05	15.33	78.63
67	0.00	3.98	12.52	83.50
68	0.00	2.69	10.36	86.95
69	0.00	2.05	9.00	88.96
70	0.00	1.45	12.16	86.39
71	0.00	1.67	8.69	89.64
72	0.00	1.61	7.39	91.00
73	0.00	1.47	6.15	92.38
74	0.00	1.37	5.83	92.81
75	0.00	1.28	6.27	92.45
76	0.00	1.04	5.85	93.11
77	0.00	0.89	5.38	93.73
78	0.00	0.90	6.00	93.10
79	0.00	1.00	6.07	92.93
80	0.00	0.86	6.09	93.05
81	0.00	0.75	5.88	93.37
82	0.00	0.93	5.86	93.21
83	0.00	1.03	5.88	93.09
84	0.00	0.88	5.75	93.37
85	0.00	0.88	6.12	93.01
86	0.00	0.88	5.94	93.18
87	0.00	0.84	6.13	93.03
88	0.00	0.62	5.74	93.63
89	0.00	0.48	5.12	94.39
90	0.00	0.47	5.09	94.43
91	0.00	0.53	5.29	94.18
92	0.00	0.63	5.37	94.00
93	0.00	0.56	5.47	93.97
94	0.00	0.55	5.33	94.12
95	0.00	1.43	10.26	88.31




