Parameters
	Library type	Single-end
	Input file	/Volumes/wdhd/users/joaks1/projects/gekgo/data/genomes/msg/plate1/demultiplexed-trimmed/RMB_12837_Cyrtodactylus_philippinicus_Luzon_R1.trimmed.fq
	Primer/Adaptor library	NA
	Cut-off read length for HQ	70%
	Cut-off quality score	20
	Only statistics	On
	Number of processes	2


QC statistics
	File name	RMB_12837_Cyrtodactylus_philippinicus_Luzon_R1.trimmed.fq
	Total number of reads	897505
	Total number of HQ reads	892004
	Percentage of HQ reads	99.39%
	Total number of bases	69505337
	Total number of bases in HQ reads	69242904
	Total number of HQ bases in HQ reads	63408778
	Percentage of HQ bases in HQ reads	91.57%
	Number of Primer/Adaptor contaminated HQ reads	NA
	Total number of HQ filtered reads	892004
	Percentage of HQ filtered reads	99.39%


Detailed QC statistics
	File name	RMB_12837_Cyrtodactylus_philippinicus_Luzon_R1.trimmed.fq
	Minimum read length	9
	Maximum read length	95
	Average read length	77.44
	Total number of reads	897505
	Total number of reads with non-ATGC bases	0
	Percentage of reads with non-ATGC bases	0.00%
	Total number of bases	69505337
	Total number of HQ bases	63567013
	Percentage of HQ bases	91.46%
	Total number of non-ATGC bases	0
	Percentage of non-ATGC bases	0.00%


Average quality score at each base position of input reads

RMB_12837_Cyrtodactylus_philippinicus_Luzon_R1.trimmed.fq
35.89	35.79	36.40	35.85	36.42	36.46	36.27	38.55	37.90	37.54	37.67	37.95	37.82	37.82	37.86	37.48	37.67	37.09	36.99	36.81	37.23	36.70	36.75	36.82	37.13	36.96	36.99	37.36	36.56	36.25	36.43	36.48	36.23	36.36	36.68	36.25	36.44	36.63	36.77	36.01	35.80	35.61	35.44	35.03	34.61	33.26	31.55	29.10	26.18	23.00	20.21	18.32	16.66	15.42	14.47	13.80	13.53	13.31	13.80	14.43	15.53	16.71	17.90	18.96	19.95	20.51	20.98	21.30	21.41	20.76	21.02	21.28	21.47	21.46	21.34	21.37	21.37	21.24	21.18	21.12	21.11	20.99	20.97	20.97	20.84	20.84	20.82	20.83	20.87	20.83	20.77	20.71	20.68	20.67	20.02	




Read count (%) per base for different quality score ranges

	RMB_12837_Cyrtodactylus_philippinicus_Luzon_R1.trimmed.fq
Ranges	0-10	11-20	21-30	31-40
Base
1	0.00	2.49	1.75	95.75
2	0.00	1.79	1.10	97.11
3	0.00	1.66	1.04	97.30
4	0.00	1.83	1.68	96.49
5	0.00	1.64	1.13	97.23
6	0.00	1.63	1.04	97.33
7	0.00	1.95	1.69	96.37
8	0.00	2.15	1.50	96.35
9	0.00	2.38	2.24	95.38
10	0.00	2.58	2.37	95.05
11	0.00	2.45	2.02	95.53
12	0.00	2.03	1.89	96.08
13	0.00	2.06	2.51	95.42
14	0.00	2.15	2.37	95.47
15	0.00	2.04	2.18	95.78
16	0.00	2.07	2.80	95.12
17	0.00	1.86	2.26	95.88
18	0.00	2.28	3.41	94.31
19	0.00	2.54	3.24	94.22
20	0.00	2.82	3.43	93.75
21	0.00	2.33	2.58	95.10
22	0.00	2.32	3.13	94.56
23	0.00	2.21	3.13	94.66
24	0.00	2.21	2.90	94.90
25	0.00	2.05	2.43	95.52
26	0.00	1.96	3.06	94.98
27	0.00	1.87	2.84	95.29
28	0.00	1.69	2.22	96.09
29	0.00	1.71	3.06	95.23
30	0.00	2.01	3.90	94.09
31	0.00	1.76	3.49	94.75
32	0.00	1.82	3.50	94.68
33	0.00	1.94	3.80	94.26
34	0.00	1.55	3.26	95.20
35	0.00	1.20	2.41	96.38
36	0.00	1.12	3.33	95.55
37	0.00	0.92	2.69	96.39
38	0.00	0.87	2.34	96.80
39	0.00	0.84	1.97	97.19
40	0.00	0.92	3.01	96.07
41	0.00	1.05	3.21	95.74
42	0.00	1.22	3.45	95.33
43	0.00	1.18	3.52	95.31
44	0.00	1.53	4.16	94.31
45	0.00	1.53	4.64	93.83
46	0.00	2.45	7.99	89.56
47	0.00	5.17	13.09	81.74
48	0.00	10.39	19.05	70.56
49	0.00	19.06	23.46	57.48
50	0.00	33.46	22.32	44.22
51	0.00	47.47	17.93	34.60
52	0.00	55.08	15.88	29.03
53	0.00	61.13	14.64	24.22
54	0.00	65.14	13.40	21.46
55	0.00	66.68	14.24	19.08
56	0.00	67.02	15.29	17.69
57	0.00	65.04	17.60	17.36
58	0.00	63.15	19.25	17.60
59	0.00	54.99	24.64	20.37
60	0.00	47.21	27.64	25.15
61	0.00	36.46	30.65	32.89
62	0.00	26.88	30.40	42.72
63	0.00	18.63	28.18	53.19
64	0.00	12.72	23.85	63.43
65	0.00	8.25	18.65	73.09
66	0.00	5.91	15.14	78.95
67	0.00	3.97	12.34	83.69
68	0.00	2.80	10.13	87.06
69	0.00	2.37	9.02	88.61
70	0.00	1.56	12.37	86.07
71	0.00	1.81	8.73	89.46
72	0.00	1.60	7.29	91.12
73	0.00	1.48	6.04	92.48
74	0.00	1.44	5.96	92.60
75	0.00	1.39	6.67	91.94
76	0.00	1.10	5.98	92.93
77	0.00	0.90	5.48	93.62
78	0.00	0.95	5.96	93.09
79	0.00	0.98	6.00	93.02
80	0.00	0.90	6.03	93.07
81	0.00	0.74	5.80	93.46
82	0.00	0.85	6.21	92.95
83	0.00	0.93	5.94	93.13
84	0.00	0.83	5.77	93.40
85	0.00	0.87	6.24	92.89
86	0.00	0.84	5.89	93.27
87	0.00	0.80	5.94	93.26
88	0.00	0.61	5.60	93.79
89	0.00	0.49	5.06	94.46
90	0.00	0.49	5.06	94.45
91	0.00	0.54	5.28	94.18
92	0.00	0.55	5.61	93.85
93	0.00	0.59	5.63	93.78
94	0.00	0.53	5.44	94.03
95	0.00	1.33	9.82	88.85




