Parameters
	Library type	Single-end
	Input file	/Volumes/wdhd/users/joaks1/projects/gekgo/data/genomes/msg/plate1/demultiplexed-trimmed/RMB_13713_Cyrtodactylus_philippinicus_Luzon_R1.trimmed.fq
	Primer/Adaptor library	NA
	Cut-off read length for HQ	70%
	Cut-off quality score	20
	Only statistics	On
	Number of processes	2


QC statistics
	File name	RMB_13713_Cyrtodactylus_philippinicus_Luzon_R1.trimmed.fq
	Total number of reads	86647
	Total number of HQ reads	86093
	Percentage of HQ reads	99.36%
	Total number of bases	6681798
	Total number of bases in HQ reads	6655476
	Total number of HQ bases in HQ reads	6096935
	Percentage of HQ bases in HQ reads	91.61%
	Number of Primer/Adaptor contaminated HQ reads	NA
	Total number of HQ filtered reads	86093
	Percentage of HQ filtered reads	99.36%


Detailed QC statistics
	File name	RMB_13713_Cyrtodactylus_philippinicus_Luzon_R1.trimmed.fq
	Minimum read length	12
	Maximum read length	95
	Average read length	77.12
	Total number of reads	86647
	Total number of reads with non-ATGC bases	0
	Percentage of reads with non-ATGC bases	0.00%
	Total number of bases	6681798
	Total number of HQ bases	6112816
	Percentage of HQ bases	91.48%
	Total number of non-ATGC bases	0
	Percentage of non-ATGC bases	0.00%


Average quality score at each base position of input reads

RMB_13713_Cyrtodactylus_philippinicus_Luzon_R1.trimmed.fq
36.13	36.19	36.41	35.94	36.41	36.46	36.26	38.53	37.86	37.51	37.67	37.94	37.78	37.77	37.84	37.43	37.65	37.08	36.99	36.81	37.23	36.69	36.74	36.81	37.12	36.95	36.99	37.39	36.56	36.24	36.42	36.49	36.24	36.38	36.69	36.27	36.45	36.64	36.78	36.03	35.80	35.60	35.43	35.03	34.63	33.30	31.55	29.07	26.18	22.96	20.18	18.18	16.53	15.28	14.31	13.65	13.36	13.14	13.64	14.25	15.35	16.51	17.67	18.72	19.70	20.22	20.72	21.03	21.14	20.51	20.77	21.02	21.18	21.18	21.08	21.09	21.10	20.96	20.89	20.85	20.83	20.73	20.71	20.69	20.57	20.54	20.53	20.54	20.57	20.54	20.49	20.43	20.39	20.37	19.74	




Read count (%) per base for different quality score ranges

	RMB_13713_Cyrtodactylus_philippinicus_Luzon_R1.trimmed.fq
Ranges	0-10	11-20	21-30	31-40
Base
1	0.00	2.51	1.67	95.82
2	0.00	1.78	1.08	97.14
3	0.00	1.69	1.01	97.29
4	0.00	1.88	1.67	96.45
5	0.00	1.70	1.11	97.19
6	0.00	1.66	1.06	97.28
7	0.00	2.00	1.66	96.34
8	0.00	2.18	1.56	96.26
9	0.00	2.45	2.24	95.30
10	0.00	2.64	2.42	94.94
11	0.00	2.46	1.97	95.56
12	0.00	2.15	1.81	96.04
13	0.00	2.11	2.58	95.31
14	0.00	2.20	2.44	95.35
15	0.00	2.06	2.15	95.79
16	0.00	2.14	2.94	94.92
17	0.00	1.83	2.32	95.86
18	0.00	2.30	3.36	94.35
19	0.00	2.56	3.26	94.19
20	0.00	2.78	3.52	93.70
21	0.00	2.31	2.57	95.12
22	0.00	2.30	3.22	94.48
23	0.00	2.23	3.07	94.69
24	0.00	2.20	2.87	94.93
25	0.00	2.05	2.46	95.49
26	0.00	1.91	3.12	94.97
27	0.00	1.91	2.89	95.20
28	0.00	1.69	2.11	96.19
29	0.00	1.73	3.12	95.16
30	0.00	2.01	4.00	93.98
31	0.00	1.83	3.49	94.69
32	0.00	1.83	3.55	94.63
33	0.00	1.89	3.82	94.29
34	0.00	1.52	3.22	95.26
35	0.00	1.16	2.40	96.44
36	0.00	1.12	3.36	95.52
37	0.00	0.88	2.81	96.32
38	0.00	0.83	2.31	96.85
39	0.00	0.84	1.85	97.30
40	0.00	0.88	3.03	96.08
41	0.00	1.02	3.23	95.75
42	0.00	1.20	3.54	95.26
43	0.00	1.20	3.58	95.23
44	0.00	1.52	4.25	94.23
45	0.00	1.55	4.51	93.94
46	0.00	2.41	7.90	89.70
47	0.00	5.21	13.16	81.63
48	0.00	10.41	19.18	70.42
49	0.00	18.89	23.62	57.49
50	0.00	33.34	22.53	44.14
51	0.00	47.20	18.17	34.63
52	0.00	55.42	16.01	28.56
53	0.00	61.18	15.04	23.79
54	0.00	65.23	13.44	21.34
55	0.00	66.86	14.31	18.83
56	0.00	67.22	15.28	17.50
57	0.00	65.16	17.63	17.21
58	0.00	63.17	19.52	17.31
59	0.00	54.63	25.18	20.19
60	0.00	47.00	27.93	25.06
61	0.00	36.21	30.71	33.08
62	0.00	26.86	30.18	42.96
63	0.00	18.57	28.01	53.42
64	0.00	12.48	24.07	63.45
65	0.00	8.20	18.42	73.37
66	0.00	5.99	15.23	78.78
67	0.00	3.87	12.35	83.78
68	0.00	2.72	10.22	87.06
69	0.00	2.30	9.05	88.66
70	0.00	1.46	12.16	86.38
71	0.00	1.69	8.64	89.67
72	0.00	1.60	7.06	91.34
73	0.00	1.52	6.04	92.44
74	0.00	1.42	6.03	92.55
75	0.00	1.36	6.66	91.98
76	0.00	1.13	5.90	92.97
77	0.00	0.93	5.56	93.52
78	0.00	0.92	6.00	93.08
79	0.00	0.96	5.98	93.06
80	0.00	0.91	5.95	93.14
81	0.00	0.77	5.62	93.60
82	0.00	0.80	6.00	93.19
83	0.00	0.87	5.66	93.47
84	0.00	0.83	5.59	93.58
85	0.00	0.87	6.13	93.00
86	0.00	0.82	6.07	93.11
87	0.00	0.76	5.99	93.25
88	0.00	0.61	5.70	93.69
89	0.00	0.46	5.09	94.45
90	0.00	0.49	5.06	94.45
91	0.00	0.52	5.19	94.29
92	0.00	0.55	5.62	93.83
93	0.00	0.63	5.46	93.91
94	0.00	0.51	5.67	93.82
95	0.00	1.28	10.16	88.56




