Parameters
	Library type	Single-end
	Input file	/Volumes/wdhd/users/joaks1/projects/gekgo/data/genomes/msg/plate1/demultiplexed-trimmed/RMB_14180_Cyrtodactylus_philippinicus_Luzon_R1.trimmed.fq
	Primer/Adaptor library	NA
	Cut-off read length for HQ	70%
	Cut-off quality score	20
	Only statistics	On
	Number of processes	2


QC statistics
	File name	RMB_14180_Cyrtodactylus_philippinicus_Luzon_R1.trimmed.fq
	Total number of reads	104291
	Total number of HQ reads	103652
	Percentage of HQ reads	99.39%
	Total number of bases	7930170
	Total number of bases in HQ reads	7900413
	Total number of HQ bases in HQ reads	7239849
	Percentage of HQ bases in HQ reads	91.64%
	Number of Primer/Adaptor contaminated HQ reads	NA
	Total number of HQ filtered reads	103652
	Percentage of HQ filtered reads	99.39%


Detailed QC statistics
	File name	RMB_14180_Cyrtodactylus_philippinicus_Luzon_R1.trimmed.fq
	Minimum read length	10
	Maximum read length	95
	Average read length	76.04
	Total number of reads	104291
	Total number of reads with non-ATGC bases	0
	Percentage of reads with non-ATGC bases	0.00%
	Total number of bases	7930170
	Total number of HQ bases	7257635
	Percentage of HQ bases	91.52%
	Total number of non-ATGC bases	0
	Percentage of non-ATGC bases	0.00%


Average quality score at each base position of input reads

RMB_14180_Cyrtodactylus_philippinicus_Luzon_R1.trimmed.fq
35.99	35.92	36.31	35.87	36.37	36.40	36.19	38.47	37.81	37.46	37.60	37.89	37.67	37.63	37.64	37.18	37.39	36.94	36.84	36.70	37.14	36.56	36.61	36.68	37.00	36.79	36.81	37.18	36.37	36.04	36.23	36.28	35.99	36.12	36.46	35.98	36.18	36.35	36.47	35.67	35.44	35.22	35.04	34.61	34.20	32.80	30.98	28.52	25.56	22.46	19.75	17.81	16.20	14.92	13.96	13.28	12.99	12.77	13.20	13.77	14.80	15.92	17.04	18.03	18.94	19.42	19.82	20.10	20.19	19.56	19.79	20.04	20.21	20.19	20.10	20.14	20.16	20.04	19.97	19.93	19.92	19.83	19.82	19.82	19.71	19.71	19.71	19.72	19.75	19.72	19.66	19.61	19.58	19.57	18.93	




Read count (%) per base for different quality score ranges

	RMB_14180_Cyrtodactylus_philippinicus_Luzon_R1.trimmed.fq
Ranges	0-10	11-20	21-30	31-40
Base
1	0.00	2.89	1.97	95.14
2	0.00	2.04	1.31	96.65
3	0.00	1.92	1.25	96.83
4	0.00	2.02	1.80	96.18
5	0.00	1.79	1.32	96.88
6	0.00	1.79	1.23	96.99
7	0.00	2.13	1.91	95.96
8	0.00	2.22	1.70	96.08
9	0.00	2.49	2.44	95.07
10	0.00	2.67	2.56	94.77
11	0.00	2.45	2.19	95.37
12	0.00	2.05	2.01	95.93
13	0.00	2.08	2.71	95.22
14	0.00	2.16	2.59	95.24
15	0.00	2.03	2.44	95.54
16	0.00	2.09	3.05	94.86
17	0.00	1.90	2.40	95.70
18	0.00	2.25	3.54	94.21
19	0.00	2.62	3.43	93.95
20	0.00	2.88	3.67	93.45
21	0.00	2.37	2.71	94.92
22	0.00	2.39	3.35	94.25
23	0.00	2.33	3.33	94.35
24	0.00	2.35	3.10	94.56
25	0.00	2.18	2.55	95.27
26	0.00	2.13	3.26	94.61
27	0.00	2.00	3.19	94.81
28	0.00	1.85	2.50	95.65
29	0.00	1.77	3.46	94.76
30	0.00	2.06	4.33	93.60
31	0.00	1.84	3.71	94.45
32	0.00	1.86	3.82	94.32
33	0.00	2.08	4.24	93.68
34	0.00	1.70	3.53	94.77
35	0.00	1.32	2.59	96.08
36	0.00	1.29	3.72	94.99
37	0.00	0.97	2.94	96.09
38	0.00	0.90	2.55	96.55
39	0.00	0.93	2.13	96.94
40	0.00	1.00	3.39	95.61
41	0.00	1.08	3.61	95.31
42	0.00	1.28	3.98	94.74
43	0.00	1.25	4.08	94.67
44	0.00	1.64	4.75	93.61
45	0.00	1.59	5.33	93.08
46	0.00	2.54	9.06	88.40
47	0.00	5.34	14.77	79.89
48	0.00	10.44	20.91	68.65
49	0.00	19.16	25.50	55.34
50	0.00	33.66	23.84	42.50
51	0.00	47.23	19.77	33.00
52	0.00	54.90	17.44	27.66
53	0.00	60.79	15.95	23.27
54	0.00	64.81	14.36	20.83
55	0.00	66.23	15.28	18.49
56	0.00	66.68	16.28	17.05
57	0.00	64.48	18.71	16.80
58	0.00	62.47	20.36	17.16
59	0.00	54.65	25.55	19.80
60	0.00	47.07	28.42	24.52
61	0.00	36.29	31.68	32.02
62	0.00	26.59	31.41	42.00
63	0.00	18.43	28.68	52.89
64	0.00	12.43	24.64	62.93
65	0.00	7.92	19.12	72.96
66	0.00	5.71	15.79	78.50
67	0.00	3.96	12.70	83.34
68	0.00	2.81	10.61	86.58
69	0.00	2.33	9.47	88.20
70	0.00	1.64	13.03	85.34
71	0.00	1.83	9.35	88.82
72	0.00	1.64	7.71	90.65
73	0.00	1.57	6.29	92.14
74	0.00	1.52	6.59	91.89
75	0.00	1.52	7.03	91.45
76	0.00	1.14	6.39	92.47
77	0.00	0.91	5.86	93.23
78	0.00	0.92	6.40	92.67
79	0.00	1.08	6.49	92.42
80	0.00	1.01	6.69	92.30
81	0.00	0.77	6.44	92.79
82	0.00	0.86	6.63	92.51
83	0.00	0.98	6.23	92.79
84	0.00	0.90	6.04	93.06
85	0.00	0.99	6.56	92.46
86	0.00	0.82	6.32	92.86
87	0.00	0.83	6.18	93.00
88	0.00	0.66	5.82	93.51
89	0.00	0.51	5.28	94.21
90	0.00	0.57	5.12	94.31
91	0.00	0.53	5.46	94.01
92	0.00	0.59	5.73	93.69
93	0.00	0.57	5.77	93.66
94	0.00	0.56	5.67	93.77
95	0.00	1.48	10.07	88.45




