Parameters
	Library type	Single-end
	Input file	/Volumes/wdhd/users/joaks1/projects/gekgo/data/genomes/msg/plate1/demultiplexed-trimmed/RMB_12835_Cyrtodactylus_philippinicus_Luzon_R1.trimmed.fq
	Primer/Adaptor library	NA
	Cut-off read length for HQ	70%
	Cut-off quality score	20
	Only statistics	On
	Number of processes	2


QC statistics
	File name	RMB_12835_Cyrtodactylus_philippinicus_Luzon_R1.trimmed.fq
	Total number of reads	213947
	Total number of HQ reads	212536
	Percentage of HQ reads	99.34%
	Total number of bases	16369540
	Total number of bases in HQ reads	16303546
	Total number of HQ bases in HQ reads	14933244
	Percentage of HQ bases in HQ reads	91.60%
	Number of Primer/Adaptor contaminated HQ reads	NA
	Total number of HQ filtered reads	212536
	Percentage of HQ filtered reads	99.34%


Detailed QC statistics
	File name	RMB_12835_Cyrtodactylus_philippinicus_Luzon_R1.trimmed.fq
	Minimum read length	8
	Maximum read length	95
	Average read length	76.51
	Total number of reads	213947
	Total number of reads with non-ATGC bases	0
	Percentage of reads with non-ATGC bases	0.00%
	Total number of bases	16369540
	Total number of HQ bases	14972736
	Percentage of HQ bases	91.47%
	Total number of non-ATGC bases	0
	Percentage of non-ATGC bases	0.00%


Average quality score at each base position of input reads

RMB_12835_Cyrtodactylus_philippinicus_Luzon_R1.trimmed.fq
36.02	35.87	36.33	35.84	36.36	36.40	36.20	38.46	37.81	37.46	37.58	37.89	37.67	37.63	37.64	37.15	37.38	36.90	36.84	36.71	37.13	36.59	36.63	36.70	37.02	36.84	36.87	37.24	36.43	36.07	36.25	36.29	36.02	36.15	36.47	36.03	36.22	36.39	36.53	35.74	35.52	35.30	35.14	34.72	34.28	32.89	31.07	28.61	25.68	22.58	19.81	17.94	16.32	15.09	14.10	13.46	13.17	12.96	13.38	13.98	15.05	16.16	17.32	18.33	19.26	19.79	20.18	20.46	20.55	19.91	20.15	20.43	20.59	20.59	20.48	20.51	20.53	20.41	20.36	20.33	20.32	20.21	20.21	20.22	20.11	20.11	20.09	20.10	20.13	20.11	20.05	19.99	19.97	19.95	19.32	




Read count (%) per base for different quality score ranges

	RMB_12835_Cyrtodactylus_philippinicus_Luzon_R1.trimmed.fq
Ranges	0-10	11-20	21-30	31-40
Base
1	0.00	2.79	1.95	95.26
2	0.00	2.02	1.28	96.70
3	0.00	1.93	1.16	96.91
4	0.00	2.04	1.78	96.18
5	0.00	1.82	1.30	96.89
6	0.00	1.79	1.21	97.00
7	0.00	2.08	1.94	95.98
8	0.00	2.31	1.65	96.04
9	0.00	2.58	2.36	95.06
10	0.00	2.75	2.51	94.74
11	0.00	2.59	2.17	95.24
12	0.00	2.16	1.97	95.86
13	0.00	2.21	2.71	95.08
14	0.00	2.28	2.49	95.22
15	0.00	2.14	2.32	95.53
16	0.00	2.19	3.01	94.80
17	0.00	1.94	2.42	95.64
18	0.00	2.39	3.65	93.96
19	0.00	2.69	3.41	93.90
20	0.00	2.88	3.62	93.50
21	0.00	2.39	2.78	94.83
22	0.00	2.38	3.28	94.34
23	0.00	2.32	3.30	94.38
24	0.00	2.30	3.07	94.63
25	0.00	2.12	2.61	95.28
26	0.00	2.01	3.24	94.76
27	0.00	1.92	3.00	95.08
28	0.00	1.75	2.31	95.93
29	0.00	1.74	3.19	95.07
30	0.00	2.10	4.11	93.78
31	0.00	1.85	3.66	94.49
32	0.00	1.96	3.69	94.35
33	0.00	2.08	4.00	93.92
34	0.00	1.66	3.44	94.90
35	0.00	1.33	2.52	96.14
36	0.00	1.23	3.55	95.22
37	0.00	0.99	2.88	96.13
38	0.00	0.95	2.52	96.54
39	0.00	0.88	2.18	96.94
40	0.00	0.97	3.33	95.70
41	0.00	1.09	3.54	95.37
42	0.00	1.25	3.79	94.97
43	0.00	1.23	3.93	94.84
44	0.00	1.57	4.65	93.78
45	0.00	1.55	5.18	93.27
46	0.00	2.46	9.07	88.47
47	0.00	5.36	14.70	79.94
48	0.00	10.68	20.73	68.60
49	0.00	19.33	25.26	55.41
50	0.00	33.49	24.00	42.50
51	0.00	47.49	19.58	32.93
52	0.00	54.96	17.39	27.65
53	0.00	60.80	16.14	23.06
54	0.00	64.85	14.52	20.63
55	0.00	66.48	15.44	18.08
56	0.00	66.61	16.61	16.78
57	0.00	64.79	18.60	16.61
58	0.00	62.77	20.12	17.12
59	0.00	54.81	25.59	19.60
60	0.00	47.00	28.62	24.38
61	0.00	36.36	31.36	32.28
62	0.00	26.73	31.42	41.85
63	0.00	18.25	28.95	52.80
64	0.00	12.41	24.57	63.02
65	0.00	8.05	19.12	72.83
66	0.00	5.69	15.62	78.68
67	0.00	4.01	12.64	83.35
68	0.00	2.81	10.59	86.60
69	0.00	2.38	9.57	88.05
70	0.00	1.59	13.14	85.27
71	0.00	1.85	9.23	88.92
72	0.00	1.57	7.72	90.71
73	0.00	1.47	6.38	92.15
74	0.00	1.42	6.31	92.26
75	0.00	1.40	7.12	91.49
76	0.00	1.13	6.33	92.54
77	0.00	0.92	5.85	93.24
78	0.00	0.95	6.37	92.68
79	0.00	1.02	6.39	92.59
80	0.00	0.93	6.37	92.70
81	0.00	0.76	6.19	93.05
82	0.00	0.88	6.39	92.74
83	0.00	0.93	6.18	92.89
84	0.00	0.80	5.87	93.32
85	0.00	0.91	6.37	92.73
86	0.00	0.87	6.03	93.10
87	0.00	0.79	6.10	93.11
88	0.00	0.63	5.81	93.56
89	0.00	0.54	5.15	94.32
90	0.00	0.49	5.22	94.29
91	0.00	0.56	5.42	94.03
92	0.00	0.61	5.70	93.69
93	0.00	0.60	5.66	93.74
94	0.00	0.60	5.42	93.98
95	0.00	1.46	9.83	88.71




