Parameters
	Library type	Single-end
	Input file	/Volumes/wdhd/users/joaks1/projects/gekgo/data/genomes/msg/plate1/demultiplexed-trimmed/RMB_11302_Cyrtodactylus_annulatus_Mindanao_R1.trimmed.fq
	Primer/Adaptor library	NA
	Cut-off read length for HQ	70%
	Cut-off quality score	20
	Only statistics	On
	Number of processes	2


QC statistics
	File name	RMB_11302_Cyrtodactylus_annulatus_Mindanao_R1.trimmed.fq
	Total number of reads	69467
	Total number of HQ reads	69031
	Percentage of HQ reads	99.37%
	Total number of bases	5262431
	Total number of bases in HQ reads	5242228
	Total number of HQ bases in HQ reads	4807000
	Percentage of HQ bases in HQ reads	91.70%
	Number of Primer/Adaptor contaminated HQ reads	NA
	Total number of HQ filtered reads	69031
	Percentage of HQ filtered reads	99.37%


Detailed QC statistics
	File name	RMB_11302_Cyrtodactylus_annulatus_Mindanao_R1.trimmed.fq
	Minimum read length	13
	Maximum read length	95
	Average read length	75.75
	Total number of reads	69467
	Total number of reads with non-ATGC bases	0
	Percentage of reads with non-ATGC bases	0.00%
	Total number of bases	5262431
	Total number of HQ bases	4819178
	Percentage of HQ bases	91.58%
	Total number of non-ATGC bases	0
	Percentage of non-ATGC bases	0.00%


Average quality score at each base position of input reads

RMB_11302_Cyrtodactylus_annulatus_Mindanao_R1.trimmed.fq
34.13	33.87	36.25	35.67	36.38	36.43	36.22	38.45	37.80	37.46	37.62	37.93	37.77	37.73	37.77	37.40	37.59	36.99	36.91	36.72	37.16	36.59	36.66	36.74	37.04	36.86	36.92	37.31	36.49	36.16	36.32	36.34	36.06	36.20	36.55	36.10	36.24	36.40	36.56	35.77	35.54	35.28	35.15	34.73	34.32	32.93	31.17	28.64	25.71	22.42	19.83	17.82	16.26	14.88	13.83	13.20	12.77	12.63	12.99	13.59	14.67	15.75	16.82	17.83	18.68	19.18	19.65	19.98	20.10	19.46	19.71	19.93	20.10	20.09	20.03	20.02	19.99	19.88	19.80	19.75	19.72	19.67	19.62	19.60	19.52	19.49	19.47	19.48	19.52	19.50	19.44	19.39	19.34	19.31	18.68	




Read count (%) per base for different quality score ranges

	RMB_11302_Cyrtodactylus_annulatus_Mindanao_R1.trimmed.fq
Ranges	0-10	11-20	21-30	31-40
Base
1	0.00	3.31	3.57	93.12
2	0.00	1.91	1.75	96.34
3	0.00	1.82	1.20	96.98
4	0.00	1.91	2.03	96.06
5	0.00	1.70	1.29	97.01
6	0.00	1.69	1.10	97.20
7	0.00	2.07	1.80	96.14
8	0.00	2.28	1.60	96.12
9	0.00	2.46	2.38	95.16
10	0.00	2.72	2.44	94.84
11	0.00	2.47	2.10	95.42
12	0.00	2.06	2.03	95.92
13	0.00	2.02	2.75	95.23
14	0.00	2.26	2.47	95.27
15	0.00	2.03	2.32	95.65
16	0.00	2.04	3.02	94.93
17	0.00	1.83	2.28	95.89
18	0.00	2.28	3.56	94.16
19	0.00	2.60	3.36	94.04
20	0.00	2.87	3.66	93.47
21	0.00	2.52	2.64	94.84
22	0.00	2.45	3.40	94.16
23	0.00	2.34	3.29	94.37
24	0.00	2.19	3.11	94.70
25	0.00	2.11	2.49	95.40
26	0.00	1.95	3.24	94.81
27	0.00	1.88	3.06	95.05
28	0.00	1.71	2.24	96.05
29	0.00	1.63	3.38	95.00
30	0.00	2.04	4.04	93.92
31	0.00	1.76	3.64	94.60
32	0.00	1.91	3.77	94.32
33	0.00	2.01	4.08	93.91
34	0.00	1.58	3.43	94.99
35	0.00	1.29	2.47	96.24
36	0.00	1.22	3.49	95.29
37	0.00	0.99	2.99	96.02
38	0.00	0.94	2.44	96.62
39	0.00	0.96	1.99	97.05
40	0.00	0.94	3.32	95.74
41	0.00	1.12	3.54	95.34
42	0.00	1.38	3.78	94.84
43	0.00	1.25	3.73	95.02
44	0.00	1.49	4.43	94.08
45	0.00	1.64	4.87	93.49
46	0.00	2.49	8.43	89.08
47	0.00	5.37	13.54	81.09
48	0.00	10.70	19.90	69.40
49	0.00	19.71	23.89	56.41
50	0.00	34.34	22.82	42.84
51	0.00	46.99	18.65	34.36
52	0.00	54.59	16.91	28.49
53	0.00	59.85	15.34	24.81
54	0.00	64.47	14.09	21.44
55	0.00	66.14	15.24	18.62
56	0.00	66.39	15.63	17.98
57	0.00	65.52	17.31	17.16
58	0.00	62.36	20.07	17.57
59	0.00	54.97	25.07	19.96
60	0.00	46.91	28.44	24.65
61	0.00	36.25	30.49	33.26
62	0.00	26.59	30.76	42.65
63	0.00	18.46	28.78	52.76
64	0.00	12.39	24.02	63.59
65	0.00	8.58	18.64	72.79
66	0.00	5.99	15.70	78.31
67	0.00	3.73	12.67	83.60
68	0.00	2.57	10.11	87.32
69	0.00	2.10	8.82	89.08
70	0.00	1.40	12.20	86.40
71	0.00	1.60	8.74	89.66
72	0.00	1.45	7.52	91.02
73	0.00	1.40	6.17	92.43
74	0.00	1.28	6.22	92.49
75	0.00	1.28	6.30	92.43
76	0.00	1.08	5.90	93.02
77	0.00	0.94	5.50	93.56
78	0.00	0.87	6.03	93.10
79	0.00	0.99	6.22	92.79
80	0.00	0.86	6.37	92.77
81	0.00	0.74	6.13	93.13
82	0.00	0.90	5.89	93.21
83	0.00	0.91	6.30	92.80
84	0.00	0.93	5.99	93.07
85	0.00	0.89	6.42	92.69
86	0.00	0.89	6.30	92.81
87	0.00	0.81	6.22	92.97
88	0.00	0.61	5.91	93.48
89	0.00	0.43	5.17	94.40
90	0.00	0.47	5.11	94.41
91	0.00	0.50	5.39	94.12
92	0.00	0.59	5.57	93.84
93	0.00	0.53	5.81	93.66
94	0.00	0.58	5.58	93.84
95	0.00	1.44	10.49	88.06




