Parameters
	Library type	Single-end
	Input file	/Volumes/wdhd/users/joaks1/projects/gekgo/data/genomes/msg/plate1/demultiplexed-trimmed/RMB_13670_Cyrtodactylus_philippinicus_Luzon_R1.trimmed.fq
	Primer/Adaptor library	NA
	Cut-off read length for HQ	70%
	Cut-off quality score	20
	Only statistics	On
	Number of processes	2


QC statistics
	File name	RMB_13670_Cyrtodactylus_philippinicus_Luzon_R1.trimmed.fq
	Total number of reads	302791
	Total number of HQ reads	300542
	Percentage of HQ reads	99.26%
	Total number of bases	22904163
	Total number of bases in HQ reads	22802582
	Total number of HQ bases in HQ reads	20880948
	Percentage of HQ bases in HQ reads	91.57%
	Number of Primer/Adaptor contaminated HQ reads	NA
	Total number of HQ filtered reads	300542
	Percentage of HQ filtered reads	99.26%


Detailed QC statistics
	File name	RMB_13670_Cyrtodactylus_philippinicus_Luzon_R1.trimmed.fq
	Minimum read length	9
	Maximum read length	95
	Average read length	75.64
	Total number of reads	302791
	Total number of reads with non-ATGC bases	0
	Percentage of reads with non-ATGC bases	0.00%
	Total number of bases	22904163
	Total number of HQ bases	20941828
	Percentage of HQ bases	91.43%
	Total number of non-ATGC bases	0
	Percentage of non-ATGC bases	0.00%


Average quality score at each base position of input reads

RMB_13670_Cyrtodactylus_philippinicus_Luzon_R1.trimmed.fq
34.73	34.76	36.21	35.68	36.31	36.35	36.15	38.40	37.74	37.40	37.54	37.83	37.57	37.47	37.48	37.02	37.30	36.83	36.78	36.63	37.06	36.50	36.54	36.61	36.93	36.74	36.75	37.10	36.30	35.95	36.12	36.15	35.85	35.99	36.30	35.83	36.01	36.19	36.31	35.47	35.22	35.00	34.81	34.39	33.94	32.53	30.69	28.19	25.27	22.14	19.43	17.60	15.96	14.75	13.79	13.11	12.77	12.55	13.01	13.58	14.57	15.66	16.75	17.72	18.64	19.13	19.55	19.80	19.90	19.29	19.52	19.75	19.92	19.91	19.82	19.86	19.88	19.77	19.72	19.68	19.67	19.59	19.57	19.58	19.48	19.47	19.46	19.49	19.53	19.49	19.44	19.39	19.36	19.34	18.74	




Read count (%) per base for different quality score ranges

	RMB_13670_Cyrtodactylus_philippinicus_Luzon_R1.trimmed.fq
Ranges	0-10	11-20	21-30	31-40
Base
1	0.00	3.51	2.92	93.57
2	0.00	2.31	1.62	96.08
3	0.00	2.10	1.40	96.49
4	0.00	2.22	2.04	95.74
5	0.00	1.96	1.43	96.61
6	0.00	1.96	1.33	96.71
7	0.00	2.21	2.05	95.74
8	0.00	2.42	1.81	95.77
9	0.00	2.64	2.58	94.78
10	0.00	2.82	2.65	94.53
11	0.00	2.62	2.31	95.08
12	0.00	2.18	2.17	95.64
13	0.00	2.19	2.91	94.90
14	0.00	2.31	2.69	95.00
15	0.00	2.17	2.50	95.33
16	0.00	2.26	3.17	94.58
17	0.00	2.00	2.60	95.40
18	0.00	2.43	3.77	93.79
19	0.00	2.71	3.54	93.75
20	0.00	2.93	3.78	93.30
21	0.00	2.46	2.92	94.62
22	0.00	2.46	3.44	94.10
23	0.00	2.39	3.44	94.17
24	0.00	2.32	3.24	94.44
25	0.00	2.18	2.69	95.13
26	0.00	2.07	3.37	94.57
27	0.00	2.03	3.11	94.86
28	0.00	1.86	2.45	95.69
29	0.00	1.78	3.38	94.83
30	0.00	2.11	4.25	93.64
31	0.00	1.95	3.72	94.33
32	0.00	1.99	3.81	94.19
33	0.00	2.17	4.18	93.66
34	0.00	1.71	3.60	94.69
35	0.00	1.32	2.68	96.01
36	0.00	1.27	3.78	94.95
37	0.00	1.05	3.06	95.88
38	0.00	0.97	2.66	96.36
39	0.00	0.92	2.26	96.81
40	0.00	1.00	3.58	95.41
41	0.00	1.17	3.75	95.08
42	0.00	1.29	4.07	94.63
43	0.00	1.29	4.17	94.54
44	0.00	1.64	4.85	93.51
45	0.00	1.60	5.51	92.89
46	0.00	2.55	9.61	87.84
47	0.00	5.42	15.59	78.99
48	0.00	10.80	21.96	67.24
49	0.00	19.61	26.30	54.09
50	0.00	34.12	24.72	41.16
51	0.00	47.84	20.25	31.91
52	0.00	55.09	17.95	26.95
53	0.00	60.97	16.44	22.59
54	0.00	64.91	14.71	20.38
55	0.00	66.37	15.70	17.92
56	0.00	66.88	16.51	16.61
57	0.00	65.08	18.79	16.13
58	0.00	63.21	20.29	16.50
59	0.00	54.63	26.09	19.28
60	0.00	47.15	28.76	24.10
61	0.00	36.69	31.71	31.60
62	0.00	27.04	31.53	41.44
63	0.00	18.83	29.13	52.05
64	0.00	12.83	24.88	62.29
65	0.00	8.26	19.42	72.32
66	0.00	6.02	15.79	78.19
67	0.00	3.99	12.95	83.06
68	0.00	2.90	10.89	86.22
69	0.00	2.39	9.69	87.92
70	0.00	1.58	13.44	84.98
71	0.00	1.83	9.50	88.67
72	0.00	1.72	7.88	90.40
73	0.00	1.54	6.60	91.86
74	0.00	1.51	6.58	91.91
75	0.00	1.43	7.33	91.24
76	0.00	1.13	6.54	92.33
77	0.00	0.92	6.05	93.04
78	0.00	0.97	6.59	92.44
79	0.00	1.04	6.64	92.32
80	0.00	0.93	6.68	92.39
81	0.00	0.76	6.49	92.75
82	0.00	0.89	6.61	92.50
83	0.00	0.95	6.42	92.63
84	0.00	0.87	6.10	93.02
85	0.00	0.91	6.64	92.46
86	0.00	0.87	6.32	92.82
87	0.00	0.80	6.32	92.88
88	0.00	0.61	5.88	93.51
89	0.00	0.53	5.13	94.33
90	0.00	0.54	5.29	94.17
91	0.00	0.60	5.42	93.99
92	0.00	0.62	5.77	93.62
93	0.00	0.62	5.82	93.56
94	0.00	0.64	5.56	93.80
95	0.00	1.52	9.86	88.62




