Parameters
	Library type	Single-end
	Input file	/Volumes/wdhd/users/joaks1/projects/gekgo/data/genomes/msg/plate1/demultiplexed-trimmed/RMB_7722_Cyrtodactylus_annulatus_Palawan_R1.trimmed.fq
	Primer/Adaptor library	NA
	Cut-off read length for HQ	70%
	Cut-off quality score	20
	Only statistics	On
	Number of processes	2


QC statistics
	File name	RMB_7722_Cyrtodactylus_annulatus_Palawan_R1.trimmed.fq
	Total number of reads	14527
	Total number of HQ reads	14432
	Percentage of HQ reads	99.35%
	Total number of bases	1099967
	Total number of bases in HQ reads	1095684
	Total number of HQ bases in HQ reads	1004387
	Percentage of HQ bases in HQ reads	91.67%
	Number of Primer/Adaptor contaminated HQ reads	NA
	Total number of HQ filtered reads	14432
	Percentage of HQ filtered reads	99.35%


Detailed QC statistics
	File name	RMB_7722_Cyrtodactylus_annulatus_Palawan_R1.trimmed.fq
	Minimum read length	16
	Maximum read length	95
	Average read length	75.72
	Total number of reads	14527
	Total number of reads with non-ATGC bases	0
	Percentage of reads with non-ATGC bases	0.00%
	Total number of bases	1099967
	Total number of HQ bases	1006927
	Percentage of HQ bases	91.54%
	Total number of non-ATGC bases	0
	Percentage of non-ATGC bases	0.00%


Average quality score at each base position of input reads

RMB_7722_Cyrtodactylus_annulatus_Palawan_R1.trimmed.fq
35.99	35.93	36.30	35.86	36.33	36.39	36.16	38.43	37.77	37.40	37.52	37.80	37.59	37.51	37.60	37.09	37.39	36.88	36.81	36.63	37.11	36.53	36.60	36.63	36.97	36.72	36.74	37.11	36.28	35.98	36.16	36.24	35.96	36.01	36.35	35.85	36.05	36.23	36.36	35.62	35.28	35.14	35.01	34.51	34.10	32.61	30.69	28.28	25.38	22.36	19.65	17.70	16.19	14.89	13.99	13.27	12.83	12.74	13.09	13.57	14.70	15.86	16.82	17.78	18.64	19.11	19.56	19.88	19.96	19.37	19.59	19.80	19.98	19.96	19.90	19.90	19.90	19.80	19.77	19.73	19.73	19.65	19.62	19.57	19.49	19.47	19.50	19.47	19.48	19.48	19.43	19.40	19.34	19.31	18.64	




Read count (%) per base for different quality score ranges

	RMB_7722_Cyrtodactylus_annulatus_Palawan_R1.trimmed.fq
Ranges	0-10	11-20	21-30	31-40
Base
1	0.00	2.90	2.03	95.06
2	0.00	2.08	1.37	96.55
3	0.00	2.03	1.23	96.74
4	0.00	2.10	2.00	95.90
5	0.00	1.89	1.40	96.70
6	0.00	1.82	1.30	96.87
7	0.00	2.27	1.93	95.80
8	0.00	2.35	1.74	95.91
9	0.00	2.61	2.40	94.99
10	0.00	2.77	2.66	94.56
11	0.00	2.64	2.44	94.93
12	0.00	2.35	2.12	95.53
13	0.00	2.24	3.05	94.71
14	0.00	2.37	2.88	94.74
15	0.00	2.03	2.41	95.56
16	0.00	2.14	3.27	94.59
17	0.00	1.71	2.43	95.86
18	0.00	2.40	3.78	93.82
19	0.00	2.66	3.42	93.91
20	0.00	2.98	3.77	93.25
21	0.00	2.34	2.89	94.77
22	0.00	2.45	3.56	93.98
23	0.00	2.38	3.44	94.18
24	0.00	2.33	3.36	94.31
25	0.00	2.03	3.10	94.87
26	0.00	2.08	3.59	94.33
27	0.00	2.09	3.27	94.64
28	0.00	1.95	2.30	95.75
29	0.00	1.91	3.14	94.95
30	0.00	2.28	3.98	93.74
31	0.00	1.86	3.64	94.50
32	0.00	1.76	3.91	94.33
33	0.00	1.96	4.15	93.89
34	0.00	1.74	3.46	94.80
35	0.00	1.46	2.71	95.83
36	0.00	1.34	4.10	94.56
37	0.00	0.95	3.04	96.02
38	0.00	0.87	2.85	96.27
39	0.00	0.89	2.40	96.71
40	0.00	0.84	3.51	95.66
41	0.00	1.20	3.83	94.97
42	0.00	1.23	3.86	94.91
43	0.00	1.11	4.01	94.87
44	0.00	1.78	5.13	93.09
45	0.00	1.59	5.40	93.02
46	0.00	2.57	9.50	87.92
47	0.00	5.81	15.52	78.67
48	0.00	11.11	21.45	67.44
49	0.00	20.11	25.41	54.49
50	0.00	33.44	24.46	42.09
51	0.00	47.47	19.85	32.69
52	0.00	54.67	18.02	27.31
53	0.00	60.06	16.24	23.70
54	0.00	64.19	15.06	20.75
55	0.00	64.64	15.90	19.47
56	0.00	65.76	15.93	18.31
57	0.00	65.01	17.88	17.11
58	0.00	61.09	21.51	17.40
59	0.00	54.90	24.97	20.12
60	0.00	47.25	28.85	23.90
61	0.00	35.52	31.77	32.71
62	0.00	25.81	31.00	43.19
63	0.00	18.68	28.38	52.94
64	0.00	13.06	23.84	63.10
65	0.00	8.43	19.56	72.01
66	0.00	6.48	15.98	77.54
67	0.00	4.10	12.99	82.91
68	0.00	2.70	10.75	86.54
69	0.00	2.42	9.27	88.31
70	0.00	1.52	12.73	85.74
71	0.00	1.66	9.46	88.88
72	0.00	1.44	8.10	90.46
73	0.00	1.30	6.65	92.05
74	0.00	1.47	6.20	92.32
75	0.00	1.11	6.62	92.27
76	0.00	1.09	6.34	92.58
77	0.00	0.95	5.82	93.23
78	0.00	1.06	6.35	92.59
79	0.00	1.02	6.33	92.65
80	0.00	0.78	6.74	92.47
81	0.00	0.70	6.09	93.21
82	0.00	0.90	5.99	93.11
83	0.00	0.89	5.99	93.12
84	0.00	0.93	6.32	92.75
85	0.00	0.89	6.48	92.63
86	0.00	0.77	6.33	92.90
87	0.00	0.66	5.65	93.69
88	0.00	0.60	6.01	93.40
89	0.00	0.39	5.79	93.82
90	0.00	0.57	5.31	94.12
91	0.00	0.69	5.39	93.92
92	0.00	0.67	5.39	93.94
93	0.00	0.56	5.91	93.53
94	0.00	0.53	5.55	93.92
95	0.00	1.67	10.02	88.31




