Parameters
	Library type	Single-end
	Input file	/Volumes/wdhd/users/joaks1/projects/gekgo/data/genomes/msg/plate1/demultiplexed-trimmed/RMB_9223_Cyrtodactylus_jambangan_Mindanao_R1.trimmed.fq
	Primer/Adaptor library	NA
	Cut-off read length for HQ	70%
	Cut-off quality score	20
	Only statistics	On
	Number of processes	2


QC statistics
	File name	RMB_9223_Cyrtodactylus_jambangan_Mindanao_R1.trimmed.fq
	Total number of reads	72436
	Total number of HQ reads	72002
	Percentage of HQ reads	99.40%
	Total number of bases	5583121
	Total number of bases in HQ reads	5562212
	Total number of HQ bases in HQ reads	5093247
	Percentage of HQ bases in HQ reads	91.57%
	Number of Primer/Adaptor contaminated HQ reads	NA
	Total number of HQ filtered reads	72002
	Percentage of HQ filtered reads	99.40%


Detailed QC statistics
	File name	RMB_9223_Cyrtodactylus_jambangan_Mindanao_R1.trimmed.fq
	Minimum read length	14
	Maximum read length	95
	Average read length	77.08
	Total number of reads	72436
	Total number of reads with non-ATGC bases	0
	Percentage of reads with non-ATGC bases	0.00%
	Total number of bases	5583121
	Total number of HQ bases	5105987
	Percentage of HQ bases	91.45%
	Total number of non-ATGC bases	0
	Percentage of non-ATGC bases	0.00%


Average quality score at each base position of input reads

RMB_9223_Cyrtodactylus_jambangan_Mindanao_R1.trimmed.fq
36.15	34.85	36.39	35.97	36.47	36.49	36.29	38.59	37.89	37.51	37.69	37.95	37.80	37.81	37.85	37.53	37.67	37.06	36.93	36.75	37.18	36.70	36.81	36.86	37.19	36.99	37.04	37.47	36.54	36.28	36.42	36.46	36.08	36.32	36.68	36.28	36.46	36.62	36.80	36.08	35.86	35.60	35.46	35.08	34.58	33.16	31.40	28.98	26.00	22.62	19.99	17.92	16.47	15.26	14.30	13.66	13.37	13.28	13.62	14.11	15.24	16.50	17.62	18.68	19.56	20.15	20.60	20.93	21.03	20.32	20.62	20.83	21.00	21.02	20.98	20.97	20.96	20.82	20.74	20.74	20.69	20.61	20.57	20.58	20.52	20.49	20.49	20.50	20.51	20.50	20.43	20.39	20.33	20.27	19.59	




Read count (%) per base for different quality score ranges

	RMB_9223_Cyrtodactylus_jambangan_Mindanao_R1.trimmed.fq
Ranges	0-10	11-20	21-30	31-40
Base
1	0.00	2.40	1.61	95.99
2	0.00	1.86	1.16	96.98
3	0.00	1.67	1.01	97.32
4	0.00	1.77	1.43	96.80
5	0.00	1.56	1.05	97.39
6	0.00	1.55	0.98	97.47
7	0.00	1.88	1.65	96.47
8	0.00	2.05	1.53	96.42
9	0.00	2.28	2.14	95.58
10	0.00	2.60	2.31	95.08
11	0.00	2.29	1.92	95.78
12	0.00	1.98	1.86	96.16
13	0.00	1.98	2.52	95.50
14	0.00	2.08	2.37	95.55
15	0.00	2.06	2.18	95.76
16	0.00	1.97	2.72	95.31
17	0.00	1.79	2.13	96.07
18	0.00	2.20	3.37	94.43
19	0.00	2.61	3.36	94.03
20	0.00	2.82	3.45	93.73
21	0.00	2.52	2.66	94.82
22	0.00	2.34	2.89	94.77
23	0.00	2.14	3.00	94.86
24	0.00	2.04	2.75	95.21
25	0.00	1.89	2.28	95.83
26	0.00	1.89	2.81	95.30
27	0.00	1.77	2.78	95.45
28	0.00	1.50	2.01	96.49
29	0.00	1.67	3.11	95.22
30	0.00	1.93	3.71	94.36
31	0.00	1.67	3.75	94.59
32	0.00	1.86	3.63	94.51
33	0.00	2.32	4.60	93.09
34	0.00	1.56	3.70	94.75
35	0.00	1.32	2.66	96.02
36	0.00	1.14	3.44	95.42
37	0.00	0.90	2.81	96.29
38	0.00	0.81	2.36	96.83
39	0.00	0.75	1.94	97.31
40	0.00	0.82	2.91	96.27
41	0.00	1.03	3.18	95.79
42	0.00	1.23	3.51	95.26
43	0.00	1.16	3.56	95.28
44	0.00	1.47	4.05	94.48
45	0.00	1.61	5.46	92.92
46	0.00	2.48	9.08	88.44
47	0.00	5.44	13.92	80.64
48	0.00	10.79	19.75	69.46
49	0.00	19.25	25.19	55.56
50	0.00	35.81	22.23	41.97
51	0.00	48.72	18.39	32.88
52	0.00	56.51	16.31	27.19
53	0.00	61.10	15.34	23.56
54	0.00	65.15	13.70	21.15
55	0.00	66.50	14.93	18.58
56	0.00	66.97	15.34	17.69
57	0.00	65.11	17.71	17.18
58	0.00	61.81	20.26	17.93
59	0.00	55.00	24.86	20.14
60	0.00	47.87	27.75	24.37
61	0.00	36.52	31.16	32.32
62	0.00	26.16	30.91	42.93
63	0.00	18.46	28.07	53.47
64	0.00	12.21	24.07	63.72
65	0.00	8.32	18.95	72.73
66	0.00	5.73	15.15	79.13
67	0.00	3.85	12.52	83.63
68	0.00	2.68	9.93	87.38
69	0.00	2.09	9.17	88.74
70	0.00	1.64	13.01	85.35
71	0.00	1.77	8.66	89.57
72	0.00	1.73	7.76	90.51
73	0.00	1.64	6.59	91.77
74	0.00	1.56	6.16	92.28
75	0.00	1.25	6.59	92.16
76	0.00	1.02	6.20	92.78
77	0.00	0.88	5.72	93.40
78	0.00	1.00	6.22	92.77
79	0.00	0.99	6.43	92.58
80	0.00	0.88	6.14	92.98
81	0.00	0.79	5.92	93.29
82	0.00	0.83	6.26	92.91
83	0.00	1.00	6.10	92.89
84	0.00	0.81	5.96	93.23
85	0.00	0.80	6.01	93.19
86	0.00	0.84	5.99	93.17
87	0.00	0.78	5.97	93.25
88	0.00	0.63	5.61	93.76
89	0.00	0.47	5.18	94.35
90	0.00	0.45	4.85	94.70
91	0.00	0.46	5.33	94.21
92	0.00	0.52	5.24	94.23
93	0.00	0.57	5.53	93.91
94	0.00	0.56	5.92	93.52
95	0.00	1.45	10.71	87.85




