Parameters
	Library type	Single-end
	Input file	/Volumes/wdhd/users/joaks1/projects/gekgo/data/genomes/msg/plate1/demultiplexed-trimmed/RMB_7716_Cyrtodactylus_annulatus_Palawan_R1.trimmed.fq
	Primer/Adaptor library	NA
	Cut-off read length for HQ	70%
	Cut-off quality score	20
	Only statistics	On
	Number of processes	2


QC statistics
	File name	RMB_7716_Cyrtodactylus_annulatus_Palawan_R1.trimmed.fq
	Total number of reads	126775
	Total number of HQ reads	126026
	Percentage of HQ reads	99.41%
	Total number of bases	9694134
	Total number of bases in HQ reads	9660284
	Total number of HQ bases in HQ reads	8854329
	Percentage of HQ bases in HQ reads	91.66%
	Number of Primer/Adaptor contaminated HQ reads	NA
	Total number of HQ filtered reads	126026
	Percentage of HQ filtered reads	99.41%


Detailed QC statistics
	File name	RMB_7716_Cyrtodactylus_annulatus_Palawan_R1.trimmed.fq
	Minimum read length	13
	Maximum read length	95
	Average read length	76.47
	Total number of reads	126775
	Total number of reads with non-ATGC bases	0
	Percentage of reads with non-ATGC bases	0.00%
	Total number of bases	9694134
	Total number of HQ bases	8874581
	Percentage of HQ bases	91.55%
	Total number of non-ATGC bases	0
	Percentage of non-ATGC bases	0.00%


Average quality score at each base position of input reads

RMB_7716_Cyrtodactylus_annulatus_Palawan_R1.trimmed.fq
35.57	35.14	36.33	35.88	36.40	36.43	36.23	38.50	37.85	37.54	37.67	37.98	37.43	37.42	37.56	37.12	37.41	36.90	36.85	36.71	37.19	36.68	36.72	36.79	37.05	36.87	36.89	37.29	36.46	36.15	36.30	36.35	36.07	36.20	36.55	36.09	36.32	36.49	36.63	35.82	35.54	35.30	35.15	34.75	34.32	32.84	30.91	28.30	25.51	22.33	19.76	17.90	16.29	15.09	14.12	13.43	13.07	12.95	13.32	13.82	14.90	16.04	17.09	18.13	19.00	19.48	19.86	20.16	20.27	19.62	19.86	20.09	20.27	20.27	20.21	20.25	20.26	20.16	20.10	20.07	20.08	20.03	20.01	20.00	19.92	19.91	19.91	19.94	19.98	19.99	19.93	19.88	19.85	19.80	19.16	




Read count (%) per base for different quality score ranges

	RMB_7716_Cyrtodactylus_annulatus_Palawan_R1.trimmed.fq
Ranges	0-10	11-20	21-30	31-40
Base
1	0.00	2.75	2.36	94.89
2	0.00	1.99	1.36	96.65
3	0.00	1.82	1.22	96.96
4	0.00	1.91	1.76	96.33
5	0.00	1.73	1.27	96.99
6	0.00	1.71	1.20	97.09
7	0.00	2.00	1.91	96.08
8	0.00	2.21	1.71	96.08
9	0.00	2.40	2.30	95.29
10	0.00	2.55	2.43	95.02
11	0.00	2.42	2.12	95.47
12	0.00	1.98	1.95	96.07
13	0.00	1.99	2.67	95.33
14	0.00	2.12	2.50	95.38
15	0.00	2.01	2.28	95.71
16	0.00	2.07	2.97	94.96
17	0.00	1.85	2.34	95.81
18	0.00	2.32	3.53	94.15
19	0.00	2.50	3.35	94.15
20	0.00	2.72	3.56	93.72
21	0.00	2.25	2.68	95.08
22	0.00	2.09	3.16	94.75
23	0.00	2.13	3.17	94.71
24	0.00	2.06	2.95	94.99
25	0.00	1.98	2.57	95.45
26	0.00	1.87	3.13	95.01
27	0.00	1.90	3.06	95.04
28	0.00	1.73	2.24	96.03
29	0.00	1.68	3.27	95.05
30	0.00	2.02	3.97	94.01
31	0.00	1.90	3.58	94.52
32	0.00	1.99	3.75	94.26
33	0.00	2.14	4.04	93.82
34	0.00	1.78	3.47	94.76
35	0.00	1.40	2.55	96.04
36	0.00	1.32	3.67	95.01
37	0.00	1.01	2.88	96.11
38	0.00	0.99	2.55	96.45
39	0.00	0.93	2.16	96.90
40	0.00	0.95	3.65	95.40
41	0.00	1.15	4.00	94.85
42	0.00	1.28	4.40	94.32
43	0.00	1.26	4.47	94.27
44	0.00	1.54	5.23	93.23
45	0.00	1.53	6.13	92.33
46	0.00	2.44	10.85	86.71
47	0.00	5.33	17.68	76.99
48	0.00	10.78	25.08	64.14
49	0.00	19.30	29.25	51.45
50	0.00	34.07	27.17	38.75
51	0.00	47.37	22.26	30.37
52	0.00	54.38	20.23	25.39
53	0.00	60.08	18.12	21.81
54	0.00	63.67	16.37	19.95
55	0.00	65.38	16.81	17.82
56	0.00	65.97	17.47	16.56
57	0.00	64.92	18.73	16.35
58	0.00	61.73	21.58	16.69
59	0.00	54.78	26.00	19.22
60	0.00	47.58	28.95	23.47
61	0.00	36.44	32.12	31.44
62	0.00	26.57	32.02	41.40
63	0.00	18.78	29.51	51.71
64	0.00	12.32	25.27	62.41
65	0.00	8.14	19.87	71.99
66	0.00	5.95	16.07	77.98
67	0.00	3.94	13.58	82.48
68	0.00	2.75	11.00	86.25
69	0.00	2.11	9.84	88.04
70	0.00	1.53	13.85	84.63
71	0.00	1.80	9.80	88.40
72	0.00	1.70	8.26	90.04
73	0.00	1.54	6.98	91.48
74	0.00	1.42	6.75	91.83
75	0.00	1.32	7.30	91.38
76	0.00	1.08	6.66	92.26
77	0.00	0.89	6.28	92.83
78	0.00	0.91	6.77	92.31
79	0.00	0.93	7.06	92.01
80	0.00	0.90	7.01	92.09
81	0.00	0.75	6.63	92.62
82	0.00	0.81	6.64	92.55
83	0.00	0.99	6.43	92.59
84	0.00	0.92	6.37	92.70
85	0.00	0.94	6.83	92.23
86	0.00	0.93	6.50	92.58
87	0.00	0.87	6.46	92.67
88	0.00	0.73	6.00	93.27
89	0.00	0.58	5.20	94.22
90	0.00	0.51	5.03	94.46
91	0.00	0.53	5.37	94.10
92	0.00	0.56	5.54	93.90
93	0.00	0.66	5.54	93.81
94	0.00	0.64	5.55	93.82
95	0.00	1.70	9.81	88.49




