Parameters
	Library type	Single-end
	Input file	/Volumes/wdhd/users/joaks1/projects/gekgo/data/genomes/msg/plate1/demultiplexed-trimmed/RMB_7724_Cyrtodactylus_annulatus_Palawan_R1.trimmed.fq
	Primer/Adaptor library	NA
	Cut-off read length for HQ	70%
	Cut-off quality score	20
	Only statistics	On
	Number of processes	2


QC statistics
	File name	RMB_7724_Cyrtodactylus_annulatus_Palawan_R1.trimmed.fq
	Total number of reads	212667
	Total number of HQ reads	211349
	Percentage of HQ reads	99.38%
	Total number of bases	16415327
	Total number of bases in HQ reads	16353720
	Total number of HQ bases in HQ reads	14982182
	Percentage of HQ bases in HQ reads	91.61%
	Number of Primer/Adaptor contaminated HQ reads	NA
	Total number of HQ filtered reads	211349
	Percentage of HQ filtered reads	99.38%


Detailed QC statistics
	File name	RMB_7724_Cyrtodactylus_annulatus_Palawan_R1.trimmed.fq
	Minimum read length	8
	Maximum read length	95
	Average read length	77.19
	Total number of reads	212667
	Total number of reads with non-ATGC bases	0
	Percentage of reads with non-ATGC bases	0.00%
	Total number of bases	16415327
	Total number of HQ bases	15019057
	Percentage of HQ bases	91.49%
	Total number of non-ATGC bases	0
	Percentage of non-ATGC bases	0.00%


Average quality score at each base position of input reads

RMB_7724_Cyrtodactylus_annulatus_Palawan_R1.trimmed.fq
35.56	35.17	36.36	35.90	36.41	36.45	36.24	38.52	37.85	37.51	37.66	37.95	37.81	37.77	37.81	37.41	37.58	36.99	36.92	36.73	37.23	36.69	36.75	36.82	37.10	36.92	36.95	37.37	36.55	36.22	36.37	36.44	36.16	36.29	36.63	36.19	36.38	36.52	36.70	35.94	35.71	35.48	35.33	34.91	34.54	33.17	31.35	28.86	26.07	22.82	20.16	18.22	16.68	15.50	14.49	13.77	13.40	13.28	13.68	14.22	15.38	16.58	17.69	18.78	19.71	20.24	20.73	21.08	21.22	20.58	20.82	21.05	21.24	21.23	21.14	21.14	21.13	21.00	20.92	20.88	20.86	20.80	20.76	20.75	20.65	20.63	20.61	20.62	20.66	20.65	20.61	20.55	20.50	20.46	19.79	




Read count (%) per base for different quality score ranges

	RMB_7724_Cyrtodactylus_annulatus_Palawan_R1.trimmed.fq
Ranges	0-10	11-20	21-30	31-40
Base
1	0.00	2.58	2.01	95.41
2	0.00	1.86	1.23	96.91
3	0.00	1.76	1.05	97.19
4	0.00	1.86	1.65	96.48
5	0.00	1.70	1.15	97.15
6	0.00	1.65	1.07	97.28
7	0.00	2.02	1.71	96.26
8	0.00	2.19	1.58	96.23
9	0.00	2.44	2.22	95.34
10	0.00	2.63	2.43	94.95
11	0.00	2.45	2.02	95.53
12	0.00	2.09	1.90	96.01
13	0.00	2.10	2.52	95.38
14	0.00	2.24	2.43	95.33
15	0.00	2.10	2.24	95.66
16	0.00	2.07	2.89	95.03
17	0.00	1.87	2.30	95.83
18	0.00	2.30	3.51	94.18
19	0.00	2.61	3.35	94.04
20	0.00	2.89	3.58	93.53
21	0.00	2.35	2.62	95.04
22	0.00	2.36	3.10	94.54
23	0.00	2.27	3.06	94.67
24	0.00	2.19	2.92	94.89
25	0.00	2.10	2.41	95.50
26	0.00	1.97	3.01	95.02
27	0.00	1.97	2.94	95.09
28	0.00	1.68	2.18	96.15
29	0.00	1.69	3.04	95.27
30	0.00	2.04	3.87	94.09
31	0.00	1.81	3.55	94.64
32	0.00	1.83	3.60	94.57
33	0.00	1.98	3.86	94.16
34	0.00	1.59	3.30	95.10
35	0.00	1.26	2.46	96.29
36	0.00	1.17	3.48	95.35
37	0.00	0.94	2.75	96.32
38	0.00	0.92	2.44	96.64
39	0.00	0.85	2.01	97.14
40	0.00	0.95	3.01	96.04
41	0.00	1.10	3.26	95.64
42	0.00	1.30	3.61	95.08
43	0.00	1.22	3.59	95.19
44	0.00	1.53	4.31	94.16
45	0.00	1.54	4.79	93.68
46	0.00	2.48	8.11	89.41
47	0.00	5.33	13.52	81.14
48	0.00	10.72	19.52	69.76
49	0.00	19.01	23.84	57.15
50	0.00	33.64	22.55	43.81
51	0.00	47.27	18.30	34.43
52	0.00	54.70	16.67	28.62
53	0.00	60.08	15.45	24.47
54	0.00	63.51	14.34	22.15
55	0.00	65.39	15.01	19.60
56	0.00	66.30	15.64	18.06
57	0.00	65.27	17.25	17.47
58	0.00	62.20	20.05	17.76
59	0.00	55.19	24.53	20.28
60	0.00	47.81	27.81	24.39
61	0.00	36.55	30.93	32.51
62	0.00	26.62	30.83	42.55
63	0.00	18.97	28.29	52.73
64	0.00	12.64	24.02	63.34
65	0.00	8.47	18.83	72.69
66	0.00	6.16	15.47	78.38
67	0.00	4.12	12.44	83.44
68	0.00	2.91	10.04	87.05
69	0.00	2.24	8.88	88.88
70	0.00	1.49	12.18	86.33
71	0.00	1.79	8.72	89.49
72	0.00	1.65	7.39	90.96
73	0.00	1.51	6.07	92.42
74	0.00	1.44	6.01	92.55
75	0.00	1.32	6.54	92.14
76	0.00	1.08	6.04	92.89
77	0.00	0.89	5.61	93.50
78	0.00	0.91	6.16	92.93
79	0.00	0.95	6.39	92.66
80	0.00	0.88	6.23	92.90
81	0.00	0.72	5.99	93.29
82	0.00	0.83	5.95	93.21
83	0.00	0.96	5.81	93.23
84	0.00	0.87	5.85	93.27
85	0.00	0.84	6.39	92.77
86	0.00	0.85	6.08	93.08
87	0.00	0.78	6.18	93.04
88	0.00	0.64	5.77	93.59
89	0.00	0.47	5.14	94.39
90	0.00	0.52	4.96	94.52
91	0.00	0.47	5.27	94.26
92	0.00	0.51	5.36	94.13
93	0.00	0.50	5.61	93.90
94	0.00	0.53	5.50	93.97
95	0.00	1.41	10.14	88.45




