Parameters
	Library type	Single-end
	Input file	/Volumes/wdhd/users/joaks1/projects/gekgo/data/genomes/msg/plate1/demultiplexed-trimmed/RMB_15119_Cyrtodactylus_philippinicus_Luzon_R1.trimmed.fq
	Primer/Adaptor library	NA
	Cut-off read length for HQ	70%
	Cut-off quality score	20
	Only statistics	On
	Number of processes	2


QC statistics
	File name	RMB_15119_Cyrtodactylus_philippinicus_Luzon_R1.trimmed.fq
	Total number of reads	277592
	Total number of HQ reads	275964
	Percentage of HQ reads	99.41%
	Total number of bases	21060442
	Total number of bases in HQ reads	20983882
	Total number of HQ bases in HQ reads	19254202
	Percentage of HQ bases in HQ reads	91.76%
	Number of Primer/Adaptor contaminated HQ reads	NA
	Total number of HQ filtered reads	275964
	Percentage of HQ filtered reads	99.41%


Detailed QC statistics
	File name	RMB_15119_Cyrtodactylus_philippinicus_Luzon_R1.trimmed.fq
	Minimum read length	8
	Maximum read length	95
	Average read length	75.87
	Total number of reads	277592
	Total number of reads with non-ATGC bases	0
	Percentage of reads with non-ATGC bases	0.00%
	Total number of bases	21060442
	Total number of HQ bases	19300280
	Percentage of HQ bases	91.64%
	Total number of non-ATGC bases	0
	Percentage of non-ATGC bases	0.00%


Average quality score at each base position of input reads

RMB_15119_Cyrtodactylus_philippinicus_Luzon_R1.trimmed.fq
36.15	36.17	36.40	35.87	36.42	36.46	36.26	38.54	37.86	37.51	37.64	37.94	37.77	37.77	37.81	37.42	37.63	37.02	36.95	36.76	37.20	36.63	36.67	36.76	37.09	36.90	36.94	37.33	36.51	36.18	36.36	36.41	36.17	36.29	36.62	36.18	36.35	36.53	36.68	35.90	35.66	35.47	35.29	34.86	34.44	33.08	31.29	28.81	25.88	22.70	19.91	17.91	16.30	14.98	13.94	13.27	12.92	12.67	13.13	13.66	14.74	15.87	16.97	17.95	18.86	19.38	19.81	20.09	20.19	19.56	19.81	20.06	20.24	20.22	20.13	20.13	20.12	19.98	19.90	19.84	19.83	19.74	19.72	19.71	19.60	19.58	19.56	19.57	19.59	19.56	19.50	19.45	19.40	19.39	18.78	




Read count (%) per base for different quality score ranges

	RMB_15119_Cyrtodactylus_philippinicus_Luzon_R1.trimmed.fq
Ranges	0-10	11-20	21-30	31-40
Base
1	0.00	2.47	1.65	95.88
2	0.00	1.86	1.09	97.05
3	0.00	1.75	1.01	97.24
4	0.00	1.90	1.67	96.43
5	0.00	1.67	1.13	97.20
6	0.00	1.65	1.05	97.30
7	0.00	1.96	1.73	96.31
8	0.00	2.17	1.46	96.37
9	0.00	2.43	2.20	95.36
10	0.00	2.62	2.34	95.04
11	0.00	2.46	2.01	95.53
12	0.00	2.02	1.89	96.09
13	0.00	2.09	2.56	95.35
14	0.00	2.17	2.40	95.43
15	0.00	2.09	2.16	95.75
16	0.00	2.09	2.93	94.98
17	0.00	1.87	2.28	95.84
18	0.00	2.35	3.52	94.13
19	0.00	2.59	3.34	94.07
20	0.00	2.78	3.55	93.67
21	0.00	2.31	2.64	95.05
22	0.00	2.40	3.20	94.41
23	0.00	2.28	3.20	94.53
24	0.00	2.24	2.97	94.79
25	0.00	2.04	2.49	95.47
26	0.00	1.96	3.14	94.90
27	0.00	1.88	2.87	95.25
28	0.00	1.69	2.22	96.09
29	0.00	1.73	3.15	95.11
30	0.00	2.01	4.07	93.93
31	0.00	1.80	3.61	94.59
32	0.00	1.87	3.64	94.50
33	0.00	1.94	3.95	94.12
34	0.00	1.58	3.35	95.07
35	0.00	1.22	2.42	96.36
36	0.00	1.14	3.46	95.39
37	0.00	0.94	2.80	96.26
38	0.00	0.84	2.39	96.78
39	0.00	0.81	2.03	97.15
40	0.00	0.94	3.10	95.96
41	0.00	1.05	3.46	95.49
42	0.00	1.26	3.61	95.13
43	0.00	1.30	3.65	95.05
44	0.00	1.62	4.36	94.02
45	0.00	1.56	4.82	93.61
46	0.00	2.49	8.23	89.28
47	0.00	5.42	13.27	81.31
48	0.00	10.59	19.16	70.25
49	0.00	19.17	23.48	57.35
50	0.00	33.35	22.48	44.17
51	0.00	47.17	18.01	34.82
52	0.00	54.87	16.01	29.12
53	0.00	60.22	14.95	24.84
54	0.00	64.48	13.47	22.05
55	0.00	66.25	14.38	19.37
56	0.00	66.27	15.68	18.05
57	0.00	64.74	17.45	17.81
58	0.00	62.71	19.25	18.05
59	0.00	54.34	24.87	20.79
60	0.00	46.96	27.50	25.54
61	0.00	35.72	30.86	33.43
62	0.00	25.88	30.63	43.49
63	0.00	17.78	28.15	54.07
64	0.00	12.03	23.70	64.27
65	0.00	7.80	18.29	73.91
66	0.00	5.53	14.80	79.68
67	0.00	3.62	11.94	84.44
68	0.00	2.60	9.93	87.46
69	0.00	2.17	8.84	88.98
70	0.00	1.41	12.01	86.58
71	0.00	1.63	8.37	90.01
72	0.00	1.45	7.01	91.54
73	0.00	1.37	5.72	92.91
74	0.00	1.36	5.73	92.91
75	0.00	1.27	6.22	92.51
76	0.00	1.00	5.74	93.26
77	0.00	0.85	5.29	93.86
78	0.00	0.93	5.80	93.26
79	0.00	1.00	6.00	93.00
80	0.00	0.91	6.12	92.97
81	0.00	0.75	5.80	93.45
82	0.00	0.84	6.00	93.16
83	0.00	0.88	5.87	93.24
84	0.00	0.79	5.80	93.41
85	0.00	0.83	6.28	92.89
86	0.00	0.84	5.98	93.18
87	0.00	0.78	6.03	93.20
88	0.00	0.62	5.69	93.70
89	0.00	0.50	5.16	94.34
90	0.00	0.51	5.23	94.26
91	0.00	0.56	5.34	94.10
92	0.00	0.57	5.78	93.65
93	0.00	0.58	5.78	93.64
94	0.00	0.52	5.66	93.82
95	0.00	1.33	10.02	88.64




