Parameters
	Library type	Single-end
	Input file	/Volumes/wdhd/users/joaks1/projects/gekgo/data/genomes/msg/plate1/demultiplexed-trimmed/RMB_9745_Cyrtodactylus_philippinicus_Luzon_R1.trimmed.fq
	Primer/Adaptor library	NA
	Cut-off read length for HQ	70%
	Cut-off quality score	20
	Only statistics	On
	Number of processes	2


QC statistics
	File name	RMB_9745_Cyrtodactylus_philippinicus_Luzon_R1.trimmed.fq
	Total number of reads	606547
	Total number of HQ reads	602665
	Percentage of HQ reads	99.36%
	Total number of bases	45872193
	Total number of bases in HQ reads	45691008
	Total number of HQ bases in HQ reads	41909532
	Percentage of HQ bases in HQ reads	91.72%
	Number of Primer/Adaptor contaminated HQ reads	NA
	Total number of HQ filtered reads	602665
	Percentage of HQ filtered reads	99.36%


Detailed QC statistics
	File name	RMB_9745_Cyrtodactylus_philippinicus_Luzon_R1.trimmed.fq
	Minimum read length	9
	Maximum read length	95
	Average read length	75.63
	Total number of reads	606547
	Total number of reads with non-ATGC bases	0
	Percentage of reads with non-ATGC bases	0.00%
	Total number of bases	45872193
	Total number of HQ bases	42017995
	Percentage of HQ bases	91.60%
	Total number of non-ATGC bases	0
	Percentage of non-ATGC bases	0.00%


Average quality score at each base position of input reads

RMB_9745_Cyrtodactylus_philippinicus_Luzon_R1.trimmed.fq
36.05	35.74	36.31	35.86	36.37	36.41	36.20	38.48	37.82	37.47	37.61	37.90	37.65	37.56	37.56	37.09	37.37	36.86	36.80	36.68	37.12	36.55	36.62	36.70	37.02	36.83	36.84	37.19	36.37	36.05	36.23	36.28	36.00	36.12	36.45	36.02	36.19	36.36	36.50	35.68	35.44	35.21	35.03	34.60	34.14	32.71	30.92	28.48	25.41	22.31	19.62	17.82	16.13	14.88	13.89	13.14	12.79	12.61	13.05	13.58	14.64	15.74	16.78	17.77	18.64	19.10	19.48	19.73	19.82	19.19	19.43	19.68	19.85	19.83	19.74	19.75	19.75	19.65	19.59	19.57	19.54	19.48	19.45	19.44	19.33	19.32	19.31	19.32	19.36	19.34	19.29	19.23	19.17	19.16	18.51	




Read count (%) per base for different quality score ranges

	RMB_9745_Cyrtodactylus_philippinicus_Luzon_R1.trimmed.fq
Ranges	0-10	11-20	21-30	31-40
Base
1	0.00	2.84	1.86	95.30
2	0.00	2.11	1.31	96.58
3	0.00	1.99	1.18	96.84
4	0.00	2.03	1.77	96.20
5	0.00	1.85	1.25	96.90
6	0.00	1.80	1.20	96.99
7	0.00	2.12	1.88	96.00
8	0.00	2.29	1.66	96.05
9	0.00	2.50	2.40	95.10
10	0.00	2.68	2.52	94.80
11	0.00	2.53	2.16	95.31
12	0.00	2.13	1.98	95.89
13	0.00	2.15	2.69	95.16
14	0.00	2.22	2.59	95.20
15	0.00	2.10	2.39	95.51
16	0.00	2.11	3.07	94.82
17	0.00	1.88	2.40	95.71
18	0.00	2.40	3.75	93.85
19	0.00	2.63	3.47	93.89
20	0.00	2.85	3.65	93.49
21	0.00	2.37	2.74	94.89
22	0.00	2.38	3.34	94.29
23	0.00	2.30	3.29	94.41
24	0.00	2.22	3.08	94.71
25	0.00	2.11	2.56	95.33
26	0.00	1.97	3.26	94.76
27	0.00	1.94	3.04	95.02
28	0.00	1.86	2.36	95.78
29	0.00	1.79	3.39	94.82
30	0.00	2.15	4.17	93.68
31	0.00	1.89	3.71	94.40
32	0.00	1.97	3.70	94.33
33	0.00	2.07	4.05	93.88
34	0.00	1.71	3.47	94.82
35	0.00	1.35	2.59	96.06
36	0.00	1.24	3.56	95.20
37	0.00	1.01	2.92	96.06
38	0.00	0.95	2.55	96.51
39	0.00	0.91	2.16	96.93
40	0.00	1.00	3.44	95.56
41	0.00	1.14	3.73	95.13
42	0.00	1.30	3.96	94.73
43	0.00	1.26	4.15	94.58
44	0.00	1.62	4.84	93.55
45	0.00	1.61	5.49	92.90
46	0.00	2.54	9.75	87.71
47	0.00	5.31	15.33	79.36
48	0.00	10.50	21.41	68.09
49	0.00	19.51	26.35	54.15
50	0.00	33.71	24.87	41.42
51	0.00	47.18	20.56	32.26
52	0.00	53.64	18.98	27.38
53	0.00	60.08	16.78	23.14
54	0.00	64.10	15.01	20.89
55	0.00	65.69	15.92	18.40
56	0.00	66.60	16.51	16.88
57	0.00	64.96	18.62	16.43
58	0.00	62.33	20.80	16.87
59	0.00	54.09	26.23	19.68
60	0.00	46.56	29.20	24.24
61	0.00	35.56	32.02	32.42
62	0.00	25.75	31.83	42.42
63	0.00	18.01	29.05	52.94
64	0.00	11.97	24.48	63.54
65	0.00	7.74	19.03	73.22
66	0.00	5.59	15.51	78.90
67	0.00	3.71	12.60	83.70
68	0.00	2.66	10.56	86.78
69	0.00	2.20	9.44	88.36
70	0.00	1.44	13.32	85.25
71	0.00	1.66	9.27	89.07
72	0.00	1.49	7.66	90.85
73	0.00	1.36	6.19	92.45
74	0.00	1.38	6.23	92.39
75	0.00	1.32	6.88	91.81
76	0.00	1.10	6.32	92.58
77	0.00	0.94	5.97	93.09
78	0.00	0.95	6.41	92.64
79	0.00	1.00	6.73	92.27
80	0.00	0.93	6.53	92.54
81	0.00	0.79	6.41	92.80
82	0.00	0.84	6.41	92.75
83	0.00	0.94	6.30	92.75
84	0.00	0.87	6.23	92.90
85	0.00	0.96	6.64	92.39
86	0.00	0.90	6.39	92.71
87	0.00	0.85	6.33	92.82
88	0.00	0.72	6.03	93.25
89	0.00	0.56	5.29	94.15
90	0.00	0.53	5.23	94.24
91	0.00	0.59	5.44	93.96
92	0.00	0.69	5.79	93.52
93	0.00	0.67	5.97	93.36
94	0.00	0.61	5.75	93.64
95	0.00	1.66	10.28	88.06




