Parameters
	Library type	Single-end
	Input file	/Volumes/wdhd/users/joaks1/projects/gekgo/data/genomes/msg/plate1/demultiplexed-trimmed/RMB_8220_Cyrtodactylus_annulatus_CamiguinSur_R1.trimmed.fq
	Primer/Adaptor library	NA
	Cut-off read length for HQ	70%
	Cut-off quality score	20
	Only statistics	On
	Number of processes	2


QC statistics
	File name	RMB_8220_Cyrtodactylus_annulatus_CamiguinSur_R1.trimmed.fq
	Total number of reads	493604
	Total number of HQ reads	490729
	Percentage of HQ reads	99.42%
	Total number of bases	37162924
	Total number of bases in HQ reads	37027088
	Total number of HQ bases in HQ reads	34033349
	Percentage of HQ bases in HQ reads	91.91%
	Number of Primer/Adaptor contaminated HQ reads	NA
	Total number of HQ filtered reads	490729
	Percentage of HQ filtered reads	99.42%


Detailed QC statistics
	File name	RMB_8220_Cyrtodactylus_annulatus_CamiguinSur_R1.trimmed.fq
	Minimum read length	9
	Maximum read length	95
	Average read length	75.29
	Total number of reads	493604
	Total number of reads with non-ATGC bases	0
	Percentage of reads with non-ATGC bases	0.00%
	Total number of bases	37162924
	Total number of HQ bases	34114605
	Percentage of HQ bases	91.80%
	Total number of non-ATGC bases	0
	Percentage of non-ATGC bases	0.00%


Average quality score at each base position of input reads

RMB_8220_Cyrtodactylus_annulatus_CamiguinSur_R1.trimmed.fq
36.10	35.99	36.39	35.84	36.42	36.46	36.25	38.52	37.84	37.51	37.67	37.96	37.80	37.78	37.83	37.44	37.66	37.04	36.97	36.77	37.23	36.66	36.73	36.79	37.09	36.91	36.93	37.34	36.50	36.19	36.36	36.39	36.12	36.24	36.60	36.12	36.29	36.45	36.62	35.82	35.60	35.39	35.19	34.76	34.37	32.99	31.19	28.64	25.78	22.46	19.79	17.76	16.23	14.85	13.86	13.13	12.73	12.56	12.95	13.49	14.57	15.69	16.70	17.69	18.49	18.97	19.39	19.70	19.80	19.14	19.39	19.62	19.80	19.79	19.70	19.68	19.66	19.54	19.45	19.39	19.37	19.31	19.26	19.25	19.15	19.12	19.10	19.11	19.14	19.12	19.08	19.02	18.98	18.93	18.30	




Read count (%) per base for different quality score ranges

	RMB_8220_Cyrtodactylus_annulatus_CamiguinSur_R1.trimmed.fq
Ranges	0-10	11-20	21-30	31-40
Base
1	0.00	2.52	1.70	95.77
2	0.00	1.89	1.07	97.05
3	0.00	1.76	1.01	97.23
4	0.00	1.88	1.72	96.40
5	0.00	1.69	1.11	97.19
6	0.00	1.66	1.05	97.29
7	0.00	1.98	1.72	96.30
8	0.00	2.18	1.50	96.32
9	0.00	2.39	2.23	95.38
10	0.00	2.57	2.36	95.08
11	0.00	2.38	2.01	95.61
12	0.00	2.00	1.91	96.10
13	0.00	2.03	2.58	95.39
14	0.00	2.14	2.43	95.43
15	0.00	2.02	2.17	95.82
16	0.00	2.07	2.96	94.97
17	0.00	1.84	2.27	95.89
18	0.00	2.34	3.48	94.18
19	0.00	2.56	3.35	94.09
20	0.00	2.77	3.48	93.75
21	0.00	2.29	2.56	95.16
22	0.00	2.34	3.17	94.49
23	0.00	2.20	3.15	94.64
24	0.00	2.17	2.96	94.87
25	0.00	2.05	2.44	95.51
26	0.00	1.96	3.05	94.99
27	0.00	1.91	2.96	95.13
28	0.00	1.63	2.18	96.18
29	0.00	1.71	3.21	95.08
30	0.00	2.05	4.01	93.94
31	0.00	1.76	3.57	94.67
32	0.00	1.82	3.70	94.47
33	0.00	1.97	3.98	94.05
34	0.00	1.56	3.38	95.06
35	0.00	1.25	2.41	96.34
36	0.00	1.18	3.58	95.23
37	0.00	0.95	2.84	96.21
38	0.00	0.92	2.45	96.63
39	0.00	0.84	2.02	97.13
40	0.00	0.94	3.19	95.87
41	0.00	1.09	3.34	95.57
42	0.00	1.23	3.64	95.13
43	0.00	1.27	3.74	94.99
44	0.00	1.60	4.33	94.07
45	0.00	1.60	4.72	93.68
46	0.00	2.52	8.16	89.33
47	0.00	5.36	13.20	81.43
48	0.00	10.76	19.13	70.11
49	0.00	19.09	23.28	57.62
50	0.00	33.75	22.18	44.07
51	0.00	46.60	18.43	34.97
52	0.00	54.17	16.71	29.12
53	0.00	59.17	15.23	25.59
54	0.00	63.59	13.93	22.48
55	0.00	64.83	14.84	20.34
56	0.00	65.54	15.45	19.01
57	0.00	64.41	17.09	18.49
58	0.00	61.48	19.65	18.87
59	0.00	53.75	24.85	21.40
60	0.00	45.89	28.02	26.09
61	0.00	34.66	30.91	34.43
62	0.00	24.85	30.43	44.72
63	0.00	17.31	27.99	54.71
64	0.00	11.33	23.59	65.08
65	0.00	7.70	18.33	73.96
66	0.00	5.46	15.05	79.49
67	0.00	3.57	12.03	84.40
68	0.00	2.47	9.69	87.84
69	0.00	2.01	8.54	89.45
70	0.00	1.38	11.88	86.74
71	0.00	1.59	8.44	89.97
72	0.00	1.49	7.06	91.45
73	0.00	1.37	5.84	92.80
74	0.00	1.27	5.70	93.03
75	0.00	1.20	6.21	92.59
76	0.00	1.05	5.86	93.09
77	0.00	0.87	5.44	93.69
78	0.00	0.89	5.80	93.31
79	0.00	0.98	6.10	92.92
80	0.00	0.90	6.17	92.92
81	0.00	0.75	5.86	93.39
82	0.00	0.80	5.92	93.28
83	0.00	0.91	5.93	93.16
84	0.00	0.78	5.87	93.35
85	0.00	0.89	6.26	92.85
86	0.00	0.89	6.07	93.04
87	0.00	0.86	6.16	92.98
88	0.00	0.67	5.82	93.50
89	0.00	0.52	5.25	94.24
90	0.00	0.53	5.15	94.32
91	0.00	0.53	5.22	94.25
92	0.00	0.58	5.54	93.87
93	0.00	0.58	5.69	93.73
94	0.00	0.58	5.81	93.61
95	0.00	1.43	10.40	88.17




