Parameters
	Library type	Single-end
	Input file	/Volumes/wdhd/users/joaks1/projects/gekgo/data/genomes/msg/plate1/demultiplexed-trimmed/RMB_5905_Cyrtodactylus_philippinicus_BabuyanClaro_R1.trimmed.fq
	Primer/Adaptor library	NA
	Cut-off read length for HQ	70%
	Cut-off quality score	20
	Only statistics	On
	Number of processes	2


QC statistics
	File name	RMB_5905_Cyrtodactylus_philippinicus_BabuyanClaro_R1.trimmed.fq
	Total number of reads	576836
	Total number of HQ reads	572999
	Percentage of HQ reads	99.33%
	Total number of bases	43754860
	Total number of bases in HQ reads	43576706
	Total number of HQ bases in HQ reads	39955388
	Percentage of HQ bases in HQ reads	91.69%
	Number of Primer/Adaptor contaminated HQ reads	NA
	Total number of HQ filtered reads	572999
	Percentage of HQ filtered reads	99.33%


Detailed QC statistics
	File name	RMB_5905_Cyrtodactylus_philippinicus_BabuyanClaro_R1.trimmed.fq
	Minimum read length	9
	Maximum read length	95
	Average read length	75.85
	Total number of reads	576836
	Total number of reads with non-ATGC bases	0
	Percentage of reads with non-ATGC bases	0.00%
	Total number of bases	43754860
	Total number of HQ bases	40062223
	Percentage of HQ bases	91.56%
	Total number of non-ATGC bases	0
	Percentage of non-ATGC bases	0.00%


Average quality score at each base position of input reads

RMB_5905_Cyrtodactylus_philippinicus_BabuyanClaro_R1.trimmed.fq
36.00	35.76	36.31	35.83	36.36	36.40	36.19	38.46	37.80	37.44	37.59	37.87	37.62	37.55	37.57	37.09	37.36	36.87	36.82	36.69	37.13	36.56	36.61	36.70	37.03	36.83	36.85	37.22	36.41	36.07	36.25	36.30	36.02	36.15	36.48	36.01	36.19	36.37	36.51	35.68	35.43	35.22	35.03	34.59	34.16	32.76	30.93	28.42	25.50	22.42	19.67	17.82	16.17	14.89	13.92	13.25	12.89	12.69	13.12	13.65	14.71	15.81	16.92	17.88	18.79	19.26	19.64	19.90	19.99	19.37	19.60	19.85	20.02	20.00	19.91	19.94	19.96	19.85	19.80	19.76	19.74	19.67	19.65	19.65	19.56	19.55	19.54	19.54	19.58	19.56	19.50	19.44	19.41	19.39	18.78	




Read count (%) per base for different quality score ranges

	RMB_5905_Cyrtodactylus_philippinicus_BabuyanClaro_R1.trimmed.fq
Ranges	0-10	11-20	21-30	31-40
Base
1	0.00	2.90	1.97	95.13
2	0.00	2.10	1.35	96.55
3	0.00	1.95	1.23	96.82
4	0.00	2.05	1.86	96.09
5	0.00	1.86	1.29	96.86
6	0.00	1.83	1.19	96.98
7	0.00	2.13	1.89	95.98
8	0.00	2.30	1.70	96.00
9	0.00	2.55	2.44	95.01
10	0.00	2.76	2.54	94.70
11	0.00	2.55	2.19	95.26
12	0.00	2.13	2.08	95.79
13	0.00	2.18	2.77	95.05
14	0.00	2.26	2.59	95.15
15	0.00	2.12	2.37	95.51
16	0.00	2.13	3.09	94.78
17	0.00	1.93	2.45	95.62
18	0.00	2.38	3.68	93.94
19	0.00	2.59	3.56	93.85
20	0.00	2.85	3.65	93.49
21	0.00	2.36	2.76	94.89
22	0.00	2.37	3.31	94.32
23	0.00	2.31	3.30	94.39
24	0.00	2.22	3.12	94.66
25	0.00	2.09	2.54	95.37
26	0.00	2.00	3.22	94.78
27	0.00	1.92	3.08	95.00
28	0.00	1.80	2.33	95.87
29	0.00	1.74	3.28	94.99
30	0.00	2.12	4.13	93.75
31	0.00	1.89	3.66	94.45
32	0.00	1.94	3.75	94.31
33	0.00	2.05	4.15	93.80
34	0.00	1.68	3.45	94.86
35	0.00	1.34	2.58	96.08
36	0.00	1.24	3.69	95.07
37	0.00	1.01	3.00	96.00
38	0.00	0.93	2.59	96.48
39	0.00	0.90	2.18	96.92
40	0.00	1.00	3.43	95.58
41	0.00	1.15	3.76	95.09
42	0.00	1.30	3.99	94.71
43	0.00	1.30	4.13	94.57
44	0.00	1.66	4.92	93.42
45	0.00	1.62	5.45	92.92
46	0.00	2.51	9.50	87.99
47	0.00	5.40	15.17	79.43
48	0.00	10.72	21.62	67.65
49	0.00	19.32	26.13	54.54
50	0.00	33.35	24.71	41.93
51	0.00	47.34	20.01	32.65
52	0.00	54.47	18.01	27.52
53	0.00	60.28	16.53	23.19
54	0.00	64.44	14.81	20.75
55	0.00	65.84	15.84	18.32
56	0.00	66.06	16.90	17.04
57	0.00	64.57	18.86	16.56
58	0.00	62.38	20.59	17.02
59	0.00	54.31	26.00	19.69
60	0.00	46.96	28.79	24.24
61	0.00	35.74	32.19	32.07
62	0.00	26.30	31.58	42.13
63	0.00	18.03	28.99	52.98
64	0.00	12.24	24.55	63.20
65	0.00	7.93	19.06	73.00
66	0.00	5.77	15.48	78.75
67	0.00	3.94	12.65	83.41
68	0.00	2.84	10.68	86.48
69	0.00	2.34	9.52	88.15
70	0.00	1.53	13.23	85.24
71	0.00	1.74	9.44	88.82
72	0.00	1.57	7.64	90.79
73	0.00	1.44	6.39	92.17
74	0.00	1.40	6.41	92.19
75	0.00	1.34	7.07	91.59
76	0.00	1.10	6.42	92.48
77	0.00	0.92	5.92	93.16
78	0.00	0.94	6.51	92.55
79	0.00	1.00	6.53	92.47
80	0.00	0.93	6.55	92.52
81	0.00	0.77	6.34	92.89
82	0.00	0.86	6.48	92.66
83	0.00	0.96	6.24	92.79
84	0.00	0.86	6.10	93.04
85	0.00	0.88	6.59	92.53
86	0.00	0.90	6.25	92.86
87	0.00	0.84	6.19	92.97
88	0.00	0.69	5.89	93.42
89	0.00	0.56	5.28	94.15
90	0.00	0.51	5.25	94.24
91	0.00	0.58	5.50	93.92
92	0.00	0.63	5.82	93.55
93	0.00	0.63	5.90	93.47
94	0.00	0.62	5.61	93.77
95	0.00	1.53	9.94	88.54




