Parameters
	Library type	Single-end
	Input file	/Volumes/wdhd/users/joaks1/projects/gekgo/data/genomes/msg/plate1/demultiplexed-trimmed/RMB_5754_Cyrtodactylus_philippinicus_CamiguinNorte_R1.trimmed.fq
	Primer/Adaptor library	NA
	Cut-off read length for HQ	70%
	Cut-off quality score	20
	Only statistics	On
	Number of processes	2


QC statistics
	File name	RMB_5754_Cyrtodactylus_philippinicus_CamiguinNorte_R1.trimmed.fq
	Total number of reads	937117
	Total number of HQ reads	931179
	Percentage of HQ reads	99.37%
	Total number of bases	71953140
	Total number of bases in HQ reads	71668273
	Total number of HQ bases in HQ reads	65657404
	Percentage of HQ bases in HQ reads	91.61%
	Number of Primer/Adaptor contaminated HQ reads	NA
	Total number of HQ filtered reads	931179
	Percentage of HQ filtered reads	99.37%


Detailed QC statistics
	File name	RMB_5754_Cyrtodactylus_philippinicus_CamiguinNorte_R1.trimmed.fq
	Minimum read length	9
	Maximum read length	95
	Average read length	76.78
	Total number of reads	937117
	Total number of reads with non-ATGC bases	0
	Percentage of reads with non-ATGC bases	0.00%
	Total number of bases	71953140
	Total number of HQ bases	65828592
	Percentage of HQ bases	91.49%
	Total number of non-ATGC bases	0
	Percentage of non-ATGC bases	0.00%


Average quality score at each base position of input reads

RMB_5754_Cyrtodactylus_philippinicus_CamiguinNorte_R1.trimmed.fq
36.15	35.80	36.40	35.96	36.44	36.47	36.27	38.57	37.90	37.54	37.69	37.98	37.80	37.80	37.84	37.43	37.61	37.03	36.93	36.78	37.24	36.68	36.71	36.79	37.11	36.94	36.99	37.37	36.55	36.22	36.41	36.45	36.19	36.32	36.65	36.24	36.42	36.59	36.75	35.99	35.76	35.55	35.40	34.95	34.53	33.19	31.42	28.94	26.01	22.84	20.09	18.15	16.55	15.27	14.27	13.59	13.25	13.04	13.49	14.06	15.16	16.31	17.43	18.44	19.40	19.92	20.36	20.67	20.78	20.14	20.39	20.64	20.82	20.81	20.71	20.73	20.73	20.61	20.54	20.48	20.47	20.38	20.37	20.35	20.25	20.22	20.22	20.23	20.26	20.23	20.18	20.13	20.09	20.07	19.44	




Read count (%) per base for different quality score ranges

	RMB_5754_Cyrtodactylus_philippinicus_CamiguinNorte_R1.trimmed.fq
Ranges	0-10	11-20	21-30	31-40
Base
1	0.00	2.48	1.70	95.83
2	0.00	1.81	1.16	97.03
3	0.00	1.69	1.03	97.28
4	0.00	1.80	1.57	96.63
5	0.00	1.65	1.09	97.26
6	0.00	1.64	1.01	97.36
7	0.00	1.95	1.68	96.37
8	0.00	2.13	1.46	96.41
9	0.00	2.39	2.22	95.39
10	0.00	2.61	2.31	95.08
11	0.00	2.44	1.98	95.58
12	0.00	2.04	1.88	96.09
13	0.00	2.06	2.50	95.43
14	0.00	2.14	2.36	95.50
15	0.00	2.03	2.16	95.80
16	0.00	2.05	2.82	95.13
17	0.00	1.86	2.22	95.93
18	0.00	2.29	3.44	94.27
19	0.00	2.55	3.33	94.12
20	0.00	2.82	3.46	93.72
21	0.00	2.31	2.55	95.14
22	0.00	2.34	3.09	94.57
23	0.00	2.27	3.15	94.58
24	0.00	2.20	2.94	94.86
25	0.00	2.08	2.38	95.54
26	0.00	1.97	3.05	94.98
27	0.00	1.87	2.83	95.30
28	0.00	1.69	2.17	96.13
29	0.00	1.70	3.11	95.19
30	0.00	2.02	3.94	94.04
31	0.00	1.79	3.52	94.69
32	0.00	1.85	3.58	94.57
33	0.00	1.98	3.90	94.12
34	0.00	1.61	3.29	95.10
35	0.00	1.26	2.40	96.34
36	0.00	1.16	3.33	95.51
37	0.00	0.93	2.74	96.33
38	0.00	0.91	2.36	96.74
39	0.00	0.86	1.97	97.17
40	0.00	0.89	3.05	96.07
41	0.00	1.07	3.33	95.60
42	0.00	1.22	3.60	95.19
43	0.00	1.18	3.64	95.18
44	0.00	1.56	4.41	94.03
45	0.00	1.58	4.90	93.53
46	0.00	2.45	8.32	89.22
47	0.00	5.26	13.62	81.12
48	0.00	10.54	19.64	69.82
49	0.00	19.22	23.99	56.79
50	0.00	33.53	22.97	43.50
51	0.00	47.26	18.60	34.14
52	0.00	55.00	16.44	28.56
53	0.00	60.41	15.31	24.27
54	0.00	64.69	13.71	21.60
55	0.00	66.33	14.63	19.04
56	0.00	66.67	15.71	17.62
57	0.00	65.08	17.80	17.12
58	0.00	62.93	19.70	17.37
59	0.00	55.00	24.84	20.16
60	0.00	47.47	27.84	24.69
61	0.00	36.55	30.81	32.65
62	0.00	26.80	30.74	42.46
63	0.00	18.80	28.33	52.87
64	0.00	12.89	24.17	62.95
65	0.00	8.35	18.92	72.73
66	0.00	6.02	15.59	78.38
67	0.00	4.14	12.62	83.24
68	0.00	2.90	10.34	86.76
69	0.00	2.44	9.24	88.32
70	0.00	1.61	12.67	85.72
71	0.00	1.86	9.07	89.07
72	0.00	1.69	7.59	90.72
73	0.00	1.55	6.27	92.17
74	0.00	1.48	6.24	92.28
75	0.00	1.42	6.85	91.72
76	0.00	1.11	6.19	92.70
77	0.00	0.94	5.72	93.34
78	0.00	0.96	6.14	92.90
79	0.00	1.03	6.26	92.70
80	0.00	0.98	6.38	92.63
81	0.00	0.81	6.10	93.09
82	0.00	0.89	6.32	92.79
83	0.00	0.96	5.95	93.09
84	0.00	0.85	5.90	93.25
85	0.00	0.89	6.39	92.72
86	0.00	0.88	6.14	92.98
87	0.00	0.81	6.07	93.12
88	0.00	0.64	5.86	93.50
89	0.00	0.52	5.19	94.29
90	0.00	0.52	5.18	94.29
91	0.00	0.55	5.42	94.04
92	0.00	0.58	5.65	93.77
93	0.00	0.58	5.70	93.72
94	0.00	0.58	5.60	93.82
95	0.00	1.39	9.96	88.65




