Parameters
	Library type	Single-end
	Input file	/Volumes/wdhd/users/joaks1/projects/gekgo/data/genomes/msg/plate1/demultiplexed-trimmed/RMB_8418_Cyrtodactylus_mamanwa_Dinagat_R1.trimmed.fq
	Primer/Adaptor library	NA
	Cut-off read length for HQ	70%
	Cut-off quality score	20
	Only statistics	On
	Number of processes	2


QC statistics
	File name	RMB_8418_Cyrtodactylus_mamanwa_Dinagat_R1.trimmed.fq
	Total number of reads	1227948
	Total number of HQ reads	1220582
	Percentage of HQ reads	99.40%
	Total number of bases	95144823
	Total number of bases in HQ reads	94793338
	Total number of HQ bases in HQ reads	86815075
	Percentage of HQ bases in HQ reads	91.58%
	Number of Primer/Adaptor contaminated HQ reads	NA
	Total number of HQ filtered reads	1220582
	Percentage of HQ filtered reads	99.40%


Detailed QC statistics
	File name	RMB_8418_Cyrtodactylus_mamanwa_Dinagat_R1.trimmed.fq
	Minimum read length	8
	Maximum read length	95
	Average read length	77.48
	Total number of reads	1227948
	Total number of reads with non-ATGC bases	0
	Percentage of reads with non-ATGC bases	0.00%
	Total number of bases	95144823
	Total number of HQ bases	87027185
	Percentage of HQ bases	91.47%
	Total number of non-ATGC bases	0
	Percentage of non-ATGC bases	0.00%


Average quality score at each base position of input reads

RMB_8418_Cyrtodactylus_mamanwa_Dinagat_R1.trimmed.fq
36.12	36.09	36.41	35.92	36.43	36.46	36.26	38.57	37.92	37.54	37.67	37.96	37.79	37.79	37.83	37.44	37.64	37.06	36.96	36.80	37.24	36.70	36.75	36.81	37.12	36.96	36.97	37.35	36.55	36.22	36.41	36.46	36.21	36.34	36.67	36.24	36.42	36.60	36.75	35.98	35.76	35.57	35.41	35.00	34.61	33.27	31.51	29.06	26.13	22.91	20.17	18.34	16.76	15.55	14.57	13.87	13.55	13.39	13.83	14.43	15.56	16.73	17.89	18.94	19.93	20.50	20.97	21.29	21.41	20.75	21.01	21.27	21.46	21.45	21.34	21.37	21.36	21.22	21.15	21.11	21.10	20.99	20.97	20.97	20.86	20.85	20.84	20.84	20.88	20.85	20.80	20.74	20.70	20.69	20.04	




Read count (%) per base for different quality score ranges

	RMB_8418_Cyrtodactylus_mamanwa_Dinagat_R1.trimmed.fq
Ranges	0-10	11-20	21-30	31-40
Base
1	0.00	2.42	1.71	95.87
2	0.00	1.77	1.08	97.15
3	0.00	1.66	1.04	97.30
4	0.00	1.80	1.62	96.58
5	0.00	1.63	1.13	97.24
6	0.00	1.62	1.05	97.33
7	0.00	1.95	1.69	96.36
8	0.00	2.13	1.49	96.38
9	0.00	2.38	2.20	95.42
10	0.00	2.59	2.32	95.09
11	0.00	2.45	2.02	95.53
12	0.00	2.03	1.91	96.06
13	0.00	2.09	2.56	95.35
14	0.00	2.19	2.42	95.39
15	0.00	2.08	2.20	95.72
16	0.00	2.09	2.90	95.02
17	0.00	1.88	2.29	95.83
18	0.00	2.30	3.43	94.27
19	0.00	2.57	3.28	94.15
20	0.00	2.81	3.45	93.74
21	0.00	2.31	2.59	95.11
22	0.00	2.35	3.13	94.53
23	0.00	2.24	3.09	94.67
24	0.00	2.21	2.93	94.86
25	0.00	2.06	2.43	95.51
26	0.00	1.95	3.03	95.02
27	0.00	1.87	2.90	95.22
28	0.00	1.70	2.22	96.07
29	0.00	1.70	3.08	95.22
30	0.00	2.05	3.91	94.05
31	0.00	1.76	3.56	94.68
32	0.00	1.84	3.56	94.60
33	0.00	1.93	3.84	94.22
34	0.00	1.56	3.31	95.13
35	0.00	1.23	2.38	96.39
36	0.00	1.12	3.33	95.55
37	0.00	0.92	2.71	96.37
38	0.00	0.88	2.35	96.77
39	0.00	0.85	1.97	97.18
40	0.00	0.94	3.06	96.00
41	0.00	1.09	3.38	95.53
42	0.00	1.24	3.56	95.20
43	0.00	1.20	3.60	95.19
44	0.00	1.54	4.28	94.18
45	0.00	1.54	4.69	93.77
46	0.00	2.40	8.12	89.48
47	0.00	5.19	13.43	81.37
48	0.00	10.43	19.38	70.18
49	0.00	19.09	23.89	57.02
50	0.00	33.85	22.55	43.60
51	0.00	47.61	18.31	34.08
52	0.00	54.71	16.31	28.98
53	0.00	60.53	14.74	24.72
54	0.00	64.30	13.78	21.92
55	0.00	66.06	14.58	19.36
56	0.00	66.66	15.48	17.86
57	0.00	65.15	17.46	17.39
58	0.00	62.80	19.39	17.81
59	0.00	54.95	24.74	20.31
60	0.00	47.38	27.70	24.93
61	0.00	36.43	30.77	32.80
62	0.00	26.79	30.64	42.58
63	0.00	18.68	28.30	53.02
64	0.00	12.67	24.26	63.07
65	0.00	8.28	18.82	72.89
66	0.00	5.92	15.22	78.87
67	0.00	3.94	12.38	83.68
68	0.00	2.83	10.22	86.95
69	0.00	2.34	9.02	88.65
70	0.00	1.55	12.46	85.99
71	0.00	1.77	8.83	89.40
72	0.00	1.63	7.36	91.01
73	0.00	1.48	6.06	92.46
74	0.00	1.42	6.02	92.56
75	0.00	1.39	6.67	91.95
76	0.00	1.09	6.04	92.87
77	0.00	0.92	5.51	93.56
78	0.00	0.95	6.10	92.95
79	0.00	1.00	6.27	92.73
80	0.00	0.89	6.24	92.87
81	0.00	0.75	5.91	93.34
82	0.00	0.88	6.21	92.91
83	0.00	0.95	6.01	93.04
84	0.00	0.87	5.88	93.26
85	0.00	0.88	6.27	92.86
86	0.00	0.83	5.97	93.20
87	0.00	0.78	5.93	93.30
88	0.00	0.65	5.73	93.62
89	0.00	0.49	5.13	94.38
90	0.00	0.51	5.05	94.44
91	0.00	0.52	5.33	94.16
92	0.00	0.59	5.53	93.87
93	0.00	0.59	5.66	93.76
94	0.00	0.55	5.53	93.92
95	0.00	1.35	9.87	88.78




