Parameters
	Library type	Single-end
	Input file	/Volumes/wdhd/users/joaks1/projects/gekgo/data/genomes/msg/plate1/demultiplexed-trimmed/RMB_9749_Cyrtodactylus_philippinicus_Luzon_R1.trimmed.fq
	Primer/Adaptor library	NA
	Cut-off read length for HQ	70%
	Cut-off quality score	20
	Only statistics	On
	Number of processes	2


QC statistics
	File name	RMB_9749_Cyrtodactylus_philippinicus_Luzon_R1.trimmed.fq
	Total number of reads	107805
	Total number of HQ reads	107079
	Percentage of HQ reads	99.33%
	Total number of bases	8380938
	Total number of bases in HQ reads	8345504
	Total number of HQ bases in HQ reads	7636707
	Percentage of HQ bases in HQ reads	91.51%
	Number of Primer/Adaptor contaminated HQ reads	NA
	Total number of HQ filtered reads	107079
	Percentage of HQ filtered reads	99.33%


Detailed QC statistics
	File name	RMB_9749_Cyrtodactylus_philippinicus_Luzon_R1.trimmed.fq
	Minimum read length	10
	Maximum read length	95
	Average read length	77.74
	Total number of reads	107805
	Total number of reads with non-ATGC bases	0
	Percentage of reads with non-ATGC bases	0.00%
	Total number of bases	8380938
	Total number of HQ bases	7658276
	Percentage of HQ bases	91.38%
	Total number of non-ATGC bases	0
	Percentage of non-ATGC bases	0.00%


Average quality score at each base position of input reads

RMB_9749_Cyrtodactylus_philippinicus_Luzon_R1.trimmed.fq
36.17	36.18	36.43	35.92	36.45	36.47	36.27	38.57	37.90	37.55	37.68	37.98	37.82	37.84	37.86	37.49	37.69	37.08	37.01	36.82	37.26	36.70	36.77	36.83	37.16	36.99	37.00	37.32	36.54	36.27	36.45	36.48	36.22	36.37	36.70	36.31	36.46	36.65	36.81	36.03	35.82	35.61	35.48	35.06	34.63	33.27	31.57	29.21	26.21	22.98	20.22	18.44	16.82	15.57	14.62	13.89	13.60	13.41	13.90	14.47	15.62	16.85	18.04	19.11	20.09	20.64	21.13	21.46	21.61	20.97	21.24	21.51	21.70	21.68	21.58	21.57	21.57	21.46	21.37	21.34	21.31	21.24	21.19	21.20	21.07	21.06	21.06	21.05	21.10	21.08	21.01	20.93	20.88	20.87	20.18	




Read count (%) per base for different quality score ranges

	RMB_9749_Cyrtodactylus_philippinicus_Luzon_R1.trimmed.fq
Ranges	0-10	11-20	21-30	31-40
Base
1	0.00	2.34	1.72	95.95
2	0.00	1.74	1.03	97.22
3	0.00	1.59	1.02	97.38
4	0.00	1.76	1.63	96.60
5	0.00	1.58	1.10	97.32
6	0.00	1.61	0.99	97.40
7	0.00	1.93	1.72	96.35
8	0.00	2.10	1.49	96.41
9	0.00	2.44	2.19	95.36
10	0.00	2.61	2.31	95.08
11	0.00	2.48	2.03	95.49
12	0.00	2.02	1.94	96.04
13	0.00	2.14	2.44	95.42
14	0.00	2.17	2.28	95.55
15	0.00	2.06	2.20	95.75
16	0.00	2.00	2.78	95.22
17	0.00	1.79	2.26	95.95
18	0.00	2.34	3.57	94.10
19	0.00	2.60	3.26	94.14
20	0.00	2.77	3.54	93.69
21	0.00	2.35	2.59	95.06
22	0.00	2.41	3.16	94.44
23	0.00	2.19	3.13	94.68
24	0.00	2.24	2.86	94.90
25	0.00	2.08	2.28	95.65
26	0.00	1.98	2.94	95.08
27	0.00	1.91	2.83	95.25
28	0.00	1.82	2.31	95.87
29	0.00	1.87	3.10	95.03
30	0.00	2.06	3.89	94.05
31	0.00	1.84	3.41	94.75
32	0.00	1.89	3.57	94.54
33	0.00	1.90	3.84	94.27
34	0.00	1.55	3.20	95.25
35	0.00	1.23	2.34	96.43
36	0.00	1.07	3.22	95.71
37	0.00	0.94	2.68	96.37
38	0.00	0.86	2.38	96.76
39	0.00	0.85	1.94	97.21
40	0.00	0.94	2.98	96.08
41	0.00	1.13	3.32	95.56
42	0.00	1.25	3.39	95.37
43	0.00	1.17	3.55	95.29
44	0.00	1.55	4.06	94.39
45	0.00	1.54	4.69	93.77
46	0.00	2.47	8.30	89.23
47	0.00	5.25	13.10	81.65
48	0.00	10.50	18.56	70.94
49	0.00	19.27	23.55	57.18
50	0.00	33.87	22.26	43.87
51	0.00	47.66	18.36	33.99
52	0.00	54.34	16.64	29.02
53	0.00	60.59	14.67	24.74
54	0.00	64.77	13.33	21.90
55	0.00	66.39	14.45	19.16
56	0.00	67.42	15.07	17.51
57	0.00	65.70	17.06	17.24
58	0.00	63.61	18.93	17.47
59	0.00	55.59	24.10	20.32
60	0.00	48.39	26.96	24.65
61	0.00	37.08	30.57	32.35
62	0.00	27.12	30.54	42.34
63	0.00	18.99	28.19	52.82
64	0.00	13.01	23.88	63.10
65	0.00	8.72	18.76	72.52
66	0.00	6.27	15.60	78.13
67	0.00	4.23	12.58	83.19
68	0.00	2.97	10.59	86.45
69	0.00	2.40	9.32	88.28
70	0.00	1.61	12.11	86.29
71	0.00	1.84	8.68	89.47
72	0.00	1.71	7.19	91.10
73	0.00	1.55	6.15	92.30
74	0.00	1.51	6.15	92.35
75	0.00	1.53	6.61	91.86
76	0.00	1.23	6.25	92.51
77	0.00	0.99	5.60	93.41
78	0.00	1.00	5.98	93.02
79	0.00	1.07	6.36	92.58
80	0.00	0.92	6.13	92.95
81	0.00	0.78	6.01	93.21
82	0.00	0.80	6.04	93.16
83	0.00	1.05	5.94	93.01
84	0.00	0.86	5.81	93.33
85	0.00	0.90	6.41	92.69
86	0.00	0.89	5.96	93.15
87	0.00	0.73	5.92	93.36
88	0.00	0.61	5.81	93.58
89	0.00	0.48	4.98	94.55
90	0.00	0.45	5.02	94.52
91	0.00	0.48	5.42	94.10
92	0.00	0.63	5.72	93.65
93	0.00	0.57	5.97	93.45
94	0.00	0.55	5.58	93.87
95	0.00	1.48	10.36	88.16




