Parameters
	Library type	Single-end
	Input file	/Volumes/wdhd/users/joaks1/projects/gekgo/data/genomes/msg/plate1/demultiplexed-trimmed/RMB_13964_Cyrtodactylus_philippinicus_Luzon_R1.trimmed.fq
	Primer/Adaptor library	NA
	Cut-off read length for HQ	70%
	Cut-off quality score	20
	Only statistics	On
	Number of processes	2


QC statistics
	File name	RMB_13964_Cyrtodactylus_philippinicus_Luzon_R1.trimmed.fq
	Total number of reads	525998
	Total number of HQ reads	522726
	Percentage of HQ reads	99.38%
	Total number of bases	40478196
	Total number of bases in HQ reads	40321600
	Total number of HQ bases in HQ reads	36929333
	Percentage of HQ bases in HQ reads	91.59%
	Number of Primer/Adaptor contaminated HQ reads	NA
	Total number of HQ filtered reads	522726
	Percentage of HQ filtered reads	99.38%


Detailed QC statistics
	File name	RMB_13964_Cyrtodactylus_philippinicus_Luzon_R1.trimmed.fq
	Minimum read length	9
	Maximum read length	95
	Average read length	76.96
	Total number of reads	525998
	Total number of reads with non-ATGC bases	0
	Percentage of reads with non-ATGC bases	0.00%
	Total number of bases	40478196
	Total number of HQ bases	37023584
	Percentage of HQ bases	91.47%
	Total number of non-ATGC bases	0
	Percentage of non-ATGC bases	0.00%


Average quality score at each base position of input reads

RMB_13964_Cyrtodactylus_philippinicus_Luzon_R1.trimmed.fq
35.21	35.03	36.35	35.84	36.41	36.45	36.25	38.55	37.88	37.53	37.67	37.95	37.81	37.79	37.81	37.40	37.57	36.98	36.91	36.77	37.21	36.65	36.71	36.77	37.08	36.91	36.94	37.32	36.50	36.17	36.35	36.41	36.14	36.26	36.59	36.15	36.34	36.51	36.66	35.89	35.67	35.47	35.29	34.87	34.46	33.09	31.34	28.89	25.92	22.74	20.05	18.15	16.53	15.31	14.34	13.67	13.36	13.14	13.58	14.19	15.26	16.43	17.56	18.60	19.57	20.12	20.56	20.85	20.97	20.34	20.59	20.85	21.03	21.03	20.91	20.94	20.94	20.81	20.75	20.70	20.68	20.57	20.56	20.56	20.45	20.45	20.43	20.44	20.48	20.45	20.39	20.34	20.29	20.28	19.64	




Read count (%) per base for different quality score ranges

	RMB_13964_Cyrtodactylus_philippinicus_Luzon_R1.trimmed.fq
Ranges	0-10	11-20	21-30	31-40
Base
1	0.00	2.73	2.24	95.03
2	0.00	1.84	1.31	96.85
3	0.00	1.73	1.12	97.15
4	0.00	1.87	1.73	96.40
5	0.00	1.68	1.17	97.15
6	0.00	1.68	1.10	97.23
7	0.00	1.98	1.72	96.30
8	0.00	2.16	1.52	96.32
9	0.00	2.42	2.23	95.35
10	0.00	2.60	2.37	95.04
11	0.00	2.45	2.04	95.51
12	0.00	2.05	1.91	96.04
13	0.00	2.07	2.53	95.40
14	0.00	2.19	2.39	95.42
15	0.00	2.08	2.25	95.68
16	0.00	2.08	2.89	95.03
17	0.00	1.89	2.33	95.78
18	0.00	2.31	3.57	94.12
19	0.00	2.58	3.33	94.09
20	0.00	2.82	3.50	93.67
21	0.00	2.33	2.61	95.06
22	0.00	2.34	3.21	94.44
23	0.00	2.24	3.20	94.56
24	0.00	2.23	2.96	94.81
25	0.00	2.12	2.47	95.41
26	0.00	2.00	3.10	94.90
27	0.00	1.92	2.95	95.13
28	0.00	1.74	2.24	96.02
29	0.00	1.73	3.12	95.15
30	0.00	2.02	4.00	93.97
31	0.00	1.79	3.56	94.65
32	0.00	1.82	3.60	94.58
33	0.00	1.94	3.93	94.13
34	0.00	1.60	3.32	95.09
35	0.00	1.25	2.44	96.31
36	0.00	1.15	3.45	95.39
37	0.00	0.92	2.74	96.34
38	0.00	0.89	2.38	96.73
39	0.00	0.87	2.02	97.12
40	0.00	0.93	3.06	96.01
41	0.00	1.07	3.32	95.61
42	0.00	1.23	3.57	95.20
43	0.00	1.22	3.65	95.13
44	0.00	1.57	4.35	94.08
45	0.00	1.52	4.83	93.64
46	0.00	2.50	8.27	89.23
47	0.00	5.19	13.63	81.18
48	0.00	10.32	19.66	70.02
49	0.00	19.19	24.28	56.53
50	0.00	33.68	23.09	43.23
51	0.00	47.34	18.64	34.02
52	0.00	54.77	16.66	28.57
53	0.00	60.55	15.36	24.09
54	0.00	64.62	13.87	21.51
55	0.00	66.35	14.62	19.03
56	0.00	66.66	15.71	17.63
57	0.00	64.87	17.85	17.27
58	0.00	63.15	19.49	17.37
59	0.00	55.05	24.95	20.00
60	0.00	47.39	27.84	24.77
61	0.00	36.72	30.77	32.51
62	0.00	27.02	30.57	42.41
63	0.00	18.85	28.54	52.60
64	0.00	12.93	24.23	62.83
65	0.00	8.33	18.97	72.70
66	0.00	6.01	15.41	78.58
67	0.00	4.09	12.55	83.37
68	0.00	2.98	10.45	86.56
69	0.00	2.40	9.31	88.29
70	0.00	1.59	12.60	85.81
71	0.00	1.84	8.91	89.25
72	0.00	1.67	7.45	90.87
73	0.00	1.54	6.25	92.21
74	0.00	1.47	6.13	92.40
75	0.00	1.40	6.84	91.76
76	0.00	1.13	6.17	92.70
77	0.00	0.95	5.59	93.46
78	0.00	0.99	6.13	92.88
79	0.00	1.02	6.19	92.79
80	0.00	0.95	6.24	92.81
81	0.00	0.81	6.09	93.10
82	0.00	0.93	6.46	92.61
83	0.00	0.99	6.07	92.94
84	0.00	0.87	5.85	93.27
85	0.00	0.90	6.39	92.71
86	0.00	0.85	5.99	93.16
87	0.00	0.81	6.05	93.14
88	0.00	0.65	5.78	93.57
89	0.00	0.51	5.08	94.41
90	0.00	0.52	5.06	94.42
91	0.00	0.57	5.34	94.09
92	0.00	0.57	5.62	93.82
93	0.00	0.61	5.68	93.71
94	0.00	0.57	5.58	93.85
95	0.00	1.37	10.01	88.62




