Parameters
	Library type	Single-end
	Input file	/Volumes/wdhd/users/joaks1/projects/gekgo/data/genomes/msg/plate1/demultiplexed-trimmed/RMB_9740_Cyrtodactylus_philippinicus_Luzon_R1.trimmed.fq
	Primer/Adaptor library	NA
	Cut-off read length for HQ	70%
	Cut-off quality score	20
	Only statistics	On
	Number of processes	2


QC statistics
	File name	RMB_9740_Cyrtodactylus_philippinicus_Luzon_R1.trimmed.fq
	Total number of reads	281883
	Total number of HQ reads	280257
	Percentage of HQ reads	99.42%
	Total number of bases	21206699
	Total number of bases in HQ reads	21131613
	Total number of HQ bases in HQ reads	19384618
	Percentage of HQ bases in HQ reads	91.73%
	Number of Primer/Adaptor contaminated HQ reads	NA
	Total number of HQ filtered reads	280257
	Percentage of HQ filtered reads	99.42%


Detailed QC statistics
	File name	RMB_9740_Cyrtodactylus_philippinicus_Luzon_R1.trimmed.fq
	Minimum read length	9
	Maximum read length	95
	Average read length	75.23
	Total number of reads	281883
	Total number of reads with non-ATGC bases	0
	Percentage of reads with non-ATGC bases	0.00%
	Total number of bases	21206699
	Total number of HQ bases	19429848
	Percentage of HQ bases	91.62%
	Total number of non-ATGC bases	0
	Percentage of non-ATGC bases	0.00%


Average quality score at each base position of input reads

RMB_9740_Cyrtodactylus_philippinicus_Luzon_R1.trimmed.fq
35.91	35.95	36.33	35.77	36.37	36.41	36.22	38.47	37.81	37.44	37.59	37.87	37.70	37.69	37.72	37.31	37.51	36.90	36.84	36.68	37.11	36.57	36.62	36.70	37.02	36.82	36.85	37.21	36.39	36.07	36.27	36.32	36.02	36.17	36.50	36.06	36.23	36.41	36.55	35.74	35.52	35.30	35.14	34.70	34.23	32.84	31.06	28.63	25.62	22.40	19.61	17.78	16.07	14.76	13.75	12.99	12.62	12.38	12.80	13.35	14.39	15.49	16.54	17.48	18.36	18.87	19.27	19.53	19.65	19.02	19.26	19.51	19.69	19.67	19.57	19.58	19.57	19.45	19.37	19.34	19.31	19.23	19.21	19.18	19.07	19.06	19.06	19.05	19.10	19.06	19.01	18.94	18.89	18.88	18.28	




Read count (%) per base for different quality score ranges

	RMB_9740_Cyrtodactylus_philippinicus_Luzon_R1.trimmed.fq
Ranges	0-10	11-20	21-30	31-40
Base
1	0.00	2.76	1.87	95.38
2	0.00	2.02	1.20	96.78
3	0.00	1.91	1.14	96.95
4	0.00	2.05	1.89	96.06
5	0.00	1.80	1.26	96.94
6	0.00	1.76	1.18	97.06
7	0.00	2.05	1.84	96.11
8	0.00	2.21	1.61	96.17
9	0.00	2.47	2.37	95.16
10	0.00	2.66	2.51	94.83
11	0.00	2.50	2.14	95.36
12	0.00	2.12	2.04	95.84
13	0.00	2.16	2.77	95.07
14	0.00	2.28	2.52	95.20
15	0.00	2.14	2.34	95.52
16	0.00	2.16	2.98	94.86
17	0.00	1.90	2.39	95.71
18	0.00	2.42	3.78	93.80
19	0.00	2.63	3.46	93.91
20	0.00	2.93	3.60	93.47
21	0.00	2.40	2.75	94.85
22	0.00	2.43	3.35	94.22
23	0.00	2.32	3.33	94.35
24	0.00	2.27	3.04	94.69
25	0.00	2.13	2.53	95.33
26	0.00	2.04	3.28	94.68
27	0.00	1.93	3.09	94.98
28	0.00	1.80	2.40	95.80
29	0.00	1.79	3.38	94.83
30	0.00	2.09	4.24	93.68
31	0.00	1.82	3.71	94.47
32	0.00	1.87	3.76	94.37
33	0.00	2.00	4.12	93.88
34	0.00	1.61	3.43	94.96
35	0.00	1.27	2.59	96.14
36	0.00	1.17	3.59	95.24
37	0.00	0.95	2.94	96.12
38	0.00	0.90	2.47	96.63
39	0.00	0.83	2.09	97.08
40	0.00	0.94	3.23	95.83
41	0.00	1.09	3.52	95.39
42	0.00	1.29	3.68	95.03
43	0.00	1.25	3.68	95.07
44	0.00	1.58	4.40	94.02
45	0.00	1.61	4.95	93.44
46	0.00	2.53	8.60	88.87
47	0.00	5.45	13.68	80.86
48	0.00	10.65	19.35	70.00
49	0.00	19.61	23.94	56.46
50	0.00	34.03	22.59	43.38
51	0.00	47.50	18.88	33.61
52	0.00	53.99	17.25	28.76
53	0.00	60.18	15.37	24.45
54	0.00	64.21	14.09	21.70
55	0.00	65.79	14.87	19.34
56	0.00	66.66	15.56	17.78
57	0.00	64.94	17.96	17.10
58	0.00	62.78	19.89	17.33
59	0.00	54.64	25.22	20.14
60	0.00	46.88	28.17	24.94
61	0.00	35.85	31.16	33.00
62	0.00	25.94	30.98	43.09
63	0.00	18.02	28.52	53.46
64	0.00	12.31	24.07	63.62
65	0.00	7.96	18.81	73.22
66	0.00	5.60	15.31	79.09
67	0.00	3.70	12.52	83.78
68	0.00	2.68	10.36	86.96
69	0.00	2.15	9.09	88.77
70	0.00	1.40	12.66	85.94
71	0.00	1.61	8.87	89.52
72	0.00	1.52	7.34	91.14
73	0.00	1.41	5.99	92.60
74	0.00	1.34	6.06	92.60
75	0.00	1.35	6.53	92.12
76	0.00	1.07	6.06	92.87
77	0.00	0.92	5.59	93.49
78	0.00	0.94	6.14	92.91
79	0.00	1.02	6.44	92.54
80	0.00	0.92	6.23	92.85
81	0.00	0.78	6.21	93.01
82	0.00	0.85	6.33	92.82
83	0.00	0.94	6.09	92.97
84	0.00	0.87	6.06	93.07
85	0.00	0.92	6.56	92.52
86	0.00	0.85	6.28	92.87
87	0.00	0.79	6.07	93.14
88	0.00	0.64	5.97	93.39
89	0.00	0.49	5.22	94.29
90	0.00	0.52	5.37	94.11
91	0.00	0.53	5.51	93.96
92	0.00	0.60	5.89	93.50
93	0.00	0.64	5.98	93.38
94	0.00	0.58	5.68	93.74
95	0.00	1.46	10.26	88.28




