Parameters
	Library type	Single-end
	Input file	/Volumes/wdhd/users/joaks1/projects/gekgo/data/genomes/msg/plate1/demultiplexed-trimmed/SP_6906_Cyrtodactylus_baluensis_Kinabalu_R1.trimmed.fq
	Primer/Adaptor library	NA
	Cut-off read length for HQ	70%
	Cut-off quality score	20
	Only statistics	On
	Number of processes	2


QC statistics
	File name	SP_6906_Cyrtodactylus_baluensis_Kinabalu_R1.trimmed.fq
	Total number of reads	353181
	Total number of HQ reads	350981
	Percentage of HQ reads	99.38%
	Total number of bases	27165293
	Total number of bases in HQ reads	27062311
	Total number of HQ bases in HQ reads	24797831
	Percentage of HQ bases in HQ reads	91.63%
	Number of Primer/Adaptor contaminated HQ reads	NA
	Total number of HQ filtered reads	350981
	Percentage of HQ filtered reads	99.38%


Detailed QC statistics
	File name	SP_6906_Cyrtodactylus_baluensis_Kinabalu_R1.trimmed.fq
	Minimum read length	9
	Maximum read length	95
	Average read length	76.92
	Total number of reads	353181
	Total number of reads with non-ATGC bases	0
	Percentage of reads with non-ATGC bases	0.00%
	Total number of bases	27165293
	Total number of HQ bases	24859879
	Percentage of HQ bases	91.51%
	Total number of non-ATGC bases	0
	Percentage of non-ATGC bases	0.00%


Average quality score at each base position of input reads

SP_6906_Cyrtodactylus_baluensis_Kinabalu_R1.trimmed.fq
35.28	34.85	36.34	35.74	36.42	36.46	36.25	38.54	37.87	37.52	37.66	37.96	37.84	37.81	37.86	37.45	37.64	37.03	36.93	36.76	37.22	36.67	36.75	36.83	37.10	36.92	36.97	37.36	36.55	36.22	36.40	36.44	36.17	36.30	36.65	36.19	36.36	36.53	36.70	35.95	35.71	35.47	35.31	34.90	34.50	33.16	31.34	28.90	26.04	22.82	20.14	18.28	16.68	15.36	14.35	13.75	13.34	13.19	13.57	14.12	15.23	16.41	17.48	18.53	19.49	20.04	20.50	20.83	20.98	20.32	20.57	20.80	20.99	21.00	20.90	20.90	20.89	20.76	20.70	20.64	20.64	20.57	20.52	20.51	20.42	20.40	20.39	20.40	20.44	20.43	20.38	20.32	20.27	20.22	19.57	




Read count (%) per base for different quality score ranges

	SP_6906_Cyrtodactylus_baluensis_Kinabalu_R1.trimmed.fq
Ranges	0-10	11-20	21-30	31-40
Base
1	0.00	2.65	2.14	95.21
2	0.00	1.84	1.23	96.92
3	0.00	1.74	1.06	97.20
4	0.00	1.90	1.75	96.35
5	0.00	1.68	1.13	97.19
6	0.00	1.65	1.06	97.29
7	0.00	1.98	1.71	96.31
8	0.00	2.18	1.54	96.29
9	0.00	2.43	2.24	95.33
10	0.00	2.64	2.34	95.02
11	0.00	2.48	2.04	95.48
12	0.00	2.03	1.94	96.03
13	0.00	2.05	2.50	95.45
14	0.00	2.19	2.42	95.39
15	0.00	2.07	2.18	95.75
16	0.00	2.09	2.97	94.94
17	0.00	1.89	2.27	95.84
18	0.00	2.33	3.49	94.19
19	0.00	2.60	3.33	94.07
20	0.00	2.83	3.53	93.64
21	0.00	2.34	2.65	95.01
22	0.00	2.38	3.16	94.46
23	0.00	2.21	3.13	94.65
24	0.00	2.20	2.88	94.92
25	0.00	2.06	2.46	95.47
26	0.00	1.98	3.03	95.00
27	0.00	1.87	2.87	95.25
28	0.00	1.67	2.21	96.12
29	0.00	1.67	3.11	95.22
30	0.00	2.01	3.89	94.10
31	0.00	1.74	3.53	94.73
32	0.00	1.82	3.58	94.60
33	0.00	1.92	3.92	94.16
34	0.00	1.55	3.33	95.12
35	0.00	1.21	2.44	96.35
36	0.00	1.14	3.41	95.45
37	0.00	0.89	2.80	96.32
38	0.00	0.90	2.42	96.68
39	0.00	0.86	1.99	97.16
40	0.00	0.90	3.04	96.06
41	0.00	1.11	3.40	95.48
42	0.00	1.26	3.74	95.00
43	0.00	1.21	3.69	95.09
44	0.00	1.53	4.31	94.16
45	0.00	1.61	4.81	93.58
46	0.00	2.50	8.23	89.27
47	0.00	5.53	13.49	80.97
48	0.00	10.68	19.41	69.91
49	0.00	19.25	23.67	57.08
50	0.00	33.89	22.20	43.91
51	0.00	47.32	17.99	34.69
52	0.00	53.96	16.81	29.23
53	0.00	59.88	14.98	25.14
54	0.00	64.00	14.14	21.86
55	0.00	65.90	14.54	19.56
56	0.00	65.77	15.52	18.71
57	0.00	65.22	16.87	17.91
58	0.00	62.28	19.61	18.11
59	0.00	55.17	24.41	20.42
60	0.00	47.56	27.72	24.72
61	0.00	36.62	30.73	32.66
62	0.00	26.63	30.87	42.50
63	0.00	19.12	28.32	52.55
64	0.00	12.73	24.54	62.73
65	0.00	8.42	19.01	72.57
66	0.00	6.07	15.55	78.37
67	0.00	4.03	12.59	83.37
68	0.00	2.84	10.33	86.84
69	0.00	2.19	9.00	88.81
70	0.00	1.50	12.36	86.14
71	0.00	1.79	8.94	89.27
72	0.00	1.67	7.56	90.76
73	0.00	1.53	6.24	92.23
74	0.00	1.39	6.11	92.50
75	0.00	1.35	6.49	92.16
76	0.00	1.11	6.14	92.76
77	0.00	0.93	5.73	93.34
78	0.00	0.97	6.13	92.90
79	0.00	1.03	6.19	92.78
80	0.00	0.93	6.35	92.72
81	0.00	0.72	5.99	93.29
82	0.00	0.82	6.05	93.13
83	0.00	0.95	6.01	93.04
84	0.00	0.85	5.90	93.25
85	0.00	0.87	6.38	92.75
86	0.00	0.84	6.09	93.07
87	0.00	0.79	6.16	93.05
88	0.00	0.63	5.77	93.60
89	0.00	0.51	5.15	94.34
90	0.00	0.48	5.03	94.49
91	0.00	0.54	5.22	94.24
92	0.00	0.59	5.53	93.88
93	0.00	0.56	5.60	93.83
94	0.00	0.57	5.80	93.63
95	0.00	1.44	10.26	88.30




