Parameters
	Library type	Single-end
	Input file	/Volumes/wdhd/users/joaks1/projects/gekgo/data/genomes/msg/plate1/demultiplexed-trimmed/SP_6891_Cyrtodactylus_baluensis_Kinabalu_R1.trimmed.fq
	Primer/Adaptor library	NA
	Cut-off read length for HQ	70%
	Cut-off quality score	20
	Only statistics	On
	Number of processes	2


QC statistics
	File name	SP_6891_Cyrtodactylus_baluensis_Kinabalu_R1.trimmed.fq
	Total number of reads	91940
	Total number of HQ reads	91323
	Percentage of HQ reads	99.33%
	Total number of bases	7144258
	Total number of bases in HQ reads	7114442
	Total number of HQ bases in HQ reads	6511134
	Percentage of HQ bases in HQ reads	91.52%
	Number of Primer/Adaptor contaminated HQ reads	NA
	Total number of HQ filtered reads	91323
	Percentage of HQ filtered reads	99.33%


Detailed QC statistics
	File name	SP_6891_Cyrtodactylus_baluensis_Kinabalu_R1.trimmed.fq
	Minimum read length	10
	Maximum read length	95
	Average read length	77.71
	Total number of reads	91940
	Total number of reads with non-ATGC bases	0
	Percentage of reads with non-ATGC bases	0.00%
	Total number of bases	7144258
	Total number of HQ bases	6528807
	Percentage of HQ bases	91.39%
	Total number of non-ATGC bases	0
	Percentage of non-ATGC bases	0.00%


Average quality score at each base position of input reads

SP_6891_Cyrtodactylus_baluensis_Kinabalu_R1.trimmed.fq
35.59	35.65	36.40	35.81	36.43	36.47	36.26	38.56	37.88	37.53	37.68	37.99	37.87	37.82	37.89	37.52	37.72	37.12	37.00	36.77	37.24	36.70	36.77	36.85	37.12	36.96	37.02	37.41	36.61	36.27	36.45	36.47	36.21	36.33	36.70	36.26	36.42	36.58	36.75	36.03	35.81	35.59	35.43	35.00	34.65	33.32	31.51	29.02	26.20	22.99	20.33	18.46	16.89	15.61	14.68	14.09	13.69	13.53	13.92	14.48	15.66	16.87	18.01	19.09	20.07	20.63	21.13	21.49	21.64	20.96	21.22	21.48	21.67	21.68	21.58	21.60	21.57	21.43	21.34	21.29	21.27	21.19	21.15	21.14	21.04	21.02	21.00	21.01	21.06	21.06	20.99	20.92	20.87	20.82	20.16	




Read count (%) per base for different quality score ranges

	SP_6891_Cyrtodactylus_baluensis_Kinabalu_R1.trimmed.fq
Ranges	0-10	11-20	21-30	31-40
Base
1	0.00	2.49	2.02	95.48
2	0.00	1.74	1.13	97.14
3	0.00	1.61	1.02	97.37
4	0.00	1.77	1.78	96.45
5	0.00	1.62	1.11	97.26
6	0.00	1.57	1.06	97.36
7	0.00	2.00	1.59	96.40
8	0.00	2.16	1.45	96.39
9	0.00	2.43	2.19	95.38
10	0.00	2.72	2.35	94.93
11	0.00	2.53	2.00	95.48
12	0.00	2.06	1.92	96.02
13	0.00	2.08	2.45	95.47
14	0.00	2.28	2.36	95.36
15	0.00	2.11	2.17	95.72
16	0.00	2.11	2.81	95.08
17	0.00	1.92	2.16	95.92
18	0.00	2.25	3.43	94.32
19	0.00	2.66	3.23	94.12
20	0.00	2.94	3.65	93.41
21	0.00	2.41	2.64	94.95
22	0.00	2.47	3.07	94.46
23	0.00	2.27	3.10	94.63
24	0.00	2.24	2.89	94.86
25	0.00	2.12	2.40	95.48
26	0.00	1.98	3.03	94.99
27	0.00	1.91	2.85	95.25
28	0.00	1.62	2.21	96.17
29	0.00	1.69	3.01	95.30
30	0.00	2.06	3.90	94.05
31	0.00	1.74	3.60	94.66
32	0.00	1.89	3.63	94.48
33	0.00	1.98	3.89	94.13
34	0.00	1.60	3.22	95.19
35	0.00	1.26	2.39	96.36
36	0.00	1.12	3.39	95.49
37	0.00	0.94	2.68	96.38
38	0.00	0.91	2.33	96.76
39	0.00	0.83	1.98	97.19
40	0.00	0.92	2.89	96.19
41	0.00	1.08	3.09	95.83
42	0.00	1.23	3.53	95.24
43	0.00	1.16	3.40	95.45
44	0.00	1.56	4.09	94.35
45	0.00	1.55	4.58	93.87
46	0.00	2.46	7.80	89.74
47	0.00	5.29	13.14	81.58
48	0.00	10.48	19.32	70.20
49	0.00	19.04	23.46	57.50
50	0.00	33.68	22.09	44.23
51	0.00	47.25	17.58	35.17
52	0.00	54.54	16.24	29.22
53	0.00	60.34	14.51	25.15
54	0.00	64.49	13.72	21.78
55	0.00	65.96	14.32	19.72
56	0.00	65.94	15.31	18.75
57	0.00	65.51	16.65	17.84
58	0.00	62.76	19.36	17.88
59	0.00	55.76	23.95	20.29
60	0.00	48.20	27.43	24.37
61	0.00	37.18	30.32	32.50
62	0.00	27.08	30.40	42.53
63	0.00	19.11	28.44	52.45
64	0.00	13.02	24.12	62.87
65	0.00	8.77	18.88	72.35
66	0.00	6.36	15.36	78.28
67	0.00	4.26	12.67	83.07
68	0.00	3.06	10.18	86.76
69	0.00	2.45	8.94	88.61
70	0.00	1.70	12.36	85.93
71	0.00	1.92	8.83	89.25
72	0.00	1.77	7.46	90.77
73	0.00	1.55	6.25	92.20
74	0.00	1.53	5.87	92.60
75	0.00	1.46	6.44	92.10
76	0.00	1.10	5.90	93.00
77	0.00	1.01	5.52	93.47
78	0.00	1.06	5.89	93.05
79	0.00	1.13	6.18	92.69
80	0.00	0.98	6.12	92.90
81	0.00	0.87	5.86	93.27
82	0.00	0.91	6.08	93.01
83	0.00	1.02	5.95	93.03
84	0.00	0.89	5.82	93.29
85	0.00	0.95	6.22	92.83
86	0.00	0.94	5.97	93.09
87	0.00	0.88	5.95	93.17
88	0.00	0.69	5.66	93.66
89	0.00	0.52	4.87	94.60
90	0.00	0.50	4.80	94.70
91	0.00	0.56	5.22	94.22
92	0.00	0.61	5.47	93.92
93	0.00	0.54	5.72	93.74
94	0.00	0.64	5.55	93.81
95	0.00	1.45	10.16	88.39




