Parameters
	Library type	Single-end
	Input file	/Volumes/wdhd/users/joaks1/projects/gekgo/data/genomes/msg/plate1/demultiplexed-trimmed/SP_6892_Cyrtodactylus_baluensis_Kinabalu_R1.trimmed.fq
	Primer/Adaptor library	NA
	Cut-off read length for HQ	70%
	Cut-off quality score	20
	Only statistics	On
	Number of processes	2


QC statistics
	File name	SP_6892_Cyrtodactylus_baluensis_Kinabalu_R1.trimmed.fq
	Total number of reads	212901
	Total number of HQ reads	211580
	Percentage of HQ reads	99.38%
	Total number of bases	16237786
	Total number of bases in HQ reads	16176875
	Total number of HQ bases in HQ reads	14825238
	Percentage of HQ bases in HQ reads	91.64%
	Number of Primer/Adaptor contaminated HQ reads	NA
	Total number of HQ filtered reads	211580
	Percentage of HQ filtered reads	99.38%


Detailed QC statistics
	File name	SP_6892_Cyrtodactylus_baluensis_Kinabalu_R1.trimmed.fq
	Minimum read length	9
	Maximum read length	95
	Average read length	76.27
	Total number of reads	212901
	Total number of reads with non-ATGC bases	0
	Percentage of reads with non-ATGC bases	0.00%
	Total number of bases	16237786
	Total number of HQ bases	14861788
	Percentage of HQ bases	91.53%
	Total number of non-ATGC bases	0
	Percentage of non-ATGC bases	0.00%


Average quality score at each base position of input reads

SP_6892_Cyrtodactylus_baluensis_Kinabalu_R1.trimmed.fq
35.99	35.91	36.31	35.79	36.36	36.41	36.20	38.43	37.78	37.44	37.56	37.89	37.68	37.59	37.61	37.10	37.35	36.84	36.81	36.65	37.12	36.57	36.62	36.71	36.99	36.80	36.83	37.19	36.40	36.05	36.22	36.27	36.00	36.10	36.47	35.98	36.16	36.33	36.48	35.69	35.44	35.20	35.01	34.58	34.19	32.78	30.91	28.46	25.53	22.40	19.81	17.97	16.40	15.14	14.11	13.47	13.05	12.92	13.29	13.83	14.93	16.05	17.11	18.16	19.06	19.54	19.97	20.26	20.35	19.74	19.99	20.21	20.39	20.38	20.31	20.31	20.30	20.20	20.13	20.10	20.09	20.03	20.01	20.01	19.92	19.90	19.88	19.88	19.92	19.92	19.87	19.82	19.78	19.73	19.06	




Read count (%) per base for different quality score ranges

	SP_6892_Cyrtodactylus_baluensis_Kinabalu_R1.trimmed.fq
Ranges	0-10	11-20	21-30	31-40
Base
1	0.00	2.78	2.01	95.21
2	0.00	2.04	1.30	96.67
3	0.00	1.93	1.21	96.87
4	0.00	2.07	1.98	95.95
5	0.00	1.81	1.34	96.85
6	0.00	1.77	1.20	97.03
7	0.00	2.09	1.94	95.96
8	0.00	2.33	1.71	95.97
9	0.00	2.54	2.41	95.04
10	0.00	2.72	2.59	94.69
11	0.00	2.60	2.27	95.13
12	0.00	2.12	2.05	95.83
13	0.00	2.20	2.66	95.13
14	0.00	2.27	2.60	95.13
15	0.00	2.13	2.34	95.53
16	0.00	2.17	3.12	94.71
17	0.00	1.93	2.47	95.60
18	0.00	2.41	3.71	93.88
19	0.00	2.62	3.48	93.90
20	0.00	2.87	3.74	93.39
21	0.00	2.40	2.78	94.83
22	0.00	2.38	3.33	94.30
23	0.00	2.27	3.38	94.35
24	0.00	2.20	3.13	94.67
25	0.00	2.11	2.57	95.32
26	0.00	1.99	3.20	94.81
27	0.00	1.88	3.06	95.05
28	0.00	1.75	2.39	95.86
29	0.00	1.68	3.33	94.99
30	0.00	2.02	4.18	93.81
31	0.00	1.83	3.70	94.46
32	0.00	1.92	3.72	94.36
33	0.00	2.04	4.02	93.94
34	0.00	1.66	3.54	94.79
35	0.00	1.26	2.58	96.16
36	0.00	1.22	3.70	95.07
37	0.00	0.96	2.97	96.07
38	0.00	0.92	2.66	96.42
39	0.00	0.87	2.17	96.97
40	0.00	0.95	3.46	95.60
41	0.00	1.14	3.79	95.07
42	0.00	1.30	4.08	94.62
43	0.00	1.29	4.07	94.64
44	0.00	1.57	4.82	93.61
45	0.00	1.63	5.35	93.02
46	0.00	2.56	9.28	88.16
47	0.00	5.48	15.12	79.40
48	0.00	10.71	21.35	67.93
49	0.00	19.61	25.71	54.69
50	0.00	34.19	23.87	41.94
51	0.00	47.28	19.77	32.96
52	0.00	53.96	18.32	27.72
53	0.00	59.68	16.42	23.89
54	0.00	63.57	15.23	21.20
55	0.00	65.62	15.60	18.78
56	0.00	65.80	16.49	17.70
57	0.00	65.21	17.89	16.90
58	0.00	61.95	20.86	17.19
59	0.00	54.84	25.44	19.72
60	0.00	47.35	28.60	24.05
61	0.00	36.35	31.49	32.16
62	0.00	26.53	31.42	42.05
63	0.00	18.78	29.05	52.17
64	0.00	12.43	24.66	62.91
65	0.00	8.23	19.18	72.59
66	0.00	5.99	15.83	78.17
67	0.00	3.93	12.91	83.17
68	0.00	2.77	10.68	86.55
69	0.00	2.27	9.51	88.22
70	0.00	1.50	13.08	85.42
71	0.00	1.78	9.13	89.09
72	0.00	1.60	7.72	90.69
73	0.00	1.48	6.38	92.15
74	0.00	1.43	6.25	92.32
75	0.00	1.37	6.68	91.95
76	0.00	1.14	6.47	92.39
77	0.00	0.93	6.02	93.05
78	0.00	0.89	6.43	92.68
79	0.00	0.96	6.70	92.35
80	0.00	0.86	6.53	92.61
81	0.00	0.78	6.27	92.94
82	0.00	0.81	6.39	92.79
83	0.00	0.95	6.17	92.88
84	0.00	0.87	5.95	93.18
85	0.00	0.84	6.51	92.65
86	0.00	0.84	6.40	92.75
87	0.00	0.79	6.33	92.88
88	0.00	0.65	5.95	93.40
89	0.00	0.52	5.32	94.16
90	0.00	0.52	5.08	94.40
91	0.00	0.56	5.30	94.15
92	0.00	0.65	5.59	93.76
93	0.00	0.60	5.61	93.79
94	0.00	0.59	5.77	93.64
95	0.00	1.62	10.43	87.95




