Parameters
	Library type	Single-end
	Input file	jamie_no-index_L007_R1_0026.fastq
	Primer/Adaptor library	NA
	Cut-off read length for HQ	70%
	Cut-off quality score	20
	Only statistics	On
	Number of processes	2


QC statistics
	File name	jamie_no-index_L007_R1_0026.fastq
	Total number of reads	803389
	Total number of HQ reads	543436
	Percentage of HQ reads	67.64%
	Total number of bases	81142289
	Total number of bases in HQ reads	54887036
	Total number of HQ bases in HQ reads	52777365
	Percentage of HQ bases in HQ reads	96.16%
	Number of Primer/Adaptor contaminated HQ reads	NA
	Total number of HQ filtered reads	543436
	Percentage of HQ filtered reads	67.64%


Detailed QC statistics
	File name	jamie_no-index_L007_R1_0026.fastq
	Minimum read length	101
	Maximum read length	101
	Average read length	101.00
	Total number of reads	803389
	Total number of reads with non-ATGC bases	637
	Percentage of reads with non-ATGC bases	0.08%
	Total number of bases	81142289
	Total number of HQ bases	68287738
	Percentage of HQ bases	84.16%
	Total number of non-ATGC bases	5246
	Percentage of non-ATGC bases	0.01%


Average quality score at each base position of input reads

jamie_no-index_L007_R1_0026.fastq
32.57	32.47	32.41	36.50	36.66	36.20	36.26	36.25	36.53	36.19	36.61	36.66	36.73	39.19	39.21	39.26	39.32	39.31	39.28	39.19	39.19	39.10	39.21	38.92	39.03	38.84	39.03	38.87	38.93	38.87	39.02	38.95	38.98	39.08	38.70	38.63	38.76	38.86	38.63	38.56	38.63	38.65	37.74	38.36	38.63	38.38	38.53	38.58	38.59	38.55	38.45	37.92	36.58	35.82	34.20	31.13	27.09	24.06	21.08	21.08	21.31	22.30	23.94	25.37	26.43	27.09	27.38	27.54	27.50	27.54	27.52	27.31	27.33	27.31	27.11	26.24	26.73	27.06	27.09	27.01	26.98	26.84	26.73	26.70	26.69	26.62	26.50	26.49	26.40	26.40	26.34	26.32	26.23	26.19	26.23	26.13	26.04	26.02	25.98	25.95	24.73	




Read count (%) per base for different quality score ranges

	jamie_no-index_L007_R1_0026.fastq
Ranges	0-10	11-20	21-30	31-40
Base
1	0.02	0.64	4.99	94.34
2	0.00	2.26	2.01	95.73
3	0.00	2.11	3.38	94.51
4	0.00	0.59	1.30	98.10
5	0.00	0.44	0.97	98.59
6	0.03	1.35	1.58	97.04
7	0.02	1.62	1.43	96.93
8	0.01	0.88	1.23	97.88
9	0.01	0.77	1.06	98.17
10	0.05	1.55	2.33	96.07
11	0.01	0.49	1.12	98.39
12	0.01	0.38	1.11	98.50
13	0.01	0.29	0.81	98.90
14	0.01	0.30	0.85	98.85
15	0.01	0.33	0.77	98.89
16	0.00	0.37	0.59	99.04
17	0.02	0.32	0.58	99.08
18	0.02	0.26	0.71	99.01
19	0.02	0.23	0.69	99.05
20	0.02	0.30	0.84	98.84
21	0.02	0.46	0.83	98.68
22	0.01	0.35	0.85	98.80
23	0.01	0.21	0.70	99.08
24	0.04	0.54	1.20	98.22
25	0.02	0.63	0.91	98.45
26	0.06	0.72	1.11	98.10
27	0.09	0.59	0.93	98.39
28	0.10	0.50	0.93	98.47
29	0.11	0.45	0.88	98.55
30	0.20	0.43	1.00	98.37
31	0.12	0.36	0.96	98.56
32	0.18	0.32	1.00	98.49
33	0.18	0.36	0.90	98.56
34	0.14	0.40	0.85	98.61
35	0.21	0.44	1.03	98.32
36	0.27	0.53	1.30	97.90
37	0.22	0.70	1.19	97.89
38	0.23	0.63	1.24	97.90
39	0.36	0.76	1.53	97.35
40	0.32	0.96	1.60	97.11
41	0.25	0.94	1.63	97.18
42	0.27	0.57	1.52	97.64
43	1.89	1.96	1.83	94.32
44	0.25	1.35	2.38	96.02
45	0.24	0.76	1.38	97.62
46	0.40	0.65	1.70	97.25
47	0.31	0.58	1.61	97.50
48	0.29	0.54	1.59	97.58
49	0.28	0.53	1.65	97.54
50	0.24	0.52	1.82	97.42
51	0.27	0.50	1.80	97.42
52	0.40	0.67	2.33	96.60
53	0.49	0.91	3.99	94.61
54	0.55	1.22	5.60	92.63
55	0.85	2.06	11.82	85.27
56	1.30	6.27	25.05	67.38
57	2.53	21.09	29.28	47.09
58	6.71	29.74	29.18	34.36
59	20.13	27.46	25.07	27.34
60	21.64	25.46	24.92	27.98
61	29.33	16.42	20.28	33.97
62	27.40	17.47	15.96	39.17
63	25.49	15.09	12.79	46.63
64	24.12	13.18	9.58	53.12
65	23.01	12.32	7.01	57.65
66	22.48	11.72	5.61	60.19
67	22.44	11.21	4.85	61.51
68	21.99	11.25	4.79	61.98
69	22.14	10.87	5.09	61.90
70	21.79	11.00	5.11	62.09
71	22.00	10.55	5.14	62.31
72	22.55	10.38	5.28	61.79
73	22.33	10.53	5.04	62.10
74	22.26	10.44	5.02	62.28
75	22.43	10.39	5.49	61.69
76	21.72	11.19	7.28	59.82
77	21.72	10.70	5.79	61.79
78	21.70	10.33	5.46	62.51
79	21.54	10.52	5.55	62.38
80	22.15	9.97	5.43	62.45
81	22.03	10.07	5.47	62.43
82	21.99	10.26	5.83	61.92
83	22.34	10.09	5.76	61.81
84	22.18	10.25	5.79	61.77
85	22.03	10.40	5.81	61.76
86	22.52	10.01	5.65	61.83
87	22.61	10.16	5.82	61.41
88	22.31	10.40	6.07	61.22
89	22.49	10.25	6.34	60.92
90	22.51	10.21	6.26	61.02
91	22.89	9.95	6.17	61.00
92	22.88	10.00	6.17	60.95
93	23.11	9.91	6.16	60.82
94	23.08	9.93	6.35	60.64
95	22.95	9.95	6.22	60.88
96	23.33	9.78	6.34	60.55
97	22.95	10.32	6.89	59.84
98	23.14	10.13	6.83	59.89
99	23.22	10.14	6.89	59.75
100	23.17	10.18	6.89	59.76
101	24.39	11.32	10.05	54.24




