Parameters
	Library type	Single-end
	Input file	jamie_no-index_L007_R1_0025.fastq
	Primer/Adaptor library	NA
	Cut-off read length for HQ	70%
	Cut-off quality score	20
	Only statistics	On
	Number of processes	2


QC statistics
	File name	jamie_no-index_L007_R1_0025.fastq
	Total number of reads	4000000
	Total number of HQ reads	3042766
	Percentage of HQ reads	76.07%
	Total number of bases	404000000
	Total number of bases in HQ reads	307319366
	Total number of HQ bases in HQ reads	302662469
	Percentage of HQ bases in HQ reads	98.48%
	Number of Primer/Adaptor contaminated HQ reads	NA
	Total number of HQ filtered reads	3042766
	Percentage of HQ filtered reads	76.07%


Detailed QC statistics
	File name	jamie_no-index_L007_R1_0025.fastq
	Minimum read length	101
	Maximum read length	101
	Average read length	101.00
	Total number of reads	4000000
	Total number of reads with non-ATGC bases	2682
	Percentage of reads with non-ATGC bases	0.07%
	Total number of bases	404000000
	Total number of HQ bases	358556743
	Percentage of HQ bases	88.75%
	Total number of non-ATGC bases	20286
	Percentage of non-ATGC bases	0.01%


Average quality score at each base position of input reads

jamie_no-index_L007_R1_0025.fastq
32.64	32.82	32.66	36.50	36.62	34.96	35.20	35.23	36.11	35.98	36.56	36.66	36.73	39.19	39.30	39.28	39.31	39.28	39.25	39.27	39.28	39.13	39.19	39.13	39.23	39.07	39.20	38.72	38.87	38.98	38.80	38.83	38.97	39.07	38.68	38.70	38.95	39.04	38.95	38.93	38.92	38.77	38.94	39.03	38.87	38.55	38.67	38.67	38.70	38.55	38.40	37.76	36.54	35.63	33.99	32.13	29.92	29.26	28.66	29.15	29.65	30.13	30.43	30.65	30.76	30.80	30.76	30.71	30.62	30.51	30.40	30.30	30.20	30.10	29.93	28.89	29.32	29.64	29.67	29.62	29.56	29.49	29.39	29.36	29.31	29.24	29.17	29.10	28.98	28.99	28.98	28.93	28.88	28.81	28.78	28.73	28.68	28.65	28.62	28.56	27.58	




Read count (%) per base for different quality score ranges

	jamie_no-index_L007_R1_0025.fastq
Ranges	0-10	11-20	21-30	31-40
Base
1	0.01	0.54	4.16	95.29
2	0.00	0.25	2.18	97.57
3	0.00	0.63	3.56	95.81
4	0.00	0.79	1.46	97.75
5	0.00	0.55	1.08	98.37
6	0.07	3.11	3.65	93.17
7	0.06	4.01	3.35	92.57
8	0.04	2.13	3.05	94.78
9	0.02	1.59	2.11	96.28
10	0.08	1.94	2.43	95.54
11	0.01	0.49	1.23	98.28
12	0.01	0.41	1.04	98.54
13	0.01	0.31	0.85	98.84
14	0.01	0.29	0.84	98.86
15	0.00	0.17	0.53	99.30
16	0.00	0.15	0.53	99.31
17	0.02	0.13	0.51	99.35
18	0.02	0.15	0.62	99.22
19	0.02	0.17	0.66	99.15
20	0.01	0.16	0.55	99.28
21	0.02	0.15	0.60	99.23
22	0.01	0.18	0.65	99.16
23	0.01	0.17	0.60	99.22
24	0.02	0.21	0.69	99.09
25	0.02	0.17	0.60	99.20
26	0.06	0.23	0.60	99.12
27	0.08	0.20	0.61	99.11
28	0.31	0.80	0.80	98.08
29	0.12	0.44	0.89	98.55
30	0.13	0.32	0.70	98.84
31	0.51	0.73	0.87	97.90
32	0.17	0.62	1.06	98.15
33	0.16	0.34	0.71	98.80
34	0.16	0.28	0.75	98.81
35	0.21	0.36	0.90	98.52
36	0.22	0.32	0.86	98.60
37	0.18	0.25	0.74	98.83
38	0.22	0.23	0.75	98.79
39	0.27	0.25	0.78	98.70
40	0.26	0.29	0.86	98.60
41	0.27	0.31	0.97	98.45
42	0.29	0.32	1.07	98.33
43	0.24	0.26	0.85	98.65
44	0.24	0.25	0.80	98.71
45	0.32	0.31	1.08	98.28
46	0.35	0.35	1.36	97.94
47	0.30	0.31	1.10	98.30
48	0.28	0.32	1.16	98.23
49	0.27	0.31	1.18	98.24
50	0.29	0.34	1.41	97.96
51	0.32	0.45	1.53	97.69
52	0.46	0.65	2.24	96.66
53	0.58	0.85	4.28	94.30
54	0.89	1.36	6.59	91.16
55	1.41	2.85	12.55	83.19
56	2.18	5.89	20.20	71.72
57	4.56	15.53	16.85	63.07
58	9.39	14.50	13.19	62.92
59	19.21	7.17	8.58	65.04
60	19.24	6.58	6.86	67.32
61	19.53	5.90	4.99	69.58
62	18.05	6.90	4.14	70.91
63	17.33	7.25	3.61	71.81
64	16.67	7.59	3.41	72.32
65	16.36	7.62	3.38	72.64
66	16.12	7.68	3.40	72.79
67	15.99	7.72	3.43	72.86
68	15.88	7.76	3.48	72.88
69	16.00	7.62	3.53	72.84
70	16.14	7.52	3.53	72.80
71	16.16	7.53	3.64	72.67
72	16.16	7.55	3.67	72.62
73	16.33	7.43	3.61	72.63
74	16.43	7.36	3.60	72.60
75	16.63	7.28	3.70	72.39
76	16.04	8.11	5.37	70.48
77	16.25	7.53	4.39	71.83
78	16.05	7.55	4.11	72.29
79	16.28	7.23	4.09	72.40
80	16.33	7.24	4.06	72.37
81	16.38	7.24	4.01	72.37
82	16.34	7.31	4.11	72.24
83	16.50	7.25	4.21	72.03
84	16.36	7.36	4.23	72.04
85	16.36	7.37	4.37	71.90
86	16.48	7.35	4.36	71.81
87	16.61	7.31	4.42	71.65
88	15.70	8.63	4.54	71.13
89	16.64	7.64	4.65	71.07
90	16.65	7.59	4.59	71.16
91	16.72	7.50	4.63	71.14
92	16.77	7.49	4.71	71.03
93	16.96	7.29	4.78	70.96
94	17.04	7.35	4.85	70.77
95	17.07	7.30	4.96	70.67
96	17.13	7.29	5.09	70.50
97	17.21	7.27	5.20	70.32
98	17.14	7.42	5.18	70.25
99	17.25	7.34	5.27	70.14
100	17.24	7.43	5.35	69.98
101	17.78	7.84	8.52	65.86




