Parameters
	Library type	Single-end
	Input file	/Volumes/wdhd/users/joaks1/projects/gekgo/data/genomes/msg/plate3/raw/jamie_no-index_L007_R1_0008.fastq
	Primer/Adaptor library	NA
	Cut-off read length for HQ	70%
	Cut-off quality score	20
	Only statistics	On
	Number of processes	2


QC statistics
	File name	jamie_no-index_L007_R1_0008.fastq
	Total number of reads	4000000
	Total number of HQ reads	3080138
	Percentage of HQ reads	77.00%
	Total number of bases	404000000
	Total number of bases in HQ reads	311093938
	Total number of HQ bases in HQ reads	306694507
	Percentage of HQ bases in HQ reads	98.59%
	Number of Primer/Adaptor contaminated HQ reads	NA
	Total number of HQ filtered reads	3080138
	Percentage of HQ filtered reads	77.00%


Detailed QC statistics
	File name	jamie_no-index_L007_R1_0008.fastq
	Minimum read length	101
	Maximum read length	101
	Average read length	101.00
	Total number of reads	4000000
	Total number of reads with non-ATGC bases	2452
	Percentage of reads with non-ATGC bases	0.06%
	Total number of bases	404000000
	Total number of HQ bases	360344839
	Percentage of HQ bases	89.19%
	Total number of non-ATGC bases	6754
	Percentage of non-ATGC bases	0.00%


Average quality score at each base position of input reads

jamie_no-index_L007_R1_0008.fastq
32.62	32.80	32.62	36.49	36.60	34.71	34.76	34.47	35.95	35.97	36.55	36.66	36.72	39.17	39.29	39.26	39.29	39.24	39.24	39.26	39.26	39.10	39.17	39.11	39.21	39.14	39.20	38.96	38.99	39.05	39.04	38.97	39.02	39.10	38.69	38.71	38.94	39.06	38.97	38.98	38.89	38.75	38.92	39.01	38.88	38.54	38.65	38.67	38.67	38.53	38.40	37.65	36.49	35.27	34.17	32.31	30.59	29.74	29.48	29.93	30.41	30.58	30.78	30.94	31.02	31.04	31.01	30.95	30.85	30.73	30.67	30.57	30.47	30.35	30.19	28.97	29.53	29.88	29.93	29.88	29.85	29.77	29.68	29.66	29.60	29.53	29.48	29.45	29.38	29.34	29.30	29.24	29.21	29.16	29.11	29.04	28.99	28.96	28.92	28.86	27.78	




Read count (%) per base for different quality score ranges

	jamie_no-index_L007_R1_0008.fastq
Ranges	0-10	11-20	21-30	31-40
Base
1	0.01	0.61	4.40	94.98
2	0.00	0.28	2.32	97.40
3	0.00	0.74	3.90	95.36
4	0.01	0.85	1.49	97.65
5	0.00	0.61	1.17	98.23
6	0.08	3.43	4.14	92.35
7	0.07	5.01	4.04	90.87
8	0.05	2.66	4.08	93.21
9	0.02	1.96	2.29	95.73
10	0.05	1.73	2.48	95.74
11	0.01	0.47	1.26	98.26
12	0.01	0.39	1.03	98.57
13	0.01	0.32	0.84	98.82
14	0.01	0.32	0.87	98.80
15	0.00	0.19	0.56	99.25
16	0.00	0.17	0.56	99.27
17	0.01	0.15	0.54	99.30
18	0.02	0.17	0.70	99.11
19	0.02	0.18	0.68	99.13
20	0.01	0.18	0.58	99.24
21	0.02	0.15	0.63	99.19
22	0.01	0.20	0.71	99.08
23	0.01	0.18	0.62	99.19
24	0.02	0.21	0.70	99.07
25	0.02	0.18	0.64	99.15
26	0.05	0.23	0.61	99.10
27	0.07	0.20	0.62	99.10
28	0.09	0.29	0.69	98.93
29	0.10	0.24	0.68	98.98
30	0.11	0.22	0.69	98.98
31	0.16	0.26	0.79	98.79
32	0.16	0.26	0.82	98.76
33	0.15	0.23	0.69	98.92
34	0.15	0.22	0.74	98.89
35	0.21	0.35	0.88	98.56
36	0.21	0.29	0.86	98.65
37	0.18	0.23	0.74	98.86
38	0.19	0.24	0.75	98.82
39	0.21	0.26	0.79	98.74
40	0.22	0.27	0.84	98.67
41	0.26	0.32	1.05	98.37
42	0.27	0.31	1.10	98.32
43	0.23	0.26	0.88	98.63
44	0.23	0.25	0.83	98.69
45	0.30	0.31	1.11	98.28
46	0.34	0.36	1.44	97.85
47	0.28	0.33	1.18	98.22
48	0.26	0.30	1.19	98.24
49	0.26	0.30	1.23	98.21
50	0.29	0.33	1.47	97.92
51	0.30	0.44	1.55	97.71
52	0.47	0.70	2.47	96.36
53	0.60	0.92	4.58	93.91
54	1.16	1.76	7.92	89.16
55	1.33	2.70	11.65	84.31
56	2.57	5.93	18.51	73.00
57	4.34	12.91	16.97	65.78
58	11.26	11.95	10.09	66.70
59	18.94	5.38	6.63	69.04
60	19.08	5.30	4.51	71.11
61	17.35	6.54	4.05	72.06
62	17.10	6.67	3.83	72.41
63	16.67	6.89	3.63	72.81
64	16.22	7.14	3.47	73.17
65	15.88	7.27	3.41	73.44
66	15.63	7.36	3.41	73.60
67	15.48	7.46	3.39	73.66
68	15.48	7.40	3.41	73.71
69	15.49	7.36	3.52	73.62
70	15.55	7.39	3.56	73.50
71	15.57	7.27	3.55	73.61
72	15.59	7.27	3.64	73.50
73	15.64	7.26	3.61	73.49
74	15.76	7.18	3.62	73.44
75	15.96	7.13	3.66	73.25
76	15.37	8.00	5.69	70.93
77	15.26	7.73	4.44	72.57
78	15.40	7.32	4.15	73.13
79	15.44	7.24	4.10	73.22
80	15.48	7.24	4.09	73.19
81	15.49	7.24	4.02	73.26
82	15.57	7.15	4.12	73.16
83	15.58	7.25	4.22	72.94
84	15.46	7.26	4.28	73.00
85	15.70	7.07	4.34	72.89
86	15.69	7.23	4.30	72.78
87	15.59	7.34	4.53	72.54
88	15.72	7.24	4.50	72.54
89	15.87	7.15	4.61	72.38
90	15.97	7.17	4.53	72.33
91	15.87	7.32	4.65	72.16
92	15.99	7.26	4.72	72.04
93	16.06	7.18	4.72	72.04
94	16.12	7.19	4.81	71.89
95	16.17	7.19	4.94	71.71
96	16.27	7.26	5.00	71.47
97	16.24	7.35	5.14	71.27
98	16.42	7.23	5.02	71.33
99	16.30	7.40	5.20	71.09
100	16.33	7.40	5.32	70.95
101	16.94	7.95	8.80	66.31




