Parameters
	Library type	Single-end
	Input file	/Volumes/wdhd/users/joaks1/projects/gekgo/data/genomes/msg/plate3/raw/jamie_no-index_L007_R1_0004.fastq
	Primer/Adaptor library	NA
	Cut-off read length for HQ	70%
	Cut-off quality score	20
	Only statistics	On
	Number of processes	2


QC statistics
	File name	jamie_no-index_L007_R1_0004.fastq
	Total number of reads	4000000
	Total number of HQ reads	3032426
	Percentage of HQ reads	75.81%
	Total number of bases	404000000
	Total number of bases in HQ reads	306275026
	Total number of HQ bases in HQ reads	301525296
	Percentage of HQ bases in HQ reads	98.45%
	Number of Primer/Adaptor contaminated HQ reads	NA
	Total number of HQ filtered reads	3032426
	Percentage of HQ filtered reads	75.81%


Detailed QC statistics
	File name	jamie_no-index_L007_R1_0004.fastq
	Minimum read length	101
	Maximum read length	101
	Average read length	101.00
	Total number of reads	4000000
	Total number of reads with non-ATGC bases	1089
	Percentage of reads with non-ATGC bases	0.03%
	Total number of bases	404000000
	Total number of HQ bases	357675318
	Percentage of HQ bases	88.53%
	Total number of non-ATGC bases	6330
	Percentage of non-ATGC bases	0.00%


Average quality score at each base position of input reads

jamie_no-index_L007_R1_0004.fastq
32.59	32.79	32.60	36.46	36.58	34.70	34.74	34.44	35.90	35.85	36.49	36.61	36.71	39.11	39.25	39.24	39.26	39.24	39.23	39.26	39.25	39.10	39.17	39.08	39.18	39.15	39.15	38.91	38.97	39.00	39.06	39.01	39.03	39.09	38.68	38.72	38.94	39.05	38.96	38.94	38.90	38.74	38.94	38.95	38.85	38.57	38.66	38.67	38.68	38.58	38.47	37.80	36.85	35.97	34.62	32.34	29.06	28.67	28.47	29.17	29.73	30.01	30.27	30.48	30.60	30.64	30.59	30.52	30.43	30.32	30.24	30.12	30.04	29.94	29.79	28.56	29.15	29.51	29.58	29.52	29.48	29.38	29.30	29.27	29.20	29.16	29.10	28.94	28.94	28.94	28.85	28.85	28.76	28.73	28.70	28.55	28.52	28.54	28.51	28.48	27.28	




Read count (%) per base for different quality score ranges

	jamie_no-index_L007_R1_0004.fastq
Ranges	0-10	11-20	21-30	31-40
Base
1	0.01	0.66	4.65	94.68
2	0.00	0.30	2.42	97.28
3	0.00	0.82	4.07	95.11
4	0.00	0.92	1.56	97.52
5	0.00	0.65	1.23	98.12
6	0.09	3.47	4.33	92.11
7	0.08	5.07	4.13	90.72
8	0.04	2.80	4.16	93.00
9	0.02	2.11	2.38	95.48
10	0.08	2.16	2.57	95.19
11	0.01	0.58	1.40	98.01
12	0.02	0.46	1.17	98.35
13	0.01	0.33	0.87	98.79
14	0.01	0.35	0.95	98.69
15	0.00	0.19	0.60	99.20
16	0.00	0.18	0.59	99.23
17	0.01	0.17	0.60	99.23
18	0.02	0.17	0.69	99.12
19	0.02	0.19	0.71	99.09
20	0.01	0.17	0.58	99.24
21	0.02	0.18	0.67	99.12
22	0.01	0.22	0.73	99.04
23	0.01	0.18	0.64	99.17
24	0.02	0.24	0.77	98.98
25	0.02	0.23	0.69	99.06
26	0.05	0.24	0.60	99.11
27	0.09	0.25	0.71	98.96
28	0.11	0.32	0.76	98.81
29	0.10	0.27	0.71	98.92
30	0.14	0.27	0.74	98.85
31	0.15	0.28	0.78	98.79
32	0.14	0.25	0.79	98.82
33	0.15	0.23	0.71	98.90
34	0.16	0.25	0.76	98.83
35	0.21	0.36	0.90	98.54
36	0.20	0.29	0.88	98.63
37	0.18	0.25	0.76	98.81
38	0.20	0.24	0.78	98.79
39	0.21	0.25	0.82	98.72
40	0.24	0.28	0.92	98.55
41	0.27	0.32	1.05	98.37
42	0.28	0.32	1.14	98.25
43	0.22	0.26	0.88	98.63
44	0.29	0.31	0.96	98.44
45	0.30	0.33	1.17	98.20
46	0.32	0.34	1.39	97.94
47	0.28	0.32	1.19	98.22
48	0.27	0.32	1.23	98.18
49	0.27	0.33	1.27	98.13
50	0.28	0.35	1.44	97.93
51	0.29	0.44	1.49	97.78
52	0.42	0.67	2.36	96.54
53	0.50	0.75	3.47	95.28
54	0.67	1.16	5.63	92.54
55	0.99	1.99	9.82	87.20
56	1.85	4.61	20.30	73.24
57	5.36	18.26	16.33	60.05
58	12.43	14.06	10.65	62.86
59	21.59	5.02	7.28	66.11
60	20.95	5.16	4.91	68.98
61	19.56	6.11	3.89	70.44
62	18.81	6.57	3.76	70.86
63	18.08	7.07	3.44	71.40
64	17.36	7.44	3.41	71.80
65	16.96	7.55	3.36	72.13
66	16.63	7.62	3.42	72.34
67	16.54	7.71	3.44	72.31
68	16.44	7.78	3.49	72.29
69	16.54	7.65	3.58	72.24
70	16.58	7.65	3.62	72.14
71	16.59	7.61	3.63	72.16
72	16.68	7.61	3.71	72.01
73	16.81	7.45	3.63	72.11
74	16.82	7.44	3.68	72.06
75	16.90	7.45	3.80	71.86
76	16.34	8.32	6.02	69.33
77	16.26	7.95	4.57	71.22
78	16.30	7.61	4.28	71.82
79	16.35	7.47	4.21	71.97
80	16.46	7.42	4.22	71.90
81	16.58	7.33	4.09	72.00
82	16.55	7.48	4.19	71.79
83	16.62	7.45	4.33	71.61
84	16.62	7.40	4.32	71.66
85	16.71	7.39	4.45	71.45
86	16.69	7.50	4.37	71.44
87	16.68	7.56	4.56	71.20
88	16.90	7.69	4.79	70.63
89	16.78	7.56	5.11	70.55
90	16.94	7.41	4.78	70.86
91	17.00	7.64	4.85	70.51
92	16.99	7.50	5.00	70.51
93	17.09	7.56	5.04	70.32
94	17.11	7.53	5.16	70.21
95	17.11	7.60	5.11	70.18
96	17.30	7.83	5.27	69.60
97	17.30	7.74	5.61	69.35
98	17.13	7.76	5.60	69.51
99	17.41	7.51	5.49	69.60
100	17.32	7.71	5.43	69.55
101	18.27	8.58	8.60	64.55




