Parameters
	Library type	Single-end
	Input file	jamie_no-index_L007_R1_0018.fastq
	Primer/Adaptor library	NA
	Cut-off read length for HQ	70%
	Cut-off quality score	20
	Only statistics	On
	Number of processes	2


QC statistics
	File name	jamie_no-index_L007_R1_0018.fastq
	Total number of reads	4000000
	Total number of HQ reads	3122959
	Percentage of HQ reads	78.07%
	Total number of bases	404000000
	Total number of bases in HQ reads	315418859
	Total number of HQ bases in HQ reads	312232350
	Percentage of HQ bases in HQ reads	98.99%
	Number of Primer/Adaptor contaminated HQ reads	NA
	Total number of HQ filtered reads	3122959
	Percentage of HQ filtered reads	78.07%


Detailed QC statistics
	File name	jamie_no-index_L007_R1_0018.fastq
	Minimum read length	101
	Maximum read length	101
	Average read length	101.00
	Total number of reads	4000000
	Total number of reads with non-ATGC bases	2317
	Percentage of reads with non-ATGC bases	0.06%
	Total number of bases	404000000
	Total number of HQ bases	362434579
	Percentage of HQ bases	89.71%
	Total number of non-ATGC bases	9948
	Percentage of non-ATGC bases	0.00%


Average quality score at each base position of input reads

jamie_no-index_L007_R1_0018.fastq
32.71	32.87	32.74	36.64	36.67	35.15	35.38	35.35	36.21	36.22	36.67	36.72	36.77	39.22	39.30	39.21	39.20	39.18	39.14	39.20	39.18	39.00	39.08	38.99	39.10	39.00	39.02	38.73	38.81	38.85	38.90	38.79	38.81	38.90	38.42	38.41	38.64	38.81	38.68	38.68	38.60	38.44	38.64	38.76	38.53	38.12	38.32	38.35	38.37	38.11	37.87	36.08	34.35	32.98	32.76	32.51	32.36	32.08	31.73	31.77	32.01	31.94	31.75	31.72	31.69	31.64	31.54	31.45	31.33	31.21	31.08	30.98	30.87	30.68	30.55	29.42	29.87	30.13	30.19	30.14	30.05	29.97	29.87	29.83	29.73	29.65	29.49	29.42	29.37	29.35	29.30	29.24	29.15	28.97	28.95	28.91	28.85	28.73	28.72	28.61	27.49	




Read count (%) per base for different quality score ranges

	jamie_no-index_L007_R1_0018.fastq
Ranges	0-10	11-20	21-30	31-40
Base
1	0.02	0.46	3.31	96.21
2	0.00	0.18	1.59	98.23
3	0.00	0.43	2.90	96.67
4	0.00	0.54	0.98	98.48
5	0.00	0.48	0.93	98.59
6	0.03	1.82	3.30	94.86
7	0.04	2.95	3.68	93.34
8	0.03	1.67	2.77	95.53
9	0.01	1.36	1.97	96.66
10	0.02	0.97	1.74	97.27
11	0.01	0.33	0.92	98.74
12	0.01	0.33	0.82	98.85
13	0.00	0.27	0.70	99.03
14	0.01	0.29	0.78	98.93
15	0.00	0.17	0.51	99.32
16	0.00	0.15	0.49	99.35
17	0.01	0.14	0.51	99.34
18	0.02	0.15	0.64	99.19
19	0.02	0.20	0.69	99.09
20	0.01	0.16	0.53	99.29
21	0.03	0.17	0.60	99.20
22	0.01	0.22	0.69	99.08
23	0.01	0.18	0.59	99.22
24	0.02	0.23	0.72	99.03
25	0.03	0.19	0.62	99.16
26	0.07	0.23	0.57	99.14
27	0.11	0.22	0.64	99.03
28	0.12	0.33	0.72	98.83
29	0.13	0.27	0.72	98.88
30	0.15	0.26	0.70	98.89
31	0.17	0.27	0.75	98.81
32	0.18	0.26	0.83	98.72
33	0.18	0.24	0.70	98.88
34	0.21	0.24	0.76	98.79
35	0.26	0.40	0.94	98.40
36	0.26	0.32	0.93	98.49
37	0.25	0.27	0.84	98.63
38	0.25	0.25	0.79	98.71
39	0.27	0.28	0.88	98.56
40	0.27	0.29	0.92	98.51
41	0.38	0.38	1.21	98.03
42	0.34	0.36	1.27	98.03
43	0.30	0.31	0.98	98.42
44	0.29	0.28	0.88	98.55
45	0.44	0.42	1.38	97.76
46	0.48	0.48	1.72	97.33
47	0.37	0.39	1.35	97.89
48	0.33	0.35	1.36	97.95
49	0.34	0.35	1.36	97.95
50	0.40	0.41	1.83	97.36
51	0.47	0.62	2.09	96.82
52	1.31	1.67	5.89	91.13
53	1.80	3.24	13.53	81.43
54	3.72	7.85	11.93	76.50
55	3.51	10.65	10.66	75.17
56	4.81	11.43	9.14	74.62
57	5.44	12.08	7.92	74.56
58	8.82	9.82	6.58	74.78
59	13.50	6.06	5.34	75.10
60	13.47	6.20	5.08	75.25
61	11.34	7.37	6.02	75.27
62	11.91	6.91	5.92	75.25
63	13.21	6.64	4.87	75.29
64	13.52	6.63	4.43	75.43
65	13.69	6.68	4.12	75.51
66	13.74	6.72	3.98	75.56
67	13.94	6.68	3.83	75.55
68	14.04	6.68	3.79	75.49
69	14.30	6.52	3.71	75.47
70	14.27	6.76	3.67	75.31
71	14.40	6.64	3.79	75.17
72	14.47	6.68	3.71	75.15
73	13.34	7.96	3.93	74.77
74	14.66	6.68	3.80	74.86
75	14.75	6.67	3.84	74.74
76	14.36	7.24	5.73	72.66
77	14.39	7.03	4.53	74.05
78	14.48	6.88	4.22	74.42
79	14.56	6.75	4.18	74.51
80	14.71	6.56	4.25	74.48
81	14.81	6.66	4.11	74.42
82	14.74	6.78	4.22	74.26
83	14.83	6.73	4.38	74.06
84	14.84	6.66	4.42	74.07
85	14.98	6.61	4.63	73.78
86	13.82	8.05	4.85	73.28
87	15.00	6.89	5.00	73.11
88	15.10	6.93	5.13	72.85
89	15.22	6.87	5.03	72.87
90	15.19	6.94	5.04	72.83
91	15.36	6.80	5.14	72.69
92	15.47	6.72	5.28	72.54
93	14.18	8.35	5.73	71.74
94	15.45	7.14	5.88	71.53
95	15.53	7.04	5.85	71.58
96	15.68	6.98	5.86	71.47
97	14.85	8.09	6.24	70.82
98	15.76	7.17	6.19	70.88
99	15.83	7.13	6.22	70.82
100	15.92	7.14	6.55	70.39
101	16.74	8.12	10.33	64.81




