Parameters
	Library type	Single-end
	Input file	/Volumes/wdhd/users/joaks1/projects/gekgo/data/genomes/msg/plate3/raw/jamie_no-index_L007_R1_0013.fastq
	Primer/Adaptor library	NA
	Cut-off read length for HQ	70%
	Cut-off quality score	20
	Only statistics	On
	Number of processes	2


QC statistics
	File name	jamie_no-index_L007_R1_0013.fastq
	Total number of reads	4000000
	Total number of HQ reads	2920413
	Percentage of HQ reads	73.01%
	Total number of bases	404000000
	Total number of bases in HQ reads	294961713
	Total number of HQ bases in HQ reads	288827167
	Percentage of HQ bases in HQ reads	97.92%
	Number of Primer/Adaptor contaminated HQ reads	NA
	Total number of HQ filtered reads	2920413
	Percentage of HQ filtered reads	73.01%


Detailed QC statistics
	File name	jamie_no-index_L007_R1_0013.fastq
	Minimum read length	101
	Maximum read length	101
	Average read length	101.00
	Total number of reads	4000000
	Total number of reads with non-ATGC bases	3049
	Percentage of reads with non-ATGC bases	0.08%
	Total number of bases	404000000
	Total number of HQ bases	352064491
	Percentage of HQ bases	87.14%
	Total number of non-ATGC bases	12112
	Percentage of non-ATGC bases	0.00%


Average quality score at each base position of input reads

jamie_no-index_L007_R1_0013.fastq
32.67	32.83	32.66	36.52	36.64	35.01	35.13	34.82	36.05	35.91	36.52	36.63	36.71	39.12	39.25	39.26	39.30	39.28	39.26	39.18	39.18	39.07	39.15	39.04	39.16	39.08	39.12	38.81	38.91	38.95	39.04	38.93	39.00	39.06	38.66	38.66	38.87	38.95	38.83	38.81	38.75	38.63	38.84	38.91	38.78	38.43	38.57	38.56	38.55	38.40	38.20	37.21	35.74	34.45	33.26	31.20	28.78	27.34	26.35	26.72	27.48	28.09	28.62	29.10	29.42	29.60	29.66	29.64	29.57	29.49	29.42	29.30	29.25	29.15	28.98	27.88	28.40	28.72	28.78	28.71	28.67	28.54	28.43	28.40	28.36	28.32	28.20	28.15	28.07	28.05	28.02	28.00	27.94	27.89	27.85	27.79	27.74	27.68	27.63	27.58	26.34	




Read count (%) per base for different quality score ranges

	jamie_no-index_L007_R1_0013.fastq
Ranges	0-10	11-20	21-30	31-40
Base
1	0.01	0.49	3.91	95.60
2	0.00	0.24	2.03	97.73
3	0.02	0.59	3.52	95.86
4	0.00	0.72	1.36	97.92
5	0.00	0.50	1.01	98.49
6	0.07	2.85	3.58	93.50
7	0.06	4.01	3.62	92.30
8	0.04	2.28	3.44	94.25
9	0.02	1.78	2.08	96.12
10	0.07	2.03	2.54	95.36
11	0.01	0.62	1.30	98.06
12	0.02	0.47	1.10	98.42
13	0.01	0.34	0.89	98.76
14	0.01	0.38	0.92	98.69
15	0.00	0.24	0.57	99.19
16	0.00	0.20	0.54	99.26
17	0.01	0.17	0.50	99.32
18	0.02	0.16	0.63	99.19
19	0.02	0.18	0.64	99.17
20	0.02	0.30	0.72	98.97
21	0.03	0.35	0.75	98.87
22	0.01	0.31	0.72	98.95
23	0.01	0.24	0.63	99.12
24	0.02	0.28	0.81	98.88
25	0.03	0.26	0.67	99.04
26	0.06	0.33	0.74	98.87
27	0.08	0.39	0.72	98.81
28	0.12	0.45	0.82	98.61
29	0.11	0.30	0.77	98.82
30	0.14	0.31	0.79	98.76
31	0.13	0.31	0.76	98.81
32	0.16	0.30	0.85	98.68
33	0.15	0.30	0.72	98.84
34	0.17	0.27	0.79	98.77
35	0.21	0.35	0.89	98.56
36	0.21	0.34	0.94	98.51
37	0.19	0.32	0.83	98.67
38	0.22	0.35	0.85	98.58
39	0.26	0.43	0.95	98.36
40	0.27	0.45	1.03	98.25
41	0.32	0.50	1.23	97.95
42	0.30	0.45	1.29	97.95
43	0.24	0.37	0.98	98.41
44	0.25	0.35	0.98	98.42
45	0.32	0.41	1.23	98.03
46	0.38	0.43	1.55	97.64
47	0.30	0.40	1.29	98.02
48	0.30	0.43	1.38	97.88
49	0.31	0.45	1.44	97.80
50	0.32	0.49	1.69	97.50
51	0.36	0.59	1.89	97.16
52	0.65	0.99	3.72	94.64
53	0.91	1.70	7.60	89.79
54	1.51	3.62	9.96	84.91
55	1.73	5.40	13.45	79.42
56	2.55	8.75	20.77	67.92
57	4.01	17.92	21.55	56.52
58	9.28	19.76	18.03	52.94
59	19.40	12.83	14.27	53.51
60	20.70	10.96	12.22	56.12
61	20.10	9.45	11.02	59.43
62	19.62	9.29	8.58	62.51
63	19.71	8.59	6.60	65.10
64	19.05	8.75	5.26	66.94
65	18.48	8.92	4.55	68.05
66	18.24	8.86	4.13	68.78
67	18.06	8.85	4.02	69.07
68	18.01	8.80	4.01	69.17
69	18.24	8.61	3.95	69.20
70	18.18	8.69	3.99	69.14
71	18.21	8.59	4.03	69.18
72	18.31	8.54	4.13	69.02
73	18.07	8.72	4.16	69.05
74	18.39	8.42	4.06	69.13
75	18.58	8.39	4.17	68.86
76	18.02	9.26	6.09	66.63
77	17.87	9.00	4.86	68.27
78	17.97	8.66	4.51	68.86
79	18.07	8.38	4.54	69.01
80	18.13	8.43	4.54	68.90
81	18.14	8.47	4.48	68.91
82	18.37	8.31	4.65	68.67
83	18.28	8.63	4.76	68.33
84	18.30	8.56	4.76	68.38
85	18.41	8.41	4.88	68.30
86	17.83	9.16	4.88	68.13
87	18.53	8.58	4.93	67.96
88	18.59	8.59	5.04	67.78
89	18.81	8.46	5.09	67.64
90	18.82	8.47	5.08	67.64
91	18.85	8.46	5.21	67.49
92	18.74	8.50	5.32	67.45
93	18.81	8.46	5.41	67.32
94	18.89	8.52	5.40	67.20
95	18.91	8.49	5.57	67.03
96	19.07	8.44	5.67	66.82
97	19.05	8.55	5.78	66.62
98	19.31	8.35	5.74	66.59
99	19.38	8.43	5.80	66.39
100	19.39	8.45	5.91	66.25
101	20.37	9.61	9.30	60.71




