Parameters
	Library type	Single-end
	Input file	/Volumes/wdhd/users/joaks1/projects/gekgo/data/genomes/msg/plate3/raw/jamie_no-index_L007_R1_0021.fastq
	Primer/Adaptor library	NA
	Cut-off read length for HQ	70%
	Cut-off quality score	20
	Only statistics	On
	Number of processes	2


QC statistics
	File name	jamie_no-index_L007_R1_0021.fastq
	Total number of reads	4000000
	Total number of HQ reads	2895095
	Percentage of HQ reads	72.38%
	Total number of bases	404000000
	Total number of bases in HQ reads	292404595
	Total number of HQ bases in HQ reads	285357704
	Percentage of HQ bases in HQ reads	97.59%
	Number of Primer/Adaptor contaminated HQ reads	NA
	Total number of HQ filtered reads	2895095
	Percentage of HQ filtered reads	72.38%


Detailed QC statistics
	File name	jamie_no-index_L007_R1_0021.fastq
	Minimum read length	101
	Maximum read length	101
	Average read length	101.00
	Total number of reads	4000000
	Total number of reads with non-ATGC bases	2990
	Percentage of reads with non-ATGC bases	0.07%
	Total number of bases	404000000
	Total number of HQ bases	350715326
	Percentage of HQ bases	86.81%
	Total number of non-ATGC bases	10747
	Percentage of non-ATGC bases	0.00%


Average quality score at each base position of input reads

jamie_no-index_L007_R1_0021.fastq
32.65	32.82	32.67	36.53	36.64	35.25	35.49	35.57	36.18	35.92	36.51	36.62	36.70	39.12	39.19	39.19	39.24	39.24	39.22	39.15	39.16	39.02	39.12	38.98	39.06	38.99	39.06	38.82	38.89	38.93	39.01	38.90	38.96	39.03	38.67	38.63	38.83	38.90	38.79	38.73	38.78	38.64	38.81	38.88	38.81	38.50	38.59	38.58	38.54	38.42	38.29	37.51	35.96	34.90	33.60	31.39	29.12	27.73	26.76	26.76	27.21	27.33	27.66	28.05	28.55	28.92	29.09	29.20	29.18	29.16	29.10	29.01	28.93	28.86	28.69	27.65	28.12	28.45	28.48	28.43	28.39	28.30	28.20	28.13	28.06	28.02	27.95	27.92	27.87	27.86	27.80	27.77	27.71	27.62	27.60	27.52	27.45	27.41	27.41	27.32	26.18	




Read count (%) per base for different quality score ranges

	jamie_no-index_L007_R1_0021.fastq
Ranges	0-10	11-20	21-30	31-40
Base
1	0.02	0.56	3.99	95.43
2	0.00	0.27	2.06	97.67
3	0.00	0.62	3.47	95.90
4	0.00	0.73	1.37	97.90
5	0.01	0.51	1.02	98.46
6	0.07	2.98	3.20	93.76
7	0.05	3.48	2.81	93.66
8	0.04	1.92	2.36	95.68
9	0.02	1.59	1.82	96.56
10	0.11	2.37	2.45	95.08
11	0.02	0.72	1.32	97.95
12	0.01	0.50	1.08	98.41
13	0.01	0.43	0.87	98.70
14	0.01	0.45	0.90	98.64
15	0.01	0.37	0.66	98.96
16	0.01	0.37	0.65	98.98
17	0.01	0.34	0.62	99.04
18	0.02	0.29	0.68	99.00
19	0.02	0.27	0.73	98.99
20	0.02	0.38	0.75	98.85
21	0.02	0.41	0.75	98.82
22	0.01	0.37	0.82	98.79
23	0.01	0.31	0.69	98.99
24	0.03	0.42	0.98	98.57
25	0.04	0.49	0.84	98.63
26	0.06	0.56	0.81	98.56
27	0.08	0.51	0.83	98.57
28	0.12	0.46	0.86	98.56
29	0.12	0.40	0.81	98.68
30	0.15	0.38	0.79	98.68
31	0.14	0.40	0.81	98.66
32	0.18	0.35	0.96	98.51
33	0.16	0.34	0.81	98.69
34	0.20	0.31	0.85	98.64
35	0.21	0.37	0.90	98.51
36	0.24	0.37	1.03	98.36
37	0.20	0.39	0.92	98.50
38	0.23	0.41	0.97	98.39
39	0.26	0.48	1.08	98.18
40	0.26	0.56	1.18	98.00
41	0.25	0.52	1.22	98.00
42	0.32	0.44	1.36	97.88
43	0.27	0.41	1.07	98.26
44	0.26	0.40	1.07	98.28
45	0.28	0.42	1.21	98.09
46	0.34	0.41	1.49	97.77
47	0.29	0.38	1.34	97.99
48	0.29	0.42	1.43	97.86
49	0.33	0.44	1.55	97.68
50	0.30	0.47	1.75	97.49
51	0.32	0.55	1.83	97.30
52	0.50	0.80	2.82	95.88
53	0.63	1.30	6.20	91.87
54	0.96	2.09	9.04	87.91
55	1.16	3.62	13.77	81.45
56	2.01	7.77	21.36	68.86
57	3.64	16.66	21.24	58.45
58	9.19	18.35	17.09	55.37
59	18.01	13.05	13.90	55.04
60	19.95	12.65	11.04	56.36
61	18.01	14.39	10.08	57.51
62	19.80	12.89	8.35	58.97
63	20.03	12.10	7.44	60.43
64	20.24	10.78	6.85	62.13
65	19.42	10.08	6.41	64.10
66	18.99	9.54	5.54	65.93
67	18.76	9.31	4.97	66.97
68	18.56	9.20	4.59	67.65
69	18.84	8.83	4.38	67.95
70	18.73	8.86	4.28	68.13
71	18.81	8.71	4.28	68.20
72	18.84	8.73	4.31	68.13
73	18.90	8.70	4.29	68.12
74	19.01	8.54	4.21	68.24
75	19.10	8.58	4.43	67.89
76	18.70	9.17	6.41	65.72
77	18.69	8.89	5.00	67.42
78	18.63	8.66	4.71	68.00
79	18.85	8.40	4.64	68.11
80	18.90	8.38	4.69	68.03
81	19.07	8.23	4.58	68.12
82	18.96	8.44	4.75	67.86
83	18.95	8.51	4.97	67.57
84	19.16	8.44	4.85	67.55
85	19.28	8.42	4.95	67.36
86	19.20	8.49	4.92	67.38
87	19.21	8.59	5.13	67.08
88	18.82	9.05	5.25	66.89
89	19.29	8.50	5.30	66.91
90	19.36	8.41	5.26	66.97
91	19.55	8.34	5.27	66.84
92	19.49	8.43	5.30	66.78
93	19.42	8.54	5.50	66.54
94	19.60	8.48	5.64	66.28
95	19.66	8.41	5.66	66.26
96	19.86	8.40	5.72	66.02
97	19.91	8.47	5.89	65.73
98	20.08	8.34	5.77	65.82
99	19.98	8.44	5.89	65.69
100	20.09	8.43	6.07	65.42
101	20.78	9.51	9.60	60.11




