Parameters
	Library type	Single-end
	Input file	jamie_no-index_L007_R1_0023.fastq
	Primer/Adaptor library	NA
	Cut-off read length for HQ	70%
	Cut-off quality score	20
	Only statistics	On
	Number of processes	2


QC statistics
	File name	jamie_no-index_L007_R1_0023.fastq
	Total number of reads	4000000
	Total number of HQ reads	3115924
	Percentage of HQ reads	77.90%
	Total number of bases	404000000
	Total number of bases in HQ reads	314708324
	Total number of HQ bases in HQ reads	311365964
	Percentage of HQ bases in HQ reads	98.94%
	Number of Primer/Adaptor contaminated HQ reads	NA
	Total number of HQ filtered reads	3115924
	Percentage of HQ filtered reads	77.90%


Detailed QC statistics
	File name	jamie_no-index_L007_R1_0023.fastq
	Minimum read length	101
	Maximum read length	101
	Average read length	101.00
	Total number of reads	4000000
	Total number of reads with non-ATGC bases	2955
	Percentage of reads with non-ATGC bases	0.07%
	Total number of bases	404000000
	Total number of HQ bases	362549378
	Percentage of HQ bases	89.74%
	Total number of non-ATGC bases	25028
	Percentage of non-ATGC bases	0.01%


Average quality score at each base position of input reads

jamie_no-index_L007_R1_0023.fastq
32.69	32.84	32.71	36.60	36.66	35.21	35.36	35.36	36.21	36.30	36.68	36.73	36.78	39.21	39.31	39.25	39.25	39.22	39.19	39.21	39.21	39.02	39.10	39.02	39.14	38.91	39.05	38.80	38.83	38.91	38.97	38.87	38.87	38.96	38.54	38.53	38.81	38.93	38.80	38.79	38.77	38.59	38.80	38.91	38.76	38.34	38.49	38.52	38.53	38.32	38.19	36.90	35.51	34.37	33.19	32.54	31.99	31.76	31.48	31.49	31.43	31.53	31.54	31.59	31.63	31.57	31.49	31.42	31.31	31.20	31.02	30.91	30.82	30.73	30.57	29.46	29.92	30.22	30.24	30.19	30.14	30.05	29.94	29.92	29.86	29.80	29.73	29.65	29.58	29.56	29.52	29.47	29.42	29.33	29.27	29.22	29.15	29.14	29.12	29.00	28.04	




Read count (%) per base for different quality score ranges

	jamie_no-index_L007_R1_0023.fastq
Ranges	0-10	11-20	21-30	31-40
Base
1	0.01	0.48	3.49	96.01
2	0.00	0.21	1.85	97.94
3	0.00	0.51	3.15	96.34
4	0.00	0.66	1.06	98.28
5	0.00	0.51	0.99	98.50
6	0.03	1.98	3.13	94.85
7	0.04	3.06	3.71	93.19
8	0.03	1.64	2.90	95.43
9	0.02	1.32	1.98	96.69
10	0.02	0.90	1.61	97.47
11	0.01	0.32	0.92	98.75
12	0.01	0.31	0.83	98.85
13	0.00	0.25	0.68	99.07
14	0.00	0.31	0.81	98.87
15	0.00	0.16	0.50	99.33
16	0.00	0.15	0.47	99.38
17	0.02	0.13	0.48	99.37
18	0.01	0.15	0.60	99.23
19	0.02	0.17	0.65	99.17
20	0.01	0.17	0.53	99.29
21	0.02	0.15	0.58	99.24
22	0.01	0.20	0.67	99.12
23	0.01	0.18	0.58	99.24
24	0.02	0.22	0.70	99.06
25	0.03	0.19	0.59	99.20
26	0.06	0.26	0.63	99.04
27	0.10	0.23	0.62	99.05
28	0.11	0.31	0.69	98.88
29	0.14	0.26	0.70	98.90
30	0.13	0.25	0.66	98.96
31	0.16	0.25	0.71	98.88
32	0.16	0.25	0.78	98.80
33	0.18	0.24	0.70	98.89
34	0.18	0.24	0.75	98.83
35	0.22	0.34	0.85	98.59
36	0.24	0.29	0.85	98.63
37	0.20	0.24	0.70	98.87
38	0.25	0.22	0.72	98.81
39	0.30	0.26	0.81	98.63
40	0.27	0.32	0.84	98.57
41	0.30	0.36	1.02	98.33
42	0.30	0.35	1.14	98.22
43	0.25	0.26	0.85	98.64
44	0.25	0.25	0.79	98.72
45	0.33	0.32	1.09	98.26
46	0.40	0.40	1.52	97.68
47	0.34	0.35	1.19	98.12
48	0.29	0.36	1.21	98.14
49	0.29	0.33	1.23	98.15
50	0.34	0.37	1.60	97.69
51	0.35	0.48	1.67	97.49
52	0.83	1.10	3.70	94.36
53	1.11	1.67	8.27	88.94
54	1.90	3.16	11.66	83.28
55	2.78	6.73	13.56	76.92
56	3.65	9.45	12.91	73.98
57	5.15	13.24	7.95	73.65
58	8.70	10.50	6.88	73.92
59	13.52	6.26	5.90	74.32
60	14.05	6.16	5.28	74.50
61	15.43	5.80	3.99	74.78
62	14.64	6.54	4.04	74.78
63	14.58	6.59	3.97	74.86
64	14.34	6.82	3.83	75.01
65	14.20	6.86	3.74	75.20
66	14.35	6.82	3.58	75.25
67	14.37	6.92	3.46	75.25
68	14.33	6.99	3.50	75.19
69	14.59	6.74	3.46	75.21
70	13.94	7.69	3.39	74.99
71	14.80	6.84	3.45	74.92
72	14.86	6.89	3.40	74.85
73	14.96	6.84	3.34	74.86
74	14.95	6.87	3.34	74.84
75	15.10	6.76	3.46	74.68
76	14.70	7.30	5.16	72.84
77	14.72	7.09	4.14	74.05
78	14.70	6.95	3.86	74.49
79	14.88	6.75	3.84	74.52
80	14.93	6.70	3.84	74.53
81	15.00	6.64	3.79	74.57
82	15.06	6.69	3.83	74.43
83	15.06	6.78	4.02	74.14
84	15.03	6.76	3.98	74.23
85	15.09	6.72	4.12	74.07
86	15.11	6.76	4.11	74.02
87	15.17	6.76	4.24	73.84
88	15.36	6.67	4.38	73.59
89	15.45	6.70	4.41	73.43
90	15.46	6.67	4.43	73.44
91	15.49	6.70	4.50	73.31
92	15.53	6.69	4.58	73.20
93	15.12	7.19	4.70	72.98
94	15.72	6.63	4.79	72.86
95	15.59	6.87	4.92	72.62
96	15.82	6.75	4.96	72.47
97	15.86	6.83	5.08	72.22
98	15.93	6.74	5.00	72.33
99	15.85	6.84	5.14	72.16
100	15.97	6.83	5.44	71.76
101	16.33	7.36	8.73	67.58




