Parameters
	Library type	Single-end
	Input file	/Volumes/wdhd/users/joaks1/projects/gekgo/data/genomes/msg/plate3/raw/jamie_no-index_L007_R1_0006.fastq
	Primer/Adaptor library	NA
	Cut-off read length for HQ	70%
	Cut-off quality score	20
	Only statistics	On
	Number of processes	2


QC statistics
	File name	jamie_no-index_L007_R1_0006.fastq
	Total number of reads	4000000
	Total number of HQ reads	3157538
	Percentage of HQ reads	78.94%
	Total number of bases	404000000
	Total number of bases in HQ reads	318911338
	Total number of HQ bases in HQ reads	315607449
	Percentage of HQ bases in HQ reads	98.96%
	Number of Primer/Adaptor contaminated HQ reads	NA
	Total number of HQ filtered reads	3157538
	Percentage of HQ filtered reads	78.94%


Detailed QC statistics
	File name	jamie_no-index_L007_R1_0006.fastq
	Minimum read length	101
	Maximum read length	101
	Average read length	101.00
	Total number of reads	4000000
	Total number of reads with non-ATGC bases	2899
	Percentage of reads with non-ATGC bases	0.07%
	Total number of bases	404000000
	Total number of HQ bases	364026818
	Percentage of HQ bases	90.11%
	Total number of non-ATGC bases	10502
	Percentage of non-ATGC bases	0.00%


Average quality score at each base position of input reads

jamie_no-index_L007_R1_0006.fastq
32.67	32.84	32.67	36.56	36.62	35.11	35.11	34.58	36.09	36.09	36.62	36.69	36.76	39.21	39.32	39.26	39.25	39.22	39.20	39.24	39.23	39.04	39.12	39.03	39.13	39.07	39.07	38.82	38.86	38.92	38.98	38.88	38.86	38.96	38.54	38.54	38.79	38.93	38.79	38.83	38.75	38.57	38.78	38.88	38.71	38.28	38.47	38.49	38.52	38.36	38.17	36.46	35.18	33.76	33.42	32.95	32.63	32.27	31.92	31.91	32.15	32.00	31.91	31.89	31.88	31.85	31.78	31.67	31.55	31.43	31.35	31.22	31.12	31.00	30.84	29.56	30.11	30.45	30.51	30.48	30.42	30.33	30.23	30.18	30.13	30.07	29.98	29.93	29.86	29.82	29.78	29.72	29.71	29.64	29.53	29.46	29.43	29.38	29.34	29.24	28.14	




Read count (%) per base for different quality score ranges

	jamie_no-index_L007_R1_0006.fastq
Ranges	0-10	11-20	21-30	31-40
Base
1	0.02	0.52	3.77	95.69
2	0.00	0.22	1.85	97.93
3	0.00	0.61	3.47	95.92
4	0.02	0.70	1.14	98.14
5	0.00	0.60	1.08	98.31
6	0.03	2.06	3.38	94.53
7	0.04	3.46	4.28	92.22
8	0.04	2.00	3.96	94.00
9	0.02	1.50	2.11	96.38
10	0.02	1.04	1.93	97.01
11	0.01	0.42	1.06	98.51
12	0.01	0.37	0.93	98.69
13	0.01	0.28	0.72	98.99
14	0.00	0.31	0.81	98.88
15	0.00	0.17	0.52	99.31
16	0.00	0.15	0.51	99.34
17	0.01	0.14	0.50	99.35
18	0.02	0.14	0.62	99.22
19	0.02	0.18	0.68	99.13
20	0.01	0.16	0.54	99.29
21	0.03	0.15	0.61	99.21
22	0.01	0.22	0.73	99.04
23	0.01	0.17	0.61	99.21
24	0.02	0.23	0.74	99.01
25	0.03	0.20	0.64	99.14
26	0.05	0.22	0.55	99.17
27	0.10	0.23	0.66	99.01
28	0.11	0.33	0.72	98.84
29	0.12	0.27	0.73	98.88
30	0.13	0.25	0.69	98.93
31	0.16	0.26	0.74	98.84
32	0.16	0.25	0.78	98.81
33	0.17	0.25	0.72	98.85
34	0.17	0.24	0.77	98.83
35	0.23	0.37	0.93	98.47
36	0.22	0.30	0.88	98.60
37	0.20	0.24	0.77	98.79
38	0.21	0.24	0.76	98.79
39	0.24	0.27	0.85	98.64
40	0.23	0.27	0.86	98.63
41	0.30	0.35	1.10	98.24
42	0.30	0.34	1.17	98.19
43	0.25	0.27	0.90	98.58
44	0.24	0.25	0.83	98.68
45	0.34	0.34	1.19	98.13
46	0.42	0.44	1.66	97.49
47	0.31	0.36	1.28	98.05
48	0.30	0.34	1.32	98.04
49	0.29	0.32	1.29	98.10
50	0.32	0.35	1.57	97.75
51	0.36	0.51	1.76	97.36
52	1.19	1.50	5.14	92.17
53	1.55	2.43	10.48	85.54
54	3.09	5.93	11.71	79.28
55	3.19	8.35	11.05	77.40
56	4.38	10.20	9.58	75.83
57	5.30	11.51	7.74	75.46
58	9.11	9.56	5.69	75.64
59	13.53	5.80	4.94	75.74
60	13.99	5.78	4.35	75.87
61	12.16	6.75	5.14	75.95
62	12.80	6.46	4.92	75.81
63	13.57	6.29	4.21	75.93
64	13.78	6.29	3.86	76.07
65	13.73	6.43	3.70	76.14
66	13.70	6.45	3.59	76.26
67	13.78	6.47	3.44	76.30
68	13.80	6.55	3.47	76.18
69	13.94	6.44	3.53	76.09
70	13.98	6.54	3.51	75.98
71	14.02	6.52	3.44	76.02
72	14.04	6.57	3.55	75.85
73	14.15	6.49	3.49	75.86
74	14.20	6.47	3.52	75.81
75	14.41	6.40	3.54	75.65
76	13.90	7.11	5.72	73.27
77	13.81	6.93	4.31	74.95
78	13.88	6.71	3.98	75.42
79	14.00	6.55	3.95	75.49
80	13.98	6.58	3.91	75.53
81	13.97	6.65	3.91	75.48
82	14.08	6.58	3.98	75.36
83	14.20	6.59	4.03	75.18
84	14.19	6.60	4.05	75.16
85	14.27	6.53	4.16	75.04
86	14.36	6.48	4.13	75.03
87	14.42	6.55	4.29	74.74
88	14.43	6.60	4.39	74.58
89	14.55	6.52	4.51	74.42
90	14.51	6.65	4.49	74.35
91	14.67	6.49	4.56	74.28
92	14.65	6.65	4.62	74.08
93	14.52	6.65	4.74	74.09
94	14.57	6.62	4.96	73.84
95	14.72	6.60	5.18	73.49
96	14.86	6.64	5.22	73.28
97	14.81	6.71	5.39	73.08
98	14.92	6.68	5.33	73.07
99	15.03	6.64	5.37	72.96
100	15.01	6.81	5.63	72.56
101	15.70	7.47	9.19	67.64




