Parameters
	Library type	Single-end
	Input file	/Volumes/wdhd/users/joaks1/projects/gekgo/data/genomes/msg/plate3/raw/jamie_no-index_L007_R1_0001.fastq
	Primer/Adaptor library	NA
	Cut-off read length for HQ	70%
	Cut-off quality score	20
	Only statistics	On
	Number of processes	2


QC statistics
	File name	jamie_no-index_L007_R1_0001.fastq
	Total number of reads	4000000
	Total number of HQ reads	3076848
	Percentage of HQ reads	76.92%
	Total number of bases	404000000
	Total number of bases in HQ reads	310761648
	Total number of HQ bases in HQ reads	307203709
	Percentage of HQ bases in HQ reads	98.86%
	Number of Primer/Adaptor contaminated HQ reads	NA
	Total number of HQ filtered reads	3076848
	Percentage of HQ filtered reads	76.92%


Detailed QC statistics
	File name	jamie_no-index_L007_R1_0001.fastq
	Minimum read length	101
	Maximum read length	101
	Average read length	101.00
	Total number of reads	4000000
	Total number of reads with non-ATGC bases	2165
	Percentage of reads with non-ATGC bases	0.05%
	Total number of bases	404000000
	Total number of HQ bases	360260785
	Percentage of HQ bases	89.17%
	Total number of non-ATGC bases	7371
	Percentage of non-ATGC bases	0.00%


Average quality score at each base position of input reads

jamie_no-index_L007_R1_0001.fastq
32.67	32.86	32.69	36.58	36.62	35.01	35.24	34.70	36.20	36.07	36.65	36.69	36.75	39.19	39.28	39.22	39.24	39.20	39.17	39.22	39.21	39.04	39.08	38.99	39.13	39.04	39.06	38.73	38.80	38.86	38.94	38.85	38.84	38.92	38.45	38.44	38.68	38.85	38.75	38.78	38.68	38.49	38.71	38.82	38.62	38.21	38.38	38.42	38.44	38.22	37.95	35.72	34.38	32.72	32.27	31.71	30.97	30.97	31.00	31.07	31.22	31.05	31.11	31.21	31.22	31.21	31.14	31.07	30.93	30.83	30.73	30.63	30.53	30.42	30.26	28.98	29.48	29.84	29.93	29.87	29.83	29.73	29.64	29.60	29.54	29.47	29.40	29.33	29.25	29.19	29.18	29.15	29.07	28.99	28.91	28.86	28.80	28.77	28.71	28.61	27.39	




Read count (%) per base for different quality score ranges

	jamie_no-index_L007_R1_0001.fastq
Ranges	0-10	11-20	21-30	31-40
Base
1	0.00	0.52	3.86	95.62
2	0.00	0.19	1.71	98.11
3	0.00	0.54	3.38	96.08
4	0.00	0.64	1.20	98.16
5	0.02	0.55	1.06	98.36
6	0.04	2.16	3.39	94.42
7	0.03	3.07	3.81	93.09
8	0.02	1.65	3.58	94.75
9	0.02	1.24	1.81	96.93
10	0.03	0.97	1.86	97.14
11	0.01	0.38	0.98	98.63
12	0.01	0.37	0.92	98.69
13	0.00	0.31	0.76	98.93
14	0.01	0.33	0.84	98.83
15	0.00	0.20	0.50	99.30
16	0.00	0.18	0.51	99.31
17	0.01	0.16	0.47	99.37
18	0.02	0.18	0.63	99.17
19	0.02	0.20	0.69	99.10
20	0.01	0.19	0.56	99.25
21	0.02	0.19	0.60	99.19
22	0.01	0.23	0.69	99.07
23	0.01	0.20	0.61	99.17
24	0.02	0.25	0.77	98.96
25	0.03	0.21	0.58	99.18
26	0.06	0.24	0.56	99.13
27	0.10	0.23	0.62	99.04
28	0.13	0.35	0.75	98.77
29	0.12	0.29	0.72	98.87
30	0.15	0.27	0.71	98.88
31	0.16	0.27	0.73	98.84
32	0.16	0.27	0.79	98.78
33	0.17	0.24	0.71	98.87
34	0.18	0.25	0.78	98.79
35	0.24	0.39	0.94	98.43
36	0.24	0.33	0.94	98.50
37	0.23	0.27	0.83	98.67
38	0.23	0.28	0.80	98.70
39	0.24	0.28	0.84	98.65
40	0.25	0.30	0.87	98.59
41	0.33	0.38	1.15	98.14
42	0.31	0.38	1.25	98.06
43	0.27	0.31	0.94	98.49
44	0.26	0.30	0.90	98.54
45	0.38	0.42	1.31	97.88
46	0.41	0.46	1.66	97.46
47	0.33	0.38	1.33	97.96
48	0.30	0.35	1.35	98.00
49	0.30	0.34	1.34	98.01
50	0.35	0.39	1.71	97.55
51	0.44	0.62	2.02	96.92
52	1.37	1.93	7.12	89.58
53	1.79	2.93	12.78	82.50
54	3.15	6.99	15.09	74.77
55	3.15	9.58	14.82	72.45
56	4.39	11.57	13.50	70.55
57	6.34	15.33	8.86	69.47
58	9.81	11.60	7.86	70.72
59	12.66	7.68	8.16	71.51
60	13.36	7.18	7.30	72.16
61	12.93	7.43	7.15	72.49
62	14.17	7.23	6.10	72.51
63	14.73	6.92	5.18	73.16
64	14.93	6.78	4.55	73.74
65	15.09	6.85	4.03	74.03
66	15.02	6.95	3.87	74.16
67	15.08	7.09	3.65	74.18
68	15.09	7.10	3.66	74.15
69	15.30	7.09	3.58	74.03
70	15.26	7.19	3.65	73.90
71	15.41	7.06	3.59	73.94
72	15.52	7.02	3.56	73.90
73	15.41	7.19	3.55	73.84
74	15.62	6.92	3.64	73.82
75	15.73	6.96	3.65	73.66
76	15.15	7.78	6.05	71.01
77	15.21	7.52	4.42	72.85
78	15.24	7.28	4.15	73.32
79	15.28	7.19	4.05	73.47
80	15.34	7.16	4.11	73.39
81	15.49	6.96	4.04	73.50
82	15.53	7.09	4.06	73.32
83	15.58	7.11	4.21	73.10
84	15.61	7.07	4.18	73.14
85	15.66	7.06	4.29	73.00
86	15.67	7.12	4.32	72.88
87	15.71	7.12	4.51	72.65
88	15.84	7.06	4.65	72.45
89	15.94	7.14	4.66	72.26
90	15.95	7.19	4.78	72.08
91	16.03	7.08	4.80	72.09
92	15.97	7.15	4.83	72.05
93	16.11	7.06	5.04	71.78
94	16.17	7.13	5.10	71.60
95	16.30	7.10	5.20	71.40
96	16.26	7.29	5.34	71.12
97	16.36	7.21	5.54	70.90
98	16.41	7.17	5.44	70.98
99	16.51	7.19	5.59	70.71
100	16.52	7.33	5.79	70.35
101	17.56	8.22	9.42	64.81




