Parameters
	Library type	Single-end
	Input file	jamie_no-index_L007_R1_0007.fastq
	Primer/Adaptor library	NA
	Cut-off read length for HQ	70%
	Cut-off quality score	20
	Only statistics	On
	Number of processes	2


QC statistics
	File name	jamie_no-index_L007_R1_0007.fastq
	Total number of reads	4000000
	Total number of HQ reads	3148487
	Percentage of HQ reads	78.71%
	Total number of bases	404000000
	Total number of bases in HQ reads	317997187
	Total number of HQ bases in HQ reads	314280343
	Percentage of HQ bases in HQ reads	98.83%
	Number of Primer/Adaptor contaminated HQ reads	NA
	Total number of HQ filtered reads	3148487
	Percentage of HQ filtered reads	78.71%


Detailed QC statistics
	File name	jamie_no-index_L007_R1_0007.fastq
	Minimum read length	101
	Maximum read length	101
	Average read length	101.00
	Total number of reads	4000000
	Total number of reads with non-ATGC bases	2846
	Percentage of reads with non-ATGC bases	0.07%
	Total number of bases	404000000
	Total number of HQ bases	363649641
	Percentage of HQ bases	90.01%
	Total number of non-ATGC bases	10546
	Percentage of non-ATGC bases	0.00%


Average quality score at each base position of input reads

jamie_no-index_L007_R1_0007.fastq
32.65	32.81	32.65	36.54	36.60	34.92	34.95	34.55	36.04	36.03	36.59	36.67	36.75	39.17	39.29	39.25	39.28	39.24	39.21	39.25	39.21	39.03	39.15	39.07	39.19	39.12	39.13	38.86	38.94	38.97	38.99	38.91	38.95	39.00	38.62	38.64	38.85	39.00	38.89	38.89	38.84	38.67	38.87	38.97	38.82	38.46	38.58	38.60	38.60	38.40	38.30	37.10	35.98	34.52	33.87	32.91	32.32	31.69	31.44	31.49	31.78	31.69	31.68	31.71	31.72	31.68	31.61	31.53	31.42	31.31	31.23	31.12	31.01	30.90	30.75	29.45	30.04	30.40	30.45	30.41	30.37	30.27	30.20	30.16	30.10	30.04	29.96	29.92	29.84	29.81	29.77	29.72	29.68	29.63	29.57	29.48	29.43	29.37	29.32	29.27	28.15	




Read count (%) per base for different quality score ranges

	jamie_no-index_L007_R1_0007.fastq
Ranges	0-10	11-20	21-30	31-40
Base
1	0.02	0.58	3.94	95.47
2	0.00	0.30	2.13	97.57
3	0.00	0.67	3.62	95.70
4	0.01	0.78	1.25	97.96
5	0.00	0.65	1.14	98.21
6	0.04	2.69	3.86	93.41
7	0.06	4.23	4.03	91.68
8	0.05	2.34	3.90	93.71
9	0.02	1.73	2.09	96.16
10	0.04	1.46	2.11	96.39
11	0.01	0.43	1.14	98.42
12	0.01	0.39	1.00	98.60
13	0.01	0.29	0.76	98.95
14	0.01	0.33	0.87	98.79
15	0.00	0.18	0.55	99.27
16	0.00	0.15	0.51	99.33
17	0.01	0.13	0.51	99.35
18	0.02	0.15	0.63	99.20
19	0.02	0.18	0.69	99.12
20	0.01	0.16	0.56	99.26
21	0.03	0.17	0.69	99.12
22	0.01	0.24	0.77	98.98
23	0.01	0.17	0.59	99.23
24	0.02	0.22	0.71	99.05
25	0.02	0.17	0.59	99.21
26	0.05	0.22	0.57	99.16
27	0.08	0.21	0.64	99.07
28	0.11	0.31	0.73	98.85
29	0.10	0.25	0.69	98.95
30	0.13	0.25	0.72	98.90
31	0.16	0.28	0.80	98.76
32	0.16	0.26	0.81	98.77
33	0.16	0.24	0.70	98.90
34	0.18	0.25	0.80	98.77
35	0.21	0.36	0.89	98.54
36	0.21	0.28	0.84	98.68
37	0.20	0.24	0.76	98.80
38	0.20	0.23	0.74	98.84
39	0.22	0.25	0.80	98.74
40	0.23	0.27	0.85	98.64
41	0.27	0.32	1.03	98.38
42	0.28	0.32	1.12	98.29
43	0.23	0.26	0.84	98.67
44	0.23	0.24	0.80	98.73
45	0.32	0.32	1.12	98.25
46	0.34	0.37	1.47	97.82
47	0.29	0.33	1.19	98.19
48	0.27	0.31	1.20	98.21
49	0.27	0.30	1.22	98.21
50	0.32	0.36	1.56	97.77
51	0.31	0.46	1.60	97.63
52	0.71	1.01	3.42	94.86
53	0.87	1.37	6.69	91.07
54	2.01	3.37	10.82	83.79
55	2.22	5.03	12.75	80.00
56	3.69	8.38	12.46	75.47
57	4.75	11.60	9.35	74.31
58	10.48	9.81	5.07	74.64
59	14.85	5.78	4.60	74.78
60	15.49	5.60	3.83	75.09
61	13.57	6.64	4.58	75.21
62	14.14	6.37	4.32	75.17
63	14.41	6.33	3.93	75.33
64	14.39	6.44	3.68	75.49
65	14.33	6.52	3.48	75.67
66	14.24	6.62	3.44	75.71
67	14.22	6.69	3.33	75.75
68	14.19	6.76	3.36	75.69
69	14.29	6.67	3.40	75.64
70	14.34	6.66	3.45	75.55
71	14.28	6.69	3.41	75.61
72	14.25	6.79	3.53	75.44
73	14.34	6.71	3.52	75.43
74	14.32	6.72	3.58	75.37
75	14.52	6.67	3.58	75.23
76	14.07	7.34	5.83	72.76
77	13.95	7.11	4.36	74.57
78	14.06	6.80	4.01	75.13
79	14.12	6.72	3.99	75.17
80	14.17	6.74	3.92	75.17
81	14.30	6.63	3.81	75.25
82	14.34	6.64	3.93	75.09
83	14.37	6.63	4.07	74.93
84	14.30	6.65	4.14	74.91
85	14.35	6.65	4.23	74.77
86	14.42	6.62	4.21	74.75
87	14.45	6.65	4.39	74.50
88	14.54	6.71	4.37	74.38
89	14.57	6.74	4.53	74.17
90	14.63	6.72	4.46	74.18
91	14.73	6.67	4.55	74.05
92	14.75	6.70	4.59	73.96
93	14.69	6.77	4.72	73.82
94	14.68	6.75	4.91	73.66
95	14.82	6.70	4.95	73.53
96	14.99	6.78	5.05	73.18
97	15.05	6.83	5.10	73.02
98	15.11	6.84	5.12	72.93
99	15.06	6.98	5.26	72.69
100	15.11	6.94	5.38	72.58
101	15.90	7.58	8.74	67.78




