Parameters
	Library type	Single-end
	Input file	jamie_no-index_L007_R1_0014.fastq
	Primer/Adaptor library	NA
	Cut-off read length for HQ	70%
	Cut-off quality score	20
	Only statistics	On
	Number of processes	2


QC statistics
	File name	jamie_no-index_L007_R1_0014.fastq
	Total number of reads	4000000
	Total number of HQ reads	3141848
	Percentage of HQ reads	78.55%
	Total number of bases	404000000
	Total number of bases in HQ reads	317326648
	Total number of HQ bases in HQ reads	314249868
	Percentage of HQ bases in HQ reads	99.03%
	Number of Primer/Adaptor contaminated HQ reads	NA
	Total number of HQ filtered reads	3141848
	Percentage of HQ filtered reads	78.55%


Detailed QC statistics
	File name	jamie_no-index_L007_R1_0014.fastq
	Minimum read length	101
	Maximum read length	101
	Average read length	101.00
	Total number of reads	4000000
	Total number of reads with non-ATGC bases	2385
	Percentage of reads with non-ATGC bases	0.06%
	Total number of bases	404000000
	Total number of HQ bases	363483370
	Percentage of HQ bases	89.97%
	Total number of non-ATGC bases	9142
	Percentage of non-ATGC bases	0.00%


Average quality score at each base position of input reads

jamie_no-index_L007_R1_0014.fastq
32.70	32.85	32.70	36.61	36.67	35.35	35.62	35.43	36.29	36.33	36.70	36.74	36.77	39.23	39.29	39.22	39.22	39.21	39.14	39.19	39.20	39.01	39.10	38.99	39.12	39.03	39.05	38.77	38.83	38.88	38.94	38.75	38.80	38.92	38.49	38.49	38.74	38.88	38.74	38.75	38.72	38.52	38.71	38.81	38.63	38.25	38.41	38.43	38.46	38.26	38.09	36.36	34.98	33.62	33.18	32.82	32.32	32.17	32.09	31.99	32.07	31.94	31.89	31.86	31.84	31.78	31.70	31.61	31.49	31.36	31.25	31.15	31.06	30.94	30.76	29.61	30.06	30.35	30.38	30.32	30.27	30.17	30.05	30.03	29.95	29.91	29.78	29.72	29.66	29.60	29.56	29.51	29.43	29.32	29.28	29.23	29.16	29.14	29.11	28.99	28.03	




Read count (%) per base for different quality score ranges

	jamie_no-index_L007_R1_0014.fastq
Ranges	0-10	11-20	21-30	31-40
Base
1	0.00	0.49	3.49	96.01
2	0.00	0.20	1.79	98.01
3	0.01	0.53	3.12	96.34
4	0.00	0.60	1.04	98.37
5	0.00	0.49	0.94	98.56
6	0.02	1.62	2.96	95.39
7	0.03	2.18	3.29	94.50
8	0.03	1.30	2.66	96.01
9	0.02	1.04	1.83	97.11
10	0.02	0.73	1.50	97.74
11	0.00	0.29	0.86	98.85
12	0.00	0.29	0.78	98.93
13	0.00	0.26	0.71	99.03
14	0.00	0.28	0.77	98.94
15	0.00	0.19	0.53	99.28
16	0.01	0.17	0.52	99.30
17	0.01	0.14	0.50	99.36
18	0.01	0.15	0.60	99.24
19	0.02	0.21	0.71	99.06
20	0.01	0.18	0.55	99.26
21	0.02	0.16	0.59	99.22
22	0.01	0.21	0.69	99.09
23	0.01	0.18	0.58	99.23
24	0.02	0.25	0.73	99.00
25	0.03	0.19	0.60	99.18
26	0.06	0.24	0.58	99.12
27	0.10	0.22	0.63	99.04
28	0.12	0.33	0.74	98.80
29	0.12	0.29	0.71	98.89
30	0.15	0.27	0.71	98.87
31	0.16	0.27	0.74	98.82
32	0.18	0.29	0.90	98.63
33	0.19	0.26	0.73	98.82
34	0.19	0.25	0.76	98.79
35	0.24	0.37	0.92	98.47
36	0.25	0.30	0.88	98.57
37	0.23	0.26	0.78	98.74
38	0.23	0.24	0.75	98.78
39	0.27	0.27	0.86	98.60
40	0.27	0.29	0.89	98.55
41	0.33	0.35	1.08	98.25
42	0.32	0.35	1.20	98.13
43	0.29	0.30	0.94	98.47
44	0.28	0.28	0.87	98.57
45	0.41	0.39	1.28	97.92
46	0.43	0.44	1.61	97.52
47	0.35	0.37	1.29	97.98
48	0.33	0.36	1.34	97.97
49	0.32	0.34	1.31	98.03
50	0.37	0.38	1.66	97.59
51	0.41	0.54	1.81	97.25
52	1.28	1.59	5.42	91.72
53	1.80	2.88	10.93	84.39
54	2.96	6.12	12.72	78.19
55	3.27	9.12	11.47	76.15
56	4.24	10.34	10.31	75.10
57	5.91	13.02	6.12	74.95
58	9.02	10.04	5.68	75.26
59	11.82	6.35	6.28	75.55
60	12.79	6.15	5.41	75.66
61	12.27	6.53	5.46	75.75
62	13.13	6.33	4.82	75.72
63	13.34	6.48	4.42	75.77
64	13.61	6.41	4.13	75.84
65	13.71	6.47	3.84	75.97
66	13.80	6.52	3.67	76.01
67	13.85	6.62	3.53	76.00
68	13.80	6.72	3.59	75.90
69	13.94	6.63	3.60	75.83
70	14.06	6.71	3.52	75.72
71	14.08	6.72	3.56	75.65
72	14.28	6.54	3.55	75.64
73	14.20	6.66	3.53	75.62
74	14.39	6.49	3.53	75.59
75	14.58	6.46	3.56	75.40
76	14.16	7.09	5.38	73.37
77	14.23	6.79	4.30	74.67
78	14.26	6.68	3.96	75.10
79	14.33	6.61	3.97	75.10
80	14.41	6.54	4.01	75.04
81	14.45	6.55	3.91	75.09
82	14.54	6.55	4.02	74.89
83	14.59	6.64	4.15	74.62
84	14.50	6.63	4.17	74.70
85	14.60	6.56	4.37	74.47
86	14.37	6.86	4.33	74.44
87	14.80	6.57	4.49	74.13
88	14.79	6.74	4.58	73.89
89	14.91	6.64	4.61	73.84
90	15.00	6.66	4.61	73.72
91	15.09	6.60	4.72	73.59
92	15.12	6.63	4.81	73.44
93	14.54	7.34	5.09	73.03
94	15.23	6.67	5.20	72.90
95	15.20	6.76	5.31	72.73
96	15.33	6.75	5.33	72.59
97	15.41	6.77	5.50	72.32
98	15.41	6.77	5.44	72.37
99	15.42	6.77	5.63	72.18
100	15.53	6.77	5.98	71.71
101	15.95	7.31	9.56	67.18




