Parameters
	Library type	Single-end
	Input file	jamie_no-index_L007_R1_0005.fastq
	Primer/Adaptor library	NA
	Cut-off read length for HQ	70%
	Cut-off quality score	20
	Only statistics	On
	Number of processes	2


QC statistics
	File name	jamie_no-index_L007_R1_0005.fastq
	Total number of reads	4000000
	Total number of HQ reads	2936797
	Percentage of HQ reads	73.42%
	Total number of bases	404000000
	Total number of bases in HQ reads	296616497
	Total number of HQ bases in HQ reads	290122601
	Percentage of HQ bases in HQ reads	97.81%
	Number of Primer/Adaptor contaminated HQ reads	NA
	Total number of HQ filtered reads	2936797
	Percentage of HQ filtered reads	73.42%


Detailed QC statistics
	File name	jamie_no-index_L007_R1_0005.fastq
	Minimum read length	101
	Maximum read length	101
	Average read length	101.00
	Total number of reads	4000000
	Total number of reads with non-ATGC bases	2266
	Percentage of reads with non-ATGC bases	0.06%
	Total number of bases	404000000
	Total number of HQ bases	352140423
	Percentage of HQ bases	87.16%
	Total number of non-ATGC bases	6282
	Percentage of non-ATGC bases	0.00%


Average quality score at each base position of input reads

jamie_no-index_L007_R1_0005.fastq
32.63	32.81	32.65	36.54	36.63	34.97	35.05	34.62	35.91	35.96	36.49	36.59	36.67	39.08	39.12	39.02	39.09	39.07	39.07	39.06	39.04	38.92	38.97	38.82	38.93	38.82	38.88	38.60	38.65	38.64	38.77	38.66	38.64	38.77	38.31	38.33	38.53	38.64	38.49	38.49	38.46	38.31	38.52	38.61	38.46	38.11	38.26	38.27	38.29	38.08	37.82	36.10	34.54	33.03	32.51	31.60	30.49	29.84	29.10	29.04	29.32	29.17	29.03	28.75	29.01	29.21	29.30	29.45	29.44	29.39	29.39	29.30	29.22	29.13	28.93	27.75	28.26	28.58	28.70	28.66	28.66	28.54	28.36	28.31	28.19	28.16	28.06	28.01	28.00	27.95	27.92	27.87	27.81	27.76	27.68	27.62	27.58	27.55	27.51	27.43	25.91	




Read count (%) per base for different quality score ranges

	jamie_no-index_L007_R1_0005.fastq
Ranges	0-10	11-20	21-30	31-40
Base
1	0.01	0.65	3.97	95.37
2	0.00	0.34	2.04	97.62
3	0.00	0.69	3.63	95.68
4	0.02	0.69	1.28	98.00
5	0.00	0.56	0.99	98.44
6	0.06	2.64	3.63	93.67
7	0.05	3.83	4.11	92.01
8	0.05	2.38	3.83	93.74
9	0.04	2.18	2.15	95.62
10	0.02	1.65	2.10	96.23
11	0.01	0.90	1.26	97.83
12	0.01	0.66	1.16	98.17
13	0.01	0.42	1.02	98.54
14	0.01	0.44	0.93	98.62
15	0.01	0.40	0.76	98.83
16	0.01	0.46	0.85	98.67
17	0.01	0.42	0.69	98.87
18	0.03	0.39	0.85	98.73
19	0.04	0.34	0.87	98.75
20	0.03	0.43	0.80	98.75
21	0.05	0.44	0.87	98.64
22	0.02	0.40	0.84	98.75
23	0.02	0.41	0.83	98.74
24	0.04	0.49	1.06	98.41
25	0.04	0.48	0.92	98.56
26	0.10	0.55	0.93	98.43
27	0.11	0.44	0.92	98.53
28	0.15	0.49	1.00	98.36
29	0.17	0.50	1.00	98.33
30	0.22	0.56	1.12	98.10
31	0.19	0.55	1.05	98.22
32	0.23	0.45	1.11	98.21
33	0.26	0.45	1.10	98.19
34	0.26	0.44	1.02	98.28
35	0.31	0.58	1.20	97.91
36	0.28	0.53	1.28	97.91
37	0.33	0.50	1.13	98.04
38	0.31	0.55	1.18	97.96
39	0.34	0.57	1.32	97.76
40	0.36	0.63	1.35	97.66
41	0.38	0.63	1.51	97.49
42	0.40	0.55	1.63	97.42
43	0.33	0.46	1.27	97.93
44	0.32	0.46	1.26	97.96
45	0.42	0.54	1.57	97.47
46	0.47	0.55	1.86	97.12
47	0.38	0.47	1.62	97.53
48	0.35	0.48	1.71	97.47
49	0.35	0.46	1.73	97.46
50	0.37	0.53	2.10	96.99
51	0.45	0.77	2.42	96.37
52	1.16	1.67	6.27	90.90
53	1.59	2.91	12.31	83.19
54	3.24	7.18	12.30	77.27
55	3.11	10.02	12.08	74.79
56	4.29	11.84	13.13	70.74
57	5.45	15.88	12.67	65.99
58	9.08	15.02	11.36	64.54
59	15.01	11.36	10.07	63.56
60	15.05	12.27	9.32	63.36
61	13.00	13.25	10.23	63.52
62	14.03	12.77	9.74	63.46
63	15.82	11.79	8.44	63.95
64	18.14	11.10	6.64	64.11
65	17.85	10.35	6.55	65.25
66	17.47	10.05	6.16	66.32
67	17.85	9.30	5.59	67.26
68	17.11	9.50	5.53	67.87
69	17.60	8.81	5.12	68.48
70	17.68	8.70	4.97	68.66
71	17.77	8.40	4.79	69.04
72	17.73	8.45	4.81	69.01
73	17.65	8.70	4.72	68.94
74	17.88	8.43	4.66	69.02
75	17.70	9.02	4.87	68.41
76	17.29	9.37	7.77	65.57
77	17.27	9.08	5.84	67.82
78	17.57	8.67	5.23	68.53
79	17.71	8.34	5.14	68.81
80	17.73	8.39	5.06	68.82
81	17.89	8.19	4.73	69.19
82	17.91	8.31	4.96	68.82
83	17.31	9.55	5.34	67.80
84	17.16	9.63	5.64	67.56
85	18.03	8.94	5.37	67.66
86	18.12	8.77	5.34	67.77
87	17.81	9.26	5.74	67.19
88	18.32	8.72	5.73	67.24
89	18.11	8.77	5.94	67.18
90	18.24	8.68	5.96	67.12
91	18.37	8.52	5.94	67.17
92	18.49	8.46	5.94	67.11
93	18.05	8.99	6.30	66.67
94	18.56	8.44	6.16	66.84
95	18.67	8.47	6.33	66.53
96	18.60	8.63	6.56	66.20
97	18.63	8.64	6.68	66.05
98	18.74	8.46	6.67	66.13
99	18.81	8.51	6.70	65.98
100	18.78	8.63	6.92	65.67
101	19.81	11.19	10.93	58.07




