Parameters
	Library type	Single-end
	Input file	jamie_no-index_L007_R1_0009.fastq
	Primer/Adaptor library	NA
	Cut-off read length for HQ	70%
	Cut-off quality score	20
	Only statistics	On
	Number of processes	2


QC statistics
	File name	jamie_no-index_L007_R1_0009.fastq
	Total number of reads	4000000
	Total number of HQ reads	2871839
	Percentage of HQ reads	71.80%
	Total number of bases	404000000
	Total number of bases in HQ reads	290055739
	Total number of HQ bases in HQ reads	283084370
	Percentage of HQ bases in HQ reads	97.60%
	Number of Primer/Adaptor contaminated HQ reads	NA
	Total number of HQ filtered reads	2871839
	Percentage of HQ filtered reads	71.80%


Detailed QC statistics
	File name	jamie_no-index_L007_R1_0009.fastq
	Minimum read length	101
	Maximum read length	101
	Average read length	101.00
	Total number of reads	4000000
	Total number of reads with non-ATGC bases	2377
	Percentage of reads with non-ATGC bases	0.06%
	Total number of bases	404000000
	Total number of HQ bases	349437291
	Percentage of HQ bases	86.49%
	Total number of non-ATGC bases	9482
	Percentage of non-ATGC bases	0.00%


Average quality score at each base position of input reads

jamie_no-index_L007_R1_0009.fastq
32.65	32.83	32.66	36.55	36.64	34.88	35.04	34.64	35.98	35.87	36.46	36.60	36.68	39.02	39.12	39.10	39.16	39.15	39.14	39.09	39.08	38.94	38.99	38.87	39.00	38.89	38.96	38.68	38.74	38.74	38.87	38.75	38.77	38.88	38.43	38.42	38.65	38.73	38.60	38.67	38.60	38.45	38.67	38.76	38.62	38.26	38.37	38.36	38.39	38.20	38.03	36.74	35.15	33.66	32.43	30.83	28.85	27.46	26.94	26.86	27.22	27.52	27.72	28.13	28.56	28.81	28.94	29.03	29.02	28.97	28.92	28.79	28.76	28.68	28.49	27.40	27.90	28.24	28.30	28.24	28.24	28.12	28.05	28.01	27.96	27.87	27.81	27.76	27.68	27.57	27.57	27.56	27.50	27.44	27.36	27.28	27.19	27.19	27.18	27.14	25.55	




Read count (%) per base for different quality score ranges

	jamie_no-index_L007_R1_0009.fastq
Ranges	0-10	11-20	21-30	31-40
Base
1	0.01	0.53	4.06	95.41
2	0.00	0.25	1.98	97.77
3	0.01	0.62	3.61	95.77
4	0.01	0.63	1.32	98.05
5	0.00	0.50	1.04	98.46
6	0.07	3.07	3.78	93.09
7	0.06	4.14	3.84	91.95
8	0.05	2.63	3.71	93.61
9	0.02	2.13	1.98	95.87
10	0.05	2.01	2.46	95.48
11	0.01	0.82	1.38	97.79
12	0.01	0.55	1.17	98.26
13	0.01	0.39	0.98	98.62
14	0.01	0.51	1.04	98.44
15	0.01	0.37	0.76	98.86
16	0.01	0.40	0.68	98.91
17	0.01	0.34	0.62	99.04
18	0.03	0.30	0.76	98.91
19	0.02	0.26	0.76	98.96
20	0.02	0.32	0.78	98.87
21	0.04	0.38	0.83	98.75
22	0.02	0.36	0.87	98.76
23	0.02	0.36	0.81	98.82
24	0.03	0.44	1.02	98.51
25	0.03	0.43	0.81	98.73
26	0.08	0.53	0.86	98.52
27	0.10	0.50	0.86	98.54
28	0.12	0.52	0.91	98.45
29	0.13	0.43	0.91	98.52
30	0.18	0.45	1.04	98.34
31	0.14	0.43	0.92	98.52
32	0.21	0.40	1.05	98.34
33	0.20	0.46	0.98	98.36
34	0.16	0.40	0.96	98.47
35	0.24	0.47	1.08	98.21
36	0.27	0.43	1.18	98.12
37	0.24	0.43	1.02	98.31
38	0.27	0.44	1.10	98.19
39	0.32	0.51	1.18	97.99
40	0.27	0.49	1.15	98.09
41	0.34	0.51	1.33	97.82
42	0.33	0.47	1.47	97.72
43	0.26	0.38	1.13	98.24
44	0.26	0.34	1.08	98.32
45	0.35	0.41	1.40	97.83
46	0.39	0.43	1.74	97.43
47	0.33	0.46	1.58	97.63
48	0.32	0.51	1.67	97.49
49	0.31	0.52	1.69	97.48
50	0.36	0.55	2.01	97.08
51	0.36	0.64	2.16	96.83
52	0.77	1.16	4.43	93.64
53	1.10	1.90	9.49	87.51
54	1.91	4.49	12.67	80.92
55	2.22	7.64	15.00	75.13
56	2.95	10.87	19.57	66.62
57	4.33	17.95	20.35	57.38
58	9.01	19.48	18.31	53.20
59	15.10	14.48	17.02	53.41
60	17.64	13.15	14.41	54.80
61	18.47	12.23	11.93	57.37
62	19.03	11.82	9.73	59.42
63	20.15	11.05	7.79	61.01
64	20.05	10.52	6.60	62.84
65	19.01	10.51	6.17	64.30
66	18.89	10.00	5.58	65.53
67	18.91	9.53	5.23	66.34
68	18.71	9.52	4.83	66.94
69	19.11	8.98	4.52	67.39
70	18.69	9.40	4.71	67.19
71	19.03	8.98	4.53	67.45
72	19.23	8.97	4.51	67.29
73	18.92	9.15	4.55	67.38
74	19.10	8.95	4.49	67.46
75	19.51	8.75	4.53	67.21
76	18.58	9.87	7.02	64.52
77	18.52	9.55	5.37	66.56
78	18.56	9.26	5.00	67.18
79	18.97	8.75	4.91	67.37
80	18.92	8.97	4.88	67.23
81	18.93	8.89	4.75	67.43
82	19.01	8.87	4.97	67.15
83	19.10	8.82	5.00	67.07
84	19.09	8.83	5.03	67.06
85	19.13	8.82	5.03	67.02
86	19.19	8.89	5.24	66.68
87	19.18	8.96	5.37	66.49
88	19.39	8.79	5.40	66.43
89	19.31	9.01	5.51	66.16
90	19.43	9.17	5.69	65.71
91	19.34	9.10	5.92	65.64
92	19.48	8.94	5.73	65.85
93	19.55	8.90	5.86	65.68
94	19.64	8.90	5.92	65.55
95	19.84	8.85	6.01	65.31
96	19.86	9.04	6.19	64.92
97	19.98	9.09	6.37	64.56
98	20.03	8.87	6.47	64.63
99	19.94	9.01	6.39	64.65
100	20.12	8.86	6.31	64.71
101	21.70	10.98	10.03	57.29




