Parameters
	Library type	Single-end
	Input file	jamie_no-index_L007_R1_0024.fastq
	Primer/Adaptor library	NA
	Cut-off read length for HQ	70%
	Cut-off quality score	20
	Only statistics	On
	Number of processes	2


QC statistics
	File name	jamie_no-index_L007_R1_0024.fastq
	Total number of reads	4000000
	Total number of HQ reads	3121172
	Percentage of HQ reads	78.03%
	Total number of bases	404000000
	Total number of bases in HQ reads	315238372
	Total number of HQ bases in HQ reads	311496842
	Percentage of HQ bases in HQ reads	98.81%
	Number of Primer/Adaptor contaminated HQ reads	NA
	Total number of HQ filtered reads	3121172
	Percentage of HQ filtered reads	78.03%


Detailed QC statistics
	File name	jamie_no-index_L007_R1_0024.fastq
	Minimum read length	101
	Maximum read length	101
	Average read length	101.00
	Total number of reads	4000000
	Total number of reads with non-ATGC bases	2881
	Percentage of reads with non-ATGC bases	0.07%
	Total number of bases	404000000
	Total number of HQ bases	362493683
	Percentage of HQ bases	89.73%
	Total number of non-ATGC bases	24545
	Percentage of non-ATGC bases	0.01%


Average quality score at each base position of input reads

jamie_no-index_L007_R1_0024.fastq
32.67	32.84	32.69	36.58	36.63	35.06	35.11	35.20	36.05	36.14	36.62	36.71	36.76	39.22	39.32	39.27	39.27	39.24	39.21	39.23	39.21	39.05	39.13	39.06	39.17	38.98	39.11	38.86	38.90	38.92	39.03	38.92	38.94	39.00	38.61	38.63	38.87	38.98	38.88	38.85	38.86	38.68	38.86	38.97	38.84	38.45	38.56	38.59	38.60	38.44	38.34	37.38	36.14	35.15	33.76	32.55	31.63	31.57	30.95	31.10	31.21	31.36	31.45	31.51	31.54	31.53	31.47	31.39	31.27	31.18	31.03	30.92	30.82	30.73	30.57	29.45	29.91	30.22	30.27	30.22	30.15	30.07	29.96	29.92	29.86	29.81	29.75	29.67	29.60	29.59	29.58	29.53	29.49	29.41	29.35	29.28	29.22	29.19	29.17	29.08	28.09	




Read count (%) per base for different quality score ranges

	jamie_no-index_L007_R1_0024.fastq
Ranges	0-10	11-20	21-30	31-40
Base
1	0.01	0.53	3.71	95.74
2	0.00	0.22	1.93	97.85
3	0.00	0.54	3.32	96.14
4	0.00	0.71	1.15	98.13
5	0.00	0.57	1.09	98.34
6	0.05	2.58	3.51	93.87
7	0.07	4.17	3.79	91.97
8	0.05	2.35	3.18	94.42
9	0.02	1.86	2.26	95.86
10	0.04	1.40	1.98	96.58
11	0.01	0.38	1.08	98.53
12	0.01	0.32	0.88	98.79
13	0.00	0.26	0.73	99.01
14	0.01	0.29	0.82	98.88
15	0.00	0.16	0.50	99.34
16	0.00	0.14	0.48	99.37
17	0.02	0.13	0.49	99.36
18	0.02	0.16	0.62	99.21
19	0.02	0.18	0.67	99.14
20	0.01	0.16	0.54	99.29
21	0.03	0.15	0.62	99.20
22	0.01	0.19	0.68	99.11
23	0.01	0.17	0.58	99.24
24	0.02	0.21	0.70	99.07
25	0.02	0.18	0.58	99.21
26	0.06	0.23	0.61	99.10
27	0.09	0.21	0.62	99.08
28	0.10	0.31	0.68	98.91
29	0.13	0.26	0.69	98.92
30	0.14	0.28	0.73	98.85
31	0.14	0.25	0.71	98.91
32	0.16	0.25	0.80	98.79
33	0.17	0.24	0.70	98.90
34	0.18	0.24	0.76	98.82
35	0.22	0.36	0.87	98.55
36	0.22	0.28	0.83	98.67
37	0.19	0.25	0.71	98.85
38	0.24	0.24	0.72	98.81
39	0.28	0.25	0.77	98.70
40	0.27	0.29	0.86	98.58
41	0.26	0.32	0.97	98.44
42	0.29	0.33	1.09	98.29
43	0.25	0.26	0.85	98.64
44	0.23	0.24	0.78	98.75
45	0.31	0.30	1.04	98.35
46	0.36	0.36	1.41	97.86
47	0.34	0.32	1.18	98.17
48	0.28	0.33	1.19	98.20
49	0.28	0.31	1.22	98.19
50	0.31	0.34	1.49	97.87
51	0.31	0.43	1.50	97.76
52	0.61	0.84	2.75	95.81
53	0.75	1.12	5.74	92.38
54	1.27	1.95	8.66	88.11
55	2.02	4.33	13.34	80.32
56	3.21	7.93	15.23	73.63
57	5.21	14.08	8.11	72.60
58	7.97	10.88	8.16	72.99
59	16.05	5.39	4.84	73.71
60	16.19	5.60	4.07	74.14
61	16.64	5.58	3.28	74.50
62	15.64	6.40	3.41	74.55
63	15.16	6.67	3.49	74.69
64	14.87	6.86	3.39	74.89
65	14.60	6.96	3.40	75.04
66	14.56	6.91	3.40	75.13
67	14.51	6.96	3.36	75.17
68	14.50	6.95	3.40	75.15
69	14.66	6.82	3.41	75.11
70	14.28	7.34	3.42	74.96
71	14.85	6.82	3.42	74.91
72	14.89	6.87	3.44	74.80
73	14.90	6.86	3.44	74.79
74	14.73	7.05	3.52	74.70
75	15.05	6.77	3.57	74.61
76	14.65	7.38	5.26	72.72
77	14.82	6.93	4.21	74.03
78	14.81	6.82	3.86	74.50
79	14.80	6.76	3.89	74.55
80	14.82	6.73	3.91	74.54
81	14.93	6.69	3.85	74.53
82	15.00	6.71	3.88	74.41
83	15.14	6.66	4.01	74.19
84	15.08	6.72	4.01	74.19
85	15.10	6.74	4.15	74.01
86	15.11	6.73	4.16	74.00
87	15.08	6.84	4.29	73.79
88	15.38	6.66	4.33	73.62
89	15.35	6.79	4.46	73.39
90	15.38	6.73	4.45	73.44
91	15.42	6.69	4.49	73.40
92	15.31	6.79	4.67	73.24
93	15.45	6.61	4.72	73.23
94	15.66	6.60	4.70	73.05
95	15.64	6.73	4.82	72.81
96	15.61	6.87	4.99	72.52
97	15.81	6.76	5.05	72.38
98	15.78	6.83	5.06	72.33
99	15.86	6.76	5.11	72.27
100	15.86	6.85	5.32	71.97
101	16.25	7.37	8.64	67.74




