Parameters
	Library type	Paired-end
	Input files	KU328820-15_A_L003_R1_043.trimmed.fastq.gz	KU328820-15_A_L003_R2_043.trimmed.fastq.gz
	Primer/Adaptor library	NA
	Cut-off read length for HQ	70%
	Cut-off quality score	20
	Only statistics	On
	Number of CPUs	2


QC statistics
	File name	KU328820-15_A_L003_R1_043.trimmed.fastq.gz	KU328820-15_A_L003_R2_043.trimmed.fastq.gz
	Total number of reads	4000000	4000000
	Total number of HQ reads	3986716	3986716
	Percentage of HQ reads	99.67%	99.67%
	Total number of bases	368901060	364137577
	Total number of bases in HQ reads	368145246	363919688
	Total number of HQ bases in HQ reads	366351804	362039868
	Percentage of HQ bases in HQ reads	99.51%	99.48%
	Number of Primer/Adaptor contaminated HQ reads	NA	NA
	Total number of HQ filtered reads	3986716	3986716
	Percentage of HQ filtered reads	99.67%	99.67%


Detailed QC statistics
	File name	KU328820-15_A_L003_R1_043.trimmed.fastq.gz	KU328820-15_A_L003_R2_043.trimmed.fastq.gz
	Minimum read length	1	1
	Maximum read length	100	100
	Average read length	92.23	91.03
	Total number of reads	4000000	4000000
	Total number of reads with non-ATGC bases	187	3981
	Percentage of reads with non-ATGC bases	0.00%	0.10%
	Total number of bases	368901060	364137577
	Total number of HQ bases	367076953	362201179
	Percentage of HQ bases	99.51%	99.47%
	Total number of non-ATGC bases	187	3981
	Percentage of non-ATGC bases	0.00%	0.00%


Average quality score at each base position of input reads

KU328820-15_A_L003_R1_043.trimmed.fastq.gz
32.26	32.69	32.83	36.15	36.09	36.11	36.10	36.09	37.77	37.76	37.74	37.72	37.70	39.10	39.07	39.03	39.02	38.96	38.96	38.91	38.88	38.79	38.73	38.67	38.56	38.49	38.40	38.30	38.22	38.08	37.96	37.86	37.72	37.62	37.49	37.34	37.23	37.10	36.98	36.82	36.64	36.51	36.61	36.54	36.49	36.35	36.23	36.09	36.00	35.82	35.80	35.72	35.62	35.47	35.33	35.15	34.99	34.81	34.64	34.44	34.29	34.13	33.92	33.72	33.49	33.30	33.09	32.84	32.61	32.40	32.16	31.96	31.71	31.41	31.19	30.36	30.55	30.57	30.42	30.21	30.04	29.82	29.61	29.39	29.18	28.99	28.82	28.66	28.46	28.29	28.12	27.96	27.82	27.67	27.52	27.33	27.17	27.01	26.86	25.65	

KU328820-15_A_L003_R2_043.trimmed.fastq.gz
35.99	36.28	36.41	36.50	31.88	32.31	32.48	35.74	35.71	35.72	35.71	35.66	37.23	37.16	37.11	37.07	37.01	38.33	38.25	38.19	38.13	38.04	38.01	37.93	37.85	37.77	37.67	37.61	37.52	37.45	37.36	37.24	37.11	37.03	36.92	36.84	36.69	36.61	36.45	36.38	36.24	36.12	36.05	35.92	35.75	35.76	35.72	35.64	35.54	35.41	35.25	35.10	34.95	34.81	33.87	34.12	34.27	34.27	34.17	34.06	33.90	33.69	33.55	33.39	33.20	32.99	32.95	32.85	32.70	32.58	32.41	32.21	32.03	31.85	31.64	31.43	31.19	30.97	30.76	30.54	30.32	30.12	29.92	29.71	29.50	29.30	29.11	28.89	28.68	28.54	28.38	28.22	28.07	27.93	27.75	27.60	27.33	27.16	26.98	26.84	





Read count (%) per base for different quality score ranges

	KU328820-15_A_L003_R1_043.trimmed.fastq.gz
Ranges	0-10	11-20	21-30	31-40
Base
1	0.00	1.11	9.00	89.89
2	0.00	0.58	7.52	91.89
3	0.00	0.45	6.97	92.58
4	0.00	0.40	2.88	96.72
5	0.00	0.44	3.26	96.30
6	0.00	0.44	3.11	96.44
7	0.00	0.45	3.15	96.40
8	0.00	0.45	3.24	96.31
9	0.00	0.46	3.25	96.30
10	0.00	0.46	3.27	96.27
11	0.00	0.46	3.30	96.24
12	0.00	0.49	3.36	96.15
13	0.00	0.48	3.37	96.15
14	0.00	1.05	6.05	92.91
15	0.00	1.05	6.02	92.92
16	0.00	1.05	6.09	92.85
17	0.00	1.04	6.03	92.94
18	0.00	1.06	6.10	92.84
19	0.00	1.07	6.23	92.69
20	0.00	1.08	6.21	92.71
21	0.00	1.04	6.09	92.87
22	0.00	1.07	6.20	92.73
23	0.00	1.04	6.20	92.77
24	0.00	1.07	6.35	92.58
25	0.00	1.08	6.42	92.50
26	0.00	1.07	6.29	92.64
27	0.00	1.06	6.29	92.66
28	0.00	1.04	6.29	92.67
29	0.00	0.96	6.20	92.84
30	0.00	1.00	6.40	92.60
31	0.00	1.00	6.42	92.58
32	0.00	0.96	6.38	92.66
33	0.00	0.96	6.48	92.56
34	0.00	0.94	6.47	92.59
35	0.00	0.94	6.53	92.53
36	0.00	0.94	6.60	92.46
37	0.00	0.91	6.55	92.54
38	0.00	0.90	6.52	92.59
39	0.00	0.89	6.43	92.68
40	0.00	0.90	6.47	92.62
41	0.00	0.94	6.57	92.49
42	0.00	0.91	6.46	92.63
43	0.00	0.86	6.41	92.73
44	0.00	0.89	6.44	92.67
45	0.00	0.86	6.27	92.87
46	0.00	0.89	6.40	92.72
47	0.00	0.90	6.39	92.71
48	0.00	0.91	6.43	92.66
49	0.00	0.88	6.29	92.83
50	0.00	0.92	6.44	92.64
51	0.00	0.82	6.17	93.01
52	0.00	0.78	5.93	93.28
53	0.00	0.77	5.77	93.46
54	0.00	0.79	5.78	93.43
55	0.00	0.76	5.76	93.48
56	0.00	0.78	5.81	93.41
57	0.00	0.77	5.78	93.45
58	0.00	0.78	5.81	93.41
59	0.00	0.75	5.78	93.48
60	0.00	0.75	5.81	93.45
61	0.00	0.71	5.65	93.63
62	0.00	0.69	5.55	93.76
63	0.00	0.70	5.64	93.66
64	0.00	0.70	5.70	93.59
65	0.00	0.72	5.84	93.43
66	0.00	0.69	5.80	93.51
67	0.00	0.69	5.82	93.49
68	0.00	0.72	5.96	93.31
69	0.00	0.71	6.05	93.23
70	0.00	0.69	5.91	93.40
71	0.00	0.70	6.04	93.26
72	0.00	0.67	5.96	93.36
73	0.00	0.68	6.05	93.26
74	0.00	0.73	6.39	92.88
75	0.00	0.72	6.36	92.92
76	0.00	0.65	8.65	90.70
77	0.00	0.62	6.63	92.76
78	0.00	0.60	6.03	93.36
79	0.00	0.64	5.90	93.46
80	0.00	0.66	6.01	93.32
81	0.00	0.64	5.86	93.50
82	0.00	0.68	6.02	93.29
83	0.00	0.70	6.16	93.14
84	0.00	0.73	6.32	92.95
85	0.00	0.77	6.53	92.70
86	0.00	0.78	6.61	92.61
87	0.00	0.80	6.65	92.55
88	0.00	0.81	6.71	92.48
89	0.00	0.89	7.04	92.07
90	0.00	0.91	7.16	91.93
91	0.00	0.93	7.29	91.79
92	0.00	0.95	7.45	91.60
93	0.00	0.93	7.41	91.66
94	0.00	0.93	7.47	91.60
95	0.00	0.95	7.57	91.47
96	0.00	1.00	7.81	91.19
97	0.00	0.98	7.95	91.08
98	0.00	0.96	8.03	91.01
99	0.00	0.96	8.06	90.98
100	0.00	2.60	16.22	81.18


	KU328820-15_A_L003_R2_043.trimmed.fastq.gz
Ranges	0-10	11-20	21-30	31-40
Base
1	0.10	2.16	3.77	93.97
2	0.00	1.18	2.80	96.02
3	0.00	0.78	2.37	96.85
4	0.00	0.59	2.08	97.33
5	0.00	0.96	12.34	86.70
6	0.00	0.79	9.17	90.04
7	0.00	0.76	8.60	90.65
8	0.00	0.73	4.11	95.16
9	0.00	0.75	4.20	95.05
10	0.00	0.76	4.05	95.19
11	0.00	0.75	4.01	95.24
12	0.00	0.77	4.09	95.14
13	0.00	0.73	4.00	95.27
14	0.00	0.76	4.17	95.07
15	0.00	0.76	4.15	95.08
16	0.00	0.74	4.09	95.17
17	0.00	0.74	4.16	95.10
18	0.00	1.44	7.08	91.48
19	0.00	1.43	7.09	91.48
20	0.00	1.39	7.00	91.61
21	0.00	1.37	6.93	91.70
22	0.00	1.34	6.93	91.73
23	0.00	1.35	7.06	91.59
24	0.00	1.31	6.92	91.77
25	0.00	1.27	6.85	91.88
26	0.00	1.25	6.77	91.98
27	0.00	1.22	6.80	91.97
28	0.00	1.23	6.95	91.82
29	0.00	1.20	6.93	91.87
30	0.00	1.12	6.69	92.18
31	0.00	1.10	6.72	92.18
32	0.00	1.09	6.77	92.15
33	0.00	1.08	6.80	92.12
34	0.00	1.02	6.67	92.31
35	0.00	1.01	6.75	92.25
36	0.00	0.95	6.64	92.41
37	0.00	0.98	6.84	92.17
38	0.00	0.94	6.72	92.34
39	0.00	0.98	6.92	92.10
40	0.00	0.93	6.72	92.36
41	0.00	0.93	6.83	92.24
42	0.00	0.91	6.76	92.32
43	0.00	0.88	6.55	92.57
44	0.00	0.88	6.58	92.54
45	0.00	0.94	6.75	92.31
46	0.00	0.91	6.76	92.33
47	0.00	0.87	6.56	92.58
48	0.00	0.85	6.43	92.72
49	0.00	0.87	6.48	92.65
50	0.00	0.88	6.49	92.63
51	0.00	0.87	6.43	92.70
52	0.00	0.87	6.39	92.74
53	0.00	0.87	6.38	92.75
54	0.00	0.84	6.29	92.86
55	0.00	0.60	5.66	93.75
56	0.00	0.61	5.02	94.37
57	0.00	0.70	5.39	93.91
58	0.00	0.74	5.66	93.60
59	0.00	0.78	5.81	93.41
60	0.00	0.76	5.80	93.45
61	0.00	0.77	5.85	93.39
62	0.00	0.82	6.05	93.14
63	0.00	0.76	6.00	93.23
64	0.00	0.78	5.97	93.25
65	0.00	0.77	6.04	93.19
66	0.00	0.79	6.17	93.04
67	0.00	0.68	5.85	93.46
68	0.00	0.65	5.56	93.80
69	0.00	0.65	5.53	93.81
70	0.00	0.59	5.32	94.08
71	0.00	0.60	5.29	94.11
72	0.00	0.62	5.32	94.06
73	0.00	0.58	5.29	94.13
74	0.00	0.56	5.20	94.24
75	0.00	0.57	5.26	94.17
76	0.00	0.57	5.33	94.09
77	0.00	0.60	5.49	93.90
78	0.00	0.60	5.52	93.88
79	0.00	0.59	5.52	93.89
80	0.00	0.59	5.52	93.88
81	0.00	0.61	5.57	93.83
82	0.00	0.59	5.54	93.87
83	0.00	0.58	5.51	93.91
84	0.00	0.61	5.55	93.84
85	0.00	0.63	5.70	93.68
86	0.00	0.64	5.73	93.63
87	0.00	0.65	5.83	93.52
88	0.00	0.71	6.09	93.19
89	0.00	0.76	6.32	92.93
90	0.00	0.71	6.20	93.09
91	0.00	0.73	6.26	93.01
92	0.00	0.74	6.29	92.97
93	0.00	0.75	6.31	92.94
94	0.00	0.77	6.38	92.85
95	0.00	0.81	6.65	92.54
96	0.00	0.82	6.72	92.47
97	0.00	0.80	6.72	92.48
98	0.00	0.81	6.81	92.38
99	0.00	0.81	6.95	92.24
100	0.00	0.92	7.24	91.84




