Parameters
	Library type	Paired-end
	Input files	KU328820-15_A_L003_R1_022.trimmed.fastq.gz	KU328820-15_A_L003_R2_022.trimmed.fastq.gz
	Primer/Adaptor library	NA
	Cut-off read length for HQ	70%
	Cut-off quality score	20
	Only statistics	On
	Number of CPUs	2


QC statistics
	File name	KU328820-15_A_L003_R1_022.trimmed.fastq.gz	KU328820-15_A_L003_R2_022.trimmed.fastq.gz
	Total number of reads	4000000	4000000
	Total number of HQ reads	3984290	3984290
	Percentage of HQ reads	99.61%	99.61%
	Total number of bases	365611749	361767830
	Total number of bases in HQ reads	364724458	361520820
	Total number of HQ bases in HQ reads	362704349	359444082
	Percentage of HQ bases in HQ reads	99.45%	99.43%
	Number of Primer/Adaptor contaminated HQ reads	NA	NA
	Total number of HQ filtered reads	3984290	3984290
	Percentage of HQ filtered reads	99.61%	99.61%


Detailed QC statistics
	File name	KU328820-15_A_L003_R1_022.trimmed.fastq.gz	KU328820-15_A_L003_R2_022.trimmed.fastq.gz
	Minimum read length	1	1
	Maximum read length	100	100
	Average read length	91.40	90.44
	Total number of reads	4000000	4000000
	Total number of reads with non-ATGC bases	170	4475
	Percentage of reads with non-ATGC bases	0.00%	0.11%
	Total number of bases	365611749	361767830
	Total number of HQ bases	363555285	359620557
	Percentage of HQ bases	99.44%	99.41%
	Total number of non-ATGC bases	170	4475
	Percentage of non-ATGC bases	0.00%	0.00%


Average quality score at each base position of input reads

KU328820-15_A_L003_R1_022.trimmed.fastq.gz
32.15	32.58	32.74	36.07	36.00	35.98	36.00	35.97	37.65	37.60	37.60	37.60	37.54	38.92	38.88	38.85	38.82	38.79	38.81	38.71	38.67	38.58	38.51	38.45	38.37	38.25	38.17	38.00	37.92	37.84	37.72	37.55	37.40	37.29	37.12	37.04	36.92	36.75	36.62	36.45	36.30	36.05	36.22	36.14	36.03	35.98	35.91	35.76	35.59	35.46	35.42	35.34	35.19	35.07	34.91	34.76	34.58	34.42	34.19	34.01	33.82	33.59	33.43	33.23	33.04	32.82	32.64	32.39	32.15	31.77	31.50	31.21	30.93	30.35	30.33	29.25	29.63	29.74	29.63	29.44	29.23	29.01	28.84	28.65	28.46	28.24	28.05	27.88	27.68	27.53	27.37	27.20	27.02	26.84	26.70	26.53	26.30	26.05	25.91	24.59	

KU328820-15_A_L003_R2_022.trimmed.fastq.gz
35.79	36.14	36.29	36.41	32.10	32.40	32.47	35.61	35.61	35.58	35.55	35.52	37.02	37.00	36.88	36.85	36.79	38.01	37.91	37.84	37.81	37.77	37.74	37.66	37.56	37.43	37.32	37.29	37.17	37.03	36.91	36.89	36.78	36.68	36.58	36.46	36.34	36.19	36.10	35.94	35.85	35.71	35.61	35.48	35.34	35.38	35.30	35.22	35.11	34.98	34.86	34.69	34.55	34.38	33.32	33.65	33.81	33.86	33.76	33.61	33.47	33.35	33.15	32.97	32.83	32.63	32.55	32.37	32.29	32.11	31.96	31.79	31.59	31.39	31.17	30.97	30.77	30.57	30.32	30.15	29.89	29.69	29.50	29.31	29.11	28.91	28.72	28.56	28.38	28.21	28.03	27.84	27.69	27.55	27.34	27.23	26.95	26.81	26.63	26.49	





Read count (%) per base for different quality score ranges

	KU328820-15_A_L003_R1_022.trimmed.fastq.gz
Ranges	0-10	11-20	21-30	31-40
Base
1	0.00	1.18	10.16	88.66
2	0.00	0.65	8.46	90.89
3	0.00	0.50	7.76	91.74
4	0.00	0.45	3.23	96.32
5	0.00	0.49	3.67	95.84
6	0.00	0.54	3.74	95.72
7	0.00	0.51	3.61	95.88
8	0.00	0.55	3.75	95.70
9	0.00	0.52	3.62	95.87
10	0.00	0.55	3.79	95.66
11	0.00	0.54	3.75	95.71
12	0.00	0.54	3.73	95.73
13	0.00	0.57	3.93	95.51
14	0.00	1.10	6.44	92.45
15	0.00	1.13	6.49	92.38
16	0.00	1.13	6.49	92.38
17	0.00	1.14	6.48	92.39
18	0.00	1.11	6.46	92.43
19	0.00	1.10	6.45	92.44
20	0.00	1.15	6.66	92.18
21	0.00	1.11	6.55	92.33
22	0.00	1.13	6.58	92.28
23	0.00	1.10	6.56	92.34
24	0.00	1.12	6.68	92.20
25	0.00	1.12	6.66	92.22
26	0.00	1.14	6.71	92.15
27	0.00	1.11	6.66	92.23
28	0.00	1.14	6.81	92.06
29	0.00	1.06	6.73	92.20
30	0.00	1.02	6.62	92.35
31	0.00	1.01	6.72	92.27
32	0.00	1.03	6.94	92.02
33	0.00	1.03	7.01	91.97
34	0.00	0.99	6.87	92.14
35	0.00	1.02	7.12	91.86
36	0.00	0.95	6.84	92.21
37	0.00	0.93	6.84	92.22
38	0.00	0.97	6.92	92.12
39	0.00	0.95	6.85	92.21
40	0.00	0.96	6.90	92.14
41	0.00	0.94	6.75	92.30
42	0.00	1.02	7.13	91.85
43	0.00	0.88	6.72	92.40
44	0.00	0.94	6.84	92.22
45	0.00	0.97	6.86	92.17
46	0.00	0.90	6.64	92.46
47	0.00	0.86	6.44	92.69
48	0.00	0.90	6.59	92.51
49	0.00	0.95	6.73	92.32
50	0.00	0.92	6.64	92.44
51	0.00	0.83	6.30	92.86
52	0.00	0.79	6.06	93.15
53	0.00	0.81	6.09	93.09
54	0.00	0.77	5.93	93.29
55	0.00	0.80	6.03	93.18
56	0.00	0.78	5.94	93.29
57	0.00	0.78	5.96	93.26
58	0.00	0.78	5.92	93.29
59	0.00	0.79	6.13	93.08
60	0.00	0.76	6.03	93.21
61	0.00	0.75	6.04	93.21
62	0.00	0.78	6.22	92.99
63	0.00	0.73	6.08	93.19
64	0.00	0.73	6.11	93.16
65	0.00	0.73	6.07	93.20
66	0.00	0.74	6.21	93.05
67	0.00	0.70	6.10	93.20
68	0.00	0.73	6.28	93.00
69	0.00	0.72	6.35	92.93
70	0.00	0.86	7.01	92.12
71	0.00	0.88	7.20	91.92
72	0.00	0.90	7.38	91.72
73	0.00	0.90	7.49	91.62
74	0.00	1.16	9.11	89.72
75	0.00	0.86	7.85	91.29
76	0.00	0.91	11.92	87.17
77	0.00	0.75	8.33	90.92
78	0.00	0.72	7.21	92.07
79	0.00	0.75	6.98	92.27
80	0.00	0.77	6.97	92.26
81	0.00	0.79	7.02	92.20
82	0.00	0.81	7.07	92.12
83	0.00	0.80	6.97	92.23
84	0.00	0.80	7.07	92.13
85	0.00	0.81	7.09	92.10
86	0.00	0.88	7.35	91.77
87	0.00	0.91	7.51	91.59
88	0.00	0.93	7.58	91.49
89	0.00	0.97	7.86	91.17
90	0.00	0.96	7.87	91.17
91	0.00	0.98	7.94	91.07
92	0.00	1.03	8.10	90.87
93	0.00	1.06	8.28	90.66
94	0.00	1.09	8.47	90.44
95	0.00	1.04	8.40	90.56
96	0.00	1.04	8.43	90.53
97	0.00	1.12	8.88	90.00
98	0.00	1.22	9.48	89.29
99	0.00	1.12	9.24	89.64
100	0.00	3.11	18.56	78.32


	KU328820-15_A_L003_R2_022.trimmed.fastq.gz
Ranges	0-10	11-20	21-30	31-40
Base
1	0.11	2.56	4.57	92.77
2	0.00	1.40	3.41	95.18
3	0.00	0.93	2.92	96.15
4	0.00	0.73	2.50	96.77
5	0.00	1.05	11.56	87.39
6	0.00	0.93	9.68	89.39
7	0.00	0.91	9.39	89.71
8	0.00	0.89	4.84	94.26
9	0.00	0.87	4.75	94.39
10	0.00	0.92	4.78	94.30
11	0.00	0.91	4.77	94.32
12	0.00	0.90	4.73	94.36
13	0.00	0.89	4.71	94.39
14	0.00	0.86	4.63	94.51
15	0.00	0.91	4.93	94.16
16	0.00	0.88	4.82	94.30
17	0.00	0.87	4.81	94.32
18	0.00	1.61	7.82	90.58
19	0.00	1.62	7.82	90.56
20	0.00	1.56	7.73	90.71
21	0.00	1.46	7.52	91.02
22	0.00	1.43	7.38	91.19
23	0.00	1.42	7.52	91.06
24	0.00	1.40	7.41	91.20
25	0.00	1.35	7.41	91.24
26	0.00	1.37	7.47	91.16
27	0.00	1.36	7.44	91.20
28	0.00	1.31	7.45	91.24
29	0.00	1.29	7.50	91.21
30	0.00	1.29	7.54	91.18
31	0.00	1.25	7.50	91.24
32	0.00	1.12	7.09	91.79
33	0.00	1.14	7.20	91.66
34	0.00	1.08	7.18	91.74
35	0.00	1.05	7.09	91.86
36	0.00	1.03	7.19	91.77
37	0.00	1.03	7.16	91.81
38	0.00	1.04	7.36	91.60
39	0.00	1.01	7.19	91.81
40	0.00	1.03	7.34	91.63
41	0.00	0.99	7.22	91.79
42	0.00	1.01	7.18	91.81
43	0.00	0.97	7.13	91.90
44	0.00	0.98	7.12	91.90
45	0.00	0.98	7.14	91.88
46	0.00	0.92	7.02	92.07
47	0.00	0.91	6.96	92.14
48	0.00	0.90	6.96	92.14
49	0.00	0.92	6.87	92.21
50	0.00	0.92	6.91	92.17
51	0.00	0.88	6.69	92.43
52	0.00	0.91	6.75	92.35
53	0.00	0.89	6.63	92.48
54	0.00	0.89	6.69	92.43
55	0.00	0.62	6.32	93.06
56	0.00	0.62	5.29	94.09
57	0.00	0.75	5.78	93.47
58	0.00	0.74	5.91	93.34
59	0.00	0.79	6.07	93.14
60	0.00	0.82	6.23	92.95
61	0.00	0.80	6.20	93.00
62	0.00	0.76	6.00	93.24
63	0.00	0.79	6.22	92.99
64	0.00	0.78	6.29	92.93
65	0.00	0.75	6.11	93.14
66	0.00	0.76	6.24	92.99
67	0.00	0.68	5.99	93.33
68	0.00	0.70	6.03	93.27
69	0.00	0.63	5.64	93.72
70	0.00	0.65	5.68	93.67
71	0.00	0.61	5.51	93.88
72	0.00	0.59	5.45	93.95
73	0.00	0.60	5.52	93.87
74	0.00	0.60	5.58	93.83
75	0.00	0.61	5.66	93.73
76	0.00	0.61	5.63	93.76
77	0.00	0.59	5.59	93.82
78	0.00	0.57	5.56	93.87
79	0.00	0.62	5.84	93.54
80	0.00	0.57	5.58	93.85
81	0.00	0.64	5.89	93.48
82	0.00	0.60	5.86	93.53
83	0.00	0.61	5.81	93.58
84	0.00	0.60	5.73	93.67
85	0.00	0.62	5.82	93.56
86	0.00	0.64	5.97	93.39
87	0.00	0.66	6.00	93.34
88	0.00	0.65	6.01	93.34
89	0.00	0.68	6.14	93.18
90	0.00	0.70	6.22	93.08
91	0.00	0.74	6.39	92.87
92	0.00	0.79	6.70	92.51
93	0.00	0.79	6.75	92.46
94	0.00	0.80	6.75	92.44
95	0.00	0.89	7.22	91.89
96	0.00	0.82	6.98	92.20
97	0.00	0.86	7.19	91.95
98	0.00	0.80	7.03	92.17
99	0.00	0.80	7.07	92.13
100	0.00	0.92	7.44	91.63




