Parameters
	Library type	Paired-end
	Input files	KU328820-15_A_L003_R1_035.trimmed.fastq.gz	KU328820-15_A_L003_R2_035.trimmed.fastq.gz
	Primer/Adaptor library	NA
	Cut-off read length for HQ	70%
	Cut-off quality score	20
	Only statistics	On
	Number of CPUs	2


QC statistics
	File name	KU328820-15_A_L003_R1_035.trimmed.fastq.gz	KU328820-15_A_L003_R2_035.trimmed.fastq.gz
	Total number of reads	4000000	4000000
	Total number of HQ reads	3987600	3987600
	Percentage of HQ reads	99.69%	99.69%
	Total number of bases	370151850	366486056
	Total number of bases in HQ reads	369431930	366285626
	Total number of HQ bases in HQ reads	367695291	364507206
	Percentage of HQ bases in HQ reads	99.53%	99.51%
	Number of Primer/Adaptor contaminated HQ reads	NA	NA
	Total number of HQ filtered reads	3987600	3987600
	Percentage of HQ filtered reads	99.69%	99.69%


Detailed QC statistics
	File name	KU328820-15_A_L003_R1_035.trimmed.fastq.gz	KU328820-15_A_L003_R2_035.trimmed.fastq.gz
	Minimum read length	1	1
	Maximum read length	100	100
	Average read length	92.54	91.62
	Total number of reads	4000000	4000000
	Total number of reads with non-ATGC bases	199	4014
	Percentage of reads with non-ATGC bases	0.00%	0.10%
	Total number of bases	370151850	366486056
	Total number of HQ bases	368386971	364657080
	Percentage of HQ bases	99.52%	99.50%
	Total number of non-ATGC bases	199	4014
	Percentage of non-ATGC bases	0.00%	0.00%


Average quality score at each base position of input reads

KU328820-15_A_L003_R1_035.trimmed.fastq.gz
32.32	32.73	32.85	36.21	36.15	36.16	36.15	36.14	37.85	37.83	37.82	37.80	37.79	39.21	39.16	39.15	39.07	39.03	39.05	38.97	38.94	38.88	38.78	38.73	38.67	38.60	38.48	38.39	38.30	38.21	38.12	37.99	37.83	37.73	37.59	37.49	37.34	37.22	37.08	36.94	36.82	36.66	36.76	36.72	36.63	36.53	36.39	36.26	36.12	35.99	35.99	35.92	35.75	35.63	35.48	35.33	35.17	35.02	34.87	34.65	34.47	34.29	34.08	33.87	33.69	33.46	33.22	33.00	32.76	32.58	32.35	32.12	31.89	31.65	31.40	30.53	30.74	30.77	30.64	30.46	30.26	30.02	29.76	29.58	29.39	29.20	28.99	28.82	28.63	28.45	28.29	28.11	27.93	27.78	27.60	27.45	27.31	27.12	26.96	25.70	

KU328820-15_A_L003_R2_035.trimmed.fastq.gz
36.08	36.34	36.47	36.55	32.06	32.46	32.59	35.83	35.82	35.81	35.79	35.77	37.37	37.32	37.27	37.23	37.17	38.52	38.44	38.37	38.32	38.27	38.24	38.15	38.06	38.00	37.92	37.87	37.81	37.68	37.58	37.50	37.40	37.28	37.20	37.09	37.01	36.86	36.76	36.66	36.57	36.44	36.36	36.24	36.10	36.13	36.05	35.99	35.89	35.79	35.64	35.50	35.30	35.18	34.21	34.48	34.65	34.67	34.55	34.42	34.25	34.08	33.90	33.77	33.58	33.38	33.36	33.25	33.09	32.96	32.75	32.58	32.36	32.18	31.99	31.78	31.58	31.31	31.11	30.90	30.63	30.43	30.24	30.01	29.79	29.61	29.39	29.10	28.92	28.75	28.56	28.42	28.27	28.09	27.93	27.80	27.55	27.36	27.16	27.03	





Read count (%) per base for different quality score ranges

	KU328820-15_A_L003_R1_035.trimmed.fastq.gz
Ranges	0-10	11-20	21-30	31-40
Base
1	0.00	1.05	8.41	90.53
2	0.00	0.54	7.08	92.37
3	0.00	0.43	6.71	92.87
4	0.00	0.36	2.57	97.07
5	0.00	0.39	2.95	96.67
6	0.00	0.40	2.88	96.72
7	0.00	0.42	2.98	96.60
8	0.00	0.42	3.00	96.58
9	0.00	0.42	2.94	96.64
10	0.00	0.43	3.03	96.54
11	0.00	0.42	2.99	96.59
12	0.00	0.43	3.09	96.48
13	0.00	0.43	3.09	96.47
14	0.00	0.92	5.59	93.48
15	0.00	0.97	5.70	93.34
16	0.00	0.95	5.64	93.40
17	0.00	0.99	5.85	93.16
18	0.00	0.98	5.78	93.23
19	0.00	1.00	5.83	93.17
20	0.00	1.01	5.94	93.05
21	0.00	1.00	5.81	93.20
22	0.00	0.99	5.83	93.18
23	0.00	1.01	5.91	93.08
24	0.00	1.04	6.04	92.92
25	0.00	1.00	5.99	93.02
26	0.00	1.00	5.90	93.10
27	0.00	1.00	6.03	92.96
28	0.00	0.97	6.01	93.02
29	0.00	0.94	6.00	93.06
30	0.00	0.91	5.97	93.12
31	0.00	0.87	5.93	93.20
32	0.00	0.89	6.07	93.04
33	0.00	0.90	6.23	92.87
34	0.00	0.88	6.19	92.93
35	0.00	0.89	6.28	92.83
36	0.00	0.87	6.20	92.93
37	0.00	0.89	6.28	92.83
38	0.00	0.86	6.21	92.94
39	0.00	0.88	6.28	92.85
40	0.00	0.85	6.23	92.92
41	0.00	0.84	6.19	92.97
42	0.00	0.87	6.20	92.94
43	0.00	0.81	6.14	93.05
44	0.00	0.82	6.08	93.10
45	0.00	0.83	6.07	93.09
46	0.00	0.84	6.05	93.11
47	0.00	0.86	6.14	93.00
48	0.00	0.85	6.17	92.98
49	0.00	0.86	6.16	92.98
50	0.00	0.85	6.11	93.05
51	0.00	0.76	5.82	93.42
52	0.00	0.74	5.62	93.63
53	0.00	0.79	5.73	93.48
54	0.00	0.75	5.62	93.63
55	0.00	0.74	5.59	93.66
56	0.00	0.73	5.56	93.71
57	0.00	0.72	5.55	93.73
58	0.00	0.72	5.50	93.78
59	0.00	0.68	5.39	93.93
60	0.00	0.72	5.61	93.67
61	0.00	0.69	5.55	93.76
62	0.00	0.69	5.55	93.76
63	0.00	0.69	5.61	93.70
64	0.00	0.71	5.69	93.60
65	0.00	0.69	5.63	93.68
66	0.00	0.70	5.77	93.53
67	0.00	0.72	5.88	93.41
68	0.00	0.71	5.91	93.38
69	0.00	0.71	6.05	93.24
70	0.00	0.66	5.84	93.50
71	0.00	0.68	5.94	93.38
72	0.00	0.68	6.00	93.32
73	0.00	0.67	6.04	93.29
74	0.00	0.68	6.08	93.25
75	0.00	0.70	6.20	93.11
76	0.00	0.66	8.76	90.59
77	0.00	0.60	6.58	92.82
78	0.00	0.59	5.91	93.50
79	0.00	0.60	5.77	93.63
80	0.00	0.61	5.71	93.68
81	0.00	0.63	5.71	93.66
82	0.00	0.69	6.01	93.30
83	0.00	0.74	6.33	92.93
84	0.00	0.73	6.29	92.98
85	0.00	0.75	6.36	92.89
86	0.00	0.76	6.45	92.79
87	0.00	0.82	6.76	92.42
88	0.00	0.83	6.83	92.34
89	0.00	0.88	7.05	92.07
90	0.00	0.91	7.23	91.86
91	0.00	0.92	7.31	91.77
92	0.00	0.97	7.58	91.44
93	0.00	1.01	7.82	91.17
94	0.00	1.00	7.82	91.18
95	0.00	1.04	8.04	90.92
96	0.00	1.01	8.07	90.92
97	0.00	0.97	7.92	91.11
98	0.00	0.99	8.18	90.84
99	0.00	0.98	8.26	90.76
100	0.00	2.70	16.60	80.69


	KU328820-15_A_L003_R2_035.trimmed.fastq.gz
Ranges	0-10	11-20	21-30	31-40
Base
1	0.10	2.03	3.32	94.55
2	0.00	1.14	2.46	96.40
3	0.00	0.71	2.08	97.21
4	0.00	0.53	1.84	97.63
5	0.00	0.83	10.88	88.29
6	0.00	0.68	8.23	91.08
7	0.00	0.67	7.87	91.45
8	0.00	0.65	3.75	95.60
9	0.00	0.64	3.70	95.66
10	0.00	0.67	3.70	95.62
11	0.00	0.66	3.66	95.67
12	0.00	0.65	3.64	95.71
13	0.00	0.64	3.59	95.77
14	0.00	0.64	3.64	95.72
15	0.00	0.65	3.71	95.64
16	0.00	0.63	3.68	95.69
17	0.00	0.63	3.74	95.62
18	0.00	1.30	6.62	92.08
19	0.00	1.30	6.68	92.02
20	0.00	1.29	6.63	92.08
21	0.00	1.25	6.53	92.21
22	0.00	1.20	6.38	92.42
23	0.00	1.22	6.55	92.23
24	0.00	1.20	6.56	92.23
25	0.00	1.20	6.54	92.27
26	0.00	1.16	6.39	92.44
27	0.00	1.12	6.35	92.52
28	0.00	1.11	6.48	92.41
29	0.00	1.07	6.35	92.57
30	0.00	1.08	6.48	92.44
31	0.00	1.05	6.43	92.51
32	0.00	1.01	6.37	92.63
33	0.00	0.99	6.35	92.66
34	0.00	0.98	6.41	92.61
35	0.00	0.96	6.38	92.66
36	0.00	0.92	6.41	92.68
37	0.00	0.90	6.34	92.76
38	0.00	0.92	6.56	92.52
39	0.00	0.90	6.54	92.56
40	0.00	0.89	6.48	92.63
41	0.00	0.85	6.37	92.78
42	0.00	0.87	6.43	92.70
43	0.00	0.84	6.27	92.89
44	0.00	0.84	6.30	92.86
45	0.00	0.86	6.35	92.79
46	0.00	0.82	6.34	92.84
47	0.00	0.83	6.29	92.88
48	0.00	0.81	6.14	93.05
49	0.00	0.82	6.18	93.00
50	0.00	0.81	6.10	93.09
51	0.00	0.81	6.10	93.09
52	0.00	0.80	6.03	93.16
53	0.00	0.85	6.22	92.93
54	0.00	0.81	6.04	93.15
55	0.00	0.59	5.53	93.88
56	0.00	0.59	4.88	94.52
57	0.00	0.68	5.22	94.10
58	0.00	0.69	5.38	93.92
59	0.00	0.76	5.70	93.54
60	0.00	0.74	5.67	93.59
61	0.00	0.77	5.82	93.41
62	0.00	0.77	5.81	93.43
63	0.00	0.77	5.94	93.29
64	0.00	0.74	5.77	93.49
65	0.00	0.75	5.84	93.41
66	0.00	0.78	5.99	93.23
67	0.00	0.64	5.57	93.79
68	0.00	0.63	5.37	94.00
69	0.00	0.63	5.40	93.97
70	0.00	0.59	5.20	94.21
71	0.00	0.63	5.32	94.05
72	0.00	0.58	5.18	94.23
73	0.00	0.62	5.36	94.02
74	0.00	0.58	5.28	94.14
75	0.00	0.57	5.25	94.18
76	0.00	0.57	5.29	94.14
77	0.00	0.57	5.24	94.20
78	0.00	0.61	5.53	93.86
79	0.00	0.60	5.49	93.91
80	0.00	0.58	5.45	93.96
81	0.00	0.64	5.73	93.62
82	0.00	0.61	5.69	93.70
83	0.00	0.59	5.61	93.80
84	0.00	0.63	5.75	93.62
85	0.00	0.66	5.89	93.45
86	0.00	0.66	5.85	93.49
87	0.00	0.69	5.98	93.32
88	0.00	0.82	6.07	93.11
89	0.00	0.75	6.21	93.05
90	0.00	0.76	6.29	92.95
91	0.00	0.79	6.44	92.77
92	0.00	0.77	6.35	92.88
93	0.00	0.78	6.39	92.83
94	0.00	0.85	6.64	92.52
95	0.00	0.84	6.77	92.39
96	0.00	0.81	6.74	92.45
97	0.00	0.78	6.62	92.60
98	0.00	0.80	6.77	92.43
99	0.00	0.84	7.02	92.14
100	0.00	0.92	7.26	91.82




