Parameters
	Library type	Paired-end
	Input files	KU328820-15_A_L003_R1_021.trimmed.fastq.gz	KU328820-15_A_L003_R2_021.trimmed.fastq.gz
	Primer/Adaptor library	NA
	Cut-off read length for HQ	70%
	Cut-off quality score	20
	Only statistics	On
	Number of CPUs	2


QC statistics
	File name	KU328820-15_A_L003_R1_021.trimmed.fastq.gz	KU328820-15_A_L003_R2_021.trimmed.fastq.gz
	Total number of reads	4000000	4000000
	Total number of HQ reads	3984842	3984842
	Percentage of HQ reads	99.62%	99.62%
	Total number of bases	367473156	362791267
	Total number of bases in HQ reads	366616179	362549310
	Total number of HQ bases in HQ reads	364719853	360558205
	Percentage of HQ bases in HQ reads	99.48%	99.45%
	Number of Primer/Adaptor contaminated HQ reads	NA	NA
	Total number of HQ filtered reads	3984842	3984842
	Percentage of HQ filtered reads	99.62%	99.62%


Detailed QC statistics
	File name	KU328820-15_A_L003_R1_021.trimmed.fastq.gz	KU328820-15_A_L003_R2_021.trimmed.fastq.gz
	Minimum read length	1	1
	Maximum read length	100	100
	Average read length	91.87	90.70
	Total number of reads	4000000	4000000
	Total number of reads with non-ATGC bases	156	4104
	Percentage of reads with non-ATGC bases	0.00%	0.10%
	Total number of bases	367473156	362791267
	Total number of HQ bases	365541368	360730581
	Percentage of HQ bases	99.47%	99.43%
	Total number of non-ATGC bases	156	4104
	Percentage of non-ATGC bases	0.00%	0.00%


Average quality score at each base position of input reads

KU328820-15_A_L003_R1_021.trimmed.fastq.gz
32.23	32.66	32.80	36.12	36.05	36.04	36.04	36.04	37.72	37.68	37.66	37.66	37.63	39.03	39.01	38.97	38.96	38.85	38.86	38.82	38.76	38.70	38.63	38.53	38.47	38.36	38.26	38.18	38.07	37.97	37.86	37.71	37.55	37.50	37.38	37.25	37.11	36.91	36.80	36.68	36.52	36.30	36.45	36.42	36.35	36.26	36.13	36.01	35.87	35.69	35.66	35.59	35.46	35.26	35.13	34.99	34.87	34.66	34.46	34.30	34.13	33.94	33.72	33.53	33.37	33.14	32.88	32.67	32.44	32.07	31.81	31.56	31.29	30.73	30.67	29.60	29.97	30.09	30.00	29.81	29.55	29.36	29.20	28.98	28.82	28.62	28.44	28.28	28.09	27.93	27.76	27.59	27.43	27.28	27.12	26.99	26.82	26.66	26.47	25.20	

KU328820-15_A_L003_R2_021.trimmed.fastq.gz
35.87	36.20	36.33	36.45	32.18	32.46	32.51	35.70	35.64	35.66	35.61	35.57	37.10	37.08	37.00	36.97	36.89	38.17	38.09	38.03	37.94	37.90	37.88	37.78	37.66	37.60	37.52	37.46	37.38	37.25	37.17	37.05	36.94	36.82	36.72	36.60	36.46	36.36	36.25	36.09	36.03	35.89	35.78	35.62	35.50	35.53	35.48	35.41	35.29	35.14	35.01	34.87	34.71	34.54	33.49	33.78	34.00	34.00	33.89	33.75	33.64	33.47	33.29	33.12	32.93	32.74	32.68	32.56	32.45	32.30	32.15	31.98	31.78	31.56	31.33	31.15	30.93	30.73	30.52	30.29	30.06	29.85	29.64	29.43	29.25	29.05	28.86	28.70	28.52	28.35	28.19	28.04	27.91	27.74	27.58	27.44	27.18	27.03	26.82	26.73	





Read count (%) per base for different quality score ranges

	KU328820-15_A_L003_R1_021.trimmed.fastq.gz
Ranges	0-10	11-20	21-30	31-40
Base
1	0.00	1.13	9.59	89.28
2	0.00	0.59	7.93	91.47
3	0.00	0.47	7.28	92.25
4	0.00	0.41	2.99	96.60
5	0.00	0.46	3.45	96.09
6	0.00	0.49	3.45	96.06
7	0.00	0.49	3.46	96.04
8	0.00	0.49	3.44	96.07
9	0.00	0.48	3.42	96.11
10	0.00	0.50	3.55	95.95
11	0.00	0.51	3.58	95.91
12	0.00	0.50	3.54	95.96
13	0.00	0.51	3.61	95.87
14	0.00	1.06	6.25	92.69
15	0.00	1.05	6.21	92.74
16	0.00	1.06	6.20	92.74
17	0.00	1.04	6.15	92.81
18	0.00	1.13	6.45	92.42
19	0.00	1.11	6.39	92.50
20	0.00	1.09	6.34	92.58
21	0.00	1.09	6.33	92.58
22	0.00	1.09	6.37	92.54
23	0.00	1.08	6.39	92.53
24	0.00	1.13	6.62	92.25
25	0.00	1.08	6.53	92.38
26	0.00	1.12	6.58	92.30
27	0.00	1.09	6.64	92.26
28	0.00	1.07	6.51	92.43
29	0.00	1.03	6.54	92.42
30	0.00	1.00	6.53	92.47
31	0.00	0.96	6.55	92.49
32	0.00	0.99	6.72	92.29
33	0.00	1.01	6.91	92.08
34	0.00	0.92	6.64	92.44
35	0.00	0.91	6.67	92.41
36	0.00	0.93	6.70	92.37
37	0.00	0.91	6.70	92.39
38	0.00	0.97	6.89	92.14
39	0.00	0.94	6.73	92.33
40	0.00	0.90	6.62	92.48
41	0.00	0.92	6.63	92.45
42	0.00	0.99	6.90	92.11
43	0.00	0.86	6.58	92.56
44	0.00	0.85	6.49	92.66
45	0.00	0.86	6.46	92.68
46	0.00	0.87	6.43	92.70
47	0.00	0.88	6.47	92.65
48	0.00	0.88	6.41	92.71
49	0.00	0.88	6.46	92.67
50	0.00	0.93	6.57	92.50
51	0.00	0.82	6.21	92.97
52	0.00	0.78	5.95	93.27
53	0.00	0.79	5.89	93.32
54	0.00	0.82	6.09	93.09
55	0.00	0.79	5.98	93.23
56	0.00	0.77	5.92	93.31
57	0.00	0.73	5.70	93.58
58	0.00	0.78	5.87	93.35
59	0.00	0.76	5.97	93.27
60	0.00	0.73	5.83	93.44
61	0.00	0.71	5.75	93.54
62	0.00	0.71	5.80	93.49
63	0.00	0.73	5.96	93.31
64	0.00	0.71	5.90	93.39
65	0.00	0.67	5.81	93.52
66	0.00	0.71	5.93	93.36
67	0.00	0.74	6.14	93.12
68	0.00	0.73	6.14	93.13
69	0.00	0.71	6.16	93.13
70	0.00	0.84	6.81	92.35
71	0.00	0.83	6.91	92.27
72	0.00	0.82	6.93	92.25
73	0.00	0.82	7.02	92.16
74	0.00	1.07	8.56	90.38
75	0.00	0.84	7.48	91.69
76	0.00	0.86	11.36	87.78
77	0.00	0.73	7.98	91.29
78	0.00	0.68	6.79	92.52
79	0.00	0.67	6.45	92.88
80	0.00	0.71	6.50	92.78
81	0.00	0.79	6.84	92.37
82	0.00	0.77	6.80	92.43
83	0.00	0.73	6.55	92.72
84	0.00	0.79	6.76	92.45
85	0.00	0.77	6.72	92.51
86	0.00	0.81	6.90	92.29
87	0.00	0.83	6.96	92.22
88	0.00	0.84	7.00	92.15
89	0.00	0.89	7.28	91.83
90	0.00	0.89	7.35	91.76
91	0.00	0.95	7.53	91.52
92	0.00	1.00	7.73	91.27
93	0.00	1.02	7.84	91.15
94	0.00	1.01	7.92	91.07
95	0.00	1.02	8.01	90.97
96	0.00	0.95	7.88	91.17
97	0.00	0.99	8.08	90.94
98	0.00	0.96	8.19	90.84
99	0.00	1.02	8.38	90.60
100	0.00	2.84	17.14	80.03


	KU328820-15_A_L003_R2_021.trimmed.fastq.gz
Ranges	0-10	11-20	21-30	31-40
Base
1	0.10	2.36	4.25	93.29
2	0.00	1.29	3.15	95.56
3	0.00	0.87	2.72	96.41
4	0.00	0.67	2.33	96.99
5	0.00	0.99	10.98	88.03
6	0.00	0.88	9.18	89.94
7	0.00	0.88	9.10	90.03
8	0.00	0.81	4.42	94.76
9	0.00	0.85	4.71	94.44
10	0.00	0.84	4.41	94.75
11	0.00	0.86	4.55	94.59
12	0.00	0.87	4.54	94.59
13	0.00	0.85	4.50	94.66
14	0.00	0.82	4.43	94.75
15	0.00	0.84	4.57	94.59
16	0.00	0.80	4.49	94.71
17	0.00	0.81	4.56	94.62
18	0.00	1.55	7.50	90.95
19	0.00	1.51	7.45	91.04
20	0.00	1.47	7.40	91.13
21	0.00	1.47	7.37	91.16
22	0.00	1.40	7.20	91.40
23	0.00	1.40	7.29	91.32
24	0.00	1.39	7.28	91.33
25	0.00	1.38	7.33	91.29
26	0.00	1.30	7.10	91.60
27	0.00	1.26	7.08	91.66
28	0.00	1.27	7.20	91.53
29	0.00	1.22	7.12	91.66
30	0.00	1.24	7.16	91.60
31	0.00	1.17	7.06	91.78
32	0.00	1.17	7.01	91.82
33	0.00	1.12	7.09	91.78
34	0.00	1.10	7.08	91.82
35	0.00	1.05	7.02	91.92
36	0.00	1.04	7.10	91.86
37	0.00	1.04	7.15	91.81
38	0.00	1.02	7.13	91.85
39	0.00	0.99	7.15	91.87
40	0.00	1.02	7.26	91.72
41	0.00	0.94	7.01	92.05
42	0.00	0.97	6.99	92.04
43	0.00	0.95	6.98	92.07
44	0.00	0.97	7.09	91.94
45	0.00	0.96	7.00	92.04
46	0.00	0.92	6.94	92.13
47	0.00	0.88	6.78	92.34
48	0.00	0.86	6.64	92.50
49	0.00	0.91	6.74	92.34
50	0.00	0.94	6.88	92.17
51	0.00	0.88	6.65	92.47
52	0.00	0.88	6.58	92.55
53	0.00	0.88	6.60	92.52
54	0.00	0.89	6.62	92.48
55	0.00	0.61	6.15	93.25
56	0.00	0.62	5.24	94.13
57	0.00	0.69	5.50	93.82
58	0.00	0.76	5.92	93.31
59	0.00	0.81	6.13	93.06
60	0.00	0.82	6.22	92.96
61	0.00	0.78	6.06	93.16
62	0.00	0.79	6.08	93.13
63	0.00	0.80	6.25	92.95
64	0.00	0.78	6.21	93.01
65	0.00	0.79	6.28	92.93
66	0.00	0.79	6.30	92.91
67	0.00	0.68	6.01	93.31
68	0.00	0.67	5.82	93.50
69	0.00	0.62	5.56	93.81
70	0.00	0.61	5.47	93.91
71	0.00	0.59	5.37	94.04
72	0.00	0.58	5.31	94.11
73	0.00	0.59	5.36	94.05
74	0.00	0.61	5.51	93.88
75	0.00	0.63	5.65	93.71
76	0.00	0.60	5.58	93.83
77	0.00	0.60	5.61	93.79
78	0.00	0.58	5.59	93.83
79	0.00	0.60	5.63	93.77
80	0.00	0.62	5.68	93.71
81	0.00	0.63	5.80	93.57
82	0.00	0.62	5.85	93.52
83	0.00	0.63	5.91	93.45
84	0.00	0.64	5.92	93.44
85	0.00	0.62	5.86	93.51
86	0.00	0.65	5.94	93.41
87	0.00	0.67	5.99	93.34
88	0.00	0.65	5.95	93.40
89	0.00	0.69	6.11	93.21
90	0.00	0.70	6.21	93.09
91	0.00	0.73	6.32	92.95
92	0.00	0.72	6.28	93.00
93	0.00	0.72	6.29	93.00
94	0.00	0.77	6.47	92.76
95	0.00	0.79	6.63	92.57
96	0.00	0.79	6.69	92.52
97	0.00	0.78	6.69	92.53
98	0.00	0.77	6.68	92.55
99	0.00	0.81	6.99	92.20
100	0.00	0.83	6.96	92.21




