Parameters
	Library type	Paired-end
	Input files	KU328820-15_A_L003_R1_048.trimmed.fastq.gz	KU328820-15_A_L003_R2_048.trimmed.fastq.gz
	Primer/Adaptor library	NA
	Cut-off read length for HQ	70%
	Cut-off quality score	20
	Only statistics	On
	Number of CPUs	2


QC statistics
	File name	KU328820-15_A_L003_R1_048.trimmed.fastq.gz	KU328820-15_A_L003_R2_048.trimmed.fastq.gz
	Total number of reads	1990234	1990234
	Total number of HQ reads	1977364	1977364
	Percentage of HQ reads	99.35%	99.35%
	Total number of bases	175786815	164926524
	Total number of bases in HQ reads	175146752	164740562
	Total number of HQ bases in HQ reads	173738932	162937011
	Percentage of HQ bases in HQ reads	99.20%	98.91%
	Number of Primer/Adaptor contaminated HQ reads	NA	NA
	Total number of HQ filtered reads	1977364	1977364
	Percentage of HQ filtered reads	99.35%	99.35%


Detailed QC statistics
	File name	KU328820-15_A_L003_R1_048.trimmed.fastq.gz	KU328820-15_A_L003_R2_048.trimmed.fastq.gz
	Minimum read length	1	1
	Maximum read length	100	100
	Average read length	88.32	82.87
	Total number of reads	1990234	1990234
	Total number of reads with non-ATGC bases	46	2569
	Percentage of reads with non-ATGC bases	0.00%	0.13%
	Total number of bases	175786815	164926524
	Total number of HQ bases	174346175	163057039
	Percentage of HQ bases	99.18%	98.87%
	Total number of non-ATGC bases	46	2569
	Percentage of non-ATGC bases	0.00%	0.00%


Average quality score at each base position of input reads

KU328820-15_A_L003_R1_048.trimmed.fastq.gz
30.92	31.84	32.20	35.62	35.55	35.54	35.60	35.66	37.13	37.05	37.09	37.10	37.10	38.23	38.10	38.00	38.05	38.04	37.97	37.93	37.87	37.78	37.72	37.68	37.54	37.27	37.06	37.01	36.68	36.64	36.62	36.46	36.36	36.24	36.04	35.75	35.48	35.35	35.25	35.07	34.95	34.76	34.85	34.68	34.63	34.50	34.32	34.20	33.96	33.83	33.78	33.46	33.38	33.13	32.98	32.81	32.70	32.51	32.29	32.08	31.89	31.70	31.46	31.01	30.67	30.53	30.30	30.04	29.82	29.63	29.45	28.97	28.73	28.39	28.17	27.39	27.53	27.52	27.38	27.24	27.05	26.85	26.61	26.42	26.25	26.11	25.83	25.68	25.48	25.36	25.17	25.07	24.90	24.73	24.55	24.39	24.20	23.86	23.75	22.10	

KU328820-15_A_L003_R2_048.trimmed.fastq.gz
32.73	33.99	35.55	35.92	31.55	31.91	31.90	34.95	34.79	34.71	34.73	34.50	35.86	35.83	35.73	35.48	35.10	36.22	36.01	35.98	35.91	35.83	35.74	35.68	35.42	35.36	35.08	35.05	34.91	34.58	34.42	34.38	34.29	34.13	33.88	33.83	33.53	33.22	33.06	33.01	32.93	32.74	32.58	32.42	32.26	31.95	31.97	31.95	31.76	31.59	31.40	31.24	30.88	30.80	29.67	29.73	29.89	29.85	29.71	29.57	29.35	29.18	28.49	28.42	28.24	28.02	27.89	27.61	27.53	27.46	27.00	26.72	26.50	26.28	26.23	26.00	25.82	25.66	25.40	25.22	24.92	24.71	24.55	24.13	23.87	23.74	23.54	23.41	22.98	22.89	22.59	22.29	22.25	22.06	21.89	21.73	21.43	21.22	21.02	20.96	





Read count (%) per base for different quality score ranges

	KU328820-15_A_L003_R1_048.trimmed.fastq.gz
Ranges	0-10	11-20	21-30	31-40
Base
1	0.00	4.70	16.82	78.48
2	0.00	1.89	14.42	83.69
3	0.00	1.10	12.70	86.20
4	0.00	0.83	4.95	94.22
5	0.00	0.89	5.70	93.41
6	0.00	0.95	5.78	93.27
7	0.00	0.87	5.45	93.68
8	0.00	0.80	5.35	93.85
9	0.00	0.80	5.38	93.81
10	0.00	0.85	5.71	93.44
11	0.00	0.82	5.47	93.71
12	0.00	0.80	5.41	93.79
13	0.00	0.82	5.45	93.73
14	0.00	1.39	7.85	90.75
15	0.00	1.49	8.11	90.40
16	0.00	1.51	8.20	90.29
17	0.00	1.41	7.85	90.74
18	0.00	1.36	7.81	90.82
19	0.00	1.46	8.14	90.40
20	0.00	1.43	8.04	90.53
21	0.00	1.41	7.99	90.60
22	0.00	1.41	7.98	90.61
23	0.00	1.35	7.90	90.75
24	0.00	1.35	7.86	90.79
25	0.00	1.36	8.08	90.55
26	0.00	1.51	8.48	90.02
27	0.00	1.54	8.69	89.76
28	0.00	1.40	8.32	90.28
29	0.00	2.23	8.78	88.99
30	0.00	1.53	8.59	89.88
31	0.00	1.31	8.21	90.49
32	0.00	1.28	8.29	90.43
33	0.00	1.22	8.17	90.60
34	0.00	1.20	8.15	90.65
35	0.00	1.22	8.47	90.31
36	0.00	1.30	8.94	89.76
37	0.00	1.83	8.86	89.31
38	0.00	1.45	8.83	89.72
39	0.00	1.32	8.46	90.21
40	0.00	1.31	8.49	90.21
41	0.00	1.23	8.29	90.48
42	0.00	1.24	8.37	90.39
43	0.00	1.10	8.14	90.76
44	0.00	1.16	8.43	90.41
45	0.00	1.12	8.15	90.74
46	0.00	1.12	8.12	90.76
47	0.00	1.16	8.27	90.58
48	0.00	1.13	8.13	90.74
49	0.00	1.21	8.41	90.38
50	0.00	1.15	8.16	90.68
51	0.00	1.03	7.69	91.28
52	0.00	1.17	8.15	90.68
53	0.00	1.03	7.71	91.25
54	0.00	1.12	7.97	90.90
55	0.00	1.03	7.80	91.17
56	0.00	1.04	7.65	91.31
57	0.00	0.94	7.29	91.77
58	0.00	0.96	7.30	91.74
59	0.00	0.94	7.42	91.64
60	0.00	0.95	7.41	91.65
61	0.00	0.94	7.31	91.75
62	0.00	0.91	7.25	91.84
63	0.00	0.94	7.46	91.61
64	0.00	0.96	7.57	91.48
65	0.00	1.06	8.07	90.87
66	0.00	0.93	7.73	91.34
67	0.00	0.93	7.83	91.24
68	0.00	0.97	7.96	91.07
69	0.00	0.93	7.94	91.13
70	0.00	0.89	7.78	91.34
71	0.00	0.85	7.63	91.52
72	0.00	0.86	7.73	91.42
73	0.00	0.88	7.81	91.31
74	0.00	0.97	8.42	90.61
75	0.00	0.91	8.34	90.75
76	0.00	0.94	11.18	87.88
77	0.00	0.84	9.07	90.09
78	0.00	0.85	8.27	90.88
79	0.00	0.85	8.18	90.97
80	0.00	0.82	7.89	91.30
81	0.00	0.83	7.87	91.30
82	0.00	0.86	7.97	91.17
83	0.00	0.95	8.34	90.71
84	0.00	0.93	8.48	90.59
85	0.00	0.94	8.36	90.70
86	0.00	0.91	8.17	90.92
87	0.00	1.13	9.11	89.77
88	0.00	1.08	9.03	89.89
89	0.00	1.15	9.33	89.52
90	0.00	1.09	9.08	89.83
91	0.00	1.16	9.39	89.44
92	0.00	1.10	9.06	89.83
93	0.00	1.15	9.38	89.47
94	0.00	1.20	9.50	89.30
95	0.00	1.20	9.72	89.08
96	0.00	1.17	9.64	89.18
97	0.00	1.16	9.86	88.98
98	0.00	1.48	11.07	87.44
99	0.00	1.26	10.63	88.12
100	0.00	3.52	20.00	76.48


	KU328820-15_A_L003_R2_048.trimmed.fastq.gz
Ranges	0-10	11-20	21-30	31-40
Base
1	0.13	6.32	10.31	83.24
2	0.00	2.39	7.43	90.17
3	0.00	1.66	5.68	92.66
4	0.00	1.41	4.90	93.68
5	0.00	2.17	18.78	79.05
6	0.00	1.85	15.25	82.90
7	0.00	2.00	15.70	82.30
8	0.00	1.67	7.72	90.60
9	0.00	1.80	8.66	89.54
10	0.00	2.24	8.22	89.54
11	0.00	1.92	8.17	89.91
12	0.00	2.36	8.47	89.16
13	0.00	1.83	7.76	90.41
14	0.00	1.69	7.68	90.63
15	0.00	1.66	7.79	90.54
16	0.00	1.80	8.40	89.80
17	0.00	2.61	8.65	88.74
18	0.00	2.77	10.25	86.97
19	0.00	2.51	10.55	86.94
20	0.00	2.88	9.71	87.41
21	0.00	2.49	9.81	87.71
22	0.00	2.13	9.74	88.12
23	0.00	2.13	9.93	87.94
24	0.00	1.98	9.58	88.45
25	0.00	2.00	9.95	88.05
26	0.00	1.82	9.54	88.64
27	0.00	1.89	9.87	88.23
28	0.00	1.76	9.66	88.58
29	0.00	1.74	9.58	88.67
30	0.00	2.51	9.82	87.67
31	0.00	2.05	9.90	88.05
32	0.00	1.76	9.37	88.86
33	0.00	1.65	9.12	89.23
34	0.00	1.60	9.28	89.12
35	0.00	1.58	9.60	88.82
36	0.00	1.43	9.08	89.50
37	0.00	1.50	9.68	88.82
38	0.00	2.44	9.51	88.05
39	0.00	1.86	10.02	88.12
40	0.00	1.58	9.42	89.00
41	0.00	1.47	9.06	89.47
42	0.00	1.58	9.12	89.30
43	0.00	1.43	9.20	89.37
44	0.00	1.37	9.16	89.47
45	0.00	1.29	9.03	89.68
46	0.00	2.05	9.49	88.45
47	0.00	1.47	9.09	89.45
48	0.00	1.29	8.46	90.25
49	0.00	1.33	8.70	89.97
50	0.00	1.30	8.76	89.95
51	0.00	1.26	8.63	90.11
52	0.00	1.17	8.43	90.40
53	0.00	1.31	9.12	89.57
54	0.00	1.14	8.47	90.39
55	0.00	0.93	8.31	90.76
56	0.00	1.05	7.82	91.13
57	0.00	0.95	7.37	91.68
58	0.00	1.00	7.48	91.53
59	0.00	0.98	7.45	91.58
60	0.00	0.97	7.52	91.51
61	0.00	1.02	7.76	91.22
62	0.00	1.01	7.59	91.40
63	0.00	1.19	8.46	90.35
64	0.00	0.98	7.72	91.30
65	0.00	0.98	7.80	91.22
66	0.00	0.99	7.84	91.17
67	0.00	0.92	7.70	91.38
68	0.00	1.01	8.12	90.87
69	0.00	0.88	7.63	91.49
70	0.00	0.79	7.04	92.17
71	0.00	0.92	7.68	91.40
72	0.00	1.01	8.17	90.83
73	0.00	0.98	8.22	90.79
74	0.00	1.02	8.30	90.68
75	0.00	0.78	7.39	91.83
76	0.00	0.86	7.61	91.53
77	0.00	0.84	7.65	91.51
78	0.00	0.78	7.46	91.77
79	0.00	0.87	7.91	91.22
80	0.00	0.86	7.83	91.31
81	0.00	0.81	7.64	91.55
82	0.00	0.84	7.83	91.33
83	0.00	0.77	7.57	91.66
84	0.00	0.84	7.69	91.47
85	0.00	0.92	8.24	90.84
86	0.00	0.87	8.01	91.12
87	0.00	0.95	8.24	90.82
88	0.00	0.87	8.00	91.12
89	0.00	1.14	9.14	89.72
90	0.00	0.98	8.65	90.36
91	0.00	1.05	8.82	90.13
92	0.00	1.30	9.82	88.88
93	0.00	1.03	8.93	90.03
94	0.00	1.10	9.15	89.76
95	0.00	1.16	9.42	89.42
96	0.00	1.13	9.43	89.44
97	0.00	1.24	9.91	88.85
98	0.00	1.18	9.86	88.95
99	0.00	1.34	10.49	88.17
100	0.00	1.30	10.30	88.40




