Parameters
	Library type	Paired-end
	Input files	KU328820-15_A_L003_R1_034.trimmed.fastq.gz	KU328820-15_A_L003_R2_034.trimmed.fastq.gz
	Primer/Adaptor library	NA
	Cut-off read length for HQ	70%
	Cut-off quality score	20
	Only statistics	On
	Number of CPUs	2


QC statistics
	File name	KU328820-15_A_L003_R1_034.trimmed.fastq.gz	KU328820-15_A_L003_R2_034.trimmed.fastq.gz
	Total number of reads	4000000	4000000
	Total number of HQ reads	3987807	3987807
	Percentage of HQ reads	99.70%	99.70%
	Total number of bases	370478420	367448462
	Total number of bases in HQ reads	369759823	367261692
	Total number of HQ bases in HQ reads	368101512	365584104
	Percentage of HQ bases in HQ reads	99.55%	99.54%
	Number of Primer/Adaptor contaminated HQ reads	NA	NA
	Total number of HQ filtered reads	3987807	3987807
	Percentage of HQ filtered reads	99.70%	99.70%


Detailed QC statistics
	File name	KU328820-15_A_L003_R1_034.trimmed.fastq.gz	KU328820-15_A_L003_R2_034.trimmed.fastq.gz
	Minimum read length	1	1
	Maximum read length	100	100
	Average read length	92.62	91.86
	Total number of reads	4000000	4000000
	Total number of reads with non-ATGC bases	175	3854
	Percentage of reads with non-ATGC bases	0.00%	0.10%
	Total number of bases	370478420	367448462
	Total number of HQ bases	368793582	365720181
	Percentage of HQ bases	99.55%	99.53%
	Total number of non-ATGC bases	175	3854
	Percentage of non-ATGC bases	0.00%	0.00%


Average quality score at each base position of input reads

KU328820-15_A_L003_R1_034.trimmed.fastq.gz
32.40	32.82	32.96	36.26	36.22	36.22	36.22	36.21	37.94	37.91	37.91	37.89	37.87	39.33	39.30	39.26	39.22	39.16	39.18	39.13	39.07	39.00	38.95	38.89	38.79	38.71	38.62	38.51	38.42	38.31	38.19	38.05	37.95	37.82	37.71	37.61	37.47	37.34	37.21	37.05	36.90	36.77	36.83	36.74	36.71	36.58	36.49	36.37	36.20	36.07	36.09	36.04	35.91	35.81	35.66	35.51	35.31	35.17	35.00	34.80	34.61	34.44	34.22	33.99	33.79	33.60	33.38	33.17	32.93	32.63	32.39	32.21	31.96	31.71	31.45	30.62	30.82	30.85	30.71	30.53	30.33	30.11	29.87	29.66	29.47	29.29	29.08	28.92	28.73	28.54	28.36	28.20	28.01	27.87	27.70	27.53	27.39	27.23	27.05	25.83	

KU328820-15_A_L003_R2_034.trimmed.fastq.gz
36.12	36.37	36.49	36.57	32.19	32.57	32.69	35.91	35.90	35.88	35.86	35.83	37.46	37.44	37.36	37.32	37.26	38.61	38.59	38.51	38.45	38.38	38.37	38.27	38.22	38.13	38.05	37.99	37.89	37.81	37.72	37.66	37.57	37.45	37.34	37.26	37.16	37.06	36.98	36.86	36.76	36.67	36.57	36.45	36.33	36.32	36.24	36.18	36.09	35.97	35.85	35.71	35.52	35.37	34.40	34.54	34.75	34.77	34.64	34.53	34.37	34.20	34.03	33.87	33.69	33.50	33.51	33.39	33.28	33.12	32.91	32.74	32.56	32.37	32.19	31.99	31.76	31.56	31.33	31.10	30.89	30.67	30.46	30.24	30.03	29.81	29.59	29.43	29.23	29.05	28.90	28.72	28.57	28.40	28.25	28.11	27.82	27.62	27.41	27.29	





Read count (%) per base for different quality score ranges

	KU328820-15_A_L003_R1_034.trimmed.fastq.gz
Ranges	0-10	11-20	21-30	31-40
Base
1	0.00	1.01	7.78	91.21
2	0.00	0.50	6.45	93.05
3	0.00	0.37	5.92	93.71
4	0.00	0.34	2.39	97.28
5	0.00	0.36	2.67	96.97
6	0.00	0.37	2.63	97.00
7	0.00	0.36	2.65	96.99
8	0.00	0.38	2.69	96.93
9	0.00	0.38	2.70	96.92
10	0.00	0.39	2.79	96.82
11	0.00	0.38	2.74	96.88
12	0.00	0.39	2.80	96.80
13	0.00	0.40	2.85	96.76
14	0.00	0.90	5.35	93.75
15	0.00	0.90	5.44	93.66
16	0.00	0.91	5.43	93.67
17	0.00	0.92	5.44	93.63
18	0.00	0.96	5.51	93.53
19	0.00	0.94	5.57	93.49
20	0.00	0.95	5.56	93.49
21	0.00	0.95	5.62	93.43
22	0.00	0.96	5.57	93.48
23	0.00	0.92	5.54	93.54
24	0.00	0.96	5.73	93.31
25	0.00	0.97	5.78	93.25
26	0.00	0.98	5.71	93.30
27	0.00	0.95	5.71	93.33
28	0.00	0.94	5.76	93.30
29	0.00	0.90	5.71	93.39
30	0.00	0.90	5.79	93.30
31	0.00	0.89	5.86	93.25
32	0.00	0.88	5.97	93.14
33	0.00	0.86	5.89	93.25
34	0.00	0.86	6.00	93.15
35	0.00	0.85	6.01	93.14
36	0.00	0.81	5.91	93.27
37	0.00	0.83	5.96	93.21
38	0.00	0.83	5.94	93.22
39	0.00	0.82	5.91	93.27
40	0.00	0.83	6.02	93.15
41	0.00	0.84	6.01	93.15
42	0.00	0.82	5.93	93.25
43	0.00	0.81	6.02	93.17
44	0.00	0.84	6.14	93.02
45	0.00	0.80	5.84	93.35
46	0.00	0.83	5.97	93.20
47	0.00	0.81	5.89	93.30
48	0.00	0.81	5.85	93.34
49	0.00	0.87	6.05	93.09
50	0.00	0.84	5.97	93.19
51	0.00	0.74	5.64	93.62
52	0.00	0.72	5.38	93.90
53	0.00	0.74	5.42	93.84
54	0.00	0.70	5.25	94.04
55	0.00	0.72	5.29	93.99
56	0.00	0.70	5.30	93.99
57	0.00	0.73	5.41	93.87
58	0.00	0.70	5.31	93.99
59	0.00	0.67	5.32	94.01
60	0.00	0.69	5.40	93.91
61	0.00	0.69	5.41	93.91
62	0.00	0.67	5.36	93.97
63	0.00	0.70	5.49	93.81
64	0.00	0.72	5.63	93.65
65	0.00	0.71	5.69	93.60
66	0.00	0.69	5.61	93.70
67	0.00	0.68	5.67	93.65
68	0.00	0.67	5.67	93.67
69	0.00	0.68	5.79	93.53
70	0.00	0.76	5.62	93.62
71	0.00	0.74	5.84	93.43
72	0.00	0.66	5.69	93.65
73	0.00	0.68	5.79	93.53
74	0.00	0.69	5.95	93.35
75	0.00	0.70	6.10	93.20
76	0.00	0.63	8.37	91.00
77	0.00	0.59	6.37	93.04
78	0.00	0.57	5.67	93.75
79	0.00	0.59	5.54	93.86
80	0.00	0.59	5.49	93.91
81	0.00	0.61	5.50	93.89
82	0.00	0.63	5.65	93.71
83	0.00	0.68	5.93	93.39
84	0.00	0.72	6.11	93.17
85	0.00	0.72	6.12	93.16
86	0.00	0.75	6.21	93.04
87	0.00	0.80	6.47	92.73
88	0.00	0.80	6.52	92.69
89	0.00	0.85	6.73	92.42
90	0.00	0.91	7.00	92.09
91	0.00	0.92	7.22	91.85
92	0.00	0.93	7.25	91.82
93	0.00	0.99	7.56	91.44
94	0.00	0.98	7.56	91.47
95	0.00	1.01	7.74	91.25
96	0.00	1.00	7.84	91.16
97	0.00	0.96	7.80	91.25
98	0.00	0.95	7.88	91.18
99	0.00	0.97	8.02	91.01
100	0.00	2.61	16.07	81.32


	KU328820-15_A_L003_R2_034.trimmed.fastq.gz
Ranges	0-10	11-20	21-30	31-40
Base
1	0.10	1.97	3.03	94.90
2	0.00	1.10	2.28	96.62
3	0.00	0.69	1.95	97.36
4	0.00	0.51	1.73	97.76
5	0.00	0.77	9.75	89.48
6	0.00	0.64	7.46	91.90
7	0.00	0.62	7.19	92.19
8	0.00	0.61	3.38	96.01
9	0.00	0.60	3.40	96.00
10	0.00	0.63	3.40	95.97
11	0.00	0.63	3.42	95.96
12	0.00	0.62	3.36	96.02
13	0.00	0.60	3.31	96.08
14	0.00	0.59	3.29	96.12
15	0.00	0.61	3.43	95.96
16	0.00	0.60	3.40	96.00
17	0.00	0.59	3.46	95.95
18	0.00	1.33	6.54	92.13
19	0.00	1.26	6.32	92.42
20	0.00	1.26	6.43	92.32
21	0.00	1.23	6.32	92.45
22	0.00	1.20	6.26	92.54
23	0.00	1.20	6.34	92.46
24	0.00	1.19	6.38	92.43
25	0.00	1.15	6.22	92.63
26	0.00	1.15	6.28	92.57
27	0.00	1.09	6.14	92.78
28	0.00	1.12	6.38	92.51
29	0.00	1.09	6.42	92.49
30	0.00	1.05	6.26	92.69
31	0.00	1.00	6.28	92.71
32	0.00	0.94	6.07	92.99
33	0.00	0.93	6.07	93.01
34	0.00	0.94	6.21	92.85
35	0.00	0.93	6.26	92.82
36	0.00	0.87	6.13	93.00
37	0.00	0.87	6.19	92.94
38	0.00	0.86	6.21	92.93
39	0.00	0.82	6.08	93.10
40	0.00	0.83	6.20	92.97
41	0.00	0.83	6.19	92.99
42	0.00	0.81	6.04	93.15
43	0.00	0.80	5.99	93.21
44	0.00	0.82	6.05	93.12
45	0.00	0.81	6.03	93.16
46	0.00	0.80	6.17	93.02
47	0.00	0.80	6.12	93.08
48	0.00	0.79	5.99	93.23
49	0.00	0.79	6.00	93.21
50	0.00	0.80	5.98	93.22
51	0.00	0.79	5.88	93.33
52	0.00	0.78	5.87	93.35
53	0.00	0.82	6.04	93.14
54	0.00	0.82	5.95	93.23
55	0.00	0.55	5.26	94.20
56	0.00	0.69	4.68	94.63
57	0.00	0.70	4.99	94.31
58	0.00	0.71	5.24	94.04
59	0.00	0.79	5.58	93.64
60	0.00	0.76	5.55	93.68
61	0.00	0.76	5.66	93.58
62	0.00	0.76	5.66	93.58
63	0.00	0.76	5.80	93.44
64	0.00	0.74	5.74	93.52
65	0.00	0.75	5.77	93.48
66	0.00	0.75	5.84	93.41
67	0.00	0.62	5.36	94.02
68	0.00	0.61	5.23	94.16
69	0.00	0.58	5.07	94.35
70	0.00	0.58	5.06	94.36
71	0.00	0.60	5.20	94.20
72	0.00	0.57	5.03	94.40
73	0.00	0.57	5.04	94.39
74	0.00	0.56	5.02	94.42
75	0.00	0.53	4.90	94.57
76	0.00	0.54	4.93	94.53
77	0.00	0.56	5.05	94.39
78	0.00	0.53	4.94	94.52
79	0.00	0.55	5.07	94.38
80	0.00	0.56	5.14	94.31
81	0.00	0.56	5.16	94.28
82	0.00	0.57	5.25	94.19
83	0.00	0.58	5.28	94.14
84	0.00	0.60	5.38	94.02
85	0.00	0.60	5.42	93.98
86	0.00	0.64	5.60	93.75
87	0.00	0.68	5.81	93.51
88	0.00	0.64	5.67	93.69
89	0.00	0.70	5.89	93.41
90	0.00	0.73	5.94	93.34
91	0.00	0.70	5.93	93.37
92	0.00	0.75	6.11	93.14
93	0.00	0.75	6.18	93.07
94	0.00	0.79	6.37	92.84
95	0.00	0.79	6.41	92.80
96	0.00	0.78	6.40	92.82
97	0.00	0.80	6.50	92.70
98	0.00	0.81	6.66	92.53
99	0.00	0.84	6.94	92.22
100	0.00	0.91	7.03	92.06




