Parameters
	Library type	Paired-end
	Input files	KU328820-15_A_L003_R1_009.trimmed.fastq.gz	KU328820-15_A_L003_R2_009.trimmed.fastq.gz
	Primer/Adaptor library	NA
	Cut-off read length for HQ	70%
	Cut-off quality score	20
	Only statistics	On
	Number of CPUs	2


QC statistics
	File name	KU328820-15_A_L003_R1_009.trimmed.fastq.gz	KU328820-15_A_L003_R2_009.trimmed.fastq.gz
	Total number of reads	4000000	4000000
	Total number of HQ reads	3989201	3989201
	Percentage of HQ reads	99.73%	99.73%
	Total number of bases	370415080	368636476
	Total number of bases in HQ reads	369758884	368487326
	Total number of HQ bases in HQ reads	368131966	366882597
	Percentage of HQ bases in HQ reads	99.56%	99.56%
	Number of Primer/Adaptor contaminated HQ reads	NA	NA
	Total number of HQ filtered reads	3989201	3989201
	Percentage of HQ filtered reads	99.73%	99.73%


Detailed QC statistics
	File name	KU328820-15_A_L003_R1_009.trimmed.fastq.gz	KU328820-15_A_L003_R2_009.trimmed.fastq.gz
	Minimum read length	1	1
	Maximum read length	100	100
	Average read length	92.60	92.16
	Total number of reads	4000000	4000000
	Total number of reads with non-ATGC bases	82	3581
	Percentage of reads with non-ATGC bases	0.00%	0.09%
	Total number of bases	370415080	368636476
	Total number of HQ bases	368765415	366986125
	Percentage of HQ bases	99.55%	99.55%
	Total number of non-ATGC bases	82	3581
	Percentage of non-ATGC bases	0.00%	0.00%


Average quality score at each base position of input reads

KU328820-15_A_L003_R1_009.trimmed.fastq.gz
32.59	32.96	33.08	36.35	36.29	36.31	36.29	36.30	38.05	38.04	38.03	37.99	37.98	39.46	39.45	39.41	39.38	39.34	39.35	39.29	39.25	39.16	39.10	39.03	38.97	38.85	38.76	38.69	38.60	38.49	38.39	38.27	38.15	38.01	37.91	37.76	37.59	37.46	37.33	37.22	37.07	36.92	36.99	36.95	36.84	36.74	36.60	36.47	36.38	36.20	36.26	36.17	36.09	35.97	35.85	35.70	35.52	35.29	35.13	34.95	34.78	34.57	34.37	34.18	33.97	33.76	33.54	33.28	33.02	32.66	32.37	32.15	31.83	31.28	31.18	30.11	30.54	30.63	30.56	30.37	30.16	29.96	29.70	29.47	29.27	29.08	28.89	28.69	28.51	28.33	28.15	27.98	27.80	27.62	27.43	27.25	27.05	26.87	26.67	25.44	

KU328820-15_A_L003_R2_009.trimmed.fastq.gz
36.14	36.39	36.48	36.59	32.64	32.87	32.92	36.03	36.03	36.01	35.98	35.95	37.59	37.58	37.52	37.45	37.40	38.79	38.74	38.70	38.62	38.54	38.56	38.42	38.38	38.33	38.26	38.17	38.07	38.00	37.91	37.83	37.75	37.63	37.54	37.43	37.33	37.22	37.13	37.01	36.89	36.80	36.70	36.59	36.44	36.40	36.35	36.28	36.20	36.05	35.87	35.71	35.63	35.48	34.43	34.72	34.92	34.93	34.86	34.75	34.59	34.44	34.24	34.10	33.91	33.69	33.69	33.63	33.53	33.36	33.20	32.98	32.81	32.61	32.41	32.19	31.97	31.75	31.52	31.31	31.09	30.86	30.67	30.44	30.16	29.96	29.77	29.62	29.45	29.28	29.04	28.88	28.73	28.57	28.40	28.25	27.82	27.62	27.43	27.32	





Read count (%) per base for different quality score ranges

	KU328820-15_A_L003_R1_009.trimmed.fastq.gz
Ranges	0-10	11-20	21-30	31-40
Base
1	0.00	0.91	7.06	92.03
2	0.00	0.41	5.80	93.79
3	0.00	0.32	5.27	94.41
4	0.00	0.28	2.08	97.64
5	0.00	0.31	2.44	97.25
6	0.00	0.32	2.33	97.35
7	0.00	0.33	2.44	97.22
8	0.00	0.32	2.39	97.29
9	0.00	0.32	2.38	97.30
10	0.00	0.33	2.42	97.25
11	0.00	0.33	2.44	97.23
12	0.00	0.35	2.53	97.12
13	0.00	0.35	2.53	97.13
14	0.00	0.87	5.23	93.90
15	0.00	0.85	5.20	93.95
16	0.00	0.86	5.20	93.93
17	0.00	0.86	5.22	93.92
18	0.00	0.86	5.20	93.94
19	0.00	0.87	5.25	93.88
20	0.00	0.89	5.33	93.79
21	0.00	0.87	5.23	93.90
22	0.00	0.88	5.38	93.74
23	0.00	0.87	5.34	93.79
24	0.00	0.90	5.58	93.52
25	0.00	0.87	5.42	93.71
26	0.00	0.92	5.52	93.56
27	0.00	0.91	5.53	93.57
28	0.00	0.87	5.45	93.68
29	0.00	0.84	5.42	93.74
30	0.00	0.83	5.48	93.69
31	0.00	0.80	5.49	93.70
32	0.00	0.80	5.58	93.62
33	0.00	0.81	5.68	93.51
34	0.00	0.81	5.71	93.48
35	0.00	0.80	5.70	93.50
36	0.00	0.81	5.76	93.44
37	0.00	0.82	5.93	93.24
38	0.00	0.81	5.89	93.30
39	0.00	0.80	5.84	93.36
40	0.00	0.79	5.74	93.47
41	0.00	0.80	5.70	93.50
42	0.00	0.81	5.77	93.42
43	0.00	0.76	5.77	93.47
44	0.00	0.76	5.65	93.59
45	0.00	0.80	5.77	93.43
46	0.00	0.79	5.74	93.47
47	0.00	0.81	5.83	93.36
48	0.00	0.81	5.83	93.36
49	0.00	0.80	5.67	93.54
50	0.00	0.83	5.86	93.30
51	0.00	0.71	5.39	93.90
52	0.00	0.72	5.34	93.94
53	0.00	0.69	5.17	94.14
54	0.00	0.69	5.08	94.24
55	0.00	0.67	5.05	94.29
56	0.00	0.66	5.04	94.30
57	0.00	0.69	5.15	94.17
58	0.00	0.73	5.37	93.89
59	0.00	0.69	5.34	93.98
60	0.00	0.67	5.28	94.05
61	0.00	0.66	5.27	94.07
62	0.00	0.70	5.42	93.88
63	0.00	0.67	5.44	93.88
64	0.00	0.67	5.43	93.90
65	0.00	0.69	5.52	93.80
66	0.00	0.68	5.52	93.81
67	0.00	0.68	5.61	93.71
68	0.00	0.71	5.76	93.53
69	0.00	0.72	5.86	93.42
70	0.00	0.71	5.98	93.31
71	0.00	0.76	6.24	93.01
72	0.00	0.73	6.17	93.10
73	0.00	0.79	6.51	92.70
74	0.00	1.00	7.96	91.04
75	0.00	0.81	7.09	92.10
76	0.00	0.75	10.71	88.54
77	0.00	0.65	7.13	92.23
78	0.00	0.65	6.26	93.09
79	0.00	0.61	5.82	93.57
80	0.00	0.65	5.82	93.53
81	0.00	0.68	5.92	93.40
82	0.00	0.68	5.93	93.39
83	0.00	0.75	6.25	93.00
84	0.00	0.79	6.43	92.78
85	0.00	0.79	6.51	92.70
86	0.00	0.80	6.57	92.62
87	0.00	0.83	6.71	92.46
88	0.00	0.89	6.94	92.16
89	0.00	0.91	7.10	92.00
90	0.00	0.94	7.24	91.83
91	0.00	0.97	7.41	91.62
92	0.00	0.98	7.51	91.51
93	0.00	1.02	7.71	91.27
94	0.00	1.04	7.88	91.08
95	0.00	1.08	8.14	90.78
96	0.00	1.07	8.20	90.73
97	0.00	1.08	8.46	90.46
98	0.00	1.07	8.59	90.34
99	0.00	1.10	8.73	90.18
100	0.00	2.78	16.68	80.53


	KU328820-15_A_L003_R2_009.trimmed.fastq.gz
Ranges	0-10	11-20	21-30	31-40
Base
1	0.09	1.82	2.95	95.14
2	0.00	0.96	2.15	96.89
3	0.00	0.66	1.87	97.46
4	0.00	0.51	1.66	97.83
5	0.00	0.64	7.44	91.92
6	0.00	0.58	6.44	92.99
7	0.00	0.55	6.12	93.33
8	0.00	0.55	3.07	96.38
9	0.00	0.54	3.05	96.41
10	0.00	0.57	3.10	96.33
11	0.00	0.57	3.10	96.33
12	0.00	0.57	3.11	96.32
13	0.00	0.55	3.06	96.39
14	0.00	0.54	3.02	96.44
15	0.00	0.55	3.14	96.31
16	0.00	0.57	3.23	96.20
17	0.00	0.56	3.23	96.20
18	0.00	1.27	6.28	92.45
19	0.00	1.23	6.22	92.55
20	0.00	1.19	6.11	92.71
21	0.00	1.18	6.10	92.72
22	0.00	1.18	6.10	92.72
23	0.00	1.13	6.01	92.86
24	0.00	1.17	6.18	92.65
25	0.00	1.09	5.95	92.96
26	0.00	1.05	5.85	93.11
27	0.00	1.02	5.77	93.21
28	0.00	1.08	6.12	92.80
29	0.00	1.05	6.05	92.90
30	0.00	0.98	5.93	93.09
31	0.00	0.96	5.92	93.12
32	0.00	0.93	5.84	93.24
33	0.00	0.89	5.76	93.34
34	0.00	0.89	5.93	93.18
35	0.00	0.87	5.88	93.25
36	0.00	0.86	5.92	93.22
37	0.00	0.85	5.96	93.18
38	0.00	0.83	5.98	93.19
39	0.00	0.80	5.92	93.28
40	0.00	0.82	5.98	93.21
41	0.00	0.82	5.95	93.23
42	0.00	0.82	5.91	93.27
43	0.00	0.78	5.87	93.35
44	0.00	0.79	5.85	93.36
45	0.00	0.81	5.94	93.24
46	0.00	0.84	6.17	92.99
47	0.00	0.79	5.88	93.33
48	0.00	0.77	5.81	93.42
49	0.00	0.77	5.71	93.52
50	0.00	0.81	5.89	93.30
51	0.00	0.80	5.89	93.32
52	0.00	0.81	5.90	93.29
53	0.00	0.75	5.58	93.67
54	0.00	0.77	5.63	93.60
55	0.00	0.51	5.06	94.43
56	0.00	0.54	4.37	95.09
57	0.00	0.61	4.68	94.71
58	0.00	0.68	5.18	94.14
59	0.00	0.71	5.37	93.92
60	0.00	0.70	5.29	94.01
61	0.00	0.74	5.45	93.82
62	0.00	0.71	5.32	93.97
63	0.00	0.73	5.64	93.63
64	0.00	0.71	5.57	93.72
65	0.00	0.73	5.68	93.59
66	0.00	0.76	5.85	93.39
67	0.00	0.63	5.39	93.97
68	0.00	0.58	4.98	94.44
69	0.00	0.55	4.77	94.68
70	0.00	0.56	4.82	94.62
71	0.00	0.54	4.77	94.69
72	0.00	0.57	4.89	94.54
73	0.00	0.53	4.80	94.67
74	0.00	0.54	4.81	94.65
75	0.00	0.54	4.82	94.64
76	0.00	0.54	4.91	94.55
77	0.00	0.55	4.95	94.50
78	0.00	0.56	4.96	94.49
79	0.00	0.56	5.05	94.39
80	0.00	0.54	5.04	94.42
81	0.00	0.55	5.03	94.41
82	0.00	0.58	5.17	94.25
83	0.00	0.56	5.06	94.39
84	0.00	0.57	5.19	94.24
85	0.00	0.68	5.61	93.70
86	0.00	0.65	5.66	93.69
87	0.00	0.66	5.63	93.71
88	0.00	0.64	5.50	93.86
89	0.00	0.64	5.52	93.84
90	0.00	0.65	5.58	93.76
91	0.00	0.76	6.11	93.13
92	0.00	0.75	6.14	93.10
93	0.00	0.76	6.13	93.11
94	0.00	0.78	6.27	92.96
95	0.00	0.81	6.41	92.78
96	0.00	0.81	6.49	92.71
97	0.00	0.82	6.65	92.53
98	0.00	0.83	6.71	92.46
99	0.00	0.83	6.86	92.30
100	0.00	0.88	6.97	92.15




