Parameters
	Library type	Paired-end
	Input files	KU328820-15_A_L003_R1_026.trimmed.fastq.gz	KU328820-15_A_L003_R2_026.trimmed.fastq.gz
	Primer/Adaptor library	NA
	Cut-off read length for HQ	70%
	Cut-off quality score	20
	Only statistics	On
	Number of CPUs	2


QC statistics
	File name	KU328820-15_A_L003_R1_026.trimmed.fastq.gz	KU328820-15_A_L003_R2_026.trimmed.fastq.gz
	Total number of reads	4000000	4000000
	Total number of HQ reads	3986501	3986501
	Percentage of HQ reads	99.66%	99.66%
	Total number of bases	361282899	355439537
	Total number of bases in HQ reads	360538167	355230099
	Total number of HQ bases in HQ reads	358598240	353171487
	Percentage of HQ bases in HQ reads	99.46%	99.42%
	Number of Primer/Adaptor contaminated HQ reads	NA	NA
	Total number of HQ filtered reads	3986501	3986501
	Percentage of HQ filtered reads	99.66%	99.66%


Detailed QC statistics
	File name	KU328820-15_A_L003_R1_026.trimmed.fastq.gz	KU328820-15_A_L003_R2_026.trimmed.fastq.gz
	Minimum read length	1	1
	Maximum read length	100	100
	Average read length	90.32	88.86
	Total number of reads	4000000	4000000
	Total number of reads with non-ATGC bases	187	3626
	Percentage of reads with non-ATGC bases	0.00%	0.09%
	Total number of bases	361282899	355439537
	Total number of HQ bases	359311045	353320621
	Percentage of HQ bases	99.45%	99.40%
	Total number of non-ATGC bases	187	3626
	Percentage of non-ATGC bases	0.00%	0.00%


Average quality score at each base position of input reads

KU328820-15_A_L003_R1_026.trimmed.fastq.gz
32.12	32.60	32.78	36.11	36.07	36.07	36.08	36.06	37.70	37.69	37.67	37.67	37.65	39.03	39.01	38.98	38.95	38.87	38.86	38.81	38.74	38.69	38.60	38.54	38.46	38.34	38.24	38.12	38.02	37.90	37.76	37.61	37.42	37.27	37.20	37.10	36.97	36.84	36.68	36.54	36.37	36.22	36.27	36.20	36.12	36.02	35.90	35.76	35.62	35.44	35.40	35.38	35.22	35.08	34.95	34.82	34.63	34.45	34.27	34.09	33.92	33.75	33.53	33.30	33.09	32.89	32.67	32.30	31.97	30.03	30.01	29.92	29.79	29.56	29.31	28.51	28.70	28.74	28.61	28.43	28.23	28.03	27.83	27.65	27.48	27.31	27.13	26.92	26.74	26.59	26.44	26.29	26.14	25.95	25.65	25.51	25.34	25.18	25.03	23.98	

KU328820-15_A_L003_R2_026.trimmed.fastq.gz
35.79	36.20	36.38	36.49	32.17	32.49	32.57	35.73	35.71	35.70	35.67	35.64	37.08	37.11	37.06	37.04	36.94	38.23	38.13	38.06	38.03	37.94	37.92	37.87	37.77	37.68	37.56	37.50	37.39	37.32	37.22	37.11	36.98	36.88	36.77	36.67	36.44	36.40	36.29	36.22	36.13	36.00	35.87	35.74	35.59	35.58	35.52	35.39	35.30	35.18	34.97	34.84	34.71	34.55	33.55	32.06	32.48	32.61	32.56	32.46	32.34	32.20	32.01	31.38	31.25	31.09	31.10	30.97	30.86	30.75	30.59	30.37	30.23	30.07	29.90	29.69	29.46	29.27	29.06	28.85	28.66	28.44	28.22	28.03	27.86	27.67	27.49	27.20	27.06	26.90	26.74	26.59	26.43	26.26	26.13	25.98	25.72	25.54	25.37	25.23	





Read count (%) per base for different quality score ranges

	KU328820-15_A_L003_R1_026.trimmed.fastq.gz
Ranges	0-10	11-20	21-30	31-40
Base
1	0.00	1.38	9.90	88.72
2	0.00	0.65	8.18	91.16
3	0.00	0.50	7.47	92.03
4	0.00	0.44	3.02	96.54
5	0.00	0.47	3.37	96.17
6	0.00	0.48	3.35	96.17
7	0.00	0.48	3.33	96.19
8	0.00	0.50	3.44	96.06
9	0.00	0.51	3.50	96.00
10	0.00	0.51	3.53	95.96
11	0.00	0.53	3.56	95.91
12	0.00	0.52	3.55	95.93
13	0.00	0.53	3.57	95.90
14	0.00	1.09	6.20	92.71
15	0.00	1.11	6.23	92.67
16	0.00	1.11	6.21	92.68
17	0.00	1.09	6.22	92.69
18	0.00	1.14	6.34	92.52
19	0.00	1.15	6.46	92.39
20	0.00	1.14	6.41	92.45
21	0.00	1.16	6.46	92.38
22	0.00	1.14	6.39	92.47
23	0.00	1.12	6.43	92.45
24	0.00	1.13	6.55	92.32
25	0.00	1.10	6.52	92.38
26	0.00	1.14	6.58	92.28
27	0.00	1.12	6.55	92.33
28	0.00	1.11	6.59	92.30
29	0.00	1.05	6.52	92.43
30	0.00	1.04	6.57	92.39
31	0.00	1.03	6.67	92.30
32	0.00	1.03	6.78	92.19
33	0.00	1.39	6.87	91.75
34	0.00	1.18	7.19	91.63
35	0.00	1.02	6.89	92.10
36	0.00	0.97	6.75	92.28
37	0.00	0.92	6.65	92.42
38	0.00	0.93	6.65	92.43
39	0.00	0.95	6.73	92.32
40	0.00	0.94	6.69	92.37
41	0.00	0.96	6.72	92.33
42	0.00	0.94	6.70	92.35
43	0.00	0.89	6.68	92.43
44	0.00	0.89	6.59	92.52
45	0.00	0.90	6.49	92.62
46	0.00	0.88	6.41	92.71
47	0.00	0.88	6.44	92.67
48	0.00	0.89	6.46	92.65
49	0.00	0.90	6.51	92.58
50	0.00	0.94	6.61	92.46
51	0.00	0.84	6.35	92.81
52	0.00	0.79	5.93	93.28
53	0.00	0.82	6.03	93.15
54	0.00	0.81	6.02	93.17
55	0.00	0.80	5.93	93.27
56	0.00	0.77	5.79	93.44
57	0.00	0.80	5.89	93.31
58	0.00	0.78	5.88	93.34
59	0.00	0.77	5.93	93.31
60	0.00	0.76	5.89	93.35
61	0.00	0.74	5.83	93.43
62	0.00	0.72	5.79	93.49
63	0.00	0.74	5.93	93.33
64	0.00	0.76	6.02	93.22
65	0.00	0.77	6.08	93.15
66	0.00	0.74	6.06	93.19
67	0.00	0.74	6.11	93.16
68	0.00	0.74	6.12	93.15
69	0.00	0.82	6.53	92.66
70	0.00	2.63	7.74	89.63
71	0.00	1.22	7.64	91.14
72	0.00	0.91	6.76	92.34
73	0.00	0.78	6.34	92.88
74	0.00	0.78	6.44	92.78
75	0.00	0.77	6.62	92.61
76	0.00	0.71	9.04	90.25
77	0.00	0.64	6.86	92.50
78	0.00	0.61	6.09	93.30
79	0.00	0.62	5.86	93.51
80	0.00	0.64	5.88	93.48
81	0.00	0.67	5.98	93.34
82	0.00	0.68	6.05	93.27
83	0.00	0.72	6.19	93.09
84	0.00	0.72	6.22	93.06
85	0.00	0.70	6.20	93.10
86	0.00	0.73	6.25	93.02
87	0.00	0.78	6.45	92.77
88	0.00	0.85	6.83	92.31
89	0.00	0.90	7.07	92.03
90	0.00	0.89	7.11	92.00
91	0.00	0.91	7.25	91.84
92	0.00	0.92	7.31	91.77
93	0.00	0.94	7.40	91.66
94	0.00	1.00	7.66	91.34
95	0.00	1.17	7.89	90.94
96	0.00	1.03	8.00	90.97
97	0.00	1.02	8.12	90.86
98	0.00	1.01	8.26	90.73
99	0.00	1.03	8.33	90.64
100	0.00	2.53	15.70	81.78


	KU328820-15_A_L003_R2_026.trimmed.fastq.gz
Ranges	0-10	11-20	21-30	31-40
Base
1	0.09	2.54	4.03	93.33
2	0.00	1.30	2.97	95.72
3	0.00	0.85	2.46	96.70
4	0.00	0.65	2.19	97.16
5	0.00	1.00	10.77	88.22
6	0.00	0.87	8.71	90.42
7	0.00	0.82	8.49	90.68
8	0.00	0.80	4.23	94.97
9	0.00	0.78	4.26	94.96
10	0.00	0.79	4.15	95.06
11	0.00	0.79	4.19	95.02
12	0.00	0.78	4.15	95.06
13	0.00	1.09	4.30	94.62
14	0.00	0.87	4.16	94.98
15	0.00	0.85	4.22	94.94
16	0.00	0.81	4.12	95.08
17	0.00	0.81	4.28	94.90
18	0.00	1.56	7.27	91.17
19	0.00	1.53	7.36	91.11
20	0.00	1.46	7.25	91.30
21	0.00	1.37	7.04	91.59
22	0.00	1.36	7.06	91.58
23	0.00	1.38	7.15	91.47
24	0.00	1.31	6.99	91.71
25	0.00	1.27	6.95	91.78
26	0.00	1.28	6.93	91.79
27	0.00	1.29	7.02	91.69
28	0.00	1.26	7.14	91.60
29	0.00	1.24	7.11	91.66
30	0.00	1.17	6.92	91.91
31	0.00	1.15	6.86	91.99
32	0.00	1.11	6.86	92.03
33	0.00	1.11	6.93	91.96
34	0.00	1.07	6.90	92.03
35	0.00	1.04	6.87	92.09
36	0.00	1.01	6.88	92.11
37	0.00	1.46	7.18	91.36
38	0.00	1.12	6.92	91.96
39	0.00	1.04	6.95	92.01
40	0.00	0.98	6.73	92.29
41	0.00	0.95	6.64	92.41
42	0.00	0.95	6.69	92.35
43	0.00	0.96	6.76	92.29
44	0.00	0.94	6.79	92.27
45	0.00	0.93	6.72	92.35
46	0.00	0.88	6.77	92.35
47	0.00	0.87	6.64	92.49
48	0.00	0.89	6.69	92.42
49	0.00	0.89	6.62	92.49
50	0.00	0.89	6.60	92.51
51	0.00	0.93	6.75	92.32
52	0.00	0.89	6.51	92.61
53	0.00	0.87	6.43	92.70
54	0.00	0.87	6.38	92.75
55	0.00	0.64	5.97	93.39
56	0.00	2.43	7.12	90.45
57	0.00	1.10	6.47	92.43
58	0.00	0.95	5.96	93.09
59	0.00	0.93	5.98	93.08
60	0.00	0.89	6.09	93.02
61	0.00	0.83	6.03	93.14
62	0.00	0.80	6.05	93.14
63	0.00	0.81	6.23	92.96
64	0.00	1.33	6.52	92.15
65	0.00	1.01	6.52	92.47
66	0.00	0.92	6.44	92.64
67	0.00	0.73	5.89	93.38
68	0.00	0.73	5.88	93.39
69	0.00	0.67	5.65	93.68
70	0.00	0.60	5.40	94.00
71	0.00	0.61	5.41	93.98
72	0.00	0.67	5.64	93.69
73	0.00	0.59	5.38	94.03
74	0.00	0.57	5.28	94.15
75	0.00	0.56	5.21	94.23
76	0.00	0.57	5.31	94.12
77	0.00	0.61	5.49	93.90
78	0.00	0.59	5.44	93.97
79	0.00	0.60	5.52	93.89
80	0.00	0.60	5.60	93.80
81	0.00	0.58	5.55	93.87
82	0.00	0.61	5.67	93.71
83	0.00	0.65	5.81	93.55
84	0.00	0.63	5.81	93.56
85	0.00	0.61	5.69	93.70
86	0.00	0.64	5.80	93.56
87	0.00	0.66	5.88	93.46
88	0.00	0.74	6.20	93.06
89	0.00	0.70	6.13	93.17
90	0.00	0.72	6.17	93.11
91	0.00	0.73	6.26	93.01
92	0.00	0.76	6.38	92.86
93	0.00	0.80	6.52	92.69
94	0.00	0.84	6.68	92.48
95	0.00	0.82	6.72	92.46
96	0.00	0.83	6.82	92.35
97	0.00	0.82	6.84	92.34
98	0.00	0.84	6.94	92.22
99	0.00	0.82	7.04	92.14
100	0.00	0.95	7.38	91.67




