Parameters
	Library type	Paired-end
	Input files	KU328820-15_A_L003_R1_031.trimmed.fastq.gz	KU328820-15_A_L003_R2_031.trimmed.fastq.gz
	Primer/Adaptor library	NA
	Cut-off read length for HQ	70%
	Cut-off quality score	20
	Only statistics	On
	Number of CPUs	2


QC statistics
	File name	KU328820-15_A_L003_R1_031.trimmed.fastq.gz	KU328820-15_A_L003_R2_031.trimmed.fastq.gz
	Total number of reads	4000000	4000000
	Total number of HQ reads	3977643	3977643
	Percentage of HQ reads	99.44%	99.44%
	Total number of bases	353247441	340061176
	Total number of bases in HQ reads	352112283	339711251
	Total number of HQ bases in HQ reads	349338116	336556950
	Percentage of HQ bases in HQ reads	99.21%	99.07%
	Number of Primer/Adaptor contaminated HQ reads	NA	NA
	Total number of HQ filtered reads	3977643	3977643
	Percentage of HQ filtered reads	99.44%	99.44%


Detailed QC statistics
	File name	KU328820-15_A_L003_R1_031.trimmed.fastq.gz	KU328820-15_A_L003_R2_031.trimmed.fastq.gz
	Minimum read length	1	1
	Maximum read length	100	100
	Average read length	88.31	85.02
	Total number of reads	4000000	4000000
	Total number of reads with non-ATGC bases	207	4538
	Percentage of reads with non-ATGC bases	0.01%	0.11%
	Total number of bases	353247441	340061176
	Total number of HQ bases	350413958	336794553
	Percentage of HQ bases	99.20%	99.04%
	Total number of non-ATGC bases	207	4538
	Percentage of non-ATGC bases	0.00%	0.00%


Average quality score at each base position of input reads

KU328820-15_A_L003_R1_031.trimmed.fastq.gz
31.28	32.14	32.49	35.73	35.71	35.75	35.75	35.71	37.08	37.17	37.17	37.13	36.94	38.23	38.18	38.21	38.21	38.12	38.13	38.11	38.01	37.97	37.85	37.59	37.57	37.49	37.33	37.28	37.16	37.04	36.89	36.73	36.53	36.41	36.26	36.11	35.96	35.76	35.50	35.38	35.13	35.02	34.96	34.83	34.82	34.68	34.57	34.45	34.29	34.17	34.09	33.97	33.83	33.65	33.48	33.28	33.04	32.71	32.49	32.13	31.95	31.66	31.40	31.20	30.97	30.56	30.33	29.93	29.72	29.44	29.24	29.07	28.85	28.56	28.34	27.51	27.61	27.60	27.46	27.27	27.08	26.89	26.43	26.25	26.07	25.87	25.71	25.46	25.26	25.07	24.96	24.70	24.59	24.44	24.28	24.03	23.85	23.71	23.56	22.46	

KU328820-15_A_L003_R2_031.trimmed.fastq.gz
34.86	35.63	35.99	36.15	31.82	32.08	32.17	35.14	35.10	34.93	34.94	34.84	36.19	36.22	36.04	35.85	35.72	36.83	36.80	36.52	36.53	36.43	36.40	36.39	36.22	36.00	35.95	35.85	35.73	35.59	35.43	35.29	35.10	34.99	34.79	34.51	34.46	34.36	34.20	34.10	33.94	33.73	33.65	33.48	33.38	33.34	33.21	33.04	32.96	32.73	32.61	32.15	32.03	31.85	30.99	30.95	31.04	31.04	30.91	30.65	30.54	30.37	30.21	29.83	29.50	29.23	29.18	29.00	28.91	28.59	28.44	28.26	28.10	27.65	27.35	27.17	27.05	26.85	26.68	26.44	26.14	25.93	25.77	25.50	25.18	24.89	24.73	24.55	24.34	24.19	23.93	23.76	23.62	23.44	23.25	23.10	22.77	22.71	22.51	22.45	





Read count (%) per base for different quality score ranges

	KU328820-15_A_L003_R1_031.trimmed.fastq.gz
Ranges	0-10	11-20	21-30	31-40
Base
1	0.01	3.40	15.25	81.34
2	0.00	1.25	12.02	86.73
3	0.00	0.89	10.51	88.60
4	0.00	0.77	4.93	94.30
5	0.00	0.89	5.15	93.96
6	0.00	0.86	5.02	94.12
7	0.00	0.80	5.09	94.11
8	0.00	0.84	5.34	93.82
9	0.00	1.32	5.33	93.35
10	0.00	0.97	5.25	93.78
11	0.00	0.88	5.25	93.87
12	0.00	0.89	5.43	93.68
13	0.00	1.54	5.56	92.89
14	0.00	1.92	7.75	90.32
15	0.00	1.64	7.88	90.49
16	0.00	1.51	7.64	90.85
17	0.00	1.45	7.59	90.96
18	0.00	1.47	7.84	90.69
19	0.00	1.46	7.87	90.67
20	0.00	1.40	7.76	90.85
21	0.00	1.38	7.86	90.75
22	0.00	1.35	7.69	90.96
23	0.00	1.38	7.88	90.74
24	0.00	2.28	8.32	89.40
25	0.00	1.68	8.16	90.16
26	0.00	1.56	7.94	90.50
27	0.00	1.53	8.14	90.32
28	0.00	1.40	7.89	90.70
29	0.00	1.33	8.01	90.66
30	0.00	1.26	8.02	90.72
31	0.00	1.26	8.14	90.60
32	0.00	1.25	8.26	90.50
33	0.00	1.53	8.39	90.08
34	0.00	1.29	8.37	90.34
35	0.00	1.29	8.33	90.38
36	0.00	1.27	8.27	90.46
37	0.00	1.23	8.28	90.49
38	0.00	1.27	8.39	90.34
39	0.00	1.56	8.64	89.80
40	0.00	1.30	8.56	90.14
41	0.00	1.65	8.55	89.81
42	0.00	1.38	8.41	90.21
43	0.00	1.59	8.58	89.83
44	0.00	1.69	8.40	89.90
45	0.00	1.34	8.13	90.54
46	0.00	1.25	8.16	90.59
47	0.00	1.19	8.02	90.79
48	0.00	1.13	7.96	90.90
49	0.00	1.13	8.03	90.84
50	0.00	1.08	7.84	91.08
51	0.00	1.00	7.62	91.39
52	0.00	0.97	7.35	91.68
53	0.00	0.96	7.29	91.75
54	0.00	0.98	7.30	91.73
55	0.00	0.99	7.17	91.84
56	0.00	0.98	7.27	91.74
57	0.00	0.94	7.10	91.96
58	0.00	0.92	6.92	92.17
59	0.00	0.91	7.09	92.00
60	0.00	0.89	6.99	92.12
61	0.00	0.86	6.93	92.21
62	0.00	0.84	6.84	92.32
63	0.00	0.90	7.12	91.98
64	0.00	0.86	7.08	92.05
65	0.00	0.87	7.20	91.92
66	0.00	1.17	7.43	91.39
67	0.00	1.02	7.59	91.39
68	0.00	1.14	7.69	91.17
69	0.00	1.01	7.73	91.26
70	0.00	1.05	7.89	91.06
71	0.00	0.96	7.91	91.13
72	0.00	0.87	7.61	91.52
73	0.00	0.86	7.63	91.51
74	0.00	0.92	7.95	91.13
75	0.00	0.88	7.93	91.19
76	0.00	0.90	10.98	88.12
77	0.00	0.75	8.36	90.88
78	0.00	0.80	7.76	91.44
79	0.00	0.80	7.62	91.58
80	0.00	0.81	7.58	91.60
81	0.00	0.83	7.61	91.55
82	0.00	0.83	7.58	91.59
83	0.00	1.18	7.93	90.89
84	0.00	1.06	8.15	90.80
85	0.00	1.00	8.28	90.71
86	0.00	1.03	8.43	90.54
87	0.00	1.04	8.49	90.47
88	0.00	1.00	8.38	90.62
89	0.00	1.11	8.80	90.09
90	0.00	1.19	9.05	89.76
91	0.00	1.08	8.80	90.11
92	0.00	1.07	8.70	90.23
93	0.00	1.02	8.45	90.53
94	0.00	1.06	8.59	90.34
95	0.00	1.08	8.77	90.15
96	0.00	1.15	9.12	89.73
97	0.00	1.15	9.34	89.50
98	0.00	1.08	9.29	89.63
99	0.00	1.08	9.27	89.65
100	0.00	2.94	17.57	79.48


	KU328820-15_A_L003_R2_031.trimmed.fastq.gz
Ranges	0-10	11-20	21-30	31-40
Base
1	0.11	5.07	8.03	86.79
2	0.00	2.17	5.66	92.17
3	0.00	1.41	4.41	94.18
4	0.00	1.15	3.94	94.90
5	0.00	1.67	15.70	82.63
6	0.00	1.54	13.53	84.93
7	0.00	1.49	13.01	85.50
8	0.00	1.42	6.99	91.59
9	0.00	1.41	7.07	91.51
10	0.00	1.91	7.29	90.80
11	0.00	1.62	7.20	91.19
12	0.00	1.77	7.13	91.11
13	0.00	1.54	6.94	91.52
14	0.00	1.36	6.62	92.02
15	0.00	1.64	6.86	91.50
16	0.00	1.94	7.11	90.95
17	0.00	1.94	7.18	90.88
18	0.00	2.40	9.37	88.23
19	0.00	2.16	9.18	88.66
20	0.00	2.68	9.51	87.81
21	0.00	2.25	9.34	88.41
22	0.00	2.05	9.26	88.70
23	0.00	1.91	9.30	88.79
24	0.00	1.74	8.86	89.40
25	0.00	1.79	9.05	89.16
26	0.00	2.23	9.15	88.62
27	0.00	1.86	8.91	89.23
28	0.00	1.76	9.12	89.12
29	0.00	1.65	8.99	89.36
30	0.00	1.61	8.94	89.45
31	0.00	1.83	8.89	89.27
32	0.00	1.63	8.92	89.46
33	0.00	1.58	9.06	89.36
34	0.00	1.44	8.88	89.68
35	0.00	1.73	8.94	89.33
36	0.00	2.03	9.26	88.70
37	0.00	1.59	9.00	89.41
38	0.00	1.45	8.81	89.75
39	0.00	1.38	8.87	89.74
40	0.00	1.30	8.69	90.01
41	0.00	1.29	8.74	89.96
42	0.00	1.50	8.83	89.67
43	0.00	1.25	8.61	90.14
44	0.00	1.22	8.66	90.12
45	0.00	1.14	8.34	90.52
46	0.00	1.12	8.41	90.47
47	0.00	1.13	8.35	90.52
48	0.00	1.15	8.45	90.40
49	0.00	1.09	8.13	90.78
50	0.00	1.17	8.51	90.33
51	0.00	1.09	8.04	90.88
52	0.00	1.47	8.19	90.34
53	0.00	1.23	8.09	90.67
54	0.00	1.12	8.00	90.88
55	0.00	0.82	7.59	91.59
56	0.00	1.16	7.00	91.84
57	0.00	1.08	7.38	91.54
58	0.00	1.03	7.34	91.63
59	0.00	0.94	7.07	91.99
60	0.00	1.07	7.66	91.27
61	0.00	0.97	7.33	91.71
62	0.00	0.96	7.31	91.73
63	0.00	0.93	7.31	91.75
64	0.00	1.19	7.59	91.22
65	0.00	1.02	7.54	91.44
66	0.00	0.98	7.47	91.55
67	0.00	0.86	7.03	92.11
68	0.00	0.88	7.08	92.04
69	0.00	0.79	6.70	92.51
70	0.00	0.86	7.16	91.98
71	0.00	0.81	7.05	92.14
72	0.00	0.79	6.99	92.22
73	0.00	0.76	6.89	92.35
74	0.00	1.08	7.12	91.80
75	0.00	0.96	7.39	91.65
76	0.00	0.86	7.38	91.75
77	0.00	0.76	6.93	92.31
78	0.00	0.76	6.99	92.25
79	0.00	0.73	6.83	92.45
80	0.00	0.78	7.18	92.04
81	0.00	0.77	7.16	92.07
82	0.00	0.78	7.28	91.94
83	0.00	0.75	7.14	92.11
84	0.00	0.77	7.19	92.04
85	0.00	0.78	7.25	91.97
86	0.00	0.83	7.47	91.69
87	0.00	0.82	7.43	91.76
88	0.00	0.85	7.58	91.57
89	0.00	0.84	7.53	91.63
90	0.00	0.84	7.50	91.65
91	0.00	0.89	7.66	91.45
92	0.00	0.92	7.86	91.22
93	0.00	0.93	7.90	91.18
94	0.00	0.99	8.18	90.83
95	0.00	1.07	8.56	90.37
96	0.00	1.04	8.59	90.37
97	0.00	1.22	9.30	89.49
98	0.00	0.97	8.62	90.41
99	0.00	1.06	8.88	90.06
100	0.00	1.05	8.60	90.35




