Parameters
	Library type	Paired-end
	Input files	KU328820-15_A_L003_R1_040.trimmed.fastq.gz	KU328820-15_A_L003_R2_040.trimmed.fastq.gz
	Primer/Adaptor library	NA
	Cut-off read length for HQ	70%
	Cut-off quality score	20
	Only statistics	On
	Number of CPUs	2


QC statistics
	File name	KU328820-15_A_L003_R1_040.trimmed.fastq.gz	KU328820-15_A_L003_R2_040.trimmed.fastq.gz
	Total number of reads	4000000	4000000
	Total number of HQ reads	3981615	3981615
	Percentage of HQ reads	99.54%	99.54%
	Total number of bases	362687664	351459004
	Total number of bases in HQ reads	361687627	351193850
	Total number of HQ bases in HQ reads	359530033	348706037
	Percentage of HQ bases in HQ reads	99.40%	99.29%
	Number of Primer/Adaptor contaminated HQ reads	NA	NA
	Total number of HQ filtered reads	3981615	3981615
	Percentage of HQ filtered reads	99.54%	99.54%


Detailed QC statistics
	File name	KU328820-15_A_L003_R1_040.trimmed.fastq.gz	KU328820-15_A_L003_R2_040.trimmed.fastq.gz
	Minimum read length	1	1
	Maximum read length	100	100
	Average read length	90.67	87.86
	Total number of reads	4000000	4000000
	Total number of reads with non-ATGC bases	125	4384
	Percentage of reads with non-ATGC bases	0.00%	0.11%
	Total number of bases	362687664	351459004
	Total number of HQ bases	360486418	348881679
	Percentage of HQ bases	99.39%	99.27%
	Total number of non-ATGC bases	125	4384
	Percentage of non-ATGC bases	0.00%	0.00%


Average quality score at each base position of input reads

KU328820-15_A_L003_R1_040.trimmed.fastq.gz
31.96	32.43	32.64	35.95	35.88	35.91	35.90	35.90	37.53	37.54	37.52	37.48	37.43	38.77	38.75	38.74	38.67	38.61	38.63	38.59	38.51	38.41	38.24	38.24	38.18	38.06	37.95	37.78	37.72	37.54	37.39	37.32	37.16	37.00	36.82	36.71	36.58	36.41	36.26	36.07	35.97	35.80	35.88	35.76	35.68	35.56	35.43	35.27	35.11	34.96	34.92	34.85	34.75	34.58	34.40	34.27	34.05	33.93	33.74	33.53	33.36	33.18	32.93	32.70	32.51	32.26	32.01	31.78	31.55	31.32	31.07	30.79	30.55	30.30	30.08	29.21	29.34	29.37	29.23	29.08	28.90	28.66	28.42	28.14	27.92	27.72	27.58	27.39	27.20	27.01	26.83	26.64	26.51	26.33	26.12	25.94	25.80	25.57	25.40	24.16	

KU328820-15_A_L003_R2_040.trimmed.fastq.gz
35.43	35.94	36.16	36.27	31.61	32.02	32.17	35.36	35.34	35.30	35.23	35.22	36.59	36.64	36.48	36.45	36.36	37.47	37.39	37.29	37.18	37.12	37.10	36.95	36.88	36.63	36.55	36.54	36.32	36.20	36.10	36.03	35.88	35.76	35.63	35.46	35.31	35.23	35.15	34.91	34.80	34.71	34.61	34.41	34.30	34.29	34.19	34.05	33.94	33.76	33.60	33.39	33.28	33.07	32.17	32.37	32.44	32.48	32.35	32.22	32.01	31.82	31.61	31.44	31.24	31.08	30.99	30.86	30.77	30.58	30.39	30.13	29.97	29.83	29.65	29.44	29.21	28.96	28.79	28.53	28.33	28.11	27.88	27.72	27.49	27.25	27.01	26.80	26.62	26.42	26.25	26.05	25.86	25.71	25.57	25.43	25.16	25.00	24.77	24.60	





Read count (%) per base for different quality score ranges

	KU328820-15_A_L003_R1_040.trimmed.fastq.gz
Ranges	0-10	11-20	21-30	31-40
Base
1	0.00	1.39	11.59	87.02
2	0.00	0.74	9.74	89.52
3	0.00	0.54	8.56	90.90
4	0.00	0.50	3.75	95.74
5	0.00	0.56	4.18	95.26
6	0.00	0.57	3.97	95.46
7	0.00	0.58	4.11	95.31
8	0.00	0.58	4.04	95.38
9	0.00	0.58	4.04	95.38
10	0.00	0.57	3.99	95.44
11	0.00	0.57	4.01	95.42
12	0.00	0.60	4.15	95.24
13	0.00	0.63	4.29	95.08
14	0.00	1.18	6.82	92.00
15	0.00	1.17	6.79	92.04
16	0.00	1.16	6.74	92.10
17	0.00	1.20	6.91	91.89
18	0.00	1.20	6.92	91.88
19	0.00	1.21	6.93	91.86
20	0.00	1.18	6.86	91.95
21	0.00	1.19	6.92	91.89
22	0.00	1.20	7.00	91.80
23	0.00	1.29	7.28	91.43
24	0.00	1.21	7.07	91.72
25	0.00	1.17	6.99	91.84
26	0.00	1.23	7.06	91.71
27	0.00	1.21	7.12	91.67
28	0.00	1.21	7.25	91.54
29	0.00	1.13	7.03	91.84
30	0.00	1.16	7.28	91.56
31	0.00	1.14	7.36	91.50
32	0.00	1.07	7.16	91.78
33	0.00	1.07	7.31	91.62
34	0.00	1.08	7.49	91.43
35	0.00	1.10	7.61	91.30
36	0.00	1.05	7.47	91.48
37	0.00	1.02	7.33	91.65
38	0.00	1.05	7.46	91.49
39	0.00	1.04	7.44	91.51
40	0.00	1.07	7.47	91.45
41	0.00	1.01	7.22	91.77
42	0.00	1.02	7.30	91.68
43	0.00	0.97	7.16	91.88
44	0.00	1.00	7.31	91.69
45	0.00	1.00	7.19	91.81
46	0.00	0.99	7.19	91.82
47	0.00	1.00	7.13	91.87
48	0.00	1.01	7.22	91.77
49	0.00	1.03	7.27	91.70
50	0.00	1.00	7.17	91.83
51	0.00	0.93	6.97	92.10
52	0.00	0.89	6.66	92.45
53	0.00	0.87	6.52	92.62
54	0.00	0.89	6.53	92.58
55	0.00	0.91	6.60	92.49
56	0.00	0.84	6.38	92.77
57	0.00	0.89	6.57	92.54
58	0.00	0.81	6.28	92.91
59	0.00	0.81	6.35	92.85
60	0.00	0.82	6.38	92.80
61	0.00	0.78	6.30	92.93
62	0.00	0.77	6.19	93.04
63	0.00	0.81	6.48	92.71
64	0.00	0.83	6.63	92.54
65	0.00	0.80	6.55	92.65
66	0.00	0.82	6.73	92.44
67	0.00	0.84	6.88	92.28
68	0.00	0.83	6.89	92.28
69	0.00	0.82	6.93	92.24
70	0.00	0.81	6.94	92.25
71	0.00	0.83	7.09	92.08
72	0.00	0.86	7.33	91.80
73	0.00	0.85	7.37	91.79
74	0.00	0.86	7.42	91.72
75	0.00	0.82	7.37	91.81
76	0.00	0.84	10.27	88.89
77	0.00	0.83	8.33	90.85
78	0.00	0.75	7.40	91.85
79	0.00	0.77	7.15	92.08
80	0.00	0.74	6.95	92.31
81	0.00	0.73	6.78	92.49
82	0.00	0.79	7.07	92.13
83	0.00	0.85	7.32	91.83
84	0.00	0.97	7.88	91.15
85	0.00	0.98	8.04	90.98
86	0.00	1.00	8.12	90.88
87	0.00	0.95	7.96	91.09
88	0.00	0.99	8.00	91.01
89	0.00	1.03	8.25	90.72
90	0.00	1.08	8.45	90.47
91	0.00	1.10	8.59	90.31
92	0.00	1.15	8.82	90.04
93	0.00	1.10	8.69	90.21
94	0.00	1.14	8.83	90.03
95	0.00	1.20	9.15	89.65
96	0.00	1.19	9.29	89.52
97	0.00	1.12	9.06	89.82
98	0.00	1.18	9.51	89.30
99	0.00	1.15	9.47	89.37
100	0.00	3.08	18.10	78.82


	KU328820-15_A_L003_R2_040.trimmed.fastq.gz
Ranges	0-10	11-20	21-30	31-40
Base
1	0.11	3.07	5.51	91.31
2	0.00	1.67	4.18	94.15
3	0.00	1.13	3.49	95.39
4	0.00	0.94	3.13	95.93
5	0.00	1.42	15.25	83.32
6	0.00	1.18	11.75	87.07
7	0.00	1.17	11.18	87.65
8	0.00	1.12	5.64	93.24
9	0.00	1.11	5.65	93.24
10	0.00	1.18	5.72	93.10
11	0.00	1.19	5.81	93.00
12	0.00	1.15	5.55	93.30
13	0.00	1.17	5.80	93.03
14	0.00	1.05	5.36	93.60
15	0.00	1.12	5.76	93.12
16	0.00	1.05	5.54	93.41
17	0.00	1.06	5.59	93.36
18	0.00	1.91	8.77	89.32
19	0.00	1.84	8.61	89.55
20	0.00	1.78	8.53	89.69
21	0.00	1.73	8.44	89.83
22	0.00	1.67	8.24	90.09
23	0.00	1.60	8.26	90.14
24	0.00	1.66	8.43	89.91
25	0.00	1.56	8.11	90.33
26	0.00	1.67	8.54	89.79
27	0.00	1.56	8.23	90.21
28	0.00	1.46	8.11	90.43
29	0.00	1.56	8.41	90.03
30	0.00	1.49	8.30	90.21
31	0.00	1.41	8.11	90.48
32	0.00	1.30	7.83	90.87
33	0.00	1.30	7.97	90.73
34	0.00	1.25	7.94	90.81
35	0.00	1.21	7.89	90.90
36	0.00	1.23	8.09	90.68
37	0.00	1.22	8.14	90.64
38	0.00	1.13	7.84	91.03
39	0.00	1.07	7.61	91.32
40	0.00	1.16	8.08	90.75
41	0.00	1.11	7.89	91.00
42	0.00	1.06	7.66	91.28
43	0.00	1.02	7.52	91.46
44	0.00	1.08	7.74	91.17
45	0.00	1.04	7.54	91.42
46	0.00	0.99	7.52	91.50
47	0.00	1.01	7.52	91.46
48	0.00	1.03	7.51	91.45
49	0.00	1.01	7.40	91.59
50	0.00	1.05	7.58	91.37
51	0.00	1.02	7.40	91.58
52	0.00	1.05	7.48	91.48
53	0.00	0.97	7.17	91.86
54	0.00	1.02	7.33	91.65
55	0.00	0.77	6.93	92.30
56	0.00	0.76	6.07	93.16
57	0.00	0.87	6.50	92.62
58	0.00	0.86	6.37	92.78
59	0.00	0.91	6.68	92.41
60	0.00	0.89	6.64	92.47
61	0.00	0.93	6.83	92.25
62	0.00	0.94	6.87	92.19
63	0.00	0.96	7.09	91.95
64	0.00	0.91	7.01	92.07
65	0.00	0.92	7.09	91.99
66	0.00	0.88	6.93	92.19
67	0.00	0.82	6.78	92.39
68	0.00	0.79	6.56	92.64
69	0.00	0.73	6.25	93.02
70	0.00	0.75	6.35	92.90
71	0.00	0.74	6.37	92.90
72	0.00	0.80	6.61	92.59
73	0.00	0.73	6.40	92.87
74	0.00	0.68	6.12	93.20
75	0.00	0.66	6.04	93.30
76	0.00	0.67	6.12	93.22
77	0.00	0.69	6.32	92.98
78	0.00	0.71	6.53	92.76
79	0.00	0.67	6.33	93.01
80	0.00	0.72	6.58	92.69
81	0.00	0.70	6.55	92.75
82	0.00	0.72	6.60	92.68
83	0.00	0.74	6.74	92.52
84	0.00	0.70	6.53	92.77
85	0.00	0.75	6.78	92.47
86	0.00	0.81	7.09	92.10
87	0.00	0.87	7.42	91.71
88	0.00	0.91	7.60	91.49
89	0.00	0.92	7.66	91.42
90	0.00	0.94	7.81	91.25
91	0.00	0.93	7.82	91.24
92	0.00	1.02	8.02	90.95
93	0.00	1.04	8.26	90.71
94	0.00	1.02	8.14	90.84
95	0.00	1.01	8.12	90.87
96	0.00	0.97	7.92	91.12
97	0.00	0.97	8.05	90.98
98	0.00	0.93	7.99	91.08
99	0.00	1.00	8.36	90.64
100	0.00	1.17	8.91	89.92




