Parameters
	Library type	Paired-end
	Input files	KU328820-15_A_L003_R1_028.trimmed.fastq.gz	KU328820-15_A_L003_R2_028.trimmed.fastq.gz
	Primer/Adaptor library	NA
	Cut-off read length for HQ	70%
	Cut-off quality score	20
	Only statistics	On
	Number of CPUs	2


QC statistics
	File name	KU328820-15_A_L003_R1_028.trimmed.fastq.gz	KU328820-15_A_L003_R2_028.trimmed.fastq.gz
	Total number of reads	4000000	4000000
	Total number of HQ reads	3984897	3984897
	Percentage of HQ reads	99.62%	99.62%
	Total number of bases	367013293	358947475
	Total number of bases in HQ reads	366162135	358690879
	Total number of HQ bases in HQ reads	364130030	356456694
	Percentage of HQ bases in HQ reads	99.45%	99.38%
	Number of Primer/Adaptor contaminated HQ reads	NA	NA
	Total number of HQ filtered reads	3984897	3984897
	Percentage of HQ filtered reads	99.62%	99.62%


Detailed QC statistics
	File name	KU328820-15_A_L003_R1_028.trimmed.fastq.gz	KU328820-15_A_L003_R2_028.trimmed.fastq.gz
	Minimum read length	1	1
	Maximum read length	100	100
	Average read length	91.75	89.74
	Total number of reads	4000000	4000000
	Total number of reads with non-ATGC bases	198	4091
	Percentage of reads with non-ATGC bases	0.00%	0.10%
	Total number of bases	367013293	358947475
	Total number of HQ bases	364943320	356645230
	Percentage of HQ bases	99.44%	99.36%
	Total number of non-ATGC bases	198	4091
	Percentage of non-ATGC bases	0.00%	0.00%


Average quality score at each base position of input reads

KU328820-15_A_L003_R1_028.trimmed.fastq.gz
31.97	32.51	32.73	36.05	36.00	36.02	35.96	35.84	37.55	37.58	37.58	37.57	37.58	38.94	38.92	38.88	38.68	38.70	38.75	38.68	38.69	38.60	38.55	38.50	38.40	38.30	38.24	38.13	37.97	37.87	37.77	37.63	37.52	37.41	37.28	37.16	37.03	36.87	36.74	36.61	36.36	36.25	36.33	36.25	36.22	36.13	36.04	35.91	35.76	35.60	35.54	35.47	35.36	35.22	35.06	34.93	34.75	34.56	34.41	34.11	33.94	33.73	33.53	33.35	33.09	32.88	32.68	32.48	32.25	32.06	31.83	31.60	31.36	31.10	30.83	30.00	30.22	30.26	30.12	29.96	29.75	29.56	29.34	29.10	28.90	28.73	28.59	28.42	28.22	28.07	27.92	27.78	27.55	27.32	27.15	26.99	26.86	26.70	26.54	25.40	

KU328820-15_A_L003_R2_028.trimmed.fastq.gz
35.50	36.09	36.31	36.42	32.13	32.21	32.48	35.61	35.63	35.65	35.62	35.64	37.13	37.07	36.88	36.90	36.89	38.14	38.02	37.98	37.93	37.85	37.83	37.67	37.62	37.59	37.49	37.44	37.30	37.22	37.12	37.04	36.91	36.81	36.71	36.62	36.51	36.37	36.25	36.16	36.06	35.93	35.83	35.73	35.59	35.57	35.47	35.38	35.26	35.17	35.02	34.88	34.72	33.98	33.12	33.41	33.58	33.55	33.49	33.35	33.22	33.05	32.89	32.72	32.52	32.35	32.30	32.20	31.78	31.68	31.51	31.34	31.17	31.00	30.81	30.61	30.32	30.14	29.92	29.72	29.50	29.28	29.07	28.87	28.40	28.15	27.97	27.81	27.68	27.50	27.34	27.16	26.99	26.83	25.96	25.82	25.58	25.42	25.23	25.11	





Read count (%) per base for different quality score ranges

	KU328820-15_A_L003_R1_028.trimmed.fastq.gz
Ranges	0-10	11-20	21-30	31-40
Base
1	0.00	1.87	10.75	87.37
2	0.00	0.90	8.78	90.32
3	0.00	0.69	7.80	91.51
4	0.00	0.57	3.25	96.17
5	0.00	0.56	3.67	95.77
6	0.00	0.55	3.62	95.83
7	0.00	0.82	3.71	95.48
8	0.00	1.18	3.93	94.88
9	0.00	0.86	3.80	95.34
10	0.00	0.75	3.75	95.50
11	0.00	0.72	3.75	95.53
12	0.00	0.70	3.82	95.48
13	0.00	0.66	3.77	95.57
14	0.00	1.22	6.40	92.38
15	0.00	1.16	6.43	92.41
16	0.00	1.14	6.47	92.39
17	0.00	1.60	6.71	91.69
18	0.00	1.35	6.67	91.98
19	0.00	1.24	6.60	92.17
20	0.00	1.27	6.75	91.98
21	0.00	1.18	6.44	92.38
22	0.00	1.19	6.56	92.25
23	0.00	1.16	6.52	92.32
24	0.00	1.16	6.70	92.14
25	0.00	1.15	6.74	92.11
26	0.00	1.17	6.72	92.11
27	0.00	1.10	6.59	92.30
28	0.00	1.09	6.62	92.29
29	0.00	1.13	6.87	92.01
30	0.00	1.07	6.79	92.14
31	0.00	1.03	6.78	92.19
32	0.00	1.02	6.88	92.10
33	0.00	1.02	6.83	92.15
34	0.00	0.97	6.84	92.18
35	0.00	0.99	6.92	92.09
36	0.00	0.96	6.88	92.16
37	0.00	0.96	6.87	92.17
38	0.00	0.97	6.93	92.11
39	0.00	0.97	6.85	92.18
40	0.00	0.94	6.80	92.26
41	0.00	1.35	7.03	91.63
42	0.00	1.12	6.95	91.93
43	0.00	0.99	6.84	92.17
44	0.00	1.00	6.90	92.10
45	0.00	0.94	6.58	92.48
46	0.00	0.92	6.57	92.51
47	0.00	0.89	6.50	92.61
48	0.00	0.91	6.54	92.55
49	0.00	0.91	6.64	92.45
50	0.00	0.94	6.69	92.37
51	0.00	0.84	6.44	92.72
52	0.00	0.82	6.13	93.05
53	0.00	0.81	6.06	93.14
54	0.00	0.79	5.98	93.22
55	0.00	0.81	6.02	93.17
56	0.00	0.77	5.89	93.34
57	0.00	0.78	5.88	93.34
58	0.00	0.79	6.00	93.21
59	0.00	0.74	5.92	93.33
60	0.00	0.73	5.84	93.43
61	0.00	0.71	5.77	93.52
62	0.00	0.74	5.88	93.38
63	0.00	0.73	5.90	93.37
64	0.00	0.69	5.83	93.48
65	0.00	0.77	6.14	93.09
66	0.00	0.74	6.11	93.15
67	0.00	0.72	6.12	93.15
68	0.00	0.70	6.04	93.26
69	0.00	0.70	6.12	93.18
70	0.00	0.68	5.96	93.36
71	0.00	0.70	6.06	93.24
72	0.00	0.69	6.09	93.22
73	0.00	0.68	6.17	93.15
74	0.00	0.72	6.39	92.89
75	0.00	0.74	6.53	92.73
76	0.00	0.68	8.95	90.37
77	0.00	0.61	6.75	92.64
78	0.00	0.58	5.99	93.42
79	0.00	0.61	5.87	93.52
80	0.00	0.60	5.74	93.66
81	0.00	0.62	5.83	93.54
82	0.00	0.64	5.85	93.51
83	0.00	0.68	6.11	93.21
84	0.00	0.71	6.25	93.04
85	0.00	0.74	6.36	92.90
86	0.00	0.75	6.42	92.83
87	0.00	0.73	6.29	92.98
88	0.00	0.77	6.48	92.75
89	0.00	0.83	6.79	92.38
90	0.00	0.83	6.86	92.31
91	0.00	0.85	6.99	92.16
92	0.00	0.87	7.06	92.07
93	0.00	0.87	7.05	92.08
94	0.00	0.89	7.20	91.91
95	0.00	0.92	7.48	91.59
96	0.00	0.96	7.66	91.37
97	0.00	0.92	7.64	91.45
98	0.00	0.92	7.76	91.33
99	0.00	0.94	7.90	91.16
100	0.00	2.48	15.63	81.89


	KU328820-15_A_L003_R2_028.trimmed.fastq.gz
Ranges	0-10	11-20	21-30	31-40
Base
1	0.10	3.40	5.83	90.67
2	0.00	1.44	3.26	95.30
3	0.00	0.90	2.65	96.45
4	0.00	0.70	2.39	96.91
5	0.00	1.26	11.60	87.14
6	0.00	2.13	10.21	87.65
7	0.00	1.35	9.87	88.78
8	0.00	1.04	4.59	94.36
9	0.00	0.96	4.57	94.47
10	0.00	0.93	4.45	94.62
11	0.00	0.90	4.49	94.62
12	0.00	0.87	4.45	94.68
13	0.00	0.84	4.43	94.73
14	0.00	0.84	4.53	94.63
15	0.00	1.26	4.66	94.08
16	0.00	1.02	4.59	94.39
17	0.00	0.92	4.45	94.63
18	0.00	1.69	7.36	90.95
19	0.00	1.74	7.57	90.69
20	0.00	1.63	7.41	90.96
21	0.00	1.56	7.31	91.14
22	0.00	1.49	7.35	91.16
23	0.00	1.45	7.41	91.15
24	0.00	1.86	7.44	90.70
25	0.00	1.53	7.37	91.10
26	0.00	1.32	7.06	91.61
27	0.00	1.34	7.13	91.54
28	0.00	1.31	7.24	91.45
29	0.00	1.34	7.42	91.25
30	0.00	1.25	7.19	91.56
31	0.00	1.20	7.16	91.64
32	0.00	1.14	7.10	91.76
33	0.00	1.15	7.16	91.69
34	0.00	1.10	7.14	91.76
35	0.00	1.06	7.11	91.84
36	0.00	1.04	7.08	91.88
37	0.00	1.01	7.13	91.86
38	0.00	1.02	7.20	91.79
39	0.00	1.01	7.15	91.84
40	0.00	0.97	7.10	91.94
41	0.00	0.95	7.04	92.00
42	0.00	0.96	7.02	92.01
43	0.00	0.94	6.96	92.09
44	0.00	0.92	6.81	92.27
45	0.00	0.93	6.89	92.17
46	0.00	0.91	7.00	92.09
47	0.00	0.92	6.93	92.15
48	0.00	0.90	6.82	92.28
49	0.00	0.90	6.81	92.29
50	0.00	0.88	6.66	92.46
51	0.00	0.89	6.68	92.43
52	0.00	0.87	6.58	92.54
53	0.00	0.90	6.58	92.52
54	0.00	1.62	7.16	91.22
55	0.00	0.78	6.40	92.81
56	0.00	0.70	5.43	93.86
57	0.00	0.77	5.73	93.50
58	0.00	0.84	6.09	93.07
59	0.00	0.81	6.09	93.10
60	0.00	0.82	6.19	92.99
61	0.00	0.80	6.09	93.11
62	0.00	0.82	6.20	92.98
63	0.00	0.79	6.19	93.02
64	0.00	0.80	6.20	93.00
65	0.00	0.82	6.35	92.83
66	0.00	0.78	6.27	92.94
67	0.00	0.68	5.93	93.39
68	0.00	0.65	5.68	93.67
69	0.00	0.98	5.92	93.10
70	0.00	0.75	5.76	93.48
71	0.00	0.69	5.75	93.56
72	0.00	0.66	5.66	93.68
73	0.00	0.62	5.55	93.83
74	0.00	0.60	5.44	93.96
75	0.00	0.60	5.48	93.92
76	0.00	0.60	5.50	93.90
77	0.00	0.60	5.52	93.88
78	0.00	0.58	5.46	93.96
79	0.00	0.59	5.54	93.87
80	0.00	0.58	5.52	93.90
81	0.00	0.59	5.59	93.81
82	0.00	0.61	5.69	93.70
83	0.00	0.61	5.77	93.61
84	0.00	0.63	5.82	93.55
85	0.00	1.00	6.17	92.83
86	0.00	0.80	6.17	93.02
87	0.00	0.76	6.23	93.01
88	0.00	0.72	6.18	93.10
89	0.00	0.69	6.06	93.25
90	0.00	0.72	6.23	93.05
91	0.00	0.73	6.25	93.02
92	0.00	0.79	6.48	92.73
93	0.00	0.84	6.76	92.41
94	0.00	0.85	6.84	92.31
95	0.00	0.81	6.71	92.48
96	0.00	0.83	6.81	92.37
97	0.00	0.82	6.87	92.30
98	0.00	0.81	6.92	92.27
99	0.00	0.83	7.10	92.06
100	0.00	0.92	7.31	91.77




