Parameters
	Library type	Paired-end
	Input files	KU328820-15_A_L003_R1_004.trimmed.fastq.gz	KU328820-15_A_L003_R2_004.trimmed.fastq.gz
	Primer/Adaptor library	NA
	Cut-off read length for HQ	70%
	Cut-off quality score	20
	Only statistics	On
	Number of CPUs	2


QC statistics
	File name	KU328820-15_A_L003_R1_004.trimmed.fastq.gz	KU328820-15_A_L003_R2_004.trimmed.fastq.gz
	Total number of reads	4000000	4000000
	Total number of HQ reads	3986542	3986542
	Percentage of HQ reads	99.66%	99.66%
	Total number of bases	370269232	365129579
	Total number of bases in HQ reads	369480010	364925021
	Total number of HQ bases in HQ reads	367765416	363056053
	Percentage of HQ bases in HQ reads	99.54%	99.49%
	Number of Primer/Adaptor contaminated HQ reads	NA	NA
	Total number of HQ filtered reads	3986542	3986542
	Percentage of HQ filtered reads	99.66%	99.66%


Detailed QC statistics
	File name	KU328820-15_A_L003_R1_004.trimmed.fastq.gz	KU328820-15_A_L003_R2_004.trimmed.fastq.gz
	Minimum read length	1	1
	Maximum read length	100	100
	Average read length	92.57	91.28
	Total number of reads	4000000	4000000
	Total number of reads with non-ATGC bases	137	4104
	Percentage of reads with non-ATGC bases	0.00%	0.10%
	Total number of bases	370269232	365129579
	Total number of HQ bases	368524655	363201396
	Percentage of HQ bases	99.53%	99.47%
	Total number of non-ATGC bases	137	4104
	Percentage of non-ATGC bases	0.00%	0.00%


Average quality score at each base position of input reads

KU328820-15_A_L003_R1_004.trimmed.fastq.gz
32.24	32.68	32.82	36.13	36.08	36.08	36.07	36.07	37.77	37.73	37.73	37.70	37.70	39.10	39.08	39.03	39.00	38.96	38.97	38.91	38.85	38.79	38.72	38.67	38.58	38.49	38.42	38.30	38.20	38.11	38.00	37.86	37.77	37.66	37.54	37.42	37.31	37.16	37.03	36.88	36.74	36.61	36.67	36.65	36.58	36.48	36.36	36.23	36.15	36.00	35.97	35.82	35.71	35.58	35.43	35.30	35.16	35.00	34.83	34.63	34.45	34.24	34.04	33.81	33.62	33.43	33.24	33.01	32.75	32.47	32.27	32.02	31.74	31.28	31.21	30.15	30.54	30.66	30.58	30.44	30.26	30.06	29.85	29.67	29.52	29.31	29.18	29.02	28.87	28.72	28.58	28.45	28.30	28.15	28.02	27.85	27.74	27.59	27.46	26.30	

KU328820-15_A_L003_R2_004.trimmed.fastq.gz
35.93	36.25	36.38	36.49	32.40	32.60	32.63	35.75	35.74	35.72	35.70	35.67	37.21	37.20	37.17	37.08	37.05	38.33	38.26	38.20	38.13	38.06	38.04	37.99	37.89	37.83	37.70	37.60	37.55	37.45	37.35	37.27	37.17	37.06	36.92	36.83	36.72	36.64	36.49	36.39	36.31	36.18	36.07	35.90	35.82	35.84	35.76	35.70	35.58	35.50	35.33	35.20	35.03	34.90	33.87	34.15	34.37	34.37	34.29	34.19	34.04	33.87	33.70	33.50	33.35	33.18	33.05	32.97	32.83	32.65	32.47	32.28	32.14	31.99	31.80	31.59	31.36	31.14	30.92	30.70	30.47	30.28	30.07	29.85	29.68	29.50	29.30	29.08	28.92	28.76	28.63	28.45	28.29	28.16	28.02	27.88	27.58	27.43	27.25	27.12	





Read count (%) per base for different quality score ranges

	KU328820-15_A_L003_R1_004.trimmed.fastq.gz
Ranges	0-10	11-20	21-30	31-40
Base
1	0.00	1.14	9.36	89.50
2	0.00	0.58	7.64	91.78
3	0.00	0.46	7.08	92.47
4	0.00	0.41	2.99	96.61
5	0.00	0.44	3.30	96.25
6	0.00	0.46	3.27	96.27
7	0.00	0.48	3.34	96.18
8	0.00	0.47	3.30	96.22
9	0.00	0.46	3.26	96.28
10	0.00	0.48	3.39	96.13
11	0.00	0.47	3.34	96.19
12	0.00	0.49	3.43	96.08
13	0.00	0.48	3.42	96.10
14	0.00	1.02	6.05	92.93
15	0.00	1.03	6.07	92.90
16	0.00	1.05	6.17	92.78
17	0.00	1.05	6.17	92.78
18	0.00	1.04	6.19	92.77
19	0.00	1.05	6.22	92.73
20	0.00	1.05	6.29	92.65
21	0.00	1.06	6.28	92.66
22	0.00	1.06	6.29	92.65
23	0.00	1.05	6.26	92.69
24	0.00	1.06	6.41	92.53
25	0.00	1.07	6.45	92.48
26	0.00	1.08	6.47	92.45
27	0.00	1.04	6.38	92.57
28	0.00	1.03	6.44	92.53
29	0.00	1.02	6.43	92.55
30	0.00	0.96	6.44	92.60
31	0.00	0.96	6.45	92.59
32	0.00	0.97	6.62	92.41
33	0.00	0.94	6.56	92.50
34	0.00	0.92	6.58	92.50
35	0.00	0.92	6.61	92.47
36	0.00	0.90	6.53	92.57
37	0.00	0.89	6.52	92.59
38	0.00	0.89	6.60	92.51
39	0.00	0.89	6.50	92.61
40	0.00	0.90	6.59	92.50
41	0.00	0.90	6.56	92.54
42	0.00	0.88	6.48	92.63
43	0.00	0.85	6.50	92.65
44	0.00	0.82	6.32	92.86
45	0.00	0.83	6.30	92.87
46	0.00	0.84	6.30	92.86
47	0.00	0.85	6.31	92.84
48	0.00	0.88	6.37	92.75
49	0.00	0.84	6.23	92.93
50	0.00	0.86	6.31	92.83
51	0.00	0.77	6.00	93.23
52	0.00	0.80	6.02	93.18
53	0.00	0.78	5.91	93.31
54	0.00	0.76	5.78	93.46
55	0.00	0.77	5.86	93.37
56	0.00	0.74	5.73	93.53
57	0.00	0.73	5.61	93.67
58	0.00	0.71	5.58	93.72
59	0.00	0.68	5.58	93.74
60	0.00	0.70	5.62	93.68
61	0.00	0.69	5.63	93.68
62	0.00	0.70	5.76	93.54
63	0.00	0.71	5.77	93.52
64	0.00	0.71	5.92	93.37
65	0.00	0.70	5.83	93.46
66	0.00	0.69	5.81	93.50
67	0.00	0.66	5.73	93.61
68	0.00	0.68	5.83	93.50
69	0.00	0.70	6.04	93.26
70	0.00	0.64	5.86	93.50
71	0.00	0.63	5.77	93.61
72	0.00	0.67	5.99	93.34
73	0.00	0.71	6.22	93.07
74	0.00	0.86	7.29	91.85
75	0.00	0.68	6.42	92.91
76	0.00	0.69	10.02	89.29
77	0.00	0.57	6.83	92.60
78	0.00	0.55	5.83	93.62
79	0.00	0.56	5.55	93.89
80	0.00	0.55	5.39	94.07
81	0.00	0.56	5.34	94.10
82	0.00	0.60	5.45	93.96
83	0.00	0.62	5.60	93.78
84	0.00	0.62	5.63	93.76
85	0.00	0.61	5.61	93.78
86	0.00	0.68	5.91	93.42
87	0.00	0.66	5.76	93.58
88	0.00	0.69	5.97	93.35
89	0.00	0.69	6.01	93.30
90	0.00	0.72	6.16	93.12
91	0.00	0.74	6.25	93.01
92	0.00	0.77	6.35	92.89
93	0.00	0.80	6.51	92.69
94	0.00	0.84	6.75	92.41
95	0.00	0.83	6.82	92.35
96	0.00	0.88	7.07	92.06
97	0.00	0.82	6.94	92.24
98	0.00	0.82	7.11	92.07
99	0.00	0.82	7.12	92.06
100	0.00	2.33	14.62	83.05


	KU328820-15_A_L003_R2_004.trimmed.fastq.gz
Ranges	0-10	11-20	21-30	31-40
Base
1	0.10	2.26	3.95	93.68
2	0.00	1.20	2.89	95.91
3	0.00	0.82	2.46	96.72
4	0.00	0.63	2.17	97.20
5	0.00	0.83	9.32	89.85
6	0.00	0.78	8.34	90.88
7	0.00	0.78	8.40	90.81
8	0.00	0.78	4.29	94.93
9	0.00	0.76	4.25	94.99
10	0.00	0.81	4.26	94.93
11	0.00	0.79	4.19	95.02
12	0.00	0.80	4.20	95.00
13	0.00	0.79	4.20	95.01
14	0.00	0.76	4.15	95.09
15	0.00	0.74	4.11	95.14
16	0.00	0.78	4.27	94.95
17	0.00	0.74	4.18	95.09
18	0.00	1.48	7.30	91.22
19	0.00	1.47	7.29	91.24
20	0.00	1.43	7.19	91.38
21	0.00	1.38	7.13	91.49
22	0.00	1.37	7.09	91.54
23	0.00	1.35	7.20	91.45
24	0.00	1.31	7.03	91.66
25	0.00	1.29	7.03	91.68
26	0.00	1.25	6.83	91.92
27	0.00	1.26	6.92	91.82
28	0.00	1.32	7.29	91.39
29	0.00	1.20	7.03	91.77
30	0.00	1.19	7.02	91.80
31	0.00	1.16	6.92	91.92
32	0.00	1.11	6.84	92.05
33	0.00	1.07	6.86	92.07
34	0.00	1.04	6.90	92.06
35	0.00	1.05	7.02	91.93
36	0.00	1.00	6.91	92.09
37	0.00	0.98	6.95	92.06
38	0.00	0.93	6.84	92.22
39	0.00	0.97	6.98	92.05
40	0.00	0.95	6.95	92.10
41	0.00	0.91	6.76	92.33
42	0.00	0.94	6.85	92.21
43	0.00	0.93	6.75	92.32
44	0.00	0.98	6.95	92.07
45	0.00	0.90	6.70	92.40
46	0.00	0.86	6.70	92.44
47	0.00	0.86	6.71	92.43
48	0.00	0.86	6.51	92.64
49	0.00	0.90	6.62	92.48
50	0.00	0.84	6.44	92.72
51	0.00	0.85	6.43	92.73
52	0.00	0.83	6.35	92.82
53	0.00	0.85	6.45	92.69
54	0.00	0.84	6.28	92.89
55	0.00	0.59	5.81	93.60
56	0.00	0.58	4.97	94.45
57	0.00	0.65	5.26	94.09
58	0.00	0.75	5.70	93.56
59	0.00	0.75	5.84	93.41
60	0.00	0.73	5.75	93.53
61	0.00	0.75	5.81	93.43
62	0.00	0.76	5.87	93.37
63	0.00	0.76	5.96	93.27
64	0.00	0.76	6.08	93.16
65	0.00	0.74	5.99	93.27
66	0.00	0.74	5.99	93.27
67	0.00	0.71	5.96	93.33
68	0.00	0.62	5.55	93.83
69	0.00	0.63	5.46	93.91
70	0.00	0.64	5.49	93.87
71	0.00	0.63	5.47	93.90
72	0.00	0.64	5.50	93.87
73	0.00	0.56	5.20	94.24
74	0.00	0.53	5.03	94.44
75	0.00	0.52	5.00	94.48
76	0.00	0.53	5.07	94.40
77	0.00	0.55	5.20	94.26
78	0.00	0.56	5.28	94.16
79	0.00	0.57	5.30	94.13
80	0.00	0.57	5.39	94.04
81	0.00	0.59	5.49	93.92
82	0.00	0.57	5.40	94.04
83	0.00	0.58	5.43	93.99
84	0.00	0.61	5.57	93.82
85	0.00	0.58	5.44	93.97
86	0.00	0.58	5.42	94.00
87	0.00	0.62	5.60	93.78
88	0.00	0.67	5.88	93.45
89	0.00	0.65	5.83	93.53
90	0.00	0.66	5.86	93.48
91	0.00	0.65	5.75	93.61
92	0.00	0.70	5.99	93.31
93	0.00	0.73	6.10	93.17
94	0.00	0.71	6.10	93.19
95	0.00	0.73	6.22	93.05
96	0.00	0.75	6.29	92.96
97	0.00	0.74	6.28	92.98
98	0.00	0.70	6.20	93.10
99	0.00	0.73	6.33	92.94
100	0.00	0.82	6.66	92.52




