Parameters
	Library type	Paired-end
	Input files	KU328820-15_A_L003_R1_007.trimmed.fastq.gz	KU328820-15_A_L003_R2_007.trimmed.fastq.gz
	Primer/Adaptor library	NA
	Cut-off read length for HQ	70%
	Cut-off quality score	20
	Only statistics	On
	Number of CPUs	2


QC statistics
	File name	KU328820-15_A_L003_R1_007.trimmed.fastq.gz	KU328820-15_A_L003_R2_007.trimmed.fastq.gz
	Total number of reads	4000000	4000000
	Total number of HQ reads	3980242	3980242
	Percentage of HQ reads	99.51%	99.51%
	Total number of bases	360386684	347863343
	Total number of bases in HQ reads	359328554	347572359
	Total number of HQ bases in HQ reads	357018894	344870836
	Percentage of HQ bases in HQ reads	99.36%	99.22%
	Number of Primer/Adaptor contaminated HQ reads	NA	NA
	Total number of HQ filtered reads	3980242	3980242
	Percentage of HQ filtered reads	99.51%	99.51%


Detailed QC statistics
	File name	KU328820-15_A_L003_R1_007.trimmed.fastq.gz	KU328820-15_A_L003_R2_007.trimmed.fastq.gz
	Minimum read length	1	1
	Maximum read length	100	100
	Average read length	90.10	86.97
	Total number of reads	4000000	4000000
	Total number of reads with non-ATGC bases	169	4632
	Percentage of reads with non-ATGC bases	0.00%	0.12%
	Total number of bases	360386684	347863343
	Total number of HQ bases	358029888	345065991
	Percentage of HQ bases	99.35%	99.20%
	Total number of non-ATGC bases	169	4632
	Percentage of non-ATGC bases	0.00%	0.00%


Average quality score at each base position of input reads

KU328820-15_A_L003_R1_007.trimmed.fastq.gz
31.79	32.32	32.46	35.83	35.78	35.79	35.79	35.77	37.29	37.31	37.28	37.25	37.24	38.51	38.51	38.37	38.35	38.32	38.28	38.26	38.23	38.14	38.07	38.00	37.95	37.80	37.62	37.53	37.38	37.31	37.18	37.00	36.91	36.75	36.56	36.42	36.35	36.18	36.02	35.88	35.65	35.50	35.59	35.48	35.36	35.24	35.11	35.00	34.87	34.72	34.64	34.47	34.23	34.12	34.02	33.84	33.67	33.43	33.20	32.98	32.85	32.61	32.42	32.21	31.93	31.73	31.46	31.28	31.01	30.65	30.44	30.25	29.96	29.38	29.29	28.25	28.63	28.76	28.60	28.47	28.32	28.12	27.93	27.74	27.54	27.31	27.13	27.03	26.85	26.51	26.40	26.33	26.26	26.05	25.89	25.66	25.51	25.36	25.20	24.02	

KU328820-15_A_L003_R2_007.trimmed.fastq.gz
35.42	35.87	36.08	36.22	31.88	32.07	32.15	35.18	35.14	35.15	35.11	35.07	36.43	36.37	36.26	36.18	36.16	37.18	37.10	37.05	36.89	36.78	36.73	36.56	36.48	36.42	36.25	36.16	35.96	35.78	35.74	35.55	35.49	35.25	35.18	34.95	34.80	34.71	34.65	34.48	34.31	34.07	33.96	33.82	33.64	33.62	33.56	33.45	33.17	33.17	33.00	32.76	32.62	32.42	31.45	31.66	31.82	31.86	31.72	31.55	31.39	31.21	31.06	30.95	30.63	30.46	30.30	30.17	29.94	29.83	29.68	29.53	29.27	29.13	28.95	28.74	28.47	28.31	28.13	27.89	27.65	27.41	27.23	27.08	26.85	26.64	26.45	26.26	26.03	25.85	25.68	25.55	25.37	25.24	25.03	24.88	24.57	24.43	24.22	24.07	





Read count (%) per base for different quality score ranges

	KU328820-15_A_L003_R1_007.trimmed.fastq.gz
Ranges	0-10	11-20	21-30	31-40
Base
1	0.00	1.52	12.90	85.57
2	0.00	0.80	10.43	88.78
3	0.00	0.65	9.98	89.37
4	0.00	0.57	4.23	95.20
5	0.00	0.62	4.62	94.76
6	0.00	0.64	4.50	94.86
7	0.00	0.64	4.51	94.85
8	0.00	0.67	4.61	94.72
9	0.00	0.71	4.82	94.46
10	0.00	0.68	4.73	94.59
11	0.00	0.70	4.82	94.49
12	0.00	0.71	4.91	94.38
13	0.00	0.72	4.89	94.39
14	0.00	1.26	7.22	91.52
15	0.00	1.24	7.13	91.64
16	0.00	1.34	7.53	91.13
17	0.00	1.32	7.50	91.19
18	0.00	1.31	7.43	91.26
19	0.00	1.37	7.60	91.03
20	0.00	1.30	7.44	91.26
21	0.00	1.26	7.32	91.42
22	0.00	1.27	7.44	91.29
23	0.00	1.26	7.42	91.32
24	0.00	1.27	7.52	91.21
25	0.00	1.22	7.39	91.39
26	0.00	1.27	7.50	91.23
27	0.00	1.32	7.75	90.93
28	0.00	1.25	7.59	91.16
29	0.00	1.26	7.76	90.99
30	0.00	1.15	7.52	91.33
31	0.00	1.16	7.62	91.22
32	0.00	1.20	7.87	90.93
33	0.00	1.10	7.65	91.25
34	0.00	1.12	7.82	91.06
35	0.00	1.15	8.03	90.82
36	0.00	1.13	7.95	90.92
37	0.00	1.04	7.61	91.35
38	0.00	1.07	7.79	91.14
39	0.00	1.07	7.74	91.19
40	0.00	1.05	7.69	91.27
41	0.00	1.11	7.87	91.02
42	0.00	1.08	7.79	91.14
43	0.00	1.00	7.57	91.43
44	0.00	1.03	7.66	91.32
45	0.00	1.04	7.68	91.28
46	0.00	1.04	7.60	91.37
47	0.00	1.04	7.59	91.37
48	0.00	1.02	7.49	91.50
49	0.00	1.02	7.44	91.54
50	0.00	1.02	7.45	91.53
51	0.00	0.95	7.23	91.82
52	0.00	0.96	7.14	91.90
53	0.00	1.01	7.39	91.59
54	0.00	0.93	7.04	92.03
55	0.00	0.88	6.79	92.33
56	0.00	0.89	6.84	92.28
57	0.00	0.86	6.76	92.38
58	0.00	0.91	6.95	92.14
59	0.00	0.91	7.08	92.01
60	0.00	0.91	7.11	91.97
61	0.00	0.84	6.81	92.35
62	0.00	0.88	6.99	92.14
63	0.00	0.85	6.98	92.18
64	0.00	0.85	6.97	92.19
65	0.00	0.91	7.30	91.79
66	0.00	0.86	7.16	91.98
67	0.00	0.90	7.47	91.63
68	0.00	0.83	7.24	91.93
69	0.00	0.87	7.49	91.64
70	0.00	0.91	7.69	91.40
71	0.00	0.87	7.63	91.50
72	0.00	0.82	7.40	91.78
73	0.00	0.88	7.73	91.39
74	0.00	1.18	9.48	89.34
75	0.00	0.95	8.54	90.52
76	0.00	0.96	12.89	86.14
77	0.00	0.78	9.08	90.13
78	0.00	0.73	7.69	91.59
79	0.00	0.84	7.77	91.39
80	0.00	0.79	7.44	91.77
81	0.00	0.76	7.25	91.99
82	0.00	0.78	7.28	91.94
83	0.00	0.79	7.35	91.86
84	0.00	0.81	7.41	91.78
85	0.00	0.84	7.60	91.56
86	0.00	0.94	8.01	91.05
87	0.00	0.96	8.10	90.94
88	0.00	0.87	7.74	91.39
89	0.00	0.94	7.96	91.10
90	0.00	1.25	9.23	89.52
91	0.00	1.14	9.01	89.85
92	0.00	0.99	8.42	90.58
93	0.00	0.91	7.94	91.15
94	0.00	1.05	8.46	90.49
95	0.00	1.08	8.65	90.27
96	0.00	1.19	9.22	89.59
97	0.00	1.12	9.16	89.72
98	0.00	1.07	9.20	89.73
99	0.00	1.07	9.16	89.77
100	0.00	2.92	17.61	79.47


	KU328820-15_A_L003_R2_007.trimmed.fastq.gz
Ranges	0-10	11-20	21-30	31-40
Base
1	0.12	3.30	6.28	90.31
2	0.00	1.76	4.64	93.60
3	0.00	1.20	3.91	94.89
4	0.00	0.97	3.46	95.56
5	0.00	1.37	13.67	84.95
6	0.00	1.35	12.62	86.03
7	0.00	1.28	12.09	86.63
8	0.00	1.31	6.71	91.98
9	0.00	1.29	6.71	91.99
10	0.00	1.30	6.37	92.32
11	0.00	1.29	6.36	92.34
12	0.00	1.27	6.29	92.44
13	0.00	1.26	6.35	92.39
14	0.00	1.23	6.33	92.44
15	0.00	1.26	6.47	92.27
16	0.00	1.23	6.42	92.35
17	0.00	1.15	6.17	92.67
18	0.00	1.94	9.08	88.98
19	0.00	1.89	8.93	89.18
20	0.00	1.76	8.63	89.60
21	0.00	1.81	8.82	89.37
22	0.00	1.76	8.76	89.48
23	0.00	1.76	8.80	89.44
24	0.00	1.77	8.90	89.33
25	0.00	1.66	8.65	89.69
26	0.00	1.56	8.36	90.08
27	0.00	1.62	8.56	89.82
28	0.00	1.56	8.57	89.87
29	0.00	1.59	8.79	89.63
30	0.00	1.60	8.77	89.63
31	0.00	1.43	8.35	90.22
32	0.00	1.47	8.65	89.89
33	0.00	1.34	8.32	90.34
34	0.00	1.39	8.61	90.00
35	0.00	1.28	8.30	90.42
36	0.00	1.32	8.67	90.00
37	0.00	1.30	8.66	90.04
38	0.00	1.23	8.48	90.29
39	0.00	1.13	8.13	90.74
40	0.00	1.18	8.33	90.49
41	0.00	1.18	8.42	90.40
42	0.00	1.27	8.69	90.04
43	0.00	1.18	8.44	90.38
44	0.00	1.17	8.37	90.46
45	0.00	1.19	8.44	90.37
46	0.00	1.15	8.32	90.53
47	0.00	1.08	8.07	90.85
48	0.00	1.08	7.94	90.99
49	0.00	1.23	8.55	90.22
50	0.00	1.04	7.85	91.11
51	0.00	1.03	7.68	91.28
52	0.00	1.08	7.86	91.07
53	0.00	1.05	7.65	91.30
54	0.00	1.07	7.73	91.20
55	0.00	0.83	7.67	91.51
56	0.00	0.75	6.39	92.86
57	0.00	0.82	6.53	92.64
58	0.00	0.84	6.64	92.52
59	0.00	0.91	6.93	92.16
60	0.00	0.94	7.15	91.91
61	0.00	0.94	7.10	91.96
62	0.00	0.95	7.15	91.90
63	0.00	0.88	7.01	92.11
64	0.00	0.81	6.70	92.49
65	0.00	0.96	7.41	91.63
66	0.00	0.90	7.23	91.88
67	0.00	0.86	7.23	91.91
68	0.00	0.84	7.03	92.13
69	0.00	0.90	7.30	91.81
70	0.00	0.80	6.92	92.28
71	0.00	0.75	6.76	92.48
72	0.00	0.73	6.55	92.73
73	0.00	0.80	6.89	92.31
74	0.00	0.72	6.64	92.64
75	0.00	0.70	6.61	92.69
76	0.00	0.72	6.70	92.58
77	0.00	0.77	7.07	92.16
78	0.00	0.71	6.78	92.51
79	0.00	0.68	6.67	92.65
80	0.00	0.73	6.88	92.39
81	0.00	0.79	7.18	92.02
82	0.00	0.82	7.41	91.77
83	0.00	0.77	7.23	92.00
84	0.00	0.72	6.95	92.33
85	0.00	0.79	7.27	91.94
86	0.00	0.81	7.42	91.77
87	0.00	0.82	7.49	91.69
88	0.00	0.85	7.55	91.59
89	0.00	0.95	8.07	90.99
90	0.00	0.96	8.07	90.97
91	0.00	0.97	8.19	90.84
92	0.00	0.91	7.92	91.17
93	0.00	0.96	8.09	90.95
94	0.00	0.93	8.00	91.07
95	0.00	1.07	8.40	90.53
96	0.00	1.01	8.46	90.53
97	0.00	1.06	8.65	90.29
98	0.00	0.98	8.46	90.56
99	0.00	1.04	8.70	90.26
100	0.00	1.18	9.19	89.63




