Parameters
	Library type	Paired-end
	Input files	KU328820-15_A_L003_R1_033.trimmed.fastq.gz	KU328820-15_A_L003_R2_033.trimmed.fastq.gz
	Primer/Adaptor library	NA
	Cut-off read length for HQ	70%
	Cut-off quality score	20
	Only statistics	On
	Number of CPUs	2


QC statistics
	File name	KU328820-15_A_L003_R1_033.trimmed.fastq.gz	KU328820-15_A_L003_R2_033.trimmed.fastq.gz
	Total number of reads	4000000	4000000
	Total number of HQ reads	3988519	3988519
	Percentage of HQ reads	99.71%	99.71%
	Total number of bases	371019001	366956347
	Total number of bases in HQ reads	370334952	366784720
	Total number of HQ bases in HQ reads	368707499	365080701
	Percentage of HQ bases in HQ reads	99.56%	99.54%
	Number of Primer/Adaptor contaminated HQ reads	NA	NA
	Total number of HQ filtered reads	3988519	3988519
	Percentage of HQ filtered reads	99.71%	99.71%


Detailed QC statistics
	File name	KU328820-15_A_L003_R1_033.trimmed.fastq.gz	KU328820-15_A_L003_R2_033.trimmed.fastq.gz
	Minimum read length	1	1
	Maximum read length	100	100
	Average read length	92.75	91.74
	Total number of reads	4000000	4000000
	Total number of reads with non-ATGC bases	148	3502
	Percentage of reads with non-ATGC bases	0.00%	0.09%
	Total number of bases	371019001	366956347
	Total number of HQ bases	369366178	365202979
	Percentage of HQ bases	99.55%	99.52%
	Total number of non-ATGC bases	148	3502
	Percentage of non-ATGC bases	0.00%	0.00%


Average quality score at each base position of input reads

KU328820-15_A_L003_R1_033.trimmed.fastq.gz
32.53	32.92	33.04	36.33	36.27	36.28	36.28	36.27	38.02	38.00	37.99	37.96	37.95	39.44	39.41	39.36	39.33	39.29	39.30	39.24	39.17	39.13	39.05	39.01	38.95	38.84	38.76	38.63	38.55	38.46	38.36	38.23	38.10	37.98	37.85	37.71	37.57	37.46	37.34	37.18	37.02	36.88	36.96	36.92	36.84	36.73	36.61	36.45	36.33	36.17	36.21	36.15	36.04	35.94	35.80	35.67	35.52	35.36	35.15	34.98	34.80	34.60	34.41	34.17	33.98	33.77	33.52	33.29	33.05	32.81	32.58	32.33	32.10	31.84	31.58	30.72	30.93	30.95	30.83	30.65	30.43	30.17	29.93	29.69	29.49	29.29	29.08	28.93	28.75	28.58	28.38	28.19	28.00	27.81	27.62	27.43	27.25	27.05	26.85	25.62	

KU328820-15_A_L003_R2_033.trimmed.fastq.gz
36.06	36.37	36.50	36.59	32.27	32.66	32.81	36.00	35.99	35.97	35.96	35.94	37.54	37.51	37.45	37.43	37.33	38.71	38.66	38.62	38.56	38.48	38.46	38.37	38.30	38.21	38.13	37.99	37.96	37.90	37.81	37.73	37.64	37.44	37.40	37.30	37.21	37.11	36.98	36.89	36.82	36.73	36.61	36.48	36.37	36.35	36.22	36.17	36.11	36.01	35.87	35.73	35.56	35.44	34.51	34.74	34.89	34.88	34.77	34.63	34.50	34.32	34.13	33.98	33.76	33.57	33.42	33.36	33.24	33.09	32.86	32.67	32.41	32.24	32.04	31.83	31.61	31.39	31.14	30.89	30.62	30.42	30.18	29.98	29.80	29.57	29.37	29.20	28.99	28.79	28.58	28.41	28.30	28.12	27.98	27.81	27.47	27.31	27.09	26.93	





Read count (%) per base for different quality score ranges

	KU328820-15_A_L003_R1_033.trimmed.fastq.gz
Ranges	0-10	11-20	21-30	31-40
Base
1	0.00	0.91	7.12	91.97
2	0.00	0.44	5.89	93.67
3	0.00	0.34	5.47	94.19
4	0.00	0.30	2.16	97.53
5	0.00	0.33	2.49	97.18
6	0.00	0.33	2.44	97.23
7	0.00	0.34	2.45	97.21
8	0.00	0.34	2.45	97.21
9	0.00	0.34	2.47	97.19
10	0.00	0.34	2.52	97.13
11	0.00	0.35	2.53	97.12
12	0.00	0.36	2.60	97.04
13	0.00	0.36	2.62	97.02
14	0.00	0.86	5.24	93.91
15	0.00	0.87	5.23	93.90
16	0.00	0.89	5.32	93.79
17	0.00	0.90	5.35	93.76
18	0.00	0.90	5.32	93.79
19	0.00	0.90	5.39	93.71
20	0.00	0.91	5.40	93.69
21	0.00	0.90	5.46	93.64
22	0.00	0.90	5.38	93.72
23	0.00	0.90	5.43	93.67
24	0.00	0.92	5.55	93.53
25	0.00	0.88	5.50	93.62
26	0.00	0.92	5.51	93.56
27	0.00	0.89	5.48	93.62
28	0.00	0.91	5.60	93.49
29	0.00	0.87	5.52	93.61
30	0.00	0.84	5.53	93.63
31	0.00	0.82	5.53	93.65
32	0.00	0.84	5.66	93.51
33	0.00	0.82	5.75	93.43
34	0.00	0.82	5.76	93.42
35	0.00	0.83	5.83	93.33
36	0.00	0.85	5.92	93.23
37	0.00	0.84	5.92	93.25
38	0.00	0.80	5.76	93.44
39	0.00	0.79	5.78	93.43
40	0.00	0.82	5.88	93.30
41	0.00	0.83	5.88	93.29
42	0.00	0.82	5.87	93.31
43	0.00	0.79	5.83	93.38
44	0.00	0.77	5.76	93.47
45	0.00	0.79	5.74	93.48
46	0.00	0.80	5.78	93.42
47	0.00	0.81	5.75	93.44
48	0.00	0.84	5.88	93.28
49	0.00	0.82	5.85	93.33
50	0.00	0.83	5.87	93.30
51	0.00	0.73	5.50	93.77
52	0.00	0.73	5.31	93.96
53	0.00	0.72	5.32	93.96
54	0.00	0.70	5.18	94.13
55	0.00	0.70	5.21	94.09
56	0.00	0.68	5.15	94.17
57	0.00	0.69	5.13	94.18
58	0.00	0.68	5.10	94.22
59	0.00	0.69	5.30	94.01
60	0.00	0.67	5.25	94.08
61	0.00	0.67	5.22	94.11
62	0.00	0.67	5.29	94.04
63	0.00	0.67	5.29	94.04
64	0.00	0.70	5.51	93.79
65	0.00	0.67	5.48	93.85
66	0.00	0.69	5.51	93.80
67	0.00	0.71	5.66	93.63
68	0.00	0.69	5.75	93.56
69	0.00	0.71	5.84	93.44
70	0.00	0.70	5.88	93.42
71	0.00	0.70	5.98	93.33
72	0.00	0.71	6.01	93.27
73	0.00	0.69	6.02	93.29
74	0.00	0.71	6.11	93.18
75	0.00	0.74	6.27	92.99
76	0.00	0.66	8.63	90.70
77	0.00	0.62	6.52	92.86
78	0.00	0.61	5.83	93.56
79	0.00	0.61	5.61	93.78
80	0.00	0.61	5.58	93.81
81	0.00	0.64	5.64	93.71
82	0.00	0.71	5.98	93.31
83	0.00	0.74	6.24	93.03
84	0.00	0.79	6.43	92.78
85	0.00	0.79	6.48	92.73
86	0.00	0.81	6.59	92.60
87	0.00	0.86	6.79	92.35
88	0.00	0.83	6.72	92.45
89	0.00	0.87	6.86	92.27
90	0.00	0.89	6.98	92.13
91	0.00	0.95	7.29	91.76
92	0.00	1.01	7.55	91.44
93	0.00	1.02	7.77	91.21
94	0.00	1.07	7.95	90.99
95	0.00	1.08	8.17	90.75
96	0.00	1.09	8.33	90.58
97	0.00	1.08	8.39	90.53
98	0.00	1.07	8.57	90.36
99	0.00	1.12	8.82	90.06
100	0.00	2.80	16.83	80.37


	KU328820-15_A_L003_R2_033.trimmed.fastq.gz
Ranges	0-10	11-20	21-30	31-40
Base
1	0.09	2.14	3.28	94.50
2	0.00	1.12	2.29	96.60
3	0.00	0.72	1.90	97.38
4	0.00	0.54	1.70	97.76
5	0.00	0.74	9.37	89.89
6	0.00	0.61	7.09	92.30
7	0.00	0.59	6.71	92.70
8	0.00	0.57	3.19	96.24
9	0.00	0.56	3.19	96.25
10	0.00	0.59	3.19	96.22
11	0.00	0.57	3.13	96.30
12	0.00	0.57	3.11	96.32
13	0.00	0.57	3.15	96.28
14	0.00	0.57	3.15	96.29
15	0.00	0.57	3.22	96.21
16	0.00	0.56	3.17	96.27
17	0.00	0.58	3.34	96.08
18	0.00	1.27	6.29	92.44
19	0.00	1.23	6.22	92.55
20	0.00	1.19	6.15	92.66
21	0.00	1.15	6.06	92.79
22	0.00	1.16	6.11	92.74
23	0.00	1.15	6.09	92.76
24	0.00	1.14	6.12	92.74
25	0.00	1.11	6.06	92.84
26	0.00	1.10	6.03	92.86
27	0.00	1.07	5.95	92.99
28	0.00	1.67	6.33	92.00
29	0.00	1.21	6.19	92.61
30	0.00	1.08	5.99	92.94
31	0.00	1.04	6.00	92.96
32	0.00	0.98	5.93	93.09
33	0.00	0.97	5.95	93.08
34	0.00	1.50	6.25	92.26
35	0.00	1.08	6.06	92.86
36	0.00	1.01	6.01	92.98
37	0.00	0.98	6.01	93.01
38	0.00	0.93	6.02	93.05
39	0.00	0.93	6.11	92.96
40	0.00	0.88	6.01	93.10
41	0.00	0.81	5.94	93.26
42	0.00	0.80	5.85	93.35
43	0.00	0.81	5.86	93.33
44	0.00	0.81	5.94	93.26
45	0.00	0.79	5.84	93.37
46	0.00	0.79	5.99	93.22
47	0.00	0.83	6.10	93.08
48	0.00	0.78	5.88	93.34
49	0.00	0.76	5.74	93.50
50	0.00	0.75	5.67	93.57
51	0.00	0.76	5.64	93.60
52	0.00	0.76	5.68	93.56
53	0.00	0.79	5.78	93.43
54	0.00	0.75	5.62	93.63
55	0.00	0.54	5.02	94.43
56	0.00	0.55	4.45	94.99
57	0.00	0.63	4.91	94.46
58	0.00	0.71	5.23	94.06
59	0.00	0.74	5.46	93.79
60	0.00	0.75	5.46	93.79
61	0.00	0.73	5.44	93.83
62	0.00	0.75	5.55	93.69
63	0.00	0.75	5.70	93.55
64	0.00	0.73	5.63	93.64
65	0.00	0.78	5.87	93.34
66	0.00	0.76	5.91	93.32
67	0.00	0.65	5.45	93.90
68	0.00	0.59	5.08	94.33
69	0.00	0.57	5.00	94.43
70	0.00	0.57	4.92	94.51
71	0.00	0.62	5.17	94.21
72	0.00	0.59	5.10	94.30
73	0.00	0.57	4.94	94.50
74	0.00	0.55	4.87	94.58
75	0.00	0.54	4.89	94.57
76	0.00	0.55	4.91	94.54
77	0.00	0.55	4.95	94.50
78	0.00	0.55	5.01	94.44
79	0.00	0.59	5.03	94.38
80	0.00	0.60	5.23	94.17
81	0.00	0.64	5.50	93.86
82	0.00	0.60	5.41	93.98
83	0.00	0.64	5.59	93.77
84	0.00	0.62	5.55	93.82
85	0.00	0.62	5.48	93.90
86	0.00	0.65	5.65	93.70
87	0.00	0.68	5.78	93.54
88	0.00	0.67	5.70	93.63
89	0.00	0.72	5.94	93.34
90	0.00	0.75	6.18	93.07
91	0.00	0.81	6.40	92.79
92	0.00	0.82	6.49	92.69
93	0.00	0.75	6.21	93.05
94	0.00	0.81	6.47	92.72
95	0.00	0.80	6.50	92.70
96	0.00	0.82	6.60	92.58
97	0.00	0.91	6.97	92.12
98	0.00	0.81	6.80	92.38
99	0.00	0.87	7.09	92.04
100	0.00	0.99	7.45	91.56




