Parameters
	Library type	Paired-end
	Input files	KU328820-15_A_L003_R1_045.trimmed.fastq.gz	KU328820-15_A_L003_R2_045.trimmed.fastq.gz
	Primer/Adaptor library	NA
	Cut-off read length for HQ	70%
	Cut-off quality score	20
	Only statistics	On
	Number of CPUs	2


QC statistics
	File name	KU328820-15_A_L003_R1_045.trimmed.fastq.gz	KU328820-15_A_L003_R2_045.trimmed.fastq.gz
	Total number of reads	4000000	4000000
	Total number of HQ reads	3983360	3983360
	Percentage of HQ reads	99.58%	99.58%
	Total number of bases	364118815	353542134
	Total number of bases in HQ reads	363213942	353272693
	Total number of HQ bases in HQ reads	361109626	350854071
	Percentage of HQ bases in HQ reads	99.42%	99.32%
	Number of Primer/Adaptor contaminated HQ reads	NA	NA
	Total number of HQ filtered reads	3983360	3983360
	Percentage of HQ filtered reads	99.58%	99.58%


Detailed QC statistics
	File name	KU328820-15_A_L003_R1_045.trimmed.fastq.gz	KU328820-15_A_L003_R2_045.trimmed.fastq.gz
	Minimum read length	1	1
	Maximum read length	100	100
	Average read length	91.03	88.39
	Total number of reads	4000000	4000000
	Total number of reads with non-ATGC bases	189	4030
	Percentage of reads with non-ATGC bases	0.00%	0.10%
	Total number of bases	364118815	353542134
	Total number of HQ bases	361973729	351045198
	Percentage of HQ bases	99.41%	99.29%
	Total number of non-ATGC bases	189	4030
	Percentage of non-ATGC bases	0.00%	0.00%


Average quality score at each base position of input reads

KU328820-15_A_L003_R1_045.trimmed.fastq.gz
31.89	32.53	32.75	36.06	36.00	36.02	36.01	35.99	37.59	37.48	37.53	37.55	37.55	38.86	38.84	38.64	38.70	38.68	38.70	38.63	38.59	38.54	38.46	38.39	38.32	38.23	38.11	38.01	37.90	37.79	37.67	37.53	37.43	37.18	37.02	36.94	36.83	36.67	36.56	36.41	36.13	36.02	36.18	36.08	36.05	35.85	35.74	35.62	35.51	35.33	35.34	35.21	35.05	34.92	34.59	34.48	34.31	34.11	33.94	33.64	33.45	33.26	33.10	32.90	32.68	32.43	32.12	31.90	31.63	31.43	31.19	30.99	30.74	30.49	30.24	29.43	29.62	29.64	29.49	29.33	29.16	28.95	28.73	28.50	28.22	28.03	27.87	27.70	27.51	27.34	27.09	26.95	26.81	26.63	26.47	26.31	26.13	25.97	25.81	24.59	

KU328820-15_A_L003_R2_045.trimmed.fastq.gz
35.42	36.01	36.27	36.41	31.88	32.30	32.46	35.57	35.56	35.55	35.54	35.49	36.93	36.83	36.83	36.78	36.70	37.49	37.56	37.56	37.52	37.49	37.49	37.26	37.21	37.15	37.08	36.92	36.84	36.77	36.66	36.57	36.48	36.35	36.24	36.12	35.85	35.81	35.70	35.59	35.49	35.26	35.16	35.04	34.91	34.92	34.84	34.75	34.54	34.45	34.30	34.03	33.89	33.73	32.82	33.03	33.13	33.07	32.82	32.71	32.55	32.39	32.22	31.85	31.68	31.47	31.40	31.29	31.16	31.01	30.85	30.68	30.41	30.22	30.00	29.79	29.22	29.03	28.87	28.65	28.46	28.06	27.62	27.45	27.27	27.09	26.89	26.70	26.51	26.04	25.91	25.80	25.67	25.53	25.40	25.24	25.04	24.87	24.66	24.52	





Read count (%) per base for different quality score ranges

	KU328820-15_A_L003_R1_045.trimmed.fastq.gz
Ranges	0-10	11-20	21-30	31-40
Base
1	0.00	2.06	11.12	86.82
2	0.00	0.76	8.92	90.32
3	0.00	0.56	8.03	91.41
4	0.00	0.47	3.38	96.15
5	0.00	0.56	3.78	95.66
6	0.00	0.55	3.71	95.74
7	0.00	0.56	3.81	95.63
8	0.00	0.58	3.87	95.55
9	0.00	0.58	3.90	95.51
10	0.00	0.90	4.05	95.04
11	0.00	0.69	3.98	95.33
12	0.00	0.58	3.94	95.48
13	0.00	0.58	3.93	95.49
14	0.00	1.14	6.53	92.33
15	0.00	1.14	6.56	92.30
16	0.00	1.99	6.88	91.13
17	0.00	1.39	6.75	91.86
18	0.00	1.22	6.60	92.18
19	0.00	1.23	6.70	92.07
20	0.00	1.23	6.74	92.03
21	0.00	1.19	6.71	92.10
22	0.00	1.14	6.64	92.21
23	0.00	1.14	6.66	92.20
24	0.00	1.16	6.90	91.94
25	0.00	1.13	6.80	92.07
26	0.00	1.14	6.77	92.09
27	0.00	1.14	6.84	92.02
28	0.00	1.09	6.79	92.11
29	0.00	1.08	6.82	92.10
30	0.00	1.05	6.83	92.12
31	0.00	1.04	6.87	92.09
32	0.00	1.03	6.96	92.01
33	0.00	1.00	6.88	92.11
34	0.00	1.49	7.22	91.30
35	0.00	1.23	7.49	91.28
36	0.00	1.06	7.21	91.73
37	0.00	1.04	7.02	91.94
38	0.00	1.04	7.12	91.84
39	0.00	1.00	7.02	91.98
40	0.00	0.98	7.05	91.97
41	0.00	1.32	7.28	91.39
42	0.00	1.12	7.17	91.71
43	0.00	0.98	6.81	92.21
44	0.00	1.01	6.94	92.06
45	0.00	0.95	6.71	92.34
46	0.00	1.29	6.95	91.76
47	0.00	1.08	6.93	91.98
48	0.00	1.03	6.93	92.04
49	0.00	1.00	6.80	92.20
50	0.00	1.03	6.93	92.04
51	0.00	0.88	6.49	92.64
52	0.00	0.87	6.41	92.72
53	0.00	0.88	6.43	92.69
54	0.00	0.84	6.30	92.86
55	0.00	0.85	6.28	92.87
56	0.00	0.79	6.09	93.13
57	0.00	0.80	6.08	93.12
58	0.00	0.82	6.19	92.99
59	0.00	0.79	6.17	93.03
60	0.00	0.80	6.18	93.02
61	0.00	0.76	6.16	93.08
62	0.00	0.78	6.13	93.09
63	0.00	0.73	6.01	93.26
64	0.00	0.73	6.05	93.22
65	0.00	0.75	6.15	93.10
66	0.00	0.78	6.37	92.84
67	0.00	0.73	6.20	93.07
68	0.00	0.73	6.23	93.04
69	0.00	0.78	6.56	92.66
70	0.00	0.74	6.47	92.79
71	0.00	0.75	6.58	92.67
72	0.00	0.72	6.49	92.79
73	0.00	0.73	6.60	92.67
74	0.00	0.75	6.72	92.53
75	0.00	0.77	6.81	92.42
76	0.00	0.71	9.32	89.97
77	0.00	0.66	7.20	92.15
78	0.00	0.63	6.43	92.94
79	0.00	0.68	6.42	92.91
80	0.00	0.66	6.27	93.06
81	0.00	0.66	6.20	93.14
82	0.00	0.70	6.32	92.98
83	0.00	0.72	6.49	92.78
84	0.00	0.80	6.86	92.34
85	0.00	0.80	6.87	92.33
86	0.00	0.83	6.98	92.19
87	0.00	0.83	7.01	92.16
88	0.00	0.85	7.16	91.98
89	0.00	0.91	7.40	91.69
90	0.00	0.94	7.59	91.48
91	0.00	0.96	7.66	91.38
92	0.00	0.95	7.71	91.34
93	0.00	0.96	7.72	91.32
94	0.00	1.02	8.01	90.97
95	0.00	1.03	8.17	90.80
96	0.00	1.03	8.24	90.73
97	0.00	1.03	8.50	90.47
98	0.00	1.02	8.54	90.43
99	0.00	1.04	8.64	90.32
100	0.00	2.81	17.21	79.98


	KU328820-15_A_L003_R2_045.trimmed.fastq.gz
Ranges	0-10	11-20	21-30	31-40
Base
1	0.10	3.69	5.88	90.33
2	0.00	1.57	4.06	94.37
3	0.00	1.01	3.10	95.89
4	0.00	0.77	2.68	96.54
5	0.00	1.26	14.18	84.56
6	0.00	1.02	10.75	88.23
7	0.00	0.99	10.18	88.83
8	0.00	0.98	5.13	93.89
9	0.00	0.97	5.15	93.87
10	0.00	0.98	5.04	93.98
11	0.00	0.96	4.94	94.10
12	0.00	0.98	5.00	94.02
13	0.00	0.94	4.92	94.14
14	0.00	0.98	5.13	93.89
15	0.00	0.92	4.90	94.19
16	0.00	0.90	4.89	94.20
17	0.00	0.89	4.92	94.19
18	0.00	3.60	8.38	88.02
19	0.00	2.43	8.34	89.23
20	0.00	1.98	7.90	90.12
21	0.00	1.83	7.77	90.40
22	0.00	1.68	7.59	90.73
23	0.00	1.59	7.66	90.75
24	0.00	2.19	7.88	89.94
25	0.00	1.72	7.83	90.45
26	0.00	1.49	7.59	90.92
27	0.00	1.41	7.39	91.20
28	0.00	1.95	7.74	90.31
29	0.00	1.61	7.77	90.62
30	0.00	1.37	7.51	91.12
31	0.00	1.31	7.49	91.20
32	0.00	1.24	7.41	91.35
33	0.00	1.18	7.35	91.47
34	0.00	1.15	7.41	91.44
35	0.00	1.10	7.39	91.50
36	0.00	1.08	7.42	91.49
37	0.00	1.65	7.78	90.57
38	0.00	1.21	7.56	91.24
39	0.00	1.12	7.48	91.40
40	0.00	1.09	7.39	91.52
41	0.00	1.03	7.26	91.71
42	0.00	1.37	7.59	91.03
43	0.00	1.18	7.49	91.33
44	0.00	1.07	7.37	91.56
45	0.00	1.02	7.31	91.67
46	0.00	0.98	7.22	91.80
47	0.00	0.94	7.16	91.90
48	0.00	0.93	7.05	92.02
49	0.00	1.35	7.35	91.30
50	0.00	1.05	7.24	91.71
51	0.00	0.98	7.04	91.98
52	0.00	0.94	6.86	92.20
53	0.00	0.94	6.86	92.20
54	0.00	0.92	6.83	92.25
55	0.00	0.69	6.34	92.98
56	0.00	0.70	5.72	93.58
57	0.00	0.79	6.09	93.13
58	0.00	0.86	6.16	92.98
59	0.00	0.87	6.47	92.66
60	0.00	0.82	6.37	92.81
61	0.00	0.86	6.39	92.75
62	0.00	0.83	6.39	92.77
63	0.00	0.83	6.45	92.72
64	0.00	0.82	6.42	92.76
65	0.00	0.80	6.41	92.79
66	0.00	0.85	6.61	92.55
67	0.00	0.73	6.33	92.94
68	0.00	0.70	6.06	93.24
69	0.00	0.69	5.96	93.35
70	0.00	0.67	5.87	93.46
71	0.00	0.66	5.80	93.54
72	0.00	0.65	5.77	93.58
73	0.00	0.62	5.63	93.74
74	0.00	0.63	5.71	93.66
75	0.00	0.65	5.83	93.52
76	0.00	0.64	5.85	93.51
77	0.00	1.02	6.16	92.82
78	0.00	0.80	6.30	92.90
79	0.00	0.68	6.11	93.21
80	0.00	0.69	6.17	93.15
81	0.00	0.65	6.10	93.25
82	0.00	0.89	6.39	92.73
83	0.00	0.74	6.47	92.80
84	0.00	0.68	6.32	92.99
85	0.00	0.70	6.33	92.97
86	0.00	0.70	6.33	92.97
87	0.00	0.74	6.52	92.74
88	0.00	0.75	6.64	92.61
89	0.00	0.80	6.77	92.44
90	0.00	1.14	7.02	91.84
91	0.00	0.92	7.19	91.88
92	0.00	0.83	6.93	92.24
93	0.00	0.83	6.83	92.34
94	0.00	0.85	6.95	92.20
95	0.00	0.84	6.98	92.18
96	0.00	0.87	7.18	91.95
97	0.00	0.80	6.98	92.22
98	0.00	0.81	7.13	92.06
99	0.00	0.89	7.42	91.69
100	0.00	1.01	7.80	91.20




