Parameters
	Library type	Paired-end
	Input files	KU328820-15_A_L003_R1_027.trimmed.fastq.gz	KU328820-15_A_L003_R2_027.trimmed.fastq.gz
	Primer/Adaptor library	NA
	Cut-off read length for HQ	70%
	Cut-off quality score	20
	Only statistics	On
	Number of CPUs	2


QC statistics
	File name	KU328820-15_A_L003_R1_027.trimmed.fastq.gz	KU328820-15_A_L003_R2_027.trimmed.fastq.gz
	Total number of reads	4000000	4000000
	Total number of HQ reads	3986059	3986059
	Percentage of HQ reads	99.65%	99.65%
	Total number of bases	365836197	357011415
	Total number of bases in HQ reads	365056424	356785879
	Total number of HQ bases in HQ reads	363116034	354563678
	Percentage of HQ bases in HQ reads	99.47%	99.38%
	Number of Primer/Adaptor contaminated HQ reads	NA	NA
	Total number of HQ filtered reads	3986059	3986059
	Percentage of HQ filtered reads	99.65%	99.65%


Detailed QC statistics
	File name	KU328820-15_A_L003_R1_027.trimmed.fastq.gz	KU328820-15_A_L003_R2_027.trimmed.fastq.gz
	Minimum read length	1	1
	Maximum read length	100	100
	Average read length	91.46	89.25
	Total number of reads	4000000	4000000
	Total number of reads with non-ATGC bases	217	3846
	Percentage of reads with non-ATGC bases	0.01%	0.10%
	Total number of bases	365836197	357011415
	Total number of HQ bases	363862991	354727464
	Percentage of HQ bases	99.46%	99.36%
	Total number of non-ATGC bases	217	3846
	Percentage of non-ATGC bases	0.00%	0.00%


Average quality score at each base position of input reads

KU328820-15_A_L003_R1_027.trimmed.fastq.gz
32.08	32.59	32.75	36.08	36.02	36.02	36.01	36.02	37.66	37.62	37.63	37.61	37.60	38.95	38.92	38.88	38.85	38.82	38.80	38.72	38.70	38.61	38.57	38.48	38.25	38.24	38.15	38.03	37.93	37.87	37.74	37.59	37.49	37.37	37.21	37.11	36.97	36.83	36.68	36.55	36.37	36.24	36.35	36.26	36.18	36.02	35.92	35.78	35.69	35.52	35.51	35.34	35.29	35.09	34.94	34.80	34.66	34.48	34.06	33.90	33.75	33.58	33.37	33.18	32.99	32.76	32.53	32.30	32.08	31.89	31.66	31.44	31.21	30.93	30.68	29.70	29.93	29.97	29.84	29.65	29.46	29.29	29.08	28.86	28.62	28.45	28.23	28.09	27.94	27.76	27.59	27.44	27.28	27.12	26.96	26.77	26.63	26.47	26.31	25.18	

KU328820-15_A_L003_R2_027.trimmed.fastq.gz
35.82	36.18	36.36	36.46	32.12	32.44	32.52	35.68	35.65	35.64	35.58	35.60	37.06	37.05	37.00	36.94	36.74	38.08	37.98	37.91	37.84	37.80	37.78	37.72	37.53	37.53	37.46	37.42	37.30	37.17	37.10	36.97	36.90	36.78	36.68	36.58	36.47	36.33	36.17	36.11	35.98	35.86	35.70	35.63	35.50	35.48	35.44	35.34	35.22	35.08	34.95	34.45	34.35	34.22	33.31	33.54	33.72	33.36	33.31	33.21	33.07	32.90	32.74	32.23	32.11	31.96	31.91	31.80	31.69	31.54	31.39	31.23	31.07	30.85	30.63	30.33	30.15	29.93	29.71	29.51	29.29	29.03	28.85	28.53	28.33	28.13	27.84	26.06	26.18	26.15	26.08	25.96	25.83	25.66	25.55	25.38	25.17	25.01	24.83	24.72	





Read count (%) per base for different quality score ranges

	KU328820-15_A_L003_R1_027.trimmed.fastq.gz
Ranges	0-10	11-20	21-30	31-40
Base
1	0.01	1.35	10.34	88.30
2	0.00	0.67	8.28	91.05
3	0.00	0.52	7.69	91.79
4	0.00	0.45	3.17	96.37
5	0.00	0.50	3.58	95.92
6	0.00	0.51	3.52	95.97
7	0.00	0.52	3.58	95.90
8	0.00	0.52	3.55	95.93
9	0.00	0.53	3.62	95.86
10	0.00	0.55	3.73	95.72
11	0.00	0.53	3.64	95.82
12	0.00	0.55	3.73	95.73
13	0.00	0.54	3.73	95.73
14	0.00	1.13	6.38	92.49
15	0.00	1.12	6.37	92.51
16	0.00	1.13	6.40	92.46
17	0.00	1.12	6.42	92.47
18	0.00	1.12	6.38	92.50
19	0.00	1.16	6.57	92.27
20	0.00	1.16	6.62	92.22
21	0.00	1.13	6.48	92.40
22	0.00	1.15	6.56	92.29
23	0.00	1.11	6.42	92.48
24	0.00	1.16	6.71	92.13
25	0.00	1.79	7.04	91.17
26	0.00	1.36	6.75	91.89
27	0.00	1.26	6.69	92.05
28	0.00	1.25	6.77	91.98
29	0.00	1.17	6.68	92.15
30	0.00	1.06	6.58	92.35
31	0.00	1.06	6.70	92.24
32	0.00	1.04	6.89	92.06
33	0.00	0.98	6.75	92.27
34	0.00	0.98	6.83	92.19
35	0.00	1.00	6.96	92.04
36	0.00	0.96	6.86	92.18
37	0.00	0.95	6.83	92.22
38	0.00	0.94	6.84	92.22
39	0.00	0.96	6.85	92.20
40	0.00	0.93	6.78	92.29
41	0.00	0.97	6.93	92.10
42	0.00	0.96	6.78	92.26
43	0.00	0.86	6.59	92.55
44	0.00	0.89	6.70	92.41
45	0.00	0.89	6.53	92.58
46	0.00	0.94	6.76	92.30
47	0.00	0.93	6.68	92.39
48	0.00	0.92	6.67	92.41
49	0.00	0.89	6.52	92.59
50	0.00	0.93	6.63	92.44
51	0.00	0.82	6.28	92.90
52	0.00	0.87	6.35	92.77
53	0.00	0.78	6.00	93.22
54	0.00	0.82	6.12	93.06
55	0.00	0.81	6.04	93.15
56	0.00	0.78	5.96	93.26
57	0.00	0.77	5.84	93.40
58	0.00	0.78	5.95	93.28
59	0.00	1.07	6.13	92.79
60	0.00	0.86	6.12	93.02
61	0.00	0.79	5.94	93.26
62	0.00	0.76	5.89	93.35
63	0.00	0.77	5.94	93.29
64	0.00	0.73	5.99	93.28
65	0.00	0.73	6.00	93.28
66	0.00	0.74	6.08	93.18
67	0.00	0.74	6.18	93.08
68	0.00	0.76	6.26	92.99
69	0.00	0.74	6.27	92.99
70	0.00	0.69	6.10	93.21
71	0.00	0.70	6.20	93.10
72	0.00	0.69	6.21	93.10
73	0.00	0.70	6.24	93.07
74	0.00	0.74	6.48	92.78
75	0.00	0.74	6.57	92.69
76	0.00	0.71	9.20	90.09
77	0.00	0.62	6.90	92.48
78	0.00	0.60	6.15	93.24
79	0.00	0.62	5.95	93.43
80	0.00	0.65	5.96	93.40
81	0.00	0.65	5.92	93.44
82	0.00	0.63	5.85	93.53
83	0.00	0.66	6.01	93.32
84	0.00	0.73	6.28	92.99
85	0.00	0.81	6.67	92.52
86	0.00	0.79	6.66	92.55
87	0.00	0.87	6.95	92.19
88	0.00	0.83	6.88	92.29
89	0.00	0.84	6.88	92.28
90	0.00	0.88	7.06	92.05
91	0.00	0.94	7.30	91.76
92	0.00	0.93	7.42	91.65
93	0.00	0.96	7.49	91.56
94	0.00	0.98	7.69	91.33
95	0.00	0.99	7.78	91.23
96	0.00	1.04	8.06	90.90
97	0.00	0.97	8.01	91.02
98	0.00	0.97	8.08	90.94
99	0.00	0.99	8.18	90.83
100	0.00	2.55	15.83	81.62


	KU328820-15_A_L003_R2_027.trimmed.fastq.gz
Ranges	0-10	11-20	21-30	31-40
Base
1	0.10	2.68	4.28	92.95
2	0.00	1.42	3.11	95.46
3	0.00	0.91	2.58	96.51
4	0.00	0.69	2.31	97.00
5	0.00	0.97	11.35	87.68
6	0.00	0.86	9.23	89.92
7	0.00	0.84	8.93	90.23
8	0.00	0.81	4.47	94.71
9	0.00	0.80	4.51	94.69
10	0.00	0.85	4.43	94.72
11	0.00	0.87	4.60	94.53
12	0.00	0.80	4.31	94.89
13	0.00	0.84	4.53	94.62
14	0.00	0.80	4.40	94.80
15	0.00	0.80	4.44	94.75
16	0.00	0.80	4.48	94.72
17	0.00	1.34	4.66	94.00
18	0.00	1.88	7.52	90.59
19	0.00	2.12	7.39	90.49
20	0.00	1.88	7.53	90.59
21	0.00	1.69	7.37	90.94
22	0.00	1.57	7.23	91.20
23	0.00	1.50	7.38	91.11
24	0.00	1.40	7.23	91.37
25	0.00	1.91	7.43	90.66
26	0.00	1.40	7.11	91.49
27	0.00	1.28	7.01	91.71
28	0.00	1.27	7.14	91.59
29	0.00	1.27	7.19	91.55
30	0.00	1.25	7.21	91.54
31	0.00	1.18	7.03	91.79
32	0.00	1.18	7.13	91.69
33	0.00	1.10	6.99	91.91
34	0.00	1.10	7.11	91.79
35	0.00	1.04	6.99	91.98
36	0.00	1.02	6.99	91.99
37	0.00	1.00	6.99	92.01
38	0.00	1.02	7.09	91.89
39	0.00	1.03	7.24	91.73
40	0.00	0.95	7.01	92.04
41	0.00	0.98	7.03	91.99
42	0.00	0.97	7.05	91.98
43	0.00	0.99	7.13	91.88
44	0.00	0.93	6.82	92.25
45	0.00	0.92	6.82	92.25
46	0.00	0.92	6.92	92.17
47	0.00	0.87	6.71	92.43
48	0.00	0.87	6.66	92.47
49	0.00	0.89	6.69	92.42
50	0.00	0.92	6.75	92.33
51	0.00	0.88	6.52	92.59
52	0.00	1.37	6.80	91.83
53	0.00	1.08	6.76	92.16
54	0.00	0.98	6.58	92.44
55	0.00	0.65	5.95	93.40
56	0.00	0.66	5.31	94.04
57	0.00	0.71	5.51	93.78
58	0.00	1.26	6.23	92.51
59	0.00	0.98	6.31	92.71
60	0.00	0.88	6.21	92.91
61	0.00	0.89	6.18	92.94
62	0.00	0.88	6.20	92.91
63	0.00	0.85	6.28	92.88
64	0.00	1.36	6.52	92.12
65	0.00	1.04	6.53	92.42
66	0.00	0.93	6.37	92.70
67	0.00	0.81	6.05	93.14
68	0.00	0.75	5.91	93.35
69	0.00	0.68	5.68	93.64
70	0.00	0.66	5.62	93.73
71	0.00	0.63	5.55	93.82
72	0.00	0.61	5.49	93.90
73	0.00	0.58	5.37	94.05
74	0.00	0.62	5.54	93.85
75	0.00	0.63	5.69	93.68
76	0.00	0.62	5.68	93.70
77	0.00	0.60	5.59	93.81
78	0.00	0.61	5.65	93.74
79	0.00	0.62	5.72	93.65
80	0.00	0.61	5.73	93.67
81	0.00	0.61	5.77	93.61
82	0.00	0.64	5.86	93.50
83	0.00	0.61	5.79	93.60
84	0.00	0.65	5.84	93.52
85	0.00	0.66	5.95	93.39
86	0.00	0.67	6.07	93.26
87	0.00	0.79	6.62	92.59
88	0.00	2.77	9.40	87.83
89	0.00	1.24	8.70	90.06
90	0.00	0.98	7.43	91.59
91	0.00	0.87	6.83	92.30
92	0.00	0.85	6.77	92.38
93	0.00	0.83	6.74	92.43
94	0.00	0.89	6.99	92.12
95	0.00	0.82	6.89	92.30
96	0.00	0.87	7.08	92.05
97	0.00	0.81	6.88	92.31
98	0.00	0.80	6.95	92.24
99	0.00	0.84	7.18	91.98
100	0.00	0.90	7.28	91.82




