Parameters
	Library type	Paired-end
	Input files	KU328820-15_A_L003_R1_002.trimmed.fastq.gz	KU328820-15_A_L003_R2_002.trimmed.fastq.gz
	Primer/Adaptor library	NA
	Cut-off read length for HQ	70%
	Cut-off quality score	20
	Only statistics	On
	Number of CPUs	2


QC statistics
	File name	KU328820-15_A_L003_R1_002.trimmed.fastq.gz	KU328820-15_A_L003_R2_002.trimmed.fastq.gz
	Total number of reads	4000000	4000000
	Total number of HQ reads	3987693	3987693
	Percentage of HQ reads	99.69%	99.69%
	Total number of bases	368535254	364521979
	Total number of bases in HQ reads	367816405	364340351
	Total number of HQ bases in HQ reads	366051809	362488745
	Percentage of HQ bases in HQ reads	99.52%	99.49%
	Number of Primer/Adaptor contaminated HQ reads	NA	NA
	Total number of HQ filtered reads	3987693	3987693
	Percentage of HQ filtered reads	99.69%	99.69%


Detailed QC statistics
	File name	KU328820-15_A_L003_R1_002.trimmed.fastq.gz	KU328820-15_A_L003_R2_002.trimmed.fastq.gz
	Minimum read length	1	1
	Maximum read length	100	100
	Average read length	92.13	91.13
	Total number of reads	4000000	4000000
	Total number of reads with non-ATGC bases	119	3744
	Percentage of reads with non-ATGC bases	0.00%	0.09%
	Total number of bases	368535254	364521979
	Total number of HQ bases	366743052	362616963
	Percentage of HQ bases	99.51%	99.48%
	Total number of non-ATGC bases	119	3744
	Percentage of non-ATGC bases	0.00%	0.00%


Average quality score at each base position of input reads

KU328820-15_A_L003_R1_002.trimmed.fastq.gz
32.29	32.71	32.86	36.16	36.10	36.12	36.11	36.10	37.82	37.77	37.77	37.73	37.73	39.13	39.08	39.04	39.02	38.99	39.01	38.96	38.89	38.82	38.73	38.69	38.61	38.52	38.43	38.31	38.21	38.12	38.02	37.86	37.71	37.59	37.49	37.38	37.25	37.10	36.96	36.84	36.72	36.57	36.62	36.58	36.49	36.34	36.21	36.07	35.98	35.77	35.82	35.70	35.60	35.42	35.30	35.18	35.02	34.84	34.64	34.38	34.22	34.05	33.82	33.59	33.40	33.23	33.01	32.76	32.51	32.21	31.97	31.74	31.44	30.92	30.85	29.78	30.21	30.35	30.25	30.06	29.85	29.70	29.52	29.30	29.11	28.92	28.76	28.60	28.40	28.23	28.07	27.94	27.78	27.59	27.43	27.30	27.14	26.98	26.81	25.71	

KU328820-15_A_L003_R2_002.trimmed.fastq.gz
35.97	36.28	36.40	36.51	32.46	32.67	32.68	35.82	35.78	35.79	35.75	35.72	37.28	37.23	37.21	37.15	37.09	38.40	38.33	38.24	38.19	38.09	38.07	37.97	37.90	37.82	37.73	37.66	37.58	37.50	37.36	37.25	37.17	37.09	36.97	36.86	36.73	36.65	36.54	36.45	36.31	36.17	36.09	35.97	35.82	35.83	35.74	35.63	35.54	35.43	35.29	35.12	35.00	34.80	33.56	33.99	34.20	34.19	34.17	34.02	33.86	33.72	33.52	33.38	33.21	33.00	32.94	32.83	32.69	32.59	32.43	32.25	32.07	31.86	31.64	31.47	31.26	31.04	30.80	30.61	30.38	30.18	30.00	29.78	29.57	29.36	29.18	29.01	28.82	28.64	28.48	28.33	28.10	27.96	27.81	27.68	27.37	27.18	27.00	26.86	





Read count (%) per base for different quality score ranges

	KU328820-15_A_L003_R1_002.trimmed.fastq.gz
Ranges	0-10	11-20	21-30	31-40
Base
1	0.00	1.06	8.92	90.02
2	0.00	0.54	7.38	92.08
3	0.00	0.42	6.76	92.82
4	0.00	0.39	2.85	96.76
5	0.00	0.43	3.22	96.35
6	0.00	0.44	3.10	96.46
7	0.00	0.45	3.15	96.41
8	0.00	0.45	3.16	96.39
9	0.00	0.43	3.09	96.48
10	0.00	0.45	3.24	96.31
11	0.00	0.46	3.23	96.31
12	0.00	0.48	3.31	96.21
13	0.00	0.47	3.29	96.24
14	0.00	0.98	5.86	93.16
15	0.00	1.03	5.97	93.01
16	0.00	1.04	6.04	92.92
17	0.00	1.03	5.99	92.99
18	0.00	1.03	6.02	92.95
19	0.00	1.02	6.04	92.94
20	0.00	1.02	6.05	92.93
21	0.00	1.03	6.07	92.91
22	0.00	1.02	6.05	92.93
23	0.00	1.04	6.12	92.85
24	0.00	1.03	6.19	92.78
25	0.00	1.03	6.21	92.76
26	0.00	1.04	6.23	92.73
27	0.00	1.01	6.23	92.76
28	0.00	1.02	6.30	92.68
29	0.00	0.99	6.31	92.70
30	0.00	0.94	6.23	92.83
31	0.00	0.92	6.21	92.86
32	0.00	0.90	6.16	92.94
33	0.00	0.92	6.48	92.60
34	0.00	0.93	6.48	92.59
35	0.00	0.91	6.48	92.61
36	0.00	0.90	6.48	92.61
37	0.00	0.89	6.50	92.61
38	0.00	0.89	6.49	92.62
39	0.00	0.89	6.47	92.63
40	0.00	0.88	6.43	92.69
41	0.00	0.87	6.34	92.80
42	0.00	0.88	6.35	92.77
43	0.00	0.83	6.35	92.82
44	0.00	0.82	6.21	92.97
45	0.00	0.83	6.17	93.00
46	0.00	0.88	6.39	92.73
47	0.00	0.88	6.36	92.76
48	0.00	0.88	6.39	92.72
49	0.00	0.85	6.24	92.91
50	0.00	0.93	6.53	92.53
51	0.00	0.76	5.93	93.31
52	0.00	0.78	5.91	93.30
53	0.00	0.76	5.76	93.48
54	0.00	0.76	5.76	93.48
55	0.00	0.74	5.73	93.52
56	0.00	0.72	5.59	93.69
57	0.00	0.73	5.57	93.71
58	0.00	0.74	5.65	93.61
59	0.00	0.72	5.74	93.54
60	0.00	0.75	5.90	93.35
61	0.00	0.72	5.85	93.43
62	0.00	0.72	5.79	93.49
63	0.00	0.76	5.95	93.29
64	0.00	0.76	6.10	93.14
65	0.00	0.74	6.06	93.20
66	0.00	0.71	5.88	93.41
67	0.00	0.72	5.97	93.31
68	0.00	0.73	6.12	93.15
69	0.00	0.75	6.25	93.01
70	0.00	0.71	6.13	93.16
71	0.00	0.72	6.19	93.09
72	0.00	0.71	6.23	93.06
73	0.00	0.76	6.60	92.63
74	0.00	0.97	7.90	91.12
75	0.00	0.78	7.02	92.20
76	0.00	0.74	10.78	88.48
77	0.00	0.61	7.13	92.26
78	0.00	0.59	6.02	93.39
79	0.00	0.59	5.81	93.60
80	0.00	0.64	5.91	93.45
81	0.00	0.68	6.04	93.29
82	0.00	0.63	5.76	93.61
83	0.00	0.63	5.75	93.62
84	0.00	0.66	5.95	93.38
85	0.00	0.69	6.05	93.26
86	0.00	0.73	6.21	93.06
87	0.00	0.73	6.25	93.02
88	0.00	0.76	6.34	92.90
89	0.00	0.82	6.65	92.53
90	0.00	0.84	6.87	92.28
91	0.00	0.87	6.99	92.14
92	0.00	0.86	6.98	92.16
93	0.00	0.91	7.17	91.92
94	0.00	0.98	7.51	91.51
95	0.00	0.97	7.65	91.38
96	0.00	0.95	7.53	91.52
97	0.00	0.93	7.62	91.45
98	0.00	0.92	7.80	91.28
99	0.00	0.97	7.98	91.05
100	0.00	2.41	15.19	82.40


	KU328820-15_A_L003_R2_002.trimmed.fastq.gz
Ranges	0-10	11-20	21-30	31-40
Base
1	0.09	2.20	3.81	93.90
2	0.00	1.14	2.76	96.11
3	0.00	0.78	2.37	96.84
4	0.00	0.60	2.11	97.28
5	0.00	0.78	8.77	90.45
6	0.00	0.73	7.89	91.38
7	0.00	0.74	7.92	91.34
8	0.00	0.72	3.97	95.31
9	0.00	0.74	4.13	95.12
10	0.00	0.73	3.94	95.33
11	0.00	0.75	4.01	95.24
12	0.00	0.74	3.98	95.28
13	0.00	0.73	3.95	95.32
14	0.00	0.74	4.06	95.20
15	0.00	0.72	3.97	95.31
16	0.00	0.72	4.05	95.23
17	0.00	0.71	4.06	95.23
18	0.00	1.44	7.08	91.48
19	0.00	1.39	7.05	91.56
20	0.00	1.41	7.03	91.56
21	0.00	1.34	6.86	91.80
22	0.00	1.36	6.96	91.69
23	0.00	1.33	6.97	91.70
24	0.00	1.29	6.81	91.90
25	0.00	1.25	6.75	92.00
26	0.00	1.23	6.72	92.05
27	0.00	1.20	6.67	92.12
28	0.00	1.25	6.96	91.80
29	0.00	1.18	6.84	91.98
30	0.00	1.13	6.75	92.12
31	0.00	1.14	6.93	91.93
32	0.00	1.14	6.88	91.98
33	0.00	1.07	6.71	92.22
34	0.00	1.00	6.59	92.41
35	0.00	0.99	6.74	92.27
36	0.00	0.98	6.74	92.28
37	0.00	0.98	6.80	92.22
38	0.00	0.92	6.67	92.41
39	0.00	0.92	6.68	92.39
40	0.00	0.89	6.60	92.50
41	0.00	0.90	6.66	92.44
42	0.00	0.93	6.78	92.29
43	0.00	0.88	6.55	92.57
44	0.00	0.89	6.55	92.56
45	0.00	0.92	6.64	92.45
46	0.00	0.86	6.60	92.54
47	0.00	0.88	6.56	92.57
48	0.00	0.88	6.60	92.51
49	0.00	0.87	6.49	92.64
50	0.00	0.86	6.42	92.72
51	0.00	0.83	6.31	92.85
52	0.00	0.85	6.33	92.82
53	0.00	0.83	6.21	92.96
54	0.00	0.86	6.30	92.84
55	0.00	0.62	6.31	93.07
56	0.00	0.58	4.92	94.49
57	0.00	0.66	5.20	94.14
58	0.00	0.78	5.80	93.42
59	0.00	0.74	5.73	93.53
60	0.00	0.79	5.89	93.32
61	0.00	0.79	5.99	93.22
62	0.00	0.75	5.74	93.50
63	0.00	0.79	6.07	93.14
64	0.00	0.74	5.95	93.30
65	0.00	0.75	5.97	93.28
66	0.00	0.78	6.17	93.05
67	0.00	0.69	5.90	93.41
68	0.00	0.66	5.63	93.71
69	0.00	0.65	5.51	93.85
70	0.00	0.57	5.19	94.23
71	0.00	0.58	5.18	94.24
72	0.00	0.58	5.18	94.24
73	0.00	0.55	5.10	94.35
74	0.00	0.57	5.18	94.25
75	0.00	0.59	5.29	94.12
76	0.00	0.54	5.13	94.32
77	0.00	0.55	5.18	94.27
78	0.00	0.55	5.24	94.21
79	0.00	0.58	5.41	94.01
80	0.00	0.55	5.28	94.17
81	0.00	0.57	5.40	94.03
82	0.00	0.56	5.37	94.07
83	0.00	0.55	5.27	94.18
84	0.00	0.58	5.37	94.05
85	0.00	0.60	5.48	93.92
86	0.00	0.63	5.65	93.73
87	0.00	0.62	5.68	93.70
88	0.00	0.63	5.69	93.68
89	0.00	0.67	5.80	93.53
90	0.00	0.69	5.95	93.36
91	0.00	0.70	6.00	93.31
92	0.00	0.69	6.00	93.30
93	0.00	0.82	6.53	92.65
94	0.00	0.80	6.57	92.63
95	0.00	0.80	6.64	92.56
96	0.00	0.78	6.62	92.59
97	0.00	0.77	6.53	92.71
98	0.00	0.78	6.64	92.58
99	0.00	0.79	6.77	92.44
100	0.00	0.90	7.06	92.04




