Parameters
	Library type	Paired-end
	Input files	KU328820-15_A_L003_R1_006.trimmed.fastq.gz	KU328820-15_A_L003_R2_006.trimmed.fastq.gz
	Primer/Adaptor library	NA
	Cut-off read length for HQ	70%
	Cut-off quality score	20
	Only statistics	On
	Number of CPUs	2


QC statistics
	File name	KU328820-15_A_L003_R1_006.trimmed.fastq.gz	KU328820-15_A_L003_R2_006.trimmed.fastq.gz
	Total number of reads	4000000	4000000
	Total number of HQ reads	3981746	3981746
	Percentage of HQ reads	99.54%	99.54%
	Total number of bases	363831845	353417138
	Total number of bases in HQ reads	362851639	353136750
	Total number of HQ bases in HQ reads	360720233	350688544
	Percentage of HQ bases in HQ reads	99.41%	99.31%
	Number of Primer/Adaptor contaminated HQ reads	NA	NA
	Total number of HQ filtered reads	3981746	3981746
	Percentage of HQ filtered reads	99.54%	99.54%


Detailed QC statistics
	File name	KU328820-15_A_L003_R1_006.trimmed.fastq.gz	KU328820-15_A_L003_R2_006.trimmed.fastq.gz
	Minimum read length	1	1
	Maximum read length	100	100
	Average read length	90.96	88.35
	Total number of reads	4000000	4000000
	Total number of reads with non-ATGC bases	168	4059
	Percentage of reads with non-ATGC bases	0.00%	0.10%
	Total number of bases	363831845	353417138
	Total number of HQ bases	361656164	350878729
	Percentage of HQ bases	99.40%	99.28%
	Total number of non-ATGC bases	168	4059
	Percentage of non-ATGC bases	0.00%	0.00%


Average quality score at each base position of input reads

KU328820-15_A_L003_R1_006.trimmed.fastq.gz
31.97	32.44	32.59	35.94	35.87	35.87	35.84	35.87	37.45	37.42	37.41	37.39	37.36	38.71	38.69	38.59	38.60	38.56	38.52	38.46	38.42	38.33	38.28	38.21	38.16	38.01	37.91	37.80	37.71	37.59	37.48	37.34	37.20	37.06	36.92	36.80	36.64	36.51	36.32	36.15	36.04	35.91	35.98	35.90	35.81	35.69	35.59	35.45	35.31	35.15	35.12	34.94	34.82	34.60	34.51	34.34	34.19	33.99	33.79	33.56	33.36	33.20	32.98	32.81	32.58	32.31	32.11	31.87	31.63	31.24	31.05	30.84	30.55	30.04	29.95	28.86	29.29	29.45	29.33	29.18	28.99	28.80	28.56	28.36	28.18	28.01	27.83	27.65	27.50	27.32	27.11	26.98	26.85	26.66	26.48	26.29	26.17	25.92	25.80	24.66	

KU328820-15_A_L003_R2_006.trimmed.fastq.gz
35.52	35.98	36.17	36.30	32.02	32.22	32.29	35.37	35.30	35.31	35.28	35.22	36.60	36.55	36.49	36.44	36.38	37.51	37.44	37.34	37.16	37.07	37.09	36.96	36.88	36.75	36.63	36.50	36.43	36.31	36.23	36.06	35.96	35.79	35.69	35.57	35.43	35.29	35.18	35.07	34.92	34.74	34.60	34.47	34.31	34.34	34.22	34.14	33.99	33.89	33.69	33.56	33.37	33.18	32.12	32.37	32.57	32.58	32.46	32.37	32.19	31.99	31.86	31.70	31.50	31.32	31.20	31.11	30.97	30.81	30.60	30.39	30.19	30.04	29.86	29.68	29.44	29.24	29.02	28.82	28.55	28.35	28.16	27.96	27.77	27.61	27.42	27.24	27.01	26.85	26.68	26.53	26.37	26.16	25.97	25.90	25.62	25.43	25.20	25.11	





Read count (%) per base for different quality score ranges

	KU328820-15_A_L003_R1_006.trimmed.fastq.gz
Ranges	0-10	11-20	21-30	31-40
Base
1	0.00	1.35	11.47	87.18
2	0.00	0.72	9.57	89.70
3	0.00	0.58	9.00	90.43
4	0.00	0.50	3.75	95.75
5	0.00	0.56	4.22	95.22
6	0.00	0.59	4.16	95.25
7	0.00	0.62	4.32	95.06
8	0.00	0.59	4.14	95.27
9	0.00	0.62	4.30	95.08
10	0.00	0.64	4.38	94.98
11	0.00	0.63	4.39	94.98
12	0.00	0.64	4.41	94.95
13	0.00	0.66	4.51	94.84
14	0.00	1.19	6.85	91.97
15	0.00	1.18	6.84	91.99
16	0.00	1.24	7.11	91.65
17	0.00	1.18	6.96	91.86
18	0.00	1.19	6.94	91.86
19	0.00	1.25	7.20	91.56
20	0.00	1.24	7.21	91.55
21	0.00	1.22	7.09	91.69
22	0.00	1.24	7.15	91.61
23	0.00	1.19	7.06	91.76
24	0.00	1.21	7.24	91.55
25	0.00	1.15	7.12	91.73
26	0.00	1.24	7.29	91.46
27	0.00	1.21	7.24	91.55
28	0.00	1.17	7.27	91.55
29	0.00	1.14	7.19	91.68
30	0.00	1.12	7.23	91.65
31	0.00	1.08	7.24	91.68
32	0.00	1.08	7.40	91.52
33	0.00	1.07	7.43	91.50
34	0.00	1.08	7.51	91.41
35	0.00	1.06	7.58	91.36
36	0.00	1.04	7.49	91.47
37	0.00	1.05	7.56	91.38
38	0.00	1.01	7.48	91.50
39	0.00	1.06	7.59	91.35
40	0.00	1.07	7.62	91.30
41	0.00	1.00	7.41	91.59
42	0.00	1.00	7.32	91.68
43	0.00	0.94	7.25	91.81
44	0.00	0.97	7.29	91.74
45	0.00	0.96	7.21	91.82
46	0.00	0.97	7.17	91.85
47	0.00	0.96	7.12	91.92
48	0.00	0.97	7.19	91.84
49	0.00	0.96	7.10	91.93
50	0.00	0.98	7.21	91.81
51	0.00	0.87	6.77	92.36
52	0.00	0.92	6.86	92.23
53	0.00	0.88	6.69	92.42
54	0.00	0.93	6.91	92.16
55	0.00	0.84	6.57	92.58
56	0.00	0.86	6.59	92.55
57	0.00	0.84	6.48	92.68
58	0.00	0.87	6.57	92.57
59	0.00	0.84	6.64	92.52
60	0.00	0.87	6.75	92.39
61	0.00	0.85	6.71	92.44
62	0.00	0.80	6.58	92.62
63	0.00	0.81	6.65	92.54
64	0.00	0.78	6.52	92.70
65	0.00	0.80	6.65	92.55
66	0.00	0.85	6.94	92.21
67	0.00	0.81	6.84	92.35
68	0.00	0.82	6.95	92.23
69	0.00	0.82	7.00	92.18
70	0.00	0.88	7.36	91.76
71	0.00	0.81	7.12	92.07
72	0.00	0.79	7.03	92.18
73	0.00	0.83	7.36	91.81
74	0.00	1.06	8.76	90.18
75	0.00	0.86	7.91	91.22
76	0.00	0.88	12.25	86.87
77	0.00	0.70	8.31	90.99
78	0.00	0.64	6.94	92.42
79	0.00	0.70	6.85	92.45
80	0.00	0.69	6.73	92.58
81	0.00	0.69	6.68	92.63
82	0.00	0.71	6.76	92.52
83	0.00	0.80	7.10	92.11
84	0.00	0.82	7.18	91.99
85	0.00	0.82	7.28	91.90
86	0.00	0.84	7.28	91.89
87	0.00	0.88	7.43	91.69
88	0.00	0.91	7.54	91.55
89	0.00	0.89	7.57	91.54
90	0.00	0.94	7.80	91.26
91	0.00	1.05	8.23	90.71
92	0.00	1.01	8.18	90.82
93	0.00	1.01	8.10	90.89
94	0.00	1.08	8.41	90.51
95	0.00	1.11	8.62	90.27
96	0.00	1.14	8.78	90.08
97	0.00	1.04	8.60	90.36
98	0.00	1.17	9.28	89.55
99	0.00	1.07	9.00	89.92
100	0.00	2.78	16.91	80.31


	KU328820-15_A_L003_R2_006.trimmed.fastq.gz
Ranges	0-10	11-20	21-30	31-40
Base
1	0.10	2.98	5.56	91.37
2	0.00	1.60	4.13	94.27
3	0.00	1.08	3.47	95.44
4	0.00	0.89	3.06	96.05
5	0.00	1.23	12.43	86.34
6	0.00	1.17	11.21	87.63
7	0.00	1.14	10.95	87.91
8	0.00	1.13	5.86	93.01
9	0.00	1.15	6.07	92.78
10	0.00	1.16	5.76	93.08
11	0.00	1.14	5.75	93.11
12	0.00	1.15	5.78	93.07
13	0.00	1.17	5.93	92.90
14	0.00	1.14	5.89	92.97
15	0.00	1.13	5.87	93.01
16	0.00	1.10	5.76	93.14
17	0.00	1.06	5.72	93.22
18	0.00	1.81	8.55	89.63
19	0.00	1.76	8.48	89.76
20	0.00	1.72	8.46	89.82
21	0.00	1.81	8.70	89.49
22	0.00	1.72	8.47	89.81
23	0.00	1.63	8.30	90.07
24	0.00	1.65	8.40	89.94
25	0.00	1.56	8.21	90.23
26	0.00	1.57	8.25	90.18
27	0.00	1.52	8.11	90.37
28	0.00	1.59	8.48	89.93
29	0.00	1.44	8.22	90.34
30	0.00	1.42	8.12	90.46
31	0.00	1.33	7.93	90.74
32	0.00	1.33	8.13	90.53
33	0.00	1.29	7.96	90.75
34	0.00	1.28	8.05	90.67
35	0.00	1.22	7.95	90.83
36	0.00	1.16	7.99	90.84
37	0.00	1.17	8.00	90.83
38	0.00	1.15	8.04	90.81
39	0.00	1.12	7.97	90.91
40	0.00	1.08	7.88	91.04
41	0.00	1.10	7.99	90.91
42	0.00	1.13	8.09	90.77
43	0.00	1.12	8.04	90.84
44	0.00	1.10	7.92	90.99
45	0.00	1.12	7.95	90.93
46	0.00	1.03	7.77	91.20
47	0.00	1.04	7.75	91.20
48	0.00	1.01	7.59	91.40
49	0.00	1.04	7.71	91.25
50	0.00	1.01	7.51	91.49
51	0.00	1.01	7.54	91.45
52	0.00	0.97	7.31	91.71
53	0.00	1.00	7.43	91.57
54	0.00	1.00	7.42	91.58
55	0.00	0.76	7.35	91.89
56	0.00	0.78	6.33	92.89
57	0.00	0.79	6.26	92.95
58	0.00	0.83	6.54	92.63
59	0.00	0.90	6.85	92.26
60	0.00	0.84	6.64	92.52
61	0.00	0.89	6.76	92.35
62	0.00	0.92	6.93	92.14
63	0.00	0.84	6.74	92.42
64	0.00	0.82	6.71	92.47
65	0.00	0.85	6.86	92.29
66	0.00	0.84	6.82	92.34
67	0.00	0.78	6.71	92.50
68	0.00	0.71	6.34	92.95
69	0.00	0.70	6.25	93.05
70	0.00	0.70	6.18	93.12
71	0.00	0.72	6.34	92.94
72	0.00	0.73	6.46	92.80
73	0.00	0.73	6.49	92.78
74	0.00	0.67	6.28	93.05
75	0.00	0.67	6.14	93.19
76	0.00	0.64	6.10	93.26
77	0.00	0.68	6.32	93.00
78	0.00	0.66	6.25	93.09
79	0.00	0.66	6.37	92.97
80	0.00	0.66	6.34	93.00
81	0.00	0.73	6.73	92.54
82	0.00	0.71	6.70	92.59
83	0.00	0.69	6.62	92.69
84	0.00	0.71	6.65	92.64
85	0.00	0.71	6.69	92.60
86	0.00	0.69	6.58	92.73
87	0.00	0.73	6.65	92.62
88	0.00	0.74	6.72	92.54
89	0.00	0.82	7.14	92.03
90	0.00	0.81	7.14	92.05
91	0.00	0.84	7.25	91.91
92	0.00	0.83	7.25	91.92
93	0.00	0.86	7.37	91.77
94	0.00	0.96	7.77	91.27
95	0.00	1.02	8.08	90.90
96	0.00	0.87	7.58	91.55
97	0.00	0.88	7.59	91.53
98	0.00	0.89	7.71	91.39
99	0.00	0.99	8.23	90.77
100	0.00	1.00	8.23	90.77




