Parameters
	Library type	Paired-end
	Input files	KU328820-15_A_L003_R1_042.trimmed.fastq.gz	KU328820-15_A_L003_R2_042.trimmed.fastq.gz
	Primer/Adaptor library	NA
	Cut-off read length for HQ	70%
	Cut-off quality score	20
	Only statistics	On
	Number of CPUs	2


QC statistics
	File name	KU328820-15_A_L003_R1_042.trimmed.fastq.gz	KU328820-15_A_L003_R2_042.trimmed.fastq.gz
	Total number of reads	4000000	4000000
	Total number of HQ reads	3987480	3987480
	Percentage of HQ reads	99.69%	99.69%
	Total number of bases	368449954	365481141
	Total number of bases in HQ reads	367728583	365282476
	Total number of HQ bases in HQ reads	365976730	363501662
	Percentage of HQ bases in HQ reads	99.52%	99.51%
	Number of Primer/Adaptor contaminated HQ reads	NA	NA
	Total number of HQ filtered reads	3987480	3987480
	Percentage of HQ filtered reads	99.69%	99.69%


Detailed QC statistics
	File name	KU328820-15_A_L003_R1_042.trimmed.fastq.gz	KU328820-15_A_L003_R2_042.trimmed.fastq.gz
	Minimum read length	1	1
	Maximum read length	100	100
	Average read length	92.11	91.37
	Total number of reads	4000000	4000000
	Total number of reads with non-ATGC bases	200	3661
	Percentage of reads with non-ATGC bases	0.01%	0.09%
	Total number of bases	368449954	365481141
	Total number of HQ bases	366670120	363647120
	Percentage of HQ bases	99.52%	99.50%
	Total number of non-ATGC bases	200	3661
	Percentage of non-ATGC bases	0.00%	0.00%


Average quality score at each base position of input reads

KU328820-15_A_L003_R1_042.trimmed.fastq.gz
32.31	32.74	32.88	36.20	36.14	36.15	36.16	36.13	37.86	37.83	37.82	37.78	37.78	39.21	39.15	39.11	39.09	39.04	39.06	39.00	38.92	38.86	38.80	38.74	38.65	38.54	38.43	38.33	38.21	38.12	37.98	37.86	37.71	37.62	37.50	37.39	37.25	37.10	36.94	36.82	36.64	36.49	36.58	36.46	36.45	36.32	36.18	36.05	35.91	35.79	35.78	35.69	35.59	35.42	35.29	35.15	35.00	34.83	34.66	34.46	34.30	34.06	33.86	33.67	33.46	33.27	33.04	32.82	32.55	32.36	32.14	31.90	31.66	31.39	31.16	30.34	30.51	30.51	30.36	30.19	30.01	29.78	29.55	29.33	29.13	28.93	28.73	28.59	28.44	28.27	28.11	27.91	27.70	27.58	27.44	27.25	27.07	26.93	26.76	25.55	

KU328820-15_A_L003_R2_042.trimmed.fastq.gz
36.05	36.33	36.44	36.52	31.98	32.38	32.58	35.81	35.79	35.80	35.78	35.75	37.32	37.29	37.23	37.21	37.11	38.46	38.40	38.35	38.28	38.18	38.19	38.09	38.01	37.91	37.86	37.80	37.70	37.62	37.52	37.43	37.35	37.24	37.12	37.01	36.91	36.78	36.70	36.60	36.49	36.38	36.26	36.13	36.02	36.02	35.94	35.86	35.77	35.65	35.49	35.36	35.20	35.08	34.14	34.36	34.54	34.54	34.44	34.30	34.12	33.95	33.76	33.56	33.41	33.21	33.21	33.12	32.96	32.80	32.59	32.42	32.29	32.08	31.86	31.66	31.43	31.25	31.04	30.82	30.59	30.38	30.15	29.95	29.74	29.52	29.32	29.13	28.92	28.76	28.62	28.45	28.30	28.10	27.95	27.79	27.53	27.38	27.19	27.02	





Read count (%) per base for different quality score ranges

	KU328820-15_A_L003_R1_042.trimmed.fastq.gz
Ranges	0-10	11-20	21-30	31-40
Base
1	0.01	1.04	8.66	90.29
2	0.00	0.55	7.05	92.40
3	0.00	0.42	6.55	93.03
4	0.00	0.37	2.66	96.98
5	0.00	0.40	3.00	96.60
6	0.00	0.42	2.96	96.62
7	0.00	0.41	2.94	96.65
8	0.00	0.44	3.06	96.50
9	0.00	0.42	2.94	96.64
10	0.00	0.42	3.04	96.54
11	0.00	0.43	3.05	96.52
12	0.00	0.46	3.17	96.37
13	0.00	0.45	3.11	96.45
14	0.00	0.97	5.70	93.33
15	0.00	1.02	5.87	93.11
16	0.00	1.03	5.87	93.10
17	0.00	1.02	5.81	93.17
18	0.00	1.01	5.85	93.14
19	0.00	1.01	5.88	93.11
20	0.00	1.03	5.88	93.08
21	0.00	1.05	5.99	92.96
22	0.00	1.04	5.94	93.01
23	0.00	1.02	5.89	93.10
24	0.00	1.04	6.12	92.84
25	0.00	1.03	6.10	92.87
26	0.00	1.04	6.10	92.86
27	0.00	1.03	6.13	92.84
28	0.00	1.01	6.10	92.90
29	0.00	0.99	6.14	92.87
30	0.00	0.96	6.08	92.96
31	0.00	0.96	6.19	92.86
32	0.00	0.93	6.23	92.84
33	0.00	0.94	6.37	92.69
34	0.00	0.90	6.23	92.88
35	0.00	0.90	6.28	92.82
36	0.00	0.88	6.26	92.87
37	0.00	0.88	6.25	92.87
38	0.00	0.86	6.26	92.87
39	0.00	0.90	6.34	92.76
40	0.00	0.87	6.21	92.92
41	0.00	0.90	6.35	92.75
42	0.00	0.89	6.34	92.77
43	0.00	0.85	6.25	92.90
44	0.00	0.91	6.45	92.64
45	0.00	0.84	6.05	93.11
46	0.00	0.87	6.22	92.91
47	0.00	0.88	6.27	92.85
48	0.00	0.89	6.26	92.84
49	0.00	0.90	6.31	92.79
50	0.00	0.86	6.15	92.99
51	0.00	0.79	5.91	93.31
52	0.00	0.78	5.76	93.45
53	0.00	0.76	5.64	93.60
54	0.00	0.79	5.70	93.50
55	0.00	0.77	5.60	93.63
56	0.00	0.75	5.51	93.75
57	0.00	0.74	5.48	93.78
58	0.00	0.73	5.45	93.82
59	0.00	0.70	5.50	93.80
60	0.00	0.71	5.54	93.75
61	0.00	0.69	5.46	93.85
62	0.00	0.73	5.66	93.62
63	0.00	0.73	5.70	93.57
64	0.00	0.70	5.63	93.67
65	0.00	0.71	5.71	93.58
66	0.00	0.69	5.66	93.65
67	0.00	0.69	5.75	93.55
68	0.00	0.68	5.79	93.53
69	0.00	0.73	6.01	93.26
70	0.00	0.66	5.80	93.54
71	0.00	0.67	5.84	93.49
72	0.00	0.70	5.99	93.31
73	0.00	0.70	6.06	93.24
74	0.00	0.72	6.20	93.07
75	0.00	0.71	6.19	93.10
76	0.00	0.65	8.45	90.90
77	0.00	0.63	6.58	92.79
78	0.00	0.62	5.98	93.40
79	0.00	0.64	5.88	93.48
80	0.00	0.63	5.72	93.65
81	0.00	0.61	5.62	93.77
82	0.00	0.67	5.86	93.47
83	0.00	0.71	6.08	93.21
84	0.00	0.74	6.28	92.98
85	0.00	0.77	6.42	92.81
86	0.00	0.79	6.54	92.68
87	0.00	0.85	6.75	92.40
88	0.00	0.80	6.64	92.56
89	0.00	0.82	6.67	92.51
90	0.00	0.84	6.79	92.37
91	0.00	0.86	6.93	92.21
92	0.00	0.95	7.36	91.69
93	0.00	1.05	7.70	91.25
94	0.00	0.95	7.58	91.46
95	0.00	0.95	7.51	91.54
96	0.00	1.01	7.79	91.20
97	0.00	1.01	7.99	90.99
98	0.00	0.95	7.96	91.09
99	0.00	0.99	8.06	90.95
100	0.00	2.62	16.25	81.13


	KU328820-15_A_L003_R2_042.trimmed.fastq.gz
Ranges	0-10	11-20	21-30	31-40
Base
1	0.09	2.06	3.43	94.42
2	0.00	1.10	2.57	96.33
3	0.00	0.76	2.19	97.05
4	0.00	0.57	1.95	97.48
5	0.00	0.89	11.46	87.65
6	0.00	0.75	8.72	90.53
7	0.00	0.68	7.90	91.41
8	0.00	0.67	3.78	95.54
9	0.00	0.68	3.84	95.48
10	0.00	0.70	3.71	95.59
11	0.00	0.69	3.71	95.60
12	0.00	0.69	3.70	95.62
13	0.00	0.69	3.70	95.61
14	0.00	0.68	3.71	95.61
15	0.00	0.68	3.79	95.53
16	0.00	0.65	3.71	95.64
17	0.00	0.69	3.89	95.42
18	0.00	1.40	6.87	91.73
19	0.00	1.37	6.79	91.83
20	0.00	1.32	6.73	91.95
21	0.00	1.29	6.72	91.99
22	0.00	1.30	6.71	91.99
23	0.00	1.26	6.66	92.07
24	0.00	1.27	6.69	92.04
25	0.00	1.25	6.62	92.13
26	0.00	1.23	6.63	92.14
27	0.00	1.12	6.37	92.51
28	0.00	1.17	6.62	92.21
29	0.00	1.14	6.62	92.24
30	0.00	1.09	6.46	92.44
31	0.00	1.07	6.49	92.44
32	0.00	1.04	6.43	92.53
33	0.00	0.99	6.37	92.65
34	0.00	0.97	6.42	92.60
35	0.00	0.97	6.49	92.55
36	0.00	0.95	6.46	92.60
37	0.00	0.93	6.46	92.61
38	0.00	0.92	6.60	92.48
39	0.00	0.88	6.42	92.70
40	0.00	0.87	6.35	92.79
41	0.00	0.87	6.35	92.78
42	0.00	0.86	6.36	92.78
43	0.00	0.87	6.38	92.74
44	0.00	0.88	6.40	92.72
45	0.00	0.85	6.31	92.83
46	0.00	0.83	6.38	92.80
47	0.00	0.84	6.31	92.86
48	0.00	0.82	6.26	92.92
49	0.00	0.84	6.23	92.93
50	0.00	0.86	6.26	92.89
51	0.00	0.84	6.24	92.92
52	0.00	0.82	6.12	93.05
53	0.00	0.83	6.17	93.00
54	0.00	0.80	5.98	93.21
55	0.00	0.59	5.47	93.94
56	0.00	0.62	4.91	94.47
57	0.00	0.66	5.12	94.22
58	0.00	0.71	5.41	93.88
59	0.00	0.75	5.63	93.62
60	0.00	0.76	5.70	93.54
61	0.00	0.80	5.85	93.35
62	0.00	0.79	5.85	93.36
63	0.00	0.78	5.97	93.24
64	0.00	0.82	6.14	93.05
65	0.00	0.76	5.97	93.27
66	0.00	0.79	6.11	93.10
67	0.00	0.66	5.63	93.71
68	0.00	0.62	5.37	94.01
69	0.00	0.64	5.42	93.94
70	0.00	0.63	5.35	94.02
71	0.00	0.65	5.46	93.89
72	0.00	0.63	5.34	94.03
73	0.00	0.56	5.05	94.39
74	0.00	0.57	5.11	94.32
75	0.00	0.58	5.20	94.22
76	0.00	0.57	5.17	94.26
77	0.00	0.59	5.27	94.13
78	0.00	0.54	5.12	94.35
79	0.00	0.54	5.08	94.37
80	0.00	0.55	5.16	94.29
81	0.00	0.57	5.26	94.17
82	0.00	0.57	5.26	94.17
83	0.00	0.59	5.39	94.01
84	0.00	0.60	5.40	94.00
85	0.00	0.62	5.50	93.88
86	0.00	0.65	5.69	93.67
87	0.00	0.67	5.78	93.55
88	0.00	0.67	5.81	93.51
89	0.00	0.73	6.10	93.17
90	0.00	0.71	6.03	93.26
91	0.00	0.70	5.97	93.33
92	0.00	0.74	6.11	93.16
93	0.00	0.74	6.17	93.08
94	0.00	0.82	6.49	92.69
95	0.00	0.83	6.60	92.58
96	0.00	0.84	6.67	92.49
97	0.00	0.78	6.56	92.65
98	0.00	0.74	6.46	92.79
99	0.00	0.79	6.71	92.50
100	0.00	0.93	7.15	91.92




