Parameters
	Library type	Paired-end
	Input files	KU328820-15_A_L003_R1_025.trimmed.fastq.gz	KU328820-15_A_L003_R2_025.trimmed.fastq.gz
	Primer/Adaptor library	NA
	Cut-off read length for HQ	70%
	Cut-off quality score	20
	Only statistics	On
	Number of CPUs	2


QC statistics
	File name	KU328820-15_A_L003_R1_025.trimmed.fastq.gz	KU328820-15_A_L003_R2_025.trimmed.fastq.gz
	Total number of reads	4000000	4000000
	Total number of HQ reads	3987094	3987094
	Percentage of HQ reads	99.68%	99.68%
	Total number of bases	364629370	354422780
	Total number of bases in HQ reads	363905568	354230851
	Total number of HQ bases in HQ reads	362016212	352048661
	Percentage of HQ bases in HQ reads	99.48%	99.38%
	Number of Primer/Adaptor contaminated HQ reads	NA	NA
	Total number of HQ filtered reads	3987094	3987094
	Percentage of HQ filtered reads	99.68%	99.68%


Detailed QC statistics
	File name	KU328820-15_A_L003_R1_025.trimmed.fastq.gz	KU328820-15_A_L003_R2_025.trimmed.fastq.gz
	Minimum read length	1	1
	Maximum read length	100	100
	Average read length	91.16	88.61
	Total number of reads	4000000	4000000
	Total number of reads with non-ATGC bases	157	3528
	Percentage of reads with non-ATGC bases	0.00%	0.09%
	Total number of bases	364629370	354422780
	Total number of HQ bases	362709995	352182739
	Percentage of HQ bases	99.47%	99.37%
	Total number of non-ATGC bases	157	3528
	Percentage of non-ATGC bases	0.00%	0.00%


Average quality score at each base position of input reads

KU328820-15_A_L003_R1_025.trimmed.fastq.gz
32.26	32.71	32.84	36.17	36.11	36.11	36.11	36.11	37.79	37.78	37.77	37.75	37.73	39.15	39.12	39.09	39.03	38.99	39.00	38.93	38.88	38.80	38.72	38.63	38.54	38.44	38.32	38.22	38.09	37.99	37.87	37.75	37.61	37.48	37.33	37.20	37.08	36.92	36.79	36.63	36.50	36.34	36.38	36.30	36.20	36.07	35.94	35.80	35.69	35.50	35.17	35.15	35.10	35.00	34.86	34.70	34.57	34.40	34.21	34.00	33.56	33.41	33.22	33.04	32.84	32.63	32.40	32.18	31.95	31.74	31.50	31.27	31.02	30.74	30.50	29.65	29.86	29.84	29.65	29.47	29.27	29.08	28.84	28.65	28.45	28.26	28.07	27.87	27.68	27.46	27.30	27.14	26.98	26.78	26.57	26.42	26.25	26.09	25.90	24.78	

KU328820-15_A_L003_R2_025.trimmed.fastq.gz
35.45	36.11	36.39	36.53	32.45	32.79	32.89	35.90	35.82	35.85	35.83	35.79	37.24	37.22	37.17	37.10	37.04	38.26	38.20	38.14	38.02	37.97	37.97	37.89	37.76	37.71	37.60	36.81	37.13	37.19	37.15	37.03	36.95	36.32	36.51	36.47	36.39	36.32	36.22	36.12	36.01	35.90	35.74	35.61	35.49	35.47	35.38	35.27	35.16	35.06	34.91	34.76	34.59	34.41	33.50	33.72	33.86	33.68	33.59	33.46	33.26	33.11	32.92	32.71	32.56	32.37	31.62	31.50	31.43	31.28	31.12	30.91	30.01	29.80	29.62	29.44	29.26	28.99	27.62	27.57	27.49	27.32	27.15	26.96	26.80	26.60	26.41	26.25	26.10	25.96	25.79	25.63	25.48	25.32	25.19	25.05	24.78	24.61	24.42	24.28	





Read count (%) per base for different quality score ranges

	KU328820-15_A_L003_R1_025.trimmed.fastq.gz
Ranges	0-10	11-20	21-30	31-40
Base
1	0.00	1.10	9.21	89.68
2	0.00	0.57	7.51	91.92
3	0.00	0.45	7.04	92.51
4	0.00	0.39	2.81	96.80
5	0.00	0.42	3.13	96.45
6	0.00	0.45	3.14	96.41
7	0.00	0.45	3.15	96.39
8	0.00	0.46	3.15	96.39
9	0.00	0.46	3.18	96.37
10	0.00	0.47	3.23	96.30
11	0.00	0.46	3.23	96.30
12	0.00	0.48	3.28	96.24
13	0.00	0.49	3.31	96.20
14	0.00	1.04	5.98	92.99
15	0.00	1.04	6.03	92.93
16	0.00	1.07	6.06	92.88
17	0.00	1.09	6.16	92.75
18	0.00	1.05	6.14	92.81
19	0.00	1.08	6.18	92.74
20	0.00	1.10	6.24	92.66
21	0.00	1.09	6.21	92.70
22	0.00	1.09	6.21	92.70
23	0.00	1.10	6.25	92.65
24	0.00	1.13	6.41	92.46
25	0.00	1.10	6.38	92.52
26	0.00	1.12	6.35	92.53
27	0.00	1.11	6.41	92.48
28	0.00	1.06	6.39	92.56
29	0.00	1.05	6.43	92.52
30	0.00	1.01	6.36	92.63
31	0.00	0.99	6.43	92.58
32	0.00	0.96	6.44	92.60
33	0.00	0.96	6.52	92.52
34	0.00	0.94	6.52	92.53
35	0.00	0.96	6.66	92.38
36	0.00	0.94	6.62	92.44
37	0.00	0.92	6.52	92.57
38	0.00	0.93	6.58	92.49
39	0.00	0.93	6.52	92.55
40	0.00	0.93	6.57	92.50
41	0.00	0.90	6.49	92.61
42	0.00	0.92	6.50	92.58
43	0.00	0.88	6.53	92.59
44	0.00	0.89	6.53	92.58
45	0.00	0.91	6.44	92.65
46	0.00	0.91	6.52	92.57
47	0.00	0.90	6.50	92.59
48	0.00	0.92	6.49	92.59
49	0.00	0.90	6.39	92.72
50	0.00	0.94	6.54	92.52
51	0.00	1.39	6.55	92.06
52	0.00	1.12	6.34	92.54
53	0.00	0.97	6.02	93.00
54	0.00	0.90	5.82	93.28
55	0.00	0.88	5.86	93.26
56	0.00	0.83	5.86	93.31
57	0.00	0.78	5.68	93.54
58	0.00	0.78	5.70	93.52
59	0.00	0.76	5.79	93.45
60	0.00	0.77	5.82	93.41
61	0.00	1.13	6.07	92.80
62	0.00	0.87	6.00	93.13
63	0.00	0.82	5.98	93.20
64	0.00	0.78	5.89	93.33
65	0.00	0.76	5.96	93.28
66	0.00	0.74	5.95	93.31
67	0.00	0.76	6.06	93.17
68	0.00	0.74	6.10	93.17
69	0.00	0.73	6.18	93.09
70	0.00	0.72	6.13	93.14
71	0.00	0.74	6.22	93.05
72	0.00	0.72	6.27	93.01
73	0.00	0.74	6.35	92.91
74	0.00	0.77	6.58	92.65
75	0.00	0.75	6.58	92.67
76	0.00	0.70	9.03	90.27
77	0.00	0.66	6.86	92.48
78	0.00	0.68	6.39	92.92
79	0.00	0.74	6.44	92.82
80	0.00	0.72	6.33	92.95
81	0.00	0.72	6.26	93.02
82	0.00	0.72	6.25	93.03
83	0.00	0.77	6.46	92.77
84	0.00	0.77	6.50	92.73
85	0.00	0.77	6.57	92.65
86	0.00	0.81	6.65	92.53
87	0.00	0.84	6.79	92.36
88	0.00	0.89	7.03	92.08
89	0.00	0.93	7.27	91.80
90	0.00	1.02	7.65	91.33
91	0.00	1.00	7.65	91.35
92	0.00	0.99	7.69	91.32
93	0.00	1.02	7.79	91.19
94	0.00	1.10	8.13	90.77
95	0.00	1.15	8.45	90.41
96	0.00	1.08	8.38	90.54
97	0.00	1.07	8.41	90.52
98	0.00	1.04	8.43	90.53
99	0.00	1.08	8.68	90.24
100	0.00	2.66	16.10	81.24


	KU328820-15_A_L003_R2_025.trimmed.fastq.gz
Ranges	0-10	11-20	21-30	31-40
Base
1	0.09	3.30	6.02	90.59
2	0.00	1.42	3.56	95.03
3	0.00	0.91	2.66	96.44
4	0.00	0.72	2.35	96.93
5	0.00	0.94	10.66	88.40
6	0.00	0.81	8.62	90.58
7	0.00	0.78	8.26	90.96
8	0.00	0.75	4.12	95.13
9	0.00	0.89	4.35	94.76
10	0.00	0.81	4.11	95.09
11	0.00	0.78	4.10	95.12
12	0.00	0.79	4.11	95.10
13	0.00	0.79	4.16	95.05
14	0.00	0.77	4.14	95.10
15	0.00	0.75	4.16	95.09
16	0.00	0.76	4.22	95.02
17	0.00	0.75	4.22	95.03
18	0.00	1.47	7.24	91.29
19	0.00	1.45	7.20	91.35
20	0.00	1.39	7.09	91.52
21	0.00	1.38	7.06	91.56
22	0.00	1.32	6.93	91.74
23	0.00	1.30	6.93	91.77
24	0.00	1.30	6.93	91.77
25	0.00	1.31	7.02	91.66
26	0.00	1.24	6.82	91.94
27	0.00	1.20	6.74	92.06
28	0.00	4.77	8.67	86.56
29	0.00	1.83	7.49	90.69
30	0.00	1.40	6.74	91.86
31	0.00	1.30	6.64	92.06
32	0.00	1.27	6.83	91.89
33	0.00	1.18	6.81	92.01
34	0.00	3.33	8.42	88.25
35	0.00	1.51	7.18	91.30
36	0.00	1.35	6.80	91.86
37	0.00	1.27	6.73	92.00
38	0.00	1.18	6.64	92.19
39	0.00	1.09	6.71	92.21
40	0.00	0.98	6.70	92.32
41	0.00	0.91	6.64	92.45
42	0.00	0.89	6.53	92.57
43	0.00	1.07	6.59	92.33
44	0.00	0.94	6.63	92.43
45	0.00	0.91	6.53	92.56
46	0.00	0.89	6.52	92.59
47	0.00	0.88	6.44	92.68
48	0.00	0.88	6.46	92.65
49	0.00	0.87	6.42	92.72
50	0.00	0.84	6.33	92.83
51	0.00	0.83	6.25	92.92
52	0.00	0.84	6.18	92.98
53	0.00	0.84	6.25	92.91
54	0.00	0.85	6.32	92.83
55	0.00	0.60	5.75	93.65
56	0.00	0.63	5.13	94.23
57	0.00	0.70	5.40	93.90
58	0.00	0.77	5.77	93.47
59	0.00	0.78	5.89	93.33
60	0.00	0.79	5.93	93.29
61	0.00	0.83	6.13	93.04
62	0.00	0.81	6.04	93.14
63	0.00	0.82	6.22	92.96
64	0.00	0.84	6.35	92.81
65	0.00	0.81	6.25	92.94
66	0.00	0.81	6.31	92.87
67	0.00	0.68	5.82	93.50
68	0.00	0.68	5.72	93.61
69	0.00	0.62	5.38	94.00
70	0.00	0.62	5.34	94.04
71	0.00	0.59	5.36	94.05
72	0.00	0.64	5.49	93.86
73	0.00	0.60	5.35	94.04
74	0.00	0.64	5.48	93.89
75	0.00	0.60	5.40	94.00
76	0.00	0.58	5.29	94.13
77	0.00	0.57	5.25	94.18
78	0.00	0.64	5.58	93.78
79	0.00	1.99	7.08	90.93
80	0.00	0.93	6.91	92.16
81	0.00	0.74	5.98	93.28
82	0.00	0.72	5.83	93.45
83	0.00	0.67	5.73	93.59
84	0.00	0.67	5.81	93.53
85	0.00	0.62	5.69	93.69
86	0.00	0.67	5.90	93.43
87	0.00	0.69	6.04	93.27
88	0.00	0.70	6.07	93.23
89	0.00	0.68	5.96	93.37
90	0.00	0.69	5.94	93.38
91	0.00	0.74	6.19	93.07
92	0.00	0.78	6.37	92.85
93	0.00	0.80	6.47	92.73
94	0.00	0.84	6.66	92.51
95	0.00	0.82	6.67	92.51
96	0.00	0.83	6.77	92.40
97	0.00	0.82	6.79	92.39
98	0.00	0.80	6.82	92.38
99	0.00	0.84	7.03	92.12
100	0.00	0.98	7.48	91.54




