Parameters
	Library type	Paired-end
	Input files	KU328820-15_A_L003_R1_029.trimmed.fastq.gz	KU328820-15_A_L003_R2_029.trimmed.fastq.gz
	Primer/Adaptor library	NA
	Cut-off read length for HQ	70%
	Cut-off quality score	20
	Only statistics	On
	Number of CPUs	2


QC statistics
	File name	KU328820-15_A_L003_R1_029.trimmed.fastq.gz	KU328820-15_A_L003_R2_029.trimmed.fastq.gz
	Total number of reads	4000000	4000000
	Total number of HQ reads	3981773	3981773
	Percentage of HQ reads	99.54%	99.54%
	Total number of bases	362427682	350805151
	Total number of bases in HQ reads	361462147	350515563
	Total number of HQ bases in HQ reads	359257218	347744199
	Percentage of HQ bases in HQ reads	99.39%	99.21%
	Number of Primer/Adaptor contaminated HQ reads	NA	NA
	Total number of HQ filtered reads	3981773	3981773
	Percentage of HQ filtered reads	99.54%	99.54%


Detailed QC statistics
	File name	KU328820-15_A_L003_R1_029.trimmed.fastq.gz	KU328820-15_A_L003_R2_029.trimmed.fastq.gz
	Minimum read length	1	1
	Maximum read length	100	100
	Average read length	90.61	87.70
	Total number of reads	4000000	4000000
	Total number of reads with non-ATGC bases	188	4017
	Percentage of reads with non-ATGC bases	0.00%	0.10%
	Total number of bases	362427682	350805151
	Total number of HQ bases	360177543	347943736
	Percentage of HQ bases	99.38%	99.18%
	Total number of non-ATGC bases	188	4017
	Percentage of non-ATGC bases	0.00%	0.00%


Average quality score at each base position of input reads

KU328820-15_A_L003_R1_029.trimmed.fastq.gz
31.84	32.38	32.57	35.92	35.84	35.88	35.88	35.82	37.44	37.44	37.42	37.37	37.36	38.67	38.64	38.62	38.55	38.50	38.53	38.47	38.39	38.28	38.19	38.17	38.06	37.96	37.73	37.67	37.57	37.47	37.36	37.22	37.09	36.93	36.81	36.67	36.52	36.38	36.19	36.07	35.89	35.74	35.80	35.74	35.65	35.53	35.42	35.28	35.10	34.98	34.91	34.84	34.70	34.54	34.34	34.21	34.07	33.88	33.71	33.52	33.31	33.11	32.89	32.69	32.45	32.26	32.06	31.84	31.57	31.36	31.10	30.87	30.61	30.25	29.96	29.12	29.34	29.37	29.23	29.02	28.85	28.34	28.19	28.04	27.88	27.70	27.50	27.36	27.16	27.02	26.85	26.71	26.55	26.41	26.22	26.04	25.89	25.71	25.54	24.35	

KU328820-15_A_L003_R2_029.trimmed.fastq.gz
34.86	35.79	36.10	36.16	31.97	31.76	32.33	35.38	35.42	35.33	35.28	35.37	36.76	36.65	36.60	36.55	36.43	37.59	37.53	37.46	37.20	37.18	37.19	37.12	36.99	36.93	36.80	36.76	36.59	36.53	36.42	36.32	36.17	36.04	35.91	35.82	35.67	35.57	35.39	35.27	35.15	35.04	34.91	34.70	34.56	34.55	34.40	34.30	34.20	34.10	33.91	33.73	33.58	33.38	32.38	32.58	32.71	32.65	32.58	32.44	32.14	31.98	31.86	31.66	31.49	31.28	30.96	30.88	30.78	30.58	30.04	29.92	29.77	29.59	29.40	29.23	29.04	28.79	28.61	28.27	28.07	27.87	27.69	27.41	27.20	27.03	26.76	26.59	26.41	26.26	25.92	25.53	25.38	25.21	23.75	23.64	23.42	23.22	23.07	22.96	





Read count (%) per base for different quality score ranges

	KU328820-15_A_L003_R1_029.trimmed.fastq.gz
Ranges	0-10	11-20	21-30	31-40
Base
1	0.00	1.66	12.11	86.23
2	0.00	0.80	9.84	89.36
3	0.00	0.63	9.13	90.24
4	0.00	0.55	3.87	95.58
5	0.00	0.61	4.42	94.97
6	0.00	0.59	4.14	95.27
7	0.00	0.62	4.19	95.19
8	0.00	0.67	4.40	94.93
9	0.00	0.64	4.28	95.08
10	0.00	0.64	4.28	95.08
11	0.00	0.64	4.36	95.00
12	0.00	0.67	4.50	94.83
13	0.00	0.67	4.52	94.81
14	0.00	1.22	6.94	91.84
15	0.00	1.22	6.97	91.81
16	0.00	1.23	6.96	91.81
17	0.00	1.24	7.10	91.66
18	0.00	1.26	7.07	91.67
19	0.00	1.25	7.12	91.63
20	0.00	1.24	7.11	91.64
21	0.00	1.26	7.18	91.57
22	0.00	1.29	7.27	91.44
23	0.00	1.28	7.29	91.44
24	0.00	1.24	7.24	91.53
25	0.00	1.25	7.33	91.42
26	0.00	1.26	7.26	91.49
27	0.00	1.79	7.50	90.71
28	0.00	1.43	7.41	91.16
29	0.00	1.25	7.36	91.39
30	0.00	1.20	7.30	91.50
31	0.00	1.17	7.27	91.57
32	0.00	1.15	7.42	91.43
33	0.00	1.12	7.44	91.44
34	0.00	1.11	7.56	91.34
35	0.00	1.08	7.53	91.40
36	0.00	1.07	7.53	91.40
37	0.00	1.06	7.58	91.36
38	0.00	1.06	7.52	91.42
39	0.00	1.08	7.62	91.29
40	0.00	1.04	7.46	91.50
41	0.00	1.07	7.55	91.39
42	0.00	1.05	7.46	91.49
43	0.00	1.00	7.39	91.60
44	0.00	0.99	7.36	91.65
45	0.00	0.99	7.22	91.79
46	0.00	0.99	7.21	91.80
47	0.00	0.96	7.11	91.93
48	0.00	0.98	7.15	91.87
49	0.00	1.03	7.36	91.61
50	0.00	1.00	7.15	91.85
51	0.00	0.93	6.99	92.08
52	0.00	0.86	6.64	92.50
53	0.00	0.87	6.57	92.55
54	0.00	0.88	6.58	92.55
55	0.00	0.91	6.72	92.37
56	0.00	0.86	6.49	92.65
57	0.00	0.84	6.37	92.79
58	0.00	0.85	6.44	92.71
59	0.00	0.80	6.40	92.80
60	0.00	0.80	6.35	92.84
61	0.00	0.81	6.46	92.73
62	0.00	0.80	6.46	92.74
63	0.00	0.82	6.56	92.62
64	0.00	0.80	6.56	92.64
65	0.00	0.82	6.70	92.48
66	0.00	0.80	6.62	92.58
67	0.00	0.77	6.55	92.68
68	0.00	0.78	6.66	92.56
69	0.00	0.82	6.94	92.25
70	0.00	0.78	6.82	92.39
71	0.00	0.80	6.99	92.21
72	0.00	0.79	7.00	92.20
73	0.00	0.81	7.19	92.01
74	0.00	0.80	7.15	92.05
75	0.00	0.84	7.44	91.72
76	0.00	0.80	10.20	88.99
77	0.00	0.72	7.72	91.56
78	0.00	0.68	6.96	92.36
79	0.00	0.71	6.81	92.48
80	0.00	0.76	6.88	92.36
81	0.00	0.73	6.78	92.48
82	0.00	1.17	7.83	91.00
83	0.00	1.07	7.51	91.43
84	0.00	0.94	7.43	91.63
85	0.00	0.87	7.33	91.80
86	0.00	0.88	7.38	91.73
87	0.00	0.94	7.62	91.44
88	0.00	0.91	7.56	91.52
89	0.00	0.99	7.88	91.14
90	0.00	0.97	7.84	91.19
91	0.00	0.99	8.03	90.98
92	0.00	0.99	8.00	91.01
93	0.00	1.03	8.09	90.88
94	0.00	1.00	8.13	90.87
95	0.00	1.08	8.47	90.45
96	0.00	1.08	8.64	90.28
97	0.00	1.04	8.62	90.34
98	0.00	1.06	8.79	90.14
99	0.00	1.07	8.88	90.05
100	0.00	2.86	17.07	80.07


	KU328820-15_A_L003_R2_029.trimmed.fastq.gz
Ranges	0-10	11-20	21-30	31-40
Base
1	0.10	4.59	9.37	85.94
2	0.00	1.82	4.34	93.84
3	0.00	1.14	3.46	95.41
4	0.00	1.33	3.26	95.41
5	0.00	1.75	13.66	84.59
6	0.00	3.45	14.10	82.45
7	0.00	1.61	12.62	85.77
8	0.00	1.28	5.67	93.05
9	0.00	1.23	5.60	93.17
10	0.00	1.59	5.74	92.66
11	0.00	1.56	5.79	92.65
12	0.00	1.29	5.74	92.96
13	0.00	1.13	5.54	93.33
14	0.00	1.42	5.59	92.98
15	0.00	1.24	5.72	93.04
16	0.00	1.15	5.72	93.13
17	0.00	1.31	5.77	92.92
18	0.00	1.89	8.26	89.86
19	0.00	1.75	8.19	90.07
20	0.00	1.68	8.13	90.19
21	0.00	2.61	8.37	89.02
22	0.00	1.96	8.31	89.72
23	0.00	1.74	8.11	90.15
24	0.00	1.65	8.03	90.32
25	0.00	1.61	8.11	90.29
26	0.00	1.48	7.88	90.63
27	0.00	1.47	7.95	90.58
28	0.00	1.42	7.98	90.60
29	0.00	1.42	8.16	90.42
30	0.00	1.32	7.85	90.82
31	0.00	1.27	7.80	90.93
32	0.00	1.23	7.75	91.02
33	0.00	1.23	7.83	90.94
34	0.00	1.23	7.85	90.92
35	0.00	1.17	7.84	90.98
36	0.00	1.13	7.70	91.17
37	0.00	1.13	7.84	91.04
38	0.00	1.08	7.72	91.20
39	0.00	1.12	7.91	90.96
40	0.00	1.10	7.88	91.02
41	0.00	1.07	7.87	91.07
42	0.00	1.05	7.68	91.27
43	0.00	1.06	7.68	91.25
44	0.00	1.16	7.77	91.07
45	0.00	1.09	7.78	91.13
46	0.00	1.02	7.65	91.33
47	0.00	1.21	7.81	90.97
48	0.00	1.07	7.68	91.24
49	0.00	0.97	7.33	91.70
50	0.00	1.00	7.25	91.75
51	0.00	1.05	7.29	91.66
52	0.00	1.02	7.35	91.63
53	0.00	1.00	7.30	91.70
54	0.00	0.97	7.16	91.87
55	0.00	0.86	6.82	92.32
56	0.00	0.79	6.11	93.10
57	0.00	0.85	6.31	92.84
58	0.00	0.91	6.70	92.39
59	0.00	0.86	6.63	92.51
60	0.00	0.88	6.69	92.43
61	0.00	1.07	6.94	92.00
62	0.00	0.95	6.91	92.14
63	0.00	0.87	6.76	92.37
64	0.00	0.91	6.87	92.23
65	0.00	0.85	6.81	92.34
66	0.00	0.88	6.96	92.16
67	0.00	1.11	6.84	92.05
68	0.00	0.91	6.62	92.48
69	0.00	0.77	6.37	92.87
70	0.00	0.80	6.46	92.74
71	0.00	1.33	6.63	92.04
72	0.00	1.00	6.53	92.47
73	0.00	0.85	6.36	92.79
74	0.00	0.80	6.36	92.84
75	0.00	0.73	6.38	92.88
76	0.00	0.69	6.28	93.04
77	0.00	0.66	6.24	93.09
78	0.00	0.72	6.56	92.73
79	0.00	0.68	6.42	92.90
80	0.00	0.71	6.55	92.75
81	0.00	0.69	6.53	92.78
82	0.00	0.69	6.55	92.77
83	0.00	0.70	6.46	92.84
84	0.00	0.70	6.57	92.73
85	0.00	0.74	6.71	92.56
86	0.00	0.73	6.65	92.63
87	0.00	0.76	6.87	92.37
88	0.00	0.77	6.86	92.37
89	0.00	0.79	6.96	92.25
90	0.00	0.80	6.96	92.25
91	0.00	0.84	7.14	92.02
92	0.00	1.13	7.29	91.58
93	0.00	0.99	7.53	91.48
94	0.00	1.00	7.81	91.19
95	0.00	0.91	7.53	91.56
96	0.00	0.88	7.44	91.68
97	0.00	0.87	7.44	91.69
98	0.00	0.95	7.81	91.25
99	0.00	0.88	7.76	91.36
100	0.00	0.99	7.99	91.02




