Parameters
	Library type	Paired-end
	Input files	KU328820-15_A_L003_R1_016.trimmed.fastq.gz	KU328820-15_A_L003_R2_016.trimmed.fastq.gz
	Primer/Adaptor library	NA
	Cut-off read length for HQ	70%
	Cut-off quality score	20
	Only statistics	On
	Number of CPUs	2


QC statistics
	File name	KU328820-15_A_L003_R1_016.trimmed.fastq.gz	KU328820-15_A_L003_R2_016.trimmed.fastq.gz
	Total number of reads	4000000	4000000
	Total number of HQ reads	3979762	3979762
	Percentage of HQ reads	99.49%	99.49%
	Total number of bases	360932826	346693312
	Total number of bases in HQ reads	359857788	346405609
	Total number of HQ bases in HQ reads	357562938	343677244
	Percentage of HQ bases in HQ reads	99.36%	99.21%
	Number of Primer/Adaptor contaminated HQ reads	NA	NA
	Total number of HQ filtered reads	3979762	3979762
	Percentage of HQ filtered reads	99.49%	99.49%


Detailed QC statistics
	File name	KU328820-15_A_L003_R1_016.trimmed.fastq.gz	KU328820-15_A_L003_R2_016.trimmed.fastq.gz
	Minimum read length	1	1
	Maximum read length	100	100
	Average read length	90.23	86.67
	Total number of reads	4000000	4000000
	Total number of reads with non-ATGC bases	83	4344
	Percentage of reads with non-ATGC bases	0.00%	0.11%
	Total number of bases	360932826	346693312
	Total number of HQ bases	358589751	343863953
	Percentage of HQ bases	99.35%	99.18%
	Total number of non-ATGC bases	83	4344
	Percentage of non-ATGC bases	0.00%	0.00%


Average quality score at each base position of input reads

KU328820-15_A_L003_R1_016.trimmed.fastq.gz
31.90	32.41	32.60	35.95	35.87	35.88	35.87	35.84	37.44	37.41	37.39	37.39	37.34	38.65	38.65	38.65	38.60	38.52	38.52	38.42	38.37	38.24	38.16	38.06	38.01	37.91	37.75	37.71	37.55	37.43	37.30	37.18	37.04	36.88	36.69	36.58	36.38	36.23	36.07	35.88	35.75	35.57	35.74	35.68	35.63	35.54	35.31	35.18	35.06	34.87	34.84	34.64	34.53	34.41	34.29	34.09	33.83	33.68	33.54	33.27	33.13	32.91	32.67	32.48	32.19	32.01	31.66	31.49	31.15	30.84	30.66	30.33	30.05	29.36	29.35	28.29	28.66	28.74	28.64	28.50	28.31	28.14	27.93	27.74	27.49	27.31	27.11	26.95	26.72	26.53	26.42	26.24	26.07	25.88	25.68	25.40	25.19	24.77	24.58	23.24	

KU328820-15_A_L003_R2_016.trimmed.fastq.gz
35.35	35.79	36.00	36.18	31.85	32.14	32.18	35.20	35.18	35.18	35.13	35.04	36.39	36.34	36.27	36.26	36.13	37.14	37.07	36.97	36.78	36.71	36.68	36.51	36.42	36.36	36.12	36.07	35.90	35.81	35.68	35.43	35.35	35.27	35.03	34.94	34.82	34.60	34.46	34.37	34.19	34.11	33.95	33.76	33.71	33.70	33.51	33.37	33.26	33.04	32.92	32.79	32.64	32.44	31.51	31.66	31.80	31.75	31.64	31.49	31.31	31.04	31.00	30.85	30.68	30.44	30.35	30.22	29.82	29.78	29.49	29.34	29.20	29.02	28.82	28.64	28.37	28.16	27.87	27.69	27.52	27.32	27.07	26.79	26.55	26.35	26.21	26.04	25.88	25.69	25.43	25.26	25.10	24.91	24.48	24.46	24.16	24.00	23.75	23.58	





Read count (%) per base for different quality score ranges

	KU328820-15_A_L003_R1_016.trimmed.fastq.gz
Ranges	0-10	11-20	21-30	31-40
Base
1	0.00	1.43	11.96	86.61
2	0.00	0.73	9.81	89.47
3	0.00	0.56	8.81	90.63
4	0.00	0.50	3.75	95.75
5	0.00	0.55	4.23	95.22
6	0.00	0.58	4.15	95.26
7	0.00	0.60	4.20	95.21
8	0.00	0.63	4.33	95.05
9	0.00	0.62	4.31	95.07
10	0.00	0.63	4.41	94.96
11	0.00	0.64	4.46	94.90
12	0.00	0.64	4.40	94.96
13	0.00	0.66	4.57	94.77
14	0.00	1.20	6.94	91.87
15	0.00	1.18	6.88	91.94
16	0.00	1.17	6.83	92.00
17	0.00	1.18	6.88	91.93
18	0.00	1.21	6.97	91.82
19	0.00	1.21	7.02	91.77
20	0.00	1.25	7.18	91.57
21	0.00	1.21	7.07	91.72
22	0.00	1.28	7.24	91.48
23	0.00	1.23	7.15	91.62
24	0.00	1.28	7.41	91.31
25	0.00	1.22	7.24	91.54
26	0.00	1.23	7.21	91.55
27	0.00	1.27	7.42	91.32
28	0.00	1.17	7.11	91.72
29	0.00	1.18	7.34	91.48
30	0.00	1.15	7.31	91.55
31	0.00	1.11	7.34	91.56
32	0.00	1.09	7.31	91.61
33	0.00	1.08	7.39	91.53
34	0.00	1.08	7.47	91.45
35	0.00	1.11	7.70	91.19
36	0.00	1.06	7.56	91.39
37	0.00	1.09	7.70	91.22
38	0.00	1.07	7.65	91.29
39	0.00	1.07	7.63	91.29
40	0.00	1.09	7.71	91.21
41	0.00	1.05	7.53	91.42
42	0.00	1.05	7.58	91.36
43	0.00	0.93	7.13	91.94
44	0.00	0.94	7.17	91.90
45	0.00	0.93	6.93	92.14
46	0.00	0.92	6.91	92.17
47	0.00	1.01	7.30	91.69
48	0.00	0.99	7.18	91.82
49	0.00	0.97	7.13	91.89
50	0.00	1.01	7.28	91.71
51	0.00	0.88	6.79	92.33
52	0.00	0.93	6.97	92.10
53	0.00	0.89	6.71	92.40
54	0.00	0.86	6.52	92.62
55	0.00	0.83	6.41	92.77
56	0.00	0.86	6.50	92.63
57	0.00	0.93	6.81	92.26
58	0.00	0.87	6.65	92.48
59	0.00	0.81	6.43	92.76
60	0.00	0.88	6.76	92.35
61	0.00	0.80	6.50	92.70
62	0.00	0.81	6.63	92.56
63	0.00	0.86	6.81	92.33
64	0.00	0.82	6.69	92.49
65	0.00	0.89	7.11	92.00
66	0.00	0.83	6.91	92.26
67	0.00	0.93	7.52	91.55
68	0.00	0.84	7.22	91.93
69	0.00	0.94	7.70	91.37
70	0.00	0.90	7.62	91.48
71	0.00	0.83	7.40	91.77
72	0.00	0.93	7.86	91.21
73	0.00	0.95	8.14	90.91
74	0.00	1.35	10.33	88.32
75	0.00	0.96	8.84	90.20
76	0.00	1.01	13.33	85.65
77	0.00	0.86	9.47	89.67
78	0.00	0.85	8.33	90.82
79	0.00	0.87	8.05	91.09
80	0.00	0.84	7.75	91.42
81	0.00	0.84	7.69	91.47
82	0.00	0.81	7.50	91.70
83	0.00	0.85	7.66	91.48
84	0.00	0.86	7.71	91.43
85	0.00	0.96	8.15	90.89
86	0.00	0.96	8.14	90.90
87	0.00	1.00	8.39	90.61
88	0.00	1.00	8.34	90.66
89	0.00	1.12	8.83	90.05
90	0.00	1.14	9.01	89.85
91	0.00	1.05	8.69	90.26
92	0.00	1.12	8.90	89.98
93	0.00	1.12	8.98	89.90
94	0.00	1.17	9.29	89.54
95	0.00	1.18	9.46	89.35
96	0.00	1.33	10.14	88.54
97	0.00	1.26	10.16	88.57
98	0.00	1.60	11.56	86.84
99	0.00	1.49	11.43	87.07
100	0.00	3.79	20.88	75.33


	KU328820-15_A_L003_R2_016.trimmed.fastq.gz
Ranges	0-10	11-20	21-30	31-40
Base
1	0.11	3.32	6.29	90.28
2	0.00	1.80	4.82	93.37
3	0.00	1.27	4.06	94.66
4	0.00	1.03	3.49	95.48
5	0.00	1.46	13.89	84.65
6	0.00	1.29	11.89	86.82
7	0.00	1.29	11.66	87.06
8	0.00	1.31	6.52	92.17
9	0.00	1.27	6.48	92.25
10	0.00	1.30	6.18	92.52
11	0.00	1.27	6.20	92.53
12	0.00	1.31	6.37	92.32
13	0.00	1.30	6.29	92.40
14	0.00	1.26	6.26	92.49
15	0.00	1.22	6.23	92.55
16	0.00	1.14	5.93	92.92
17	0.00	1.16	6.13	92.71
18	0.00	2.01	9.10	88.89
19	0.00	1.86	8.77	89.37
20	0.00	1.83	8.69	89.48
21	0.00	1.90	8.92	89.18
22	0.00	1.74	8.60	89.66
23	0.00	1.77	8.63	89.60
24	0.00	1.75	8.70	89.55
25	0.00	1.65	8.48	89.86
26	0.00	1.54	8.22	90.24
27	0.00	1.62	8.51	89.86
28	0.00	1.55	8.43	90.03
29	0.00	1.56	8.55	89.89
30	0.00	1.47	8.32	90.21
31	0.00	1.43	8.28	90.29
32	0.00	1.51	8.64	89.85
33	0.00	1.36	8.32	90.32
34	0.00	1.25	7.99	90.76
35	0.00	1.33	8.42	90.24
36	0.00	1.23	8.20	90.58
37	0.00	1.20	8.11	90.69
38	0.00	1.26	8.47	90.27
39	0.00	1.24	8.42	90.35
40	0.00	1.14	8.10	90.76
41	0.00	1.18	8.30	90.52
42	0.00	1.10	7.98	90.92
43	0.00	1.13	8.00	90.87
44	0.00	1.15	8.14	90.71
45	0.00	1.04	7.62	91.34
46	0.00	1.03	7.68	91.29
47	0.00	1.11	8.00	90.88
48	0.00	1.10	7.92	90.97
49	0.00	1.07	7.74	91.19
50	0.00	1.15	8.06	90.79
51	0.00	1.03	7.63	91.34
52	0.00	1.00	7.38	91.62
53	0.00	0.99	7.32	91.70
54	0.00	1.01	7.33	91.66
55	0.00	0.80	7.26	91.94
56	0.00	0.77	6.30	92.94
57	0.00	0.84	6.48	92.68
58	0.00	0.94	6.95	92.11
59	0.00	0.95	7.10	91.95
60	0.00	0.95	7.08	91.97
61	0.00	0.97	7.20	91.83
62	0.00	1.09	7.53	91.38
63	0.00	0.83	6.81	92.36
64	0.00	0.84	6.75	92.41
65	0.00	0.85	6.72	92.43
66	0.00	0.90	7.01	92.10
67	0.00	0.77	6.68	92.55
68	0.00	0.74	6.44	92.82
69	0.00	0.96	7.50	91.53
70	0.00	0.76	6.70	92.54
71	0.00	0.89	7.25	91.86
72	0.00	0.83	7.01	92.17
73	0.00	0.76	6.74	92.49
74	0.00	0.73	6.62	92.65
75	0.00	0.74	6.68	92.58
76	0.00	0.71	6.60	92.68
77	0.00	0.79	7.03	92.18
78	0.00	0.76	7.08	92.17
79	0.00	0.86	7.47	91.67
80	0.00	0.80	7.21	91.99
81	0.00	0.75	7.04	92.21
82	0.00	0.75	7.02	92.23
83	0.00	0.80	7.28	91.92
84	0.00	0.90	7.80	91.29
85	0.00	0.94	8.08	90.97
86	0.00	0.94	8.10	90.97
87	0.00	0.85	7.75	91.40
88	0.00	0.87	7.70	91.44
89	0.00	0.86	7.63	91.51
90	0.00	0.91	7.78	91.31
91	0.00	1.09	8.52	90.39
92	0.00	1.02	8.52	90.46
93	0.00	1.02	8.52	90.46
94	0.00	1.07	8.68	90.24
95	0.00	1.54	10.43	88.03
96	0.00	1.11	9.37	89.52
97	0.00	1.11	9.11	89.78
98	0.00	1.06	8.96	89.98
99	0.00	1.18	9.52	89.30
100	0.00	1.33	10.03	88.64




