Parameters
	Library type	Paired-end
	Input files	KU328820-15_A_L003_R1_024.trimmed.fastq.gz	KU328820-15_A_L003_R2_024.trimmed.fastq.gz
	Primer/Adaptor library	NA
	Cut-off read length for HQ	70%
	Cut-off quality score	20
	Only statistics	On
	Number of CPUs	2


QC statistics
	File name	KU328820-15_A_L003_R1_024.trimmed.fastq.gz	KU328820-15_A_L003_R2_024.trimmed.fastq.gz
	Total number of reads	4000000	4000000
	Total number of HQ reads	3980700	3980700
	Percentage of HQ reads	99.52%	99.52%
	Total number of bases	361575826	349637144
	Total number of bases in HQ reads	360538452	349361782
	Total number of HQ bases in HQ reads	358345803	346802965
	Percentage of HQ bases in HQ reads	99.39%	99.27%
	Number of Primer/Adaptor contaminated HQ reads	NA	NA
	Total number of HQ filtered reads	3980700	3980700
	Percentage of HQ filtered reads	99.52%	99.52%


Detailed QC statistics
	File name	KU328820-15_A_L003_R1_024.trimmed.fastq.gz	KU328820-15_A_L003_R2_024.trimmed.fastq.gz
	Minimum read length	1	1
	Maximum read length	100	100
	Average read length	90.39	87.41
	Total number of reads	4000000	4000000
	Total number of reads with non-ATGC bases	100	4498
	Percentage of reads with non-ATGC bases	0.00%	0.11%
	Total number of bases	361575826	349637144
	Total number of HQ bases	359337304	346985109
	Percentage of HQ bases	99.38%	99.24%
	Total number of non-ATGC bases	100	4498
	Percentage of non-ATGC bases	0.00%	0.00%


Average quality score at each base position of input reads

KU328820-15_A_L003_R1_024.trimmed.fastq.gz
31.97	32.43	32.66	35.99	35.92	35.92	35.93	35.89	37.51	37.54	37.50	37.50	37.46	38.80	38.70	38.65	38.52	38.57	38.59	38.50	38.41	38.38	38.16	38.16	38.11	38.03	37.94	37.82	37.68	37.55	37.43	37.22	37.15	37.02	36.88	36.75	36.58	36.46	36.27	36.14	35.90	35.74	35.86	35.80	35.70	35.56	35.48	35.31	35.25	35.06	34.92	34.92	34.75	34.61	34.47	34.24	34.10	33.91	33.70	33.18	33.02	32.87	32.64	32.45	32.16	32.04	31.80	31.50	31.25	30.97	30.71	30.49	30.24	29.69	29.57	28.54	28.87	28.87	28.87	28.71	28.55	28.36	28.09	27.92	27.69	27.44	27.29	27.13	26.94	26.75	26.64	26.48	26.27	26.12	25.95	25.78	25.60	25.44	25.19	23.89	

KU328820-15_A_L003_R2_024.trimmed.fastq.gz
35.43	35.92	36.14	36.26	31.89	32.16	32.24	35.35	35.34	35.34	35.23	35.19	36.62	36.53	36.46	36.38	36.28	37.48	37.33	37.18	37.11	36.94	36.96	36.82	36.70	36.55	36.41	36.34	36.10	36.08	35.92	35.87	35.56	35.46	35.33	35.24	35.12	35.01	34.87	34.78	34.62	34.52	34.35	34.06	33.91	34.01	33.87	33.83	33.64	33.44	33.28	33.15	32.99	32.89	31.93	32.01	32.22	32.21	32.15	31.89	31.81	31.59	31.44	31.25	31.04	30.90	30.77	30.64	30.49	30.14	30.03	29.85	29.63	29.44	29.30	29.09	28.89	28.67	28.43	28.25	27.95	27.72	27.59	27.30	27.14	26.93	26.80	26.58	26.38	26.20	26.00	25.81	25.67	25.37	25.30	25.06	24.92	24.76	24.45	24.30	





Read count (%) per base for different quality score ranges

	KU328820-15_A_L003_R1_024.trimmed.fastq.gz
Ranges	0-10	11-20	21-30	31-40
Base
1	0.00	1.42	11.38	87.20
2	0.00	0.74	9.66	89.61
3	0.00	0.53	8.43	91.04
4	0.00	0.48	3.58	95.94
5	0.00	0.53	3.98	95.48
6	0.00	0.57	4.01	95.42
7	0.00	0.57	3.90	95.53
8	0.00	0.61	4.12	95.27
9	0.00	0.61	4.11	95.27
10	0.00	0.58	3.99	95.43
11	0.00	0.60	4.09	95.31
12	0.00	0.58	4.04	95.38
13	0.00	0.62	4.15	95.24
14	0.00	1.15	6.70	92.15
15	0.00	1.26	6.96	91.78
16	0.00	1.23	6.91	91.86
17	0.00	1.33	7.26	91.42
18	0.00	1.20	6.81	91.99
19	0.00	1.21	6.87	91.92
20	0.00	1.25	7.01	91.74
21	0.00	1.26	7.09	91.65
22	0.00	1.20	6.82	91.99
23	0.00	1.64	7.18	91.18
24	0.00	1.36	7.24	91.40
25	0.00	1.23	7.05	91.72
26	0.00	1.20	6.97	91.83
27	0.00	1.16	6.93	91.91
28	0.00	1.15	6.98	91.87
29	0.00	1.15	7.07	91.78
30	0.00	1.11	7.08	91.80
31	0.00	1.06	7.08	91.86
32	0.00	1.11	7.38	91.51
33	0.00	1.04	7.14	91.82
34	0.00	1.03	7.19	91.78
35	0.00	1.03	7.22	91.75
36	0.00	1.00	7.16	91.84
37	0.00	1.02	7.19	91.79
38	0.00	0.99	7.11	91.90
39	0.00	1.03	7.22	91.76
40	0.00	0.97	7.14	91.89
41	0.00	1.05	7.38	91.57
42	0.00	1.03	7.34	91.63
43	0.00	0.93	7.03	92.04
44	0.00	0.94	7.02	92.04
45	0.00	0.96	7.05	92.00
46	0.00	0.97	7.10	91.93
47	0.00	0.94	6.90	92.15
48	0.00	0.98	7.05	91.97
49	0.00	0.90	6.70	92.39
50	0.00	0.97	6.91	92.12
51	0.00	0.92	6.87	92.21
52	0.00	0.82	6.26	92.93
53	0.00	0.85	6.40	92.75
54	0.00	0.84	6.31	92.85
55	0.00	0.83	6.24	92.93
56	0.00	0.87	6.44	92.69
57	0.00	0.83	6.29	92.88
58	0.00	0.83	6.32	92.84
59	0.00	0.83	6.42	92.75
60	0.00	1.27	6.70	92.03
61	0.00	0.97	6.65	92.38
62	0.00	0.88	6.47	92.65
63	0.00	0.89	6.61	92.49
64	0.00	0.85	6.57	92.58
65	0.00	0.91	7.02	92.07
66	0.00	0.77	6.58	92.65
67	0.00	0.81	6.73	92.46
68	0.00	0.88	7.13	91.99
69	0.00	0.87	7.26	91.87
70	0.00	0.90	7.49	91.61
71	0.00	0.90	7.58	91.52
72	0.00	0.87	7.50	91.63
73	0.00	0.85	7.55	91.60
74	0.00	1.16	9.16	89.69
75	0.00	0.96	8.36	90.68
76	0.00	0.97	12.47	86.56
77	0.00	0.83	8.92	90.26
78	0.00	0.84	8.01	91.15
79	0.00	0.71	7.07	92.22
80	0.00	0.74	6.97	92.29
81	0.00	0.71	6.74	92.55
82	0.00	0.74	6.82	92.44
83	0.00	0.85	7.36	91.79
84	0.00	0.83	7.28	91.89
85	0.00	0.90	7.64	91.47
86	0.00	0.98	8.04	90.98
87	0.00	0.95	7.97	91.09
88	0.00	0.94	7.92	91.14
89	0.00	1.01	8.16	90.83
90	0.00	1.06	8.42	90.52
91	0.00	0.97	8.15	90.88
92	0.00	1.03	8.30	90.67
93	0.00	1.14	8.75	90.11
94	0.00	1.11	8.75	90.15
95	0.00	1.11	8.88	90.00
96	0.00	1.13	9.02	89.85
97	0.00	1.12	9.23	89.65
98	0.00	1.07	9.17	89.76
99	0.00	1.21	9.63	89.16
100	0.00	3.27	19.10	77.63


	KU328820-15_A_L003_R2_024.trimmed.fastq.gz
Ranges	0-10	11-20	21-30	31-40
Base
1	0.11	3.22	5.84	90.83
2	0.00	1.69	4.30	94.01
3	0.00	1.17	3.59	95.24
4	0.00	0.97	3.19	95.85
5	0.00	1.34	13.32	85.34
6	0.00	1.23	11.52	87.24
7	0.00	1.21	11.15	87.64
8	0.00	1.16	5.81	93.03
9	0.00	1.13	5.73	93.13
10	0.00	1.14	5.53	93.32
11	0.00	1.22	5.89	92.88
12	0.00	1.18	5.71	93.11
13	0.00	1.13	5.62	93.25
14	0.00	1.14	5.74	93.12
15	0.00	1.13	5.69	93.18
16	0.00	1.10	5.72	93.18
17	0.00	1.10	5.73	93.17
18	0.00	1.79	8.39	89.82
19	0.00	1.83	8.54	89.63
20	0.00	1.83	8.60	89.57
21	0.00	1.71	8.31	89.97
22	0.00	1.78	8.45	89.77
23	0.00	1.65	8.22	90.13
24	0.00	1.64	8.29	90.07
25	0.00	1.60	8.20	90.19
26	0.00	1.58	8.20	90.22
27	0.00	1.57	8.15	90.28
28	0.00	1.54	8.24	90.23
29	0.00	2.04	8.43	89.52
30	0.00	1.60	7.96	90.44
31	0.00	1.54	8.03	90.43
32	0.00	1.40	7.71	90.90
33	0.00	1.53	8.38	90.09
34	0.00	1.34	8.07	90.59
35	0.00	1.28	8.05	90.67
36	0.00	1.20	7.90	90.90
37	0.00	1.16	7.88	90.96
38	0.00	1.11	7.72	91.17
39	0.00	1.13	7.79	91.08
40	0.00	1.08	7.60	91.32
41	0.00	1.09	7.73	91.18
42	0.00	1.04	7.48	91.49
43	0.00	1.07	7.68	91.25
44	0.00	1.19	8.12	90.69
45	0.00	1.14	7.99	90.87
46	0.00	0.99	7.49	91.52
47	0.00	1.06	7.66	91.28
48	0.00	0.98	7.24	91.78
49	0.00	1.05	7.55	91.40
50	0.00	1.11	7.73	91.16
51	0.00	1.02	7.44	91.54
52	0.00	0.97	7.19	91.84
53	0.00	0.97	7.12	91.90
54	0.00	0.91	6.86	92.24
55	0.00	0.71	6.67	92.63
56	0.00	0.84	6.41	92.75
57	0.00	0.78	6.15	93.07
58	0.00	0.84	6.40	92.76
59	0.00	0.81	6.39	92.80
60	0.00	0.99	6.94	92.08
61	0.00	0.86	6.55	92.59
62	0.00	0.91	6.79	92.31
63	0.00	0.87	6.68	92.45
64	0.00	0.86	6.72	92.41
65	0.00	0.89	6.90	92.21
66	0.00	0.83	6.68	92.48
67	0.00	0.79	6.64	92.57
68	0.00	0.77	6.41	92.82
69	0.00	0.73	6.36	92.91
70	0.00	0.94	7.11	91.95
71	0.00	0.79	6.69	92.52
72	0.00	0.68	6.21	93.12
73	0.00	0.73	6.39	92.88
74	0.00	0.70	6.34	92.96
75	0.00	0.64	6.08	93.28
76	0.00	0.68	6.18	93.14
77	0.00	0.66	6.17	93.17
78	0.00	0.69	6.32	92.99
79	0.00	0.71	6.53	92.76
80	0.00	0.66	6.38	92.96
81	0.00	0.78	6.89	92.33
82	0.00	0.80	7.06	92.15
83	0.00	0.68	6.62	92.70
84	0.00	0.84	7.24	91.92
85	0.00	0.77	7.08	92.16
86	0.00	0.81	7.15	92.04
87	0.00	0.75	6.83	92.42
88	0.00	0.82	7.17	92.01
89	0.00	0.86	7.39	91.74
90	0.00	0.88	7.47	91.65
91	0.00	0.95	7.78	91.27
92	0.00	0.97	8.03	91.00
93	0.00	0.95	7.93	91.13
94	0.00	1.20	8.88	89.92
95	0.00	0.98	8.26	90.76
96	0.00	1.13	8.81	90.05
97	0.00	0.89	8.00	91.11
98	0.00	0.89	7.85	91.26
99	0.00	1.10	8.91	89.98
100	0.00	1.22	9.34	89.44




