Parameters
	Library type	Paired-end
	Input files	KU328820-15_A_L003_R1_036.trimmed.fastq.gz	KU328820-15_A_L003_R2_036.trimmed.fastq.gz
	Primer/Adaptor library	NA
	Cut-off read length for HQ	70%
	Cut-off quality score	20
	Only statistics	On
	Number of CPUs	2


QC statistics
	File name	KU328820-15_A_L003_R1_036.trimmed.fastq.gz	KU328820-15_A_L003_R2_036.trimmed.fastq.gz
	Total number of reads	4000000	4000000
	Total number of HQ reads	3986928	3986928
	Percentage of HQ reads	99.67%	99.67%
	Total number of bases	371365627	367917251
	Total number of bases in HQ reads	370593378	367699786
	Total number of HQ bases in HQ reads	368885901	365974293
	Percentage of HQ bases in HQ reads	99.54%	99.53%
	Number of Primer/Adaptor contaminated HQ reads	NA	NA
	Total number of HQ filtered reads	3986928	3986928
	Percentage of HQ filtered reads	99.67%	99.67%


Detailed QC statistics
	File name	KU328820-15_A_L003_R1_036.trimmed.fastq.gz	KU328820-15_A_L003_R2_036.trimmed.fastq.gz
	Minimum read length	1	1
	Maximum read length	100	100
	Average read length	92.84	91.98
	Total number of reads	4000000	4000000
	Total number of reads with non-ATGC bases	186	4305
	Percentage of reads with non-ATGC bases	0.00%	0.11%
	Total number of bases	371365627	367917251
	Total number of HQ bases	369627821	366138865
	Percentage of HQ bases	99.53%	99.52%
	Total number of non-ATGC bases	186	4305
	Percentage of non-ATGC bases	0.00%	0.00%


Average quality score at each base position of input reads

KU328820-15_A_L003_R1_036.trimmed.fastq.gz
32.32	32.75	32.88	36.20	36.15	36.14	36.14	36.15	37.84	37.83	37.81	37.79	37.78	39.20	39.17	39.10	39.12	39.07	39.09	39.01	38.98	38.93	38.86	38.79	38.72	38.65	38.56	38.45	38.35	38.26	38.16	38.02	37.91	37.82	37.71	37.57	37.46	37.32	37.21	37.06	36.92	36.78	36.87	36.83	36.76	36.67	36.53	36.43	36.29	36.14	36.10	36.06	35.95	35.82	35.66	35.51	35.33	35.17	35.05	34.86	34.65	34.47	34.27	34.04	33.84	33.62	33.41	33.22	32.99	32.79	32.58	32.37	32.11	31.85	31.61	30.75	30.97	30.99	30.84	30.66	30.45	30.26	30.04	29.84	29.65	29.49	29.30	29.13	28.94	28.76	28.60	28.43	28.29	28.13	27.96	27.80	27.65	27.47	27.31	26.06	

KU328820-15_A_L003_R2_036.trimmed.fastq.gz
36.06	36.32	36.46	36.54	32.17	32.51	32.63	35.85	35.81	35.80	35.80	35.77	37.37	37.34	37.28	37.23	37.18	38.52	38.48	38.42	38.37	38.31	38.28	38.21	38.11	38.07	37.97	37.92	37.83	37.75	37.65	37.55	37.45	37.38	37.27	37.17	37.07	36.95	36.87	36.78	36.68	36.56	36.45	36.34	36.23	36.27	36.18	36.13	36.04	35.95	35.82	35.66	35.53	35.40	34.45	34.70	34.86	34.84	34.73	34.63	34.46	34.30	34.15	33.96	33.80	33.62	33.56	33.48	33.32	33.16	33.01	32.81	32.63	32.45	32.23	32.03	31.84	31.63	31.41	31.19	30.91	30.73	30.52	30.29	30.11	29.92	29.73	29.54	29.34	29.18	29.01	28.86	28.71	28.54	28.41	28.25	28.00	27.83	27.61	27.49	





Read count (%) per base for different quality score ranges

	KU328820-15_A_L003_R1_036.trimmed.fastq.gz
Ranges	0-10	11-20	21-30	31-40
Base
1	0.00	1.16	8.59	90.25
2	0.00	0.57	7.03	92.39
3	0.00	0.44	6.57	92.99
4	0.00	0.39	2.66	96.96
5	0.00	0.42	2.96	96.62
6	0.00	0.45	3.00	96.55
7	0.00	0.44	3.00	96.56
8	0.00	0.44	2.96	96.60
9	0.00	0.45	3.00	96.55
10	0.00	0.45	3.04	96.51
11	0.00	0.45	3.06	96.49
12	0.00	0.46	3.11	96.44
13	0.00	0.46	3.11	96.43
14	0.00	1.03	5.81	93.16
15	0.00	1.03	5.85	93.11
16	0.00	1.09	5.97	92.95
17	0.00	1.02	5.75	93.23
18	0.00	1.02	5.81	93.17
19	0.00	1.03	5.89	93.08
20	0.00	1.05	6.00	92.96
21	0.00	1.01	5.88	93.10
22	0.00	1.01	5.85	93.14
23	0.00	0.99	5.87	93.14
24	0.00	1.04	6.09	92.87
25	0.00	1.02	6.09	92.89
26	0.00	1.01	5.99	93.00
27	0.00	0.99	5.98	93.03
28	0.00	0.98	6.07	92.95
29	0.00	0.98	6.09	92.93
30	0.00	0.94	6.03	93.03
31	0.00	0.90	6.04	93.06
32	0.00	0.91	6.18	92.91
33	0.00	0.90	6.22	92.88
34	0.00	0.87	6.17	92.97
35	0.00	0.86	6.16	92.98
36	0.00	0.87	6.29	92.84
37	0.00	0.86	6.16	92.98
38	0.00	0.87	6.21	92.92
39	0.00	0.85	6.14	93.01
40	0.00	0.86	6.16	92.99
41	0.00	0.87	6.18	92.95
42	0.00	0.86	6.15	93.00
43	0.00	0.82	6.16	93.02
44	0.00	0.81	6.13	93.06
45	0.00	0.83	6.05	93.12
46	0.00	0.83	6.00	93.17
47	0.00	0.85	6.16	92.99
48	0.00	0.83	6.04	93.13
49	0.00	0.84	6.08	93.08
50	0.00	0.86	6.08	93.05
51	0.00	0.78	5.88	93.34
52	0.00	0.73	5.55	93.72
53	0.00	0.73	5.52	93.74
54	0.00	0.72	5.48	93.80
55	0.00	0.75	5.54	93.71
56	0.00	0.73	5.49	93.78
57	0.00	0.74	5.55	93.71
58	0.00	0.73	5.49	93.78
59	0.00	0.67	5.34	93.99
60	0.00	0.68	5.36	93.95
61	0.00	0.69	5.52	93.79
62	0.00	0.67	5.48	93.85
63	0.00	0.69	5.55	93.76
64	0.00	0.71	5.66	93.63
65	0.00	0.70	5.70	93.59
66	0.00	0.72	5.76	93.52
67	0.00	0.70	5.78	93.52
68	0.00	0.67	5.70	93.63
69	0.00	0.68	5.75	93.57
70	0.00	0.64	5.64	93.71
71	0.00	0.64	5.67	93.69
72	0.00	0.63	5.65	93.72
73	0.00	0.65	5.79	93.56
74	0.00	0.67	5.98	93.35
75	0.00	0.67	6.05	93.27
76	0.00	0.62	8.44	90.94
77	0.00	0.58	6.34	93.08
78	0.00	0.57	5.73	93.70
79	0.00	0.60	5.66	93.74
80	0.00	0.62	5.68	93.70
81	0.00	0.64	5.73	93.63
82	0.00	0.62	5.71	93.68
83	0.00	0.65	5.85	93.50
84	0.00	0.68	5.96	93.36
85	0.00	0.69	6.05	93.26
86	0.00	0.70	6.05	93.25
87	0.00	0.74	6.21	93.06
88	0.00	0.75	6.38	92.87
89	0.00	0.82	6.64	92.54
90	0.00	0.86	6.87	92.27
91	0.00	0.87	6.97	92.16
92	0.00	0.90	7.12	91.97
93	0.00	0.90	7.19	91.91
94	0.00	0.93	7.32	91.76
95	0.00	0.95	7.55	91.50
96	0.00	0.94	7.64	91.42
97	0.00	0.92	7.62	91.46
98	0.00	0.95	7.88	91.17
99	0.00	0.94	7.91	91.15
100	0.00	2.60	16.25	81.16


	KU328820-15_A_L003_R2_036.trimmed.fastq.gz
Ranges	0-10	11-20	21-30	31-40
Base
1	0.11	2.08	3.33	94.49
2	0.00	1.20	2.47	96.33
3	0.00	0.72	2.10	97.17
4	0.00	0.53	1.86	97.61
5	0.00	0.81	10.16	89.03
6	0.00	0.70	8.06	91.24
7	0.00	0.68	7.75	91.57
8	0.00	0.66	3.71	95.64
9	0.00	0.67	3.83	95.50
10	0.00	0.71	3.81	95.49
11	0.00	0.68	3.65	95.67
12	0.00	0.66	3.66	95.68
13	0.00	0.66	3.61	95.74
14	0.00	0.65	3.62	95.73
15	0.00	0.65	3.69	95.66
16	0.00	0.65	3.73	95.63
17	0.00	0.65	3.75	95.60
18	0.00	1.36	6.79	91.84
19	0.00	1.32	6.69	91.99
20	0.00	1.30	6.68	92.02
21	0.00	1.25	6.58	92.17
22	0.00	1.22	6.52	92.27
23	0.00	1.24	6.64	92.12
24	0.00	1.22	6.58	92.20
25	0.00	1.20	6.61	92.18
26	0.00	1.14	6.41	92.45
27	0.00	1.13	6.47	92.40
28	0.00	1.14	6.60	92.26
29	0.00	1.12	6.58	92.30
30	0.00	1.08	6.48	92.44
31	0.00	1.07	6.50	92.43
32	0.00	1.03	6.45	92.52
33	0.00	1.02	6.49	92.49
34	0.00	0.95	6.42	92.63
35	0.00	0.96	6.52	92.53
36	0.00	0.95	6.51	92.54
37	0.00	0.92	6.50	92.58
38	0.00	0.92	6.53	92.56
39	0.00	0.89	6.51	92.60
40	0.00	0.87	6.39	92.74
41	0.00	0.86	6.39	92.74
42	0.00	0.86	6.49	92.65
43	0.00	0.86	6.42	92.72
44	0.00	0.84	6.36	92.80
45	0.00	0.84	6.27	92.89
46	0.00	0.80	6.24	92.96
47	0.00	0.83	6.28	92.90
48	0.00	0.80	6.13	93.08
49	0.00	0.81	6.16	93.03
50	0.00	0.80	6.07	93.13
51	0.00	0.80	5.98	93.22
52	0.00	0.81	6.10	93.09
53	0.00	0.80	6.03	93.17
54	0.00	0.78	5.88	93.34
55	0.00	0.55	5.27	94.18
56	0.00	0.57	4.75	94.67
57	0.00	0.67	5.15	94.18
58	0.00	0.73	5.51	93.77
59	0.00	0.76	5.74	93.50
60	0.00	0.73	5.63	93.64
61	0.00	0.75	5.74	93.51
62	0.00	0.77	5.72	93.52
63	0.00	0.73	5.72	93.55
64	0.00	0.74	5.86	93.40
65	0.00	0.74	5.81	93.45
66	0.00	0.73	5.80	93.47
67	0.00	0.65	5.57	93.78
68	0.00	0.58	5.19	94.23
69	0.00	0.60	5.23	94.17
70	0.00	0.60	5.16	94.24
71	0.00	0.56	5.10	94.34
72	0.00	0.57	5.11	94.32
73	0.00	0.55	5.06	94.38
74	0.00	0.53	4.95	94.51
75	0.00	0.55	5.07	94.38
76	0.00	0.55	5.07	94.37
77	0.00	0.53	4.98	94.50
78	0.00	0.52	4.97	94.51
79	0.00	0.53	5.05	94.42
80	0.00	0.55	5.06	94.39
81	0.00	0.60	5.46	93.94
82	0.00	0.56	5.30	94.13
83	0.00	0.58	5.35	94.07
84	0.00	0.62	5.49	93.90
85	0.00	0.60	5.43	93.97
86	0.00	0.60	5.46	93.94
87	0.00	0.61	5.47	93.91
88	0.00	0.63	5.57	93.80
89	0.00	0.69	5.80	93.51
90	0.00	0.67	5.82	93.51
91	0.00	0.69	5.92	93.39
92	0.00	0.70	5.96	93.33
93	0.00	0.71	6.02	93.26
94	0.00	0.76	6.21	93.03
95	0.00	0.73	6.16	93.11
96	0.00	0.76	6.32	92.92
97	0.00	0.76	6.36	92.88
98	0.00	0.75	6.43	92.82
99	0.00	0.81	6.76	92.43
100	0.00	0.86	6.87	92.27




