Parameters
	Library type	Paired-end
	Input files	KU328820-15_A_L003_R1_003.trimmed.fastq.gz	KU328820-15_A_L003_R2_003.trimmed.fastq.gz
	Primer/Adaptor library	NA
	Cut-off read length for HQ	70%
	Cut-off quality score	20
	Only statistics	On
	Number of CPUs	2


QC statistics
	File name	KU328820-15_A_L003_R1_003.trimmed.fastq.gz	KU328820-15_A_L003_R2_003.trimmed.fastq.gz
	Total number of reads	4000000	4000000
	Total number of HQ reads	3987555	3987555
	Percentage of HQ reads	99.69%	99.69%
	Total number of bases	368703343	364153547
	Total number of bases in HQ reads	367967981	363966609
	Total number of HQ bases in HQ reads	366182994	362056426
	Percentage of HQ bases in HQ reads	99.51%	99.48%
	Number of Primer/Adaptor contaminated HQ reads	NA	NA
	Total number of HQ filtered reads	3987555	3987555
	Percentage of HQ filtered reads	99.69%	99.69%


Detailed QC statistics
	File name	KU328820-15_A_L003_R1_003.trimmed.fastq.gz	KU328820-15_A_L003_R2_003.trimmed.fastq.gz
	Minimum read length	1	1
	Maximum read length	100	100
	Average read length	92.18	91.04
	Total number of reads	4000000	4000000
	Total number of reads with non-ATGC bases	130	3913
	Percentage of reads with non-ATGC bases	0.00%	0.10%
	Total number of bases	368703343	364153547
	Total number of HQ bases	366890901	362189286
	Percentage of HQ bases	99.51%	99.46%
	Total number of non-ATGC bases	130	3913
	Percentage of non-ATGC bases	0.00%	0.00%


Average quality score at each base position of input reads

KU328820-15_A_L003_R1_003.trimmed.fastq.gz
32.24	32.67	32.78	36.13	36.06	36.07	36.08	36.06	37.74	37.72	37.70	37.68	37.68	39.07	39.04	38.97	38.97	38.90	38.92	38.86	38.78	38.76	38.69	38.62	38.52	38.43	38.36	38.29	38.17	38.02	37.93	37.81	37.68	37.58	37.46	37.31	37.20	37.08	36.96	36.80	36.64	36.49	36.59	36.52	36.42	36.28	36.21	36.09	35.97	35.81	35.80	35.66	35.51	35.34	35.19	35.07	34.92	34.79	34.60	34.40	34.22	34.04	33.79	33.60	33.42	33.19	32.96	32.74	32.51	32.21	31.98	31.76	31.49	31.00	30.90	29.83	30.26	30.38	30.30	30.16	29.98	29.78	29.59	29.39	29.20	28.98	28.82	28.67	28.52	28.32	28.15	28.00	27.82	27.69	27.55	27.42	27.24	27.10	26.95	25.86	

KU328820-15_A_L003_R2_003.trimmed.fastq.gz
35.94	36.26	36.39	36.50	32.36	32.59	32.63	35.75	35.75	35.73	35.72	35.69	37.22	37.18	37.14	37.08	37.03	38.32	38.24	38.20	38.12	38.01	38.01	37.94	37.87	37.77	37.67	37.61	37.50	37.39	37.31	37.23	37.11	37.02	36.91	36.75	36.60	36.53	36.43	36.35	36.21	36.10	36.00	35.88	35.73	35.71	35.64	35.55	35.44	35.35	35.21	35.01	34.86	34.68	33.61	33.94	34.16	34.18	34.10	33.99	33.82	33.67	33.51	33.32	33.13	32.96	32.91	32.80	32.66	32.51	32.34	32.13	31.96	31.79	31.54	31.36	31.14	30.90	30.68	30.51	30.25	30.09	29.88	29.67	29.46	29.25	29.05	28.86	28.67	28.51	28.35	28.20	28.02	27.86	27.71	27.58	27.27	27.08	26.91	26.76	





Read count (%) per base for different quality score ranges

	KU328820-15_A_L003_R1_003.trimmed.fastq.gz
Ranges	0-10	11-20	21-30	31-40
Base
1	0.00	1.12	9.32	89.56
2	0.00	0.57	7.58	91.85
3	0.00	0.45	7.37	92.17
4	0.00	0.40	2.91	96.70
5	0.00	0.45	3.36	96.19
6	0.00	0.46	3.25	96.29
7	0.00	0.45	3.24	96.31
8	0.00	0.47	3.34	96.19
9	0.00	0.47	3.35	96.18
10	0.00	0.49	3.41	96.10
11	0.00	0.48	3.46	96.06
12	0.00	0.49	3.47	96.04
13	0.00	0.48	3.47	96.05
14	0.00	1.02	6.06	92.92
15	0.00	1.03	6.11	92.86
16	0.00	1.08	6.24	92.68
17	0.00	1.04	6.13	92.83
18	0.00	1.08	6.29	92.63
19	0.00	1.05	6.28	92.67
20	0.00	1.08	6.26	92.66
21	0.00	1.08	6.35	92.57
22	0.00	1.02	6.21	92.76
23	0.00	1.03	6.28	92.69
24	0.00	1.07	6.47	92.46
25	0.00	1.07	6.43	92.50
26	0.00	1.09	6.43	92.48
27	0.00	1.05	6.35	92.60
28	0.00	0.99	6.30	92.71
29	0.00	1.00	6.41	92.59
30	0.00	1.02	6.59	92.39
31	0.00	0.95	6.43	92.61
32	0.00	0.96	6.54	92.50
33	0.00	0.95	6.64	92.41
34	0.00	0.93	6.61	92.46
35	0.00	0.93	6.59	92.48
36	0.00	0.93	6.74	92.33
37	0.00	0.91	6.62	92.47
38	0.00	0.89	6.56	92.55
39	0.00	0.88	6.51	92.61
40	0.00	0.90	6.61	92.49
41	0.00	0.92	6.66	92.42
42	0.00	0.92	6.68	92.41
43	0.00	0.83	6.51	92.66
44	0.00	0.86	6.44	92.70
45	0.00	0.88	6.45	92.67
46	0.00	0.92	6.57	92.52
47	0.00	0.85	6.36	92.79
48	0.00	0.87	6.39	92.74
49	0.00	0.89	6.37	92.74
50	0.00	0.89	6.45	92.67
51	0.00	0.79	6.09	93.12
52	0.00	0.80	6.06	93.14
53	0.00	0.83	6.08	93.09
54	0.00	0.81	6.01	93.18
55	0.00	0.79	6.02	93.19
56	0.00	0.76	5.89	93.35
57	0.00	0.75	5.82	93.43
58	0.00	0.72	5.67	93.61
59	0.00	0.73	5.72	93.55
60	0.00	0.73	5.81	93.46
61	0.00	0.72	5.78	93.49
62	0.00	0.71	5.79	93.50
63	0.00	0.76	6.02	93.22
64	0.00	0.73	5.96	93.31
65	0.00	0.70	5.88	93.42
66	0.00	0.73	6.01	93.26
67	0.00	0.74	6.07	93.19
68	0.00	0.72	6.09	93.19
69	0.00	0.73	6.15	93.12
70	0.00	0.68	6.03	93.29
71	0.00	0.69	6.06	93.25
72	0.00	0.68	6.11	93.21
73	0.00	0.72	6.33	92.95
74	0.00	0.88	7.59	91.53
75	0.00	0.75	6.81	92.44
76	0.00	0.74	10.63	88.63
77	0.00	0.59	7.04	92.37
78	0.00	0.58	6.02	93.40
79	0.00	0.58	5.70	93.72
80	0.00	0.57	5.50	93.93
81	0.00	0.58	5.53	93.88
82	0.00	0.60	5.58	93.82
83	0.00	0.62	5.69	93.69
84	0.00	0.64	5.81	93.55
85	0.00	0.68	5.96	93.36
86	0.00	0.75	6.36	92.89
87	0.00	0.74	6.32	92.94
88	0.00	0.75	6.37	92.88
89	0.00	0.76	6.41	92.84
90	0.00	0.84	6.81	92.35
91	0.00	0.87	7.02	92.11
92	0.00	0.91	7.13	91.96
93	0.00	0.96	7.40	91.64
94	0.00	0.94	7.37	91.69
95	0.00	0.92	7.38	91.70
96	0.00	0.90	7.34	91.76
97	0.00	0.95	7.62	91.43
98	0.00	0.90	7.70	91.40
99	0.00	0.93	7.75	91.32
100	0.00	2.34	14.94	82.72


	KU328820-15_A_L003_R2_003.trimmed.fastq.gz
Ranges	0-10	11-20	21-30	31-40
Base
1	0.10	2.22	3.96	93.72
2	0.00	1.16	2.87	95.97
3	0.00	0.78	2.43	96.78
4	0.00	0.60	2.14	97.25
5	0.00	0.83	9.53	89.64
6	0.00	0.77	8.45	90.78
7	0.00	0.75	8.37	90.88
8	0.00	0.76	4.31	94.93
9	0.00	0.74	4.22	95.04
10	0.00	0.78	4.23	94.99
11	0.00	0.77	4.15	95.07
12	0.00	0.77	4.18	95.05
13	0.00	0.76	4.18	95.06
14	0.00	0.77	4.25	94.98
15	0.00	0.76	4.22	95.02
16	0.00	0.76	4.30	94.94
17	0.00	0.75	4.26	94.99
18	0.00	1.43	7.05	91.52
19	0.00	1.41	7.14	91.45
20	0.00	1.38	7.03	91.59
21	0.00	1.38	7.05	91.57
22	0.00	1.37	7.08	91.55
23	0.00	1.34	7.03	91.63
24	0.00	1.32	6.97	91.71
25	0.00	1.27	6.92	91.81
26	0.00	1.25	6.90	91.85
27	0.00	1.24	6.87	91.89
28	0.00	1.24	7.03	91.74
29	0.00	1.23	7.05	91.72
30	0.00	1.21	6.99	91.80
31	0.00	1.15	6.92	91.93
32	0.00	1.08	6.82	92.09
33	0.00	1.09	6.91	92.01
34	0.00	1.03	6.80	92.17
35	0.00	1.00	6.88	92.12
36	0.00	1.04	7.04	91.92
37	0.00	1.05	7.15	91.81
38	0.00	0.96	6.93	92.11
39	0.00	0.95	6.89	92.16
40	0.00	0.93	6.75	92.32
41	0.00	0.94	6.86	92.19
42	0.00	0.93	6.81	92.26
43	0.00	0.91	6.66	92.43
44	0.00	0.90	6.67	92.43
45	0.00	0.92	6.72	92.36
46	0.00	0.91	6.84	92.25
47	0.00	0.89	6.70	92.41
48	0.00	0.88	6.67	92.45
49	0.00	0.88	6.64	92.48
50	0.00	0.87	6.56	92.57
51	0.00	0.84	6.39	92.78
52	0.00	0.90	6.58	92.52
53	0.00	0.89	6.50	92.61
54	0.00	0.89	6.52	92.59
55	0.00	0.61	6.09	93.30
56	0.00	0.61	5.12	94.26
57	0.00	0.68	5.37	93.94
58	0.00	0.74	5.72	93.54
59	0.00	0.77	5.90	93.34
60	0.00	0.74	5.82	93.44
61	0.00	0.79	5.88	93.33
62	0.00	0.76	5.92	93.32
63	0.00	0.75	6.00	93.25
64	0.00	0.77	6.02	93.21
65	0.00	0.76	6.12	93.12
66	0.00	0.75	6.09	93.15
67	0.00	0.64	5.76	93.60
68	0.00	0.63	5.52	93.85
69	0.00	0.62	5.46	93.92
70	0.00	0.60	5.37	94.02
71	0.00	0.59	5.38	94.03
72	0.00	0.63	5.52	93.85
73	0.00	0.59	5.37	94.04
74	0.00	0.57	5.32	94.11
75	0.00	0.61	5.52	93.87
76	0.00	0.58	5.44	93.98
77	0.00	0.59	5.50	93.91
78	0.00	0.61	5.62	93.77
79	0.00	0.61	5.62	93.77
80	0.00	0.57	5.45	93.98
81	0.00	0.61	5.71	93.68
82	0.00	0.56	5.47	93.97
83	0.00	0.58	5.52	93.89
84	0.00	0.60	5.57	93.83
85	0.00	0.62	5.74	93.64
86	0.00	0.64	5.88	93.48
87	0.00	0.66	5.98	93.36
88	0.00	0.69	6.04	93.27
89	0.00	0.72	6.20	93.09
90	0.00	0.72	6.24	93.04
91	0.00	0.72	6.25	93.03
92	0.00	0.73	6.29	92.97
93	0.00	0.79	6.52	92.69
94	0.00	0.80	6.62	92.57
95	0.00	0.82	6.72	92.46
96	0.00	0.79	6.65	92.56
97	0.00	0.77	6.64	92.59
98	0.00	0.78	6.74	92.48
99	0.00	0.79	6.82	92.39
100	0.00	0.92	7.20	91.89




