Parameters
	Library type	Paired-end
	Input files	KU328820-15_A_L003_R1_005.trimmed.fastq.gz	KU328820-15_A_L003_R2_005.trimmed.fastq.gz
	Primer/Adaptor library	NA
	Cut-off read length for HQ	70%
	Cut-off quality score	20
	Only statistics	On
	Number of CPUs	2


QC statistics
	File name	KU328820-15_A_L003_R1_005.trimmed.fastq.gz	KU328820-15_A_L003_R2_005.trimmed.fastq.gz
	Total number of reads	4000000	4000000
	Total number of HQ reads	3983359	3983359
	Percentage of HQ reads	99.58%	99.58%
	Total number of bases	366008185	357842165
	Total number of bases in HQ reads	365070612	357588735
	Total number of HQ bases in HQ reads	363080550	355352583
	Percentage of HQ bases in HQ reads	99.45%	99.37%
	Number of Primer/Adaptor contaminated HQ reads	NA	NA
	Total number of HQ filtered reads	3983359	3983359
	Percentage of HQ filtered reads	99.58%	99.58%


Detailed QC statistics
	File name	KU328820-15_A_L003_R1_005.trimmed.fastq.gz	KU328820-15_A_L003_R2_005.trimmed.fastq.gz
	Minimum read length	1	1
	Maximum read length	100	100
	Average read length	91.50	89.46
	Total number of reads	4000000	4000000
	Total number of reads with non-ATGC bases	136	4250
	Percentage of reads with non-ATGC bases	0.00%	0.11%
	Total number of bases	366008185	357842165
	Total number of HQ bases	363979441	355525442
	Percentage of HQ bases	99.45%	99.35%
	Total number of non-ATGC bases	136	4250
	Percentage of non-ATGC bases	0.00%	0.00%


Average quality score at each base position of input reads

KU328820-15_A_L003_R1_005.trimmed.fastq.gz
32.06	32.50	32.66	36.01	35.94	35.93	35.94	35.94	37.54	37.53	37.51	37.48	37.49	38.82	38.77	38.73	38.70	38.64	38.66	38.60	38.54	38.47	38.39	38.32	38.23	38.13	38.03	37.92	37.84	37.72	37.57	37.44	37.35	37.24	37.10	36.97	36.81	36.65	36.54	36.42	36.26	36.11	36.14	36.09	36.02	35.89	35.82	35.64	35.52	35.39	35.37	35.23	35.10	34.92	34.82	34.62	34.47	34.28	34.07	33.87	33.67	33.50	33.32	33.12	32.89	32.69	32.49	32.19	31.93	31.64	31.42	31.20	30.91	30.44	30.38	29.31	29.73	29.87	29.79	29.63	29.46	29.25	29.04	28.82	28.62	28.47	28.33	28.16	28.00	27.78	27.63	27.52	27.28	27.16	27.03	26.88	26.74	26.60	26.45	25.31	

KU328820-15_A_L003_R2_005.trimmed.fastq.gz
35.71	36.10	36.26	36.38	32.14	32.36	32.38	35.51	35.49	35.46	35.43	35.38	36.84	36.77	36.74	36.63	36.61	37.79	37.70	37.62	37.54	37.48	37.44	37.34	37.23	37.16	37.06	36.96	36.85	36.74	36.63	36.54	36.42	36.26	36.15	36.05	35.93	35.78	35.60	35.53	35.43	35.32	35.19	35.03	34.91	34.94	34.83	34.71	34.59	34.47	34.30	34.10	33.92	33.77	32.71	33.04	33.26	33.28	33.16	33.01	32.84	32.69	32.42	32.28	32.09	31.94	31.87	31.77	31.64	31.50	31.27	31.11	30.94	30.76	30.58	30.37	30.15	29.93	29.69	29.49	29.28	29.05	28.85	28.62	28.43	28.26	28.07	27.89	27.72	27.55	27.37	27.22	27.03	26.90	26.75	26.62	26.36	26.17	25.97	25.83	





Read count (%) per base for different quality score ranges

	KU328820-15_A_L003_R1_005.trimmed.fastq.gz
Ranges	0-10	11-20	21-30	31-40
Base
1	0.00	1.30	10.73	87.97
2	0.00	0.69	9.04	90.27
3	0.00	0.54	8.39	91.07
4	0.00	0.47	3.49	96.04
5	0.00	0.52	3.94	95.54
6	0.00	0.55	3.92	95.53
7	0.00	0.54	3.90	95.56
8	0.00	0.55	3.84	95.62
9	0.00	0.57	3.99	95.43
10	0.00	0.57	4.00	95.43
11	0.00	0.58	4.04	95.38
12	0.00	0.60	4.15	95.26
13	0.00	0.57	4.06	95.37
14	0.00	1.14	6.65	92.21
15	0.00	1.17	6.69	92.14
16	0.00	1.16	6.75	92.09
17	0.00	1.15	6.73	92.11
18	0.00	1.18	6.81	92.02
19	0.00	1.17	6.81	92.02
20	0.00	1.17	6.84	91.99
21	0.00	1.18	6.82	92.01
22	0.00	1.17	6.84	91.99
23	0.00	1.16	6.88	91.96
24	0.00	1.19	7.06	91.75
25	0.00	1.18	7.05	91.77
26	0.00	1.19	7.03	91.79
27	0.00	1.16	6.98	91.85
28	0.00	1.14	7.03	91.83
29	0.00	1.09	6.97	91.94
30	0.00	1.08	7.03	91.89
31	0.00	1.08	7.17	91.75
32	0.00	1.07	7.28	91.65
33	0.00	1.04	7.15	91.81
34	0.00	1.02	7.20	91.78
35	0.00	1.01	7.26	91.73
36	0.00	1.01	7.27	91.72
37	0.00	1.01	7.32	91.67
38	0.00	1.03	7.35	91.62
39	0.00	0.98	7.17	91.86
40	0.00	0.96	7.08	91.95
41	0.00	0.98	7.14	91.88
42	0.00	0.98	7.09	91.93
43	0.00	0.95	7.19	91.85
44	0.00	0.93	7.04	92.03
45	0.00	0.93	6.97	92.10
46	0.00	0.95	7.01	92.04
47	0.00	0.90	6.78	92.32
48	0.00	0.97	7.06	91.97
49	0.00	0.92	6.88	92.20
50	0.00	0.94	6.83	92.23
51	0.00	0.84	6.55	92.62
52	0.00	0.85	6.48	92.66
53	0.00	0.83	6.38	92.79
54	0.00	0.85	6.45	92.70
55	0.00	0.80	6.24	92.97
56	0.00	0.83	6.33	92.84
57	0.00	0.80	6.18	93.02
58	0.00	0.81	6.27	92.91
59	0.00	0.82	6.35	92.83
60	0.00	0.81	6.38	92.81
61	0.00	0.81	6.42	92.77
62	0.00	0.78	6.31	92.91
63	0.00	0.75	6.23	93.02
64	0.00	0.75	6.30	92.95
65	0.00	0.76	6.36	92.87
66	0.00	0.76	6.37	92.87
67	0.00	0.73	6.38	92.88
68	0.00	0.79	6.66	92.55
69	0.00	0.79	6.88	92.33
70	0.00	0.77	6.80	92.44
71	0.00	0.74	6.72	92.54
72	0.00	0.76	6.75	92.49
73	0.00	0.79	7.07	92.14
74	0.00	0.98	8.27	90.75
75	0.00	0.77	7.26	91.97
76	0.00	0.79	11.32	87.88
77	0.00	0.62	7.64	91.74
78	0.00	0.60	6.46	92.94
79	0.00	0.61	6.16	93.23
80	0.00	0.63	6.07	93.30
81	0.00	0.62	6.04	93.34
82	0.00	0.66	6.19	93.14
83	0.00	0.70	6.44	92.86
84	0.00	0.75	6.63	92.61
85	0.00	0.78	6.85	92.37
86	0.00	0.75	6.77	92.48
87	0.00	0.75	6.67	92.58
88	0.00	0.79	6.82	92.39
89	0.00	0.82	6.95	92.23
90	0.00	0.92	7.51	91.57
91	0.00	0.92	7.62	91.46
92	0.00	0.89	7.47	91.64
93	0.00	1.06	8.15	90.79
94	0.00	0.99	8.08	90.92
95	0.00	1.00	8.02	90.97
96	0.00	1.00	8.09	90.92
97	0.00	0.97	8.06	90.96
98	0.00	0.93	8.12	90.94
99	0.00	0.95	8.18	90.87
100	0.00	2.54	15.86	81.60


	KU328820-15_A_L003_R2_005.trimmed.fastq.gz
Ranges	0-10	11-20	21-30	31-40
Base
1	0.11	2.70	4.89	92.30
2	0.00	1.43	3.62	94.95
3	0.00	0.97	3.05	95.98
4	0.00	0.77	2.71	96.52
5	0.00	1.08	11.30	87.62
6	0.00	1.02	10.13	88.85
7	0.00	1.01	10.18	88.81
8	0.00	0.98	5.22	93.80
9	0.00	0.98	5.21	93.81
10	0.00	1.03	5.21	93.76
11	0.00	1.02	5.16	93.82
12	0.00	1.03	5.23	93.74
13	0.00	1.01	5.23	93.77
14	0.00	1.01	5.31	93.68
15	0.00	0.97	5.22	93.82
16	0.00	1.01	5.40	93.59
17	0.00	0.94	5.20	93.85
18	0.00	1.68	8.12	90.20
19	0.00	1.67	8.16	90.17
20	0.00	1.62	8.06	90.33
21	0.00	1.61	7.96	90.43
22	0.00	1.52	7.82	90.67
23	0.00	1.53	7.90	90.57
24	0.00	1.51	7.86	90.63
25	0.00	1.47	7.85	90.68
26	0.00	1.42	7.70	90.88
27	0.00	1.37	7.64	90.99
28	0.00	1.45	7.91	90.64
29	0.00	1.38	7.83	90.79
30	0.00	1.34	7.74	90.92
31	0.00	1.31	7.71	90.98
32	0.00	1.23	7.59	91.18
33	0.00	1.19	7.50	91.31
34	0.00	1.20	7.71	91.09
35	0.00	1.15	7.66	91.19
36	0.00	1.10	7.57	91.33
37	0.00	1.10	7.65	91.26
38	0.00	1.10	7.68	91.22
39	0.00	1.11	7.82	91.07
40	0.00	1.06	7.61	91.34
41	0.00	1.02	7.51	91.47
42	0.00	1.01	7.49	91.50
43	0.00	1.01	7.46	91.53
44	0.00	1.04	7.53	91.44
45	0.00	1.01	7.47	91.51
46	0.00	0.95	7.28	91.77
47	0.00	0.96	7.37	91.67
48	0.00	0.99	7.36	91.65
49	0.00	0.99	7.33	91.68
50	0.00	0.99	7.25	91.77
51	0.00	0.96	7.14	91.90
52	0.00	0.96	7.19	91.84
53	0.00	0.99	7.23	91.79
54	0.00	0.97	7.12	91.92
55	0.00	0.69	6.86	92.45
56	0.00	0.67	5.68	93.65
57	0.00	0.72	5.82	93.46
58	0.00	0.77	6.12	93.11
59	0.00	0.84	6.44	92.72
60	0.00	0.85	6.56	92.59
61	0.00	0.86	6.56	92.57
62	0.00	0.84	6.50	92.66
63	0.00	0.91	6.95	92.14
64	0.00	0.84	6.71	92.45
65	0.00	0.87	6.81	92.33
66	0.00	0.81	6.65	92.55
67	0.00	0.72	6.36	92.92
68	0.00	0.68	6.07	93.25
69	0.00	0.66	5.90	93.44
70	0.00	0.63	5.77	93.59
71	0.00	0.70	6.08	93.22
72	0.00	0.66	5.92	93.42
73	0.00	0.63	5.81	93.56
74	0.00	0.62	5.82	93.56
75	0.00	0.61	5.75	93.64
76	0.00	0.61	5.80	93.59
77	0.00	0.62	5.90	93.47
78	0.00	0.63	6.00	93.36
79	0.00	0.66	6.17	93.17
80	0.00	0.64	6.14	93.22
81	0.00	0.64	6.17	93.20
82	0.00	0.66	6.27	93.06
83	0.00	0.66	6.29	93.05
84	0.00	0.70	6.49	92.81
85	0.00	0.69	6.47	92.84
86	0.00	0.69	6.38	92.94
87	0.00	0.70	6.46	92.84
88	0.00	0.71	6.49	92.80
89	0.00	0.73	6.54	92.73
90	0.00	0.76	6.67	92.57
91	0.00	0.79	6.79	92.42
92	0.00	0.80	6.86	92.34
93	0.00	0.86	7.17	91.97
94	0.00	0.83	7.08	92.09
95	0.00	0.84	7.11	92.05
96	0.00	0.84	7.14	92.02
97	0.00	0.80	7.01	92.19
98	0.00	0.82	7.14	92.04
99	0.00	0.86	7.37	91.76
100	0.00	0.99	7.77	91.24




