Parameters
	Library type	Paired-end
	Input files	KU328820-15_A_L003_R1_037.trimmed.fastq.gz	KU328820-15_A_L003_R2_037.trimmed.fastq.gz
	Primer/Adaptor library	NA
	Cut-off read length for HQ	70%
	Cut-off quality score	20
	Only statistics	On
	Number of CPUs	2


QC statistics
	File name	KU328820-15_A_L003_R1_037.trimmed.fastq.gz	KU328820-15_A_L003_R2_037.trimmed.fastq.gz
	Total number of reads	4000000	4000000
	Total number of HQ reads	3983893	3983893
	Percentage of HQ reads	99.60%	99.60%
	Total number of bases	367629714	360861173
	Total number of bases in HQ reads	366732362	360606826
	Total number of HQ bases in HQ reads	364773196	358431743
	Percentage of HQ bases in HQ reads	99.47%	99.40%
	Number of Primer/Adaptor contaminated HQ reads	NA	NA
	Total number of HQ filtered reads	3983893	3983893
	Percentage of HQ filtered reads	99.60%	99.60%


Detailed QC statistics
	File name	KU328820-15_A_L003_R1_037.trimmed.fastq.gz	KU328820-15_A_L003_R2_037.trimmed.fastq.gz
	Minimum read length	1	1
	Maximum read length	100	100
	Average read length	91.91	90.22
	Total number of reads	4000000	4000000
	Total number of reads with non-ATGC bases	210	4545
	Percentage of reads with non-ATGC bases	0.01%	0.11%
	Total number of bases	367629714	360861173
	Total number of HQ bases	365633446	358612909
	Percentage of HQ bases	99.46%	99.38%
	Total number of non-ATGC bases	210	4545
	Percentage of non-ATGC bases	0.00%	0.00%


Average quality score at each base position of input reads

KU328820-15_A_L003_R1_037.trimmed.fastq.gz
32.07	32.56	32.71	36.08	36.02	36.02	36.03	36.02	37.69	37.66	37.65	37.63	37.60	38.93	38.92	38.90	38.85	38.82	38.84	38.78	38.71	38.61	38.58	38.51	38.45	38.33	38.23	38.13	38.04	37.92	37.80	37.66	37.55	37.43	37.32	37.18	37.00	36.88	36.76	36.61	36.48	36.27	36.41	36.37	36.29	36.18	36.06	35.89	35.77	35.62	35.56	35.48	35.36	35.22	35.07	34.94	34.77	34.59	34.41	34.22	34.03	33.85	33.64	33.43	33.24	33.04	32.81	32.58	32.31	32.10	31.89	31.67	31.38	31.15	30.91	30.04	30.20	30.22	30.10	29.95	29.74	29.48	29.26	29.07	28.87	28.70	28.49	28.33	28.12	27.96	27.75	27.59	27.42	27.25	27.07	26.91	26.74	26.55	26.37	25.05	

KU328820-15_A_L003_R2_037.trimmed.fastq.gz
35.55	36.09	36.30	36.41	32.00	32.07	32.42	35.58	35.57	35.57	35.58	35.60	37.04	37.03	36.94	36.94	36.85	38.08	38.01	37.95	37.87	37.78	37.73	37.63	37.58	37.48	37.38	37.34	37.21	37.13	37.03	36.91	36.81	36.71	36.61	36.50	36.36	36.27	36.17	36.04	35.94	35.80	35.64	35.58	35.44	35.48	35.33	35.25	35.14	35.05	34.90	34.71	34.53	34.33	33.41	33.65	33.81	33.82	33.72	33.57	33.41	33.23	33.08	32.92	32.71	32.53	32.47	32.34	32.21	32.05	31.88	31.70	31.50	31.31	31.10	30.90	30.70	30.46	30.23	30.03	29.80	29.59	29.34	29.16	28.94	28.73	28.55	28.38	28.20	28.01	27.85	27.70	27.54	27.37	26.47	26.33	26.10	25.93	25.72	25.62	





Read count (%) per base for different quality score ranges

	KU328820-15_A_L003_R1_037.trimmed.fastq.gz
Ranges	0-10	11-20	21-30	31-40
Base
1	0.01	1.55	10.01	88.44
2	0.00	0.75	8.38	90.87
3	0.00	0.55	7.90	91.55
4	0.00	0.45	3.11	96.44
5	0.00	0.48	3.53	96.00
6	0.00	0.50	3.50	96.00
7	0.00	0.48	3.46	96.06
8	0.00	0.49	3.52	95.99
9	0.00	0.48	3.46	96.06
10	0.00	0.50	3.59	95.90
11	0.00	0.50	3.59	95.92
12	0.00	0.51	3.63	95.86
13	0.00	0.52	3.70	95.79
14	0.00	1.10	6.41	92.49
15	0.00	1.07	6.32	92.61
16	0.00	1.06	6.28	92.65
17	0.00	1.08	6.37	92.55
18	0.00	1.05	6.28	92.66
19	0.00	1.08	6.32	92.60
20	0.00	1.08	6.38	92.54
21	0.00	1.11	6.44	92.45
22	0.00	1.11	6.54	92.35
23	0.00	1.07	6.33	92.61
24	0.00	1.10	6.54	92.36
25	0.00	1.07	6.51	92.42
26	0.00	1.10	6.56	92.34
27	0.00	1.10	6.55	92.36
28	0.00	1.07	6.56	92.38
29	0.00	1.04	6.56	92.40
30	0.00	1.02	6.58	92.40
31	0.00	1.02	6.68	92.31
32	0.00	0.99	6.77	92.24
33	0.00	0.97	6.74	92.29
34	0.00	0.96	6.75	92.29
35	0.00	0.95	6.74	92.31
36	0.00	0.95	6.78	92.28
37	0.00	0.98	6.90	92.12
38	0.00	0.95	6.81	92.24
39	0.00	0.93	6.75	92.31
40	0.00	0.94	6.79	92.27
41	0.00	0.93	6.70	92.38
42	0.00	0.98	6.92	92.10
43	0.00	0.87	6.63	92.50
44	0.00	0.88	6.60	92.52
45	0.00	0.88	6.56	92.56
46	0.00	0.89	6.58	92.53
47	0.00	0.90	6.57	92.53
48	0.00	0.93	6.76	92.31
49	0.00	0.92	6.66	92.42
50	0.00	0.94	6.66	92.41
51	0.00	0.85	6.43	92.72
52	0.00	0.83	6.22	92.95
53	0.00	0.82	6.15	93.03
54	0.00	0.81	6.08	93.11
55	0.00	0.81	6.09	93.10
56	0.00	0.78	5.96	93.26
57	0.00	0.78	5.97	93.25
58	0.00	0.81	5.96	93.24
59	0.00	0.77	5.97	93.25
60	0.00	0.76	5.96	93.28
61	0.00	0.75	6.00	93.25
62	0.00	0.75	5.95	93.30
63	0.00	0.76	6.08	93.16
64	0.00	0.73	6.11	93.15
65	0.00	0.73	6.08	93.19
66	0.00	0.73	6.11	93.16
67	0.00	0.75	6.23	93.02
68	0.00	0.74	6.34	92.93
69	0.00	0.78	6.58	92.64
70	0.00	0.74	6.48	92.78
71	0.00	0.72	6.38	92.90
72	0.00	0.72	6.43	92.85
73	0.00	0.77	6.74	92.48
74	0.00	0.75	6.74	92.51
75	0.00	0.75	6.78	92.47
76	0.00	0.74	9.48	89.77
77	0.00	0.71	7.51	91.78
78	0.00	0.68	6.75	92.57
79	0.00	0.68	6.50	92.82
80	0.00	0.66	6.30	93.04
81	0.00	0.70	6.42	92.88
82	0.00	0.77	6.77	92.46
83	0.00	0.78	6.91	92.31
84	0.00	0.79	6.89	92.32
85	0.00	0.82	6.99	92.19
86	0.00	0.82	7.01	92.17
87	0.00	0.88	7.30	91.82
88	0.00	0.88	7.32	91.81
89	0.00	0.95	7.64	91.41
90	0.00	0.96	7.71	91.33
91	0.00	1.03	8.09	90.88
92	0.00	1.04	8.14	90.82
93	0.00	1.07	8.30	90.63
94	0.00	1.08	8.41	90.51
95	0.00	1.11	8.61	90.28
96	0.00	1.08	8.53	90.40
97	0.00	1.06	8.62	90.32
98	0.00	1.08	8.85	90.08
99	0.00	1.09	8.98	89.93
100	0.00	2.92	17.64	79.44


	KU328820-15_A_L003_R2_037.trimmed.fastq.gz
Ranges	0-10	11-20	21-30	31-40
Base
1	0.11	3.08	6.03	90.77
2	0.00	1.47	3.32	95.20
3	0.00	0.90	2.71	96.39
4	0.00	0.71	2.43	96.86
5	0.00	1.22	12.33	86.45
6	0.00	2.19	11.05	86.76
7	0.00	1.23	10.38	88.39
8	0.00	1.02	4.71	94.27
9	0.00	1.01	4.81	94.17
10	0.00	1.02	4.71	94.27
11	0.00	0.94	4.55	94.51
12	0.00	0.89	4.54	94.57
13	0.00	0.90	4.69	94.41
14	0.00	0.85	4.56	94.59
15	0.00	0.87	4.72	94.41
16	0.00	0.81	4.48	94.70
17	0.00	0.82	4.63	94.55
18	0.00	1.52	7.46	91.02
19	0.00	1.50	7.43	91.08
20	0.00	1.46	7.35	91.20
21	0.00	1.43	7.33	91.24
22	0.00	1.40	7.32	91.27
23	0.00	1.41	7.45	91.14
24	0.00	1.38	7.42	91.21
25	0.00	1.31	7.22	91.48
26	0.00	1.30	7.22	91.48
27	0.00	1.26	7.14	91.60
28	0.00	1.26	7.20	91.54
29	0.00	1.25	7.32	91.43
30	0.00	1.20	7.19	91.61
31	0.00	1.17	7.12	91.71
32	0.00	1.16	7.18	91.66
33	0.00	1.11	7.11	91.78
34	0.00	1.06	7.08	91.86
35	0.00	1.05	7.09	91.87
36	0.00	1.03	7.11	91.87
37	0.00	1.01	7.21	91.77
38	0.00	0.97	7.11	91.91
39	0.00	0.98	7.10	91.93
40	0.00	0.97	7.16	91.86
41	0.00	0.95	7.04	92.01
42	0.00	0.97	7.16	91.87
43	0.00	0.99	7.26	91.75
44	0.00	0.92	6.95	92.13
45	0.00	0.95	7.00	92.05
46	0.00	0.88	6.89	92.23
47	0.00	1.09	7.05	91.86
48	0.00	0.96	6.90	92.14
49	0.00	0.92	6.79	92.29
50	0.00	0.91	6.64	92.45
51	0.00	0.91	6.72	92.37
52	0.00	0.94	6.80	92.25
53	0.00	0.95	6.93	92.12
54	0.00	0.91	6.78	92.31
55	0.00	0.64	6.16	93.20
56	0.00	0.67	5.46	93.87
57	0.00	0.73	5.75	93.51
58	0.00	0.76	5.89	93.35
59	0.00	0.79	6.09	93.12
60	0.00	0.84	6.22	92.94
61	0.00	0.83	6.27	92.90
62	0.00	0.82	6.31	92.87
63	0.00	0.80	6.29	92.91
64	0.00	0.78	6.26	92.96
65	0.00	0.82	6.45	92.73
66	0.00	0.81	6.38	92.81
67	0.00	0.71	6.11	93.19
68	0.00	0.70	5.94	93.36
69	0.00	0.67	5.82	93.52
70	0.00	0.65	5.73	93.62
71	0.00	0.65	5.75	93.60
72	0.00	0.63	5.64	93.73
73	0.00	0.63	5.73	93.63
74	0.00	0.63	5.74	93.63
75	0.00	0.62	5.75	93.63
76	0.00	0.61	5.76	93.63
77	0.00	0.60	5.76	93.64
78	0.00	0.63	5.92	93.45
79	0.00	0.66	5.99	93.36
80	0.00	0.64	5.91	93.45
81	0.00	0.64	6.06	93.30
82	0.00	0.65	6.09	93.26
83	0.00	0.71	6.32	92.97
84	0.00	0.67	6.23	93.11
85	0.00	0.72	6.41	92.88
86	0.00	0.75	6.57	92.68
87	0.00	0.74	6.54	92.72
88	0.00	0.73	6.49	92.78
89	0.00	0.75	6.53	92.72
90	0.00	0.79	6.75	92.46
91	0.00	0.79	6.74	92.47
92	0.00	0.80	6.77	92.43
93	0.00	0.81	6.85	92.34
94	0.00	0.84	6.99	92.17
95	0.00	0.85	7.07	92.08
96	0.00	0.85	7.10	92.06
97	0.00	0.83	7.04	92.12
98	0.00	0.83	7.17	92.00
99	0.00	0.89	7.48	91.64
100	0.00	0.92	7.49	91.59




