Parameters
	Library type	Paired-end
	Input files	KU328820-15_A_L003_R1_017.trimmed.fastq.gz	KU328820-15_A_L003_R2_017.trimmed.fastq.gz
	Primer/Adaptor library	NA
	Cut-off read length for HQ	70%
	Cut-off quality score	20
	Only statistics	On
	Number of CPUs	2


QC statistics
	File name	KU328820-15_A_L003_R1_017.trimmed.fastq.gz	KU328820-15_A_L003_R2_017.trimmed.fastq.gz
	Total number of reads	4000000	4000000
	Total number of HQ reads	3988740	3988740
	Percentage of HQ reads	99.72%	99.72%
	Total number of bases	369478448	368617204
	Total number of bases in HQ reads	368791926	368464370
	Total number of HQ bases in HQ reads	367105054	366835880
	Percentage of HQ bases in HQ reads	99.54%	99.56%
	Number of Primer/Adaptor contaminated HQ reads	NA	NA
	Total number of HQ filtered reads	3988740	3988740
	Percentage of HQ filtered reads	99.72%	99.72%


Detailed QC statistics
	File name	KU328820-15_A_L003_R1_017.trimmed.fastq.gz	KU328820-15_A_L003_R2_017.trimmed.fastq.gz
	Minimum read length	1	1
	Maximum read length	100	100
	Average read length	92.37	92.15
	Total number of reads	4000000	4000000
	Total number of reads with non-ATGC bases	93	3826
	Percentage of reads with non-ATGC bases	0.00%	0.10%
	Total number of bases	369478448	368617204
	Total number of HQ bases	367768330	366941316
	Percentage of HQ bases	99.54%	99.55%
	Total number of non-ATGC bases	93	3826
	Percentage of non-ATGC bases	0.00%	0.00%


Average quality score at each base position of input reads

KU328820-15_A_L003_R1_017.trimmed.fastq.gz
32.55	32.94	33.05	36.33	36.28	36.26	36.25	36.26	37.99	37.97	37.97	37.94	37.94	39.42	39.38	39.33	39.31	39.27	39.25	39.21	39.16	39.07	38.99	38.95	38.89	38.78	38.66	38.58	38.49	38.37	38.24	38.14	38.04	37.93	37.80	37.67	37.52	37.40	37.23	37.08	36.93	36.81	36.84	36.78	36.73	36.62	36.47	36.30	36.20	36.03	36.10	36.08	35.96	35.83	35.70	35.52	35.36	35.17	34.99	34.82	34.64	34.45	34.24	34.04	33.85	33.61	33.42	33.17	32.92	32.52	32.23	31.99	31.72	31.15	31.03	30.01	30.37	30.47	30.39	30.20	29.98	29.77	29.56	29.30	29.11	28.91	28.71	28.53	28.32	28.14	27.97	27.81	27.59	27.43	27.27	27.10	26.89	26.70	26.50	25.26	

KU328820-15_A_L003_R2_017.trimmed.fastq.gz
36.08	36.36	36.46	36.56	32.56	32.79	32.85	36.00	35.98	35.97	35.96	35.93	37.54	37.52	37.48	37.42	37.38	38.77	38.72	38.65	38.55	38.48	38.46	38.45	38.33	38.29	38.21	38.14	38.04	37.97	37.87	37.78	37.68	37.56	37.48	37.37	37.28	37.13	37.07	36.94	36.88	36.71	36.61	36.49	36.42	36.43	36.33	36.25	36.13	36.04	35.92	35.75	35.59	35.46	34.44	34.73	34.93	34.95	34.86	34.72	34.59	34.43	34.25	34.09	33.89	33.69	33.70	33.62	33.48	33.33	33.13	32.93	32.79	32.60	32.41	32.19	31.97	31.72	31.51	31.31	31.09	30.84	30.64	30.43	30.18	29.99	29.79	29.62	29.42	29.26	29.09	28.93	28.75	28.60	28.45	28.30	27.93	27.71	27.48	27.36	





Read count (%) per base for different quality score ranges

	KU328820-15_A_L003_R1_017.trimmed.fastq.gz
Ranges	0-10	11-20	21-30	31-40
Base
1	0.00	0.88	7.35	91.77
2	0.00	0.42	5.95	93.63
3	0.00	0.32	5.45	94.22
4	0.00	0.29	2.20	97.51
5	0.00	0.32	2.46	97.22
6	0.00	0.36	2.55	97.09
7	0.00	0.36	2.60	97.04
8	0.00	0.35	2.53	97.12
9	0.00	0.36	2.58	97.06
10	0.00	0.36	2.61	97.02
11	0.00	0.36	2.62	97.03
12	0.00	0.37	2.68	96.95
13	0.00	0.37	2.64	96.99
14	0.00	0.89	5.29	93.82
15	0.00	0.89	5.34	93.77
16	0.00	0.90	5.42	93.68
17	0.00	0.91	5.35	93.74
18	0.00	0.91	5.39	93.70
19	0.00	0.93	5.56	93.51
20	0.00	0.92	5.47	93.61
21	0.00	0.92	5.45	93.64
22	0.00	0.93	5.57	93.49
23	0.00	0.93	5.58	93.49
24	0.00	0.93	5.65	93.42
25	0.00	0.91	5.60	93.49
26	0.00	0.95	5.64	93.41
27	0.00	0.96	5.74	93.30
28	0.00	0.90	5.61	93.49
29	0.00	0.87	5.61	93.52
30	0.00	0.87	5.69	93.45
31	0.00	0.87	5.74	93.39
32	0.00	0.84	5.75	93.42
33	0.00	0.82	5.74	93.44
34	0.00	0.80	5.71	93.49
35	0.00	0.82	5.81	93.37
36	0.00	0.81	5.85	93.34
37	0.00	0.82	5.93	93.25
38	0.00	0.80	5.84	93.36
39	0.00	0.84	5.96	93.20
40	0.00	0.83	5.94	93.23
41	0.00	0.84	5.95	93.22
42	0.00	0.83	5.85	93.33
43	0.00	0.81	5.97	93.22
44	0.00	0.81	5.97	93.21
45	0.00	0.79	5.77	93.45
46	0.00	0.80	5.78	93.41
47	0.00	0.82	5.91	93.27
48	0.00	0.85	5.99	93.16
49	0.00	0.82	5.90	93.27
50	0.00	0.85	5.99	93.16
51	0.00	0.72	5.48	93.80
52	0.00	0.68	5.20	94.12
53	0.00	0.68	5.20	94.12
54	0.00	0.69	5.17	94.13
55	0.00	0.70	5.18	94.12
56	0.00	0.72	5.26	94.01
57	0.00	0.70	5.26	94.04
58	0.00	0.71	5.32	93.97
59	0.00	0.70	5.43	93.87
60	0.00	0.68	5.36	93.96
61	0.00	0.68	5.32	94.01
62	0.00	0.66	5.38	93.96
63	0.00	0.69	5.48	93.83
64	0.00	0.69	5.51	93.80
65	0.00	0.68	5.48	93.84
66	0.00	0.70	5.66	93.64
67	0.00	0.66	5.56	93.78
68	0.00	0.68	5.74	93.58
69	0.00	0.69	5.83	93.49
70	0.00	0.79	6.32	92.89
71	0.00	0.81	6.52	92.68
72	0.00	0.79	6.54	92.67
73	0.00	0.77	6.64	92.58
74	0.00	1.03	8.11	90.86
75	0.00	0.86	7.32	91.82
76	0.00	0.80	10.75	88.45
77	0.00	0.70	7.47	91.83
78	0.00	0.67	6.44	92.89
79	0.00	0.65	6.03	93.32
80	0.00	0.68	6.02	93.30
81	0.00	0.72	6.16	93.12
82	0.00	0.72	6.18	93.10
83	0.00	0.74	6.19	93.07
84	0.00	0.81	6.57	92.62
85	0.00	0.81	6.65	92.54
86	0.00	0.83	6.72	92.44
87	0.00	0.87	6.90	92.24
88	0.00	0.88	6.96	92.16
89	0.00	0.94	7.26	91.80
90	0.00	0.95	7.39	91.66
91	0.00	0.96	7.47	91.57
92	0.00	0.99	7.58	91.43
93	0.00	1.08	7.99	90.93
94	0.00	1.05	8.01	90.94
95	0.00	1.04	8.03	90.94
96	0.00	1.04	8.06	90.90
97	0.00	1.08	8.37	90.55
98	0.00	1.07	8.59	90.34
99	0.00	1.11	8.74	90.16
100	0.00	2.82	16.90	80.27


	KU328820-15_A_L003_R2_017.trimmed.fastq.gz
Ranges	0-10	11-20	21-30	31-40
Base
1	0.10	1.95	3.14	94.81
2	0.00	1.03	2.28	96.69
3	0.00	0.72	1.97	97.31
4	0.00	0.56	1.75	97.69
5	0.00	0.66	7.86	91.47
6	0.00	0.61	6.86	92.53
7	0.00	0.59	6.66	92.75
8	0.00	0.56	3.15	96.29
9	0.00	0.57	3.26	96.17
10	0.00	0.59	3.21	96.20
11	0.00	0.58	3.16	96.26
12	0.00	0.58	3.19	96.23
13	0.00	0.59	3.20	96.21
14	0.00	0.57	3.22	96.21
15	0.00	0.58	3.24	96.18
16	0.00	0.58	3.29	96.12
17	0.00	0.57	3.27	96.16
18	0.00	1.24	6.29	92.47
19	0.00	1.23	6.23	92.55
20	0.00	1.22	6.26	92.52
21	0.00	1.22	6.29	92.49
22	0.00	1.18	6.23	92.58
23	0.00	1.20	6.23	92.58
24	0.00	1.10	6.01	92.89
25	0.00	1.13	6.14	92.73
26	0.00	1.07	5.94	92.99
27	0.00	1.04	5.97	92.99
28	0.00	1.08	6.17	92.76
29	0.00	1.05	6.17	92.78
30	0.00	1.02	6.04	92.94
31	0.00	0.98	6.02	92.99
32	0.00	0.94	5.98	93.07
33	0.00	0.94	5.96	93.11
34	0.00	0.92	6.04	93.04
35	0.00	0.88	6.00	93.12
36	0.00	0.87	6.03	93.10
37	0.00	0.84	6.02	93.15
38	0.00	0.89	6.23	92.88
39	0.00	0.81	5.99	93.20
40	0.00	0.84	6.08	93.08
41	0.00	0.78	5.85	93.37
42	0.00	0.84	6.13	93.02
43	0.00	0.83	6.06	93.12
44	0.00	0.83	6.01	93.17
45	0.00	0.78	5.82	93.41
46	0.00	0.77	5.90	93.34
47	0.00	0.78	5.95	93.28
48	0.00	0.77	5.86	93.37
49	0.00	0.81	5.94	93.25
50	0.00	0.77	5.82	93.40
51	0.00	0.74	5.64	93.62
52	0.00	0.78	5.76	93.46
53	0.00	0.79	5.82	93.39
54	0.00	0.76	5.67	93.57
55	0.00	0.50	5.06	94.45
56	0.00	0.53	4.42	95.05
57	0.00	0.61	4.74	94.65
58	0.00	0.68	5.12	94.21
59	0.00	0.70	5.32	93.97
60	0.00	0.73	5.45	93.81
61	0.00	0.72	5.39	93.90
62	0.00	0.73	5.41	93.86
63	0.00	0.73	5.59	93.68
64	0.00	0.71	5.56	93.72
65	0.00	0.73	5.66	93.62
66	0.00	0.74	5.76	93.50
67	0.00	0.60	5.29	94.11
68	0.00	0.56	4.99	94.44
69	0.00	0.57	4.91	94.52
70	0.00	0.57	4.89	94.54
71	0.00	0.59	4.98	94.44
72	0.00	0.58	5.01	94.41
73	0.00	0.53	4.80	94.68
74	0.00	0.52	4.77	94.71
75	0.00	0.52	4.71	94.77
76	0.00	0.54	4.83	94.63
77	0.00	0.53	4.87	94.60
78	0.00	0.56	5.02	94.42
79	0.00	0.55	5.03	94.42
80	0.00	0.53	4.94	94.53
81	0.00	0.55	5.02	94.43
82	0.00	0.58	5.22	94.20
83	0.00	0.56	5.15	94.29
84	0.00	0.58	5.18	94.25
85	0.00	0.63	5.51	93.86
86	0.00	0.61	5.46	93.93
87	0.00	0.64	5.54	93.82
88	0.00	0.64	5.53	93.83
89	0.00	0.67	5.73	93.60
90	0.00	0.68	5.74	93.58
91	0.00	0.70	5.86	93.45
92	0.00	0.71	5.92	93.37
93	0.00	0.75	6.11	93.14
94	0.00	0.76	6.19	93.05
95	0.00	0.77	6.26	92.97
96	0.00	0.78	6.37	92.85
97	0.00	0.75	6.31	92.94
98	0.00	0.78	6.49	92.74
99	0.00	0.85	6.92	92.23
100	0.00	0.89	7.02	92.09




