Parameters
	Library type	Paired-end
	Input files	KU328820-15_A_L003_R1_011.trimmed.fastq.gz	KU328820-15_A_L003_R2_011.trimmed.fastq.gz
	Primer/Adaptor library	NA
	Cut-off read length for HQ	70%
	Cut-off quality score	20
	Only statistics	On
	Number of CPUs	2


QC statistics
	File name	KU328820-15_A_L003_R1_011.trimmed.fastq.gz	KU328820-15_A_L003_R2_011.trimmed.fastq.gz
	Total number of reads	4000000	4000000
	Total number of HQ reads	3988516	3988516
	Percentage of HQ reads	99.71%	99.71%
	Total number of bases	370560775	368455148
	Total number of bases in HQ reads	369863182	368288052
	Total number of HQ bases in HQ reads	368181928	366586782
	Percentage of HQ bases in HQ reads	99.55%	99.54%
	Number of Primer/Adaptor contaminated HQ reads	NA	NA
	Total number of HQ filtered reads	3988516	3988516
	Percentage of HQ filtered reads	99.71%	99.71%


Detailed QC statistics
	File name	KU328820-15_A_L003_R1_011.trimmed.fastq.gz	KU328820-15_A_L003_R2_011.trimmed.fastq.gz
	Minimum read length	1	1
	Maximum read length	100	100
	Average read length	92.64	92.11
	Total number of reads	4000000	4000000
	Total number of reads with non-ATGC bases	133	3987
	Percentage of reads with non-ATGC bases	0.00%	0.10%
	Total number of bases	370560775	368455148
	Total number of HQ bases	368855469	366706819
	Percentage of HQ bases	99.54%	99.53%
	Total number of non-ATGC bases	133	3987
	Percentage of non-ATGC bases	0.00%	0.00%


Average quality score at each base position of input reads

KU328820-15_A_L003_R1_011.trimmed.fastq.gz
32.41	32.81	32.94	36.25	36.18	36.19	36.20	36.19	37.91	37.88	37.86	37.84	37.82	39.27	39.24	39.21	39.14	39.12	39.14	39.08	39.04	38.95	38.89	38.83	38.76	38.68	38.60	38.48	38.39	38.30	38.20	38.09	37.93	37.84	37.73	37.63	37.48	37.34	37.23	37.07	36.95	36.79	36.90	36.85	36.77	36.67	36.56	36.43	36.31	36.16	36.12	36.02	35.94	35.83	35.68	35.53	35.38	35.21	35.04	34.85	34.66	34.48	34.26	34.06	33.84	33.60	33.40	33.16	32.92	32.54	32.31	32.09	31.79	31.27	31.18	30.11	30.55	30.67	30.59	30.41	30.17	29.98	29.77	29.60	29.39	29.18	28.98	28.81	28.65	28.48	28.32	28.16	27.98	27.83	27.67	27.51	27.33	27.14	26.97	25.75	

KU328820-15_A_L003_R2_011.trimmed.fastq.gz
36.06	36.34	36.45	36.56	32.51	32.74	32.77	35.92	35.91	35.89	35.88	35.85	37.45	37.43	37.39	37.34	37.27	38.64	38.58	38.53	38.47	38.41	38.36	38.29	38.21	38.13	38.05	38.00	37.92	37.83	37.74	37.63	37.54	37.49	37.39	37.29	37.19	37.06	36.93	36.85	36.77	36.64	36.56	36.44	36.33	36.33	36.22	36.12	36.07	35.98	35.83	35.69	35.55	35.41	34.33	34.64	34.86	34.89	34.78	34.67	34.54	34.37	34.21	34.03	33.86	33.66	33.62	33.54	33.41	33.25	33.03	32.86	32.67	32.48	32.30	32.10	31.89	31.67	31.42	31.23	31.01	30.78	30.58	30.35	30.14	29.93	29.74	29.56	29.38	29.21	29.01	28.83	28.68	28.53	28.37	28.23	27.86	27.68	27.47	27.36	





Read count (%) per base for different quality score ranges

	KU328820-15_A_L003_R1_011.trimmed.fastq.gz
Ranges	0-10	11-20	21-30	31-40
Base
1	0.00	1.01	8.05	90.93
2	0.00	0.48	6.67	92.85
3	0.00	0.38	6.16	93.46
4	0.00	0.33	2.48	97.19
5	0.00	0.37	2.86	96.78
6	0.00	0.38	2.76	96.86
7	0.00	0.38	2.74	96.88
8	0.00	0.39	2.79	96.82
9	0.00	0.38	2.78	96.84
10	0.00	0.40	2.90	96.70
11	0.00	0.41	2.92	96.67
12	0.00	0.41	2.99	96.59
13	0.00	0.41	3.02	96.57
14	0.00	0.92	5.51	93.57
15	0.00	0.92	5.55	93.53
16	0.00	0.92	5.55	93.53
17	0.00	0.97	5.72	93.31
18	0.00	0.94	5.61	93.45
19	0.00	0.94	5.65	93.41
20	0.00	0.94	5.69	93.37
21	0.00	0.94	5.63	93.43
22	0.00	0.96	5.78	93.26
23	0.00	0.94	5.70	93.36
24	0.00	0.98	5.88	93.14
25	0.00	0.94	5.88	93.19
26	0.00	0.96	5.83	93.20
27	0.00	0.94	5.82	93.23
28	0.00	0.94	5.90	93.16
29	0.00	0.91	5.87	93.22
30	0.00	0.89	5.88	93.23
31	0.00	0.86	5.82	93.32
32	0.00	0.85	5.98	93.17
33	0.00	0.88	6.18	92.94
34	0.00	0.85	6.11	93.05
35	0.00	0.83	6.07	93.10
36	0.00	0.82	5.98	93.21
37	0.00	0.83	6.10	93.06
38	0.00	0.84	6.10	93.07
39	0.00	0.82	6.02	93.16
40	0.00	0.83	6.09	93.08
41	0.00	0.83	6.01	93.17
42	0.00	0.84	6.08	93.09
43	0.00	0.78	5.93	93.29
44	0.00	0.78	5.92	93.30
45	0.00	0.80	5.89	93.31
46	0.00	0.79	5.93	93.28
47	0.00	0.80	5.92	93.28
48	0.00	0.81	5.96	93.23
49	0.00	0.81	5.94	93.25
50	0.00	0.83	5.99	93.17
51	0.00	0.76	5.81	93.43
52	0.00	0.76	5.60	93.64
53	0.00	0.72	5.43	93.85
54	0.00	0.71	5.35	93.94
55	0.00	0.71	5.42	93.87
56	0.00	0.70	5.37	93.94
57	0.00	0.71	5.33	93.96
58	0.00	0.70	5.42	93.89
59	0.00	0.67	5.42	93.91
60	0.00	0.68	5.44	93.88
61	0.00	0.68	5.45	93.87
62	0.00	0.68	5.43	93.89
63	0.00	0.70	5.59	93.72
64	0.00	0.68	5.60	93.72
65	0.00	0.70	5.74	93.56
66	0.00	0.71	5.86	93.43
67	0.00	0.69	5.83	93.48
68	0.00	0.70	5.89	93.42
69	0.00	0.70	5.95	93.35
70	0.00	0.71	6.06	93.23
71	0.00	0.70	6.08	93.22
72	0.00	0.70	6.12	93.18
73	0.00	0.74	6.43	92.82
74	0.00	0.96	7.79	91.26
75	0.00	0.76	6.86	92.38
76	0.00	0.74	10.58	88.68
77	0.00	0.61	6.97	92.43
78	0.00	0.59	5.97	93.45
79	0.00	0.57	5.63	93.79
80	0.00	0.62	5.66	93.72
81	0.00	0.67	5.93	93.40
82	0.00	0.67	5.87	93.46
83	0.00	0.68	5.99	93.33
84	0.00	0.66	5.93	93.40
85	0.00	0.72	6.15	93.14
86	0.00	0.76	6.40	92.84
87	0.00	0.81	6.62	92.57
88	0.00	0.82	6.68	92.49
89	0.00	0.83	6.75	92.42
90	0.00	0.87	6.94	92.19
91	0.00	0.89	7.03	92.08
92	0.00	0.91	7.17	91.92
93	0.00	0.96	7.40	91.64
94	0.00	0.94	7.51	91.55
95	0.00	0.97	7.60	91.43
96	0.00	0.98	7.67	91.36
97	0.00	0.97	7.88	91.14
98	0.00	0.99	8.11	90.90
99	0.00	1.00	8.24	90.76
100	0.00	2.64	16.19	81.16


	KU328820-15_A_L003_R2_011.trimmed.fastq.gz
Ranges	0-10	11-20	21-30	31-40
Base
1	0.10	1.94	3.29	94.67
2	0.00	1.03	2.39	96.58
3	0.00	0.68	2.06	97.26
4	0.00	0.52	1.79	97.69
5	0.00	0.70	8.41	90.89
6	0.00	0.64	7.30	92.06
7	0.00	0.64	7.30	92.06
8	0.00	0.62	3.52	95.86
9	0.00	0.62	3.62	95.77
10	0.00	0.65	3.61	95.74
11	0.00	0.63	3.55	95.81
12	0.00	0.64	3.53	95.83
13	0.00	0.62	3.50	95.87
14	0.00	0.62	3.55	95.83
15	0.00	0.62	3.56	95.82
16	0.00	0.62	3.61	95.77
17	0.00	0.63	3.69	95.68
18	0.00	1.29	6.54	92.17
19	0.00	1.26	6.58	92.16
20	0.00	1.24	6.42	92.34
21	0.00	1.22	6.43	92.34
22	0.00	1.18	6.33	92.48
23	0.00	1.21	6.53	92.26
24	0.00	1.19	6.47	92.34
25	0.00	1.16	6.38	92.47
26	0.00	1.14	6.32	92.54
27	0.00	1.10	6.32	92.58
28	0.00	1.10	6.47	92.43
29	0.00	1.09	6.36	92.55
30	0.00	1.06	6.41	92.54
31	0.00	1.03	6.31	92.66
32	0.00	1.01	6.34	92.65
33	0.00	0.98	6.31	92.71
34	0.00	0.92	6.15	92.94
35	0.00	0.91	6.24	92.86
36	0.00	0.89	6.23	92.88
37	0.00	0.88	6.28	92.84
38	0.00	0.88	6.40	92.72
39	0.00	0.90	6.46	92.64
40	0.00	0.86	6.35	92.79
41	0.00	0.82	6.19	92.99
42	0.00	0.84	6.26	92.90
43	0.00	0.81	6.16	93.02
44	0.00	0.82	6.14	93.03
45	0.00	0.81	6.10	93.09
46	0.00	0.82	6.23	92.96
47	0.00	0.84	6.25	92.92
48	0.00	0.84	6.29	92.87
49	0.00	0.79	6.05	93.15
50	0.00	0.79	5.99	93.21
51	0.00	0.79	5.99	93.22
52	0.00	0.79	5.93	93.27
53	0.00	0.79	5.94	93.27
54	0.00	0.77	5.87	93.36
55	0.00	0.55	5.50	93.95
56	0.00	0.58	4.81	94.61
57	0.00	0.63	4.94	94.44
58	0.00	0.68	5.26	94.06
59	0.00	0.75	5.63	93.62
60	0.00	0.74	5.58	93.68
61	0.00	0.72	5.56	93.72
62	0.00	0.75	5.65	93.61
63	0.00	0.71	5.67	93.62
64	0.00	0.73	5.73	93.54
65	0.00	0.72	5.73	93.55
66	0.00	0.76	5.90	93.34
67	0.00	0.64	5.52	93.84
68	0.00	0.59	5.18	94.24
69	0.00	0.57	5.04	94.39
70	0.00	0.57	5.04	94.39
71	0.00	0.61	5.22	94.17
72	0.00	0.57	5.14	94.29
73	0.00	0.56	5.10	94.34
74	0.00	0.56	5.04	94.40
75	0.00	0.54	4.99	94.47
76	0.00	0.53	4.99	94.48
77	0.00	0.53	4.98	94.50
78	0.00	0.54	5.07	94.39
79	0.00	0.58	5.24	94.18
80	0.00	0.55	5.16	94.29
81	0.00	0.56	5.23	94.21
82	0.00	0.57	5.34	94.09
83	0.00	0.58	5.31	94.11
84	0.00	0.60	5.46	93.94
85	0.00	0.61	5.53	93.86
86	0.00	0.63	5.64	93.73
87	0.00	0.64	5.70	93.66
88	0.00	0.66	5.75	93.59
89	0.00	0.67	5.79	93.54
90	0.00	0.69	5.89	93.42
91	0.00	0.75	6.14	93.12
92	0.00	0.77	6.31	92.92
93	0.00	0.77	6.37	92.86
94	0.00	0.78	6.38	92.84
95	0.00	0.81	6.53	92.66
96	0.00	0.80	6.54	92.67
97	0.00	0.77	6.47	92.76
98	0.00	0.76	6.47	92.77
99	0.00	0.82	6.83	92.35
100	0.00	0.86	6.92	92.22




