Parameters
	Library type	Paired-end
	Input files	KU328820-15_A_L003_R1_046.trimmed.fastq.gz	KU328820-15_A_L003_R2_046.trimmed.fastq.gz
	Primer/Adaptor library	NA
	Cut-off read length for HQ	70%
	Cut-off quality score	20
	Only statistics	On
	Number of CPUs	2


QC statistics
	File name	KU328820-15_A_L003_R1_046.trimmed.fastq.gz	KU328820-15_A_L003_R2_046.trimmed.fastq.gz
	Total number of reads	4000000	4000000
	Total number of HQ reads	3982815	3982815
	Percentage of HQ reads	99.57%	99.57%
	Total number of bases	359297646	350538223
	Total number of bases in HQ reads	358365968	350271252
	Total number of HQ bases in HQ reads	355911987	347757866
	Percentage of HQ bases in HQ reads	99.32%	99.28%
	Number of Primer/Adaptor contaminated HQ reads	NA	NA
	Total number of HQ filtered reads	3982815	3982815
	Percentage of HQ filtered reads	99.57%	99.57%


Detailed QC statistics
	File name	KU328820-15_A_L003_R1_046.trimmed.fastq.gz	KU328820-15_A_L003_R2_046.trimmed.fastq.gz
	Minimum read length	1	1
	Maximum read length	100	100
	Average read length	89.82	87.63
	Total number of reads	4000000	4000000
	Total number of reads with non-ATGC bases	181	4603
	Percentage of reads with non-ATGC bases	0.00%	0.12%
	Total number of bases	359297646	350538223
	Total number of HQ bases	356802298	347945729
	Percentage of HQ bases	99.31%	99.26%
	Total number of non-ATGC bases	181	4603
	Percentage of non-ATGC bases	0.00%	0.00%


Average quality score at each base position of input reads

KU328820-15_A_L003_R1_046.trimmed.fastq.gz
31.48	32.31	32.63	35.93	35.93	35.98	35.96	35.97	37.25	37.45	37.46	37.45	37.44	38.69	38.69	38.60	38.53	38.52	38.57	38.50	38.43	38.18	38.21	38.12	37.93	37.91	37.84	37.67	37.61	37.48	37.37	37.27	37.07	36.93	36.78	36.66	36.41	36.30	36.20	36.09	35.83	35.72	35.85	35.75	35.68	35.58	35.44	35.33	35.15	35.02	34.96	34.51	34.39	34.26	34.12	33.96	33.79	33.61	33.42	33.09	32.91	32.66	32.45	32.15	31.93	31.71	31.49	31.20	30.93	30.72	30.50	30.25	29.91	29.65	29.41	28.51	28.67	28.69	28.45	28.26	28.10	27.48	27.30	27.14	26.99	26.83	26.68	26.55	26.39	26.23	26.03	25.74	25.59	25.42	25.19	24.98	24.85	24.70	24.53	23.22	

KU328820-15_A_L003_R2_046.trimmed.fastq.gz
35.40	35.97	36.24	36.36	31.83	32.20	32.35	35.48	35.48	35.45	35.41	35.38	36.77	36.68	36.66	36.58	36.41	37.64	37.64	37.52	37.44	37.31	37.31	37.17	37.10	37.00	36.89	36.83	36.74	36.61	36.49	36.37	36.27	36.15	36.01	35.85	35.63	35.59	35.36	35.30	35.17	34.94	34.66	34.64	34.39	34.48	34.39	34.35	34.25	34.14	33.96	33.58	33.44	33.31	32.41	32.10	32.25	32.17	31.95	31.80	31.68	31.38	31.24	31.06	30.85	30.68	30.59	30.45	30.06	29.95	29.82	29.67	29.41	29.25	29.06	28.89	28.69	28.49	28.30	28.09	27.91	27.68	27.45	27.14	26.97	26.80	26.60	26.40	26.22	26.06	25.91	25.77	25.62	25.47	25.30	25.17	24.93	24.78	24.57	24.41	





Read count (%) per base for different quality score ranges

	KU328820-15_A_L003_R1_046.trimmed.fastq.gz
Ranges	0-10	11-20	21-30	31-40
Base
1	0.00	3.03	14.10	82.87
2	0.00	1.09	10.95	87.97
3	0.00	0.70	9.34	89.96
4	0.00	0.59	3.90	95.51
5	0.00	0.58	4.14	95.27
6	0.00	0.59	3.97	95.44
7	0.00	0.59	4.12	95.29
8	0.00	0.59	4.08	95.33
9	0.00	1.31	4.82	93.87
10	0.00	0.73	4.28	94.98
11	0.00	0.65	4.23	95.13
12	0.00	0.65	4.26	95.09
13	0.00	0.65	4.34	95.01
14	0.00	1.19	6.77	92.04
15	0.00	1.17	6.67	92.16
16	0.00	1.22	6.92	91.86
17	0.00	1.26	7.02	91.72
18	0.00	1.20	6.87	91.94
19	0.00	1.19	6.79	92.02
20	0.00	1.19	6.90	91.91
21	0.00	1.21	6.93	91.86
22	0.00	2.09	7.16	90.75
23	0.00	1.48	7.16	91.36
24	0.00	1.38	7.25	91.37
25	0.00	2.09	7.29	90.62
26	0.00	1.56	7.28	91.17
27	0.00	1.35	7.10	91.54
28	0.00	1.66	7.25	91.09
29	0.00	1.32	7.18	91.50
30	0.00	1.27	7.20	91.53
31	0.00	1.18	7.23	91.60
32	0.00	1.11	7.18	91.71
33	0.00	1.41	7.30	91.29
34	0.00	1.22	7.48	91.30
35	0.00	1.16	7.56	91.28
36	0.00	1.11	7.45	91.44
37	0.00	1.42	7.72	90.85
38	0.00	1.20	7.59	91.21
39	0.00	1.10	7.37	91.53
40	0.00	1.05	7.20	91.75
41	0.00	1.35	7.51	91.14
42	0.00	1.11	7.37	91.51
43	0.00	0.98	7.05	91.97
44	0.00	1.00	7.18	91.82
45	0.00	1.00	7.05	91.95
46	0.00	0.96	6.99	92.04
47	0.00	0.98	7.02	92.00
48	0.00	0.96	6.95	92.09
49	0.00	0.96	7.01	92.03
50	0.00	0.95	6.88	92.17
51	0.00	0.86	6.68	92.45
52	0.00	1.27	6.88	91.84
53	0.00	1.00	6.77	92.23
54	0.00	0.94	6.57	92.50
55	0.00	0.91	6.49	92.61
56	0.00	0.88	6.44	92.68
57	0.00	0.88	6.44	92.68
58	0.00	0.87	6.50	92.62
59	0.00	0.84	6.51	92.65
60	0.00	0.84	6.55	92.61
61	0.00	0.81	6.47	92.72
62	0.00	0.85	6.69	92.46
63	0.00	0.85	6.71	92.43
64	0.00	0.83	6.66	92.51
65	0.00	0.83	6.73	92.44
66	0.00	0.84	6.81	92.35
67	0.00	0.82	6.85	92.33
68	0.00	0.77	6.64	92.59
69	0.00	0.82	6.93	92.25
70	0.00	0.79	6.84	92.37
71	0.00	0.78	6.88	92.34
72	0.00	0.79	7.02	92.19
73	0.00	0.82	7.19	91.99
74	0.00	0.84	7.37	91.78
75	0.00	0.85	7.47	91.68
76	0.00	0.76	9.90	89.34
77	0.00	0.70	7.81	91.49
78	0.00	0.70	7.05	92.25
79	0.00	0.70	6.81	92.49
80	0.00	0.72	6.85	92.43
81	0.00	0.71	6.68	92.61
82	0.00	1.56	7.99	90.45
83	0.00	1.50	7.57	90.93
84	0.00	1.30	7.73	90.97
85	0.00	1.10	7.85	91.05
86	0.00	0.99	7.96	91.05
87	0.00	0.94	7.84	91.22
88	0.00	0.91	7.64	91.45
89	0.00	0.93	7.72	91.35
90	0.00	0.95	7.85	91.20
91	0.00	1.05	8.31	90.64
92	0.00	1.04	8.29	90.67
93	0.00	1.05	8.44	90.51
94	0.00	1.08	8.59	90.33
95	0.00	1.23	9.21	89.56
96	0.00	1.27	9.53	89.19
97	0.00	1.15	9.36	89.49
98	0.00	1.09	9.30	89.61
99	0.00	1.13	9.37	89.51
100	0.00	3.03	18.35	78.62


	KU328820-15_A_L003_R2_046.trimmed.fastq.gz
Ranges	0-10	11-20	21-30	31-40
Base
1	0.12	3.71	5.83	90.34
2	0.00	1.63	4.41	93.97
3	0.00	1.02	3.24	95.74
4	0.00	0.82	2.86	96.32
5	0.00	1.26	14.28	84.47
6	0.00	1.07	11.29	87.63
7	0.00	1.04	10.68	88.28
8	0.00	1.01	5.36	93.63
9	0.00	0.99	5.33	93.68
10	0.00	1.04	5.26	93.70
11	0.00	1.03	5.31	93.66
12	0.00	1.02	5.25	93.73
13	0.00	1.02	5.32	93.66
14	0.00	1.04	5.54	93.41
15	0.00	1.00	5.37	93.63
16	0.00	1.00	5.42	93.58
17	0.00	1.39	5.53	93.08
18	0.00	1.84	8.17	89.99
19	0.00	1.68	7.84	90.48
20	0.00	1.67	7.95	90.38
21	0.00	1.62	7.86	90.52
22	0.00	1.62	8.00	90.38
23	0.00	1.55	7.91	90.53
24	0.00	1.65	8.05	90.30
25	0.00	1.53	7.86	90.61
26	0.00	1.46	7.83	90.71
27	0.00	1.51	7.75	90.74
28	0.00	1.47	7.89	90.64
29	0.00	1.42	7.73	90.85
30	0.00	1.37	7.72	90.92
31	0.00	1.33	7.69	90.98
32	0.00	1.30	7.71	91.00
33	0.00	1.21	7.59	91.20
34	0.00	1.18	7.60	91.22
35	0.00	1.18	7.70	91.12
36	0.00	1.34	7.75	90.91
37	0.00	1.31	8.07	90.62
38	0.00	1.13	7.66	91.21
39	0.00	1.60	7.87	90.53
40	0.00	1.23	7.88	90.89
41	0.00	1.15	7.78	91.07
42	0.00	1.47	7.81	90.72
43	0.00	1.75	8.26	89.99
44	0.00	1.31	8.01	90.68
45	0.00	1.67	7.94	90.39
46	0.00	1.22	7.67	91.11
47	0.00	1.09	7.61	91.30
48	0.00	0.99	7.27	91.74
49	0.00	0.99	7.25	91.76
50	0.00	0.98	7.17	91.85
51	0.00	0.98	7.17	91.86
52	0.00	1.27	7.38	91.35
53	0.00	1.10	7.28	91.62
54	0.00	1.02	7.06	91.92
55	0.00	0.77	6.69	92.54
56	0.00	1.27	6.24	92.49
57	0.00	1.10	6.61	92.28
58	0.00	0.99	6.56	92.45
59	0.00	0.97	6.60	92.43
60	0.00	0.96	6.73	92.31
61	0.00	0.88	6.58	92.54
62	0.00	0.88	6.63	92.49
63	0.00	0.84	6.58	92.58
64	0.00	0.84	6.64	92.51
65	0.00	0.83	6.63	92.54
66	0.00	0.83	6.62	92.54
67	0.00	0.75	6.45	92.80
68	0.00	0.76	6.37	92.87
69	0.00	1.11	7.28	91.61
70	0.00	1.09	6.74	92.17
71	0.00	0.89	6.61	92.50
72	0.00	0.77	6.42	92.81
73	0.00	0.85	6.37	92.79
74	0.00	0.75	6.30	92.95
75	0.00	0.71	6.29	92.99
76	0.00	0.67	6.14	93.18
77	0.00	0.67	6.17	93.16
78	0.00	0.66	6.23	93.11
79	0.00	0.66	6.16	93.19
80	0.00	0.65	6.24	93.11
81	0.00	0.64	6.14	93.22
82	0.00	0.69	6.40	92.92
83	0.00	0.73	6.61	92.66
84	0.00	0.74	6.66	92.61
85	0.00	0.70	6.56	92.74
86	0.00	0.71	6.55	92.73
87	0.00	0.74	6.74	92.52
88	0.00	0.79	6.93	92.28
89	0.00	0.82	7.06	92.12
90	0.00	0.83	7.12	92.05
91	0.00	0.81	7.12	92.07
92	0.00	0.82	7.07	92.11
93	0.00	0.86	7.19	91.95
94	0.00	0.88	7.31	91.82
95	0.00	0.93	7.58	91.48
96	0.00	0.89	7.51	91.60
97	0.00	0.90	7.60	91.49
98	0.00	0.89	7.62	91.49
99	0.00	0.93	7.86	91.22
100	0.00	1.11	8.45	90.44




