Parameters
	Library type	Paired-end
	Input files	KU328820-15_A_L003_R1_012.trimmed.fastq.gz	KU328820-15_A_L003_R2_012.trimmed.fastq.gz
	Primer/Adaptor library	NA
	Cut-off read length for HQ	70%
	Cut-off quality score	20
	Only statistics	On
	Number of CPUs	2


QC statistics
	File name	KU328820-15_A_L003_R1_012.trimmed.fastq.gz	KU328820-15_A_L003_R2_012.trimmed.fastq.gz
	Total number of reads	4000000	4000000
	Total number of HQ reads	3987873	3987873
	Percentage of HQ reads	99.70%	99.70%
	Total number of bases	371971284	369750225
	Total number of bases in HQ reads	371233502	369561609
	Total number of HQ bases in HQ reads	369584443	367914824
	Percentage of HQ bases in HQ reads	99.56%	99.55%
	Number of Primer/Adaptor contaminated HQ reads	NA	NA
	Total number of HQ filtered reads	3987873	3987873
	Percentage of HQ filtered reads	99.70%	99.70%


Detailed QC statistics
	File name	KU328820-15_A_L003_R1_012.trimmed.fastq.gz	KU328820-15_A_L003_R2_012.trimmed.fastq.gz
	Minimum read length	1	1
	Maximum read length	100	100
	Average read length	92.99	92.44
	Total number of reads	4000000	4000000
	Total number of reads with non-ATGC bases	119	4240
	Percentage of reads with non-ATGC bases	0.00%	0.11%
	Total number of bases	371971284	369750225
	Total number of HQ bases	370295012	368054592
	Percentage of HQ bases	99.55%	99.54%
	Total number of non-ATGC bases	119	4240
	Percentage of non-ATGC bases	0.00%	0.00%


Average quality score at each base position of input reads

KU328820-15_A_L003_R1_012.trimmed.fastq.gz
32.41	32.80	32.94	36.24	36.19	36.18	36.19	36.18	37.89	37.88	37.87	37.84	37.84	39.28	39.25	39.22	39.18	39.13	39.15	39.12	39.07	38.96	38.91	38.89	38.80	38.70	38.64	38.56	38.46	38.39	38.28	38.15	38.04	37.93	37.81	37.69	37.57	37.43	37.30	37.18	37.03	36.89	37.01	36.97	36.93	36.83	36.71	36.59	36.48	36.34	36.28	36.20	36.10	35.99	35.85	35.71	35.54	35.38	35.23	35.03	34.87	34.69	34.48	34.32	34.08	33.86	33.62	33.41	33.15	32.78	32.59	32.34	32.08	31.59	31.48	30.40	30.81	30.93	30.85	30.69	30.48	30.30	30.09	29.89	29.66	29.50	29.33	29.19	29.01	28.85	28.65	28.50	28.37	28.23	28.09	27.91	27.75	27.56	27.41	26.14	

KU328820-15_A_L003_R2_012.trimmed.fastq.gz
36.07	36.33	36.45	36.56	32.54	32.74	32.78	35.93	35.92	35.91	35.89	35.87	37.46	37.46	37.42	37.35	37.32	38.69	38.64	38.56	38.51	38.46	38.44	38.37	38.28	38.23	38.15	38.10	37.97	37.90	37.83	37.74	37.67	37.58	37.49	37.39	37.28	37.17	37.06	36.96	36.87	36.77	36.67	36.57	36.43	36.46	36.39	36.32	36.23	36.15	36.01	35.86	35.74	35.58	34.52	34.84	35.07	35.11	35.01	34.85	34.74	34.58	34.42	34.26	34.12	33.90	33.81	33.72	33.61	33.48	33.32	33.13	32.91	32.73	32.55	32.34	32.10	31.91	31.67	31.46	31.23	31.03	30.83	30.62	30.43	30.20	30.03	29.84	29.68	29.50	29.31	29.15	29.01	28.82	28.69	28.56	28.18	28.01	27.83	27.71	





Read count (%) per base for different quality score ranges

	KU328820-15_A_L003_R1_012.trimmed.fastq.gz
Ranges	0-10	11-20	21-30	31-40
Base
1	0.00	1.15	8.14	90.71
2	0.00	0.58	6.84	92.59
3	0.00	0.44	6.20	93.37
4	0.00	0.38	2.52	97.10
5	0.00	0.40	2.79	96.80
6	0.00	0.43	2.86	96.71
7	0.00	0.42	2.80	96.79
8	0.00	0.43	2.84	96.73
9	0.00	0.42	2.86	96.71
10	0.00	0.43	2.87	96.70
11	0.00	0.43	2.91	96.66
12	0.00	0.44	2.97	96.59
13	0.00	0.44	2.97	96.59
14	0.00	1.00	5.60	93.41
15	0.00	1.02	5.64	93.34
16	0.00	1.00	5.66	93.34
17	0.00	0.98	5.69	93.33
18	0.00	1.02	5.76	93.22
19	0.00	0.99	5.75	93.26
20	0.00	0.98	5.71	93.31
21	0.00	0.97	5.73	93.30
22	0.00	1.02	5.96	93.03
23	0.00	0.98	5.79	93.23
24	0.00	0.96	5.85	93.19
25	0.00	0.97	5.92	93.11
26	0.00	0.99	5.95	93.06
27	0.00	0.96	5.82	93.22
28	0.00	0.92	5.87	93.21
29	0.00	0.92	5.88	93.19
30	0.00	0.88	5.81	93.30
31	0.00	0.86	5.89	93.25
32	0.00	0.86	5.98	93.16
33	0.00	0.86	6.02	93.12
34	0.00	0.86	6.00	93.14
35	0.00	0.83	6.07	93.09
36	0.00	0.83	6.11	93.05
37	0.00	0.83	6.05	93.13
38	0.00	0.84	6.05	93.11
39	0.00	0.84	6.07	93.09
40	0.00	0.82	5.99	93.19
41	0.00	0.82	6.02	93.16
42	0.00	0.83	6.03	93.14
43	0.00	0.78	5.92	93.31
44	0.00	0.78	5.95	93.27
45	0.00	0.77	5.80	93.44
46	0.00	0.78	5.79	93.43
47	0.00	0.79	5.84	93.37
48	0.00	0.80	5.88	93.32
49	0.00	0.78	5.82	93.39
50	0.00	0.80	5.88	93.31
51	0.00	0.76	5.72	93.52
52	0.00	0.73	5.52	93.76
53	0.00	0.71	5.42	93.86
54	0.00	0.70	5.28	94.02
55	0.00	0.71	5.35	93.93
56	0.00	0.69	5.26	94.05
57	0.00	0.71	5.32	93.98
58	0.00	0.70	5.33	93.97
59	0.00	0.65	5.25	94.10
60	0.00	0.66	5.31	94.03
61	0.00	0.64	5.23	94.14
62	0.00	0.64	5.26	94.11
63	0.00	0.66	5.35	93.99
64	0.00	0.62	5.26	94.13
65	0.00	0.67	5.52	93.82
66	0.00	0.67	5.52	93.82
67	0.00	0.68	5.68	93.64
68	0.00	0.65	5.64	93.70
69	0.00	0.67	5.74	93.59
70	0.00	0.68	5.90	93.42
71	0.00	0.64	5.74	93.62
72	0.00	0.67	5.91	93.42
73	0.00	0.68	6.04	93.28
74	0.00	0.86	7.23	91.91
75	0.00	0.71	6.50	92.79
76	0.00	0.71	10.10	89.19
77	0.00	0.58	6.79	92.63
78	0.00	0.56	5.83	93.61
79	0.00	0.56	5.50	93.94
80	0.00	0.57	5.38	94.06
81	0.00	0.60	5.54	93.86
82	0.00	0.59	5.46	93.95
83	0.00	0.62	5.57	93.80
84	0.00	0.64	5.75	93.62
85	0.00	0.71	6.04	93.25
86	0.00	0.69	6.05	93.26
87	0.00	0.71	6.07	93.21
88	0.00	0.70	6.03	93.26
89	0.00	0.76	6.27	92.98
90	0.00	0.78	6.41	92.81
91	0.00	0.86	6.77	92.36
92	0.00	0.88	6.92	92.20
93	0.00	0.85	6.88	92.27
94	0.00	0.87	6.99	92.14
95	0.00	0.86	7.00	92.15
96	0.00	0.92	7.29	91.79
97	0.00	0.90	7.34	91.76
98	0.00	0.94	7.75	91.32
99	0.00	0.92	7.71	91.37
100	0.00	2.60	15.95	81.46


	KU328820-15_A_L003_R2_012.trimmed.fastq.gz
Ranges	0-10	11-20	21-30	31-40
Base
1	0.11	1.93	3.24	94.72
2	0.00	1.04	2.39	96.56
3	0.00	0.69	2.03	97.28
4	0.00	0.51	1.78	97.71
5	0.00	0.70	8.24	91.06
6	0.00	0.65	7.31	92.04
7	0.00	0.64	7.29	92.07
8	0.00	0.62	3.53	95.85
9	0.00	0.63	3.56	95.81
10	0.00	0.64	3.55	95.81
11	0.00	0.63	3.52	95.85
12	0.00	0.63	3.47	95.90
13	0.00	0.63	3.51	95.87
14	0.00	0.61	3.47	95.92
15	0.00	0.61	3.50	95.89
16	0.00	0.62	3.59	95.79
17	0.00	0.61	3.56	95.83
18	0.00	1.31	6.57	92.12
19	0.00	1.27	6.55	92.18
20	0.00	1.27	6.55	92.18
21	0.00	1.22	6.47	92.31
22	0.00	1.21	6.44	92.36
23	0.00	1.21	6.49	92.30
24	0.00	1.18	6.48	92.34
25	0.00	1.17	6.47	92.36
26	0.00	1.12	6.32	92.56
27	0.00	1.10	6.27	92.63
28	0.00	1.10	6.43	92.47
29	0.00	1.13	6.57	92.30
30	0.00	1.08	6.44	92.48
31	0.00	1.02	6.33	92.65
32	0.00	1.00	6.29	92.71
33	0.00	0.94	6.21	92.85
34	0.00	0.92	6.19	92.89
35	0.00	0.90	6.21	92.89
36	0.00	0.90	6.24	92.86
37	0.00	0.88	6.35	92.77
38	0.00	0.88	6.36	92.76
39	0.00	0.87	6.38	92.76
40	0.00	0.86	6.34	92.80
41	0.00	0.85	6.31	92.84
42	0.00	0.83	6.26	92.92
43	0.00	0.82	6.17	93.00
44	0.00	0.81	6.15	93.04
45	0.00	0.84	6.19	92.98
46	0.00	0.80	6.20	93.00
47	0.00	0.80	6.16	93.04
48	0.00	0.80	6.09	93.11
49	0.00	0.78	6.05	93.17
50	0.00	0.79	5.93	93.29
51	0.00	0.76	5.90	93.34
52	0.00	0.78	5.90	93.32
53	0.00	0.77	5.81	93.41
54	0.00	0.79	5.89	93.33
55	0.00	0.52	5.31	94.17
56	0.00	0.55	4.62	94.83
57	0.00	0.60	4.86	94.54
58	0.00	0.67	5.16	94.17
59	0.00	0.72	5.52	93.76
60	0.00	0.74	5.64	93.62
61	0.00	0.71	5.53	93.76
62	0.00	0.73	5.55	93.72
63	0.00	0.72	5.64	93.64
64	0.00	0.70	5.58	93.72
65	0.00	0.67	5.47	93.85
66	0.00	0.72	5.73	93.55
67	0.00	0.64	5.52	93.84
68	0.00	0.58	5.19	94.22
69	0.00	0.56	4.98	94.46
70	0.00	0.53	4.81	94.67
71	0.00	0.53	4.75	94.72
72	0.00	0.53	4.77	94.69
73	0.00	0.56	4.91	94.53
74	0.00	0.53	4.87	94.61
75	0.00	0.51	4.75	94.74
76	0.00	0.52	4.84	94.63
77	0.00	0.55	5.00	94.46
78	0.00	0.51	4.89	94.60
79	0.00	0.54	5.00	94.46
80	0.00	0.53	5.01	94.46
81	0.00	0.55	5.12	94.33
82	0.00	0.53	5.05	94.42
83	0.00	0.53	5.02	94.44
84	0.00	0.56	5.13	94.31
85	0.00	0.55	5.09	94.37
86	0.00	0.60	5.37	94.03
87	0.00	0.59	5.35	94.06
88	0.00	0.61	5.41	93.98
89	0.00	0.61	5.42	93.96
90	0.00	0.64	5.56	93.79
91	0.00	0.69	5.82	93.49
92	0.00	0.70	5.87	93.43
93	0.00	0.70	5.91	93.39
94	0.00	0.76	6.17	93.07
95	0.00	0.74	6.18	93.08
96	0.00	0.74	6.18	93.08
97	0.00	0.73	6.15	93.12
98	0.00	0.71	6.17	93.12
99	0.00	0.73	6.30	92.97
100	0.00	0.79	6.46	92.75




