Parameters
	Library type	Paired-end
	Input files	KU328820-15_A_L003_R1_013.trimmed.fastq.gz	KU328820-15_A_L003_R2_013.trimmed.fastq.gz
	Primer/Adaptor library	NA
	Cut-off read length for HQ	70%
	Cut-off quality score	20
	Only statistics	On
	Number of CPUs	2


QC statistics
	File name	KU328820-15_A_L003_R1_013.trimmed.fastq.gz	KU328820-15_A_L003_R2_013.trimmed.fastq.gz
	Total number of reads	4000000	4000000
	Total number of HQ reads	3984760	3984760
	Percentage of HQ reads	99.62%	99.62%
	Total number of bases	368780897	363212563
	Total number of bases in HQ reads	367916620	362974768
	Total number of HQ bases in HQ reads	366064712	360990653
	Percentage of HQ bases in HQ reads	99.50%	99.45%
	Number of Primer/Adaptor contaminated HQ reads	NA	NA
	Total number of HQ filtered reads	3984760	3984760
	Percentage of HQ filtered reads	99.62%	99.62%


Detailed QC statistics
	File name	KU328820-15_A_L003_R1_013.trimmed.fastq.gz	KU328820-15_A_L003_R2_013.trimmed.fastq.gz
	Minimum read length	1	1
	Maximum read length	100	100
	Average read length	92.20	90.80
	Total number of reads	4000000	4000000
	Total number of reads with non-ATGC bases	144	4222
	Percentage of reads with non-ATGC bases	0.00%	0.11%
	Total number of bases	368780897	363212563
	Total number of HQ bases	366893102	361158671
	Percentage of HQ bases	99.49%	99.43%
	Total number of non-ATGC bases	144	4222
	Percentage of non-ATGC bases	0.00%	0.00%


Average quality score at each base position of input reads

KU328820-15_A_L003_R1_013.trimmed.fastq.gz
32.28	32.68	32.83	36.15	36.09	36.08	36.09	36.08	37.69	37.71	37.70	37.69	37.68	39.09	39.05	39.01	38.98	38.93	38.91	38.87	38.80	38.75	38.68	38.60	38.54	38.44	38.34	38.25	38.15	38.01	37.93	37.84	37.69	37.55	37.46	37.35	37.21	37.07	36.94	36.79	36.65	36.51	36.62	36.58	36.50	36.35	36.25	36.14	36.04	35.89	35.85	35.77	35.63	35.50	35.37	35.21	35.07	34.91	34.67	34.49	34.28	34.12	33.91	33.76	33.53	33.33	33.10	32.87	32.61	32.16	31.94	31.72	31.45	30.89	30.79	29.72	30.12	30.22	30.14	29.98	29.80	29.60	29.41	29.18	28.98	28.80	28.63	28.46	28.29	28.12	27.93	27.79	27.63	27.47	27.28	27.10	26.95	26.79	26.61	25.28	

KU328820-15_A_L003_R2_013.trimmed.fastq.gz
35.86	36.18	36.33	36.46	32.27	32.52	32.55	35.68	35.67	35.67	35.64	35.61	37.12	37.10	37.04	36.94	36.92	38.19	38.11	38.02	37.98	37.90	37.82	37.78	37.66	37.61	37.48	37.46	37.34	37.27	37.18	37.04	36.95	36.82	36.76	36.63	36.52	36.41	36.31	36.13	36.03	35.95	35.83	35.68	35.57	35.62	35.52	35.44	35.33	35.22	35.08	34.92	34.79	34.60	33.55	33.84	34.05	34.08	34.02	33.86	33.73	33.56	33.36	33.24	33.07	32.86	32.74	32.68	32.55	32.40	32.22	32.04	31.84	31.66	31.46	31.24	31.04	30.81	30.58	30.38	30.15	29.93	29.70	29.47	29.27	29.10	28.92	28.74	28.56	28.38	28.22	28.04	27.90	27.75	27.57	27.44	27.09	26.92	26.73	26.61	





Read count (%) per base for different quality score ranges

	KU328820-15_A_L003_R1_013.trimmed.fastq.gz
Ranges	0-10	11-20	21-30	31-40
Base
1	0.00	1.13	9.09	89.77
2	0.00	0.58	7.68	91.75
3	0.00	0.44	7.07	92.48
4	0.00	0.39	2.91	96.70
5	0.00	0.43	3.26	96.31
6	0.00	0.45	3.27	96.28
7	0.00	0.44	3.25	96.31
8	0.00	0.45	3.24	96.31
9	0.00	0.49	3.51	96.00
10	0.00	0.48	3.42	96.11
11	0.00	0.48	3.45	96.07
12	0.00	0.48	3.44	96.08
13	0.00	0.48	3.45	96.07
14	0.00	1.01	6.04	92.95
15	0.00	1.03	6.11	92.86
16	0.00	1.02	6.14	92.84
17	0.00	1.04	6.14	92.82
18	0.00	1.05	6.15	92.80
19	0.00	1.07	6.29	92.64
20	0.00	1.06	6.23	92.71
21	0.00	1.05	6.31	92.64
22	0.00	1.05	6.26	92.69
23	0.00	1.03	6.24	92.73
24	0.00	1.09	6.48	92.43
25	0.00	1.05	6.41	92.54
26	0.00	1.06	6.43	92.51
27	0.00	1.05	6.44	92.51
28	0.00	1.01	6.38	92.61
29	0.00	0.99	6.38	92.63
30	0.00	0.99	6.54	92.47
31	0.00	0.96	6.43	92.61
32	0.00	0.92	6.41	92.67
33	0.00	0.94	6.59	92.47
34	0.00	0.94	6.73	92.33
35	0.00	0.90	6.58	92.52
36	0.00	0.90	6.55	92.55
37	0.00	0.91	6.61	92.48
38	0.00	0.90	6.57	92.52
39	0.00	0.89	6.53	92.58
40	0.00	0.91	6.59	92.50
41	0.00	0.89	6.56	92.55
42	0.00	0.88	6.50	92.63
43	0.00	0.84	6.43	92.73
44	0.00	0.83	6.41	92.76
45	0.00	0.84	6.35	92.81
46	0.00	0.89	6.53	92.58
47	0.00	0.86	6.47	92.66
48	0.00	0.87	6.44	92.69
49	0.00	0.86	6.32	92.82
50	0.00	0.87	6.39	92.73
51	0.00	0.80	6.13	93.08
52	0.00	0.76	5.87	93.37
53	0.00	0.77	5.87	93.35
54	0.00	0.77	5.83	93.40
55	0.00	0.75	5.76	93.49
56	0.00	0.75	5.77	93.47
57	0.00	0.73	5.67	93.60
58	0.00	0.72	5.65	93.62
59	0.00	0.77	5.95	93.29
60	0.00	0.74	5.90	93.37
61	0.00	0.75	5.94	93.30
62	0.00	0.72	5.87	93.41
63	0.00	0.72	5.95	93.33
64	0.00	0.69	5.83	93.48
65	0.00	0.71	5.97	93.32
66	0.00	0.70	5.93	93.37
67	0.00	0.72	6.05	93.23
68	0.00	0.71	6.13	93.16
69	0.00	0.73	6.26	93.01
70	0.00	0.83	6.77	92.40
71	0.00	0.76	6.70	92.54
72	0.00	0.76	6.69	92.55
73	0.00	0.78	6.88	92.33
74	0.00	1.03	8.45	90.52
75	0.00	0.84	7.51	91.65
76	0.00	0.86	11.50	87.64
77	0.00	0.71	7.87	91.42
78	0.00	0.69	6.89	92.41
79	0.00	0.67	6.50	92.83
80	0.00	0.68	6.35	92.97
81	0.00	0.69	6.35	92.97
82	0.00	0.70	6.36	92.94
83	0.00	0.70	6.42	92.88
84	0.00	0.77	6.69	92.54
85	0.00	0.79	6.82	92.40
86	0.00	0.80	6.88	92.31
87	0.00	0.82	6.98	92.20
88	0.00	0.83	7.06	92.11
89	0.00	0.87	7.15	91.97
90	0.00	0.90	7.36	91.74
91	0.00	0.96	7.66	91.38
92	0.00	0.96	7.65	91.39
93	0.00	0.99	7.80	91.22
94	0.00	1.00	7.93	91.07
95	0.00	1.05	8.14	90.82
96	0.00	1.07	8.35	90.58
97	0.00	1.00	8.32	90.69
98	0.00	1.01	8.42	90.58
99	0.00	1.01	8.52	90.47
100	0.00	2.95	17.44	79.61


	KU328820-15_A_L003_R2_013.trimmed.fastq.gz
Ranges	0-10	11-20	21-30	31-40
Base
1	0.11	2.38	4.14	93.38
2	0.00	1.31	3.08	95.61
3	0.00	0.86	2.64	96.50
4	0.00	0.67	2.31	97.02
5	0.00	0.94	10.41	88.66
6	0.00	0.86	8.97	90.17
7	0.00	0.86	8.95	90.18
8	0.00	0.84	4.57	94.59
9	0.00	0.83	4.53	94.63
10	0.00	0.84	4.40	94.76
11	0.00	0.84	4.42	94.75
12	0.00	0.84	4.40	94.76
13	0.00	0.83	4.44	94.73
14	0.00	0.81	4.38	94.81
15	0.00	0.80	4.41	94.79
16	0.00	0.83	4.62	94.55
17	0.00	0.80	4.46	94.75
18	0.00	1.50	7.40	91.11
19	0.00	1.48	7.38	91.13
20	0.00	1.50	7.44	91.06
21	0.00	1.40	7.21	91.39
22	0.00	1.38	7.20	91.43
23	0.00	1.46	7.44	91.10
24	0.00	1.35	7.15	91.49
25	0.00	1.36	7.28	91.35
26	0.00	1.29	7.03	91.68
27	0.00	1.29	7.11	91.60
28	0.00	1.26	7.17	91.58
29	0.00	1.23	7.18	91.59
30	0.00	1.18	7.03	91.79
31	0.00	1.14	6.96	91.90
32	0.00	1.13	7.10	91.77
33	0.00	1.09	6.96	91.95
34	0.00	1.07	7.04	91.90
35	0.00	1.01	6.88	92.11
36	0.00	1.02	7.00	91.97
37	0.00	1.00	7.04	91.97
38	0.00	0.98	7.01	92.01
39	0.00	0.97	6.94	92.10
40	0.00	1.00	7.23	91.77
41	0.00	0.96	7.08	91.96
42	0.00	0.93	6.89	92.18
43	0.00	0.94	6.94	92.11
44	0.00	0.96	6.99	92.05
45	0.00	0.93	6.87	92.20
46	0.00	0.87	6.80	92.33
47	0.00	0.88	6.84	92.28
48	0.00	0.87	6.71	92.42
49	0.00	0.89	6.74	92.37
50	0.00	0.89	6.70	92.41
51	0.00	0.86	6.56	92.58
52	0.00	0.86	6.57	92.57
53	0.00	0.86	6.42	92.72
54	0.00	0.88	6.55	92.56
55	0.00	0.61	6.15	93.24
56	0.00	0.65	5.37	93.97
57	0.00	0.70	5.52	93.78
58	0.00	0.73	5.77	93.50
59	0.00	0.76	5.91	93.33
60	0.00	0.79	6.08	93.13
61	0.00	0.79	5.99	93.21
62	0.00	0.79	6.08	93.13
63	0.00	0.80	6.28	92.92
64	0.00	0.74	6.05	93.21
65	0.00	0.74	6.08	93.18
66	0.00	0.78	6.25	92.98
67	0.00	0.72	6.12	93.16
68	0.00	0.64	5.62	93.74
69	0.00	0.62	5.54	93.84
70	0.00	0.61	5.48	93.91
71	0.00	0.61	5.45	93.94
72	0.00	0.61	5.44	93.95
73	0.00	0.61	5.56	93.83
74	0.00	0.58	5.42	94.00
75	0.00	0.59	5.45	93.97
76	0.00	0.60	5.52	93.88
77	0.00	0.58	5.54	93.88
78	0.00	0.60	5.61	93.79
79	0.00	0.61	5.71	93.68
80	0.00	0.60	5.72	93.68
81	0.00	0.62	5.79	93.59
82	0.00	0.63	5.89	93.48
83	0.00	0.66	6.04	93.30
84	0.00	0.67	6.18	93.14
85	0.00	0.68	6.21	93.11
86	0.00	0.67	6.11	93.22
87	0.00	0.67	6.10	93.23
88	0.00	0.69	6.15	93.16
89	0.00	0.70	6.22	93.08
90	0.00	0.74	6.36	92.90
91	0.00	0.76	6.46	92.78
92	0.00	0.79	6.64	92.57
93	0.00	0.77	6.55	92.69
94	0.00	0.79	6.62	92.60
95	0.00	0.84	6.90	92.27
96	0.00	0.82	6.82	92.37
97	0.00	0.82	6.90	92.28
98	0.00	0.81	6.99	92.20
99	0.00	0.82	7.08	92.09
100	0.00	0.88	7.20	91.91




