Parameters
	Library type	Paired-end
	Input files	KU328820-15_A_L003_R1_038.trimmed.fastq.gz	KU328820-15_A_L003_R2_038.trimmed.fastq.gz
	Primer/Adaptor library	NA
	Cut-off read length for HQ	70%
	Cut-off quality score	20
	Only statistics	On
	Number of CPUs	2


QC statistics
	File name	KU328820-15_A_L003_R1_038.trimmed.fastq.gz	KU328820-15_A_L003_R2_038.trimmed.fastq.gz
	Total number of reads	4000000	4000000
	Total number of HQ reads	3982953	3982953
	Percentage of HQ reads	99.57%	99.57%
	Total number of bases	366039534	359194332
	Total number of bases in HQ reads	365109023	358924379
	Total number of HQ bases in HQ reads	363049359	356739520
	Percentage of HQ bases in HQ reads	99.44%	99.39%
	Number of Primer/Adaptor contaminated HQ reads	NA	NA
	Total number of HQ filtered reads	3982953	3982953
	Percentage of HQ filtered reads	99.57%	99.57%


Detailed QC statistics
	File name	KU328820-15_A_L003_R1_038.trimmed.fastq.gz	KU328820-15_A_L003_R2_038.trimmed.fastq.gz
	Minimum read length	1	1
	Maximum read length	100	100
	Average read length	91.51	89.80
	Total number of reads	4000000	4000000
	Total number of reads with non-ATGC bases	214	4989
	Percentage of reads with non-ATGC bases	0.01%	0.12%
	Total number of bases	366039534	359194332
	Total number of HQ bases	363938418	356934210
	Percentage of HQ bases	99.43%	99.37%
	Total number of non-ATGC bases	214	4989
	Percentage of non-ATGC bases	0.00%	0.00%


Average quality score at each base position of input reads

KU328820-15_A_L003_R1_038.trimmed.fastq.gz
32.01	32.50	32.67	36.04	35.92	35.93	35.96	35.94	37.60	37.58	37.57	37.54	37.52	38.86	38.84	38.79	38.76	38.67	38.71	38.64	38.57	38.50	38.45	38.37	38.31	38.17	38.07	37.98	37.86	37.74	37.61	37.50	37.41	37.26	37.12	36.96	36.83	36.69	36.56	36.37	36.27	36.11	36.17	36.12	36.04	35.96	35.86	35.70	35.59	35.43	35.33	35.28	35.15	35.01	34.87	34.67	34.52	34.37	34.19	34.01	33.83	33.57	33.41	33.19	32.99	32.75	32.50	32.30	32.03	31.79	31.58	31.33	31.07	30.84	30.62	29.76	29.95	29.96	29.82	29.68	29.48	29.20	28.95	28.74	28.59	28.40	28.20	28.03	27.82	27.65	27.44	27.30	27.15	26.98	26.79	26.56	26.39	26.20	26.00	24.74	

KU328820-15_A_L003_R2_038.trimmed.fastq.gz
35.78	36.13	36.31	36.41	31.90	32.23	32.34	35.51	35.51	35.49	35.47	35.44	36.91	36.87	36.79	36.75	36.69	37.91	37.79	37.79	37.66	37.59	37.56	37.47	37.38	37.28	37.18	37.14	37.03	36.92	36.83	36.71	36.60	36.44	36.33	36.21	36.07	35.95	35.86	35.74	35.64	35.48	35.37	35.28	35.15	35.18	35.05	34.93	34.80	34.74	34.57	34.41	34.26	34.09	33.14	33.39	33.55	33.54	33.42	33.26	33.11	32.93	32.77	32.59	32.37	32.19	32.11	32.01	31.85	31.73	31.46	31.27	31.07	30.92	30.73	30.54	30.33	30.11	29.91	29.68	29.43	29.23	29.00	28.83	28.63	28.44	28.22	28.04	27.86	27.65	27.49	27.33	27.15	27.00	26.87	26.73	26.47	26.30	26.08	25.95	





Read count (%) per base for different quality score ranges

	KU328820-15_A_L003_R1_038.trimmed.fastq.gz
Ranges	0-10	11-20	21-30	31-40
Base
1	0.01	1.42	10.59	87.99
2	0.00	0.73	8.71	90.56
3	0.00	0.56	8.17	91.26
4	0.00	0.47	3.33	96.20
5	0.00	0.69	3.89	95.42
6	0.00	0.64	3.84	95.52
7	0.00	0.58	3.76	95.66
8	0.00	0.60	3.82	95.59
9	0.00	0.57	3.74	95.69
10	0.00	0.57	3.83	95.60
11	0.00	0.56	3.85	95.59
12	0.00	0.56	3.94	95.50
13	0.00	0.57	3.96	95.47
14	0.00	1.11	6.43	92.45
15	0.00	1.12	6.49	92.39
16	0.00	1.15	6.55	92.31
17	0.00	1.14	6.53	92.33
18	0.00	1.17	6.70	92.13
19	0.00	1.14	6.60	92.26
20	0.00	1.15	6.67	92.18
21	0.00	1.16	6.70	92.14
22	0.00	1.15	6.67	92.17
23	0.00	1.12	6.62	92.26
24	0.00	1.16	6.84	92.00
25	0.00	1.11	6.75	92.14
26	0.00	1.20	6.83	91.97
27	0.00	1.16	6.83	92.01
28	0.00	1.12	6.75	92.13
29	0.00	1.11	6.84	92.05
30	0.00	1.08	6.86	92.06
31	0.00	1.06	6.92	92.01
32	0.00	1.04	6.93	92.03
33	0.00	0.99	6.85	92.15
34	0.00	1.00	7.01	91.99
35	0.00	1.00	7.06	91.94
36	0.00	1.01	7.17	91.82
37	0.00	0.99	7.07	91.95
38	0.00	0.99	7.07	91.94
39	0.00	0.97	7.06	91.97
40	0.00	1.00	7.14	91.85
41	0.00	0.95	6.91	92.14
42	0.00	0.96	6.95	92.09
43	0.00	0.94	6.95	92.11
44	0.00	0.94	6.94	92.12
45	0.00	0.93	6.89	92.19
46	0.00	0.92	6.80	92.28
47	0.00	0.90	6.73	92.37
48	0.00	0.93	6.84	92.23
49	0.00	0.91	6.69	92.40
50	0.00	0.94	6.75	92.31
51	0.00	0.88	6.68	92.44
52	0.00	0.83	6.32	92.85
53	0.00	0.84	6.29	92.87
54	0.00	0.82	6.22	92.96
55	0.00	0.81	6.21	92.98
56	0.00	0.85	6.32	92.84
57	0.00	0.81	6.20	92.99
58	0.00	0.80	6.11	93.09
59	0.00	0.76	6.13	93.10
60	0.00	0.77	6.09	93.15
61	0.00	0.75	6.04	93.20
62	0.00	0.80	6.37	92.83
63	0.00	0.75	6.18	93.07
64	0.00	0.76	6.28	92.96
65	0.00	0.76	6.29	92.95
66	0.00	0.78	6.43	92.79
67	0.00	0.80	6.65	92.54
68	0.00	0.77	6.56	92.67
69	0.00	0.80	6.79	92.41
70	0.00	0.80	6.83	92.37
71	0.00	0.77	6.79	92.45
72	0.00	0.79	6.93	92.29
73	0.00	0.81	7.04	92.15
74	0.00	0.79	7.02	92.20
75	0.00	0.76	6.96	92.27
76	0.00	0.76	9.72	89.52
77	0.00	0.69	7.60	91.71
78	0.00	0.68	6.87	92.45
79	0.00	0.70	6.72	92.58
80	0.00	0.67	6.46	92.87
81	0.00	0.71	6.50	92.79
82	0.00	0.80	6.87	92.34
83	0.00	0.85	7.21	91.94
84	0.00	0.85	7.33	91.82
85	0.00	0.81	7.13	92.06
86	0.00	0.86	7.28	91.85
87	0.00	0.90	7.49	91.61
88	0.00	0.91	7.52	91.58
89	0.00	0.98	7.89	91.13
90	0.00	1.01	8.00	90.99
91	0.00	1.10	8.37	90.53
92	0.00	1.05	8.29	90.65
93	0.00	1.04	8.31	90.65
94	0.00	1.08	8.44	90.47
95	0.00	1.13	8.72	90.15
96	0.00	1.10	8.70	90.20
97	0.00	1.08	8.82	90.10
98	0.00	1.07	9.00	89.93
99	0.00	1.12	9.18	89.70
100	0.00	3.02	17.91	79.07


	KU328820-15_A_L003_R2_038.trimmed.fastq.gz
Ranges	0-10	11-20	21-30	31-40
Base
1	0.12	2.67	4.51	92.69
2	0.00	1.50	3.41	95.09
3	0.00	0.93	2.82	96.25
4	0.00	0.73	2.52	96.75
5	0.00	1.12	12.85	86.03
6	0.00	0.98	10.44	88.58
7	0.00	0.95	10.05	89.00
8	0.00	0.94	5.13	93.93
9	0.00	0.91	4.97	94.12
10	0.00	0.94	4.95	94.11
11	0.00	0.93	4.90	94.17
12	0.00	0.92	4.83	94.25
13	0.00	0.92	4.89	94.19
14	0.00	0.90	4.88	94.23
15	0.00	0.92	4.99	94.09
16	0.00	0.89	4.89	94.21
17	0.00	0.87	4.90	94.23
18	0.00	1.60	7.84	90.56
19	0.00	1.62	7.92	90.47
20	0.00	1.49	7.62	90.90
21	0.00	1.53	7.73	90.74
22	0.00	1.47	7.59	90.94
23	0.00	1.47	7.68	90.85
24	0.00	1.44	7.62	90.94
25	0.00	1.42	7.55	91.03
26	0.00	1.38	7.51	91.11
27	0.00	1.36	7.46	91.18
28	0.00	1.33	7.51	91.16
29	0.00	1.31	7.51	91.18
30	0.00	1.29	7.46	91.25
31	0.00	1.22	7.38	91.41
32	0.00	1.20	7.41	91.39
33	0.00	1.16	7.33	91.51
34	0.00	1.16	7.54	91.29
35	0.00	1.12	7.44	91.44
36	0.00	1.26	7.40	91.33
37	0.00	1.16	7.67	91.17
38	0.00	1.09	7.62	91.29
39	0.00	1.03	7.47	91.50
40	0.00	1.03	7.43	91.54
41	0.00	0.99	7.29	91.72
42	0.00	1.03	7.48	91.49
43	0.00	1.01	7.37	91.62
44	0.00	0.97	7.15	91.88
45	0.00	0.97	7.15	91.88
46	0.00	0.91	7.09	92.00
47	0.00	0.97	7.24	91.80
48	0.00	0.98	7.27	91.75
49	0.00	0.99	7.28	91.73
50	0.00	0.93	6.98	92.09
51	0.00	0.94	6.99	92.07
52	0.00	0.92	6.93	92.15
53	0.00	0.92	6.88	92.19
54	0.00	0.92	6.88	92.21
55	0.00	0.68	6.46	92.85
56	0.00	0.69	5.68	93.63
57	0.00	0.76	5.91	93.33
58	0.00	0.80	6.20	93.00
59	0.00	0.83	6.39	92.78
60	0.00	0.86	6.54	92.60
61	0.00	0.87	6.49	92.64
62	0.00	0.86	6.45	92.69
63	0.00	0.83	6.51	92.66
64	0.00	0.83	6.54	92.63
65	0.00	0.84	6.58	92.58
66	0.00	0.83	6.56	92.61
67	0.00	0.75	6.35	92.90
68	0.00	0.70	6.05	93.25
69	0.00	0.71	6.10	93.18
70	0.00	0.66	5.82	93.52
71	0.00	0.73	6.26	93.01
72	0.00	0.72	6.23	93.06
73	0.00	0.72	6.03	93.25
74	0.00	0.65	5.89	93.46
75	0.00	0.64	5.84	93.53
76	0.00	0.62	5.86	93.52
77	0.00	0.63	5.86	93.52
78	0.00	0.63	5.97	93.40
79	0.00	0.63	5.94	93.43
80	0.00	0.65	6.08	93.28
81	0.00	0.68	6.32	93.00
82	0.00	0.67	6.31	93.02
83	0.00	0.71	6.43	92.86
84	0.00	0.67	6.29	93.03
85	0.00	0.68	6.34	92.98
86	0.00	0.68	6.35	92.96
87	0.00	0.75	6.66	92.59
88	0.00	0.74	6.66	92.59
89	0.00	0.77	6.77	92.46
90	0.00	0.83	7.08	92.08
91	0.00	0.83	7.08	92.09
92	0.00	0.85	7.15	92.00
93	0.00	0.88	7.32	91.80
94	0.00	0.88	7.32	91.80
95	0.00	0.87	7.30	91.83
96	0.00	0.85	7.27	91.88
97	0.00	0.89	7.40	91.71
98	0.00	0.87	7.44	91.69
99	0.00	0.92	7.72	91.36
100	0.00	1.01	7.96	91.04




