Parameters
	Library type	Paired-end
	Input files	KU328820-15_A_L003_R1_019.trimmed.fastq.gz	KU328820-15_A_L003_R2_019.trimmed.fastq.gz
	Primer/Adaptor library	NA
	Cut-off read length for HQ	70%
	Cut-off quality score	20
	Only statistics	On
	Number of CPUs	2


QC statistics
	File name	KU328820-15_A_L003_R1_019.trimmed.fastq.gz	KU328820-15_A_L003_R2_019.trimmed.fastq.gz
	Total number of reads	4000000	4000000
	Total number of HQ reads	3987960	3987960
	Percentage of HQ reads	99.70%	99.70%
	Total number of bases	369716059	367304900
	Total number of bases in HQ reads	369000446	367122351
	Total number of HQ bases in HQ reads	367269512	365370442
	Percentage of HQ bases in HQ reads	99.53%	99.52%
	Number of Primer/Adaptor contaminated HQ reads	NA	NA
	Total number of HQ filtered reads	3987960	3987960
	Percentage of HQ filtered reads	99.70%	99.70%


Detailed QC statistics
	File name	KU328820-15_A_L003_R1_019.trimmed.fastq.gz	KU328820-15_A_L003_R2_019.trimmed.fastq.gz
	Minimum read length	1	1
	Maximum read length	100	100
	Average read length	92.43	91.83
	Total number of reads	4000000	4000000
	Total number of reads with non-ATGC bases	139	3856
	Percentage of reads with non-ATGC bases	0.00%	0.10%
	Total number of bases	369716059	367304900
	Total number of HQ bases	367958601	365501813
	Percentage of HQ bases	99.52%	99.51%
	Total number of non-ATGC bases	139	3856
	Percentage of non-ATGC bases	0.00%	0.00%


Average quality score at each base position of input reads

KU328820-15_A_L003_R1_019.trimmed.fastq.gz
32.40	32.80	32.92	36.22	36.17	36.17	36.16	36.15	37.84	37.85	37.83	37.82	37.81	39.25	39.19	39.17	39.13	39.08	39.06	39.04	39.00	38.89	38.85	38.79	38.71	38.61	38.53	38.42	38.34	38.23	38.12	37.96	37.84	37.76	37.66	37.53	37.36	37.26	37.12	36.97	36.81	36.68	36.75	36.70	36.65	36.54	36.45	36.31	36.17	36.04	36.04	35.95	35.85	35.72	35.56	35.42	35.26	35.07	34.88	34.68	34.52	34.34	34.17	33.97	33.77	33.56	33.36	33.11	32.88	32.51	32.29	31.98	31.78	31.17	31.10	30.02	30.40	30.49	30.39	30.23	30.03	29.85	29.62	29.42	29.23	29.06	28.87	28.71	28.51	28.35	28.17	28.01	27.85	27.70	27.53	27.40	27.24	27.05	26.89	25.65	

KU328820-15_A_L003_R2_019.trimmed.fastq.gz
36.01	36.31	36.42	36.52	32.38	32.65	32.70	35.85	35.86	35.83	35.82	35.81	37.38	37.32	37.32	37.26	37.23	38.55	38.47	38.42	38.35	38.28	38.29	38.22	38.15	38.00	37.96	37.90	37.81	37.72	37.64	37.58	37.48	37.37	37.27	37.16	37.05	36.92	36.81	36.69	36.61	36.48	36.39	36.25	36.16	36.17	36.11	36.02	35.92	35.82	35.68	35.54	35.40	35.24	34.20	34.48	34.68	34.73	34.65	34.52	34.38	34.21	34.00	33.87	33.66	33.51	33.45	33.36	33.26	33.11	32.89	32.68	32.50	32.32	32.14	31.92	31.68	31.48	31.25	31.05	30.80	30.58	30.37	30.18	29.97	29.77	29.59	29.39	29.22	29.05	28.91	28.74	28.56	28.43	28.27	28.14	27.86	27.65	27.45	27.32	





Read count (%) per base for different quality score ranges

	KU328820-15_A_L003_R1_019.trimmed.fastq.gz
Ranges	0-10	11-20	21-30	31-40
Base
1	0.00	0.98	8.42	90.60
2	0.00	0.50	6.90	92.60
3	0.00	0.39	6.36	93.24
4	0.00	0.36	2.61	97.03
5	0.00	0.39	2.94	96.68
6	0.00	0.41	2.91	96.68
7	0.00	0.42	2.95	96.63
8	0.00	0.42	2.94	96.64
9	0.00	0.42	3.04	96.54
10	0.00	0.42	2.98	96.61
11	0.00	0.42	3.04	96.55
12	0.00	0.42	3.05	96.52
13	0.00	0.43	3.06	96.50
14	0.00	0.94	5.71	93.35
15	0.00	1.00	5.86	93.14
16	0.00	0.99	5.77	93.24
17	0.00	0.98	5.80	93.22
18	0.00	1.00	5.85	93.15
19	0.00	1.03	5.99	92.98
20	0.00	0.99	5.85	93.16
21	0.00	0.99	5.84	93.17
22	0.00	1.03	6.00	92.97
23	0.00	0.98	5.90	93.12
24	0.00	1.01	6.07	92.92
25	0.00	1.00	6.05	92.95
26	0.00	1.03	6.08	92.89
27	0.00	0.98	6.00	93.02
28	0.00	0.98	6.10	92.92
29	0.00	0.94	6.00	93.06
30	0.00	0.91	6.05	93.04
31	0.00	0.91	6.09	93.01
32	0.00	0.94	6.29	92.78
33	0.00	0.91	6.32	92.77
34	0.00	0.87	6.18	92.95
35	0.00	0.86	6.19	92.95
36	0.00	0.86	6.20	92.94
37	0.00	0.89	6.35	92.75
38	0.00	0.84	6.23	92.93
39	0.00	0.84	6.24	92.92
40	0.00	0.87	6.25	92.88
41	0.00	0.88	6.29	92.83
42	0.00	0.86	6.19	92.95
43	0.00	0.81	6.19	93.00
44	0.00	0.83	6.18	92.99
45	0.00	0.80	6.02	93.18
46	0.00	0.84	6.09	93.06
47	0.00	0.81	6.00	93.20
48	0.00	0.83	6.06	93.12
49	0.00	0.85	6.14	93.01
50	0.00	0.85	6.09	93.07
51	0.00	0.75	5.73	93.52
52	0.00	0.74	5.56	93.70
53	0.00	0.73	5.46	93.81
54	0.00	0.73	5.46	93.82
55	0.00	0.74	5.53	93.73
56	0.00	0.72	5.46	93.82
57	0.00	0.72	5.49	93.79
58	0.00	0.74	5.50	93.76
59	0.00	0.73	5.60	93.68
60	0.00	0.73	5.64	93.63
61	0.00	0.69	5.55	93.76
62	0.00	0.68	5.51	93.81
63	0.00	0.67	5.46	93.87
64	0.00	0.67	5.48	93.86
65	0.00	0.68	5.55	93.78
66	0.00	0.66	5.63	93.71
67	0.00	0.64	5.57	93.79
68	0.00	0.68	5.76	93.56
69	0.00	0.66	5.78	93.56
70	0.00	0.76	6.27	92.97
71	0.00	0.74	6.21	93.05
72	0.00	0.80	6.52	92.68
73	0.00	0.72	6.36	92.92
74	0.00	1.03	8.04	90.93
75	0.00	0.80	7.11	92.09
76	0.00	0.85	10.82	88.33
77	0.00	0.69	7.49	91.81
78	0.00	0.67	6.53	92.80
79	0.00	0.67	6.17	93.16
80	0.00	0.67	6.06	93.27
81	0.00	0.68	6.08	93.24
82	0.00	0.67	6.00	93.34
83	0.00	0.73	6.21	93.06
84	0.00	0.73	6.24	93.03
85	0.00	0.75	6.33	92.92
86	0.00	0.76	6.31	92.93
87	0.00	0.79	6.47	92.74
88	0.00	0.80	6.56	92.65
89	0.00	0.87	6.88	92.24
90	0.00	0.86	6.93	92.21
91	0.00	0.92	7.16	91.92
92	0.00	0.94	7.22	91.84
93	0.00	0.96	7.43	91.61
94	0.00	0.96	7.46	91.58
95	0.00	0.97	7.66	91.38
96	0.00	0.93	7.56	91.50
97	0.00	0.92	7.58	91.50
98	0.00	0.96	7.91	91.13
99	0.00	0.96	8.01	91.03
100	0.00	2.67	16.27	81.06


	KU328820-15_A_L003_R2_019.trimmed.fastq.gz
Ranges	0-10	11-20	21-30	31-40
Base
1	0.10	2.07	3.58	94.25
2	0.00	1.09	2.64	96.27
3	0.00	0.73	2.23	97.03
4	0.00	0.58	1.94	97.48
5	0.00	0.78	9.26	89.97
6	0.00	0.70	7.79	91.51
7	0.00	0.69	7.70	91.61
8	0.00	0.69	3.83	95.48
9	0.00	0.65	3.71	95.64
10	0.00	0.71	3.81	95.48
11	0.00	0.69	3.74	95.57
12	0.00	0.68	3.67	95.65
13	0.00	0.67	3.74	95.59
14	0.00	0.69	3.86	95.45
15	0.00	0.65	3.69	95.65
16	0.00	0.67	3.81	95.53
17	0.00	0.64	3.73	95.63
18	0.00	1.37	6.81	91.81
19	0.00	1.36	6.84	91.81
20	0.00	1.32	6.70	91.98
21	0.00	1.29	6.64	92.07
22	0.00	1.27	6.61	92.12
23	0.00	1.23	6.60	92.17
24	0.00	1.21	6.59	92.20
25	0.00	1.17	6.51	92.32
26	0.00	1.23	6.72	92.05
27	0.00	1.14	6.47	92.39
28	0.00	1.16	6.66	92.17
29	0.00	1.14	6.64	92.22
30	0.00	1.10	6.52	92.37
31	0.00	1.04	6.43	92.52
32	0.00	1.00	6.32	92.69
33	0.00	0.97	6.39	92.65
34	0.00	0.96	6.36	92.68
35	0.00	0.94	6.45	92.61
36	0.00	0.94	6.48	92.59
37	0.00	0.91	6.47	92.62
38	0.00	0.94	6.57	92.49
39	0.00	0.90	6.56	92.53
40	0.00	0.92	6.55	92.53
41	0.00	0.87	6.40	92.73
42	0.00	0.88	6.52	92.60
43	0.00	0.87	6.40	92.74
44	0.00	0.87	6.45	92.68
45	0.00	0.84	6.29	92.87
46	0.00	0.83	6.34	92.83
47	0.00	0.81	6.26	92.93
48	0.00	0.84	6.26	92.91
49	0.00	0.84	6.28	92.88
50	0.00	0.82	6.17	93.01
51	0.00	0.81	6.09	93.10
52	0.00	0.81	6.09	93.10
53	0.00	0.80	6.02	93.18
54	0.00	0.80	6.01	93.19
55	0.00	0.57	5.55	93.88
56	0.00	0.59	4.84	94.57
57	0.00	0.66	5.09	94.24
58	0.00	0.68	5.36	93.96
59	0.00	0.72	5.50	93.78
60	0.00	0.73	5.62	93.66
61	0.00	0.74	5.62	93.64
62	0.00	0.75	5.67	93.58
63	0.00	0.78	5.91	93.31
64	0.00	0.73	5.74	93.53
65	0.00	0.77	5.94	93.29
66	0.00	0.72	5.78	93.50
67	0.00	0.62	5.55	93.83
68	0.00	0.60	5.22	94.17
69	0.00	0.56	5.02	94.41
70	0.00	0.57	4.96	94.47
71	0.00	0.58	5.13	94.29
72	0.00	0.61	5.24	94.15
73	0.00	0.57	5.15	94.28
74	0.00	0.55	5.08	94.37
75	0.00	0.54	5.01	94.45
76	0.00	0.55	5.09	94.37
77	0.00	0.57	5.22	94.22
78	0.00	0.56	5.16	94.29
79	0.00	0.57	5.22	94.21
80	0.00	0.56	5.16	94.28
81	0.00	0.60	5.39	94.02
82	0.00	0.58	5.38	94.03
83	0.00	0.59	5.42	93.99
84	0.00	0.58	5.36	94.06
85	0.00	0.59	5.45	93.96
86	0.00	0.62	5.50	93.88
87	0.00	0.62	5.55	93.84
88	0.00	0.64	5.67	93.70
89	0.00	0.65	5.71	93.64
90	0.00	0.68	5.84	93.48
91	0.00	0.66	5.75	93.59
92	0.00	0.69	5.90	93.40
93	0.00	0.74	6.11	93.15
94	0.00	0.72	6.13	93.14
95	0.00	0.76	6.29	92.96
96	0.00	0.73	6.26	93.00
97	0.00	0.72	6.20	93.08
98	0.00	0.75	6.39	92.87
99	0.00	0.80	6.69	92.51
100	0.00	0.88	6.90	92.22




