Parameters
	Library type	Paired-end
	Input files	KU328820-15_A_L003_R1_014.trimmed.fastq.gz	KU328820-15_A_L003_R2_014.trimmed.fastq.gz
	Primer/Adaptor library	NA
	Cut-off read length for HQ	70%
	Cut-off quality score	20
	Only statistics	On
	Number of CPUs	2


QC statistics
	File name	KU328820-15_A_L003_R1_014.trimmed.fastq.gz	KU328820-15_A_L003_R2_014.trimmed.fastq.gz
	Total number of reads	4000000	4000000
	Total number of HQ reads	3984257	3984257
	Percentage of HQ reads	99.61%	99.61%
	Total number of bases	366763392	361107247
	Total number of bases in HQ reads	365877732	360863103
	Total number of HQ bases in HQ reads	363891921	358749375
	Percentage of HQ bases in HQ reads	99.46%	99.41%
	Number of Primer/Adaptor contaminated HQ reads	NA	NA
	Total number of HQ filtered reads	3984257	3984257
	Percentage of HQ filtered reads	99.61%	99.61%


Detailed QC statistics
	File name	KU328820-15_A_L003_R1_014.trimmed.fastq.gz	KU328820-15_A_L003_R2_014.trimmed.fastq.gz
	Minimum read length	1	1
	Maximum read length	100	100
	Average read length	91.69	90.28
	Total number of reads	4000000	4000000
	Total number of reads with non-ATGC bases	142	4287
	Percentage of reads with non-ATGC bases	0.00%	0.11%
	Total number of bases	366763392	361107247
	Total number of HQ bases	364740983	358921086
	Percentage of HQ bases	99.45%	99.39%
	Total number of non-ATGC bases	142	4287
	Percentage of non-ATGC bases	0.00%	0.00%


Average quality score at each base position of input reads

KU328820-15_A_L003_R1_014.trimmed.fastq.gz
32.17	32.58	32.74	36.09	36.03	36.02	36.02	36.00	37.65	37.64	37.58	37.56	37.58	38.95	38.92	38.87	38.86	38.80	38.79	38.73	38.67	38.62	38.50	38.47	38.40	38.32	38.21	38.11	38.01	37.89	37.76	37.65	37.54	37.42	37.30	37.18	37.00	36.87	36.73	36.58	36.42	36.26	36.38	36.33	36.27	36.16	36.04	35.91	35.83	35.68	35.60	35.50	35.32	35.21	35.07	34.90	34.72	34.56	34.40	34.21	34.02	33.83	33.62	33.43	33.20	32.97	32.75	32.50	32.27	31.88	31.58	31.30	31.06	30.55	30.40	29.33	29.71	29.82	29.73	29.54	29.38	29.18	29.01	28.80	28.52	28.34	28.17	28.00	27.82	27.66	27.47	27.29	27.11	26.98	26.85	26.67	26.47	26.23	26.07	24.76	

KU328820-15_A_L003_R2_014.trimmed.fastq.gz
35.80	36.13	36.28	36.42	32.21	32.44	32.49	35.60	35.56	35.56	35.49	35.49	36.98	36.97	36.91	36.81	36.81	37.97	37.95	37.85	37.78	37.71	37.69	37.58	37.48	37.41	37.30	37.25	37.14	37.02	36.93	36.85	36.73	36.63	36.52	36.40	36.31	36.16	36.02	35.90	35.79	35.67	35.57	35.42	35.27	35.34	35.22	35.14	35.01	34.92	34.76	34.60	34.46	34.28	33.20	33.51	33.74	33.74	33.65	33.53	33.38	33.22	33.05	32.90	32.71	32.51	32.42	32.30	32.19	32.03	31.83	31.68	31.48	31.24	31.03	30.86	30.62	30.42	30.17	29.98	29.77	29.57	29.38	29.15	28.91	28.72	28.56	28.39	28.19	28.05	27.84	27.70	27.54	27.37	27.21	27.04	26.70	26.52	26.30	26.14	





Read count (%) per base for different quality score ranges

	KU328820-15_A_L003_R1_014.trimmed.fastq.gz
Ranges	0-10	11-20	21-30	31-40
Base
1	0.00	1.20	9.91	88.89
2	0.00	0.63	8.49	90.88
3	0.00	0.48	7.71	91.81
4	0.00	0.42	3.12	96.47
5	0.00	0.45	3.49	96.06
6	0.00	0.49	3.56	95.95
7	0.00	0.48	3.51	96.01
8	0.00	0.50	3.62	95.88
9	0.00	0.51	3.63	95.86
10	0.00	0.51	3.66	95.83
11	0.00	0.55	3.81	95.65
12	0.00	0.55	3.88	95.57
13	0.00	0.53	3.74	95.73
14	0.00	1.06	6.33	92.62
15	0.00	1.07	6.33	92.60
16	0.00	1.09	6.42	92.49
17	0.00	1.08	6.32	92.60
18	0.00	1.09	6.44	92.48
19	0.00	1.12	6.54	92.35
20	0.00	1.11	6.55	92.34
21	0.00	1.10	6.52	92.37
22	0.00	1.09	6.52	92.39
23	0.00	1.12	6.66	92.22
24	0.00	1.09	6.70	92.22
25	0.00	1.08	6.64	92.28
26	0.00	1.09	6.57	92.34
27	0.00	1.09	6.64	92.27
28	0.00	1.07	6.63	92.30
29	0.00	1.03	6.63	92.34
30	0.00	1.02	6.67	92.31
31	0.00	1.00	6.76	92.24
32	0.00	0.98	6.79	92.23
33	0.00	0.96	6.77	92.27
34	0.00	0.95	6.83	92.23
35	0.00	0.94	6.81	92.25
36	0.00	0.94	6.82	92.24
37	0.00	0.96	6.96	92.08
38	0.00	0.94	6.88	92.18
39	0.00	0.95	6.90	92.15
40	0.00	0.96	6.89	92.15
41	0.00	0.96	6.91	92.13
42	0.00	0.96	6.92	92.12
43	0.00	0.89	6.74	92.37
44	0.00	0.89	6.76	92.35
45	0.00	0.88	6.62	92.50
46	0.00	0.90	6.66	92.44
47	0.00	0.89	6.60	92.51
48	0.00	0.91	6.62	92.47
49	0.00	0.86	6.45	92.68
50	0.00	0.88	6.50	92.62
51	0.00	0.82	6.33	92.85
52	0.00	0.82	6.16	93.02
53	0.00	0.84	6.30	92.86
54	0.00	0.81	6.10	93.09
55	0.00	0.80	6.07	93.13
56	0.00	0.80	6.08	93.13
57	0.00	0.81	6.10	93.09
58	0.00	0.79	6.09	93.12
59	0.00	0.76	6.03	93.21
60	0.00	0.76	6.02	93.22
61	0.00	0.75	6.03	93.22
62	0.00	0.73	6.03	93.24
63	0.00	0.75	6.14	93.11
64	0.00	0.74	6.12	93.14
65	0.00	0.76	6.28	92.96
66	0.00	0.76	6.34	92.89
67	0.00	0.76	6.39	92.86
68	0.00	0.77	6.55	92.67
69	0.00	0.75	6.51	92.74
70	0.00	0.81	6.79	92.41
71	0.00	0.85	7.08	92.07
72	0.00	0.87	7.31	91.82
73	0.00	0.84	7.34	91.83
74	0.00	1.05	8.67	90.27
75	0.00	0.92	7.99	91.09
76	0.00	0.91	12.10	86.99
77	0.00	0.77	8.52	90.72
78	0.00	0.73	7.34	91.93
79	0.00	0.73	6.98	92.29
80	0.00	0.77	7.03	92.20
81	0.00	0.73	6.84	92.44
82	0.00	0.76	6.84	92.40
83	0.00	0.74	6.78	92.49
84	0.00	0.78	6.89	92.33
85	0.00	0.92	7.56	91.53
86	0.00	0.89	7.56	91.55
87	0.00	0.90	7.53	91.56
88	0.00	0.91	7.61	91.48
89	0.00	0.97	7.82	91.22
90	0.00	0.95	7.82	91.23
91	0.00	1.03	8.15	90.82
92	0.00	1.06	8.38	90.56
93	0.00	1.12	8.57	90.32
94	0.00	1.05	8.45	90.50
95	0.00	1.02	8.32	90.66
96	0.00	1.05	8.46	90.49
97	0.00	1.06	8.72	90.22
98	0.00	1.17	9.32	89.51
99	0.00	1.13	9.28	89.59
100	0.00	3.09	18.25	78.65


	KU328820-15_A_L003_R2_014.trimmed.fastq.gz
Ranges	0-10	11-20	21-30	31-40
Base
1	0.11	2.50	4.51	92.88
2	0.00	1.39	3.38	95.23
3	0.00	0.91	2.88	96.20
4	0.00	0.72	2.49	96.78
5	0.00	1.00	10.85	88.15
6	0.00	0.93	9.56	89.50
7	0.00	0.92	9.39	89.69
8	0.00	0.91	4.91	94.18
9	0.00	0.93	4.99	94.08
10	0.00	0.93	4.86	94.21
11	0.00	0.98	5.08	93.93
12	0.00	0.92	4.82	94.26
13	0.00	0.91	4.84	94.25
14	0.00	0.88	4.75	94.37
15	0.00	0.88	4.80	94.32
16	0.00	0.90	4.98	94.11
17	0.00	0.84	4.71	94.45
18	0.00	1.64	7.89	90.48
19	0.00	1.52	7.60	90.88
20	0.00	1.54	7.70	90.76
21	0.00	1.48	7.59	90.93
22	0.00	1.45	7.47	91.09
23	0.00	1.42	7.51	91.07
24	0.00	1.42	7.53	91.05
25	0.00	1.41	7.52	91.07
26	0.00	1.34	7.33	91.33
27	0.00	1.34	7.34	91.32
28	0.00	1.31	7.46	91.23
29	0.00	1.29	7.47	91.24
30	0.00	1.25	7.44	91.31
31	0.00	1.22	7.34	91.44
32	0.00	1.14	7.21	91.65
33	0.00	1.14	7.25	91.62
34	0.00	1.09	7.18	91.74
35	0.00	1.06	7.23	91.71
36	0.00	1.05	7.27	91.69
37	0.00	1.02	7.18	91.80
38	0.00	1.04	7.33	91.63
39	0.00	1.02	7.40	91.58
40	0.00	1.01	7.36	91.62
41	0.00	0.99	7.26	91.74
42	0.00	0.99	7.26	91.75
43	0.00	0.96	7.14	91.90
44	0.00	0.97	7.24	91.80
45	0.00	0.99	7.27	91.74
46	0.00	0.91	7.03	92.07
47	0.00	0.94	7.16	91.90
48	0.00	0.92	6.97	92.11
49	0.00	0.94	7.11	91.94
50	0.00	0.91	6.94	92.15
51	0.00	0.91	6.87	92.22
52	0.00	0.90	6.83	92.27
53	0.00	0.90	6.76	92.34
54	0.00	0.91	6.79	92.30
55	0.00	0.67	6.60	92.73
56	0.00	0.66	5.48	93.86
57	0.00	0.69	5.58	93.73
58	0.00	0.79	6.04	93.17
59	0.00	0.79	6.23	92.98
60	0.00	0.81	6.19	93.00
61	0.00	0.79	6.24	92.96
62	0.00	0.81	6.22	92.98
63	0.00	0.78	6.30	92.92
64	0.00	0.78	6.25	92.97
65	0.00	0.78	6.36	92.86
66	0.00	0.79	6.44	92.77
67	0.00	0.73	6.21	93.07
68	0.00	0.69	6.02	93.29
69	0.00	0.65	5.73	93.62
70	0.00	0.64	5.70	93.65
71	0.00	0.66	5.83	93.51
72	0.00	0.61	5.59	93.80
73	0.00	0.62	5.68	93.69
74	0.00	0.66	5.93	93.41
75	0.00	0.66	5.94	93.41
76	0.00	0.61	5.78	93.61
77	0.00	0.63	5.95	93.42
78	0.00	0.63	6.00	93.37
79	0.00	0.67	6.09	93.24
80	0.00	0.64	6.02	93.34
81	0.00	0.64	6.01	93.35
82	0.00	0.63	6.00	93.37
83	0.00	0.62	5.93	93.45
84	0.00	0.67	6.15	93.18
85	0.00	0.71	6.41	92.87
86	0.00	0.70	6.40	92.90
87	0.00	0.69	6.28	93.03
88	0.00	0.68	6.30	93.02
89	0.00	0.74	6.49	92.77
90	0.00	0.71	6.42	92.87
91	0.00	0.80	6.78	92.41
92	0.00	0.77	6.67	92.56
93	0.00	0.80	6.81	92.38
94	0.00	0.83	6.97	92.20
95	0.00	0.85	7.08	92.06
96	0.00	0.88	7.29	91.83
97	0.00	0.85	7.22	91.93
98	0.00	0.86	7.37	91.77
99	0.00	0.91	7.73	91.36
100	0.00	1.05	8.08	90.88




