Parameters
	Library type	Paired-end
	Input files	KU328820-15_A_L003_R1_032.trimmed.fastq.gz	KU328820-15_A_L003_R2_032.trimmed.fastq.gz
	Primer/Adaptor library	NA
	Cut-off read length for HQ	70%
	Cut-off quality score	20
	Only statistics	On
	Number of CPUs	2


QC statistics
	File name	KU328820-15_A_L003_R1_032.trimmed.fastq.gz	KU328820-15_A_L003_R2_032.trimmed.fastq.gz
	Total number of reads	4000000	4000000
	Total number of HQ reads	3978564	3978564
	Percentage of HQ reads	99.46%	99.46%
	Total number of bases	355695222	344350703
	Total number of bases in HQ reads	354586019	344039681
	Total number of HQ bases in HQ reads	352018647	341175492
	Percentage of HQ bases in HQ reads	99.28%	99.17%
	Number of Primer/Adaptor contaminated HQ reads	NA	NA
	Total number of HQ filtered reads	3978564	3978564
	Percentage of HQ filtered reads	99.46%	99.46%


Detailed QC statistics
	File name	KU328820-15_A_L003_R1_032.trimmed.fastq.gz	KU328820-15_A_L003_R2_032.trimmed.fastq.gz
	Minimum read length	1	1
	Maximum read length	100	100
	Average read length	88.92	86.09
	Total number of reads	4000000	4000000
	Total number of reads with non-ATGC bases	120	4682
	Percentage of reads with non-ATGC bases	0.00%	0.12%
	Total number of bases	355695222	344350703
	Total number of HQ bases	353074258	341379578
	Percentage of HQ bases	99.26%	99.14%
	Total number of non-ATGC bases	120	4682
	Percentage of non-ATGC bases	0.00%	0.00%


Average quality score at each base position of input reads

KU328820-15_A_L003_R1_032.trimmed.fastq.gz
31.58	32.26	32.50	35.84	35.75	35.82	35.81	35.77	37.35	37.30	37.30	37.26	37.28	38.50	38.26	38.29	38.24	38.29	38.29	38.20	38.17	38.05	38.05	37.86	37.81	37.63	37.55	37.43	37.29	37.02	36.97	36.88	36.68	36.54	36.41	36.20	36.10	36.00	35.63	35.39	35.33	35.15	35.29	35.23	35.10	34.98	34.82	34.75	34.59	34.44	34.35	34.26	34.09	33.93	33.75	33.53	33.40	33.21	33.02	32.52	32.23	31.96	31.74	31.54	31.31	31.05	30.85	30.57	30.39	30.17	29.87	29.61	29.36	29.04	28.75	27.92	28.10	28.11	27.95	27.84	27.64	27.39	27.20	26.99	26.59	26.25	26.06	25.90	25.76	25.59	25.42	25.10	24.91	24.76	24.62	24.44	24.26	24.09	23.91	22.75	

KU328820-15_A_L003_R2_032.trimmed.fastq.gz
34.33	35.11	35.96	36.15	31.65	31.97	32.04	35.17	35.13	35.09	34.99	35.01	36.34	36.17	36.14	36.11	35.97	37.09	37.04	36.94	36.83	36.68	36.62	36.51	36.20	36.21	36.08	35.94	35.55	35.66	35.53	35.38	35.11	35.12	34.94	34.78	34.59	34.51	34.42	34.30	34.12	33.94	33.79	33.65	33.51	33.46	33.23	33.26	33.18	33.00	32.83	32.66	32.55	32.25	31.35	31.54	31.66	31.61	31.42	31.29	31.22	30.98	30.75	30.56	30.39	30.11	30.03	29.95	29.75	29.45	29.28	29.04	28.85	28.61	28.48	28.33	28.11	27.91	27.69	27.45	27.06	26.93	26.76	26.28	26.02	25.91	25.65	25.41	25.22	25.08	24.92	24.69	24.56	24.37	24.28	24.05	23.78	23.59	23.41	23.28	





Read count (%) per base for different quality score ranges

	KU328820-15_A_L003_R1_032.trimmed.fastq.gz
Ranges	0-10	11-20	21-30	31-40
Base
1	0.00	2.42	14.10	83.48
2	0.00	1.21	10.99	87.80
3	0.00	0.82	10.26	88.92
4	0.00	0.64	4.29	95.07
5	0.00	0.72	4.97	94.31
6	0.00	0.68	4.58	94.74
7	0.00	0.70	4.68	94.62
8	0.00	0.75	4.90	94.35
9	0.00	0.69	4.70	94.61
10	0.00	0.80	4.83	94.37
11	0.00	0.75	4.83	94.42
12	0.00	0.76	4.97	94.28
13	0.00	0.72	4.85	94.43
14	0.00	1.31	7.48	91.21
15	0.00	2.40	7.78	89.82
16	0.00	1.77	7.87	90.36
17	0.00	1.61	7.87	90.52
18	0.00	1.45	7.45	91.11
19	0.00	1.46	7.62	90.93
20	0.00	1.45	7.74	90.81
21	0.00	1.37	7.54	91.09
22	0.00	1.38	7.75	90.87
23	0.00	1.28	7.41	91.31
24	0.00	1.42	8.04	90.54
25	0.00	1.34	7.78	90.88
26	0.00	1.74	7.81	90.45
27	0.00	1.44	7.79	90.77
28	0.00	1.35	7.76	90.89
29	0.00	1.32	7.81	90.88
30	0.00	1.76	8.22	90.01
31	0.00	1.41	7.96	90.63
32	0.00	1.29	7.81	90.90
33	0.00	1.31	8.10	90.59
34	0.00	1.26	8.10	90.64
35	0.00	1.21	8.17	90.63
36	0.00	1.22	8.36	90.42
37	0.00	1.13	8.09	90.77
38	0.00	1.08	7.83	91.09
39	0.00	1.58	8.49	89.93
40	0.00	1.69	8.56	89.75
41	0.00	1.30	8.13	90.57
42	0.00	1.24	8.14	90.61
43	0.00	1.08	7.70	91.21
44	0.00	1.06	7.61	91.32
45	0.00	1.09	7.67	91.24
46	0.00	1.06	7.63	91.31
47	0.00	1.07	7.70	91.23
48	0.00	0.99	7.35	91.66
49	0.00	1.02	7.48	91.50
50	0.00	1.01	7.42	91.57
51	0.00	0.98	7.34	91.68
52	0.00	0.95	7.12	91.93
53	0.00	0.97	7.18	91.85
54	0.00	0.95	7.12	91.93
55	0.00	0.99	7.03	91.99
56	0.00	0.99	7.21	91.80
57	0.00	0.92	6.94	92.14
58	0.00	0.94	7.00	92.06
59	0.00	0.89	6.94	92.17
60	0.00	1.30	7.40	91.30
61	0.00	1.03	7.18	91.79
62	0.00	0.93	6.97	92.09
63	0.00	0.94	7.07	91.99
64	0.00	0.91	7.07	92.02
65	0.00	0.91	7.20	91.89
66	0.00	0.94	7.43	91.63
67	0.00	0.88	7.25	91.88
68	0.00	0.93	7.57	91.50
69	0.00	0.87	7.32	91.81
70	0.00	0.86	7.31	91.83
71	0.00	0.86	7.38	91.75
72	0.00	0.88	7.59	91.53
73	0.00	0.88	7.70	91.42
74	0.00	0.97	8.19	90.84
75	0.00	0.91	8.07	91.03
76	0.00	0.90	10.98	88.12
77	0.00	0.82	8.67	90.51
78	0.00	0.80	7.83	91.37
79	0.00	0.85	7.78	91.37
80	0.00	0.75	7.26	91.99
81	0.00	0.78	7.23	91.99
82	0.00	0.87	7.64	91.48
83	0.00	0.87	7.63	91.51
84	0.00	0.89	7.80	91.31
85	0.00	1.15	8.00	90.85
86	0.00	1.11	8.33	90.56
87	0.00	1.10	8.53	90.37
88	0.00	1.07	8.50	90.43
89	0.00	1.03	8.42	90.55
90	0.00	1.07	8.57	90.36
91	0.00	1.08	8.64	90.28
92	0.00	1.31	8.77	89.92
93	0.00	1.29	9.18	89.53
94	0.00	1.23	9.30	89.47
95	0.00	1.18	9.21	89.61
96	0.00	1.20	9.40	89.40
97	0.00	1.18	9.52	89.30
98	0.00	1.18	9.70	89.12
99	0.00	1.11	9.41	89.48
100	0.00	3.07	17.91	79.02


	KU328820-15_A_L003_R2_032.trimmed.fastq.gz
Ranges	0-10	11-20	21-30	31-40
Base
1	0.12	3.86	6.83	89.19
2	0.00	1.80	5.00	93.19
3	0.00	1.27	4.17	94.56
4	0.00	1.08	3.71	95.21
5	0.00	1.69	15.72	82.58
6	0.00	1.49	13.09	85.42
7	0.00	1.46	12.87	85.66
8	0.00	1.33	6.44	92.23
9	0.00	1.41	6.51	92.08
10	0.00	1.44	6.56	91.99
11	0.00	1.46	6.77	91.77
12	0.00	1.35	6.38	92.27
13	0.00	1.34	6.45	92.22
14	0.00	1.75	6.49	91.75
15	0.00	1.47	6.51	92.02
16	0.00	1.32	6.30	92.38
17	0.00	1.43	6.43	92.14
18	0.00	2.16	9.20	88.64
19	0.00	1.94	9.04	89.02
20	0.00	1.91	8.98	89.11
21	0.00	1.87	8.94	89.19
22	0.00	1.84	8.96	89.21
23	0.00	1.79	8.94	89.27
24	0.00	1.72	8.78	89.50
25	0.00	1.97	9.41	88.62
26	0.00	1.68	8.66	89.66
27	0.00	1.66	8.60	89.75
28	0.00	1.72	9.01	89.27
29	0.00	2.09	9.88	88.03
30	0.00	1.52	8.54	89.94
31	0.00	1.49	8.59	89.92
32	0.00	1.48	8.62	89.90
33	0.00	1.59	9.14	89.27
34	0.00	1.34	8.39	90.27
35	0.00	1.36	8.61	90.04
36	0.00	1.33	8.69	89.98
37	0.00	1.37	8.91	89.72
38	0.00	1.24	8.54	90.23
39	0.00	1.20	8.28	90.51
40	0.00	1.16	8.27	90.57
41	0.00	1.20	8.37	90.44
42	0.00	1.30	8.38	90.32
43	0.00	1.27	8.30	90.43
44	0.00	1.23	8.25	90.52
45	0.00	1.20	8.20	90.60
46	0.00	1.17	8.26	90.56
47	0.00	1.26	8.65	90.08
48	0.00	1.05	7.85	91.10
49	0.00	1.04	7.69	91.28
50	0.00	1.08	7.90	91.01
51	0.00	1.05	7.75	91.20
52	0.00	1.03	7.65	91.32
53	0.00	0.99	7.40	91.61
54	0.00	1.10	7.86	91.05
55	0.00	0.82	7.43	91.75
56	0.00	0.83	6.54	92.63
57	0.00	0.87	6.70	92.43
58	0.00	0.93	6.99	92.09
59	0.00	1.00	7.34	91.67
60	0.00	0.97	7.23	91.80
61	0.00	0.87	6.81	92.31
62	0.00	0.97	7.20	91.83
63	0.00	0.98	7.42	91.59
64	0.00	0.95	7.34	91.71
65	0.00	0.94	7.25	91.82
66	0.00	1.02	7.63	91.35
67	0.00	0.91	7.39	91.69
68	0.00	0.79	6.86	92.35
69	0.00	0.85	7.00	92.14
70	0.00	0.96	7.58	91.46
71	0.00	0.91	7.48	91.61
72	0.00	0.90	7.40	91.69
73	0.00	0.86	7.31	91.83
74	0.00	0.90	7.45	91.64
75	0.00	0.79	7.06	92.15
76	0.00	0.73	6.79	92.48
77	0.00	0.76	6.92	92.32
78	0.00	0.75	6.90	92.35
79	0.00	0.76	7.01	92.22
80	0.00	0.79	7.22	91.99
81	0.00	0.98	7.36	91.66
82	0.00	0.81	7.04	92.15
83	0.00	0.73	6.92	92.35
84	0.00	1.08	7.54	91.38
85	0.00	1.03	8.10	90.87
86	0.00	0.85	7.58	91.58
87	0.00	0.84	7.44	91.73
88	0.00	0.97	7.86	91.18
89	0.00	0.97	8.02	91.01
90	0.00	0.90	7.82	91.28
91	0.00	0.92	7.82	91.26
92	0.00	0.99	8.12	90.88
93	0.00	0.95	7.98	91.08
94	0.00	1.02	8.29	90.69
95	0.00	0.91	7.87	91.22
96	0.00	1.06	8.51	90.43
97	0.00	1.06	8.64	90.29
98	0.00	0.99	8.49	90.52
99	0.00	1.04	8.79	90.17
100	0.00	1.18	9.12	89.70




