Parameters
	Library type	Paired-end
	Input files	KU328820-15_A_L003_R1_010.trimmed.fastq.gz	KU328820-15_A_L003_R2_010.trimmed.fastq.gz
	Primer/Adaptor library	NA
	Cut-off read length for HQ	70%
	Cut-off quality score	20
	Only statistics	On
	Number of CPUs	2


QC statistics
	File name	KU328820-15_A_L003_R1_010.trimmed.fastq.gz	KU328820-15_A_L003_R2_010.trimmed.fastq.gz
	Total number of reads	4000000	4000000
	Total number of HQ reads	3988978	3988978
	Percentage of HQ reads	99.72%	99.72%
	Total number of bases	369193441	369681617
	Total number of bases in HQ reads	368525648	369521231
	Total number of HQ bases in HQ reads	366822824	367925191
	Percentage of HQ bases in HQ reads	99.54%	99.57%
	Number of Primer/Adaptor contaminated HQ reads	NA	NA
	Total number of HQ filtered reads	3988978	3988978
	Percentage of HQ filtered reads	99.72%	99.72%


Detailed QC statistics
	File name	KU328820-15_A_L003_R1_010.trimmed.fastq.gz	KU328820-15_A_L003_R2_010.trimmed.fastq.gz
	Minimum read length	1	1
	Maximum read length	100	100
	Average read length	92.30	92.42
	Total number of reads	4000000	4000000
	Total number of reads with non-ATGC bases	136	3763
	Percentage of reads with non-ATGC bases	0.00%	0.09%
	Total number of bases	369193441	369681617
	Total number of HQ bases	367466977	368040175
	Percentage of HQ bases	99.53%	99.56%
	Total number of non-ATGC bases	136	3763
	Percentage of non-ATGC bases	0.00%	0.00%


Average quality score at each base position of input reads

KU328820-15_A_L003_R1_010.trimmed.fastq.gz
32.45	32.84	32.99	36.28	36.23	36.23	36.23	36.23	37.97	37.93	37.92	37.87	37.91	39.32	39.28	39.27	39.23	39.20	39.21	39.14	39.05	39.02	38.93	38.89	38.72	38.71	38.61	38.49	38.41	38.31	38.12	38.04	37.92	37.83	37.70	37.60	37.45	37.34	37.16	37.03	36.83	36.65	36.81	36.72	36.65	36.56	36.44	36.31	36.17	36.03	36.06	35.96	35.87	35.73	35.59	35.36	35.27	35.09	34.90	34.68	34.51	34.32	34.13	33.93	33.68	33.48	33.25	33.00	32.71	32.35	32.13	31.93	31.64	31.05	31.01	29.91	30.32	30.44	30.35	30.14	29.90	29.74	29.52	29.34	29.10	28.90	28.74	28.58	28.34	28.20	28.03	27.85	27.63	27.45	27.28	27.08	26.89	26.71	26.51	25.30	

KU328820-15_A_L003_R2_010.trimmed.fastq.gz
36.13	36.38	36.48	36.59	32.63	32.85	32.87	36.00	36.00	35.99	35.97	35.94	37.57	37.53	37.50	37.43	37.41	38.78	38.73	38.64	38.58	38.52	38.52	38.45	38.35	38.32	38.22	38.15	38.07	37.97	37.90	37.83	37.74	37.66	37.57	37.47	37.36	37.26	37.13	37.04	36.94	36.84	36.74	36.61	36.51	36.53	36.44	36.35	36.26	36.17	36.04	35.88	35.74	35.56	34.42	34.81	35.03	35.08	35.00	34.88	34.73	34.58	34.39	34.22	34.06	33.88	33.82	33.76	33.63	33.50	33.32	33.14	32.96	32.76	32.57	32.36	32.15	31.94	31.68	31.48	31.20	31.01	30.83	30.61	30.38	30.16	29.99	29.82	29.64	29.46	29.27	29.11	28.96	28.80	28.65	28.46	28.02	27.85	27.67	27.54	





Read count (%) per base for different quality score ranges

	KU328820-15_A_L003_R1_010.trimmed.fastq.gz
Ranges	0-10	11-20	21-30	31-40
Base
1	0.00	0.98	7.71	91.31
2	0.00	0.47	6.51	93.03
3	0.00	0.35	5.79	93.86
4	0.00	0.31	2.31	97.37
5	0.00	0.34	2.66	97.00
6	0.00	0.36	2.63	97.00
7	0.00	0.36	2.61	97.03
8	0.00	0.37	2.60	97.03
9	0.00	0.36	2.60	97.04
10	0.00	0.38	2.75	96.87
11	0.00	0.38	2.74	96.88
12	0.00	0.41	2.89	96.70
13	0.00	0.38	2.72	96.90
14	0.00	0.90	5.40	93.70
15	0.00	0.92	5.48	93.61
16	0.00	0.91	5.35	93.74
17	0.00	0.92	5.45	93.62
18	0.00	0.90	5.40	93.70
19	0.00	0.92	5.44	93.64
20	0.00	0.93	5.51	93.55
21	0.00	0.96	5.63	93.41
22	0.00	0.91	5.47	93.62
23	0.00	0.93	5.56	93.51
24	0.00	0.93	5.63	93.44
25	0.00	1.04	6.03	92.93
26	0.00	0.93	5.58	93.49
27	0.00	0.95	5.68	93.37
28	0.00	0.93	5.79	93.28
29	0.00	0.88	5.67	93.45
30	0.00	0.86	5.70	93.44
31	0.00	0.95	6.04	93.01
32	0.00	0.86	5.85	93.29
33	0.00	0.84	5.91	93.25
34	0.00	0.81	5.83	93.36
35	0.00	0.83	5.97	93.20
36	0.00	0.80	5.87	93.33
37	0.00	0.82	5.94	93.24
38	0.00	0.79	5.86	93.36
39	0.00	0.84	6.03	93.13
40	0.00	0.82	5.95	93.22
41	0.00	0.88	6.16	92.96
42	0.00	0.92	6.26	92.83
43	0.00	0.76	5.82	93.42
44	0.00	0.81	5.97	93.22
45	0.00	0.80	5.91	93.29
46	0.00	0.79	5.82	93.40
47	0.00	0.79	5.80	93.41
48	0.00	0.81	5.87	93.32
49	0.00	0.81	5.89	93.30
50	0.00	0.83	5.89	93.28
51	0.00	0.72	5.48	93.80
52	0.00	0.71	5.40	93.89
53	0.00	0.69	5.23	94.08
54	0.00	0.71	5.27	94.03
55	0.00	0.71	5.30	93.99
56	0.00	0.76	5.56	93.68
57	0.00	0.69	5.23	94.08
58	0.00	0.71	5.29	94.00
59	0.00	0.68	5.36	93.96
60	0.00	0.70	5.49	93.80
61	0.00	0.68	5.42	93.90
62	0.00	0.69	5.48	93.83
63	0.00	0.68	5.51	93.80
64	0.00	0.69	5.53	93.78
65	0.00	0.73	5.75	93.52
66	0.00	0.70	5.74	93.57
67	0.00	0.70	5.83	93.47
68	0.00	0.72	5.96	93.32
69	0.00	0.75	6.16	93.09
70	0.00	0.75	6.23	93.02
71	0.00	0.73	6.20	93.07
72	0.00	0.70	6.11	93.19
73	0.00	0.74	6.39	92.87
74	0.00	1.02	8.02	90.96
75	0.00	0.75	6.86	92.39
76	0.00	0.79	10.73	88.48
77	0.00	0.67	7.24	92.09
78	0.00	0.62	6.22	93.16
79	0.00	0.63	5.90	93.47
80	0.00	0.68	6.01	93.31
81	0.00	0.73	6.21	93.06
82	0.00	0.67	6.00	93.33
83	0.00	0.71	6.12	93.17
84	0.00	0.69	6.06	93.25
85	0.00	0.79	6.44	92.77
86	0.00	0.80	6.58	92.62
87	0.00	0.79	6.59	92.62
88	0.00	0.80	6.59	92.61
89	0.00	0.92	7.09	91.99
90	0.00	0.88	7.06	92.06
91	0.00	0.92	7.18	91.90
92	0.00	0.96	7.43	91.61
93	0.00	1.06	7.88	91.07
94	0.00	1.07	8.09	90.83
95	0.00	1.06	8.14	90.80
96	0.00	1.09	8.33	90.58
97	0.00	1.09	8.44	90.48
98	0.00	1.07	8.63	90.30
99	0.00	1.11	8.82	90.07
100	0.00	2.76	16.73	80.50


	KU328820-15_A_L003_R2_010.trimmed.fastq.gz
Ranges	0-10	11-20	21-30	31-40
Base
1	0.09	1.83	2.99	95.09
2	0.00	0.96	2.17	96.87
3	0.00	0.66	1.91	97.44
4	0.00	0.48	1.66	97.86
5	0.00	0.63	7.50	91.88
6	0.00	0.58	6.52	92.90
7	0.00	0.58	6.55	92.88
8	0.00	0.56	3.19	96.25
9	0.00	0.55	3.17	96.28
10	0.00	0.58	3.14	96.27
11	0.00	0.57	3.14	96.29
12	0.00	0.57	3.16	96.26
13	0.00	0.56	3.12	96.32
14	0.00	0.57	3.21	96.22
15	0.00	0.56	3.20	96.24
16	0.00	0.58	3.30	96.13
17	0.00	0.56	3.24	96.20
18	0.00	1.24	6.25	92.51
19	0.00	1.22	6.18	92.60
20	0.00	1.23	6.29	92.48
21	0.00	1.18	6.15	92.66
22	0.00	1.17	6.14	92.69
23	0.00	1.15	6.11	92.74
24	0.00	1.14	6.05	92.81
25	0.00	1.13	6.10	92.76
26	0.00	1.05	5.88	93.07
27	0.00	1.04	5.97	92.99
28	0.00	1.08	6.18	92.75
29	0.00	1.06	6.11	92.83
30	0.00	1.03	6.12	92.85
31	0.00	0.97	6.04	92.99
32	0.00	0.92	5.94	93.14
33	0.00	0.92	5.94	93.14
34	0.00	0.87	5.89	93.24
35	0.00	0.86	5.90	93.24
36	0.00	0.85	5.96	93.19
37	0.00	0.85	6.02	93.13
38	0.00	0.83	5.99	93.18
39	0.00	0.84	6.10	93.06
40	0.00	0.80	5.98	93.22
41	0.00	0.81	5.98	93.21
42	0.00	0.79	5.96	93.25
43	0.00	0.79	5.91	93.30
44	0.00	0.80	5.95	93.25
45	0.00	0.80	5.88	93.33
46	0.00	0.77	5.93	93.30
47	0.00	0.79	5.92	93.28
48	0.00	0.77	5.89	93.34
49	0.00	0.77	5.85	93.38
50	0.00	0.78	5.75	93.47
51	0.00	0.74	5.70	93.57
52	0.00	0.76	5.73	93.51
53	0.00	0.76	5.73	93.51
54	0.00	0.79	5.83	93.38
55	0.00	0.53	5.45	94.03
56	0.00	0.55	4.51	94.93
57	0.00	0.60	4.70	94.71
58	0.00	0.66	5.08	94.25
59	0.00	0.69	5.32	93.98
60	0.00	0.70	5.37	93.92
61	0.00	0.72	5.43	93.85
62	0.00	0.72	5.41	93.87
63	0.00	0.72	5.61	93.67
64	0.00	0.71	5.58	93.71
65	0.00	0.70	5.60	93.70
66	0.00	0.71	5.61	93.68
67	0.00	0.63	5.42	93.95
68	0.00	0.57	5.01	94.42
69	0.00	0.55	4.91	94.54
70	0.00	0.54	4.77	94.69
71	0.00	0.55	4.83	94.62
72	0.00	0.54	4.82	94.64
73	0.00	0.52	4.72	94.76
74	0.00	0.54	4.79	94.67
75	0.00	0.52	4.75	94.74
76	0.00	0.52	4.80	94.68
77	0.00	0.52	4.78	94.69
78	0.00	0.51	4.80	94.69
79	0.00	0.56	5.06	94.38
80	0.00	0.54	5.01	94.46
81	0.00	0.60	5.34	94.06
82	0.00	0.56	5.19	94.24
83	0.00	0.53	5.07	94.39
84	0.00	0.56	5.15	94.29
85	0.00	0.60	5.36	94.04
86	0.00	0.62	5.49	93.88
87	0.00	0.60	5.43	93.97
88	0.00	0.61	5.40	93.99
89	0.00	0.64	5.51	93.85
90	0.00	0.66	5.60	93.74
91	0.00	0.71	5.88	93.41
92	0.00	0.72	5.93	93.35
93	0.00	0.71	5.94	93.35
94	0.00	0.73	6.09	93.17
95	0.00	0.75	6.16	93.09
96	0.00	0.82	6.48	92.70
97	0.00	0.85	6.72	92.43
98	0.00	0.79	6.60	92.61
99	0.00	0.81	6.71	92.48
100	0.00	0.88	6.89	92.23




