Parameters
	Library type	Paired-end
	Input files	KU328820-15_A_L003_R1_020.trimmed.fastq.gz	KU328820-15_A_L003_R2_020.trimmed.fastq.gz
	Primer/Adaptor library	NA
	Cut-off read length for HQ	70%
	Cut-off quality score	20
	Only statistics	On
	Number of CPUs	2


QC statistics
	File name	KU328820-15_A_L003_R1_020.trimmed.fastq.gz	KU328820-15_A_L003_R2_020.trimmed.fastq.gz
	Total number of reads	4000000	4000000
	Total number of HQ reads	3987520	3987520
	Percentage of HQ reads	99.69%	99.69%
	Total number of bases	370073845	367197876
	Total number of bases in HQ reads	369324880	367004697
	Total number of HQ bases in HQ reads	367573930	365219274
	Percentage of HQ bases in HQ reads	99.53%	99.51%
	Number of Primer/Adaptor contaminated HQ reads	NA	NA
	Total number of HQ filtered reads	3987520	3987520
	Percentage of HQ filtered reads	99.69%	99.69%


Detailed QC statistics
	File name	KU328820-15_A_L003_R1_020.trimmed.fastq.gz	KU328820-15_A_L003_R2_020.trimmed.fastq.gz
	Minimum read length	1	1
	Maximum read length	100	100
	Average read length	92.52	91.80
	Total number of reads	4000000	4000000
	Total number of reads with non-ATGC bases	154	4081
	Percentage of reads with non-ATGC bases	0.00%	0.10%
	Total number of bases	370073845	367197876
	Total number of HQ bases	368295249	365360254
	Percentage of HQ bases	99.52%	99.50%
	Total number of non-ATGC bases	154	4081
	Percentage of non-ATGC bases	0.00%	0.00%


Average quality score at each base position of input reads

KU328820-15_A_L003_R1_020.trimmed.fastq.gz
32.38	32.77	32.89	36.19	36.13	36.14	36.14	36.13	37.82	37.80	37.77	37.75	37.75	39.18	39.15	39.11	39.09	39.03	39.02	38.96	38.90	38.85	38.81	38.74	38.66	38.57	38.48	38.36	38.29	38.16	38.04	37.96	37.84	37.71	37.63	37.49	37.36	37.22	37.10	36.96	36.81	36.65	36.76	36.73	36.69	36.59	36.47	36.35	36.21	36.06	36.04	35.95	35.86	35.72	35.59	35.43	35.27	35.10	34.92	34.75	34.59	34.40	34.19	34.02	33.83	33.61	33.40	33.17	32.92	32.57	32.29	32.05	31.80	31.26	31.16	30.10	30.45	30.56	30.48	30.28	30.07	29.87	29.69	29.47	29.30	29.15	28.94	28.77	28.59	28.44	28.29	28.13	27.97	27.79	27.65	27.52	27.37	27.16	27.00	25.75	

KU328820-15_A_L003_R2_020.trimmed.fastq.gz
35.99	36.29	36.41	36.51	32.34	32.64	32.64	35.82	35.83	35.81	35.79	35.77	37.35	37.31	37.27	37.23	37.18	38.51	38.46	38.36	38.31	38.25	38.22	38.14	38.06	38.01	37.94	37.89	37.78	37.68	37.60	37.50	37.39	37.31	37.22	37.09	36.99	36.87	36.77	36.65	36.55	36.41	36.35	36.22	36.10	36.12	36.03	35.99	35.90	35.80	35.61	35.50	35.34	35.19	34.19	34.42	34.64	34.70	34.62	34.47	34.32	34.13	33.99	33.82	33.63	33.45	33.40	33.30	33.13	33.00	32.81	32.66	32.47	32.28	32.08	31.89	31.62	31.40	31.23	31.01	30.78	30.53	30.35	30.16	29.95	29.77	29.59	29.39	29.23	29.09	28.90	28.72	28.54	28.39	28.27	28.12	27.87	27.65	27.48	27.38	





Read count (%) per base for different quality score ranges

	KU328820-15_A_L003_R1_020.trimmed.fastq.gz
Ranges	0-10	11-20	21-30	31-40
Base
1	0.00	1.03	8.49	90.48
2	0.00	0.54	7.10	92.36
3	0.00	0.42	6.63	92.94
4	0.00	0.37	2.73	96.91
5	0.00	0.41	3.10	96.49
6	0.00	0.42	3.02	96.56
7	0.00	0.42	3.02	96.56
8	0.00	0.43	3.07	96.50
9	0.00	0.43	3.12	96.45
10	0.00	0.44	3.16	96.40
11	0.00	0.46	3.25	96.29
12	0.00	0.46	3.28	96.26
13	0.00	0.46	3.23	96.31
14	0.00	1.00	5.94	93.06
15	0.00	0.99	5.96	93.05
16	0.00	1.02	5.98	93.00
17	0.00	1.01	5.94	93.05
18	0.00	1.01	6.00	92.99
19	0.00	1.06	6.14	92.80
20	0.00	1.06	6.13	92.82
21	0.00	1.07	6.17	92.76
22	0.00	1.05	6.09	92.86
23	0.00	1.00	6.02	92.97
24	0.00	1.03	6.22	92.74
25	0.00	1.03	6.22	92.75
26	0.00	1.06	6.19	92.75
27	0.00	1.03	6.23	92.73
28	0.00	1.02	6.27	92.71
29	0.00	0.98	6.16	92.87
30	0.00	0.99	6.31	92.70
31	0.00	0.96	6.35	92.69
32	0.00	0.92	6.28	92.80
33	0.00	0.91	6.32	92.77
34	0.00	0.92	6.45	92.63
35	0.00	0.87	6.32	92.81
36	0.00	0.89	6.36	92.76
37	0.00	0.87	6.40	92.74
38	0.00	0.88	6.41	92.71
39	0.00	0.87	6.31	92.82
40	0.00	0.87	6.32	92.81
41	0.00	0.88	6.32	92.80
42	0.00	0.89	6.36	92.76
43	0.00	0.82	6.27	92.91
44	0.00	0.82	6.17	93.01
45	0.00	0.81	6.03	93.16
46	0.00	0.81	6.09	93.10
47	0.00	0.83	6.11	93.06
48	0.00	0.83	6.11	93.06
49	0.00	0.85	6.17	92.98
50	0.00	0.86	6.19	92.95
51	0.00	0.77	5.90	93.33
52	0.00	0.75	5.71	93.53
53	0.00	0.72	5.52	93.75
54	0.00	0.73	5.56	93.71
55	0.00	0.71	5.49	93.80
56	0.00	0.73	5.52	93.75
57	0.00	0.73	5.55	93.72
58	0.00	0.72	5.52	93.75
59	0.00	0.71	5.57	93.72
60	0.00	0.68	5.47	93.85
61	0.00	0.67	5.43	93.89
62	0.00	0.67	5.43	93.90
63	0.00	0.68	5.52	93.80
64	0.00	0.65	5.48	93.87
65	0.00	0.65	5.49	93.86
66	0.00	0.66	5.60	93.74
67	0.00	0.65	5.62	93.73
68	0.00	0.66	5.66	93.68
69	0.00	0.68	5.82	93.50
70	0.00	0.76	6.27	92.97
71	0.00	0.79	6.44	92.78
72	0.00	0.77	6.50	92.74
73	0.00	0.76	6.52	92.71
74	0.00	0.98	7.90	91.12
75	0.00	0.81	7.09	92.10
76	0.00	0.80	10.75	88.46
77	0.00	0.68	7.53	91.79
78	0.00	0.66	6.48	92.87
79	0.00	0.64	6.11	93.25
80	0.00	0.68	6.15	93.16
81	0.00	0.70	6.25	93.06
82	0.00	0.71	6.22	93.07
83	0.00	0.70	6.16	93.13
84	0.00	0.74	6.34	92.92
85	0.00	0.72	6.32	92.95
86	0.00	0.71	6.22	93.07
87	0.00	0.78	6.50	92.72
88	0.00	0.80	6.65	92.54
89	0.00	0.84	6.79	92.37
90	0.00	0.83	6.85	92.32
91	0.00	0.85	6.87	92.28
92	0.00	0.90	7.08	92.03
93	0.00	0.91	7.19	91.90
94	0.00	0.97	7.49	91.54
95	0.00	0.94	7.49	91.57
96	0.00	0.92	7.44	91.63
97	0.00	0.91	7.48	91.61
98	0.00	0.97	7.95	91.08
99	0.00	0.96	7.96	91.08
100	0.00	2.64	16.38	80.98


	KU328820-15_A_L003_R2_020.trimmed.fastq.gz
Ranges	0-10	11-20	21-30	31-40
Base
1	0.10	2.11	3.68	94.11
2	0.00	1.12	2.70	96.18
3	0.00	0.74	2.31	96.95
4	0.00	0.58	2.00	97.42
5	0.00	0.81	9.58	89.61
6	0.00	0.71	7.91	91.38
7	0.00	0.75	8.16	91.09
8	0.00	0.70	3.99	95.31
9	0.00	0.68	3.86	95.46
10	0.00	0.72	3.92	95.35
11	0.00	0.71	3.89	95.40
12	0.00	0.71	3.87	95.42
13	0.00	0.69	3.82	95.49
14	0.00	0.69	3.90	95.41
15	0.00	0.69	3.90	95.41
16	0.00	0.68	3.89	95.43
17	0.00	0.68	3.91	95.41
18	0.00	1.40	6.91	91.69
19	0.00	1.34	6.85	91.81
20	0.00	1.36	6.98	91.66
21	0.00	1.30	6.79	91.91
22	0.00	1.28	6.75	91.97
23	0.00	1.29	6.88	91.83
24	0.00	1.28	6.86	91.86
25	0.00	1.25	6.75	92.01
26	0.00	1.18	6.61	92.21
27	0.00	1.16	6.51	92.33
28	0.00	1.17	6.71	92.12
29	0.00	1.16	6.74	92.10
30	0.00	1.12	6.72	92.16
31	0.00	1.08	6.59	92.33
32	0.00	1.04	6.60	92.36
33	0.00	1.04	6.60	92.37
34	0.00	0.99	6.54	92.46
35	0.00	0.97	6.51	92.53
36	0.00	0.97	6.69	92.33
37	0.00	0.93	6.61	92.46
38	0.00	0.92	6.70	92.38
39	0.00	0.91	6.62	92.47
40	0.00	0.91	6.66	92.43
41	0.00	0.90	6.60	92.50
42	0.00	0.93	6.69	92.38
43	0.00	0.87	6.42	92.71
44	0.00	0.89	6.46	92.66
45	0.00	0.88	6.48	92.65
46	0.00	0.84	6.46	92.70
47	0.00	0.84	6.52	92.64
48	0.00	0.82	6.28	92.91
49	0.00	0.83	6.28	92.89
50	0.00	0.83	6.19	92.99
51	0.00	0.86	6.31	92.83
52	0.00	0.80	6.10	93.10
53	0.00	0.83	6.16	93.01
54	0.00	0.82	6.12	93.06
55	0.00	0.57	5.58	93.84
56	0.00	0.58	4.85	94.57
57	0.00	0.66	5.18	94.17
58	0.00	0.68	5.37	93.95
59	0.00	0.70	5.57	93.72
60	0.00	0.74	5.71	93.55
61	0.00	0.76	5.77	93.46
62	0.00	0.79	5.87	93.34
63	0.00	0.73	5.84	93.43
64	0.00	0.73	5.79	93.47
65	0.00	0.75	5.92	93.32
66	0.00	0.75	5.93	93.32
67	0.00	0.64	5.56	93.80
68	0.00	0.61	5.28	94.11
69	0.00	0.62	5.36	94.02
70	0.00	0.58	5.18	94.24
71	0.00	0.59	5.24	94.17
72	0.00	0.56	5.09	94.36
73	0.00	0.56	5.05	94.40
74	0.00	0.54	5.08	94.37
75	0.00	0.55	5.06	94.39
76	0.00	0.53	5.04	94.43
77	0.00	0.58	5.34	94.08
78	0.00	0.58	5.34	94.08
79	0.00	0.54	5.11	94.35
80	0.00	0.55	5.22	94.23
81	0.00	0.57	5.30	94.13
82	0.00	0.60	5.52	93.88
83	0.00	0.57	5.42	94.01
84	0.00	0.56	5.32	94.12
85	0.00	0.60	5.45	93.95
86	0.00	0.59	5.45	93.96
87	0.00	0.59	5.47	93.94
88	0.00	0.63	5.60	93.77
89	0.00	0.64	5.64	93.72
90	0.00	0.62	5.55	93.83
91	0.00	0.68	5.77	93.55
92	0.00	0.71	6.04	93.25
93	0.00	0.76	6.26	92.98
94	0.00	0.76	6.33	92.91
95	0.00	0.74	6.25	93.00
96	0.00	0.75	6.37	92.88
97	0.00	0.71	6.27	93.02
98	0.00	0.78	6.56	92.66
99	0.00	0.76	6.62	92.62
100	0.00	0.81	6.68	92.51




