Parameters
	Library type	Paired-end
	Input files	KU328820-15_A_L003_R1_041.trimmed.fastq.gz	KU328820-15_A_L003_R2_041.trimmed.fastq.gz
	Primer/Adaptor library	NA
	Cut-off read length for HQ	70%
	Cut-off quality score	20
	Only statistics	On
	Number of CPUs	2


QC statistics
	File name	KU328820-15_A_L003_R1_041.trimmed.fastq.gz	KU328820-15_A_L003_R2_041.trimmed.fastq.gz
	Total number of reads	4000000	4000000
	Total number of HQ reads	3988255	3988255
	Percentage of HQ reads	99.71%	99.71%
	Total number of bases	368468483	365770644
	Total number of bases in HQ reads	367785754	365591060
	Total number of HQ bases in HQ reads	366051326	363842650
	Percentage of HQ bases in HQ reads	99.53%	99.52%
	Number of Primer/Adaptor contaminated HQ reads	NA	NA
	Total number of HQ filtered reads	3988255	3988255
	Percentage of HQ filtered reads	99.71%	99.71%


Detailed QC statistics
	File name	KU328820-15_A_L003_R1_041.trimmed.fastq.gz	KU328820-15_A_L003_R2_041.trimmed.fastq.gz
	Minimum read length	1	1
	Maximum read length	100	100
	Average read length	92.12	91.44
	Total number of reads	4000000	4000000
	Total number of reads with non-ATGC bases	180	3501
	Percentage of reads with non-ATGC bases	0.00%	0.09%
	Total number of bases	368468483	365770644
	Total number of HQ bases	366707787	363972204
	Percentage of HQ bases	99.52%	99.51%
	Total number of non-ATGC bases	180	3501
	Percentage of non-ATGC bases	0.00%	0.00%


Average quality score at each base position of input reads

KU328820-15_A_L003_R1_041.trimmed.fastq.gz
32.42	32.82	32.97	36.26	36.21	36.22	36.22	36.20	37.92	37.91	37.88	37.88	37.86	39.32	39.25	39.21	39.18	39.12	39.12	39.09	39.02	38.96	38.91	38.83	38.73	38.64	38.54	38.44	38.34	38.22	38.09	37.98	37.87	37.71	37.60	37.47	37.32	37.18	37.05	36.91	36.74	36.59	36.65	36.56	36.52	36.41	36.26	36.12	35.99	35.83	35.86	35.79	35.69	35.55	35.41	35.25	35.11	34.91	34.75	34.54	34.38	34.18	33.94	33.68	33.49	33.25	33.05	32.83	32.60	32.39	32.14	31.92	31.69	31.41	31.14	30.33	30.51	30.51	30.38	30.17	29.96	29.73	29.50	29.30	29.09	28.90	28.69	28.52	28.33	28.15	27.97	27.81	27.63	27.44	27.28	27.07	26.91	26.74	26.55	25.31	

KU328820-15_A_L003_R2_041.trimmed.fastq.gz
36.07	36.34	36.45	36.53	31.96	32.40	32.60	35.87	35.86	35.85	35.83	35.80	37.41	37.37	37.33	37.29	37.22	38.59	38.53	38.44	38.32	38.28	38.25	38.20	38.11	38.04	37.96	37.89	37.78	37.70	37.59	37.49	37.38	37.28	37.17	37.10	36.97	36.86	36.76	36.64	36.54	36.44	36.33	36.22	36.10	36.12	36.03	35.90	35.82	35.72	35.58	35.41	35.27	35.11	34.18	34.39	34.57	34.55	34.44	34.31	34.13	33.97	33.81	33.63	33.45	33.22	33.25	33.15	33.04	32.89	32.70	32.51	32.34	32.12	31.94	31.71	31.51	31.29	31.08	30.84	30.61	30.38	30.17	29.96	29.76	29.56	29.36	29.15	28.96	28.79	28.61	28.47	28.29	28.13	27.98	27.82	27.53	27.35	27.15	27.00	





Read count (%) per base for different quality score ranges

	KU328820-15_A_L003_R1_041.trimmed.fastq.gz
Ranges	0-10	11-20	21-30	31-40
Base
1	0.00	0.97	7.98	91.05
2	0.00	0.50	6.62	92.88
3	0.00	0.38	6.00	93.62
4	0.00	0.34	2.46	97.21
5	0.00	0.36	2.71	96.92
6	0.00	0.38	2.68	96.94
7	0.00	0.38	2.71	96.91
8	0.00	0.39	2.76	96.85
9	0.00	0.39	2.78	96.83
10	0.00	0.40	2.78	96.83
11	0.00	0.41	2.89	96.70
12	0.00	0.40	2.85	96.75
13	0.00	0.41	2.89	96.71
14	0.00	0.94	5.53	93.53
15	0.00	0.98	5.72	93.29
16	0.00	0.99	5.77	93.24
17	0.00	1.00	5.70	93.30
18	0.00	1.01	5.79	93.20
19	0.00	1.04	5.87	93.09
20	0.00	0.99	5.75	93.25
21	0.00	1.02	5.81	93.17
22	0.00	0.98	5.80	93.22
23	0.00	0.97	5.71	93.32
24	0.00	1.00	5.92	93.08
25	0.00	1.02	5.98	92.99
26	0.00	1.00	5.91	93.08
27	0.00	1.00	5.93	93.07
28	0.00	0.96	5.89	93.15
29	0.00	0.95	5.90	93.15
30	0.00	0.92	5.93	93.15
31	0.00	0.92	6.00	93.08
32	0.00	0.88	6.01	93.11
33	0.00	0.87	5.99	93.14
34	0.00	0.89	6.19	92.91
35	0.00	0.88	6.15	92.97
36	0.00	0.87	6.11	93.02
37	0.00	0.88	6.15	92.98
38	0.00	0.87	6.12	93.01
39	0.00	0.85	6.05	93.10
40	0.00	0.86	6.07	93.07
41	0.00	0.88	6.16	92.96
42	0.00	0.87	6.11	93.02
43	0.00	0.84	6.12	93.04
44	0.00	0.87	6.17	92.96
45	0.00	0.81	5.94	93.25
46	0.00	0.84	5.97	93.19
47	0.00	0.86	6.08	93.07
48	0.00	0.87	6.09	93.04
49	0.00	0.87	6.10	93.03
50	0.00	0.90	6.12	92.99
51	0.00	0.78	5.78	93.44
52	0.00	0.76	5.62	93.62
53	0.00	0.74	5.51	93.75
54	0.00	0.75	5.52	93.74
55	0.00	0.75	5.50	93.75
56	0.00	0.76	5.50	93.74
57	0.00	0.72	5.37	93.91
58	0.00	0.76	5.50	93.74
59	0.00	0.72	5.47	93.81
60	0.00	0.73	5.53	93.74
61	0.00	0.70	5.43	93.87
62	0.00	0.71	5.51	93.78
63	0.00	0.74	5.72	93.54
64	0.00	0.78	5.94	93.28
65	0.00	0.76	5.84	93.40
66	0.00	0.76	5.93	93.31
67	0.00	0.72	5.91	93.37
68	0.00	0.71	5.94	93.35
69	0.00	0.72	5.97	93.30
70	0.00	0.70	5.87	93.43
71	0.00	0.72	6.05	93.23
72	0.00	0.70	6.04	93.26
73	0.00	0.69	6.01	93.30
74	0.00	0.73	6.28	92.98
75	0.00	0.76	6.41	92.83
76	0.00	0.65	8.62	90.73
77	0.00	0.62	6.58	92.80
78	0.00	0.64	6.08	93.28
79	0.00	0.64	5.85	93.50
80	0.00	0.67	5.92	93.40
81	0.00	0.68	5.91	93.40
82	0.00	0.72	6.13	93.15
83	0.00	0.75	6.28	92.97
84	0.00	0.75	6.37	92.88
85	0.00	0.79	6.52	92.70
86	0.00	0.79	6.53	92.68
87	0.00	0.85	6.78	92.37
88	0.00	0.87	6.86	92.27
89	0.00	0.90	7.08	92.02
90	0.00	0.92	7.22	91.86
91	0.00	0.96	7.43	91.61
92	0.00	0.97	7.50	91.53
93	0.00	1.02	7.72	91.26
94	0.00	1.05	7.99	90.96
95	0.00	1.04	8.01	90.94
96	0.00	1.09	8.30	90.61
97	0.00	1.06	8.34	90.60
98	0.00	1.02	8.37	90.61
99	0.00	1.08	8.62	90.30
100	0.00	2.77	16.86	80.37


	KU328820-15_A_L003_R2_041.trimmed.fastq.gz
Ranges	0-10	11-20	21-30	31-40
Base
1	0.09	2.02	3.32	94.57
2	0.00	1.11	2.47	96.42
3	0.00	0.76	2.10	97.14
4	0.00	0.59	1.90	97.51
5	0.00	0.86	11.26	87.88
6	0.00	0.69	8.23	91.08
7	0.00	0.66	7.64	91.70
8	0.00	0.64	3.55	95.81
9	0.00	0.63	3.57	95.80
10	0.00	0.66	3.53	95.81
11	0.00	0.65	3.52	95.82
12	0.00	0.65	3.50	95.84
13	0.00	0.63	3.44	95.93
14	0.00	0.64	3.53	95.83
15	0.00	0.63	3.51	95.86
16	0.00	0.62	3.50	95.88
17	0.00	0.63	3.56	95.81
18	0.00	1.34	6.64	92.02
19	0.00	1.33	6.55	92.12
20	0.00	1.32	6.62	92.06
21	0.00	1.35	6.74	91.90
22	0.00	1.27	6.47	92.27
23	0.00	1.26	6.55	92.18
24	0.00	1.21	6.40	92.39
25	0.00	1.19	6.40	92.41
26	0.00	1.16	6.31	92.53
27	0.00	1.12	6.24	92.64
28	0.00	1.13	6.47	92.39
29	0.00	1.13	6.48	92.39
30	0.00	1.08	6.39	92.52
31	0.00	1.07	6.39	92.54
32	0.00	1.02	6.33	92.65
33	0.00	1.02	6.34	92.65
34	0.00	0.98	6.38	92.63
35	0.00	0.96	6.36	92.68
36	0.00	0.91	6.24	92.85
37	0.00	0.91	6.34	92.76
38	0.00	0.88	6.32	92.80
39	0.00	0.88	6.26	92.86
40	0.00	0.86	6.30	92.84
41	0.00	0.83	6.22	92.95
42	0.00	0.83	6.15	93.02
43	0.00	0.85	6.17	92.98
44	0.00	0.84	6.10	93.07
45	0.00	0.84	6.12	93.05
46	0.00	0.80	6.08	93.12
47	0.00	0.80	6.07	93.13
48	0.00	0.83	6.17	93.00
49	0.00	0.81	6.04	93.15
50	0.00	0.80	6.00	93.20
51	0.00	0.79	5.92	93.29
52	0.00	0.82	6.04	93.14
53	0.00	0.82	5.95	93.23
54	0.00	0.82	5.94	93.23
55	0.00	0.56	5.28	94.16
56	0.00	0.62	4.87	94.51
57	0.00	0.65	5.08	94.27
58	0.00	0.72	5.41	93.87
59	0.00	0.77	5.59	93.64
60	0.00	0.76	5.63	93.61
61	0.00	0.79	5.75	93.46
62	0.00	0.78	5.77	93.45
63	0.00	0.76	5.78	93.46
64	0.00	0.78	5.86	93.37
65	0.00	0.77	5.87	93.36
66	0.00	0.81	6.09	93.09
67	0.00	0.65	5.56	93.79
68	0.00	0.64	5.33	94.03
69	0.00	0.59	5.17	94.24
70	0.00	0.61	5.12	94.27
71	0.00	0.60	5.15	94.26
72	0.00	0.59	5.11	94.30
73	0.00	0.57	5.04	94.39
74	0.00	0.59	5.16	94.25
75	0.00	0.56	5.04	94.40
76	0.00	0.58	5.16	94.26
77	0.00	0.57	5.10	94.33
78	0.00	0.57	5.15	94.28
79	0.00	0.56	5.16	94.28
80	0.00	0.58	5.26	94.15
81	0.00	0.59	5.37	94.04
82	0.00	0.60	5.45	93.94
83	0.00	0.62	5.46	93.93
84	0.00	0.62	5.52	93.86
85	0.00	0.62	5.54	93.84
86	0.00	0.63	5.58	93.79
87	0.00	0.66	5.69	93.65
88	0.00	0.69	5.89	93.42
89	0.00	0.71	6.01	93.28
90	0.00	0.72	6.01	93.27
91	0.00	0.75	6.16	93.09
92	0.00	0.72	6.11	93.16
93	0.00	0.79	6.36	92.85
94	0.00	0.80	6.45	92.75
95	0.00	0.81	6.51	92.69
96	0.00	0.82	6.61	92.56
97	0.00	0.82	6.68	92.50
98	0.00	0.79	6.70	92.51
99	0.00	0.81	6.86	92.32
100	0.00	0.95	7.25	91.81




