Parameters
	Library type	Paired-end
	Input files	KU328820-15_A_L003_R1_039.trimmed.fastq.gz	KU328820-15_A_L003_R2_039.trimmed.fastq.gz
	Primer/Adaptor library	NA
	Cut-off read length for HQ	70%
	Cut-off quality score	20
	Only statistics	On
	Number of CPUs	2


QC statistics
	File name	KU328820-15_A_L003_R1_039.trimmed.fastq.gz	KU328820-15_A_L003_R2_039.trimmed.fastq.gz
	Total number of reads	4000000	4000000
	Total number of HQ reads	3978693	3978693
	Percentage of HQ reads	99.47%	99.47%
	Total number of bases	362983436	351622832
	Total number of bases in HQ reads	361832401	351314772
	Total number of HQ bases in HQ reads	359575488	348790265
	Percentage of HQ bases in HQ reads	99.38%	99.28%
	Number of Primer/Adaptor contaminated HQ reads	NA	NA
	Total number of HQ filtered reads	3978693	3978693
	Percentage of HQ filtered reads	99.47%	99.47%


Detailed QC statistics
	File name	KU328820-15_A_L003_R1_039.trimmed.fastq.gz	KU328820-15_A_L003_R2_039.trimmed.fastq.gz
	Minimum read length	1	1
	Maximum read length	100	100
	Average read length	90.75	87.91
	Total number of reads	4000000	4000000
	Total number of reads with non-ATGC bases	206	5888
	Percentage of reads with non-ATGC bases	0.01%	0.15%
	Total number of bases	362983436	351622832
	Total number of HQ bases	360675789	349000686
	Percentage of HQ bases	99.36%	99.25%
	Total number of non-ATGC bases	206	5888
	Percentage of non-ATGC bases	0.00%	0.00%


Average quality score at each base position of input reads

KU328820-15_A_L003_R1_039.trimmed.fastq.gz
31.73	32.34	32.47	35.83	35.78	35.81	35.83	35.85	37.41	37.45	37.43	37.40	37.37	38.63	38.60	38.56	38.56	38.43	38.50	38.41	38.37	38.30	38.22	38.15	38.08	37.98	37.82	37.71	37.61	37.48	37.37	37.19	37.04	36.94	36.80	36.66	36.39	36.28	36.18	35.98	35.89	35.74	35.86	35.78	35.69	35.52	35.43	35.31	35.18	34.98	34.98	34.86	34.74	34.59	34.41	34.25	34.09	33.84	33.67	33.50	33.32	33.05	32.88	32.63	32.37	32.11	31.90	31.68	31.43	31.24	31.06	30.80	30.56	30.30	30.04	29.19	29.38	29.38	29.24	29.08	28.89	28.69	28.41	28.20	28.00	27.82	27.65	27.47	27.29	27.11	26.90	26.76	26.63	26.45	26.28	26.09	25.94	25.69	25.56	24.29	

KU328820-15_A_L003_R2_039.trimmed.fastq.gz
35.54	35.94	36.15	36.26	31.70	31.98	32.12	35.23	35.19	35.13	35.10	35.10	36.56	36.50	36.39	36.38	36.22	37.38	37.27	37.20	37.09	37.00	36.95	36.81	36.77	36.60	36.39	36.39	36.27	36.18	36.08	36.01	35.88	35.76	35.59	35.41	35.33	35.22	35.12	34.86	34.82	34.68	34.57	34.36	34.24	34.21	34.18	33.98	33.87	33.70	33.53	33.34	33.22	33.04	32.14	32.33	32.48	32.43	32.31	32.17	32.02	31.82	31.63	31.44	31.09	31.00	30.91	30.79	30.63	30.53	30.31	30.06	29.89	29.74	29.50	29.37	29.12	28.90	28.69	28.48	28.26	28.07	27.88	27.69	27.50	27.26	27.10	26.89	26.74	26.55	26.40	26.23	26.02	25.84	25.74	25.58	25.27	25.10	24.85	24.73	





Read count (%) per base for different quality score ranges

	KU328820-15_A_L003_R1_039.trimmed.fastq.gz
Ranges	0-10	11-20	21-30	31-40
Base
1	0.01	2.05	12.57	85.37
2	0.00	0.90	10.04	89.06
3	0.00	0.95	9.58	89.47
4	0.00	0.77	4.09	95.13
5	0.00	0.66	4.57	94.78
6	0.00	0.66	4.47	94.87
7	0.00	0.63	4.39	94.98
8	0.00	0.62	4.29	95.09
9	0.00	0.63	4.44	94.92
10	0.00	0.61	4.28	95.11
11	0.00	0.62	4.33	95.05
12	0.00	0.63	4.43	94.94
13	0.00	0.66	4.50	94.84
14	0.00	1.21	7.08	91.70
15	0.00	1.24	7.09	91.67
16	0.00	1.22	7.12	91.66
17	0.00	1.21	6.97	91.81
18	0.00	1.30	7.27	91.43
19	0.00	1.25	7.08	91.67
20	0.00	1.28	7.22	91.50
21	0.00	1.25	7.12	91.63
22	0.00	1.23	7.11	91.66
23	0.00	1.22	7.11	91.67
24	0.00	1.23	7.25	91.51
25	0.00	1.20	7.19	91.60
26	0.00	1.21	7.17	91.62
27	0.00	1.25	7.37	91.39
28	0.00	1.21	7.36	91.43
29	0.00	1.16	7.31	91.53
30	0.00	1.15	7.39	91.46
31	0.00	1.11	7.36	91.53
32	0.00	1.15	7.65	91.20
33	0.00	1.13	7.70	91.17
34	0.00	1.09	7.60	91.31
35	0.00	1.07	7.65	91.28
36	0.00	1.07	7.62	91.31
37	0.00	1.38	7.99	90.63
38	0.00	1.16	7.81	91.02
39	0.00	1.11	7.53	91.36
40	0.00	1.15	7.73	91.12
41	0.00	1.08	7.49	91.42
42	0.00	1.04	7.45	91.51
43	0.00	0.94	7.25	91.81
44	0.00	0.98	7.35	91.67
45	0.00	0.97	7.25	91.78
46	0.00	1.02	7.45	91.52
47	0.00	0.97	7.25	91.78
48	0.00	0.98	7.21	91.81
49	0.00	0.99	7.18	91.84
50	0.00	1.04	7.36	91.60
51	0.00	0.89	6.88	92.23
52	0.00	0.90	6.77	92.33
53	0.00	0.88	6.71	92.40
54	0.00	0.89	6.66	92.45
55	0.00	0.89	6.70	92.41
56	0.00	0.87	6.63	92.51
57	0.00	0.86	6.58	92.56
58	0.00	0.92	6.85	92.22
59	0.00	0.86	6.74	92.40
60	0.00	0.84	6.61	92.56
61	0.00	0.81	6.51	92.69
62	0.00	0.87	6.81	92.32
63	0.00	0.83	6.68	92.49
64	0.00	0.78	6.50	92.72
65	0.00	0.82	6.76	92.42
66	0.00	0.87	6.99	92.14
67	0.00	0.82	6.96	92.22
68	0.00	0.83	6.97	92.20
69	0.00	0.83	7.12	92.05
70	0.00	0.79	6.93	92.28
71	0.00	0.76	6.82	92.43
72	0.00	0.79	7.00	92.21
73	0.00	0.79	7.06	92.15
74	0.00	0.81	7.27	91.93
75	0.00	0.83	7.41	91.76
76	0.00	0.82	10.29	88.89
77	0.00	0.74	8.01	91.25
78	0.00	0.74	7.32	91.95
79	0.00	0.76	7.16	92.09
80	0.00	0.74	6.98	92.28
81	0.00	0.75	6.94	92.31
82	0.00	0.77	7.00	92.22
83	0.00	0.87	7.54	91.59
84	0.00	0.88	7.69	91.43
85	0.00	0.93	7.79	91.28
86	0.00	0.93	7.80	91.27
87	0.00	0.93	7.82	91.25
88	0.00	0.96	7.94	91.10
89	0.00	1.00	8.08	90.92
90	0.00	1.04	8.28	90.67
91	0.00	1.13	8.70	90.17
92	0.00	1.09	8.61	90.30
93	0.00	1.05	8.49	90.46
94	0.00	1.11	8.73	90.15
95	0.00	1.13	8.87	90.01
96	0.00	1.16	9.08	89.76
97	0.00	1.13	9.05	89.82
98	0.00	1.05	8.94	90.01
99	0.00	1.02	8.78	90.20
100	0.00	2.91	17.44	79.65


	KU328820-15_A_L003_R2_039.trimmed.fastq.gz
Ranges	0-10	11-20	21-30	31-40
Base
1	0.15	3.20	5.54	91.11
2	0.00	1.79	4.21	94.00
3	0.00	1.14	3.55	95.31
4	0.00	0.93	3.20	95.87
5	0.00	1.40	14.72	83.87
6	0.00	1.29	12.49	86.22
7	0.00	1.20	11.70	87.10
8	0.00	1.20	6.25	92.55
9	0.00	1.19	6.28	92.52
10	0.00	1.30	6.32	92.39
11	0.00	1.25	6.22	92.53
12	0.00	1.20	5.97	92.83
13	0.00	1.12	5.72	93.16
14	0.00	1.11	5.77	93.13
15	0.00	1.13	5.93	92.94
16	0.00	1.05	5.65	93.31
17	0.00	1.10	5.98	92.92
18	0.00	1.82	8.67	89.51
19	0.00	1.82	8.73	89.45
20	0.00	1.75	8.56	89.69
21	0.00	1.73	8.51	89.76
22	0.00	1.66	8.39	89.95
23	0.00	1.66	8.51	89.83
24	0.00	1.65	8.53	89.82
25	0.00	1.53	8.21	90.26
26	0.00	1.58	8.38	90.03
27	0.00	1.65	8.61	89.73
28	0.00	1.51	8.41	90.08
29	0.00	1.48	8.39	90.13
30	0.00	1.42	8.22	90.36
31	0.00	1.36	8.12	90.52
32	0.00	1.28	7.94	90.78
33	0.00	1.26	7.93	90.80
34	0.00	1.21	7.93	90.85
35	0.00	1.24	8.10	90.67
36	0.00	1.23	8.26	90.51
37	0.00	1.15	8.01	90.84
38	0.00	1.12	7.95	90.93
39	0.00	1.08	7.87	91.05
40	0.00	1.20	8.42	90.38
41	0.00	1.08	7.89	91.03
42	0.00	1.10	7.91	90.99
43	0.00	1.08	7.83	91.09
44	0.00	1.12	8.12	90.75
45	0.00	1.10	7.97	90.93
46	0.00	1.08	8.05	90.87
47	0.00	1.00	7.65	91.36
48	0.00	1.11	8.02	90.87
49	0.00	1.06	7.85	91.09
50	0.00	1.09	7.97	90.94
51	0.00	1.06	7.77	91.17
52	0.00	1.06	7.75	91.19
53	0.00	1.01	7.46	91.53
54	0.00	1.02	7.51	91.48
55	0.00	0.73	6.99	92.28
56	0.00	0.78	6.28	92.94
57	0.00	0.82	6.39	92.79
58	0.00	0.89	6.75	92.36
59	0.00	0.93	6.94	92.14
60	0.00	0.92	6.98	92.10
61	0.00	0.91	6.89	92.20
62	0.00	0.95	7.00	92.06
63	0.00	0.92	7.10	91.98
64	0.00	0.92	7.14	91.94
65	0.00	1.12	7.37	91.51
66	0.00	0.91	7.02	92.08
67	0.00	0.84	6.90	92.26
68	0.00	0.80	6.65	92.56
69	0.00	0.80	6.64	92.56
70	0.00	0.70	6.28	93.02
71	0.00	0.75	6.53	92.73
72	0.00	0.79	6.80	92.41
73	0.00	0.77	6.64	92.59
74	0.00	0.69	6.41	92.90
75	0.00	0.74	6.60	92.66
76	0.00	0.66	6.26	93.08
77	0.00	0.70	6.52	92.78
78	0.00	0.71	6.65	92.64
79	0.00	0.72	6.66	92.63
80	0.00	0.70	6.64	92.66
81	0.00	0.72	6.80	92.48
82	0.00	0.70	6.67	92.63
83	0.00	0.70	6.64	92.66
84	0.00	0.70	6.64	92.65
85	0.00	0.71	6.69	92.59
86	0.00	0.77	7.02	92.20
87	0.00	0.76	6.96	92.28
88	0.00	0.82	7.18	92.00
89	0.00	0.79	7.13	92.08
90	0.00	0.85	7.32	91.83
91	0.00	0.83	7.23	91.94
92	0.00	0.87	7.37	91.76
93	0.00	0.95	7.80	91.25
94	0.00	1.00	8.01	90.98
95	0.00	0.90	7.67	91.44
96	0.00	0.91	7.74	91.35
97	0.00	0.99	8.14	90.87
98	0.00	0.97	8.22	90.81
99	0.00	1.05	8.66	90.29
100	0.00	1.13	8.80	90.07




