Parameters
	Library type	Paired-end
	Input files	KU328820-15_A_L003_R1_018.trimmed.fastq.gz	KU328820-15_A_L003_R2_018.trimmed.fastq.gz
	Primer/Adaptor library	NA
	Cut-off read length for HQ	70%
	Cut-off quality score	20
	Only statistics	On
	Number of CPUs	2


QC statistics
	File name	KU328820-15_A_L003_R1_018.trimmed.fastq.gz	KU328820-15_A_L003_R2_018.trimmed.fastq.gz
	Total number of reads	4000000	4000000
	Total number of HQ reads	3988422	3988422
	Percentage of HQ reads	99.71%	99.71%
	Total number of bases	369827178	369082805
	Total number of bases in HQ reads	369133519	368910936
	Total number of HQ bases in HQ reads	367435878	367273302
	Percentage of HQ bases in HQ reads	99.54%	99.56%
	Number of Primer/Adaptor contaminated HQ reads	NA	NA
	Total number of HQ filtered reads	3988422	3988422
	Percentage of HQ filtered reads	99.71%	99.71%


Detailed QC statistics
	File name	KU328820-15_A_L003_R1_018.trimmed.fastq.gz	KU328820-15_A_L003_R2_018.trimmed.fastq.gz
	Minimum read length	1	1
	Maximum read length	100	100
	Average read length	92.46	92.27
	Total number of reads	4000000	4000000
	Total number of reads with non-ATGC bases	130	3855
	Percentage of reads with non-ATGC bases	0.00%	0.10%
	Total number of bases	369827178	369082805
	Total number of HQ bases	368103912	367396401
	Percentage of HQ bases	99.53%	99.54%
	Total number of non-ATGC bases	130	3855
	Percentage of non-ATGC bases	0.00%	0.00%


Average quality score at each base position of input reads

KU328820-15_A_L003_R1_018.trimmed.fastq.gz
32.45	32.85	32.98	36.26	36.21	36.22	36.22	36.21	37.94	37.92	37.89	37.89	37.85	39.26	39.24	39.24	39.20	39.17	39.17	39.11	39.07	39.00	38.93	38.87	38.76	38.69	38.60	38.51	38.40	38.29	38.16	38.07	37.95	37.84	37.69	37.57	37.46	37.30	37.19	37.03	36.86	36.66	36.77	36.73	36.67	36.56	36.43	36.31	36.19	36.04	36.07	35.99	35.86	35.75	35.62	35.47	35.31	35.10	34.94	34.76	34.58	34.40	34.19	34.00	33.77	33.56	33.33	33.12	32.87	32.50	32.29	32.01	31.76	31.20	31.13	30.10	30.48	30.53	30.44	30.27	30.06	29.89	29.67	29.46	29.23	29.06	28.87	28.68	28.47	28.30	28.14	27.98	27.80	27.64	27.46	27.29	27.13	26.92	26.74	25.49	

KU328820-15_A_L003_R2_018.trimmed.fastq.gz
36.08	36.36	36.46	36.56	32.51	32.76	32.82	35.96	35.95	35.94	35.92	35.88	37.51	37.48	37.43	37.39	37.34	38.72	38.66	38.59	38.52	38.48	38.42	38.40	38.32	38.24	38.17	38.10	38.00	37.92	37.84	37.77	37.66	37.60	37.50	37.36	37.26	37.16	37.05	36.92	36.81	36.71	36.61	36.50	36.39	36.41	36.33	36.30	36.15	36.07	35.93	35.80	35.62	35.49	34.41	34.72	34.94	34.98	34.92	34.79	34.63	34.46	34.30	34.14	33.94	33.78	33.75	33.66	33.53	33.34	33.19	33.02	32.85	32.67	32.47	32.22	31.96	31.78	31.56	31.36	31.14	30.91	30.70	30.49	30.28	30.08	29.90	29.73	29.56	29.37	29.20	29.04	28.87	28.72	28.57	28.42	28.08	27.87	27.70	27.57	





Read count (%) per base for different quality score ranges

	KU328820-15_A_L003_R1_018.trimmed.fastq.gz
Ranges	0-10	11-20	21-30	31-40
Base
1	0.00	0.92	7.84	91.23
2	0.00	0.46	6.38	93.16
3	0.00	0.36	5.85	93.78
4	0.00	0.33	2.44	97.23
5	0.00	0.36	2.72	96.92
6	0.00	0.37	2.66	96.98
7	0.00	0.37	2.67	96.96
8	0.00	0.38	2.71	96.91
9	0.00	0.37	2.71	96.91
10	0.00	0.38	2.75	96.87
11	0.00	0.39	2.84	96.77
12	0.00	0.39	2.84	96.77
13	0.00	0.41	2.93	96.66
14	0.00	0.96	5.58	93.46
15	0.00	0.95	5.54	93.51
16	0.00	0.91	5.40	93.69
17	0.00	0.93	5.51	93.55
18	0.00	0.93	5.49	93.58
19	0.00	0.95	5.56	93.49
20	0.00	0.95	5.56	93.49
21	0.00	0.94	5.54	93.52
22	0.00	0.94	5.60	93.46
23	0.00	0.92	5.55	93.53
24	0.00	0.95	5.74	93.31
25	0.00	0.96	5.83	93.21
26	0.00	0.95	5.70	93.35
27	0.00	0.95	5.75	93.29
28	0.00	0.92	5.70	93.38
29	0.00	0.91	5.75	93.34
30	0.00	0.88	5.80	93.33
31	0.00	0.89	5.89	93.22
32	0.00	0.84	5.80	93.36
33	0.00	0.85	5.91	93.25
34	0.00	0.82	5.89	93.30
35	0.00	0.85	6.05	93.10
36	0.00	0.83	5.99	93.18
37	0.00	0.81	5.94	93.25
38	0.00	0.83	6.01	93.15
39	0.00	0.82	5.93	93.26
40	0.00	0.82	6.03	93.15
41	0.00	0.85	6.09	93.06
42	0.00	0.88	6.24	92.87
43	0.00	0.81	6.07	93.13
44	0.00	0.80	5.96	93.24
45	0.00	0.80	5.85	93.34
46	0.00	0.82	5.89	93.28
47	0.00	0.83	5.99	93.18
48	0.00	0.83	5.94	93.23
49	0.00	0.83	5.92	93.24
50	0.00	0.83	5.97	93.20
51	0.00	0.72	5.58	93.70
52	0.00	0.72	5.42	93.86
53	0.00	0.73	5.40	93.87
54	0.00	0.70	5.30	94.00
55	0.00	0.71	5.26	94.03
56	0.00	0.69	5.25	94.06
57	0.00	0.69	5.26	94.04
58	0.00	0.72	5.41	93.87
59	0.00	0.68	5.36	93.96
60	0.00	0.68	5.35	93.97
61	0.00	0.68	5.36	93.97
62	0.00	0.66	5.34	94.00
63	0.00	0.69	5.46	93.85
64	0.00	0.67	5.46	93.87
65	0.00	0.70	5.62	93.68
66	0.00	0.68	5.67	93.65
67	0.00	0.69	5.74	93.57
68	0.00	0.67	5.73	93.59
69	0.00	0.68	5.85	93.47
70	0.00	0.75	6.27	92.98
71	0.00	0.73	6.19	93.08
72	0.00	0.76	6.41	92.82
73	0.00	0.75	6.44	92.81
74	0.00	1.00	7.96	91.03
75	0.00	0.78	6.97	92.25
76	0.00	0.75	10.39	88.85
77	0.00	0.64	7.11	92.25
78	0.00	0.69	6.40	92.91
79	0.00	0.67	6.06	93.27
80	0.00	0.66	5.94	93.40
81	0.00	0.68	6.00	93.32
82	0.00	0.65	5.83	93.51
83	0.00	0.69	5.99	93.32
84	0.00	0.72	6.13	93.16
85	0.00	0.78	6.42	92.81
86	0.00	0.76	6.44	92.79
87	0.00	0.80	6.56	92.63
88	0.00	0.82	6.70	92.48
89	0.00	0.90	7.06	92.04
90	0.00	0.90	7.16	91.95
91	0.00	0.91	7.23	91.87
92	0.00	0.96	7.36	91.68
93	0.00	0.97	7.53	91.49
94	0.00	0.99	7.66	91.34
95	0.00	1.01	7.83	91.16
96	0.00	1.02	7.93	91.05
97	0.00	0.98	7.97	91.05
98	0.00	1.04	8.28	90.68
99	0.00	1.05	8.43	90.52
100	0.00	2.76	16.71	80.53


	KU328820-15_A_L003_R2_018.trimmed.fastq.gz
Ranges	0-10	11-20	21-30	31-40
Base
1	0.10	1.90	3.22	94.78
2	0.00	0.99	2.36	96.65
3	0.00	0.68	2.04	97.28
4	0.00	0.52	1.78	97.70
5	0.00	0.69	8.26	91.05
6	0.00	0.63	7.03	92.34
7	0.00	0.60	6.82	92.58
8	0.00	0.59	3.38	96.03
9	0.00	0.59	3.38	96.03
10	0.00	0.61	3.37	96.02
11	0.00	0.61	3.36	96.03
12	0.00	0.62	3.43	95.95
13	0.00	0.60	3.31	96.09
14	0.00	0.60	3.36	96.04
15	0.00	0.60	3.41	95.99
16	0.00	0.60	3.41	96.00
17	0.00	0.59	3.43	95.98
18	0.00	1.28	6.43	92.28
19	0.00	1.26	6.45	92.29
20	0.00	1.25	6.42	92.33
21	0.00	1.24	6.37	92.40
22	0.00	1.17	6.23	92.59
23	0.00	1.23	6.43	92.35
24	0.00	1.14	6.20	92.66
25	0.00	1.12	6.20	92.68
26	0.00	1.10	6.17	92.74
27	0.00	1.08	6.10	92.82
28	0.00	1.10	6.35	92.54
29	0.00	1.08	6.35	92.57
30	0.00	1.04	6.22	92.73
31	0.00	1.00	6.14	92.86
32	0.00	0.95	6.06	92.98
33	0.00	0.96	6.14	92.90
34	0.00	0.89	5.96	93.15
35	0.00	0.89	6.09	93.02
36	0.00	0.89	6.26	92.85
37	0.00	0.87	6.23	92.90
38	0.00	0.85	6.20	92.95
39	0.00	0.86	6.23	92.91
40	0.00	0.86	6.29	92.85
41	0.00	0.85	6.25	92.90
42	0.00	0.84	6.18	92.98
43	0.00	0.83	6.22	92.95
44	0.00	0.83	6.14	93.03
45	0.00	0.82	6.09	93.09
46	0.00	0.79	6.16	93.05
47	0.00	0.79	6.07	93.14
48	0.00	0.76	5.82	93.41
49	0.00	0.83	6.06	93.11
50	0.00	0.79	5.89	93.32
51	0.00	0.78	5.85	93.37
52	0.00	0.78	5.77	93.45
53	0.00	0.80	5.94	93.26
54	0.00	0.77	5.79	93.43
55	0.00	0.53	5.32	94.15
56	0.00	0.56	4.59	94.85
57	0.00	0.63	4.88	94.49
58	0.00	0.67	5.17	94.16
59	0.00	0.69	5.26	94.06
60	0.00	0.72	5.39	93.89
61	0.00	0.74	5.49	93.77
62	0.00	0.74	5.51	93.75
63	0.00	0.71	5.60	93.69
64	0.00	0.70	5.58	93.71
65	0.00	0.74	5.72	93.54
66	0.00	0.70	5.66	93.64
67	0.00	0.62	5.31	94.07
68	0.00	0.58	5.02	94.40
69	0.00	0.57	4.94	94.49
70	0.00	0.59	5.08	94.33
71	0.00	0.55	4.92	94.52
72	0.00	0.54	4.83	94.63
73	0.00	0.52	4.74	94.74
74	0.00	0.51	4.71	94.78
75	0.00	0.51	4.71	94.78
76	0.00	0.54	4.91	94.55
77	0.00	0.58	5.14	94.28
78	0.00	0.55	4.99	94.46
79	0.00	0.55	5.04	94.42
80	0.00	0.53	4.98	94.48
81	0.00	0.54	5.03	94.44
82	0.00	0.55	5.09	94.36
83	0.00	0.57	5.16	94.28
84	0.00	0.57	5.20	94.24
85	0.00	0.58	5.29	94.13
86	0.00	0.60	5.34	94.06
87	0.00	0.59	5.35	94.05
88	0.00	0.60	5.36	94.04
89	0.00	0.62	5.39	93.99
90	0.00	0.66	5.62	93.73
91	0.00	0.68	5.74	93.58
92	0.00	0.70	5.84	93.46
93	0.00	0.72	5.98	93.30
94	0.00	0.73	6.04	93.22
95	0.00	0.76	6.17	93.07
96	0.00	0.76	6.28	92.95
97	0.00	0.75	6.29	92.96
98	0.00	0.78	6.44	92.79
99	0.00	0.77	6.59	92.64
100	0.00	0.85	6.79	92.36




