Parameters
	Library type	Paired-end
	Input files	KU328820-15_A_L003_R1_023.trimmed.fastq.gz	KU328820-15_A_L003_R2_023.trimmed.fastq.gz
	Primer/Adaptor library	NA
	Cut-off read length for HQ	70%
	Cut-off quality score	20
	Only statistics	On
	Number of CPUs	2


QC statistics
	File name	KU328820-15_A_L003_R1_023.trimmed.fastq.gz	KU328820-15_A_L003_R2_023.trimmed.fastq.gz
	Total number of reads	4000000	4000000
	Total number of HQ reads	3982099	3982099
	Percentage of HQ reads	99.55%	99.55%
	Total number of bases	364194676	356265863
	Total number of bases in HQ reads	363204381	356000692
	Total number of HQ bases in HQ reads	361081124	353674389
	Percentage of HQ bases in HQ reads	99.42%	99.35%
	Number of Primer/Adaptor contaminated HQ reads	NA	NA
	Total number of HQ filtered reads	3982099	3982099
	Percentage of HQ filtered reads	99.55%	99.55%


Detailed QC statistics
	File name	KU328820-15_A_L003_R1_023.trimmed.fastq.gz	KU328820-15_A_L003_R2_023.trimmed.fastq.gz
	Minimum read length	1	1
	Maximum read length	100	100
	Average read length	91.05	89.07
	Total number of reads	4000000	4000000
	Total number of reads with non-ATGC bases	126	4716
	Percentage of reads with non-ATGC bases	0.00%	0.12%
	Total number of bases	364194676	356265863
	Total number of HQ bases	362029913	353856431
	Percentage of HQ bases	99.41%	99.32%
	Total number of non-ATGC bases	126	4716
	Percentage of non-ATGC bases	0.00%	0.00%


Average quality score at each base position of input reads

KU328820-15_A_L003_R1_023.trimmed.fastq.gz
32.01	32.51	32.68	36.01	35.90	35.93	35.89	35.92	37.54	37.52	37.50	37.48	37.46	38.77	38.78	38.72	38.67	38.60	38.55	38.53	38.52	38.49	38.42	38.30	38.23	38.15	38.01	37.88	37.71	37.67	37.56	37.36	37.24	37.17	37.05	36.85	36.75	36.56	36.42	36.24	36.01	35.87	36.02	36.03	35.91	35.76	35.65	35.57	35.46	35.31	35.13	35.02	34.91	34.74	34.59	34.43	34.27	34.15	33.95	33.75	33.52	33.35	33.15	32.93	32.66	32.52	32.27	32.06	31.76	31.39	31.13	30.93	30.68	30.13	30.06	28.98	29.31	29.38	29.31	29.14	28.92	28.77	28.55	28.30	28.10	27.95	27.79	27.58	27.40	27.19	27.08	26.95	26.80	26.63	26.50	26.27	26.10	25.88	25.65	24.27	

KU328820-15_A_L003_R2_023.trimmed.fastq.gz
35.65	36.03	36.19	36.30	32.00	32.24	32.32	35.44	35.40	35.39	35.38	35.29	36.81	36.69	36.66	36.59	36.52	37.71	37.63	37.57	37.45	37.36	37.30	37.21	37.15	37.04	36.92	36.85	36.71	36.56	36.52	36.39	36.20	36.09	36.00	35.90	35.73	35.61	35.46	35.30	35.23	35.12	34.99	34.82	34.65	34.69	34.62	34.52	34.38	34.24	34.04	33.91	33.76	33.61	32.58	32.89	33.06	33.02	32.87	32.78	32.61	32.50	32.37	32.23	31.99	31.78	31.63	31.58	31.40	31.21	30.96	30.90	30.70	30.51	30.23	30.04	29.84	29.66	29.40	29.21	29.03	28.82	28.62	28.40	28.18	28.02	27.83	27.59	27.48	27.29	27.11	26.96	26.80	26.64	26.46	26.30	26.10	25.94	25.70	25.52	





Read count (%) per base for different quality score ranges

	KU328820-15_A_L003_R1_023.trimmed.fastq.gz
Ranges	0-10	11-20	21-30	31-40
Base
1	0.00	1.29	11.21	87.50
2	0.00	0.67	8.96	90.37
3	0.00	0.53	8.21	91.27
4	0.00	0.46	3.45	96.09
5	0.00	0.56	4.14	95.30
6	0.00	0.55	3.89	95.56
7	0.00	0.59	4.12	95.29
8	0.00	0.56	3.94	95.50
9	0.00	0.57	4.00	95.44
10	0.00	0.58	4.03	95.39
11	0.00	0.59	4.10	95.31
12	0.00	0.59	4.11	95.29
13	0.00	0.60	4.14	95.26
14	0.00	1.19	6.81	92.01
15	0.00	1.15	6.62	92.23
16	0.00	1.18	6.77	92.05
17	0.00	1.19	6.79	92.02
18	0.00	1.21	6.88	91.90
19	0.00	1.29	7.10	91.61
20	0.00	1.23	6.93	91.83
21	0.00	1.15	6.76	92.09
22	0.00	1.12	6.65	92.23
23	0.00	1.13	6.66	92.20
24	0.00	1.18	7.04	91.78
25	0.00	1.15	6.89	91.96
26	0.00	1.15	6.79	92.07
27	0.00	1.15	6.91	91.94
28	0.00	1.15	6.99	91.86
29	0.00	1.17	7.16	91.68
30	0.00	1.04	6.86	92.10
31	0.00	1.03	6.88	92.08
32	0.00	1.09	7.24	91.67
33	0.00	1.04	7.16	91.80
34	0.00	0.98	6.98	92.05
35	0.00	0.97	6.97	92.06
36	0.00	1.01	7.25	91.73
37	0.00	0.96	7.00	92.04
38	0.00	0.99	7.18	91.83
39	0.00	1.00	7.14	91.86
40	0.00	1.00	7.20	91.80
41	0.00	1.06	7.42	91.52
42	0.00	1.01	7.21	91.78
43	0.00	0.91	6.94	92.15
44	0.00	0.88	6.73	92.39
45	0.00	0.93	6.85	92.22
46	0.00	0.97	7.00	92.03
47	0.00	0.94	6.91	92.15
48	0.00	0.90	6.67	92.43
49	0.00	0.89	6.66	92.44
50	0.00	0.92	6.71	92.37
51	0.00	0.91	6.80	92.29
52	0.00	0.88	6.62	92.49
53	0.00	0.86	6.46	92.68
54	0.00	0.86	6.47	92.67
55	0.00	0.84	6.42	92.73
56	0.00	0.84	6.35	92.81
57	0.00	0.83	6.28	92.90
58	0.00	0.79	6.05	93.16
59	0.00	0.78	6.13	93.09
60	0.00	0.78	6.20	93.02
61	0.00	0.80	6.35	92.84
62	0.00	0.76	6.24	93.00
63	0.00	0.77	6.28	92.96
64	0.00	0.78	6.40	92.82
65	0.00	0.83	6.71	92.47
66	0.00	0.74	6.38	92.88
67	0.00	0.78	6.58	92.64
68	0.00	0.76	6.60	92.64
69	0.00	0.83	6.91	92.26
70	0.00	0.94	7.54	91.52
71	0.00	0.93	7.62	91.45
72	0.00	0.85	7.38	91.78
73	0.00	0.83	7.43	91.73
74	0.00	1.12	9.01	89.88
75	0.00	0.89	8.02	91.09
76	0.00	0.94	12.29	86.77
77	0.00	0.81	8.87	90.32
78	0.00	0.83	7.91	91.26
79	0.00	0.77	7.32	91.90
80	0.00	0.78	7.23	91.99
81	0.00	0.84	7.38	91.78
82	0.00	0.77	7.11	92.12
83	0.00	0.82	7.28	91.91
84	0.00	0.90	7.70	91.40
85	0.00	0.91	7.85	91.24
86	0.00	0.87	7.65	91.47
87	0.00	0.87	7.59	91.54
88	0.00	0.97	7.91	91.12
89	0.00	0.99	8.11	90.90
90	0.00	1.08	8.52	90.40
91	0.00	0.99	8.24	90.77
92	0.00	0.97	8.16	90.87
93	0.00	1.01	8.26	90.73
94	0.00	1.05	8.45	90.50
95	0.00	1.01	8.38	90.62
96	0.00	1.11	8.87	90.02
97	0.00	1.08	8.98	89.94
98	0.00	1.13	9.38	89.49
99	0.00	1.20	9.69	89.11
100	0.00	3.37	19.55	77.08


	KU328820-15_A_L003_R2_023.trimmed.fastq.gz
Ranges	0-10	11-20	21-30	31-40
Base
1	0.12	2.88	5.17	91.83
2	0.00	1.58	3.88	94.54
3	0.00	1.08	3.36	95.56
4	0.00	0.88	2.92	96.20
5	0.00	1.20	12.41	86.39
6	0.00	1.13	10.95	87.92
7	0.00	1.07	10.49	88.44
8	0.00	1.06	5.52	93.42
9	0.00	1.06	5.60	93.34
10	0.00	1.08	5.46	93.46
11	0.00	1.05	5.32	93.63
12	0.00	1.11	5.55	93.33
13	0.00	1.00	5.19	93.81
14	0.00	1.06	5.48	93.46
15	0.00	1.01	5.36	93.64
16	0.00	1.00	5.38	93.61
17	0.00	0.99	5.39	93.63
18	0.00	1.71	8.14	90.16
19	0.00	1.67	8.05	90.28
20	0.00	1.60	7.94	90.45
21	0.00	1.63	8.05	90.31
22	0.00	1.57	7.93	90.51
23	0.00	1.59	8.06	90.36
24	0.00	1.53	7.93	90.53
25	0.00	1.45	7.68	90.87
26	0.00	1.43	7.65	90.92
27	0.00	1.39	7.65	90.96
28	0.00	1.39	7.81	90.80
29	0.00	1.38	7.83	90.79
30	0.00	1.37	7.85	90.78
31	0.00	1.25	7.53	91.22
32	0.00	1.25	7.54	91.21
33	0.00	1.27	7.78	90.95
34	0.00	1.20	7.67	91.13
35	0.00	1.14	7.49	91.37
36	0.00	1.10	7.47	91.43
37	0.00	1.12	7.70	91.18
38	0.00	1.09	7.62	91.30
39	0.00	1.10	7.73	91.16
40	0.00	1.10	7.77	91.13
41	0.00	1.04	7.51	91.45
42	0.00	1.02	7.36	91.62
43	0.00	1.02	7.43	91.55
44	0.00	1.05	7.56	91.40
45	0.00	1.06	7.59	91.35
46	0.00	0.98	7.44	91.58
47	0.00	0.96	7.32	91.71
48	0.00	0.96	7.23	91.81
49	0.00	0.99	7.35	91.67
50	0.00	0.99	7.34	91.67
51	0.00	0.99	7.33	91.68
52	0.00	0.95	7.10	91.95
53	0.00	0.96	7.05	92.00
54	0.00	0.93	6.93	92.14
55	0.00	0.74	6.81	92.45
56	0.00	0.68	5.71	93.61
57	0.00	0.73	5.86	93.42
58	0.00	0.83	6.34	92.84
59	0.00	0.90	6.69	92.41
60	0.00	0.84	6.49	92.67
61	0.00	0.87	6.61	92.52
62	0.00	0.81	6.31	92.87
63	0.00	0.75	6.17	93.08
64	0.00	0.75	6.14	93.12
65	0.00	0.81	6.53	92.66
66	0.00	0.83	6.61	92.56
67	0.00	0.78	6.59	92.63
68	0.00	0.66	6.03	93.31
69	0.00	0.70	6.12	93.18
70	0.00	0.71	6.22	93.06
71	0.00	0.77	6.54	92.69
72	0.00	0.63	5.82	93.55
73	0.00	0.65	5.91	93.44
74	0.00	0.65	5.97	93.38
75	0.00	0.73	6.39	92.88
76	0.00	0.69	6.29	93.02
77	0.00	0.67	6.25	93.08
78	0.00	0.64	6.15	93.21
79	0.00	0.71	6.43	92.86
80	0.00	0.67	6.34	92.99
81	0.00	0.63	6.19	93.18
82	0.00	0.66	6.23	93.11
83	0.00	0.66	6.30	93.03
84	0.00	0.69	6.45	92.86
85	0.00	0.72	6.62	92.66
86	0.00	0.70	6.50	92.80
87	0.00	0.71	6.56	92.72
88	0.00	0.82	7.01	92.17
89	0.00	0.72	6.65	92.63
90	0.00	0.77	6.87	92.36
91	0.00	0.83	7.08	92.09
92	0.00	0.82	7.10	92.08
93	0.00	0.83	7.23	91.94
94	0.00	0.88	7.37	91.75
95	0.00	0.92	7.61	91.48
96	0.00	0.91	7.69	91.40
97	0.00	0.84	7.47	91.69
98	0.00	0.85	7.45	91.70
99	0.00	0.93	7.92	91.15
100	0.00	1.10	8.54	90.36




