Parameters
	Library type	Paired-end
	Input files	KU328820-15_A_L003_R1_015.trimmed.fastq.gz	KU328820-15_A_L003_R2_015.trimmed.fastq.gz
	Primer/Adaptor library	NA
	Cut-off read length for HQ	70%
	Cut-off quality score	20
	Only statistics	On
	Number of CPUs	2


QC statistics
	File name	KU328820-15_A_L003_R1_015.trimmed.fastq.gz	KU328820-15_A_L003_R2_015.trimmed.fastq.gz
	Total number of reads	4000000	4000000
	Total number of HQ reads	3982006	3982006
	Percentage of HQ reads	99.55%	99.55%
	Total number of bases	363639660	354886837
	Total number of bases in HQ reads	362657777	354617790
	Total number of HQ bases in HQ reads	360510452	352227146
	Percentage of HQ bases in HQ reads	99.41%	99.33%
	Number of Primer/Adaptor contaminated HQ reads	NA	NA
	Total number of HQ filtered reads	3982006	3982006
	Percentage of HQ filtered reads	99.55%	99.55%


Detailed QC statistics
	File name	KU328820-15_A_L003_R1_015.trimmed.fastq.gz	KU328820-15_A_L003_R2_015.trimmed.fastq.gz
	Minimum read length	1	1
	Maximum read length	100	100
	Average read length	90.91	88.72
	Total number of reads	4000000	4000000
	Total number of reads with non-ATGC bases	117	4601
	Percentage of reads with non-ATGC bases	0.00%	0.12%
	Total number of bases	363639660	354886837
	Total number of HQ bases	361449885	352411977
	Percentage of HQ bases	99.40%	99.30%
	Total number of non-ATGC bases	117	4601
	Percentage of non-ATGC bases	0.00%	0.00%


Average quality score at each base position of input reads

KU328820-15_A_L003_R1_015.trimmed.fastq.gz
32.02	32.48	32.62	36.00	35.94	35.92	35.92	35.90	37.49	37.52	37.48	37.42	37.43	38.71	38.77	38.66	38.60	38.55	38.59	38.52	38.46	38.43	38.36	38.29	38.18	38.10	37.97	37.84	37.73	37.63	37.52	37.36	37.16	37.09	36.90	36.76	36.62	36.49	36.25	36.16	35.95	35.80	36.03	35.93	35.88	35.80	35.65	35.49	35.32	35.22	35.12	35.02	34.86	34.78	34.60	34.41	34.25	34.13	33.91	33.68	33.43	33.27	33.01	32.84	32.61	32.40	32.10	31.88	31.55	31.17	30.98	30.78	30.45	29.93	29.88	28.84	29.20	29.28	29.19	29.01	28.80	28.60	28.44	28.22	27.97	27.81	27.61	27.43	27.30	27.13	26.96	26.83	26.68	26.43	26.26	26.04	25.88	25.68	25.50	24.18	

KU328820-15_A_L003_R2_015.trimmed.fastq.gz
35.61	36.00	36.16	36.32	32.10	32.29	32.32	35.40	35.32	35.32	35.28	35.29	36.72	36.70	36.59	36.56	36.48	37.66	37.57	37.44	37.36	37.25	37.25	37.17	36.98	36.89	36.76	36.72	36.57	36.47	36.34	36.24	36.12	36.02	35.87	35.67	35.62	35.49	35.36	35.17	35.13	34.91	34.85	34.68	34.51	34.56	34.34	34.27	34.12	34.10	33.93	33.81	33.63	33.42	32.45	32.70	32.89	32.88	32.77	32.63	32.49	32.34	32.10	32.00	31.80	31.63	31.44	31.18	31.08	30.94	30.77	30.58	30.37	30.22	30.01	29.85	29.55	29.36	29.15	28.98	28.73	28.54	28.33	28.16	27.94	27.72	27.55	27.33	27.16	27.03	26.85	26.72	26.42	26.27	26.12	25.95	25.63	25.52	25.26	25.14	





Read count (%) per base for different quality score ranges

	KU328820-15_A_L003_R1_015.trimmed.fastq.gz
Ranges	0-10	11-20	21-30	31-40
Base
1	0.00	1.32	10.95	87.73
2	0.00	0.70	9.14	90.16
3	0.00	0.56	8.64	90.80
4	0.00	0.47	3.51	96.02
5	0.00	0.52	3.92	95.56
6	0.00	0.56	3.99	95.45
7	0.00	0.56	3.98	95.46
8	0.00	0.58	4.03	95.40
9	0.00	0.60	4.15	95.25
10	0.00	0.57	4.03	95.40
11	0.00	0.59	4.15	95.27
12	0.00	0.63	4.36	95.01
13	0.00	0.61	4.25	95.14
14	0.00	1.19	6.88	91.93
15	0.00	1.10	6.53	92.36
16	0.00	1.18	6.90	91.93
17	0.00	1.21	6.94	91.85
18	0.00	1.20	6.90	91.89
19	0.00	1.19	6.87	91.94
20	0.00	1.18	6.90	91.91
21	0.00	1.19	6.92	91.89
22	0.00	1.14	6.76	92.10
23	0.00	1.13	6.77	92.11
24	0.00	1.16	6.89	91.94
25	0.00	1.17	6.98	91.85
26	0.00	1.15	6.90	91.94
27	0.00	1.17	7.03	91.80
28	0.00	1.15	7.09	91.77
29	0.00	1.13	7.05	91.82
30	0.00	1.09	7.03	91.88
31	0.00	1.05	7.02	91.94
32	0.00	1.08	7.21	91.72
33	0.00	1.11	7.51	91.38
34	0.00	1.01	7.21	91.78
35	0.00	1.06	7.46	91.49
36	0.00	1.04	7.48	91.48
37	0.00	1.03	7.42	91.55
38	0.00	1.00	7.33	91.66
39	0.00	1.11	7.64	91.26
40	0.00	1.00	7.31	91.69
41	0.00	1.06	7.47	91.47
42	0.00	1.03	7.38	91.59
43	0.00	0.87	6.83	92.30
44	0.00	0.94	7.07	91.99
45	0.00	0.92	6.84	92.24
46	0.00	0.90	6.77	92.33
47	0.00	0.93	6.90	92.17
48	0.00	0.95	7.00	92.05
49	0.00	0.97	7.07	91.96
50	0.00	0.94	6.88	92.18
51	0.00	0.88	6.76	92.36
52	0.00	0.85	6.49	92.66
53	0.00	0.86	6.55	92.59
54	0.00	0.80	6.20	93.00
55	0.00	0.82	6.32	92.85
56	0.00	0.83	6.41	92.75
57	0.00	0.82	6.34	92.83
58	0.00	0.77	6.13	93.10
59	0.00	0.80	6.30	92.90
60	0.00	0.81	6.43	92.76
61	0.00	0.84	6.64	92.52
62	0.00	0.79	6.41	92.81
63	0.00	0.85	6.69	92.46
64	0.00	0.79	6.55	92.67
65	0.00	0.82	6.67	92.51
66	0.00	0.80	6.66	92.53
67	0.00	0.86	7.02	92.12
68	0.00	0.82	6.98	92.21
69	0.00	0.90	7.39	91.71
70	0.00	0.91	7.62	91.47
71	0.00	0.83	7.37	91.79
72	0.00	0.82	7.26	91.92
73	0.00	0.90	7.74	91.36
74	0.00	1.10	9.21	89.69
75	0.00	0.85	7.98	91.17
76	0.00	0.91	12.09	87.00
77	0.00	0.74	8.60	90.66
78	0.00	0.76	7.57	91.67
79	0.00	0.76	7.30	91.94
80	0.00	0.79	7.29	91.93
81	0.00	0.81	7.37	91.82
82	0.00	0.82	7.37	91.81
83	0.00	0.76	7.13	92.10
84	0.00	0.83	7.39	91.77
85	0.00	0.93	7.86	91.21
86	0.00	0.90	7.77	91.33
87	0.00	0.96	8.03	91.01
88	0.00	0.98	8.15	90.87
89	0.00	0.95	8.00	91.05
90	0.00	1.00	8.09	90.92
91	0.00	1.03	8.23	90.73
92	0.00	1.00	8.18	90.82
93	0.00	1.01	8.24	90.76
94	0.00	1.16	8.96	89.88
95	0.00	1.15	9.06	89.80
96	0.00	1.23	9.45	89.33
97	0.00	1.14	9.38	89.48
98	0.00	1.16	9.59	89.25
99	0.00	1.16	9.63	89.21
100	0.00	3.25	19.04	77.71


	KU328820-15_A_L003_R2_015.trimmed.fastq.gz
Ranges	0-10	11-20	21-30	31-40
Base
1	0.12	2.86	5.25	91.78
2	0.00	1.57	3.95	94.48
3	0.00	1.05	3.40	95.54
4	0.00	0.86	2.91	96.23
5	0.00	1.13	11.63	87.24
6	0.00	1.10	10.69	88.21
7	0.00	1.08	10.64	88.28
8	0.00	1.09	5.67	93.24
9	0.00	1.13	6.07	92.80
10	0.00	1.16	5.75	93.09
11	0.00	1.14	5.77	93.09
12	0.00	1.08	5.49	93.43
13	0.00	1.05	5.48	93.48
14	0.00	1.03	5.41	93.57
15	0.00	1.06	5.57	93.37
16	0.00	1.00	5.44	93.56
17	0.00	0.99	5.47	93.53
18	0.00	1.70	8.12	90.18
19	0.00	1.68	8.14	90.17
20	0.00	1.67	8.21	90.12
21	0.00	1.62	8.09	90.29
22	0.00	1.57	8.04	90.39
23	0.00	1.54	7.98	90.47
24	0.00	1.49	7.91	90.60
25	0.00	1.57	8.12	90.31
26	0.00	1.48	7.91	90.60
27	0.00	1.46	7.93	90.61
28	0.00	1.41	7.90	90.69
29	0.00	1.41	8.02	90.58
30	0.00	1.37	7.85	90.77
31	0.00	1.32	7.87	90.82
32	0.00	1.26	7.77	90.98
33	0.00	1.23	7.67	91.10
34	0.00	1.18	7.63	91.19
35	0.00	1.17	7.70	91.13
36	0.00	1.19	8.01	90.79
37	0.00	1.10	7.64	91.27
38	0.00	1.11	7.72	91.18
39	0.00	1.09	7.71	91.20
40	0.00	1.13	7.93	90.94
41	0.00	1.03	7.55	91.42
42	0.00	1.09	7.87	91.03
43	0.00	1.02	7.54	91.45
44	0.00	1.07	7.66	91.27
45	0.00	1.07	7.75	91.18
46	0.00	0.98	7.51	91.52
47	0.00	1.08	7.92	90.99
48	0.00	1.02	7.69	91.29
49	0.00	1.07	7.76	91.17
50	0.00	0.97	7.26	91.78
51	0.00	0.96	7.21	91.83
52	0.00	0.92	6.99	92.10
53	0.00	0.95	7.07	91.98
54	0.00	0.96	7.13	91.91
55	0.00	0.71	6.87	92.41
56	0.00	0.69	5.84	93.47
57	0.00	0.74	5.91	93.35
58	0.00	0.82	6.35	92.83
59	0.00	0.85	6.57	92.58
60	0.00	0.86	6.57	92.57
61	0.00	0.84	6.53	92.63
62	0.00	0.84	6.46	92.70
63	0.00	0.88	6.88	92.24
64	0.00	0.78	6.46	92.76
65	0.00	0.82	6.66	92.53
66	0.00	0.81	6.60	92.59
67	0.00	0.81	6.79	92.40
68	0.00	0.86	7.10	92.03
69	0.00	0.79	6.75	92.46
70	0.00	0.76	6.57	92.66
71	0.00	0.73	6.48	92.78
72	0.00	0.74	6.44	92.81
73	0.00	0.76	6.59	92.64
74	0.00	0.67	6.32	93.00
75	0.00	0.69	6.42	92.89
76	0.00	0.64	6.18	93.18
77	0.00	0.76	6.70	92.55
78	0.00	0.70	6.60	92.70
79	0.00	0.70	6.58	92.72
80	0.00	0.67	6.40	92.93
81	0.00	0.72	6.66	92.62
82	0.00	0.69	6.53	92.78
83	0.00	0.69	6.59	92.72
84	0.00	0.68	6.47	92.86
85	0.00	0.72	6.67	92.60
86	0.00	0.76	6.90	92.34
87	0.00	0.74	6.82	92.44
88	0.00	0.81	7.12	92.07
89	0.00	0.82	7.21	91.97
90	0.00	0.77	6.95	92.28
91	0.00	0.82	7.14	92.04
92	0.00	0.78	6.98	92.24
93	0.00	1.04	7.97	90.99
94	0.00	0.95	7.98	91.07
95	0.00	0.95	7.95	91.09
96	0.00	0.99	8.09	90.93
97	0.00	0.98	8.12	90.90
98	0.00	0.87	7.75	91.38
99	0.00	1.00	8.34	90.66
100	0.00	1.07	8.45	90.48




