Parameters
	Library type	Paired-end
	Input files	KU328820-15_A_L003_R1_044.trimmed.fastq.gz	KU328820-15_A_L003_R2_044.trimmed.fastq.gz
	Primer/Adaptor library	NA
	Cut-off read length for HQ	70%
	Cut-off quality score	20
	Only statistics	On
	Number of CPUs	2


QC statistics
	File name	KU328820-15_A_L003_R1_044.trimmed.fastq.gz	KU328820-15_A_L003_R2_044.trimmed.fastq.gz
	Total number of reads	4000000	4000000
	Total number of HQ reads	3985819	3985819
	Percentage of HQ reads	99.65%	99.65%
	Total number of bases	369430492	363442041
	Total number of bases in HQ reads	368612038	363206572
	Total number of HQ bases in HQ reads	366820028	361247604
	Percentage of HQ bases in HQ reads	99.51%	99.46%
	Number of Primer/Adaptor contaminated HQ reads	NA	NA
	Total number of HQ filtered reads	3985819	3985819
	Percentage of HQ filtered reads	99.65%	99.65%


Detailed QC statistics
	File name	KU328820-15_A_L003_R1_044.trimmed.fastq.gz	KU328820-15_A_L003_R2_044.trimmed.fastq.gz
	Minimum read length	1	1
	Maximum read length	100	100
	Average read length	92.36	90.86
	Total number of reads	4000000	4000000
	Total number of reads with non-ATGC bases	199	3999
	Percentage of reads with non-ATGC bases	0.00%	0.10%
	Total number of bases	369430492	363442041
	Total number of HQ bases	367605849	361420058
	Percentage of HQ bases	99.51%	99.44%
	Total number of non-ATGC bases	199	3999
	Percentage of non-ATGC bases	0.00%	0.00%


Average quality score at each base position of input reads

KU328820-15_A_L003_R1_044.trimmed.fastq.gz
32.21	32.66	32.78	36.12	36.08	36.08	36.07	36.07	37.74	37.73	37.71	37.68	37.66	39.07	39.02	38.99	38.95	38.91	38.94	38.90	38.83	38.76	38.69	38.63	38.54	38.45	38.36	38.27	38.18	38.04	37.95	37.84	37.74	37.61	37.48	37.36	37.23	37.08	36.93	36.81	36.66	36.52	36.61	36.59	36.52	36.39	36.30	36.15	36.03	35.89	35.85	35.76	35.66	35.50	35.37	35.18	35.05	34.88	34.73	34.53	34.35	34.16	33.99	33.77	33.56	33.35	33.15	32.91	32.67	32.46	32.24	31.98	31.75	31.51	31.28	30.44	30.63	30.62	30.49	30.33	30.13	29.92	29.69	29.50	29.31	29.10	28.94	28.79	28.59	28.42	28.28	28.09	27.96	27.82	27.69	27.52	27.36	27.19	27.02	25.78	

KU328820-15_A_L003_R2_044.trimmed.fastq.gz
35.90	36.23	36.38	36.48	31.88	32.30	32.49	35.71	35.69	35.68	35.67	35.64	37.19	37.15	37.09	37.04	36.93	38.27	38.20	38.14	38.06	37.99	37.97	37.87	37.77	37.68	37.61	37.56	37.34	37.32	37.24	37.14	37.05	36.94	36.85	36.72	36.61	36.53	36.40	36.31	36.19	36.07	35.98	35.86	35.72	35.74	35.65	35.57	35.50	35.37	35.21	35.08	34.94	34.80	33.87	34.09	34.24	34.23	34.10	33.95	33.79	33.66	33.50	33.34	33.14	32.94	32.88	32.79	32.66	32.47	32.29	31.98	31.83	31.63	31.43	31.23	30.99	30.77	30.59	30.37	30.14	29.92	29.69	29.48	29.31	29.12	28.92	28.73	28.56	28.40	28.23	28.05	27.91	27.77	27.63	27.47	27.20	27.04	26.85	26.71	





Read count (%) per base for different quality score ranges

	KU328820-15_A_L003_R1_044.trimmed.fastq.gz
Ranges	0-10	11-20	21-30	31-40
Base
1	0.00	1.15	9.49	89.35
2	0.00	0.60	7.76	91.64
3	0.00	0.48	7.40	92.12
4	0.00	0.41	2.99	96.61
5	0.00	0.44	3.26	96.30
6	0.00	0.46	3.27	96.27
7	0.00	0.47	3.31	96.22
8	0.00	0.47	3.28	96.26
9	0.00	0.47	3.32	96.21
10	0.00	0.47	3.37	96.16
11	0.00	0.48	3.40	96.13
12	0.00	0.49	3.49	96.02
13	0.00	0.49	3.53	95.98
14	0.00	1.04	6.13	92.82
15	0.00	1.08	6.29	92.63
16	0.00	1.08	6.22	92.70
17	0.00	1.09	6.29	92.61
18	0.00	1.09	6.24	92.67
19	0.00	1.09	6.23	92.68
20	0.00	1.05	6.22	92.73
21	0.00	1.07	6.29	92.64
22	0.00	1.08	6.30	92.63
23	0.00	1.08	6.31	92.61
24	0.00	1.08	6.46	92.46
25	0.00	1.09	6.50	92.41
26	0.00	1.09	6.42	92.49
27	0.00	1.07	6.44	92.48
28	0.00	1.05	6.39	92.56
29	0.00	1.01	6.40	92.59
30	0.00	1.00	6.52	92.48
31	0.00	0.96	6.46	92.58
32	0.00	0.94	6.49	92.56
33	0.00	0.95	6.49	92.56
34	0.00	0.93	6.57	92.50
35	0.00	0.93	6.68	92.39
36	0.00	0.93	6.63	92.44
37	0.00	0.91	6.59	92.50
38	0.00	0.93	6.66	92.41
39	0.00	0.93	6.66	92.40
40	0.00	0.91	6.57	92.51
41	0.00	0.92	6.57	92.51
42	0.00	0.92	6.59	92.49
43	0.00	0.87	6.50	92.63
44	0.00	0.85	6.37	92.78
45	0.00	0.87	6.32	92.81
46	0.00	0.89	6.47	92.65
47	0.00	0.85	6.33	92.81
48	0.00	0.89	6.45	92.66
49	0.00	0.89	6.44	92.67
50	0.00	0.90	6.42	92.69
51	0.00	0.82	6.20	92.99
52	0.00	0.79	5.99	93.22
53	0.00	0.78	5.85	93.37
54	0.00	0.78	5.91	93.31
55	0.00	0.77	5.82	93.41
56	0.00	0.81	5.92	93.27
57	0.00	0.76	5.76	93.48
58	0.00	0.76	5.75	93.49
59	0.00	0.71	5.64	93.65
60	0.00	0.74	5.72	93.55
61	0.00	0.72	5.71	93.57
62	0.00	0.71	5.69	93.60
63	0.00	0.68	5.62	93.69
64	0.00	0.71	5.79	93.49
65	0.00	0.72	5.85	93.43
66	0.00	0.69	5.83	93.48
67	0.00	0.69	5.81	93.51
68	0.00	0.71	5.96	93.33
69	0.00	0.71	6.05	93.24
70	0.00	0.68	5.97	93.35
71	0.00	0.67	5.97	93.36
72	0.00	0.71	6.18	93.11
73	0.00	0.70	6.20	93.10
74	0.00	0.69	6.24	93.07
75	0.00	0.68	6.23	93.09
76	0.00	0.66	8.61	90.73
77	0.00	0.60	6.64	92.76
78	0.00	0.61	6.11	93.28
79	0.00	0.62	5.93	93.45
80	0.00	0.61	5.79	93.59
81	0.00	0.64	5.79	93.57
82	0.00	0.67	5.93	93.40
83	0.00	0.71	6.19	93.10
84	0.00	0.70	6.20	93.09
85	0.00	0.73	6.30	92.97
86	0.00	0.78	6.56	92.66
87	0.00	0.77	6.55	92.68
88	0.00	0.76	6.53	92.71
89	0.00	0.84	6.82	92.34
90	0.00	0.88	7.04	92.08
91	0.00	0.87	7.01	92.12
92	0.00	0.94	7.38	91.68
93	0.00	0.92	7.33	91.75
94	0.00	0.93	7.37	91.70
95	0.00	0.89	7.37	91.74
96	0.00	0.93	7.51	91.56
97	0.00	0.92	7.63	91.46
98	0.00	0.94	7.86	91.20
99	0.00	0.96	8.02	91.02
100	0.00	2.65	16.32	81.03


	KU328820-15_A_L003_R2_044.trimmed.fastq.gz
Ranges	0-10	11-20	21-30	31-40
Base
1	0.10	2.43	4.07	93.40
2	0.00	1.28	2.97	95.75
3	0.00	0.84	2.51	96.65
4	0.00	0.64	2.18	97.18
5	0.00	1.04	12.64	86.33
6	0.00	0.84	9.53	89.62
7	0.00	0.79	8.82	90.38
8	0.00	0.79	4.33	94.88
9	0.00	0.79	4.35	94.86
10	0.00	0.82	4.32	94.86
11	0.00	0.80	4.25	94.96
12	0.00	0.78	4.23	94.99
13	0.00	0.76	4.17	95.07
14	0.00	0.77	4.18	95.05
15	0.00	0.79	4.25	94.96
16	0.00	0.77	4.25	94.98
17	0.00	0.81	4.45	94.74
18	0.00	1.47	7.27	91.26
19	0.00	1.47	7.21	91.33
20	0.00	1.42	7.15	91.43
21	0.00	1.41	7.19	91.40
22	0.00	1.37	7.08	91.54
23	0.00	1.37	7.14	91.49
24	0.00	1.36	7.18	91.46
25	0.00	1.32	7.16	91.52
26	0.00	1.29	7.02	91.68
27	0.00	1.23	6.93	91.84
28	0.00	1.24	7.09	91.67
29	0.00	1.98	7.23	90.79
30	0.00	1.45	7.15	91.40
31	0.00	1.28	6.96	91.77
32	0.00	1.22	6.95	91.84
33	0.00	1.14	6.90	91.96
34	0.00	1.11	6.95	91.94
35	0.00	1.04	6.90	92.06
36	0.00	1.02	7.00	91.98
37	0.00	1.01	6.98	92.01
38	0.00	0.96	6.88	92.17
39	0.00	0.97	6.94	92.09
40	0.00	0.94	6.86	92.20
41	0.00	0.94	6.87	92.19
42	0.00	0.94	6.83	92.23
43	0.00	0.89	6.70	92.41
44	0.00	0.90	6.67	92.43
45	0.00	0.92	6.76	92.32
46	0.00	0.87	6.69	92.44
47	0.00	0.88	6.70	92.42
48	0.00	0.87	6.60	92.53
49	0.00	0.85	6.43	92.71
50	0.00	0.87	6.52	92.61
51	0.00	0.88	6.46	92.67
52	0.00	0.85	6.40	92.75
53	0.00	0.84	6.38	92.78
54	0.00	0.83	6.27	92.90
55	0.00	0.62	5.75	93.63
56	0.00	0.63	5.15	94.22
57	0.00	0.69	5.49	93.82
58	0.00	0.74	5.77	93.49
59	0.00	0.81	6.05	93.15
60	0.00	0.82	6.13	93.05
61	0.00	0.83	6.15	93.01
62	0.00	0.79	6.00	93.21
63	0.00	0.78	6.05	93.17
64	0.00	0.76	6.01	93.23
65	0.00	0.78	6.13	93.09
66	0.00	0.80	6.25	92.96
67	0.00	0.70	5.92	93.39
68	0.00	0.65	5.63	93.71
69	0.00	0.63	5.50	93.87
70	0.00	0.66	5.58	93.76
71	0.00	0.66	5.59	93.76
72	0.00	0.63	5.48	93.88
73	0.00	0.59	5.35	94.06
74	0.00	0.59	5.37	94.03
75	0.00	0.58	5.36	94.07
76	0.00	0.59	5.36	94.05
77	0.00	0.61	5.55	93.84
78	0.00	0.60	5.57	93.83
79	0.00	0.57	5.43	94.00
80	0.00	0.58	5.46	93.96
81	0.00	0.60	5.56	93.84
82	0.00	0.60	5.64	93.75
83	0.00	0.65	5.80	93.55
84	0.00	0.64	5.81	93.56
85	0.00	0.61	5.67	93.72
86	0.00	0.63	5.72	93.65
87	0.00	0.66	5.84	93.50
88	0.00	0.67	5.96	93.37
89	0.00	0.69	5.99	93.32
90	0.00	0.69	6.02	93.29
91	0.00	0.72	6.14	93.13
92	0.00	0.76	6.37	92.86
93	0.00	0.75	6.36	92.90
94	0.00	0.76	6.40	92.83
95	0.00	0.76	6.45	92.79
96	0.00	0.78	6.54	92.68
97	0.00	0.82	6.70	92.48
98	0.00	0.79	6.76	92.45
99	0.00	0.81	6.88	92.30
100	0.00	0.90	7.17	91.93




