Parameters
	Library type	Paired-end
	Input files	KU328820-15_A_L003_R1_047.trimmed.fastq.gz	KU328820-15_A_L003_R2_047.trimmed.fastq.gz
	Primer/Adaptor library	NA
	Cut-off read length for HQ	70%
	Cut-off quality score	20
	Only statistics	On
	Number of CPUs	2


QC statistics
	File name	KU328820-15_A_L003_R1_047.trimmed.fastq.gz	KU328820-15_A_L003_R2_047.trimmed.fastq.gz
	Total number of reads	4000000	4000000
	Total number of HQ reads	3978328	3978328
	Percentage of HQ reads	99.46%	99.46%
	Total number of bases	357338377	342068688
	Total number of bases in HQ reads	356226272	341737447
	Total number of HQ bases in HQ reads	353646806	338698831
	Percentage of HQ bases in HQ reads	99.28%	99.11%
	Number of Primer/Adaptor contaminated HQ reads	NA	NA
	Total number of HQ filtered reads	3978328	3978328
	Percentage of HQ filtered reads	99.46%	99.46%


Detailed QC statistics
	File name	KU328820-15_A_L003_R1_047.trimmed.fastq.gz	KU328820-15_A_L003_R2_047.trimmed.fastq.gz
	Minimum read length	1	1
	Maximum read length	100	100
	Average read length	89.33	85.52
	Total number of reads	4000000	4000000
	Total number of reads with non-ATGC bases	157	4570
	Percentage of reads with non-ATGC bases	0.00%	0.11%
	Total number of bases	357338377	342068688
	Total number of HQ bases	354703054	338923179
	Percentage of HQ bases	99.26%	99.08%
	Total number of non-ATGC bases	157	4570
	Percentage of non-ATGC bases	0.00%	0.00%


Average quality score at each base position of input reads

KU328820-15_A_L003_R1_047.trimmed.fastq.gz
31.36	32.15	32.47	35.83	35.80	35.83	35.81	35.77	37.37	37.15	37.23	37.12	37.13	38.38	38.36	38.32	38.28	38.24	38.25	38.22	38.18	37.92	37.89	37.90	37.75	37.66	37.58	37.44	37.32	37.19	37.09	36.89	36.79	36.53	36.43	36.34	36.16	35.94	35.71	35.62	35.33	35.19	35.32	35.30	35.26	35.09	34.94	34.86	34.58	34.46	34.39	34.17	34.06	33.93	33.76	33.60	33.38	33.18	32.91	32.58	32.38	32.01	31.79	31.57	31.39	31.16	30.92	30.67	30.47	30.30	30.04	29.84	29.55	29.24	29.07	28.25	28.43	28.35	28.19	28.07	27.84	27.63	27.40	27.21	27.03	26.82	26.62	26.45	26.21	26.04	25.73	25.60	25.44	25.25	25.05	24.92	24.77	24.59	24.42	23.15	

KU328820-15_A_L003_R2_047.trimmed.fastq.gz
33.89	34.84	35.93	36.05	31.53	31.98	32.10	35.19	35.17	35.07	35.04	35.01	36.41	36.23	36.18	36.09	36.04	37.11	36.92	36.87	36.75	36.68	36.64	36.53	36.30	36.23	36.18	36.11	35.85	35.78	35.60	35.49	35.37	35.24	35.01	34.89	34.79	34.65	34.55	34.25	34.13	34.07	33.93	33.73	33.63	33.57	33.49	33.26	33.24	33.06	32.88	32.78	32.48	32.28	31.40	31.57	31.60	31.26	31.30	31.09	30.83	30.64	30.24	29.81	29.63	29.35	29.21	29.11	28.98	28.83	28.61	28.38	28.25	28.03	27.85	27.62	27.39	27.23	27.05	26.79	26.59	26.33	26.14	25.90	25.57	25.38	25.14	24.96	24.46	24.33	24.14	23.97	23.85	23.66	23.50	23.33	23.09	22.87	22.76	22.64	





Read count (%) per base for different quality score ranges

	KU328820-15_A_L003_R1_047.trimmed.fastq.gz
Ranges	0-10	11-20	21-30	31-40
Base
1	0.00	3.26	14.63	82.11
2	0.00	1.26	12.02	86.73
3	0.00	0.84	10.50	88.66
4	0.00	0.67	4.28	95.05
5	0.00	0.68	4.72	94.60
6	0.00	0.69	4.63	94.69
7	0.00	0.71	4.78	94.51
8	0.00	0.76	4.99	94.25
9	0.00	0.67	4.60	94.73
10	0.00	1.37	4.95	93.68
11	0.00	0.95	4.95	94.10
12	0.00	1.24	5.04	93.72
13	0.00	1.01	5.24	93.75
14	0.00	1.47	7.40	91.13
15	0.00	1.43	7.39	91.18
16	0.00	1.41	7.48	91.11
17	0.00	1.39	7.55	91.07
18	0.00	1.35	7.50	91.15
19	0.00	1.34	7.53	91.13
20	0.00	1.33	7.44	91.23
21	0.00	1.26	7.39	91.35
22	0.00	1.89	7.86	90.24
23	0.00	1.53	7.69	90.78
24	0.00	1.37	7.53	91.09
25	0.00	1.38	7.74	90.88
26	0.00	1.36	7.67	90.97
27	0.00	1.29	7.58	91.13
28	0.00	1.28	7.69	91.03
29	0.00	1.23	7.71	91.07
30	0.00	1.21	7.71	91.08
31	0.00	1.16	7.62	91.22
32	0.00	1.19	7.93	90.88
33	0.00	1.14	7.82	91.03
34	0.00	1.24	8.29	90.46
35	0.00	1.15	8.07	90.78
36	0.00	1.10	7.88	91.01
37	0.00	1.17	7.93	90.90
38	0.00	1.18	8.22	90.61
39	0.00	1.55	8.20	90.25
40	0.00	1.24	8.02	90.74
41	0.00	1.49	8.32	90.20
42	0.00	1.54	8.08	90.39
43	0.00	1.21	7.85	90.94
44	0.00	1.15	7.59	91.26
45	0.00	1.08	7.43	91.50
46	0.00	1.10	7.68	91.22
47	0.00	1.08	7.66	91.26
48	0.00	1.01	7.38	91.61
49	0.00	1.37	7.78	90.85
50	0.00	1.17	7.71	91.12
51	0.00	1.02	7.45	91.53
52	0.00	0.98	7.16	91.86
53	0.00	0.95	6.96	92.10
54	0.00	0.91	6.79	92.30
55	0.00	0.91	6.86	92.24
56	0.00	0.88	6.78	92.34
57	0.00	0.93	6.89	92.19
58	0.00	0.95	7.01	92.03
59	0.00	0.86	6.80	92.34
60	0.00	0.88	6.85	92.28
61	0.00	0.87	6.85	92.29
62	0.00	0.91	7.08	92.01
63	0.00	0.89	7.10	92.01
64	0.00	0.89	7.08	92.03
65	0.00	0.86	7.01	92.14
66	0.00	0.86	7.13	92.01
67	0.00	0.87	7.18	91.95
68	0.00	0.88	7.35	91.77
69	0.00	0.84	7.23	91.93
70	0.00	0.79	7.02	92.20
71	0.00	0.83	7.23	91.94
72	0.00	0.79	7.13	92.08
73	0.00	0.86	7.53	91.61
74	0.00	0.93	7.96	91.11
75	0.00	0.83	7.64	91.53
76	0.00	0.81	10.46	88.73
77	0.00	0.77	8.24	90.99
78	0.00	0.85	7.96	91.18
79	0.00	0.76	7.36	91.88
80	0.00	0.71	6.96	92.33
81	0.00	0.80	7.24	91.96
82	0.00	0.82	7.36	91.82
83	0.00	0.87	7.68	91.45
84	0.00	0.86	7.70	91.44
85	0.00	0.87	7.72	91.41
86	0.00	0.95	8.07	90.98
87	0.00	0.99	8.31	90.70
88	0.00	1.01	8.36	90.63
89	0.00	1.00	8.30	90.70
90	0.00	1.05	8.52	90.43
91	0.00	1.09	8.71	90.21
92	0.00	1.07	8.69	90.25
93	0.00	1.10	8.80	90.10
94	0.00	1.18	9.13	89.69
95	0.00	1.24	9.49	89.27
96	0.00	1.16	9.30	89.55
97	0.00	1.11	9.26	89.63
98	0.00	1.12	9.47	89.41
99	0.00	1.15	9.58	89.26
100	0.00	3.05	18.47	78.49


	KU328820-15_A_L003_R2_047.trimmed.fastq.gz
Ranges	0-10	11-20	21-30	31-40
Base
1	0.11	4.83	7.74	87.31
2	0.00	1.91	5.56	92.53
3	0.00	1.30	4.28	94.41
4	0.00	1.48	3.78	94.73
5	0.00	1.89	18.10	80.01
6	0.00	1.45	13.88	84.67
7	0.00	1.42	13.16	85.42
8	0.00	1.34	6.66	92.00
9	0.00	1.35	6.77	91.88
10	0.00	1.77	6.65	91.58
11	0.00	1.58	6.85	91.57
12	0.00	1.42	6.75	91.83
13	0.00	1.30	6.34	92.37
14	0.00	1.63	6.55	91.82
15	0.00	1.45	6.60	91.95
16	0.00	1.59	6.42	91.99
17	0.00	1.40	6.49	92.11
18	0.00	2.04	9.02	88.94
19	0.00	2.60	9.08	88.32
20	0.00	2.11	9.04	88.86
21	0.00	1.97	9.02	89.01
22	0.00	1.85	8.74	89.40
23	0.00	1.84	8.82	89.34
24	0.00	1.75	8.76	89.48
25	0.00	2.24	8.90	88.86
26	0.00	1.82	8.80	89.38
27	0.00	1.60	8.41	89.98
28	0.00	1.59	8.57	89.84
29	0.00	2.01	8.84	89.16
30	0.00	1.69	8.61	89.70
31	0.00	1.61	8.70	89.69
32	0.00	1.51	8.58	89.91
33	0.00	1.41	8.46	90.13
34	0.00	1.34	8.39	90.26
35	0.00	1.72	8.68	89.61
36	0.00	1.46	8.61	89.94
37	0.00	1.35	8.44	90.21
38	0.00	1.31	8.44	90.26
39	0.00	1.25	8.27	90.48
40	0.00	1.69	8.70	89.60
41	0.00	1.39	8.77	89.84
42	0.00	1.21	8.31	90.48
43	0.00	1.21	8.24	90.55
44	0.00	1.23	8.41	90.36
45	0.00	1.14	8.14	90.71
46	0.00	1.11	8.23	90.66
47	0.00	1.08	8.03	90.89
48	0.00	1.39	8.36	90.25
49	0.00	1.16	7.92	90.92
50	0.00	1.18	8.10	90.72
51	0.00	1.13	7.96	90.91
52	0.00	1.03	7.59	91.38
53	0.00	1.02	7.52	91.46
54	0.00	1.03	7.55	91.42
55	0.00	0.83	7.36	91.81
56	0.00	0.82	6.52	92.66
57	0.00	0.93	6.91	92.16
58	0.00	1.32	7.44	91.24
59	0.00	0.96	6.93	92.10
60	0.00	1.01	7.25	91.74
61	0.00	0.97	7.14	91.89
62	0.00	0.99	7.23	91.78
63	0.00	1.34	7.57	91.10
64	0.00	1.46	7.63	90.90
65	0.00	1.30	7.43	91.27
66	0.00	1.17	7.48	91.35
67	0.00	1.06	7.50	91.45
68	0.00	0.93	7.19	91.88
69	0.00	0.87	7.03	92.10
70	0.00	0.85	6.87	92.28
71	0.00	0.88	7.14	91.98
72	0.00	0.79	6.91	92.30
73	0.00	0.74	6.64	92.63
74	0.00	0.77	6.87	92.36
75	0.00	0.75	6.78	92.47
76	0.00	0.69	6.50	92.81
77	0.00	0.73	6.72	92.55
78	0.00	0.68	6.58	92.74
79	0.00	0.67	6.51	92.82
80	0.00	0.77	6.91	92.33
81	0.00	0.75	6.96	92.28
82	0.00	0.72	6.83	92.45
83	0.00	0.73	6.86	92.41
84	0.00	0.80	7.24	91.95
85	0.00	0.88	7.73	91.40
86	0.00	0.87	7.74	91.40
87	0.00	0.81	7.43	91.77
88	0.00	0.84	7.50	91.66
89	0.00	1.26	8.15	90.59
90	0.00	1.04	8.26	90.70
91	0.00	0.95	7.89	91.16
92	0.00	0.98	8.04	90.98
93	0.00	0.94	7.91	91.15
94	0.00	1.03	8.27	90.70
95	0.00	1.03	8.47	90.50
96	0.00	1.02	8.46	90.51
97	0.00	0.99	8.36	90.65
98	0.00	1.02	8.57	90.42
99	0.00	0.95	8.42	90.64
100	0.00	1.07	8.62	90.31




