Parameters
	Library type	Paired-end
	Input files	KU328820-15_A_L003_R1_008.trimmed.fastq.gz	KU328820-15_A_L003_R2_008.trimmed.fastq.gz
	Primer/Adaptor library	NA
	Cut-off read length for HQ	70%
	Cut-off quality score	20
	Only statistics	On
	Number of CPUs	2


QC statistics
	File name	KU328820-15_A_L003_R1_008.trimmed.fastq.gz	KU328820-15_A_L003_R2_008.trimmed.fastq.gz
	Total number of reads	4000000	4000000
	Total number of HQ reads	3976217	3976217
	Percentage of HQ reads	99.41%	99.41%
	Total number of bases	356887327	337260128
	Total number of bases in HQ reads	355649630	336924093
	Total number of HQ bases in HQ reads	353141638	333792596
	Percentage of HQ bases in HQ reads	99.29%	99.07%
	Number of Primer/Adaptor contaminated HQ reads	NA	NA
	Total number of HQ filtered reads	3976217	3976217
	Percentage of HQ filtered reads	99.41%	99.41%


Detailed QC statistics
	File name	KU328820-15_A_L003_R1_008.trimmed.fastq.gz	KU328820-15_A_L003_R2_008.trimmed.fastq.gz
	Minimum read length	1	1
	Maximum read length	100	100
	Average read length	89.22	84.32
	Total number of reads	4000000	4000000
	Total number of reads with non-ATGC bases	92	4572
	Percentage of reads with non-ATGC bases	0.00%	0.11%
	Total number of bases	356887327	337260128
	Total number of HQ bases	354321914	334006363
	Percentage of HQ bases	99.28%	99.04%
	Total number of non-ATGC bases	92	4572
	Percentage of non-ATGC bases	0.00%	0.00%


Average quality score at each base position of input reads

KU328820-15_A_L003_R1_008.trimmed.fastq.gz
31.63	32.20	32.37	35.73	35.72	35.68	35.64	35.66	37.20	37.13	37.17	37.11	37.10	38.31	38.25	38.18	38.08	38.11	38.09	38.01	37.88	37.91	37.84	37.84	37.69	37.59	37.45	37.31	37.14	37.03	36.88	36.68	36.55	36.45	36.23	36.00	35.84	35.72	35.54	35.39	35.30	34.99	35.05	35.00	34.92	34.90	34.75	34.65	34.44	34.14	34.04	33.94	33.79	33.68	33.58	33.33	33.18	32.99	32.70	32.51	32.25	32.07	31.76	31.54	31.34	31.13	30.89	30.59	30.35	30.07	29.79	29.64	29.37	28.88	28.78	27.73	28.02	28.15	28.09	27.94	27.76	27.60	27.33	27.14	26.94	26.62	26.54	26.34	26.21	26.01	25.83	25.68	25.52	25.37	25.14	24.92	24.68	24.55	24.38	23.19	

KU328820-15_A_L003_R2_008.trimmed.fastq.gz
34.94	35.52	35.78	36.01	31.71	31.90	31.91	34.94	34.92	34.73	34.70	34.70	36.04	35.90	35.79	35.75	35.74	36.62	36.53	36.44	36.34	35.99	36.06	35.97	35.69	35.53	35.43	35.34	35.05	35.00	34.81	34.65	34.54	34.31	34.21	34.04	33.84	33.68	33.35	33.15	33.14	32.99	32.81	32.46	32.42	32.50	32.29	32.26	32.03	31.83	31.55	31.26	31.18	31.00	30.01	30.16	30.26	30.31	30.30	30.17	29.90	29.62	29.48	29.31	29.15	28.92	28.84	28.75	28.55	28.36	28.19	27.87	27.63	27.59	27.47	27.17	26.96	26.78	26.54	26.39	26.17	25.98	25.68	25.50	25.24	24.83	24.74	24.57	24.20	24.14	23.98	23.81	23.63	23.54	23.38	23.11	22.68	22.64	22.40	22.28	





Read count (%) per base for different quality score ranges

	KU328820-15_A_L003_R1_008.trimmed.fastq.gz
Ranges	0-10	11-20	21-30	31-40
Base
1	0.00	1.75	14.27	83.98
2	0.00	0.90	11.45	87.65
3	0.00	0.72	10.79	88.49
4	0.00	0.64	4.70	94.66
5	0.00	0.65	4.85	94.49
6	0.00	0.73	5.06	94.21
7	0.00	0.78	5.23	93.99
8	0.00	0.75	5.09	94.16
9	0.00	0.76	5.08	94.17
10	0.00	0.81	5.40	93.79
11	0.00	0.76	5.16	94.07
12	0.00	0.81	5.38	93.82
13	0.00	0.79	5.35	93.86
14	0.00	1.38	7.70	90.92
15	0.00	1.41	7.80	90.80
16	0.00	1.43	7.91	90.67
17	0.00	1.48	8.10	90.42
18	0.00	1.37	7.74	90.89
19	0.00	1.42	7.96	90.62
20	0.00	1.44	7.99	90.57
21	0.00	1.49	8.17	90.34
22	0.00	1.33	7.71	90.96
23	0.00	1.33	7.77	90.91
24	0.00	1.27	7.69	91.05
25	0.00	1.31	7.90	90.79
26	0.00	1.32	7.80	90.88
27	0.00	1.33	7.92	90.75
28	0.00	1.32	7.95	90.73
29	0.00	1.31	8.14	90.55
30	0.00	1.26	7.97	90.77
31	0.00	1.24	8.09	90.67
32	0.00	1.27	8.40	90.33
33	0.00	1.23	8.30	90.47
34	0.00	1.16	8.15	90.68
35	0.00	1.22	8.50	90.28
36	0.00	1.26	8.74	90.00
37	0.00	1.22	8.56	90.21
38	0.00	1.17	8.37	90.46
39	0.00	1.17	8.42	90.40
40	0.00	1.15	8.32	90.53
41	0.00	1.09	7.96	90.94
42	0.00	1.23	8.56	90.22
43	0.00	1.12	8.33	90.55
44	0.00	1.10	8.14	90.75
45	0.00	1.08	8.01	90.91
46	0.00	0.99	7.50	91.51
47	0.00	1.04	7.69	91.27
48	0.00	1.02	7.46	91.52
49	0.00	1.08	7.83	91.09
50	0.00	1.19	8.30	90.51
51	0.00	1.05	7.90	91.05
52	0.00	0.98	7.55	91.47
53	0.00	1.00	7.49	91.51
54	0.00	0.93	7.14	91.92
55	0.00	0.88	6.88	92.24
56	0.00	0.98	7.21	91.81
57	0.00	0.92	7.04	92.04
58	0.00	0.91	7.02	92.07
59	0.00	0.96	7.37	91.67
60	0.00	0.91	7.19	91.89
61	0.00	0.96	7.49	91.55
62	0.00	0.90	7.31	91.79
63	0.00	1.02	7.70	91.28
64	0.00	0.96	7.65	91.39
65	0.00	0.91	7.53	91.55
66	0.00	0.91	7.51	91.58
67	0.00	0.92	7.64	91.44
68	0.00	0.97	7.95	91.08
69	0.00	0.95	7.99	91.05
70	0.00	0.89	7.82	91.29
71	0.00	0.94	8.06	91.00
72	0.00	0.85	7.70	91.45
73	0.00	0.88	7.94	91.18
74	0.00	1.13	9.37	89.50
75	0.00	0.93	8.52	90.55
76	0.00	1.13	12.91	85.96
77	0.00	0.85	9.68	89.47
78	0.00	0.77	8.12	91.11
79	0.00	0.75	7.59	91.66
80	0.00	0.77	7.46	91.78
81	0.00	0.76	7.39	91.85
82	0.00	0.74	7.23	92.02
83	0.00	0.87	7.86	91.27
84	0.00	0.86	7.85	91.29
85	0.00	0.90	8.08	91.02
86	0.00	1.11	9.10	89.78
87	0.00	0.97	8.56	90.48
88	0.00	1.05	8.77	90.18
89	0.00	1.02	8.58	90.41
90	0.00	1.08	8.91	90.01
91	0.00	1.15	9.15	89.70
92	0.00	1.13	9.13	89.74
93	0.00	1.15	9.31	89.54
94	0.00	1.14	9.31	89.55
95	0.00	1.27	9.84	88.90
96	0.00	1.31	10.16	88.53
97	0.00	1.39	10.66	87.95
98	0.00	1.25	10.37	88.38
99	0.00	1.25	10.27	88.49
100	0.00	3.19	19.10	77.71


	KU328820-15_A_L003_R2_008.trimmed.fastq.gz
Ranges	0-10	11-20	21-30	31-40
Base
1	0.11	4.02	7.70	88.17
2	0.00	2.13	5.85	92.02
3	0.00	1.55	5.01	93.44
4	0.00	1.26	4.28	94.47
5	0.00	1.71	15.28	83.01
6	0.00	1.64	14.09	84.28
7	0.00	1.64	14.10	84.26
8	0.00	1.55	7.62	90.83
9	0.00	1.53	7.54	90.94
10	0.00	1.78	8.23	89.99
11	0.00	1.71	7.96	90.33
12	0.00	1.60	7.56	90.84
13	0.00	1.50	7.22	91.27
14	0.00	1.55	7.53	90.92
15	0.00	1.53	7.56	90.91
16	0.00	1.45	7.28	91.27
17	0.00	1.34	6.85	91.81
18	0.00	2.18	9.84	87.98
19	0.00	2.08	9.57	88.35
20	0.00	1.99	9.41	88.60
21	0.00	1.92	9.31	88.77
22	0.00	2.11	9.90	87.99
23	0.00	1.88	9.31	88.81
24	0.00	1.82	9.15	89.03
25	0.00	1.94	9.66	88.40
26	0.00	1.90	9.42	88.68
27	0.00	1.74	9.12	89.14
28	0.00	1.71	9.23	89.06
29	0.00	1.83	9.66	88.51
30	0.00	1.62	9.12	89.26
31	0.00	1.64	9.21	89.14
32	0.00	1.61	9.16	89.23
33	0.00	1.49	8.93	89.58
34	0.00	1.53	9.25	89.22
35	0.00	1.40	8.94	89.66
36	0.00	1.38	8.99	89.63
37	0.00	1.39	9.17	89.44
38	0.00	1.37	9.16	89.48
39	0.00	1.51	9.77	88.72
40	0.00	1.47	9.75	88.78
41	0.00	1.27	9.01	89.72
42	0.00	1.29	8.96	89.75
43	0.00	1.28	9.04	89.68
44	0.00	1.52	9.67	88.80
45	0.00	1.26	8.95	89.79
46	0.00	1.12	8.43	90.46
47	0.00	1.24	8.77	89.99
48	0.00	1.10	8.22	90.68
49	0.00	1.19	8.59	90.23
50	0.00	1.24	8.71	90.06
51	0.00	1.29	8.85	89.86
52	0.00	1.30	8.96	89.74
53	0.00	1.14	8.37	90.49
54	0.00	1.13	8.22	90.65
55	0.00	1.04	8.72	90.23
56	0.00	0.82	7.17	92.01
57	0.00	0.97	7.30	91.72
58	0.00	0.94	7.21	91.86
59	0.00	0.88	6.91	92.22
60	0.00	0.93	7.01	92.07
61	0.00	1.00	7.47	91.52
62	0.00	1.08	7.82	91.10
63	0.00	0.98	7.57	91.45
64	0.00	0.96	7.52	91.52
65	0.00	0.94	7.39	91.67
66	0.00	1.00	7.65	91.36
67	0.00	0.85	7.24	91.91
68	0.00	0.79	6.80	92.42
69	0.00	0.82	7.06	92.12
70	0.00	0.84	7.11	92.05
71	0.00	0.81	7.07	92.12
72	0.00	0.95	7.71	91.34
73	0.00	0.98	7.98	91.04
74	0.00	0.74	7.02	92.23
75	0.00	0.69	6.61	92.69
76	0.00	0.81	7.28	91.90
77	0.00	0.83	7.43	91.74
78	0.00	0.77	7.27	91.96
79	0.00	0.81	7.53	91.66
80	0.00	0.74	7.20	92.06
81	0.00	0.79	7.43	91.77
82	0.00	0.78	7.45	91.78
83	0.00	0.91	8.10	90.98
84	0.00	0.86	7.98	91.16
85	0.00	0.98	8.49	90.54
86	0.00	1.30	9.68	89.02
87	0.00	1.01	9.01	89.99
88	0.00	1.02	8.84	90.14
89	0.00	1.36	10.13	88.51
90	0.00	1.05	9.19	89.76
91	0.00	1.07	9.10	89.83
92	0.00	1.11	9.12	89.77
93	0.00	1.14	9.21	89.64
94	0.00	0.98	8.69	90.33
95	0.00	1.02	8.72	90.25
96	0.00	1.23	9.62	89.15
97	0.00	1.49	10.80	87.72
98	0.00	1.08	9.60	89.32
99	0.00	1.27	10.09	88.64
100	0.00	1.31	10.23	88.46




