Parameters
	Library type	Paired-end
	Input files	KU328820-15_A_L003_R1_001.trimmed.fastq.gz	KU328820-15_A_L003_R2_001.trimmed.fastq.gz
	Primer/Adaptor library	NA
	Cut-off read length for HQ	70%
	Cut-off quality score	20
	Only statistics	On
	Number of CPUs	2


QC statistics
	File name	KU328820-15_A_L003_R1_001.trimmed.fastq.gz	KU328820-15_A_L003_R2_001.trimmed.fastq.gz
	Total number of reads	4000000	4000000
	Total number of HQ reads	3988289	3988289
	Percentage of HQ reads	99.71%	99.71%
	Total number of bases	367411147	364113894
	Total number of bases in HQ reads	366723667	363951421
	Total number of HQ bases in HQ reads	364951023	362095160
	Percentage of HQ bases in HQ reads	99.52%	99.49%
	Number of Primer/Adaptor contaminated HQ reads	NA	NA
	Total number of HQ filtered reads	3988289	3988289
	Percentage of HQ filtered reads	99.71%	99.71%


Detailed QC statistics
	File name	KU328820-15_A_L003_R1_001.trimmed.fastq.gz	KU328820-15_A_L003_R2_001.trimmed.fastq.gz
	Minimum read length	1	1
	Maximum read length	100	100
	Average read length	91.85	91.03
	Total number of reads	4000000	4000000
	Total number of reads with non-ATGC bases	99	3485
	Percentage of reads with non-ATGC bases	0.00%	0.09%
	Total number of bases	367411147	364113894
	Total number of HQ bases	365612697	362205267
	Percentage of HQ bases	99.51%	99.48%
	Total number of non-ATGC bases	99	3485
	Percentage of non-ATGC bases	0.00%	0.00%


Average quality score at each base position of input reads

KU328820-15_A_L003_R1_001.trimmed.fastq.gz
32.38	32.78	32.93	36.20	36.17	36.17	36.17	36.16	37.85	37.83	37.81	37.80	37.81	39.23	39.19	39.17	39.12	39.08	39.08	39.02	38.98	38.89	38.81	38.74	38.66	38.57	38.45	38.35	38.23	38.12	38.02	37.91	37.76	37.66	37.46	37.34	37.19	37.07	36.91	36.80	36.67	36.51	36.48	36.39	36.34	36.24	36.10	36.00	35.85	35.72	35.76	35.70	35.54	35.41	35.22	35.08	34.89	34.68	34.47	34.34	34.19	34.00	33.79	33.56	33.35	33.16	32.92	32.64	32.42	32.08	31.82	31.52	31.25	30.70	30.64	29.60	30.03	30.14	30.04	29.86	29.69	29.52	29.30	29.07	28.85	28.66	28.50	28.32	28.15	27.96	27.80	27.65	27.47	27.31	27.14	26.98	26.77	26.56	26.40	25.32	

KU328820-15_A_L003_R2_001.trimmed.fastq.gz
35.98	36.29	36.39	36.50	32.45	32.65	32.69	35.83	35.80	35.82	35.77	35.74	37.27	37.29	37.25	37.18	37.14	38.44	38.41	38.28	38.24	38.16	38.12	38.05	37.95	37.88	37.81	37.75	37.63	37.54	37.44	37.34	37.25	37.14	37.02	36.94	36.82	36.71	36.54	36.41	36.34	36.20	36.11	35.97	35.82	35.80	35.72	35.65	35.59	35.43	35.30	35.12	35.00	34.79	33.73	34.03	34.21	34.27	34.15	34.03	33.87	33.73	33.50	33.34	33.08	32.94	32.92	32.86	32.76	32.58	32.39	32.22	32.04	31.86	31.60	31.43	31.19	30.98	30.74	30.55	30.34	30.13	29.87	29.63	29.44	29.26	29.01	28.85	28.64	28.46	28.28	28.11	27.95	27.80	27.62	27.46	27.12	26.88	26.66	26.55	





Read count (%) per base for different quality score ranges

	KU328820-15_A_L003_R1_001.trimmed.fastq.gz
Ranges	0-10	11-20	21-30	31-40
Base
1	0.00	1.02	8.45	90.52
2	0.00	0.52	7.06	92.43
3	0.00	0.39	6.36	93.25
4	0.00	0.36	2.72	96.91
5	0.00	0.37	2.91	96.72
6	0.00	0.40	2.91	96.70
7	0.00	0.41	2.92	96.66
8	0.00	0.41	2.93	96.65
9	0.00	0.42	3.00	96.58
10	0.00	0.44	3.07	96.50
11	0.00	0.44	3.10	96.46
12	0.00	0.44	3.12	96.44
13	0.00	0.43	3.05	96.52
14	0.00	0.97	5.81	93.21
15	0.00	0.99	5.85	93.17
16	0.00	0.97	5.78	93.25
17	0.00	1.01	5.88	93.11
18	0.00	1.00	5.87	93.13
19	0.00	1.00	5.96	93.04
20	0.00	1.00	5.93	93.07
21	0.00	0.99	5.90	93.11
22	0.00	1.03	6.03	92.95
23	0.00	1.00	6.00	92.99
24	0.00	1.04	6.19	92.77
25	0.00	1.02	6.16	92.82
26	0.00	1.02	6.11	92.87
27	0.00	1.03	6.22	92.75
28	0.00	1.00	6.17	92.83
29	0.00	0.98	6.22	92.80
30	0.00	0.97	6.25	92.78
31	0.00	0.93	6.21	92.87
32	0.00	0.91	6.21	92.88
33	0.00	0.93	6.40	92.67
34	0.00	0.89	6.24	92.87
35	0.00	0.96	6.60	92.44
36	0.00	0.87	6.17	92.96
37	0.00	0.90	6.46	92.64
38	0.00	0.88	6.39	92.73
39	0.00	0.90	6.48	92.62
40	0.00	0.87	6.36	92.77
41	0.00	0.85	6.13	93.02
42	0.00	0.86	6.23	92.91
43	0.00	0.86	6.45	92.69
44	0.00	0.88	6.38	92.75
45	0.00	0.84	6.25	92.91
46	0.00	0.86	6.22	92.92
47	0.00	0.88	6.32	92.80
48	0.00	0.87	6.22	92.92
49	0.00	0.89	6.39	92.73
50	0.00	0.88	6.28	92.84
51	0.00	0.76	5.87	93.37
52	0.00	0.74	5.59	93.67
53	0.00	0.77	5.70	93.54
54	0.00	0.76	5.62	93.62
55	0.00	0.78	5.72	93.50
56	0.00	0.73	5.55	93.72
57	0.00	0.74	5.62	93.64
58	0.00	0.77	5.78	93.45
59	0.00	0.78	5.91	93.31
60	0.00	0.73	5.73	93.55
61	0.00	0.69	5.58	93.72
62	0.00	0.71	5.67	93.62
63	0.00	0.73	5.78	93.49
64	0.00	0.74	5.92	93.34
65	0.00	0.73	5.93	93.34
66	0.00	0.70	5.85	93.45
67	0.00	0.72	5.97	93.30
68	0.00	0.78	6.27	92.96
69	0.00	0.74	6.24	93.02
70	0.00	0.74	6.27	92.99
71	0.00	0.76	6.43	92.81
72	0.00	0.82	6.74	92.44
73	0.00	0.82	6.89	92.29
74	0.00	1.05	8.34	90.62
75	0.00	0.81	7.28	91.91
76	0.00	0.76	11.00	88.24
77	0.00	0.64	7.28	92.08
78	0.00	0.62	6.24	93.14
79	0.00	0.63	6.00	93.37
80	0.00	0.67	6.04	93.29
81	0.00	0.64	5.86	93.50
82	0.00	0.63	5.75	93.62
83	0.00	0.68	5.96	93.36
84	0.00	0.70	6.18	93.12
85	0.00	0.78	6.51	92.71
86	0.00	0.80	6.61	92.58
87	0.00	0.79	6.60	92.61
88	0.00	0.83	6.69	92.48
89	0.00	0.84	6.81	92.35
90	0.00	0.89	7.05	92.06
91	0.00	0.92	7.15	91.93
92	0.00	0.92	7.22	91.86
93	0.00	0.98	7.53	91.48
94	0.00	0.98	7.63	91.39
95	0.00	1.00	7.78	91.22
96	0.00	0.98	7.78	91.24
97	0.00	1.04	8.23	90.72
98	0.00	1.10	8.62	90.28
99	0.00	1.08	8.60	90.32
100	0.00	2.51	15.66	81.82


	KU328820-15_A_L003_R2_001.trimmed.fastq.gz
Ranges	0-10	11-20	21-30	31-40
Base
1	0.09	2.19	3.75	93.97
2	0.00	1.12	2.72	96.15
3	0.00	0.83	2.32	96.84
4	0.00	0.64	2.08	97.28
5	0.00	0.79	8.81	90.41
6	0.00	0.74	7.97	91.29
7	0.00	0.71	7.72	91.57
8	0.00	0.70	3.87	95.44
9	0.00	0.71	3.97	95.32
10	0.00	0.71	3.79	95.50
11	0.00	0.73	3.85	95.43
12	0.00	0.72	3.84	95.44
13	0.00	0.74	3.96	95.30
14	0.00	0.69	3.80	95.51
15	0.00	0.68	3.83	95.49
16	0.00	0.69	3.89	95.42
17	0.00	0.69	3.84	95.47
18	0.00	1.43	6.93	91.64
19	0.00	1.34	6.74	91.92
20	0.00	1.40	6.95	91.65
21	0.00	1.31	6.69	92.00
22	0.00	1.29	6.74	91.97
23	0.00	1.27	6.70	92.03
24	0.00	1.24	6.60	92.16
25	0.00	1.25	6.63	92.12
26	0.00	1.19	6.56	92.25
27	0.00	1.15	6.46	92.39
28	0.00	1.18	6.68	92.15
29	0.00	1.15	6.53	92.32
30	0.00	1.08	6.48	92.44
31	0.00	1.06	6.44	92.50
32	0.00	1.04	6.45	92.51
33	0.00	1.00	6.47	92.53
34	0.00	0.97	6.37	92.66
35	0.00	0.97	6.52	92.51
36	0.00	0.93	6.46	92.61
37	0.00	0.93	6.55	92.52
38	0.00	0.91	6.50	92.58
39	0.00	0.96	6.71	92.33
40	0.00	0.94	6.73	92.33
41	0.00	0.87	6.41	92.73
42	0.00	0.90	6.55	92.55
43	0.00	0.88	6.43	92.69
44	0.00	0.90	6.51	92.59
45	0.00	0.92	6.57	92.52
46	0.00	0.89	6.62	92.49
47	0.00	0.85	6.44	92.71
48	0.00	0.84	6.30	92.86
49	0.00	0.84	6.15	93.01
50	0.00	0.88	6.34	92.78
51	0.00	0.83	6.15	93.02
52	0.00	0.86	6.23	92.91
53	0.00	0.83	6.07	93.10
54	0.00	0.87	6.21	92.92
55	0.00	0.59	5.81	93.60
56	0.00	0.58	4.83	94.58
57	0.00	0.67	5.16	94.17
58	0.00	0.70	5.39	93.91
59	0.00	0.77	5.76	93.48
60	0.00	0.75	5.66	93.59
61	0.00	0.77	5.79	93.45
62	0.00	0.72	5.55	93.73
63	0.00	0.79	6.07	93.14
64	0.00	0.77	6.02	93.21
65	0.00	0.87	6.30	92.83
66	0.00	0.77	6.11	93.12
67	0.00	0.67	5.75	93.58
68	0.00	0.61	5.38	94.01
69	0.00	0.58	5.17	94.25
70	0.00	0.61	5.22	94.17
71	0.00	0.61	5.32	94.07
72	0.00	0.59	5.21	94.20
73	0.00	0.58	5.15	94.27
74	0.00	0.56	5.13	94.31
75	0.00	0.62	5.39	93.99
76	0.00	0.56	5.24	94.20
77	0.00	0.59	5.37	94.04
78	0.00	0.58	5.40	94.02
79	0.00	0.61	5.51	93.88
80	0.00	0.58	5.36	94.06
81	0.00	0.57	5.38	94.05
82	0.00	0.57	5.37	94.05
83	0.00	0.64	5.66	93.70
84	0.00	0.65	5.83	93.52
85	0.00	0.65	5.81	93.54
86	0.00	0.65	5.78	93.57
87	0.00	0.73	6.11	93.16
88	0.00	0.70	6.00	93.30
89	0.00	0.73	6.21	93.06
90	0.00	0.76	6.32	92.92
91	0.00	0.78	6.44	92.78
92	0.00	0.80	6.51	92.69
93	0.00	0.81	6.58	92.61
94	0.00	0.81	6.57	92.62
95	0.00	0.84	6.79	92.38
96	0.00	0.85	6.86	92.29
97	0.00	0.84	6.94	92.22
98	0.00	0.89	7.20	91.92
99	0.00	0.97	7.64	91.39
100	0.00	0.99	7.59	91.41




