Parameters
	Library type	Paired-end
	Input files	KU328820-15_A_L003_R1_030.trimmed.fastq.gz	KU328820-15_A_L003_R2_030.trimmed.fastq.gz
	Primer/Adaptor library	NA
	Cut-off read length for HQ	70%
	Cut-off quality score	20
	Only statistics	On
	Number of CPUs	2


QC statistics
	File name	KU328820-15_A_L003_R1_030.trimmed.fastq.gz	KU328820-15_A_L003_R2_030.trimmed.fastq.gz
	Total number of reads	4000000	4000000
	Total number of HQ reads	3981214	3981214
	Percentage of HQ reads	99.53%	99.53%
	Total number of bases	354422825	348872449
	Total number of bases in HQ reads	353438831	348567495
	Total number of HQ bases in HQ reads	350908814	345807322
	Percentage of HQ bases in HQ reads	99.28%	99.21%
	Number of Primer/Adaptor contaminated HQ reads	NA	NA
	Total number of HQ filtered reads	3981214	3981214
	Percentage of HQ filtered reads	99.53%	99.53%


Detailed QC statistics
	File name	KU328820-15_A_L003_R1_030.trimmed.fastq.gz	KU328820-15_A_L003_R2_030.trimmed.fastq.gz
	Minimum read length	1	1
	Maximum read length	100	100
	Average read length	88.61	87.22
	Total number of reads	4000000	4000000
	Total number of reads with non-ATGC bases	182	4228
	Percentage of reads with non-ATGC bases	0.00%	0.11%
	Total number of bases	354422825	348872449
	Total number of HQ bases	351844986	346019430
	Percentage of HQ bases	99.27%	99.18%
	Total number of non-ATGC bases	182	4228
	Percentage of non-ATGC bases	0.00%	0.00%


Average quality score at each base position of input reads

KU328820-15_A_L003_R1_030.trimmed.fastq.gz
31.49	32.24	32.54	35.86	35.78	35.80	35.83	35.85	37.29	37.32	37.33	37.31	37.28	38.50	38.47	38.45	38.38	38.37	38.37	38.28	38.24	37.95	37.94	37.92	37.80	37.74	37.47	37.41	37.30	37.24	37.12	36.98	36.84	36.66	36.55	36.42	36.23	36.08	35.92	35.72	35.63	35.45	35.54	35.44	35.31	35.22	35.04	34.89	34.49	34.38	33.97	33.62	33.50	33.40	33.22	32.78	32.66	32.51	32.35	32.21	32.00	31.82	31.62	31.39	31.17	30.55	30.40	30.21	30.01	29.74	29.51	29.30	29.01	28.66	28.44	27.63	27.82	27.85	27.59	27.34	27.18	26.99	26.82	26.63	26.40	26.21	26.06	25.87	25.70	25.57	25.41	25.16	25.02	24.88	24.70	24.50	24.33	24.19	24.03	22.82	

KU328820-15_A_L003_R2_030.trimmed.fastq.gz
35.25	35.89	36.17	36.27	31.90	32.13	32.27	35.35	35.33	35.31	35.25	35.18	36.59	36.56	36.38	36.26	36.22	37.38	37.35	37.25	37.17	37.05	37.07	36.87	36.80	36.70	36.47	36.32	36.26	36.16	36.08	36.01	35.89	35.75	35.52	35.42	35.37	35.21	35.12	34.97	34.79	34.66	34.56	34.45	34.30	34.30	34.19	34.08	33.93	33.83	33.66	33.41	33.25	32.75	31.91	32.15	32.33	32.33	32.18	32.00	31.79	31.63	31.14	31.04	30.91	30.55	30.49	30.36	30.22	30.07	29.92	29.76	29.54	29.20	29.01	28.80	28.54	28.35	28.13	27.93	27.69	27.49	27.29	27.08	26.80	26.52	26.24	26.09	25.88	25.71	25.54	25.08	24.98	24.84	24.57	24.44	24.15	23.59	23.42	23.35	





Read count (%) per base for different quality score ranges

	KU328820-15_A_L003_R1_030.trimmed.fastq.gz
Ranges	0-10	11-20	21-30	31-40
Base
1	0.00	2.85	13.93	83.22
2	0.00	1.12	11.13	87.75
3	0.00	0.75	9.87	89.38
4	0.00	0.63	4.20	95.17
5	0.00	0.71	4.78	94.52
6	0.00	0.73	4.70	94.57
7	0.00	0.70	4.52	94.78
8	0.00	0.69	4.52	94.80
9	0.00	1.04	4.66	94.29
10	0.00	0.86	4.68	94.47
11	0.00	0.75	4.63	94.62
12	0.00	0.75	4.71	94.54
13	0.00	0.75	4.84	94.42
14	0.00	1.33	7.23	91.44
15	0.00	1.33	7.26	91.42
16	0.00	1.30	7.28	91.43
17	0.00	1.31	7.37	91.31
18	0.00	1.29	7.24	91.47
19	0.00	1.30	7.34	91.36
20	0.00	1.32	7.46	91.22
21	0.00	1.28	7.34	91.38
22	0.00	2.29	7.71	89.99
23	0.00	1.63	7.72	90.64
24	0.00	1.49	7.61	90.90
25	0.00	1.46	7.72	90.83
26	0.00	1.36	7.49	91.16
27	0.00	1.89	7.91	90.20
28	0.00	1.46	7.80	90.74
29	0.00	1.27	7.78	90.95
30	0.00	1.17	7.54	91.29
31	0.00	1.15	7.54	91.31
32	0.00	1.15	7.67	91.18
33	0.00	1.14	7.68	91.18
34	0.00	1.17	7.89	90.94
35	0.00	1.10	7.77	91.13
36	0.00	1.09	7.75	91.15
37	0.00	1.11	7.89	91.01
38	0.00	1.11	7.83	91.05
39	0.00	1.11	7.80	91.08
40	0.00	1.14	7.92	90.94
41	0.00	1.07	7.62	91.31
42	0.00	1.09	7.67	91.24
43	0.00	1.00	7.46	91.55
44	0.00	1.02	7.54	91.44
45	0.00	1.05	7.55	91.40
46	0.00	1.01	7.44	91.55
47	0.00	1.05	7.58	91.37
48	0.00	1.05	7.56	91.38
49	0.00	2.02	8.01	89.98
50	0.00	1.43	8.07	90.49
51	0.00	1.76	7.86	90.37
52	0.00	1.32	7.14	91.55
53	0.00	1.18	7.08	91.75
54	0.00	1.05	6.84	92.11
55	0.00	1.01	6.95	92.04
56	0.00	1.34	7.11	91.55
57	0.00	1.11	7.07	91.83
58	0.00	0.95	6.96	92.09
59	0.00	0.88	6.81	92.31
60	0.00	0.82	6.61	92.57
61	0.00	0.84	6.70	92.46
62	0.00	0.82	6.66	92.52
63	0.00	0.82	6.67	92.51
64	0.00	0.84	6.83	92.34
65	0.00	0.85	6.92	92.22
66	0.00	1.38	7.19	91.43
67	0.00	1.07	7.13	91.80
68	0.00	0.90	7.16	91.94
69	0.00	0.86	7.09	92.05
70	0.00	0.90	7.36	91.74
71	0.00	0.87	7.44	91.69
72	0.00	0.84	7.39	91.77
73	0.00	0.91	7.73	91.36
74	0.00	0.87	7.68	91.46
75	0.00	0.84	7.66	91.51
76	0.00	0.80	10.53	88.67
77	0.00	0.76	8.19	91.05
78	0.00	0.72	7.31	91.97
79	0.00	0.78	7.22	92.00
80	0.00	0.86	7.65	91.49
81	0.00	0.80	7.42	91.78
82	0.00	0.82	7.44	91.73
83	0.00	0.82	7.44	91.74
84	0.00	0.85	7.47	91.68
85	0.00	0.95	7.91	91.14
86	0.00	0.96	8.03	91.01
87	0.00	0.94	7.95	91.11
88	0.00	1.01	8.18	90.82
89	0.00	1.05	8.42	90.54
90	0.00	1.02	8.29	90.69
91	0.00	1.04	8.41	90.56
92	0.00	1.09	8.59	90.32
93	0.00	1.09	8.57	90.34
94	0.00	1.07	8.64	90.29
95	0.00	1.13	8.84	90.02
96	0.00	1.18	9.18	89.65
97	0.00	1.17	9.37	89.46
98	0.00	1.11	9.30	89.58
99	0.00	1.12	9.34	89.55
100	0.00	2.92	17.68	79.40


	KU328820-15_A_L003_R2_030.trimmed.fastq.gz
Ranges	0-10	11-20	21-30	31-40
Base
1	0.11	4.06	6.42	89.42
2	0.00	1.79	4.50	93.72
3	0.00	1.13	3.53	95.34
4	0.00	0.98	3.19	95.83
5	0.00	1.48	14.01	84.51
6	0.00	1.62	11.88	86.50
7	0.00	1.38	11.52	87.11
8	0.00	1.23	5.84	92.93
9	0.00	1.19	5.88	92.94
10	0.00	1.22	5.84	92.94
11	0.00	1.22	5.96	92.81
12	0.00	1.35	5.91	92.73
13	0.00	1.19	5.83	92.99
14	0.00	1.13	5.80	93.08
15	0.00	1.52	5.96	92.52
16	0.00	1.55	6.15	92.30
17	0.00	1.28	6.17	92.55
18	0.00	1.88	8.60	89.52
19	0.00	1.79	8.43	89.79
20	0.00	1.76	8.51	89.73
21	0.00	1.71	8.41	89.87
22	0.00	1.70	8.41	89.89
23	0.00	1.62	8.31	90.07
24	0.00	2.17	8.46	89.37
25	0.00	1.78	8.33	89.89
26	0.00	1.69	8.25	90.06
27	0.00	2.29	8.34	89.38
28	0.00	2.33	8.78	88.89
29	0.00	1.89	8.51	89.60
30	0.00	1.63	8.44	89.93
31	0.00	1.49	8.24	90.27
32	0.00	1.38	8.03	90.58
33	0.00	1.31	8.08	90.61
34	0.00	1.27	8.16	90.57
35	0.00	1.58	8.40	90.01
36	0.00	1.30	8.31	90.38
37	0.00	1.14	8.03	90.83
38	0.00	1.17	8.10	90.74
39	0.00	1.11	7.92	90.98
40	0.00	1.13	8.01	90.86
41	0.00	1.16	8.24	90.60
42	0.00	1.13	8.13	90.74
43	0.00	1.10	7.92	90.97
44	0.00	1.06	7.75	91.18
45	0.00	1.08	7.80	91.12
46	0.00	1.00	7.72	91.28
47	0.00	1.02	7.70	91.28
48	0.00	1.00	7.57	91.42
49	0.00	1.03	7.71	91.26
50	0.00	1.00	7.50	91.50
51	0.00	1.00	7.47	91.52
52	0.00	1.05	7.69	91.26
53	0.00	1.01	7.61	91.38
54	0.00	1.56	8.03	90.40
55	0.00	0.98	7.60	91.42
56	0.00	0.85	6.59	92.56
57	0.00	0.85	6.49	92.66
58	0.00	0.88	6.60	92.52
59	0.00	0.94	6.93	92.13
60	0.00	0.96	7.16	91.88
61	0.00	0.99	7.31	91.70
62	0.00	0.96	7.17	91.87
63	0.00	1.44	7.39	91.17
64	0.00	1.10	7.23	91.67
65	0.00	0.98	7.02	92.00
66	0.00	0.97	7.11	91.92
67	0.00	0.83	6.83	92.34
68	0.00	0.80	6.71	92.49
69	0.00	0.78	6.61	92.60
70	0.00	0.75	6.51	92.74
71	0.00	0.72	6.39	92.89
72	0.00	0.68	6.29	93.03
73	0.00	0.67	6.19	93.14
74	0.00	0.67	6.20	93.13
75	0.00	0.66	6.18	93.16
76	0.00	0.68	6.32	93.00
77	0.00	0.66	6.26	93.08
78	0.00	0.65	6.23	93.12
79	0.00	0.68	6.39	92.93
80	0.00	0.67	6.42	92.91
81	0.00	0.71	6.66	92.62
82	0.00	0.71	6.70	92.59
83	0.00	0.72	6.74	92.54
84	0.00	0.74	6.85	92.41
85	0.00	0.72	6.78	92.50
86	0.00	0.74	6.86	92.40
87	0.00	0.90	7.56	91.55
88	0.00	0.84	7.48	91.69
89	0.00	0.87	7.49	91.64
90	0.00	0.87	7.52	91.60
91	0.00	0.88	7.59	91.54
92	0.00	1.32	7.93	90.75
93	0.00	1.09	7.80	91.11
94	0.00	1.01	7.86	91.13
95	0.00	0.99	7.89	91.13
96	0.00	0.92	7.79	91.29
97	0.00	0.94	7.95	91.11
98	0.00	1.31	8.95	89.74
99	0.00	1.16	9.09	89.75
100	0.00	1.11	8.83	90.05




