Parameters
	Library type	Single-end
	Input file	/Volumes/wdhd/users/joaks1/projects/gekgo/data/genomes/msg/plate3/demultiplexed-raw/fastq/CDS_791_Gekko_romblon_Romblon_R1.fq
	Primer/Adaptor library	NA
	Cut-off read length for HQ	70%
	Cut-off quality score	20
	Only statistics	On
	Number of processes	2


QC statistics
	File name	CDS_791_Gekko_romblon_Romblon_R1.fq
	Total number of reads	227152
	Total number of HQ reads	225468
	Percentage of HQ reads	99.26%
	Total number of bases	21579440
	Total number of bases in HQ reads	21419460
	Total number of HQ bases in HQ reads	21288898
	Percentage of HQ bases in HQ reads	99.39%
	Number of Primer/Adaptor contaminated HQ reads	NA
	Total number of HQ filtered reads	225468
	Percentage of HQ filtered reads	99.26%


Detailed QC statistics
	File name	CDS_791_Gekko_romblon_Romblon_R1.fq
	Minimum read length	95
	Maximum read length	95
	Average read length	95.00
	Total number of reads	227152
	Total number of reads with non-ATGC bases	88
	Percentage of reads with non-ATGC bases	0.04%
	Total number of bases	21579440
	Total number of HQ bases	21373057
	Percentage of HQ bases	99.04%
	Total number of non-ATGC bases	517
	Percentage of non-ATGC bases	0.00%


Average quality score at each base position of input reads

CDS_791_Gekko_romblon_Romblon_R1.fq
36.68	36.50	36.89	36.63	36.88	36.90	36.91	39.55	39.52	39.40	39.34	39.26	39.35	39.33	39.35	39.15	39.22	39.09	39.23	39.07	39.15	38.96	38.96	38.96	39.06	38.90	38.91	39.08	38.78	38.61	38.86	39.02	38.84	38.90	38.96	38.64	38.87	38.95	38.95	38.58	38.65	38.60	38.66	38.51	38.43	37.94	37.23	37.10	36.70	36.38	36.28	36.66	37.08	37.43	37.71	37.82	38.05	38.20	38.27	38.29	38.26	38.17	38.06	37.93	37.80	37.69	37.57	37.43	37.24	35.68	36.28	36.63	36.61	36.51	36.39	36.26	36.11	36.05	35.95	35.88	35.79	35.70	35.66	35.60	35.55	35.53	35.41	35.36	35.31	35.21	35.16	35.12	35.08	34.98	33.69	




Read count (%) per base for different quality score ranges

	CDS_791_Gekko_romblon_Romblon_R1.fq
Ranges	0-10	11-20	21-30	31-40
Base
1	0.00	0.29	0.44	99.27
2	0.00	0.02	0.15	99.82
3	0.00	0.06	0.19	99.75
4	0.00	0.26	0.59	99.15
5	0.00	0.12	0.35	99.53
6	0.00	0.09	0.29	99.63
7	0.00	0.10	0.29	99.62
8	0.00	0.10	0.28	99.62
9	0.00	0.12	0.32	99.55
10	0.00	0.17	0.39	99.44
11	0.01	0.15	0.38	99.46
12	0.01	0.18	0.42	99.39
13	0.01	0.19	0.47	99.33
14	0.01	0.23	0.47	99.29
15	0.01	0.21	0.45	99.33
16	0.01	0.21	0.54	99.24
17	0.01	0.18	0.44	99.37
18	0.02	0.22	0.59	99.17
19	0.02	0.22	0.46	99.30
20	0.05	0.30	0.57	99.08
21	0.08	0.28	0.52	99.11
22	0.10	0.32	0.52	99.06
23	0.10	0.33	0.58	99.00
24	0.11	0.30	0.56	99.03
25	0.13	0.31	0.56	99.00
26	0.14	0.33	0.74	98.79
27	0.18	0.30	0.68	98.84
28	0.18	0.27	0.59	98.96
29	0.21	0.29	0.64	98.86
30	0.25	0.32	0.72	98.71
31	0.23	0.29	0.63	98.85
32	0.25	0.29	0.64	98.83
33	0.28	0.33	0.74	98.65
34	0.28	0.32	0.69	98.71
35	0.30	0.30	0.71	98.69
36	0.33	0.38	0.95	98.35
37	0.30	0.33	0.71	98.66
38	0.32	0.29	0.68	98.70
39	0.32	0.30	0.77	98.61
40	0.37	0.35	1.07	98.20
41	0.38	0.34	0.90	98.39
42	0.35	0.35	0.95	98.34
43	0.34	0.38	0.89	98.39
44	0.33	0.40	0.97	98.29
45	0.36	0.38	1.03	98.23
46	0.42	0.47	1.44	97.66
47	0.49	0.60	2.52	96.39
48	0.44	0.70	2.91	95.95
49	0.48	1.00	4.15	94.37
50	0.51	1.57	5.84	92.08
51	0.47	2.63	5.70	91.20
52	0.45	2.67	4.45	92.43
53	0.43	2.24	3.76	93.57
54	0.44	1.78	3.18	94.60
55	0.42	1.50	2.67	95.42
56	0.45	1.26	2.53	95.76
57	0.44	1.02	2.16	96.39
58	0.41	0.76	1.99	96.84
59	0.41	0.66	1.82	97.11
60	0.43	0.50	1.69	97.38
61	0.41	0.48	1.57	97.54
62	0.47	0.44	1.62	97.46
63	0.46	0.46	1.57	97.52
64	0.49	0.46	1.69	97.36
65	0.48	0.48	1.80	97.25
66	0.51	0.45	1.81	97.23
67	0.51	0.47	1.76	97.26
68	0.52	0.46	1.86	97.16
69	0.54	0.49	1.89	97.07
70	0.53	0.62	3.69	95.16
71	0.55	0.55	2.43	96.47
72	0.54	0.53	2.10	96.83
73	0.56	0.52	2.12	96.80
74	0.57	0.51	2.22	96.70
75	0.59	0.56	2.11	96.74
76	0.59	0.54	2.41	96.46
77	0.64	0.63	2.48	96.24
78	0.63	0.57	2.54	96.27
79	0.65	0.60	2.58	96.17
80	0.64	0.62	2.64	96.10
81	0.69	0.63	2.81	95.87
82	0.72	0.74	2.91	95.64
83	0.68	0.70	3.08	95.53
84	0.72	0.72	3.13	95.42
85	0.73	0.72	3.15	95.39
86	0.72	0.71	3.17	95.41
87	0.77	0.79	3.47	94.98
88	0.77	0.81	3.50	94.92
89	0.82	0.80	3.55	94.83
90	0.85	0.85	3.85	94.44
91	0.86	0.98	4.01	94.15
92	0.88	0.97	3.85	94.31
93	0.89	0.99	4.18	93.93
94	0.94	1.01	4.28	93.76
95	1.50	1.67	8.22	88.61




