Parameters
	Library type	Single-end
	Input file	/Volumes/wdhd/users/joaks1/projects/gekgo/data/genomes/msg/plate3/demultiplexed-raw/fastq/CDS_1459_Gekko_mindorensis_MaestreDeCampo_R1.fq
	Primer/Adaptor library	NA
	Cut-off read length for HQ	70%
	Cut-off quality score	20
	Only statistics	On
	Number of processes	2


QC statistics
	File name	CDS_1459_Gekko_mindorensis_MaestreDeCampo_R1.fq
	Total number of reads	71833
	Total number of HQ reads	71434
	Percentage of HQ reads	99.44%
	Total number of bases	6824135
	Total number of bases in HQ reads	6786230
	Total number of HQ bases in HQ reads	6738314
	Percentage of HQ bases in HQ reads	99.29%
	Number of Primer/Adaptor contaminated HQ reads	NA
	Total number of HQ filtered reads	71434
	Percentage of HQ filtered reads	99.44%


Detailed QC statistics
	File name	CDS_1459_Gekko_mindorensis_MaestreDeCampo_R1.fq
	Minimum read length	95
	Maximum read length	95
	Average read length	95.00
	Total number of reads	71833
	Total number of reads with non-ATGC bases	37
	Percentage of reads with non-ATGC bases	0.05%
	Total number of bases	6824135
	Total number of HQ bases	6759541
	Percentage of HQ bases	99.05%
	Total number of non-ATGC bases	241
	Percentage of non-ATGC bases	0.00%


Average quality score at each base position of input reads

CDS_1459_Gekko_mindorensis_MaestreDeCampo_R1.fq
36.69	36.41	36.81	36.44	36.80	36.86	36.86	39.49	39.45	39.30	39.26	39.23	39.29	39.28	39.26	39.09	39.11	38.97	39.12	38.95	39.00	38.84	38.89	38.95	38.99	38.81	38.83	38.98	38.67	38.52	38.76	38.92	38.78	38.84	38.89	38.48	38.75	38.87	38.89	38.58	38.63	38.61	38.50	38.40	38.32	37.94	37.19	36.93	36.52	36.07	36.04	36.48	36.90	37.33	37.61	37.79	37.98	38.16	38.26	38.27	38.29	38.17	38.08	37.92	37.91	37.81	37.67	37.53	37.35	35.88	36.43	36.74	36.74	36.64	36.54	36.37	36.26	36.01	35.99	35.89	35.81	35.77	35.71	35.66	35.58	35.51	35.46	35.39	35.34	35.30	35.23	35.21	35.06	34.96	33.62	




Read count (%) per base for different quality score ranges

	CDS_1459_Gekko_mindorensis_MaestreDeCampo_R1.fq
Ranges	0-10	11-20	21-30	31-40
Base
1	0.00	0.45	0.64	98.91
2	0.00	0.06	0.37	99.56
3	0.00	0.20	0.43	99.37
4	0.00	0.70	1.02	98.28
5	0.00	0.28	0.57	99.15
6	0.00	0.15	0.43	99.42
7	0.00	0.17	0.44	99.39
8	0.00	0.18	0.41	99.41
9	0.01	0.22	0.50	99.27
10	0.01	0.25	0.60	99.14
11	0.01	0.25	0.58	99.17
12	0.01	0.29	0.66	99.05
13	0.00	0.25	0.63	99.12
14	0.01	0.30	0.63	99.07
15	0.01	0.33	0.61	99.05
16	0.00	0.30	0.71	98.99
17	0.01	0.26	0.65	99.07
18	0.01	0.34	0.78	98.87
19	0.01	0.31	0.67	99.00
20	0.05	0.46	0.75	98.74
21	0.07	0.45	0.66	98.81
22	0.07	0.42	0.75	98.76
23	0.08	0.43	0.70	98.79
24	0.07	0.41	0.63	98.89
25	0.09	0.41	0.73	98.77
26	0.12	0.49	0.83	98.55
27	0.14	0.44	0.78	98.64
28	0.17	0.35	0.71	98.77
29	0.18	0.35	0.74	98.73
30	0.25	0.40	0.87	98.48
31	0.23	0.31	0.79	98.67
32	0.25	0.28	0.76	98.71
33	0.33	0.34	0.84	98.49
34	0.29	0.35	0.81	98.55
35	0.24	0.30	0.84	98.61
36	0.31	0.44	1.09	98.16
37	0.28	0.34	0.88	98.50
38	0.28	0.32	0.85	98.55
39	0.28	0.38	0.85	98.49
40	0.31	0.39	1.21	98.10
41	0.29	0.35	1.11	98.26
42	0.34	0.39	1.13	98.13
43	0.37	0.41	1.11	98.11
44	0.32	0.47	1.16	98.05
45	0.33	0.46	1.23	97.98
46	0.39	0.48	1.57	97.56
47	0.45	0.64	2.60	96.31
48	0.36	0.80	3.41	95.43
49	0.43	1.03	4.84	93.69
50	0.50	1.81	6.82	90.87
51	0.45	3.05	6.20	90.31
52	0.42	3.01	4.85	91.72
53	0.42	2.53	4.04	93.02
54	0.38	2.05	3.41	94.16
55	0.38	1.68	2.85	95.10
56	0.41	1.43	2.61	95.55
57	0.37	1.19	2.26	96.18
58	0.35	0.89	2.20	96.57
59	0.36	0.66	2.08	96.89
60	0.33	0.55	2.12	97.00
61	0.29	0.52	1.68	97.50
62	0.36	0.43	1.65	97.57
63	0.39	0.45	1.66	97.50
64	0.38	0.50	1.99	97.13
65	0.39	0.43	1.75	97.43
66	0.40	0.39	1.79	97.42
67	0.37	0.45	1.84	97.33
68	0.42	0.43	1.86	97.28
69	0.42	0.48	2.05	97.05
70	0.46	0.53	3.65	95.35
71	0.45	0.50	2.48	96.57
72	0.47	0.46	2.21	96.87
73	0.49	0.48	2.13	96.89
74	0.49	0.45	2.32	96.75
75	0.46	0.49	2.11	96.94
76	0.48	0.54	2.42	96.56
77	0.52	0.51	2.49	96.48
78	0.56	0.53	3.00	95.91
79	0.50	0.56	2.83	96.11
80	0.53	0.53	2.86	96.08
81	0.55	0.64	3.04	95.77
82	0.60	0.63	2.97	95.80
83	0.60	0.64	3.08	95.68
84	0.55	0.66	3.23	95.56
85	0.61	0.68	3.26	95.45
86	0.54	0.68	3.53	95.25
87	0.61	0.67	3.68	95.04
88	0.68	0.72	3.65	94.95
89	0.63	0.78	3.73	94.86
90	0.70	0.83	3.86	94.60
91	0.72	0.81	3.98	94.48
92	0.67	0.82	3.97	94.53
93	0.74	0.90	4.27	94.09
94	0.80	0.86	4.75	93.59
95	1.33	1.72	9.41	87.53




