Parameters
	Library type	Single-end
	Input file	/Volumes/wdhd/users/joaks1/projects/gekgo/data/genomes/msg/plate3/demultiplexed-raw/fastq/CDS_1462_Gekko_mindorensis_MaestreDeCampo_R1.fq
	Primer/Adaptor library	NA
	Cut-off read length for HQ	70%
	Cut-off quality score	20
	Only statistics	On
	Number of processes	2


QC statistics
	File name	CDS_1462_Gekko_mindorensis_MaestreDeCampo_R1.fq
	Total number of reads	874677
	Total number of HQ reads	868281
	Percentage of HQ reads	99.27%
	Total number of bases	83094315
	Total number of bases in HQ reads	82486695
	Total number of HQ bases in HQ reads	81959496
	Percentage of HQ bases in HQ reads	99.36%
	Number of Primer/Adaptor contaminated HQ reads	NA
	Total number of HQ filtered reads	868281
	Percentage of HQ filtered reads	99.27%


Detailed QC statistics
	File name	CDS_1462_Gekko_mindorensis_MaestreDeCampo_R1.fq
	Minimum read length	95
	Maximum read length	95
	Average read length	95.00
	Total number of reads	874677
	Total number of reads with non-ATGC bases	383
	Percentage of reads with non-ATGC bases	0.04%
	Total number of bases	83094315
	Total number of HQ bases	82272161
	Percentage of HQ bases	99.01%
	Total number of non-ATGC bases	2602
	Percentage of non-ATGC bases	0.00%


Average quality score at each base position of input reads

CDS_1462_Gekko_mindorensis_MaestreDeCampo_R1.fq
35.83	34.67	36.83	36.57	36.88	36.90	36.90	39.51	39.49	39.39	39.33	39.24	39.29	39.26	39.26	38.98	39.11	39.03	39.20	39.02	39.11	38.88	38.88	38.89	38.97	38.82	38.85	39.01	38.72	38.56	38.81	38.97	38.81	38.84	38.91	38.61	38.82	38.90	38.89	38.43	38.51	38.50	38.52	38.36	38.27	37.73	36.97	36.84	36.36	36.07	36.03	36.39	36.89	37.17	37.45	37.56	37.72	37.90	37.98	38.00	37.94	37.84	37.74	37.56	37.40	37.24	37.11	36.97	36.74	35.17	35.83	36.21	36.24	36.17	36.10	35.97	35.88	35.85	35.78	35.71	35.64	35.56	35.52	35.48	35.45	35.40	35.27	35.22	35.17	35.08	35.08	35.03	35.00	34.86	33.49	




Read count (%) per base for different quality score ranges

	CDS_1462_Gekko_mindorensis_MaestreDeCampo_R1.fq
Ranges	0-10	11-20	21-30	31-40
Base
1	0.00	0.47	0.93	98.60
2	0.00	0.05	0.41	99.54
3	0.00	0.08	0.23	99.69
4	0.00	0.29	0.60	99.11
5	0.00	0.11	0.35	99.54
6	0.00	0.09	0.28	99.63
7	0.00	0.09	0.29	99.61
8	0.00	0.11	0.31	99.58
9	0.00	0.13	0.32	99.55
10	0.00	0.17	0.43	99.40
11	0.01	0.17	0.39	99.43
12	0.01	0.20	0.48	99.31
13	0.01	0.20	0.52	99.27
14	0.01	0.24	0.50	99.25
15	0.01	0.21	0.47	99.31
16	0.01	0.22	0.53	99.23
17	0.01	0.19	0.45	99.35
18	0.02	0.23	0.62	99.13
19	0.04	0.23	0.51	99.21
20	0.08	0.33	0.59	99.00
21	0.12	0.32	0.53	99.03
22	0.14	0.35	0.59	98.92
23	0.16	0.34	0.64	98.86
24	0.16	0.30	0.64	98.90
25	0.19	0.31	0.61	98.89
26	0.22	0.35	0.80	98.63
27	0.22	0.33	0.72	98.72
28	0.23	0.28	0.65	98.85
29	0.29	0.28	0.69	98.75
30	0.29	0.33	0.82	98.55
31	0.27	0.29	0.68	98.77
32	0.27	0.29	0.68	98.76
33	0.32	0.32	0.80	98.57
34	0.29	0.32	0.74	98.64
35	0.31	0.33	0.76	98.60
36	0.35	0.38	1.01	98.25
37	0.33	0.33	0.81	98.53
38	0.31	0.33	0.78	98.58
39	0.34	0.33	0.88	98.45
40	0.39	0.40	1.33	97.88
41	0.37	0.35	1.07	98.20
42	0.36	0.38	1.13	98.12
43	0.35	0.38	1.01	98.26
44	0.35	0.40	1.13	98.12
45	0.38	0.42	1.27	97.93
46	0.44	0.50	1.76	97.30
47	0.51	0.66	3.34	95.49
48	0.46	0.74	3.60	95.19
49	0.52	1.09	5.40	92.99
50	0.55	1.66	7.07	90.71
51	0.50	2.68	6.73	90.10
52	0.47	2.71	5.60	91.22
53	0.44	2.17	4.49	92.90
54	0.45	1.89	3.76	93.90
55	0.44	1.55	3.14	94.87
56	0.46	1.32	3.01	95.21
57	0.45	1.07	2.61	95.87
58	0.41	0.82	2.19	96.58
59	0.41	0.64	2.05	96.91
60	0.40	0.53	1.83	97.24
61	0.40	0.47	1.76	97.36
62	0.43	0.47	1.80	97.29
63	0.41	0.44	1.77	97.37
64	0.45	0.48	1.91	97.16
65	0.47	0.49	2.08	96.96
66	0.50	0.49	2.09	96.91
67	0.52	0.49	2.09	96.91
68	0.52	0.53	2.02	96.93
69	0.52	0.56	2.23	96.69
70	0.53	0.67	4.46	94.34
71	0.55	0.61	2.67	96.17
72	0.55	0.55	2.36	96.54
73	0.55	0.56	2.27	96.63
74	0.53	0.55	2.41	96.50
75	0.59	0.56	2.29	96.57
76	0.58	0.61	2.52	96.29
77	0.59	0.67	2.69	96.04
78	0.56	0.61	2.69	96.13
79	0.60	0.64	2.81	95.96
80	0.59	0.64	2.92	95.85
81	0.60	0.65	3.12	95.63
82	0.66	0.74	3.25	95.35
83	0.65	0.73	3.37	95.26
84	0.66	0.72	3.37	95.25
85	0.69	0.76	3.30	95.24
86	0.69	0.79	3.49	95.03
87	0.69	0.81	3.81	94.69
88	0.76	0.85	3.80	94.60
89	0.77	0.90	3.89	94.45
90	0.82	0.96	4.12	94.10
91	0.84	0.99	4.13	94.04
92	0.87	1.01	4.05	94.07
93	0.86	1.05	4.18	93.91
94	0.89	1.14	4.55	93.43
95	1.58	1.92	8.86	87.64




