Parameters
	Library type	Single-end
	Input file	/Volumes/wdhd/users/joaks1/projects/gekgo/data/genomes/msg/plate3/demultiplexed-raw/fastq/CDS_1230_Gekko_mindorensis_Mindoro_R1.fq
	Primer/Adaptor library	NA
	Cut-off read length for HQ	70%
	Cut-off quality score	20
	Only statistics	On
	Number of processes	2


QC statistics
	File name	CDS_1230_Gekko_mindorensis_Mindoro_R1.fq
	Total number of reads	1462256
	Total number of HQ reads	1451444
	Percentage of HQ reads	99.26%
	Total number of bases	138914320
	Total number of bases in HQ reads	137887180
	Total number of HQ bases in HQ reads	137033794
	Percentage of HQ bases in HQ reads	99.38%
	Number of Primer/Adaptor contaminated HQ reads	NA
	Total number of HQ filtered reads	1451444
	Percentage of HQ filtered reads	99.26%


Detailed QC statistics
	File name	CDS_1230_Gekko_mindorensis_Mindoro_R1.fq
	Minimum read length	95
	Maximum read length	95
	Average read length	95.00
	Total number of reads	1462256
	Total number of reads with non-ATGC bases	621
	Percentage of reads with non-ATGC bases	0.04%
	Total number of bases	138914320
	Total number of HQ bases	137558087
	Percentage of HQ bases	99.02%
	Total number of non-ATGC bases	3981
	Percentage of non-ATGC bases	0.00%


Average quality score at each base position of input reads

CDS_1230_Gekko_mindorensis_Mindoro_R1.fq
36.89	36.69	36.92	36.66	36.89	36.91	36.91	39.53	39.50	39.41	39.36	39.27	39.33	39.34	39.35	39.13	39.21	39.10	39.23	39.05	39.14	38.94	38.93	38.93	39.01	38.85	38.88	39.04	38.75	38.59	38.83	38.98	38.83	38.86	38.93	38.65	38.85	38.92	38.94	38.51	38.60	38.58	38.62	38.46	38.37	37.86	37.14	36.99	36.54	36.24	36.16	36.50	37.01	37.31	37.60	37.73	37.88	38.07	38.18	38.22	38.19	38.11	38.02	37.88	37.76	37.64	37.51	37.39	37.17	35.55	36.21	36.61	36.66	36.56	36.46	36.27	36.13	36.05	35.97	35.89	35.79	35.71	35.66	35.62	35.58	35.53	35.43	35.37	35.30	35.23	35.19	35.15	35.11	34.98	33.61	




Read count (%) per base for different quality score ranges

	CDS_1230_Gekko_mindorensis_Mindoro_R1.fq
Ranges	0-10	11-20	21-30	31-40
Base
1	0.00	0.18	0.26	99.56
2	0.00	0.03	0.12	99.86
3	0.00	0.05	0.15	99.80
4	0.00	0.23	0.55	99.23
5	0.00	0.09	0.31	99.59
6	0.00	0.07	0.26	99.66
7	0.00	0.09	0.27	99.63
8	0.00	0.11	0.27	99.62
9	0.00	0.12	0.32	99.55
10	0.00	0.16	0.39	99.44
11	0.01	0.15	0.37	99.48
12	0.01	0.18	0.44	99.37
13	0.01	0.18	0.52	99.29
14	0.01	0.21	0.47	99.31
15	0.01	0.20	0.43	99.37
16	0.01	0.20	0.52	99.27
17	0.01	0.17	0.41	99.42
18	0.02	0.21	0.58	99.20
19	0.04	0.23	0.48	99.26
20	0.07	0.31	0.58	99.04
21	0.10	0.30	0.52	99.08
22	0.13	0.35	0.56	98.96
23	0.14	0.34	0.61	98.91
24	0.14	0.31	0.60	98.95
25	0.16	0.34	0.57	98.94
26	0.21	0.36	0.77	98.65
27	0.21	0.34	0.69	98.76
28	0.21	0.29	0.61	98.89
29	0.25	0.30	0.68	98.77
30	0.26	0.34	0.80	98.60
31	0.25	0.31	0.66	98.78
32	0.27	0.30	0.70	98.73
33	0.29	0.33	0.77	98.60
34	0.31	0.33	0.73	98.64
35	0.31	0.33	0.73	98.64
36	0.36	0.36	0.97	98.31
37	0.35	0.33	0.78	98.54
38	0.33	0.33	0.77	98.57
39	0.37	0.33	0.79	98.51
40	0.39	0.39	1.14	98.08
41	0.37	0.35	0.98	98.30
42	0.36	0.37	1.00	98.27
43	0.33	0.37	0.93	98.37
44	0.36	0.39	1.01	98.24
45	0.38	0.40	1.15	98.08
46	0.42	0.46	1.53	97.58
47	0.50	0.63	2.75	96.13
48	0.46	0.72	3.03	95.79
49	0.53	1.06	4.44	93.97
50	0.55	1.64	6.10	91.71
51	0.50	2.82	5.89	90.78
52	0.48	2.83	4.94	91.74
53	0.45	2.31	3.94	93.29
54	0.45	2.00	3.35	94.20
55	0.46	1.65	2.83	95.07
56	0.46	1.39	2.71	95.44
57	0.46	1.16	2.41	95.98
58	0.41	0.87	2.07	96.65
59	0.41	0.68	1.92	96.99
60	0.39	0.56	1.73	97.32
61	0.41	0.50	1.64	97.45
62	0.43	0.48	1.68	97.41
63	0.44	0.45	1.66	97.46
64	0.49	0.49	1.76	97.27
65	0.48	0.48	1.88	97.16
66	0.50	0.48	1.87	97.15
67	0.51	0.48	1.88	97.13
68	0.53	0.49	1.81	97.17
69	0.52	0.52	2.00	96.97
70	0.57	0.64	3.91	94.88
71	0.58	0.56	2.35	96.50
72	0.53	0.54	2.13	96.79
73	0.56	0.52	2.10	96.82
74	0.55	0.51	2.16	96.78
75	0.59	0.54	2.02	96.84
76	0.58	0.58	2.34	96.50
77	0.63	0.63	2.42	96.33
78	0.59	0.60	2.48	96.33
79	0.61	0.63	2.56	96.20
80	0.59	0.63	2.65	96.13
81	0.64	0.66	2.84	95.87
82	0.66	0.70	2.98	95.66
83	0.66	0.67	3.15	95.52
84	0.70	0.69	3.06	95.56
85	0.68	0.71	3.18	95.43
86	0.66	0.74	3.24	95.37
87	0.70	0.72	3.44	95.15
88	0.71	0.77	3.49	95.02
89	0.76	0.79	3.67	94.78
90	0.83	0.85	3.74	94.58
91	0.84	0.91	3.91	94.34
92	0.87	0.90	3.80	94.43
93	0.87	0.95	3.93	94.24
94	0.91	1.04	4.25	93.80
95	1.56	1.77	8.40	88.27




