Parameters
	Library type	Single-end
	Input file	/Volumes/wdhd/users/joaks1/projects/gekgo/data/genomes/msg/plate3/demultiplexed-raw/fastq/CDS_789_Gekko_romblon_Romblon_R1.fq
	Primer/Adaptor library	NA
	Cut-off read length for HQ	70%
	Cut-off quality score	20
	Only statistics	On
	Number of processes	2


QC statistics
	File name	CDS_789_Gekko_romblon_Romblon_R1.fq
	Total number of reads	224362
	Total number of HQ reads	222588
	Percentage of HQ reads	99.21%
	Total number of bases	21314390
	Total number of bases in HQ reads	21145860
	Total number of HQ bases in HQ reads	21003126
	Percentage of HQ bases in HQ reads	99.33%
	Number of Primer/Adaptor contaminated HQ reads	NA
	Total number of HQ filtered reads	222588
	Percentage of HQ filtered reads	99.21%


Detailed QC statistics
	File name	CDS_789_Gekko_romblon_Romblon_R1.fq
	Minimum read length	95
	Maximum read length	95
	Average read length	95.00
	Total number of reads	224362
	Total number of reads with non-ATGC bases	79
	Percentage of reads with non-ATGC bases	0.04%
	Total number of bases	21314390
	Total number of HQ bases	21090783
	Percentage of HQ bases	98.95%
	Total number of non-ATGC bases	456
	Percentage of non-ATGC bases	0.00%


Average quality score at each base position of input reads

CDS_789_Gekko_romblon_Romblon_R1.fq
36.30	35.61	36.85	36.58	36.88	36.90	36.91	39.49	39.45	39.31	39.25	39.16	39.05	39.07	39.15	38.90	39.04	38.91	39.09	38.91	39.01	38.78	38.79	38.80	38.92	38.74	38.74	38.94	38.62	38.44	38.69	38.87	38.67	38.72	38.76	38.44	38.69	38.77	38.73	38.31	38.40	38.31	38.39	38.23	38.12	37.58	36.77	36.62	36.15	35.81	35.77	36.17	36.60	36.93	37.18	37.28	37.47	37.57	37.62	37.56	37.48	37.35	37.24	37.08	36.86	36.73	36.56	36.43	36.26	34.73	35.38	35.75	35.80	35.76	35.75	35.68	35.57	35.59	35.52	35.44	35.35	35.29	35.26	35.23	35.16	35.14	35.03	34.97	34.95	34.82	34.80	34.76	34.70	34.59	33.27	




Read count (%) per base for different quality score ranges

	CDS_789_Gekko_romblon_Romblon_R1.fq
Ranges	0-10	11-20	21-30	31-40
Base
1	0.09	0.24	0.75	98.92
2	0.01	0.02	0.28	99.69
3	0.00	0.06	0.22	99.72
4	0.00	0.29	0.72	98.98
5	0.00	0.09	0.32	99.59
6	0.00	0.07	0.28	99.65
7	0.00	0.08	0.27	99.65
8	0.00	0.09	0.30	99.61
9	0.00	0.12	0.34	99.54
10	0.00	0.17	0.42	99.40
11	0.00	0.15	0.37	99.47
12	0.01	0.18	0.51	99.30
13	0.01	0.18	0.51	99.30
14	0.01	0.21	0.51	99.27
15	0.01	0.19	0.46	99.34
16	0.01	0.20	0.59	99.20
17	0.02	0.18	0.43	99.37
18	0.03	0.23	0.64	99.09
19	0.03	0.21	0.49	99.27
20	0.09	0.28	0.64	98.99
21	0.11	0.28	0.55	99.06
22	0.18	0.26	0.60	98.96
23	0.17	0.28	0.62	98.93
24	0.19	0.25	0.62	98.94
25	0.19	0.25	0.62	98.94
26	0.23	0.28	0.85	98.64
27	0.24	0.29	0.79	98.68
28	0.21	0.25	0.63	98.92
29	0.27	0.25	0.69	98.79
30	0.28	0.31	0.88	98.54
31	0.25	0.28	0.75	98.73
32	0.25	0.29	0.71	98.75
33	0.29	0.33	0.90	98.48
34	0.29	0.34	0.77	98.60
35	0.31	0.33	0.85	98.51
36	0.32	0.39	1.23	98.06
37	0.29	0.33	0.84	98.54
38	0.31	0.31	0.85	98.53
39	0.34	0.32	0.97	98.36
40	0.38	0.40	1.45	97.76
41	0.38	0.38	1.21	98.04
42	0.36	0.39	1.34	97.91
43	0.35	0.39	1.18	98.07
44	0.36	0.40	1.40	97.83
45	0.37	0.41	1.58	97.64
46	0.47	0.50	2.31	96.73
47	0.52	0.70	4.13	94.65
48	0.48	0.81	4.72	93.98
49	0.52	1.16	6.56	91.75
50	0.55	1.73	8.57	89.16
51	0.55	2.71	7.80	88.94
52	0.50	2.62	6.34	90.54
53	0.47	2.17	5.13	92.23
54	0.48	1.77	4.22	93.52
55	0.47	1.44	3.59	94.50
56	0.50	1.23	3.23	95.04
57	0.48	0.97	2.70	95.86
58	0.49	0.77	2.36	96.39
59	0.45	0.64	2.11	96.79
60	0.47	0.55	1.99	97.00
61	0.48	0.48	1.92	97.12
62	0.49	0.52	2.06	96.93
63	0.49	0.47	1.96	97.08
64	0.53	0.51	2.01	96.96
65	0.52	0.52	2.42	96.54
66	0.52	0.49	2.34	96.65
67	0.57	0.52	2.26	96.65
68	0.56	0.52	2.28	96.64
69	0.59	0.56	2.44	96.41
70	0.60	0.67	5.16	93.57
71	0.63	0.60	3.20	95.58
72	0.61	0.62	2.78	95.99
73	0.62	0.58	2.76	96.05
74	0.61	0.62	2.87	95.91
75	0.64	0.64	2.72	96.00
76	0.64	0.67	3.01	95.68
77	0.71	0.73	3.16	95.41
78	0.64	0.69	3.11	95.56
79	0.69	0.69	3.14	95.48
80	0.73	0.72	3.34	95.22
81	0.76	0.76	3.62	94.86
82	0.82	0.84	3.63	94.71
83	0.75	0.84	3.76	94.65
84	0.82	0.83	3.78	94.57
85	0.84	0.91	3.88	94.37
86	0.84	0.91	3.81	94.44
87	0.86	0.98	4.16	94.01
88	0.87	1.00	4.32	93.81
89	0.88	1.02	4.31	93.79
90	0.98	1.11	4.67	93.24
91	0.99	1.16	4.72	93.13
92	0.98	1.15	4.71	93.15
93	1.00	1.23	4.99	92.79
94	1.06	1.33	5.12	92.50
95	1.66	2.15	9.63	86.56




