Parameters
	Library type	Single-end
	Input file	/Volumes/wdhd/users/joaks1/projects/gekgo/data/genomes/msg/plate3/demultiplexed-raw/fastq/CDS_790_Gekko_romblon_Romblon_R1.fq
	Primer/Adaptor library	NA
	Cut-off read length for HQ	70%
	Cut-off quality score	20
	Only statistics	On
	Number of processes	2


QC statistics
	File name	CDS_790_Gekko_romblon_Romblon_R1.fq
	Total number of reads	304578
	Total number of HQ reads	301713
	Percentage of HQ reads	99.06%
	Total number of bases	28934910
	Total number of bases in HQ reads	28662735
	Total number of HQ bases in HQ reads	28461109
	Percentage of HQ bases in HQ reads	99.30%
	Number of Primer/Adaptor contaminated HQ reads	NA
	Total number of HQ filtered reads	301713
	Percentage of HQ filtered reads	99.06%


Detailed QC statistics
	File name	CDS_790_Gekko_romblon_Romblon_R1.fq
	Minimum read length	95
	Maximum read length	95
	Average read length	95.00
	Total number of reads	304578
	Total number of reads with non-ATGC bases	123
	Percentage of reads with non-ATGC bases	0.04%
	Total number of bases	28934910
	Total number of HQ bases	28598812
	Percentage of HQ bases	98.84%
	Total number of non-ATGC bases	891
	Percentage of non-ATGC bases	0.00%


Average quality score at each base position of input reads

CDS_790_Gekko_romblon_Romblon_R1.fq
36.82	36.54	36.89	36.59	36.87	36.89	36.89	39.50	39.46	39.31	39.25	39.19	39.14	39.08	39.13	38.88	39.03	38.92	39.08	38.89	38.98	38.75	38.75	38.76	38.87	38.68	38.69	38.88	38.55	38.38	38.64	38.81	38.62	38.70	38.73	38.40	38.63	38.73	38.70	38.28	38.37	38.29	38.37	38.21	38.10	37.58	36.77	36.65	36.19	35.88	35.84	36.23	36.64	36.99	37.24	37.32	37.54	37.64	37.69	37.66	37.59	37.47	37.35	37.19	36.99	36.89	36.70	36.55	36.38	34.84	35.46	35.82	35.86	35.80	35.78	35.68	35.58	35.57	35.49	35.42	35.34	35.27	35.25	35.19	35.13	35.12	34.99	34.94	34.90	34.79	34.75	34.70	34.67	34.56	33.22	




Read count (%) per base for different quality score ranges

	CDS_790_Gekko_romblon_Romblon_R1.fq
Ranges	0-10	11-20	21-30	31-40
Base
1	0.00	0.22	0.36	99.42
2	0.00	0.02	0.14	99.83
3	0.00	0.05	0.20	99.75
4	0.00	0.27	0.65	99.08
5	0.00	0.10	0.37	99.52
6	0.00	0.09	0.33	99.58
7	0.00	0.11	0.31	99.58
8	0.00	0.11	0.33	99.56
9	0.00	0.13	0.37	99.50
10	0.01	0.18	0.48	99.34
11	0.01	0.16	0.42	99.41
12	0.01	0.19	0.53	99.28
13	0.01	0.20	0.56	99.23
14	0.02	0.24	0.53	99.21
15	0.01	0.22	0.52	99.25
16	0.01	0.24	0.66	99.09
17	0.01	0.20	0.49	99.29
18	0.02	0.25	0.70	99.02
19	0.04	0.25	0.53	99.18
20	0.10	0.32	0.67	98.91
21	0.15	0.33	0.61	98.92
22	0.20	0.35	0.63	98.81
23	0.23	0.35	0.69	98.73
24	0.25	0.31	0.69	98.76
25	0.25	0.33	0.67	98.76
26	0.30	0.35	0.88	98.47
27	0.30	0.34	0.83	98.53
28	0.26	0.31	0.69	98.75
29	0.33	0.33	0.77	98.57
30	0.32	0.38	0.91	98.39
31	0.29	0.32	0.77	98.61
32	0.33	0.31	0.74	98.62
33	0.32	0.40	0.92	98.37
34	0.33	0.36	0.83	98.48
35	0.38	0.37	0.86	98.40
36	0.40	0.42	1.17	98.00
37	0.39	0.38	0.90	98.34
38	0.39	0.37	0.86	98.38
39	0.43	0.37	0.96	98.24
40	0.49	0.43	1.42	97.66
41	0.46	0.41	1.20	97.94
42	0.42	0.47	1.34	97.77
43	0.40	0.44	1.24	97.91
44	0.44	0.47	1.40	97.70
45	0.45	0.49	1.52	97.55
46	0.51	0.54	2.18	96.77
47	0.59	0.75	3.94	94.72
48	0.56	0.86	4.45	94.14
49	0.59	1.22	6.16	92.04
50	0.64	1.77	7.92	89.67
51	0.61	2.77	7.38	89.24
52	0.55	2.73	5.90	90.81
53	0.54	2.23	4.99	92.23
54	0.56	1.82	4.01	93.61
55	0.55	1.48	3.46	94.51
56	0.58	1.28	3.33	94.80
57	0.54	1.06	2.75	95.66
58	0.51	0.85	2.41	96.24
59	0.50	0.70	2.26	96.54
60	0.51	0.59	2.10	96.80
61	0.50	0.58	2.05	96.86
62	0.59	0.57	2.07	96.78
63	0.58	0.56	2.11	96.75
64	0.62	0.53	2.17	96.68
65	0.61	0.57	2.46	96.36
66	0.58	0.56	2.34	96.52
67	0.68	0.57	2.39	96.35
68	0.69	0.57	2.42	96.32
69	0.68	0.63	2.47	96.22
70	0.68	0.74	5.07	93.50
71	0.73	0.66	3.20	95.40
72	0.69	0.70	2.79	95.82
73	0.72	0.67	2.76	95.86
74	0.71	0.70	2.92	95.67
75	0.77	0.66	2.80	95.78
76	0.77	0.72	3.00	95.50
77	0.81	0.83	3.10	95.25
78	0.74	0.76	3.19	95.31
79	0.79	0.78	3.32	95.11
80	0.79	0.78	3.46	94.96
81	0.84	0.83	3.59	94.74
82	0.90	0.88	3.69	94.52
83	0.87	0.91	3.73	94.48
84	0.90	0.91	3.86	94.32
85	0.91	0.95	3.96	94.17
86	0.92	0.94	3.92	94.22
87	0.96	1.02	4.24	93.77
88	0.97	1.02	4.38	93.63
89	1.05	1.04	4.34	93.58
90	1.10	1.15	4.63	93.11
91	1.10	1.24	4.80	92.86
92	1.12	1.26	4.71	92.91
93	1.13	1.26	4.99	92.62
94	1.17	1.39	5.13	92.31
95	1.81	2.21	9.69	86.29




