Parameters
	Library type	Single-end
	Input file	/Volumes/wdhd/users/joaks1/projects/gekgo/data/genomes/msg/plate3/demultiplexed-raw/fastq/CDS_755_Gekko_mindorensis_Masbate_R1.fq
	Primer/Adaptor library	NA
	Cut-off read length for HQ	70%
	Cut-off quality score	20
	Only statistics	On
	Number of processes	2


QC statistics
	File name	CDS_755_Gekko_mindorensis_Masbate_R1.fq
	Total number of reads	2000721
	Total number of HQ reads	1988213
	Percentage of HQ reads	99.37%
	Total number of bases	190068495
	Total number of bases in HQ reads	188880235
	Total number of HQ bases in HQ reads	187782436
	Percentage of HQ bases in HQ reads	99.42%
	Number of Primer/Adaptor contaminated HQ reads	NA
	Total number of HQ filtered reads	1988213
	Percentage of HQ filtered reads	99.37%


Detailed QC statistics
	File name	CDS_755_Gekko_mindorensis_Masbate_R1.fq
	Minimum read length	95
	Maximum read length	95
	Average read length	95.00
	Total number of reads	2000721
	Total number of reads with non-ATGC bases	855
	Percentage of reads with non-ATGC bases	0.04%
	Total number of bases	190068495
	Total number of HQ bases	188403566
	Percentage of HQ bases	99.12%
	Total number of non-ATGC bases	5487
	Percentage of non-ATGC bases	0.00%


Average quality score at each base position of input reads

CDS_755_Gekko_mindorensis_Masbate_R1.fq
36.83	36.53	36.92	36.62	36.91	36.93	36.93	39.51	39.49	39.41	39.36	39.24	39.32	39.34	39.35	39.10	39.20	39.08	39.22	39.03	39.14	38.93	38.91	38.91	38.99	38.84	38.89	39.05	38.74	38.59	38.83	38.98	38.82	38.84	38.92	38.64	38.85	38.91	38.94	38.47	38.57	38.57	38.60	38.43	38.35	37.80	37.07	36.95	36.49	36.22	36.16	36.51	37.02	37.29	37.57	37.74	37.87	38.07	38.19	38.24	38.21	38.14	38.05	37.91	37.78	37.64	37.53	37.40	37.15	35.50	36.16	36.59	36.67	36.55	36.46	36.25	36.11	36.03	35.95	35.86	35.74	35.67	35.61	35.57	35.50	35.45	35.32	35.25	35.15	35.10	35.09	35.01	34.99	34.84	33.43	




Read count (%) per base for different quality score ranges

	CDS_755_Gekko_mindorensis_Masbate_R1.fq
Ranges	0-10	11-20	21-30	31-40
Base
1	0.00	0.18	0.31	99.52
2	0.00	0.01	0.10	99.88
3	0.00	0.03	0.13	99.84
4	0.00	0.19	0.55	99.25
5	0.00	0.06	0.23	99.70
6	0.00	0.06	0.19	99.75
7	0.00	0.07	0.20	99.73
8	0.00	0.09	0.23	99.68
9	0.00	0.10	0.24	99.66
10	0.00	0.13	0.32	99.55
11	0.01	0.12	0.28	99.60
12	0.01	0.16	0.40	99.43
13	0.01	0.15	0.43	99.42
14	0.01	0.18	0.39	99.42
15	0.01	0.16	0.35	99.47
16	0.01	0.17	0.45	99.38
17	0.01	0.13	0.32	99.54
18	0.01	0.17	0.51	99.31
19	0.03	0.18	0.42	99.37
20	0.07	0.25	0.51	99.17
21	0.08	0.24	0.44	99.23
22	0.09	0.27	0.50	99.14
23	0.10	0.27	0.53	99.10
24	0.11	0.25	0.51	99.13
25	0.12	0.27	0.49	99.12
26	0.15	0.30	0.68	98.87
27	0.15	0.28	0.61	98.96
28	0.16	0.23	0.54	99.07
29	0.18	0.25	0.59	98.98
30	0.19	0.28	0.74	98.79
31	0.18	0.24	0.59	98.99
32	0.22	0.24	0.59	98.95
33	0.23	0.26	0.67	98.84
34	0.24	0.28	0.62	98.87
35	0.23	0.28	0.64	98.86
36	0.27	0.32	0.89	98.52
37	0.26	0.27	0.70	98.77
38	0.24	0.27	0.70	98.79
39	0.29	0.26	0.73	98.72
40	0.32	0.33	1.12	98.24
41	0.30	0.29	0.91	98.51
42	0.28	0.30	0.93	98.49
43	0.28	0.30	0.83	98.58
44	0.28	0.32	0.98	98.42
45	0.30	0.34	1.09	98.27
46	0.36	0.42	1.56	97.67
47	0.42	0.61	2.88	96.09
48	0.37	0.70	3.03	95.90
49	0.44	1.09	4.48	93.99
50	0.48	1.62	5.97	91.94
51	0.43	2.70	5.75	91.11
52	0.42	2.76	4.79	92.02
53	0.40	2.20	3.91	93.50
54	0.41	1.90	3.36	94.33
55	0.38	1.58	2.85	95.19
56	0.39	1.29	2.61	95.70
57	0.40	1.08	2.37	96.16
58	0.37	0.78	2.00	96.85
59	0.36	0.59	1.82	97.22
60	0.36	0.49	1.65	97.51
61	0.36	0.43	1.56	97.65
62	0.39	0.42	1.60	97.60
63	0.37	0.41	1.55	97.67
64	0.41	0.43	1.72	97.44
65	0.42	0.43	1.84	97.31
66	0.43	0.43	1.89	97.24
67	0.43	0.44	1.90	97.23
68	0.45	0.47	1.83	97.25
69	0.45	0.49	2.05	97.01
70	0.47	0.57	4.10	94.86
71	0.48	0.51	2.49	96.52
72	0.47	0.48	2.12	96.93
73	0.49	0.48	2.08	96.95
74	0.49	0.47	2.19	96.85
75	0.52	0.51	2.07	96.89
76	0.51	0.54	2.39	96.56
77	0.55	0.59	2.47	96.39
78	0.49	0.56	2.55	96.40
79	0.53	0.57	2.68	96.23
80	0.53	0.56	2.74	96.17
81	0.56	0.60	3.00	95.84
82	0.60	0.66	3.10	95.64
83	0.58	0.64	3.23	95.56
84	0.60	0.66	3.20	95.53
85	0.62	0.68	3.39	95.32
86	0.62	0.67	3.44	95.26
87	0.64	0.72	3.70	94.94
88	0.67	0.75	3.78	94.80
89	0.70	0.79	4.04	94.47
90	0.73	0.84	4.07	94.35
91	0.76	0.86	4.23	94.15
92	0.78	0.91	4.18	94.13
93	0.76	0.91	4.38	93.95
94	0.83	0.98	4.66	93.54
95	1.50	1.80	9.45	87.25




