Parameters
	Library type	Single-end
	Input file	/Volumes/wdhd/users/joaks1/projects/gekgo/data/genomes/msg/plate3/demultiplexed-raw/fastq/CDS_758_Gekko_mindorensis_Masbate_R1.fq
	Primer/Adaptor library	NA
	Cut-off read length for HQ	70%
	Cut-off quality score	20
	Only statistics	On
	Number of processes	2


QC statistics
	File name	CDS_758_Gekko_mindorensis_Masbate_R1.fq
	Total number of reads	2988954
	Total number of HQ reads	2967285
	Percentage of HQ reads	99.28%
	Total number of bases	283950630
	Total number of bases in HQ reads	281892075
	Total number of HQ bases in HQ reads	280170083
	Percentage of HQ bases in HQ reads	99.39%
	Number of Primer/Adaptor contaminated HQ reads	NA
	Total number of HQ filtered reads	2967285
	Percentage of HQ filtered reads	99.28%


Detailed QC statistics
	File name	CDS_758_Gekko_mindorensis_Masbate_R1.fq
	Minimum read length	95
	Maximum read length	95
	Average read length	95.00
	Total number of reads	2988954
	Total number of reads with non-ATGC bases	1301
	Percentage of reads with non-ATGC bases	0.04%
	Total number of bases	283950630
	Total number of HQ bases	281239882
	Percentage of HQ bases	99.05%
	Total number of non-ATGC bases	8453
	Percentage of non-ATGC bases	0.00%


Average quality score at each base position of input reads

CDS_758_Gekko_mindorensis_Masbate_R1.fq
36.78	36.36	36.90	36.62	36.89	36.91	36.91	39.55	39.53	39.42	39.38	39.30	39.36	39.36	39.37	39.15	39.23	39.11	39.24	39.07	39.15	38.95	38.95	38.96	39.04	38.87	38.90	39.06	38.76	38.61	38.85	39.01	38.87	38.89	38.97	38.68	38.88	38.97	38.97	38.55	38.63	38.62	38.66	38.50	38.41	37.91	37.20	37.04	36.61	36.29	36.22	36.56	37.05	37.35	37.63	37.77	37.93	38.10	38.20	38.26	38.22	38.13	38.06	37.93	37.80	37.67	37.55	37.41	37.19	35.62	36.26	36.65	36.68	36.58	36.47	36.30	36.15	36.09	36.00	35.93	35.84	35.74	35.70	35.67	35.63	35.56	35.47	35.40	35.33	35.27	35.23	35.19	35.17	35.06	33.69	




Read count (%) per base for different quality score ranges

	CDS_758_Gekko_mindorensis_Masbate_R1.fq
Ranges	0-10	11-20	21-30	31-40
Base
1	0.00	0.28	0.39	99.34
2	0.00	0.03	0.16	99.81
3	0.00	0.05	0.16	99.79
4	0.00	0.22	0.55	99.23
5	0.00	0.09	0.31	99.59
6	0.00	0.08	0.26	99.66
7	0.00	0.09	0.27	99.64
8	0.00	0.11	0.26	99.63
9	0.00	0.13	0.31	99.56
10	0.00	0.16	0.39	99.44
11	0.01	0.15	0.35	99.49
12	0.01	0.18	0.43	99.38
13	0.01	0.17	0.48	99.34
14	0.01	0.21	0.45	99.33
15	0.01	0.19	0.41	99.38
16	0.01	0.21	0.49	99.29
17	0.01	0.17	0.40	99.42
18	0.02	0.20	0.55	99.23
19	0.04	0.22	0.47	99.28
20	0.08	0.30	0.58	99.03
21	0.12	0.30	0.51	99.08
22	0.13	0.34	0.56	98.97
23	0.13	0.33	0.60	98.94
24	0.13	0.32	0.57	98.98
25	0.15	0.32	0.56	98.96
26	0.20	0.36	0.76	98.68
27	0.20	0.33	0.69	98.78
28	0.21	0.28	0.61	98.91
29	0.24	0.30	0.67	98.79
30	0.25	0.35	0.77	98.63
31	0.23	0.29	0.66	98.82
32	0.26	0.30	0.67	98.77
33	0.29	0.32	0.72	98.66
34	0.29	0.33	0.70	98.68
35	0.29	0.32	0.68	98.72
36	0.32	0.36	0.91	98.42
37	0.31	0.32	0.76	98.61
38	0.29	0.31	0.74	98.66
39	0.33	0.31	0.79	98.56
40	0.37	0.35	1.13	98.15
41	0.34	0.35	0.97	98.35
42	0.32	0.34	0.98	98.35
43	0.32	0.35	0.90	98.44
44	0.33	0.36	0.99	98.32
45	0.36	0.38	1.10	98.16
46	0.43	0.46	1.43	97.69
47	0.45	0.60	2.66	96.29
48	0.43	0.70	2.97	95.90
49	0.47	1.04	4.37	94.13
50	0.53	1.62	6.04	91.81
51	0.48	2.79	5.75	90.98
52	0.46	2.86	4.79	91.90
53	0.44	2.33	3.92	93.31
54	0.44	1.99	3.31	94.27
55	0.42	1.65	2.84	95.09
56	0.42	1.40	2.66	95.52
57	0.44	1.15	2.34	96.08
58	0.42	0.88	2.04	96.67
59	0.42	0.67	1.86	97.05
60	0.39	0.55	1.72	97.34
61	0.40	0.50	1.62	97.48
62	0.43	0.48	1.66	97.42
63	0.41	0.45	1.60	97.53
64	0.45	0.48	1.69	97.38
65	0.46	0.47	1.84	97.23
66	0.49	0.46	1.81	97.23
67	0.49	0.48	1.83	97.21
68	0.51	0.51	1.78	97.21
69	0.48	0.53	1.99	97.00
70	0.53	0.63	3.80	95.04
71	0.56	0.57	2.31	96.57
72	0.53	0.53	2.05	96.89
73	0.55	0.53	2.00	96.92
74	0.53	0.50	2.10	96.87
75	0.57	0.56	1.98	96.89
76	0.53	0.59	2.27	96.61
77	0.60	0.64	2.32	96.44
78	0.53	0.62	2.38	96.46
79	0.58	0.62	2.50	96.30
80	0.57	0.61	2.51	96.30
81	0.60	0.64	2.75	96.01
82	0.63	0.71	2.91	95.74
83	0.61	0.69	3.04	95.66
84	0.63	0.69	2.99	95.69
85	0.64	0.67	3.09	95.60
86	0.67	0.71	3.14	95.48
87	0.69	0.73	3.34	95.25
88	0.74	0.76	3.38	95.12
89	0.75	0.80	3.63	94.83
90	0.78	0.86	3.75	94.61
91	0.80	0.89	3.84	94.46
92	0.83	0.93	3.69	94.54
93	0.81	0.95	3.85	94.40
94	0.86	0.99	4.09	94.06
95	1.50	1.74	8.08	88.69




