Parameters
	Library type	Single-end
	Input file	/Volumes/wdhd/users/joaks1/projects/gekgo/data/genomes/msg/plate3/demultiplexed-raw/fastq/CDS_64_Gekko_mindorensis_Panay_R1.fq
	Primer/Adaptor library	NA
	Cut-off read length for HQ	70%
	Cut-off quality score	20
	Only statistics	On
	Number of processes	2


QC statistics
	File name	CDS_64_Gekko_mindorensis_Panay_R1.fq
	Total number of reads	1857659
	Total number of HQ reads	1843267
	Percentage of HQ reads	99.23%
	Total number of bases	176477605
	Total number of bases in HQ reads	175110365
	Total number of HQ bases in HQ reads	173960880
	Percentage of HQ bases in HQ reads	99.34%
	Number of Primer/Adaptor contaminated HQ reads	NA
	Total number of HQ filtered reads	1843267
	Percentage of HQ filtered reads	99.23%


Detailed QC statistics
	File name	CDS_64_Gekko_mindorensis_Panay_R1.fq
	Minimum read length	95
	Maximum read length	95
	Average read length	95.00
	Total number of reads	1857659
	Total number of reads with non-ATGC bases	810
	Percentage of reads with non-ATGC bases	0.04%
	Total number of bases	176477605
	Total number of HQ bases	174665310
	Percentage of HQ bases	98.97%
	Total number of non-ATGC bases	5201
	Percentage of non-ATGC bases	0.00%


Average quality score at each base position of input reads

CDS_64_Gekko_mindorensis_Panay_R1.fq
36.87	36.53	36.91	36.65	36.88	36.90	36.90	39.51	39.48	39.37	39.31	39.23	39.24	39.21	39.21	38.95	39.08	38.99	39.16	38.97	39.08	38.84	38.83	38.85	38.94	38.78	38.80	38.97	38.67	38.50	38.75	38.91	38.74	38.78	38.85	38.54	38.76	38.85	38.84	38.37	38.45	38.43	38.47	38.31	38.21	37.68	36.92	36.76	36.27	35.96	35.93	36.30	36.77	37.09	37.34	37.46	37.61	37.79	37.85	37.86	37.81	37.70	37.59	37.42	37.26	37.10	36.95	36.82	36.61	35.06	35.70	36.06	36.11	36.06	35.99	35.89	35.78	35.75	35.70	35.64	35.55	35.48	35.44	35.41	35.39	35.33	35.21	35.15	35.10	35.02	34.99	34.94	34.91	34.79	33.37	




Read count (%) per base for different quality score ranges

	CDS_64_Gekko_mindorensis_Panay_R1.fq
Ranges	0-10	11-20	21-30	31-40
Base
1	0.00	0.26	0.30	99.44
2	0.00	0.04	0.17	99.79
3	0.00	0.05	0.17	99.78
4	0.00	0.23	0.53	99.24
5	0.00	0.10	0.34	99.56
6	0.00	0.08	0.29	99.63
7	0.00	0.10	0.30	99.60
8	0.00	0.11	0.31	99.57
9	0.00	0.13	0.34	99.53
10	0.00	0.17	0.42	99.40
11	0.01	0.15	0.41	99.43
12	0.01	0.19	0.50	99.31
13	0.01	0.20	0.56	99.23
14	0.01	0.22	0.51	99.25
15	0.01	0.21	0.48	99.30
16	0.01	0.22	0.56	99.21
17	0.01	0.19	0.45	99.35
18	0.02	0.23	0.65	99.10
19	0.04	0.23	0.53	99.21
20	0.10	0.30	0.64	98.96
21	0.12	0.29	0.56	99.03
22	0.15	0.33	0.62	98.89
23	0.16	0.35	0.69	98.80
24	0.17	0.31	0.66	98.86
25	0.19	0.30	0.65	98.86
26	0.24	0.34	0.86	98.56
27	0.24	0.31	0.78	98.66
28	0.23	0.29	0.67	98.81
29	0.29	0.29	0.75	98.67
30	0.31	0.36	0.87	98.46
31	0.28	0.31	0.74	98.67
32	0.30	0.31	0.75	98.65
33	0.33	0.35	0.84	98.48
34	0.30	0.36	0.79	98.55
35	0.31	0.34	0.79	98.56
36	0.36	0.40	1.09	98.15
37	0.33	0.36	0.88	98.43
38	0.32	0.34	0.87	98.48
39	0.39	0.34	0.94	98.33
40	0.40	0.40	1.41	97.79
41	0.40	0.38	1.12	98.10
42	0.37	0.39	1.23	98.01
43	0.36	0.38	1.09	98.17
44	0.36	0.40	1.21	98.03
45	0.40	0.44	1.38	97.79
46	0.46	0.51	1.88	97.14
47	0.54	0.68	3.53	95.25
48	0.48	0.80	3.92	94.80
49	0.56	1.14	5.72	92.58
50	0.60	1.76	7.51	90.13
51	0.52	2.78	7.02	89.68
52	0.51	2.78	5.80	90.90
53	0.47	2.29	4.74	92.50
54	0.46	1.89	3.97	93.68
55	0.47	1.59	3.33	94.62
56	0.46	1.35	3.12	95.06
57	0.47	1.11	2.73	95.68
58	0.44	0.85	2.32	96.40
59	0.42	0.67	2.17	96.74
60	0.40	0.55	1.97	97.07
61	0.44	0.50	1.89	97.17
62	0.47	0.51	1.90	97.12
63	0.45	0.48	1.85	97.21
64	0.49	0.53	2.00	96.98
65	0.49	0.51	2.15	96.86
66	0.50	0.51	2.19	96.80
67	0.50	0.52	2.20	96.78
68	0.52	0.53	2.10	96.85
69	0.52	0.55	2.33	96.60
70	0.57	0.67	4.63	94.12
71	0.58	0.61	2.79	96.01
72	0.55	0.58	2.49	96.38
73	0.59	0.57	2.41	96.42
74	0.56	0.56	2.57	96.31
75	0.63	0.58	2.38	96.41
76	0.58	0.65	2.71	96.06
77	0.64	0.70	2.82	95.83
78	0.60	0.70	2.86	95.84
79	0.63	0.68	2.99	95.71
80	0.61	0.68	3.02	95.70
81	0.63	0.72	3.23	95.42
82	0.68	0.80	3.37	95.15
83	0.66	0.79	3.56	94.99
84	0.68	0.78	3.47	95.06
85	0.70	0.79	3.52	95.00
86	0.70	0.83	3.64	94.83
87	0.73	0.84	3.98	94.45
88	0.79	0.90	3.92	94.39
89	0.80	0.92	4.13	94.15
90	0.87	0.99	4.21	93.93
91	0.85	1.05	4.39	93.70
92	0.92	1.06	4.26	93.76
93	0.91	1.10	4.46	93.53
94	0.97	1.16	4.72	93.14
95	1.66	2.08	9.27	86.99




