Parameters
	Library type	Single-end
	Input file	/Volumes/wdhd/users/joaks1/projects/gekgo/data/genomes/msg/plate3/demultiplexed-raw/fastq/CDS_788_Gekko_romblon_Romblon_R1.fq
	Primer/Adaptor library	NA
	Cut-off read length for HQ	70%
	Cut-off quality score	20
	Only statistics	On
	Number of processes	2


QC statistics
	File name	CDS_788_Gekko_romblon_Romblon_R1.fq
	Total number of reads	375605
	Total number of HQ reads	372693
	Percentage of HQ reads	99.22%
	Total number of bases	35682475
	Total number of bases in HQ reads	35405835
	Total number of HQ bases in HQ reads	35199964
	Percentage of HQ bases in HQ reads	99.42%
	Number of Primer/Adaptor contaminated HQ reads	NA
	Total number of HQ filtered reads	372693
	Percentage of HQ filtered reads	99.22%


Detailed QC statistics
	File name	CDS_788_Gekko_romblon_Romblon_R1.fq
	Minimum read length	95
	Maximum read length	95
	Average read length	95.00
	Total number of reads	375605
	Total number of reads with non-ATGC bases	142
	Percentage of reads with non-ATGC bases	0.04%
	Total number of bases	35682475
	Total number of HQ bases	35337959
	Percentage of HQ bases	99.03%
	Total number of non-ATGC bases	913
	Percentage of non-ATGC bases	0.00%


Average quality score at each base position of input reads

CDS_788_Gekko_romblon_Romblon_R1.fq
36.86	36.12	36.90	36.67	36.91	36.93	36.93	39.59	39.56	39.44	39.37	39.31	39.37	39.35	39.37	39.15	39.22	39.10	39.24	39.09	39.17	38.95	38.95	38.95	39.04	38.88	38.91	39.09	38.76	38.60	38.84	39.01	38.85	38.89	38.94	38.64	38.87	38.95	38.94	38.56	38.63	38.58	38.64	38.49	38.39	37.91	37.16	37.01	36.59	36.26	36.17	36.59	37.01	37.35	37.62	37.71	37.95	38.09	38.18	38.18	38.15	38.05	37.94	37.81	37.66	37.57	37.42	37.28	37.09	35.51	36.12	36.48	36.50	36.36	36.28	36.15	36.03	36.00	35.89	35.80	35.70	35.63	35.60	35.54	35.49	35.46	35.34	35.30	35.26	35.14	35.10	35.05	35.01	34.91	33.60	




Read count (%) per base for different quality score ranges

	CDS_788_Gekko_romblon_Romblon_R1.fq
Ranges	0-10	11-20	21-30	31-40
Base
1	0.00	0.22	0.32	99.46
2	0.00	0.03	0.20	99.77
3	0.00	0.04	0.15	99.81
4	0.00	0.19	0.47	99.35
5	0.00	0.07	0.24	99.69
6	0.00	0.06	0.20	99.74
7	0.00	0.07	0.19	99.74
8	0.00	0.07	0.20	99.73
9	0.00	0.09	0.24	99.66
10	0.00	0.12	0.31	99.57
11	0.01	0.12	0.25	99.63
12	0.01	0.13	0.33	99.54
13	0.01	0.13	0.38	99.48
14	0.01	0.17	0.35	99.47
15	0.00	0.15	0.32	99.52
16	0.01	0.16	0.44	99.39
17	0.01	0.13	0.34	99.52
18	0.02	0.17	0.48	99.34
19	0.03	0.18	0.39	99.40
20	0.06	0.22	0.48	99.23
21	0.11	0.24	0.43	99.23
22	0.14	0.28	0.48	99.10
23	0.15	0.27	0.49	99.08
24	0.16	0.25	0.52	99.08
25	0.18	0.28	0.49	99.06
26	0.21	0.28	0.66	98.85
27	0.22	0.26	0.62	98.90
28	0.19	0.22	0.51	99.08
29	0.25	0.24	0.58	98.93
30	0.24	0.28	0.69	98.79
31	0.22	0.25	0.61	98.92
32	0.25	0.27	0.58	98.90
33	0.28	0.30	0.66	98.75
34	0.31	0.30	0.62	98.77
35	0.32	0.29	0.62	98.76
36	0.32	0.33	0.87	98.48
37	0.32	0.29	0.63	98.76
38	0.33	0.28	0.64	98.75
39	0.34	0.28	0.68	98.69
40	0.39	0.34	1.01	98.26
41	0.36	0.32	0.84	98.47
42	0.33	0.34	0.89	98.44
43	0.33	0.35	0.85	98.46
44	0.36	0.36	0.90	98.37
45	0.38	0.36	1.03	98.23
46	0.41	0.42	1.50	97.66
47	0.44	0.59	2.73	96.24
48	0.43	0.74	3.14	95.69
49	0.46	1.04	4.49	94.01
50	0.51	1.59	6.19	91.71
51	0.50	2.74	5.95	90.81
52	0.47	2.63	4.66	92.24
53	0.45	2.22	3.92	93.41
54	0.46	1.81	3.27	94.46
55	0.46	1.51	2.74	95.29
56	0.49	1.27	2.66	95.58
57	0.45	1.04	2.14	96.38
58	0.43	0.81	1.95	96.81
59	0.41	0.64	1.82	97.12
60	0.44	0.53	1.68	97.34
61	0.44	0.48	1.60	97.48
62	0.48	0.46	1.66	97.41
63	0.47	0.45	1.57	97.51
64	0.51	0.46	1.66	97.38
65	0.48	0.46	1.90	97.16
66	0.51	0.45	1.73	97.31
67	0.54	0.47	1.81	97.18
68	0.58	0.48	1.75	97.19
69	0.58	0.51	1.88	97.03
70	0.56	0.63	3.77	95.04
71	0.61	0.55	2.33	96.52
72	0.59	0.53	2.07	96.81
73	0.57	0.54	2.03	96.87
74	0.60	0.54	2.16	96.70
75	0.63	0.54	2.11	96.72
76	0.63	0.58	2.30	96.49
77	0.65	0.66	2.42	96.28
78	0.61	0.60	2.40	96.40
79	0.68	0.61	2.51	96.20
80	0.67	0.62	2.67	96.05
81	0.74	0.65	2.80	95.82
82	0.77	0.72	2.92	95.59
83	0.75	0.71	2.91	95.63
84	0.77	0.73	3.06	95.44
85	0.77	0.75	3.12	95.36
86	0.78	0.75	3.16	95.31
87	0.81	0.80	3.41	94.98
88	0.82	0.80	3.45	94.93
89	0.83	0.85	3.50	94.82
90	0.90	0.89	3.81	94.39
91	0.90	0.96	3.96	94.18
92	0.92	0.98	3.85	94.25
93	0.93	1.02	4.10	93.94
94	1.00	1.05	4.24	93.70
95	1.57	1.78	8.30	88.36




