Parameters
	Library type	Single-end
	Input file	/Volumes/wdhd/users/joaks1/projects/gekgo/data/genomes/msg/plate3/demultiplexed-raw/fastq/CDS_792_Gekko_romblon_Romblon_R1.fq
	Primer/Adaptor library	NA
	Cut-off read length for HQ	70%
	Cut-off quality score	20
	Only statistics	On
	Number of processes	2


QC statistics
	File name	CDS_792_Gekko_romblon_Romblon_R1.fq
	Total number of reads	134899
	Total number of HQ reads	133732
	Percentage of HQ reads	99.13%
	Total number of bases	12815405
	Total number of bases in HQ reads	12704540
	Total number of HQ bases in HQ reads	12626930
	Percentage of HQ bases in HQ reads	99.39%
	Number of Primer/Adaptor contaminated HQ reads	NA
	Total number of HQ filtered reads	133732
	Percentage of HQ filtered reads	99.13%


Detailed QC statistics
	File name	CDS_792_Gekko_romblon_Romblon_R1.fq
	Minimum read length	95
	Maximum read length	95
	Average read length	95.00
	Total number of reads	134899
	Total number of reads with non-ATGC bases	70
	Percentage of reads with non-ATGC bases	0.05%
	Total number of bases	12815405
	Total number of HQ bases	12682782
	Percentage of HQ bases	98.97%
	Total number of non-ATGC bases	476
	Percentage of non-ATGC bases	0.00%


Average quality score at each base position of input reads

CDS_792_Gekko_romblon_Romblon_R1.fq
36.89	36.64	36.91	36.63	36.89	36.91	36.91	39.57	39.53	39.39	39.33	39.28	39.35	39.31	39.33	39.13	39.20	39.05	39.20	39.03	39.12	38.91	38.91	38.93	39.01	38.83	38.85	39.03	38.70	38.55	38.80	38.97	38.79	38.86	38.89	38.58	38.81	38.91	38.90	38.53	38.59	38.53	38.61	38.45	38.36	37.86	37.11	36.98	36.59	36.28	36.19	36.61	37.01	37.33	37.61	37.69	37.93	38.07	38.16	38.17	38.13	38.02	37.91	37.81	37.65	37.57	37.40	37.27	37.08	35.51	36.10	36.44	36.45	36.35	36.25	36.13	35.98	35.94	35.84	35.75	35.66	35.55	35.53	35.49	35.42	35.41	35.28	35.23	35.19	35.07	35.03	34.99	34.95	34.83	33.55	




Read count (%) per base for different quality score ranges

	CDS_792_Gekko_romblon_Romblon_R1.fq
Ranges	0-10	11-20	21-30	31-40
Base
1	0.00	0.13	0.26	99.61
2	0.00	0.01	0.10	99.89
3	0.00	0.04	0.14	99.82
4	0.00	0.21	0.57	99.23
5	0.00	0.09	0.29	99.62
6	0.00	0.08	0.27	99.65
7	0.00	0.09	0.26	99.65
8	0.00	0.09	0.23	99.68
9	0.00	0.11	0.28	99.61
10	0.01	0.15	0.38	99.46
11	0.01	0.13	0.33	99.54
12	0.01	0.16	0.38	99.45
13	0.01	0.16	0.44	99.40
14	0.01	0.22	0.39	99.37
15	0.01	0.20	0.37	99.42
16	0.01	0.22	0.50	99.26
17	0.01	0.17	0.39	99.43
18	0.02	0.22	0.52	99.24
19	0.04	0.21	0.45	99.30
20	0.09	0.28	0.49	99.14
21	0.11	0.25	0.51	99.14
22	0.14	0.33	0.52	99.01
23	0.17	0.30	0.57	98.96
24	0.17	0.30	0.56	98.97
25	0.20	0.33	0.51	98.97
26	0.23	0.35	0.71	98.71
27	0.23	0.32	0.70	98.75
28	0.20	0.27	0.56	98.97
29	0.27	0.29	0.65	98.79
30	0.25	0.32	0.72	98.71
31	0.24	0.28	0.64	98.84
32	0.26	0.27	0.63	98.83
33	0.30	0.34	0.74	98.62
34	0.32	0.29	0.71	98.68
35	0.34	0.33	0.70	98.63
36	0.34	0.36	0.96	98.34
37	0.35	0.31	0.71	98.63
38	0.37	0.31	0.65	98.67
39	0.38	0.29	0.71	98.62
40	0.40	0.38	1.08	98.14
41	0.38	0.37	0.96	98.30
42	0.39	0.39	0.99	98.23
43	0.35	0.39	0.92	98.34
44	0.40	0.39	1.03	98.18
45	0.38	0.41	1.10	98.11
46	0.47	0.47	1.57	97.49
47	0.50	0.63	2.87	96.00
48	0.49	0.80	3.19	95.52
49	0.52	1.05	4.42	94.01
50	0.55	1.59	6.03	91.83
51	0.54	2.71	5.90	90.85
52	0.50	2.63	4.51	92.37
53	0.50	2.19	3.89	93.42
54	0.51	1.81	3.33	94.35
55	0.51	1.42	2.77	95.30
56	0.55	1.25	2.61	95.59
57	0.52	0.96	2.22	96.30
58	0.47	0.81	1.95	96.77
59	0.44	0.63	1.86	97.07
60	0.48	0.53	1.64	97.35
61	0.48	0.50	1.66	97.37
62	0.52	0.53	1.74	97.22
63	0.55	0.47	1.69	97.29
64	0.56	0.48	1.70	97.25
65	0.54	0.48	1.99	97.00
66	0.54	0.48	1.73	97.24
67	0.60	0.52	1.92	96.96
68	0.60	0.46	1.90	97.03
69	0.58	0.55	1.93	96.94
70	0.67	0.67	3.67	94.99
71	0.69	0.59	2.47	96.25
72	0.66	0.57	2.30	96.47
73	0.70	0.58	2.15	96.57
74	0.69	0.59	2.25	96.47
75	0.68	0.61	2.23	96.48
76	0.69	0.59	2.50	96.22
77	0.75	0.70	2.57	95.98
78	0.71	0.62	2.56	96.11
79	0.74	0.69	2.64	95.93
80	0.74	0.68	2.82	95.76
81	0.77	0.70	2.97	95.56
82	0.84	0.81	3.12	95.24
83	0.77	0.77	3.21	95.26
84	0.80	0.80	3.22	95.19
85	0.82	0.79	3.38	95.01
86	0.83	0.80	3.25	95.12
87	0.86	0.89	3.57	94.68
88	0.90	0.86	3.67	94.57
89	0.92	0.88	3.72	94.49
90	1.01	0.96	4.05	93.98
91	1.00	0.99	4.19	93.81
92	1.01	1.04	4.05	93.90
93	1.02	1.06	4.28	93.63
94	1.13	1.15	4.39	93.34
95	1.67	1.90	8.44	87.99




