Parameters
	Library type	Single-end
	Input file	/Volumes/wdhd/users/joaks1/projects/gekgo/data/genomes/msg/plate3/demultiplexed-raw/fastq/CDS_278_Gekko_mindorensis_Negros_R1.fq
	Primer/Adaptor library	NA
	Cut-off read length for HQ	70%
	Cut-off quality score	20
	Only statistics	On
	Number of processes	2


QC statistics
	File name	CDS_278_Gekko_mindorensis_Negros_R1.fq
	Total number of reads	27873
	Total number of HQ reads	27695
	Percentage of HQ reads	99.36%
	Total number of bases	2647935
	Total number of bases in HQ reads	2631025
	Total number of HQ bases in HQ reads	2613358
	Percentage of HQ bases in HQ reads	99.33%
	Number of Primer/Adaptor contaminated HQ reads	NA
	Total number of HQ filtered reads	27695
	Percentage of HQ filtered reads	99.36%


Detailed QC statistics
	File name	CDS_278_Gekko_mindorensis_Negros_R1.fq
	Minimum read length	95
	Maximum read length	95
	Average read length	95.00
	Total number of reads	27873
	Total number of reads with non-ATGC bases	14
	Percentage of reads with non-ATGC bases	0.05%
	Total number of bases	2647935
	Total number of HQ bases	2621993
	Percentage of HQ bases	99.02%
	Total number of non-ATGC bases	81
	Percentage of non-ATGC bases	0.00%


Average quality score at each base position of input reads

CDS_278_Gekko_mindorensis_Negros_R1.fq
36.76	36.49	36.89	36.64	36.88	36.89	36.90	39.49	39.47	39.34	39.27	39.20	39.09	39.12	39.17	38.92	39.07	38.98	39.11	38.94	39.02	38.83	38.81	38.83	38.89	38.72	38.75	38.91	38.63	38.45	38.70	38.88	38.69	38.73	38.80	38.47	38.70	38.79	38.75	38.27	38.28	38.23	38.28	38.12	38.02	37.38	36.61	36.40	35.91	35.60	35.69	36.09	36.51	36.75	36.89	36.96	37.03	37.12	37.07	37.01	36.88	36.72	36.58	36.42	36.27	36.14	36.08	36.05	35.92	34.36	35.15	35.66	35.82	35.82	35.78	35.70	35.65	35.65	35.56	35.55	35.44	35.42	35.38	35.38	35.38	35.30	35.20	35.16	35.13	35.08	35.07	34.99	34.98	34.79	33.42	




Read count (%) per base for different quality score ranges

	CDS_278_Gekko_mindorensis_Negros_R1.fq
Ranges	0-10	11-20	21-30	31-40
Base
1	0.05	0.25	0.48	99.22
2	0.01	0.04	0.18	99.77
3	0.00	0.06	0.21	99.73
4	0.00	0.26	0.60	99.14
5	0.00	0.08	0.34	99.58
6	0.00	0.10	0.33	99.57
7	0.00	0.08	0.29	99.63
8	0.00	0.13	0.30	99.57
9	0.00	0.12	0.31	99.57
10	0.00	0.20	0.50	99.29
11	0.01	0.15	0.50	99.35
12	0.02	0.20	0.51	99.27
13	0.02	0.19	0.59	99.20
14	0.02	0.27	0.56	99.15
15	0.02	0.24	0.50	99.24
16	0.04	0.24	0.58	99.14
17	0.03	0.18	0.53	99.26
18	0.06	0.18	0.67	99.10
19	0.09	0.22	0.55	99.13
20	0.17	0.22	0.66	98.95
21	0.19	0.27	0.57	98.97
22	0.23	0.28	0.62	98.87
23	0.24	0.28	0.80	98.68
24	0.22	0.23	0.75	98.80
25	0.27	0.27	0.66	98.80
26	0.27	0.35	1.03	98.35
27	0.29	0.30	0.90	98.51
28	0.23	0.30	0.86	98.60
29	0.32	0.31	0.76	98.60
30	0.33	0.37	1.02	98.27
31	0.28	0.30	0.83	98.59
32	0.28	0.29	0.93	98.50
33	0.31	0.30	1.08	98.31
34	0.28	0.30	1.06	98.36
35	0.30	0.28	1.01	98.41
36	0.34	0.46	1.40	97.80
37	0.32	0.39	1.04	98.25
38	0.28	0.38	1.08	98.26
39	0.35	0.41	1.15	98.09
40	0.37	0.39	1.75	97.49
41	0.37	0.39	1.69	97.55
42	0.42	0.43	1.58	97.57
43	0.35	0.38	1.57	97.70
44	0.32	0.42	1.60	97.66
45	0.37	0.45	1.89	97.28
46	0.47	0.46	3.00	96.08
47	0.50	0.67	5.31	93.52
48	0.47	0.76	5.77	93.01
49	0.52	1.16	8.01	90.31
50	0.53	1.66	9.87	87.94
51	0.47	2.39	8.46	88.68
52	0.41	2.43	6.72	90.44
53	0.34	1.99	5.32	92.35
54	0.37	1.58	4.25	93.81
55	0.46	1.33	3.55	94.66
56	0.45	1.11	3.47	94.98
57	0.43	0.91	2.82	95.84
58	0.41	0.67	2.42	96.49
59	0.39	0.57	2.30	96.74
60	0.35	0.52	2.04	97.09
61	0.37	0.44	2.15	97.03
62	0.43	0.41	2.05	97.11
63	0.36	0.47	2.11	97.07
64	0.42	0.47	2.35	96.76
65	0.41	0.55	2.61	96.43
66	0.50	0.50	2.51	96.49
67	0.45	0.55	2.41	96.58
68	0.43	0.48	2.54	96.55
69	0.48	0.52	2.63	96.37
70	0.47	0.67	5.66	93.19
71	0.51	0.57	3.07	95.85
72	0.46	0.61	2.53	96.41
73	0.54	0.44	2.59	96.43
74	0.52	0.55	2.69	96.24
75	0.51	0.61	2.76	96.12
76	0.51	0.62	2.92	95.95
77	0.57	0.71	2.84	95.88
78	0.60	0.59	2.85	95.96
79	0.65	0.70	3.06	95.59
80	0.58	0.73	3.05	95.64
81	0.62	0.70	3.58	95.09
82	0.60	0.83	3.45	95.13
83	0.67	0.84	3.45	95.03
84	0.63	0.75	3.65	94.97
85	0.60	0.83	3.44	95.13
86	0.71	0.84	3.62	94.83
87	0.70	0.83	4.07	94.40
88	0.69	1.00	3.81	94.49
89	0.75	0.94	4.07	94.23
90	0.74	1.11	4.01	94.14
91	0.75	1.08	4.25	93.93
92	0.95	1.07	4.04	93.94
93	0.79	1.22	4.17	93.83
94	0.89	1.35	4.86	92.89
95	1.46	2.39	8.78	87.37




