Parameters
	Library type	Single-end
	Input file	/Volumes/wdhd/users/joaks1/projects/gekgo/data/genomes/msg/plate3/demultiplexed-raw/fastq/CDS_757_Gekko_mindorensis_Masbate_R1.fq
	Primer/Adaptor library	NA
	Cut-off read length for HQ	70%
	Cut-off quality score	20
	Only statistics	On
	Number of processes	2


QC statistics
	File name	CDS_757_Gekko_mindorensis_Masbate_R1.fq
	Total number of reads	223860
	Total number of HQ reads	222039
	Percentage of HQ reads	99.19%
	Total number of bases	21266700
	Total number of bases in HQ reads	21093705
	Total number of HQ bases in HQ reads	20961920
	Percentage of HQ bases in HQ reads	99.38%
	Number of Primer/Adaptor contaminated HQ reads	NA
	Total number of HQ filtered reads	222039
	Percentage of HQ filtered reads	99.19%


Detailed QC statistics
	File name	CDS_757_Gekko_mindorensis_Masbate_R1.fq
	Minimum read length	95
	Maximum read length	95
	Average read length	95.00
	Total number of reads	223860
	Total number of reads with non-ATGC bases	85
	Percentage of reads with non-ATGC bases	0.04%
	Total number of bases	21266700
	Total number of HQ bases	21048474
	Percentage of HQ bases	98.97%
	Total number of non-ATGC bases	587
	Percentage of non-ATGC bases	0.00%


Average quality score at each base position of input reads

CDS_757_Gekko_mindorensis_Masbate_R1.fq
36.88	36.68	36.91	36.65	36.88	36.90	36.91	39.51	39.49	39.39	39.34	39.25	39.31	39.33	39.33	39.10	39.18	39.07	39.20	39.01	39.11	38.90	38.89	38.88	38.96	38.80	38.84	39.00	38.69	38.53	38.78	38.93	38.77	38.80	38.88	38.60	38.80	38.88	38.90	38.44	38.54	38.54	38.57	38.41	38.33	37.82	37.11	36.97	36.53	36.22	36.19	36.51	37.00	37.28	37.56	37.68	37.85	38.03	38.12	38.18	38.13	38.04	37.95	37.80	37.67	37.54	37.43	37.30	37.07	35.45	36.12	36.53	36.59	36.48	36.35	36.16	36.05	35.98	35.90	35.82	35.72	35.64	35.57	35.55	35.51	35.47	35.36	35.28	35.19	35.13	35.11	35.05	35.02	34.90	33.46	




Read count (%) per base for different quality score ranges

	CDS_757_Gekko_mindorensis_Masbate_R1.fq
Ranges	0-10	11-20	21-30	31-40
Base
1	0.00	0.19	0.26	99.54
2	0.00	0.03	0.13	99.84
3	0.00	0.06	0.18	99.75
4	0.00	0.25	0.58	99.18
5	0.00	0.10	0.33	99.56
6	0.00	0.10	0.27	99.63
7	0.00	0.09	0.28	99.62
8	0.00	0.12	0.29	99.59
9	0.00	0.14	0.33	99.53
10	0.00	0.17	0.39	99.43
11	0.01	0.15	0.40	99.44
12	0.01	0.19	0.48	99.32
13	0.01	0.18	0.53	99.28
14	0.01	0.23	0.49	99.27
15	0.01	0.22	0.44	99.33
16	0.01	0.23	0.51	99.25
17	0.01	0.19	0.43	99.36
18	0.02	0.22	0.58	99.18
19	0.04	0.26	0.49	99.22
20	0.09	0.34	0.59	98.98
21	0.14	0.31	0.54	99.01
22	0.14	0.36	0.62	98.88
23	0.14	0.36	0.68	98.81
24	0.16	0.35	0.62	98.87
25	0.18	0.33	0.62	98.87
26	0.25	0.40	0.81	98.54
27	0.24	0.38	0.75	98.63
28	0.24	0.34	0.64	98.78
29	0.29	0.35	0.73	98.63
30	0.29	0.41	0.86	98.43
31	0.28	0.35	0.72	98.66
32	0.32	0.31	0.72	98.65
33	0.34	0.37	0.80	98.49
34	0.33	0.38	0.77	98.52
35	0.34	0.36	0.74	98.56
36	0.41	0.38	0.93	98.29
37	0.38	0.36	0.80	98.46
38	0.37	0.36	0.80	98.48
39	0.39	0.35	0.86	98.40
40	0.42	0.39	1.24	97.95
41	0.41	0.36	1.01	98.23
42	0.37	0.38	1.03	98.22
43	0.37	0.39	0.94	98.29
44	0.38	0.40	1.08	98.13
45	0.42	0.38	1.16	98.04
46	0.47	0.52	1.57	97.44
47	0.52	0.65	2.87	95.96
48	0.49	0.76	3.03	95.73
49	0.52	1.11	4.47	93.91
50	0.57	1.68	6.11	91.64
51	0.52	2.68	5.82	90.97
52	0.51	2.76	4.84	91.88
53	0.51	2.22	4.01	93.26
54	0.49	1.91	3.36	94.23
55	0.48	1.58	2.84	95.10
56	0.50	1.36	2.74	95.40
57	0.49	1.12	2.40	95.99
58	0.48	0.87	2.00	96.65
59	0.47	0.68	1.91	96.94
60	0.45	0.54	1.75	97.26
61	0.47	0.51	1.63	97.39
62	0.48	0.48	1.73	97.31
63	0.47	0.49	1.70	97.33
64	0.52	0.51	1.86	97.11
65	0.53	0.50	1.96	97.01
66	0.56	0.50	2.01	96.93
67	0.53	0.53	1.95	96.99
68	0.55	0.55	1.87	97.03
69	0.56	0.56	2.05	96.82
70	0.61	0.63	4.06	94.70
71	0.61	0.58	2.43	96.38
72	0.59	0.56	2.11	96.74
73	0.60	0.54	2.07	96.79
74	0.60	0.53	2.15	96.71
75	0.65	0.57	2.16	96.62
76	0.64	0.61	2.41	96.34
77	0.69	0.62	2.48	96.20
78	0.61	0.68	2.50	96.21
79	0.62	0.64	2.72	96.02
80	0.65	0.62	2.70	96.03
81	0.67	0.66	2.90	95.76
82	0.70	0.75	3.12	95.43
83	0.69	0.75	3.26	95.30
84	0.71	0.71	3.18	95.40
85	0.71	0.72	3.31	95.27
86	0.73	0.73	3.29	95.24
87	0.74	0.80	3.52	94.94
88	0.82	0.79	3.62	94.77
89	0.86	0.87	3.83	94.45
90	0.87	0.91	3.92	94.30
91	0.88	0.95	4.04	94.13
92	0.94	0.98	3.99	94.09
93	0.92	0.99	4.20	93.90
94	0.92	1.10	4.42	93.56
95	1.72	1.80	8.97	87.52




