Parameters
	Library type	Single-end
	Input file	/Volumes/wdhd/users/joaks1/projects/gekgo/data/genomes/msg/plate3/demultiplexed-raw/fastq/CDS_277_Gekko_mindorensis_Negros_R1.fq
	Primer/Adaptor library	NA
	Cut-off read length for HQ	70%
	Cut-off quality score	20
	Only statistics	On
	Number of processes	2


QC statistics
	File name	CDS_277_Gekko_mindorensis_Negros_R1.fq
	Total number of reads	308605
	Total number of HQ reads	306576
	Percentage of HQ reads	99.34%
	Total number of bases	29317475
	Total number of bases in HQ reads	29124720
	Total number of HQ bases in HQ reads	28952565
	Percentage of HQ bases in HQ reads	99.41%
	Number of Primer/Adaptor contaminated HQ reads	NA
	Total number of HQ filtered reads	306576
	Percentage of HQ filtered reads	99.34%


Detailed QC statistics
	File name	CDS_277_Gekko_mindorensis_Negros_R1.fq
	Minimum read length	95
	Maximum read length	95
	Average read length	95.00
	Total number of reads	308605
	Total number of reads with non-ATGC bases	149
	Percentage of reads with non-ATGC bases	0.05%
	Total number of bases	29317475
	Total number of HQ bases	29054916
	Percentage of HQ bases	99.10%
	Total number of non-ATGC bases	862
	Percentage of non-ATGC bases	0.00%


Average quality score at each base position of input reads

CDS_277_Gekko_mindorensis_Negros_R1.fq
36.83	36.52	36.91	36.63	36.88	36.91	36.91	39.48	39.48	39.40	39.34	39.25	39.33	39.34	39.35	39.11	39.20	39.08	39.23	39.06	39.16	38.97	38.94	38.95	39.01	38.87	38.90	39.06	38.78	38.63	38.86	39.02	38.86	38.90	38.97	38.68	38.88	38.97	38.98	38.55	38.63	38.61	38.65	38.49	38.41	37.88	37.18	37.02	36.58	36.32	36.26	36.62	37.11	37.43	37.71	37.82	37.98	38.18	38.27	38.30	38.25	38.18	38.07	37.94	37.81	37.68	37.57	37.45	37.19	35.60	36.25	36.65	36.70	36.60	36.50	36.31	36.16	36.09	36.02	35.95	35.84	35.78	35.73	35.71	35.67	35.62	35.52	35.44	35.37	35.31	35.26	35.21	35.20	35.07	33.62	




Read count (%) per base for different quality score ranges

	CDS_277_Gekko_mindorensis_Negros_R1.fq
Ranges	0-10	11-20	21-30	31-40
Base
1	0.00	0.22	0.32	99.47
2	0.00	0.02	0.14	99.84
3	0.00	0.05	0.17	99.78
4	0.00	0.25	0.55	99.21
5	0.00	0.11	0.33	99.56
6	0.00	0.08	0.27	99.64
7	0.00	0.10	0.30	99.60
8	0.00	0.12	0.29	99.58
9	0.00	0.13	0.32	99.55
10	0.01	0.16	0.41	99.42
11	0.01	0.15	0.40	99.45
12	0.01	0.18	0.47	99.34
13	0.01	0.19	0.53	99.27
14	0.01	0.22	0.47	99.30
15	0.01	0.21	0.45	99.33
16	0.01	0.22	0.51	99.26
17	0.01	0.18	0.41	99.40
18	0.01	0.23	0.60	99.16
19	0.04	0.23	0.49	99.24
20	0.07	0.29	0.56	99.08
21	0.11	0.29	0.52	99.08
22	0.12	0.33	0.56	98.98
23	0.12	0.36	0.62	98.90
24	0.13	0.30	0.61	98.96
25	0.15	0.33	0.57	98.95
26	0.17	0.35	0.79	98.69
27	0.20	0.32	0.70	98.78
28	0.17	0.27	0.65	98.91
29	0.24	0.29	0.68	98.79
30	0.26	0.33	0.78	98.63
31	0.22	0.29	0.66	98.83
32	0.23	0.30	0.65	98.81
33	0.26	0.31	0.72	98.71
34	0.25	0.32	0.72	98.72
35	0.27	0.31	0.73	98.70
36	0.29	0.37	0.96	98.38
37	0.28	0.32	0.79	98.61
38	0.28	0.29	0.76	98.67
39	0.31	0.32	0.82	98.55
40	0.34	0.36	1.17	98.14
41	0.33	0.31	0.94	98.41
42	0.31	0.34	1.00	98.36
43	0.30	0.33	0.90	98.46
44	0.29	0.36	0.99	98.37
45	0.35	0.36	1.10	98.19
46	0.41	0.45	1.47	97.67
47	0.46	0.61	2.70	96.23
48	0.40	0.71	2.96	95.93
49	0.48	1.05	4.38	94.09
50	0.48	1.62	5.89	92.01
51	0.46	2.63	5.66	91.25
52	0.42	2.62	4.82	92.13
53	0.40	2.17	3.85	93.57
54	0.39	1.81	3.28	94.51
55	0.39	1.49	2.76	95.35
56	0.41	1.25	2.64	95.70
57	0.38	1.03	2.33	96.26
58	0.36	0.74	1.95	96.95
59	0.34	0.56	1.82	97.28
60	0.37	0.45	1.62	97.56
61	0.35	0.45	1.59	97.62
62	0.38	0.41	1.64	97.57
63	0.39	0.41	1.57	97.64
64	0.40	0.45	1.69	97.46
65	0.41	0.44	1.87	97.28
66	0.44	0.43	1.87	97.26
67	0.41	0.49	1.82	97.28
68	0.43	0.48	1.77	97.31
69	0.44	0.50	1.96	97.09
70	0.49	0.60	3.89	95.02
71	0.48	0.52	2.38	96.62
72	0.47	0.50	2.10	96.94
73	0.49	0.49	2.01	97.00
74	0.48	0.46	2.17	96.89
75	0.51	0.51	2.00	96.98
76	0.50	0.56	2.22	96.72
77	0.54	0.63	2.38	96.45
78	0.50	0.56	2.49	96.45
79	0.54	0.55	2.52	96.39
80	0.52	0.56	2.53	96.38
81	0.55	0.60	2.83	96.03
82	0.58	0.65	2.82	95.95
83	0.57	0.64	3.00	95.79
84	0.59	0.63	2.95	95.83
85	0.59	0.65	3.07	95.69
86	0.60	0.65	3.08	95.67
87	0.58	0.69	3.32	95.40
88	0.67	0.71	3.36	95.26
89	0.68	0.75	3.50	95.08
90	0.72	0.80	3.65	94.83
91	0.76	0.87	3.82	94.55
92	0.80	0.90	3.73	94.57
93	0.75	0.92	3.86	94.47
94	0.81	0.96	4.09	94.13
95	1.51	1.79	8.47	88.23




