Parameters
	Library type	Single-end
	Input file	/Volumes/wdhd/users/joaks1/projects/gekgo/data/genomes/msg/plate3/demultiplexed-raw/fastq/CDS_1463_Gekko_mindorensis_MaestreDeCampo_R1.fq
	Primer/Adaptor library	NA
	Cut-off read length for HQ	70%
	Cut-off quality score	20
	Only statistics	On
	Number of processes	2


QC statistics
	File name	CDS_1463_Gekko_mindorensis_MaestreDeCampo_R1.fq
	Total number of reads	908450
	Total number of HQ reads	901631
	Percentage of HQ reads	99.25%
	Total number of bases	86302750
	Total number of bases in HQ reads	85654945
	Total number of HQ bases in HQ reads	85147594
	Percentage of HQ bases in HQ reads	99.41%
	Number of Primer/Adaptor contaminated HQ reads	NA
	Total number of HQ filtered reads	901631
	Percentage of HQ filtered reads	99.25%


Detailed QC statistics
	File name	CDS_1463_Gekko_mindorensis_MaestreDeCampo_R1.fq
	Minimum read length	95
	Maximum read length	95
	Average read length	95.00
	Total number of reads	908450
	Total number of reads with non-ATGC bases	354
	Percentage of reads with non-ATGC bases	0.04%
	Total number of bases	86302750
	Total number of HQ bases	85475179
	Percentage of HQ bases	99.04%
	Total number of non-ATGC bases	2281
	Percentage of non-ATGC bases	0.00%


Average quality score at each base position of input reads

CDS_1463_Gekko_mindorensis_MaestreDeCampo_R1.fq
36.86	36.62	36.92	36.66	36.90	36.92	36.92	39.54	39.52	39.42	39.37	39.28	39.34	39.35	39.36	39.13	39.20	39.09	39.24	39.06	39.15	38.94	38.93	38.95	39.01	38.85	38.88	39.05	38.75	38.60	38.84	38.99	38.84	38.87	38.94	38.65	38.86	38.93	38.93	38.48	38.57	38.57	38.60	38.45	38.37	37.86	37.12	36.99	36.54	36.27	36.21	36.55	37.04	37.32	37.61	37.72	37.89	38.06	38.16	38.21	38.17	38.08	37.99	37.85	37.71	37.57	37.43	37.32	37.09	35.49	36.14	36.53	36.59	36.49	36.38	36.20	36.08	36.02	35.93	35.85	35.76	35.67	35.63	35.60	35.56	35.51	35.39	35.31	35.26	35.17	35.16	35.11	35.10	34.96	33.61	




Read count (%) per base for different quality score ranges

	CDS_1463_Gekko_mindorensis_MaestreDeCampo_R1.fq
Ranges	0-10	11-20	21-30	31-40
Base
1	0.00	0.22	0.31	99.48
2	0.00	0.02	0.13	99.85
3	0.00	0.04	0.14	99.82
4	0.00	0.19	0.50	99.31
5	0.00	0.08	0.27	99.64
6	0.00	0.07	0.24	99.69
7	0.00	0.08	0.26	99.66
8	0.00	0.10	0.26	99.64
9	0.00	0.11	0.28	99.60
10	0.00	0.15	0.37	99.48
11	0.00	0.14	0.33	99.53
12	0.01	0.17	0.42	99.41
13	0.01	0.17	0.46	99.36
14	0.01	0.20	0.45	99.34
15	0.01	0.17	0.39	99.43
16	0.01	0.18	0.46	99.34
17	0.01	0.15	0.37	99.46
18	0.02	0.20	0.54	99.24
19	0.03	0.22	0.43	99.32
20	0.09	0.28	0.52	99.11
21	0.11	0.27	0.48	99.14
22	0.13	0.34	0.53	99.00
23	0.15	0.33	0.57	98.95
24	0.14	0.29	0.56	99.01
25	0.18	0.31	0.54	98.98
26	0.20	0.34	0.75	98.72
27	0.21	0.31	0.66	98.82
28	0.20	0.25	0.58	98.96
29	0.25	0.28	0.65	98.82
30	0.27	0.32	0.77	98.65
31	0.25	0.27	0.64	98.84
32	0.28	0.29	0.63	98.80
33	0.31	0.32	0.69	98.68
34	0.29	0.32	0.68	98.71
35	0.31	0.30	0.69	98.70
36	0.34	0.36	0.93	98.37
37	0.31	0.33	0.75	98.61
38	0.31	0.32	0.72	98.65
39	0.36	0.32	0.79	98.53
40	0.40	0.37	1.18	98.05
41	0.36	0.35	0.98	98.31
42	0.34	0.36	1.00	98.30
43	0.34	0.36	0.89	98.41
44	0.35	0.37	0.98	98.30
45	0.37	0.39	1.10	98.14
46	0.43	0.46	1.46	97.65
47	0.49	0.64	2.77	96.10
48	0.45	0.72	3.08	95.75
49	0.50	1.06	4.50	93.94
50	0.54	1.61	6.02	91.82
51	0.49	2.65	5.83	91.03
52	0.46	2.69	4.89	91.97
53	0.46	2.16	3.92	93.46
54	0.46	1.87	3.35	94.31
55	0.47	1.54	2.78	95.21
56	0.47	1.32	2.70	95.52
57	0.46	1.06	2.35	96.13
58	0.43	0.81	1.99	96.78
59	0.42	0.63	1.87	97.07
60	0.40	0.52	1.68	97.40
61	0.42	0.47	1.62	97.49
62	0.43	0.47	1.64	97.45
63	0.43	0.43	1.59	97.54
64	0.46	0.48	1.69	97.37
65	0.48	0.47	1.91	97.14
66	0.51	0.48	1.85	97.17
67	0.50	0.49	1.91	97.11
68	0.53	0.51	1.78	97.18
69	0.51	0.51	2.02	96.95
70	0.55	0.62	4.02	94.81
71	0.56	0.55	2.40	96.48
72	0.54	0.55	2.13	96.78
73	0.55	0.54	2.05	96.85
74	0.54	0.52	2.18	96.75
75	0.59	0.55	2.04	96.82
76	0.57	0.59	2.30	96.54
77	0.60	0.64	2.43	96.33
78	0.57	0.61	2.42	96.39
79	0.59	0.63	2.57	96.20
80	0.59	0.64	2.62	96.14
81	0.60	0.64	2.87	95.88
82	0.65	0.71	3.00	95.64
83	0.66	0.68	3.09	95.57
84	0.68	0.68	3.08	95.56
85	0.70	0.72	3.11	95.48
86	0.69	0.73	3.22	95.35
87	0.68	0.76	3.48	95.07
88	0.77	0.80	3.55	94.88
89	0.75	0.83	3.75	94.67
90	0.82	0.92	3.90	94.35
91	0.84	0.91	3.98	94.27
92	0.88	0.94	3.77	94.41
93	0.84	0.96	3.98	94.22
94	0.91	1.06	4.21	93.82
95	1.55	1.78	8.39	88.28




