Parameters
	Library type	Single-end
	Input file	/Volumes/wdhd/users/joaks1/projects/gekgo/data/genomes/msg/plate3/demultiplexed-raw/fastq/CDS_65_Gekko_mindorensis_Panay_R1.fq
	Primer/Adaptor library	NA
	Cut-off read length for HQ	70%
	Cut-off quality score	20
	Only statistics	On
	Number of processes	2


QC statistics
	File name	CDS_65_Gekko_mindorensis_Panay_R1.fq
	Total number of reads	3339233
	Total number of HQ reads	3316978
	Percentage of HQ reads	99.33%
	Total number of bases	317227135
	Total number of bases in HQ reads	315112910
	Total number of HQ bases in HQ reads	313160802
	Percentage of HQ bases in HQ reads	99.38%
	Number of Primer/Adaptor contaminated HQ reads	NA
	Total number of HQ filtered reads	3316978
	Percentage of HQ filtered reads	99.33%


Detailed QC statistics
	File name	CDS_65_Gekko_mindorensis_Panay_R1.fq
	Minimum read length	95
	Maximum read length	95
	Average read length	95.00
	Total number of reads	3339233
	Total number of reads with non-ATGC bases	1406
	Percentage of reads with non-ATGC bases	0.04%
	Total number of bases	317227135
	Total number of HQ bases	314274138
	Percentage of HQ bases	99.07%
	Total number of non-ATGC bases	9023
	Percentage of non-ATGC bases	0.00%


Average quality score at each base position of input reads

CDS_65_Gekko_mindorensis_Panay_R1.fq
36.53	35.97	36.89	36.64	36.88	36.91	36.91	39.49	39.47	39.38	39.34	39.24	39.26	39.22	39.23	38.95	39.09	39.01	39.19	39.02	39.12	38.90	38.88	38.89	38.99	38.84	38.87	39.04	38.74	38.58	38.82	38.97	38.82	38.85	38.93	38.63	38.84	38.91	38.92	38.47	38.54	38.54	38.56	38.39	38.29	37.75	37.01	36.83	36.36	36.06	36.01	36.40	36.88	37.20	37.45	37.59	37.73	37.89	37.96	37.97	37.91	37.80	37.68	37.53	37.36	37.20	37.04	36.91	36.70	35.16	35.81	36.16	36.20	36.15	36.09	35.98	35.88	35.85	35.80	35.75	35.68	35.61	35.55	35.53	35.50	35.45	35.34	35.30	35.23	35.17	35.13	35.10	35.07	34.94	33.52	




Read count (%) per base for different quality score ranges

	CDS_65_Gekko_mindorensis_Panay_R1.fq
Ranges	0-10	11-20	21-30	31-40
Base
1	0.00	0.29	0.53	99.18
2	0.00	0.03	0.22	99.75
3	0.00	0.04	0.18	99.77
4	0.00	0.24	0.57	99.19
5	0.00	0.09	0.34	99.56
6	0.00	0.08	0.27	99.65
7	0.00	0.09	0.28	99.63
8	0.00	0.11	0.31	99.58
9	0.00	0.13	0.33	99.54
10	0.00	0.17	0.43	99.40
11	0.01	0.15	0.38	99.46
12	0.01	0.19	0.47	99.33
13	0.01	0.20	0.53	99.26
14	0.01	0.23	0.50	99.26
15	0.01	0.20	0.47	99.32
16	0.01	0.22	0.56	99.21
17	0.01	0.18	0.44	99.37
18	0.02	0.22	0.62	99.14
19	0.03	0.21	0.52	99.24
20	0.07	0.29	0.61	99.03
21	0.10	0.27	0.53	99.10
22	0.12	0.32	0.59	98.97
23	0.13	0.31	0.64	98.92
24	0.14	0.28	0.61	98.97
25	0.16	0.27	0.60	98.97
26	0.21	0.31	0.80	98.68
27	0.21	0.28	0.73	98.78
28	0.20	0.26	0.62	98.93
29	0.25	0.26	0.68	98.81
30	0.26	0.32	0.83	98.59
31	0.23	0.27	0.70	98.81
32	0.25	0.28	0.70	98.78
33	0.27	0.31	0.78	98.64
34	0.26	0.32	0.74	98.69
35	0.26	0.31	0.74	98.69
36	0.30	0.36	1.01	98.32
37	0.29	0.32	0.81	98.58
38	0.28	0.30	0.82	98.60
39	0.33	0.31	0.86	98.50
40	0.35	0.36	1.28	98.01
41	0.34	0.33	1.05	98.28
42	0.33	0.35	1.09	98.24
43	0.31	0.35	1.01	98.33
44	0.32	0.36	1.13	98.19
45	0.36	0.38	1.29	97.97
46	0.41	0.46	1.84	97.28
47	0.48	0.62	3.35	95.55
48	0.43	0.72	3.74	95.10
49	0.51	1.08	5.49	92.93
50	0.54	1.65	7.32	90.50
51	0.47	2.66	6.90	89.97
52	0.45	2.67	5.69	91.20
53	0.42	2.14	4.55	92.89
54	0.42	1.80	3.77	94.01
55	0.42	1.49	3.17	94.92
56	0.41	1.26	2.92	95.41
57	0.41	1.03	2.56	96.00
58	0.39	0.76	2.20	96.65
59	0.36	0.60	2.02	97.02
60	0.36	0.50	1.80	97.33
61	0.39	0.45	1.73	97.43
62	0.40	0.45	1.77	97.37
63	0.40	0.43	1.73	97.44
64	0.43	0.46	1.87	97.24
65	0.43	0.46	2.01	97.10
66	0.44	0.46	2.05	97.04
67	0.45	0.47	2.06	97.03
68	0.46	0.49	1.97	97.08
69	0.47	0.51	2.16	96.86
70	0.51	0.62	4.37	94.50
71	0.51	0.56	2.68	96.24
72	0.50	0.52	2.36	96.63
73	0.53	0.52	2.28	96.67
74	0.50	0.51	2.42	96.58
75	0.54	0.53	2.24	96.69
76	0.52	0.57	2.55	96.37
77	0.58	0.62	2.66	96.14
78	0.54	0.61	2.66	96.19
79	0.56	0.62	2.77	96.05
80	0.55	0.61	2.80	96.04
81	0.57	0.63	3.04	95.76
82	0.61	0.72	3.12	95.54
83	0.59	0.71	3.32	95.39
84	0.61	0.71	3.26	95.42
85	0.63	0.74	3.32	95.32
86	0.64	0.74	3.41	95.20
87	0.66	0.78	3.65	94.91
88	0.69	0.81	3.67	94.83
89	0.71	0.84	3.80	94.65
90	0.76	0.90	3.91	94.42
91	0.76	0.96	4.08	94.20
92	0.81	0.96	3.93	94.30
93	0.80	0.98	4.12	94.10
94	0.87	1.07	4.36	93.70
95	1.54	1.95	8.68	87.83




