Parameters
	Library type	Single-end
	Input file	/Volumes/wdhd/users/joaks1/projects/gekgo/data/genomes/msg/plate3/demultiplexed-raw/fastq/CDS_63_Gekko_mindorensis_Panay_R1.fq
	Primer/Adaptor library	NA
	Cut-off read length for HQ	70%
	Cut-off quality score	20
	Only statistics	On
	Number of processes	2


QC statistics
	File name	CDS_63_Gekko_mindorensis_Panay_R1.fq
	Total number of reads	1544886
	Total number of HQ reads	1535357
	Percentage of HQ reads	99.38%
	Total number of bases	146764170
	Total number of bases in HQ reads	145858915
	Total number of HQ bases in HQ reads	145087161
	Percentage of HQ bases in HQ reads	99.47%
	Number of Primer/Adaptor contaminated HQ reads	NA
	Total number of HQ filtered reads	1535357
	Percentage of HQ filtered reads	99.38%


Detailed QC statistics
	File name	CDS_63_Gekko_mindorensis_Panay_R1.fq
	Minimum read length	95
	Maximum read length	95
	Average read length	95.00
	Total number of reads	1544886
	Total number of reads with non-ATGC bases	684
	Percentage of reads with non-ATGC bases	0.04%
	Total number of bases	146764170
	Total number of HQ bases	145553773
	Percentage of HQ bases	99.18%
	Total number of non-ATGC bases	4570
	Percentage of non-ATGC bases	0.00%


Average quality score at each base position of input reads

CDS_63_Gekko_mindorensis_Panay_R1.fq
35.40	33.85	36.82	36.61	36.93	36.94	36.94	39.58	39.57	39.49	39.45	39.34	39.42	39.42	39.42	39.17	39.25	39.14	39.31	39.14	39.24	39.04	39.02	39.02	39.11	38.97	39.01	39.17	38.87	38.72	38.96	39.11	38.97	39.01	39.07	38.80	38.99	39.06	39.07	38.65	38.71	38.71	38.73	38.57	38.48	37.96	37.26	37.10	36.66	36.37	36.28	36.62	37.13	37.42	37.69	37.83	37.98	38.16	38.24	38.28	38.22	38.13	38.03	37.90	37.75	37.61	37.47	37.34	37.09	35.54	36.18	36.57	36.61	36.50	36.39	36.24	36.12	36.08	36.02	35.96	35.86	35.79	35.74	35.72	35.68	35.62	35.51	35.46	35.38	35.33	35.30	35.26	35.22	35.10	33.70	




Read count (%) per base for different quality score ranges

	CDS_63_Gekko_mindorensis_Panay_R1.fq
Ranges	0-10	11-20	21-30	31-40
Base
1	0.00	0.46	1.12	98.41
2	0.00	0.04	0.60	99.35
3	0.00	0.04	0.16	99.80
4	0.00	0.17	0.47	99.36
5	0.00	0.05	0.19	99.76
6	0.00	0.05	0.16	99.79
7	0.00	0.06	0.17	99.77
8	0.00	0.08	0.17	99.74
9	0.00	0.09	0.19	99.72
10	0.00	0.11	0.25	99.63
11	0.01	0.10	0.22	99.68
12	0.01	0.14	0.31	99.55
13	0.01	0.12	0.37	99.50
14	0.01	0.17	0.33	99.49
15	0.01	0.15	0.31	99.53
16	0.01	0.15	0.35	99.50
17	0.01	0.12	0.28	99.59
18	0.01	0.15	0.44	99.39
19	0.03	0.16	0.35	99.47
20	0.07	0.21	0.42	99.30
21	0.09	0.21	0.37	99.33
22	0.10	0.24	0.42	99.24
23	0.10	0.25	0.45	99.20
24	0.10	0.23	0.43	99.24
25	0.12	0.23	0.44	99.21
26	0.14	0.26	0.60	98.99
27	0.16	0.23	0.51	99.10
28	0.15	0.20	0.45	99.20
29	0.19	0.21	0.50	99.10
30	0.20	0.24	0.61	98.95
31	0.18	0.22	0.47	99.12
32	0.21	0.23	0.51	99.06
33	0.22	0.24	0.57	98.96
34	0.21	0.25	0.53	99.01
35	0.23	0.25	0.53	98.99
36	0.24	0.30	0.75	98.71
37	0.25	0.25	0.59	98.90
38	0.24	0.24	0.59	98.93
39	0.29	0.25	0.60	98.86
40	0.28	0.28	0.97	98.47
41	0.29	0.28	0.78	98.66
42	0.28	0.29	0.81	98.62
43	0.27	0.28	0.73	98.71
44	0.27	0.29	0.83	98.61
45	0.31	0.31	0.96	98.43
46	0.34	0.38	1.32	97.96
47	0.37	0.51	2.57	96.55
48	0.34	0.59	2.86	96.21
49	0.40	0.90	4.41	94.29
50	0.44	1.49	5.99	92.08
51	0.38	2.60	5.79	91.24
52	0.39	2.67	4.79	92.16
53	0.37	2.14	3.84	93.66
54	0.38	1.83	3.21	94.59
55	0.37	1.49	2.68	95.45
56	0.36	1.26	2.45	95.92
57	0.37	1.03	2.15	96.46
58	0.35	0.73	1.81	97.11
59	0.33	0.55	1.65	97.46
60	0.33	0.45	1.45	97.78
61	0.35	0.40	1.38	97.87
62	0.38	0.40	1.40	97.83
63	0.37	0.38	1.36	97.88
64	0.40	0.41	1.48	97.72
65	0.40	0.40	1.59	97.61
66	0.42	0.40	1.64	97.54
67	0.42	0.42	1.61	97.55
68	0.42	0.44	1.58	97.56
69	0.45	0.45	1.71	97.39
70	0.48	0.52	3.57	95.43
71	0.48	0.47	2.07	96.98
72	0.47	0.45	1.78	97.30
73	0.48	0.45	1.76	97.31
74	0.46	0.44	1.87	97.23
75	0.50	0.47	1.74	97.28
76	0.48	0.50	2.03	96.99
77	0.53	0.56	2.12	96.78
78	0.50	0.54	2.14	96.82
79	0.53	0.53	2.22	96.72
80	0.51	0.52	2.24	96.73
81	0.53	0.55	2.51	96.41
82	0.55	0.62	2.63	96.20
83	0.56	0.60	2.75	96.09
84	0.56	0.61	2.69	96.14
85	0.58	0.62	2.80	96.00
86	0.58	0.63	2.87	95.92
87	0.61	0.65	3.11	95.63
88	0.64	0.68	3.17	95.51
89	0.66	0.71	3.28	95.35
90	0.70	0.74	3.36	95.20
91	0.72	0.80	3.52	94.96
92	0.75	0.81	3.41	95.02
93	0.74	0.86	3.58	94.82
94	0.78	0.91	3.87	94.44
95	1.41	1.71	8.09	88.79




