Parameters
	Library type	Single-end
	Input file	/Volumes/wdhd/users/joaks1/projects/gekgo/data/genomes/msg/plate3/demultiplexed-raw/fastq/CDS_1231_Gekko_mindorensis_Mindoro_R1.fq
	Primer/Adaptor library	NA
	Cut-off read length for HQ	70%
	Cut-off quality score	20
	Only statistics	On
	Number of processes	2


QC statistics
	File name	CDS_1231_Gekko_mindorensis_Mindoro_R1.fq
	Total number of reads	9135
	Total number of HQ reads	9053
	Percentage of HQ reads	99.10%
	Total number of bases	867825
	Total number of bases in HQ reads	860035
	Total number of HQ bases in HQ reads	854711
	Percentage of HQ bases in HQ reads	99.38%
	Number of Primer/Adaptor contaminated HQ reads	NA
	Total number of HQ filtered reads	9053
	Percentage of HQ filtered reads	99.10%


Detailed QC statistics
	File name	CDS_1231_Gekko_mindorensis_Mindoro_R1.fq
	Minimum read length	95
	Maximum read length	95
	Average read length	95.00
	Total number of reads	9135
	Total number of reads with non-ATGC bases	4
	Percentage of reads with non-ATGC bases	0.04%
	Total number of bases	867825
	Total number of HQ bases	858334
	Percentage of HQ bases	98.91%
	Total number of non-ATGC bases	63
	Percentage of non-ATGC bases	0.01%


Average quality score at each base position of input reads

CDS_1231_Gekko_mindorensis_Mindoro_R1.fq
36.84	36.72	36.91	36.63	36.89	36.91	36.91	39.48	39.46	39.35	39.29	39.22	39.25	39.25	39.24	38.91	39.05	38.98	39.14	38.97	39.06	38.79	38.73	38.80	38.88	38.75	38.75	38.89	38.57	38.43	38.65	38.77	38.61	38.69	38.76	38.47	38.72	38.74	38.76	38.35	38.42	38.41	38.48	38.31	38.19	37.65	36.88	36.75	36.30	35.99	36.02	36.36	36.73	37.08	37.39	37.44	37.64	37.79	37.83	37.83	37.80	37.73	37.62	37.41	37.22	37.12	37.01	36.84	36.59	35.01	35.71	36.09	36.11	36.06	35.94	35.81	35.75	35.73	35.72	35.61	35.53	35.51	35.40	35.37	35.34	35.31	35.09	35.07	35.00	34.94	34.86	34.83	34.79	34.67	33.33	




Read count (%) per base for different quality score ranges

	CDS_1231_Gekko_mindorensis_Mindoro_R1.fq
Ranges	0-10	11-20	21-30	31-40
Base
1	0.00	0.24	0.41	99.35
2	0.00	0.01	0.04	99.95
3	0.00	0.04	0.16	99.79
4	0.00	0.30	0.60	99.10
5	0.00	0.03	0.38	99.58
6	0.00	0.01	0.33	99.66
7	0.00	0.04	0.30	99.66
8	0.00	0.10	0.32	99.58
9	0.00	0.14	0.33	99.53
10	0.01	0.21	0.44	99.34
11	0.02	0.13	0.39	99.45
12	0.00	0.21	0.42	99.38
13	0.02	0.22	0.56	99.20
14	0.00	0.18	0.42	99.41
15	0.01	0.16	0.45	99.38
16	0.02	0.27	0.58	99.12
17	0.03	0.18	0.53	99.27
18	0.02	0.23	0.69	99.06
19	0.02	0.21	0.53	99.24
20	0.09	0.28	0.67	98.96
21	0.09	0.33	0.59	98.99
22	0.11	0.38	0.71	98.80
23	0.26	0.44	0.74	98.56
24	0.21	0.34	0.63	98.82
25	0.23	0.33	0.51	98.93
26	0.21	0.36	0.88	98.56
27	0.36	0.33	0.96	98.35
28	0.35	0.20	0.82	98.63
29	0.34	0.42	0.73	98.51
30	0.36	0.36	0.85	98.42
31	0.36	0.39	0.72	98.52
32	0.35	0.46	0.71	98.48
33	0.41	0.48	0.92	98.19
34	0.34	0.42	0.80	98.45
35	0.43	0.46	0.84	98.27
36	0.54	0.42	1.15	97.90
37	0.39	0.41	0.78	98.42
38	0.60	0.39	0.72	98.28
39	0.55	0.37	0.81	98.27
40	0.39	0.49	1.47	97.65
41	0.56	0.27	1.20	97.96
42	0.51	0.39	1.01	98.08
43	0.44	0.33	0.91	98.33
44	0.41	0.43	1.04	98.13
45	0.45	0.53	1.31	97.71
46	0.45	0.59	1.96	97.00
47	0.46	0.65	4.05	94.84
48	0.49	0.77	3.78	94.96
49	0.68	1.11	5.07	93.15
50	0.71	1.69	7.09	90.51
51	0.69	2.54	6.72	90.05
52	0.61	2.53	5.69	91.17
53	0.49	2.21	4.92	92.38
54	0.69	1.88	3.51	93.91
55	0.58	1.53	2.98	94.91
56	0.57	1.37	3.22	94.84
57	0.50	1.09	2.62	95.79
58	0.49	1.04	2.03	96.44
59	0.61	0.65	2.06	96.68
60	0.54	0.66	1.88	96.92
61	0.69	0.43	1.61	97.27
62	0.62	0.51	1.73	97.13
63	0.58	0.51	1.85	97.06
64	0.69	0.53	2.15	96.64
65	0.72	0.45	2.22	96.61
66	0.62	0.53	2.27	96.58
67	0.67	0.50	1.87	96.96
68	0.76	0.54	2.11	96.60
69	0.66	0.48	2.41	96.45
70	0.73	0.55	4.84	93.88
71	0.66	0.69	2.62	96.04
72	0.62	0.63	2.41	96.33
73	0.71	0.57	2.34	96.38
74	0.50	0.70	2.33	96.46
75	0.81	0.59	2.35	96.25
76	0.83	0.55	2.91	95.71
77	0.74	0.72	2.74	95.80
78	0.72	0.69	2.79	95.80
79	0.70	0.72	2.66	95.92
80	0.65	0.69	3.12	95.54
81	0.59	0.78	3.31	95.33
82	0.70	0.62	3.11	95.57
83	0.83	0.65	3.33	95.19
84	0.83	0.59	3.73	94.84
85	0.78	0.79	3.46	94.98
86	0.76	0.76	3.50	94.99
87	0.73	0.82	4.47	93.98
88	0.86	0.72	4.17	94.24
89	0.79	1.00	4.33	93.88
90	0.93	0.85	4.58	93.64
91	0.94	1.18	4.59	93.29
92	0.95	1.01	4.53	93.51
93	0.92	1.20	4.79	93.08
94	0.96	1.29	5.06	92.69
95	1.52	1.98	9.67	86.83




