Parameters
	Library type	Single-end
	Input file	/Volumes/wdhd/users/joaks1/projects/gekgo/data/genomes/msg/plate3/demultiplexed-raw/fastq/CDS_754_Gekko_mindorensis_Masbate_R1.fq
	Primer/Adaptor library	NA
	Cut-off read length for HQ	70%
	Cut-off quality score	20
	Only statistics	On
	Number of processes	2


QC statistics
	File name	CDS_754_Gekko_mindorensis_Masbate_R1.fq
	Total number of reads	34474
	Total number of HQ reads	34274
	Percentage of HQ reads	99.42%
	Total number of bases	3275030
	Total number of bases in HQ reads	3256030
	Total number of HQ bases in HQ reads	3233844
	Percentage of HQ bases in HQ reads	99.32%
	Number of Primer/Adaptor contaminated HQ reads	NA
	Total number of HQ filtered reads	34274
	Percentage of HQ filtered reads	99.42%


Detailed QC statistics
	File name	CDS_754_Gekko_mindorensis_Masbate_R1.fq
	Minimum read length	95
	Maximum read length	95
	Average read length	95.00
	Total number of reads	34474
	Total number of reads with non-ATGC bases	9
	Percentage of reads with non-ATGC bases	0.03%
	Total number of bases	3275030
	Total number of HQ bases	3244379
	Percentage of HQ bases	99.06%
	Total number of non-ATGC bases	96
	Percentage of non-ATGC bases	0.00%


Average quality score at each base position of input reads

CDS_754_Gekko_mindorensis_Masbate_R1.fq
35.91	34.80	36.77	36.54	36.86	36.88	36.90	39.55	39.50	39.34	39.30	39.28	39.33	39.31	39.29	39.13	39.12	39.00	39.15	39.03	39.08	38.90	38.93	39.01	39.04	38.87	38.88	39.02	38.75	38.59	38.83	38.95	38.81	38.89	38.90	38.64	38.86	38.96	38.91	38.56	38.60	38.62	38.60	38.44	38.33	37.92	37.22	37.03	36.64	36.18	36.05	36.49	36.94	37.31	37.61	37.76	37.91	38.09	38.18	38.17	38.20	38.13	38.00	37.88	37.82	37.71	37.54	37.42	37.22	35.75	36.31	36.62	36.61	36.50	36.42	36.27	36.16	36.01	35.96	35.84	35.70	35.64	35.62	35.59	35.52	35.46	35.38	35.31	35.26	35.22	35.14	35.10	35.02	35.00	33.71	




Read count (%) per base for different quality score ranges

	CDS_754_Gekko_mindorensis_Masbate_R1.fq
Ranges	0-10	11-20	21-30	31-40
Base
1	0.00	1.32	1.21	97.46
2	0.00	0.35	0.73	98.92
3	0.00	0.25	0.33	99.42
4	0.00	0.37	0.70	98.93
5	0.00	0.14	0.48	99.39
6	0.01	0.11	0.35	99.54
7	0.00	0.12	0.32	99.56
8	0.00	0.11	0.34	99.54
9	0.01	0.17	0.33	99.49
10	0.02	0.18	0.53	99.27
11	0.01	0.19	0.40	99.40
12	0.01	0.17	0.48	99.34
13	0.00	0.19	0.53	99.28
14	0.00	0.23	0.47	99.30
15	0.00	0.23	0.44	99.32
16	0.01	0.20	0.54	99.25
17	0.02	0.22	0.44	99.32
18	0.03	0.22	0.65	99.10
19	0.01	0.26	0.56	99.17
20	0.03	0.30	0.58	99.09
21	0.03	0.30	0.51	99.16
22	0.05	0.31	0.54	99.11
23	0.07	0.28	0.56	99.10
24	0.05	0.29	0.55	99.11
25	0.08	0.28	0.62	99.02
26	0.09	0.31	0.69	98.90
27	0.16	0.28	0.69	98.86
28	0.12	0.25	0.64	98.98
29	0.13	0.23	0.65	98.99
30	0.18	0.27	0.82	98.73
31	0.17	0.27	0.59	98.96
32	0.22	0.25	0.64	98.89
33	0.26	0.31	0.72	98.71
34	0.21	0.30	0.67	98.82
35	0.22	0.31	0.70	98.77
36	0.28	0.30	1.05	98.37
37	0.27	0.27	0.68	98.78
38	0.26	0.28	0.71	98.74
39	0.28	0.30	0.76	98.66
40	0.31	0.36	1.06	98.27
41	0.30	0.34	0.99	98.37
42	0.28	0.37	1.03	98.32
43	0.29	0.36	0.91	98.44
44	0.33	0.31	1.13	98.22
45	0.35	0.36	1.13	98.16
46	0.41	0.44	1.52	97.63
47	0.39	0.57	2.81	96.23
48	0.40	0.73	3.16	95.71
49	0.43	0.96	4.40	94.21
50	0.51	1.65	6.51	91.32
51	0.49	2.95	6.18	90.38
52	0.41	2.98	4.83	91.79
53	0.48	2.35	4.00	93.17
54	0.43	2.05	3.30	94.23
55	0.40	1.59	2.85	95.16
56	0.44	1.38	2.58	95.60
57	0.45	1.11	2.40	96.04
58	0.36	0.95	2.14	96.55
59	0.39	0.67	1.97	96.97
60	0.39	0.52	2.09	97.00
61	0.38	0.46	1.68	97.48
62	0.37	0.42	1.84	97.36
63	0.43	0.46	1.84	97.26
64	0.46	0.46	1.91	97.18
65	0.47	0.44	1.83	97.25
66	0.44	0.44	1.82	97.29
67	0.47	0.44	1.92	97.17
68	0.46	0.41	1.86	97.28
69	0.52	0.55	2.00	96.93
70	0.51	0.56	3.71	95.22
71	0.50	0.56	2.43	96.51
72	0.46	0.50	2.32	96.71
73	0.46	0.50	2.39	96.65
74	0.49	0.52	2.29	96.71
75	0.51	0.44	2.31	96.74
76	0.52	0.53	2.49	96.46
77	0.50	0.54	2.69	96.28
78	0.54	0.56	2.75	96.15
79	0.56	0.46	2.88	96.11
80	0.57	0.61	2.70	96.12
81	0.66	0.68	3.04	95.62
82	0.66	0.66	3.28	95.41
83	0.67	0.61	3.18	95.54
84	0.60	0.64	3.27	95.49
85	0.69	0.72	3.30	95.30
86	0.67	0.70	3.43	95.20
87	0.72	0.79	3.46	95.02
88	0.73	0.79	3.86	94.62
89	0.72	0.79	3.84	94.65
90	0.74	0.82	3.95	94.49
91	0.80	0.89	4.17	94.14
92	0.81	0.88	4.25	94.07
93	0.84	0.95	4.24	93.97
94	0.83	1.05	4.22	93.91
95	1.40	1.68	8.56	88.36




