Parameters
	Library type	Single-end
	Input file	/Volumes/wdhd/users/joaks1/projects/gekgo/data/genomes/msg/plate3/demultiplexed-raw/fastq/CDS_1461_Gekko_mindorensis_MaestreDeCampo_R1.fq
	Primer/Adaptor library	NA
	Cut-off read length for HQ	70%
	Cut-off quality score	20
	Only statistics	On
	Number of processes	2


QC statistics
	File name	CDS_1461_Gekko_mindorensis_MaestreDeCampo_R1.fq
	Total number of reads	240625
	Total number of HQ reads	238817
	Percentage of HQ reads	99.25%
	Total number of bases	22859375
	Total number of bases in HQ reads	22687615
	Total number of HQ bases in HQ reads	22551618
	Percentage of HQ bases in HQ reads	99.40%
	Number of Primer/Adaptor contaminated HQ reads	NA
	Total number of HQ filtered reads	238817
	Percentage of HQ filtered reads	99.25%


Detailed QC statistics
	File name	CDS_1461_Gekko_mindorensis_MaestreDeCampo_R1.fq
	Minimum read length	95
	Maximum read length	95
	Average read length	95.00
	Total number of reads	240625
	Total number of reads with non-ATGC bases	108
	Percentage of reads with non-ATGC bases	0.04%
	Total number of bases	22859375
	Total number of HQ bases	22638655
	Percentage of HQ bases	99.03%
	Total number of non-ATGC bases	580
	Percentage of non-ATGC bases	0.00%


Average quality score at each base position of input reads

CDS_1461_Gekko_mindorensis_MaestreDeCampo_R1.fq
36.81	36.50	36.91	36.68	36.90	36.92	36.92	39.57	39.54	39.44	39.38	39.31	39.28	39.24	39.28	39.03	39.17	39.09	39.25	39.07	39.15	38.92	38.91	38.95	39.03	38.87	38.90	39.06	38.77	38.61	38.86	39.02	38.85	38.89	38.94	38.65	38.87	38.95	38.93	38.45	38.55	38.55	38.58	38.42	38.32	37.81	37.04	36.88	36.40	36.09	36.05	36.41	36.88	37.19	37.46	37.54	37.69	37.82	37.86	37.88	37.80	37.68	37.56	37.40	37.22	37.06	36.92	36.78	36.59	35.08	35.74	36.09	36.15	36.10	36.04	35.93	35.87	35.82	35.78	35.72	35.69	35.60	35.56	35.53	35.50	35.46	35.36	35.29	35.25	35.16	35.14	35.12	35.10	34.97	33.64	




Read count (%) per base for different quality score ranges

	CDS_1461_Gekko_mindorensis_MaestreDeCampo_R1.fq
Ranges	0-10	11-20	21-30	31-40
Base
1	0.00	0.28	0.44	99.28
2	0.00	0.02	0.17	99.81
3	0.00	0.04	0.18	99.78
4	0.00	0.21	0.54	99.25
5	0.00	0.08	0.29	99.63
6	0.00	0.07	0.23	99.70
7	0.00	0.07	0.24	99.68
8	0.00	0.09	0.26	99.65
9	0.00	0.11	0.26	99.63
10	0.00	0.13	0.34	99.52
11	0.00	0.13	0.32	99.55
12	0.01	0.15	0.38	99.46
13	0.01	0.17	0.45	99.38
14	0.01	0.20	0.41	99.38
15	0.01	0.16	0.38	99.45
16	0.01	0.17	0.45	99.37
17	0.01	0.14	0.37	99.48
18	0.01	0.17	0.55	99.27
19	0.03	0.18	0.43	99.35
20	0.10	0.25	0.50	99.15
21	0.13	0.24	0.48	99.15
22	0.16	0.30	0.49	99.04
23	0.18	0.28	0.59	98.95
24	0.16	0.25	0.54	99.04
25	0.19	0.24	0.54	99.03
26	0.23	0.27	0.76	98.74
27	0.24	0.27	0.66	98.83
28	0.21	0.24	0.56	98.99
29	0.26	0.26	0.62	98.86
30	0.27	0.29	0.75	98.68
31	0.25	0.26	0.61	98.88
32	0.26	0.27	0.61	98.86
33	0.33	0.29	0.72	98.66
34	0.29	0.31	0.67	98.74
35	0.31	0.31	0.69	98.68
36	0.34	0.39	0.96	98.31
37	0.31	0.31	0.76	98.62
38	0.30	0.30	0.76	98.64
39	0.35	0.30	0.82	98.53
40	0.35	0.36	1.32	97.98
41	0.35	0.34	1.00	98.31
42	0.33	0.35	1.07	98.25
43	0.34	0.33	0.99	98.34
44	0.34	0.37	1.07	98.22
45	0.36	0.39	1.26	97.99
46	0.42	0.44	1.71	97.44
47	0.49	0.58	3.35	95.58
48	0.42	0.70	3.76	95.12
49	0.47	1.01	5.56	92.95
50	0.55	1.58	7.36	90.52
51	0.48	2.67	6.78	90.06
52	0.47	2.59	5.67	91.27
53	0.45	2.09	4.51	92.95
54	0.43	1.78	3.76	94.02
55	0.43	1.48	3.03	95.06
56	0.45	1.27	2.94	95.34
57	0.45	1.02	2.51	96.02
58	0.45	0.78	2.08	96.69
59	0.45	0.64	1.94	96.97
60	0.42	0.51	1.71	97.36
61	0.43	0.49	1.62	97.45
62	0.43	0.49	1.69	97.40
63	0.46	0.44	1.63	97.47
64	0.47	0.48	1.74	97.31
65	0.49	0.49	1.95	97.07
66	0.52	0.50	1.91	97.07
67	0.49	0.50	1.99	97.02
68	0.56	0.52	1.90	97.03
69	0.55	0.54	2.06	96.85
70	0.56	0.67	4.29	94.48
71	0.56	0.57	2.53	96.33
72	0.59	0.53	2.20	96.68
73	0.60	0.53	2.12	96.75
74	0.54	0.57	2.23	96.66
75	0.61	0.59	2.05	96.74
76	0.63	0.61	2.36	96.39
77	0.63	0.64	2.48	96.25
78	0.59	0.66	2.60	96.15
79	0.61	0.67	2.62	96.11
80	0.63	0.66	2.70	96.01
81	0.60	0.69	2.82	95.89
82	0.67	0.71	2.97	95.65
83	0.66	0.72	3.04	95.58
84	0.69	0.69	3.09	95.52
85	0.69	0.76	3.05	95.50
86	0.71	0.76	3.18	95.34
87	0.71	0.79	3.44	95.07
88	0.79	0.87	3.47	94.86
89	0.78	0.89	3.54	94.79
90	0.87	0.98	3.72	94.42
91	0.87	1.02	3.87	94.24
92	0.90	1.02	3.63	94.45
93	0.89	1.02	3.83	94.27
94	0.93	1.12	4.13	93.82
95	1.58	1.83	7.97	88.62




