Parameters
	Library type	Single-end
	Input file	/Volumes/wdhd/users/joaks1/projects/gekgo/data/genomes/msg/plate3/demultiplexed-raw/fastq/CDS_66_Gekko_mindorensis_Panay_R1.fq
	Primer/Adaptor library	NA
	Cut-off read length for HQ	70%
	Cut-off quality score	20
	Only statistics	On
	Number of processes	2


QC statistics
	File name	CDS_66_Gekko_mindorensis_Panay_R1.fq
	Total number of reads	492286
	Total number of HQ reads	489007
	Percentage of HQ reads	99.33%
	Total number of bases	46767170
	Total number of bases in HQ reads	46455665
	Total number of HQ bases in HQ reads	46173701
	Percentage of HQ bases in HQ reads	99.39%
	Number of Primer/Adaptor contaminated HQ reads	NA
	Total number of HQ filtered reads	489007
	Percentage of HQ filtered reads	99.33%


Detailed QC statistics
	File name	CDS_66_Gekko_mindorensis_Panay_R1.fq
	Minimum read length	95
	Maximum read length	95
	Average read length	95.00
	Total number of reads	492286
	Total number of reads with non-ATGC bases	224
	Percentage of reads with non-ATGC bases	0.05%
	Total number of bases	46767170
	Total number of HQ bases	46335001
	Percentage of HQ bases	99.08%
	Total number of non-ATGC bases	1421
	Percentage of non-ATGC bases	0.00%


Average quality score at each base position of input reads

CDS_66_Gekko_mindorensis_Panay_R1.fq
36.83	36.54	36.91	36.66	36.89	36.91	36.92	39.50	39.49	39.40	39.36	39.25	39.32	39.33	39.33	39.09	39.18	39.06	39.23	39.03	39.14	38.94	38.90	38.92	38.99	38.84	38.87	39.03	38.74	38.58	38.82	38.97	38.81	38.85	38.93	38.63	38.84	38.91	38.93	38.49	38.56	38.55	38.60	38.44	38.35	37.82	37.11	36.96	36.52	36.24	36.16	36.52	37.03	37.32	37.60	37.74	37.88	38.07	38.16	38.21	38.16	38.08	37.99	37.85	37.73	37.59	37.47	37.34	37.09	35.47	36.12	36.52	36.58	36.48	36.39	36.20	36.06	36.00	35.92	35.86	35.76	35.68	35.62	35.59	35.54	35.47	35.35	35.30	35.22	35.16	35.13	35.07	35.04	34.91	33.46	




Read count (%) per base for different quality score ranges

	CDS_66_Gekko_mindorensis_Panay_R1.fq
Ranges	0-10	11-20	21-30	31-40
Base
1	0.00	0.21	0.32	99.47
2	0.00	0.03	0.13	99.84
3	0.00	0.04	0.14	99.82
4	0.00	0.21	0.50	99.29
5	0.00	0.08	0.30	99.61
6	0.00	0.07	0.24	99.69
7	0.00	0.08	0.25	99.68
8	0.00	0.10	0.27	99.63
9	0.00	0.11	0.31	99.58
10	0.01	0.15	0.39	99.46
11	0.00	0.13	0.35	99.52
12	0.01	0.17	0.46	99.36
13	0.01	0.18	0.49	99.32
14	0.01	0.21	0.46	99.32
15	0.01	0.20	0.44	99.36
16	0.01	0.21	0.53	99.26
17	0.01	0.17	0.39	99.43
18	0.01	0.19	0.59	99.21
19	0.02	0.19	0.48	99.31
20	0.07	0.28	0.56	99.09
21	0.10	0.26	0.49	99.16
22	0.11	0.30	0.54	99.05
23	0.11	0.33	0.60	98.96
24	0.11	0.28	0.58	99.03
25	0.13	0.30	0.55	99.02
26	0.16	0.34	0.75	98.75
27	0.18	0.30	0.69	98.83
28	0.17	0.27	0.59	98.97
29	0.22	0.27	0.67	98.84
30	0.23	0.31	0.78	98.68
31	0.22	0.27	0.64	98.87
32	0.25	0.26	0.66	98.83
33	0.28	0.30	0.73	98.69
34	0.26	0.31	0.71	98.72
35	0.26	0.29	0.70	98.75
36	0.30	0.35	0.97	98.38
37	0.29	0.31	0.77	98.63
38	0.27	0.29	0.77	98.67
39	0.32	0.30	0.80	98.58
40	0.33	0.35	1.20	98.11
41	0.35	0.32	0.99	98.35
42	0.33	0.34	1.03	98.31
43	0.32	0.32	0.91	98.45
44	0.33	0.35	1.01	98.32
45	0.36	0.37	1.16	98.10
46	0.42	0.46	1.55	97.57
47	0.44	0.63	2.83	96.11
48	0.42	0.71	3.07	95.80
49	0.51	1.07	4.48	93.94
50	0.51	1.65	6.08	91.76
51	0.48	2.71	5.83	90.99
52	0.46	2.71	4.88	91.95
53	0.44	2.16	3.96	93.44
54	0.42	1.86	3.40	94.31
55	0.42	1.53	2.87	95.18
56	0.44	1.31	2.65	95.60
57	0.43	1.08	2.39	96.09
58	0.40	0.78	2.06	96.76
59	0.38	0.62	1.91	97.09
60	0.38	0.50	1.73	97.40
61	0.40	0.45	1.64	97.51
62	0.41	0.45	1.69	97.46
63	0.41	0.43	1.64	97.52
64	0.43	0.46	1.78	97.32
65	0.44	0.45	1.88	97.22
66	0.46	0.45	1.91	97.18
67	0.45	0.46	1.96	97.13
68	0.46	0.49	1.88	97.17
69	0.48	0.49	2.09	96.94
70	0.51	0.60	4.12	94.77
71	0.52	0.55	2.48	96.45
72	0.52	0.52	2.19	96.77
73	0.55	0.51	2.16	96.78
74	0.52	0.50	2.27	96.71
75	0.57	0.52	2.10	96.80
76	0.54	0.58	2.36	96.52
77	0.58	0.63	2.51	96.28
78	0.56	0.59	2.51	96.33
79	0.59	0.62	2.64	96.16
80	0.57	0.57	2.72	96.15
81	0.58	0.62	2.95	95.85
82	0.62	0.68	3.03	95.67
83	0.60	0.67	3.25	95.48
84	0.62	0.69	3.16	95.54
85	0.63	0.72	3.27	95.37
86	0.66	0.70	3.41	95.23
87	0.69	0.73	3.61	94.97
88	0.69	0.77	3.66	94.88
89	0.72	0.78	3.84	94.66
90	0.77	0.85	3.94	94.44
91	0.80	0.91	4.02	94.26
92	0.82	0.93	4.01	94.24
93	0.83	0.94	4.20	94.03
94	0.84	1.01	4.45	93.69
95	1.53	1.89	9.14	87.45




