Parameters
	Library type	Single-end
	Input file	/Volumes/wdhd/users/joaks1/projects/gekgo/data/genomes/msg/plate3/demultiplexed-raw/fastq/CDSGS_40_Gekko_mindorensis_Negros_R1.fq
	Primer/Adaptor library	NA
	Cut-off read length for HQ	70%
	Cut-off quality score	20
	Only statistics	On
	Number of processes	2


QC statistics
	File name	CDSGS_40_Gekko_mindorensis_Negros_R1.fq
	Total number of reads	2468764
	Total number of HQ reads	2452236
	Percentage of HQ reads	99.33%
	Total number of bases	234532580
	Total number of bases in HQ reads	232962420
	Total number of HQ bases in HQ reads	231550186
	Percentage of HQ bases in HQ reads	99.39%
	Number of Primer/Adaptor contaminated HQ reads	NA
	Total number of HQ filtered reads	2452236
	Percentage of HQ filtered reads	99.33%


Detailed QC statistics
	File name	CDSGS_40_Gekko_mindorensis_Negros_R1.fq
	Minimum read length	95
	Maximum read length	95
	Average read length	95.00
	Total number of reads	2468764
	Total number of reads with non-ATGC bases	1104
	Percentage of reads with non-ATGC bases	0.04%
	Total number of bases	234532580
	Total number of HQ bases	232367784
	Percentage of HQ bases	99.08%
	Total number of non-ATGC bases	7298
	Percentage of non-ATGC bases	0.00%


Average quality score at each base position of input reads

CDSGS_40_Gekko_mindorensis_Negros_R1.fq
36.92	36.61	36.92	36.65	36.90	36.92	36.92	39.50	39.48	39.39	39.34	39.24	39.31	39.31	39.33	39.10	39.18	39.06	39.20	39.01	39.12	38.90	38.88	38.90	38.97	38.81	38.85	39.02	38.72	38.56	38.80	38.95	38.79	38.83	38.91	38.60	38.81	38.89	38.91	38.46	38.53	38.52	38.55	38.41	38.33	37.80	37.08	36.93	36.48	36.20	36.12	36.49	36.99	37.30	37.58	37.72	37.88	38.06	38.16	38.20	38.16	38.09	37.99	37.85	37.72	37.58	37.47	37.35	37.10	35.48	36.12	36.53	36.61	36.51	36.40	36.21	36.06	35.99	35.91	35.84	35.72	35.64	35.58	35.55	35.51	35.45	35.33	35.26	35.17	35.10	35.07	35.03	34.98	34.84	33.41	




Read count (%) per base for different quality score ranges

	CDSGS_40_Gekko_mindorensis_Negros_R1.fq
Ranges	0-10	11-20	21-30	31-40
Base
1	0.00	0.11	0.18	99.71
2	0.00	0.01	0.09	99.89
3	0.00	0.03	0.13	99.84
4	0.00	0.20	0.53	99.27
5	0.00	0.07	0.27	99.65
6	0.00	0.07	0.22	99.71
7	0.00	0.08	0.24	99.68
8	0.00	0.10	0.27	99.63
9	0.00	0.12	0.29	99.59
10	0.00	0.15	0.37	99.48
11	0.01	0.13	0.34	99.52
12	0.01	0.18	0.45	99.37
13	0.01	0.17	0.49	99.34
14	0.01	0.20	0.45	99.34
15	0.01	0.18	0.43	99.38
16	0.01	0.19	0.50	99.30
17	0.01	0.16	0.38	99.44
18	0.01	0.20	0.57	99.22
19	0.04	0.21	0.47	99.28
20	0.08	0.28	0.55	99.08
21	0.11	0.27	0.49	99.13
22	0.13	0.33	0.54	99.01
23	0.13	0.33	0.60	98.94
24	0.12	0.30	0.57	99.01
25	0.16	0.30	0.56	98.99
26	0.18	0.35	0.78	98.69
27	0.18	0.31	0.71	98.81
28	0.17	0.27	0.61	98.96
29	0.21	0.29	0.66	98.85
30	0.25	0.32	0.77	98.66
31	0.22	0.28	0.65	98.85
32	0.23	0.28	0.66	98.83
33	0.27	0.29	0.73	98.71
34	0.25	0.31	0.69	98.74
35	0.26	0.30	0.70	98.74
36	0.30	0.35	0.97	98.38
37	0.30	0.31	0.76	98.64
38	0.28	0.30	0.75	98.67
39	0.32	0.31	0.80	98.58
40	0.33	0.36	1.21	98.10
41	0.33	0.33	0.98	98.37
42	0.31	0.36	1.03	98.30
43	0.30	0.34	0.94	98.42
44	0.31	0.35	1.02	98.32
45	0.33	0.38	1.15	98.15
46	0.40	0.45	1.59	97.57
47	0.45	0.62	2.86	96.07
48	0.41	0.74	3.14	95.71
49	0.47	1.09	4.59	93.85
50	0.50	1.69	6.14	91.67
51	0.46	2.77	5.94	90.84
52	0.44	2.78	4.89	91.88
53	0.41	2.27	3.94	93.38
54	0.41	1.90	3.39	94.30
55	0.39	1.56	2.90	95.15
56	0.40	1.33	2.71	95.56
57	0.39	1.07	2.41	96.13
58	0.38	0.79	2.07	96.76
59	0.37	0.60	1.92	97.11
60	0.35	0.51	1.73	97.41
61	0.38	0.46	1.67	97.49
62	0.38	0.46	1.72	97.44
63	0.39	0.43	1.66	97.52
64	0.43	0.46	1.80	97.31
65	0.44	0.46	1.92	97.18
66	0.45	0.45	1.98	97.12
67	0.45	0.45	1.98	97.13
68	0.47	0.48	1.86	97.19
69	0.46	0.50	2.08	96.96
70	0.51	0.60	4.11	94.78
71	0.52	0.53	2.52	96.43
72	0.49	0.50	2.22	96.78
73	0.51	0.50	2.13	96.86
74	0.48	0.50	2.27	96.76
75	0.53	0.52	2.15	96.81
76	0.52	0.57	2.41	96.50
77	0.57	0.63	2.57	96.23
78	0.53	0.60	2.61	96.25
79	0.56	0.61	2.70	96.13
80	0.54	0.61	2.76	96.09
81	0.56	0.64	3.03	95.78
82	0.61	0.69	3.13	95.58
83	0.61	0.69	3.28	95.42
84	0.62	0.69	3.26	95.43
85	0.64	0.69	3.31	95.37
86	0.63	0.71	3.48	95.19
87	0.64	0.73	3.72	94.90
88	0.70	0.76	3.77	94.77
89	0.72	0.82	3.97	94.49
90	0.77	0.89	4.11	94.24
91	0.79	0.92	4.25	94.04
92	0.81	0.94	4.12	94.13
93	0.83	0.98	4.30	93.89
94	0.86	1.05	4.68	93.41
95	1.57	1.89	9.36	87.17




