Parameters
	Library type	Single-end
	Input file	/Volumes/wdhd/users/joaks1/projects/gekgo/data/genomes/msg/plate3/demultiplexed-raw/fastq/CDSGS_41_Gekko_mindorensis_Negros_R1.fq
	Primer/Adaptor library	NA
	Cut-off read length for HQ	70%
	Cut-off quality score	20
	Only statistics	On
	Number of processes	2


QC statistics
	File name	CDSGS_41_Gekko_mindorensis_Negros_R1.fq
	Total number of reads	48710
	Total number of HQ reads	48345
	Percentage of HQ reads	99.25%
	Total number of bases	4627450
	Total number of bases in HQ reads	4592775
	Total number of HQ bases in HQ reads	4562800
	Percentage of HQ bases in HQ reads	99.35%
	Number of Primer/Adaptor contaminated HQ reads	NA
	Total number of HQ filtered reads	48345
	Percentage of HQ filtered reads	99.25%


Detailed QC statistics
	File name	CDSGS_41_Gekko_mindorensis_Negros_R1.fq
	Minimum read length	95
	Maximum read length	95
	Average read length	95.00
	Total number of reads	48710
	Total number of reads with non-ATGC bases	19
	Percentage of reads with non-ATGC bases	0.04%
	Total number of bases	4627450
	Total number of HQ bases	4580967
	Percentage of HQ bases	99.00%
	Total number of non-ATGC bases	104
	Percentage of non-ATGC bases	0.00%


Average quality score at each base position of input reads

CDSGS_41_Gekko_mindorensis_Negros_R1.fq
36.80	36.59	36.89	36.60	36.87	36.90	36.90	39.51	39.47	39.35	39.31	39.24	39.24	39.23	39.23	38.97	39.08	39.00	39.15	38.97	39.06	38.81	38.80	38.82	38.90	38.73	38.76	38.94	38.63	38.45	38.70	38.87	38.71	38.74	38.81	38.51	38.72	38.81	38.79	38.34	38.43	38.39	38.47	38.33	38.21	37.69	36.93	36.75	36.36	36.04	35.98	36.35	36.83	37.14	37.39	37.48	37.66	37.80	37.84	37.85	37.78	37.68	37.60	37.43	37.25	37.11	36.96	36.83	36.64	35.07	35.70	36.07	36.11	36.06	36.00	35.86	35.80	35.74	35.67	35.60	35.54	35.46	35.42	35.37	35.34	35.28	35.21	35.10	35.05	34.99	34.93	34.92	34.89	34.74	33.36	




Read count (%) per base for different quality score ranges

	CDSGS_41_Gekko_mindorensis_Negros_R1.fq
Ranges	0-10	11-20	21-30	31-40
Base
1	0.00	0.33	0.42	99.25
2	0.00	0.04	0.20	99.76
3	0.00	0.07	0.23	99.70
4	0.00	0.31	0.72	98.97
5	0.00	0.12	0.37	99.51
6	0.00	0.09	0.29	99.62
7	0.00	0.08	0.28	99.64
8	0.00	0.10	0.27	99.63
9	0.00	0.11	0.33	99.55
10	0.01	0.18	0.44	99.37
11	0.00	0.13	0.36	99.51
12	0.00	0.18	0.42	99.40
13	0.01	0.21	0.50	99.28
14	0.01	0.18	0.57	99.23
15	0.01	0.17	0.51	99.30
16	0.01	0.20	0.57	99.22
17	0.02	0.16	0.44	99.38
18	0.02	0.22	0.56	99.20
19	0.04	0.20	0.50	99.25
20	0.08	0.25	0.60	99.07
21	0.15	0.25	0.54	99.06
22	0.17	0.33	0.58	98.92
23	0.16	0.34	0.77	98.72
24	0.15	0.30	0.72	98.84
25	0.22	0.28	0.63	98.87
26	0.26	0.38	0.87	98.49
27	0.26	0.27	0.86	98.60
28	0.21	0.28	0.71	98.80
29	0.28	0.30	0.73	98.70
30	0.30	0.33	0.89	98.48
31	0.26	0.26	0.84	98.65
32	0.23	0.32	0.85	98.60
33	0.28	0.26	0.87	98.59
34	0.31	0.30	0.79	98.60
35	0.32	0.30	0.85	98.53
36	0.32	0.39	1.13	98.17
37	0.33	0.37	0.92	98.39
38	0.35	0.27	0.94	98.44
39	0.38	0.39	0.96	98.28
40	0.33	0.41	1.54	97.72
41	0.39	0.34	1.17	98.10
42	0.36	0.44	1.25	97.96
43	0.31	0.37	1.12	98.20
44	0.27	0.40	1.23	98.10
45	0.37	0.40	1.38	97.85
46	0.44	0.53	1.90	97.13
47	0.50	0.67	3.61	95.23
48	0.50	0.80	4.01	94.70
49	0.50	1.12	5.53	92.85
50	0.58	1.66	7.14	90.61
51	0.51	2.70	6.83	89.96
52	0.49	2.56	5.83	91.12
53	0.42	2.22	4.41	92.95
54	0.46	1.74	3.79	94.01
55	0.42	1.39	3.33	94.85
56	0.44	1.20	3.19	95.18
57	0.42	1.01	2.62	95.95
58	0.41	0.78	2.32	96.50
59	0.36	0.68	2.19	96.77
60	0.38	0.58	1.96	97.08
61	0.43	0.50	1.99	97.08
62	0.37	0.52	2.09	97.02
63	0.37	0.48	1.94	97.22
64	0.47	0.49	1.96	97.07
65	0.47	0.50	2.28	96.75
66	0.47	0.55	2.22	96.76
67	0.51	0.51	2.24	96.74
68	0.52	0.55	2.08	96.86
69	0.50	0.57	2.36	96.57
70	0.53	0.69	4.70	94.08
71	0.57	0.61	3.03	95.79
72	0.54	0.58	2.69	96.19
73	0.58	0.58	2.51	96.33
74	0.62	0.53	2.60	96.25
75	0.56	0.65	2.45	96.33
76	0.59	0.63	2.81	95.97
77	0.56	0.73	2.87	95.84
78	0.61	0.65	2.98	95.76
79	0.64	0.77	2.89	95.70
80	0.60	0.73	3.13	95.53
81	0.65	0.72	3.37	95.27
82	0.69	0.85	3.32	95.14
83	0.70	0.85	3.47	94.99
84	0.75	0.79	3.55	94.91
85	0.70	0.83	3.61	94.86
86	0.75	0.86	3.70	94.69
87	0.71	0.86	3.91	94.52
88	0.75	0.95	4.16	94.13
89	0.81	0.95	4.20	94.04
90	0.90	0.93	4.38	93.80
91	0.89	1.07	4.55	93.49
92	0.93	1.04	4.41	93.61
93	0.96	1.08	4.44	93.51
94	0.97	1.17	4.93	92.93
95	1.61	2.12	9.42	86.85




