Parameters
	Library type	Single-end
	Input file	/Volumes/wdhd/users/joaks1/projects/gekgo/data/genomes/msg/plate3/demultiplexed-raw/fastq/CDSGS_39_Gekko_mindorensis_Negros_R1.fq
	Primer/Adaptor library	NA
	Cut-off read length for HQ	70%
	Cut-off quality score	20
	Only statistics	On
	Number of processes	2


QC statistics
	File name	CDSGS_39_Gekko_mindorensis_Negros_R1.fq
	Total number of reads	593209
	Total number of HQ reads	589618
	Percentage of HQ reads	99.39%
	Total number of bases	56354855
	Total number of bases in HQ reads	56013710
	Total number of HQ bases in HQ reads	55715712
	Percentage of HQ bases in HQ reads	99.47%
	Number of Primer/Adaptor contaminated HQ reads	NA
	Total number of HQ filtered reads	589618
	Percentage of HQ filtered reads	99.39%


Detailed QC statistics
	File name	CDSGS_39_Gekko_mindorensis_Negros_R1.fq
	Minimum read length	95
	Maximum read length	95
	Average read length	95.00
	Total number of reads	593209
	Total number of reads with non-ATGC bases	227
	Percentage of reads with non-ATGC bases	0.04%
	Total number of bases	56354855
	Total number of HQ bases	55893534
	Percentage of HQ bases	99.18%
	Total number of non-ATGC bases	1438
	Percentage of non-ATGC bases	0.00%


Average quality score at each base position of input reads

CDSGS_39_Gekko_mindorensis_Negros_R1.fq
36.23	35.67	36.89	36.67	36.92	36.94	36.94	39.54	39.52	39.45	39.40	39.29	39.19	39.24	39.30	39.03	39.16	39.07	39.25	39.08	39.19	38.96	38.96	38.96	39.05	38.92	38.95	39.11	38.83	38.68	38.91	39.07	38.91	38.93	38.99	38.70	38.90	38.99	38.97	38.52	38.59	38.56	38.57	38.40	38.31	37.74	36.97	36.76	36.29	36.01	36.00	36.38	36.87	37.15	37.40	37.52	37.63	37.77	37.78	37.74	37.64	37.53	37.42	37.21	37.02	36.86	36.73	36.58	36.39	34.88	35.57	35.99	36.08	36.04	36.02	35.93	35.85	35.84	35.80	35.75	35.66	35.62	35.58	35.57	35.55	35.50	35.39	35.35	35.27	35.22	35.20	35.15	35.12	34.99	33.58	




Read count (%) per base for different quality score ranges

	CDSGS_39_Gekko_mindorensis_Negros_R1.fq
Ranges	0-10	11-20	21-30	31-40
Base
1	0.05	0.26	0.70	98.99
2	0.01	0.03	0.21	99.76
3	0.00	0.03	0.14	99.82
4	0.00	0.16	0.46	99.38
5	0.00	0.05	0.20	99.75
6	0.00	0.06	0.16	99.79
7	0.00	0.06	0.17	99.77
8	0.00	0.07	0.20	99.73
9	0.00	0.09	0.21	99.70
10	0.00	0.11	0.28	99.61
11	0.00	0.10	0.24	99.66
12	0.01	0.14	0.35	99.50
13	0.01	0.13	0.40	99.47
14	0.01	0.17	0.34	99.48
15	0.01	0.14	0.33	99.52
16	0.01	0.14	0.39	99.45
17	0.02	0.12	0.29	99.58
18	0.02	0.15	0.46	99.36
19	0.04	0.15	0.38	99.44
20	0.10	0.19	0.45	99.26
21	0.11	0.20	0.39	99.30
22	0.15	0.22	0.43	99.20
23	0.15	0.22	0.49	99.14
24	0.14	0.18	0.47	99.20
25	0.18	0.19	0.45	99.17
26	0.18	0.24	0.66	98.92
27	0.19	0.21	0.58	99.02
28	0.17	0.20	0.50	99.13
29	0.21	0.21	0.56	99.03
30	0.21	0.25	0.67	98.87
31	0.20	0.22	0.54	99.04
32	0.20	0.22	0.55	99.02
33	0.23	0.24	0.62	98.91
34	0.21	0.27	0.59	98.93
35	0.23	0.25	0.63	98.88
36	0.25	0.31	0.90	98.54
37	0.25	0.27	0.67	98.81
38	0.23	0.25	0.67	98.85
39	0.29	0.27	0.75	98.69
40	0.28	0.31	1.22	98.19
41	0.29	0.28	0.94	98.49
42	0.28	0.29	1.03	98.39
43	0.27	0.29	0.92	98.52
44	0.27	0.30	1.06	98.37
45	0.27	0.32	1.29	98.12
46	0.33	0.38	1.88	97.40
47	0.38	0.52	3.74	95.36
48	0.34	0.65	4.30	94.70
49	0.39	0.97	6.42	92.22
50	0.44	1.54	8.12	89.91
51	0.38	2.43	7.42	89.77
52	0.35	2.42	6.02	91.21
53	0.35	1.92	4.62	93.10
54	0.36	1.64	3.77	94.23
55	0.34	1.32	3.10	95.24
56	0.35	1.12	2.79	95.75
57	0.35	0.92	2.40	96.34
58	0.33	0.66	1.98	97.03
59	0.31	0.53	1.85	97.32
60	0.31	0.41	1.60	97.67
61	0.34	0.41	1.51	97.74
62	0.33	0.41	1.60	97.67
63	0.33	0.38	1.52	97.77
64	0.39	0.42	1.69	97.50
65	0.40	0.40	1.93	97.28
66	0.41	0.41	1.89	97.30
67	0.41	0.42	1.84	97.33
68	0.41	0.45	1.80	97.34
69	0.42	0.47	2.00	97.11
70	0.45	0.57	4.29	94.69
71	0.46	0.52	2.44	96.58
72	0.44	0.48	2.07	97.01
73	0.45	0.49	2.03	97.03
74	0.44	0.48	2.17	96.91
75	0.48	0.47	1.99	97.05
76	0.48	0.51	2.25	96.75
77	0.52	0.59	2.43	96.47
78	0.48	0.55	2.45	96.52
79	0.50	0.55	2.53	96.42
80	0.48	0.54	2.55	96.43
81	0.50	0.60	2.84	96.06
82	0.53	0.65	2.85	95.96
83	0.53	0.63	3.00	95.84
84	0.54	0.66	2.92	95.88
85	0.55	0.65	2.96	95.83
86	0.56	0.68	3.08	95.68
87	0.57	0.71	3.38	95.34
88	0.62	0.73	3.35	95.30
89	0.60	0.79	3.49	95.11
90	0.67	0.84	3.59	94.90
91	0.71	0.87	3.71	94.70
92	0.74	0.90	3.64	94.72
93	0.75	0.93	3.79	94.53
94	0.78	1.00	4.09	94.13
95	1.40	1.88	8.46	88.27




