Parameters
	Library type	Single-end
	Input file	/Volumes/wdhd/users/joaks1/projects/gekgo/data/genomes/msg/plate3/demultiplexed-raw/fastq/ELR_1008_Gekko_mindorensis_Mindoro_R1.fq
	Primer/Adaptor library	NA
	Cut-off read length for HQ	70%
	Cut-off quality score	20
	Only statistics	On
	Number of processes	2


QC statistics
	File name	ELR_1008_Gekko_mindorensis_Mindoro_R1.fq
	Total number of reads	125872
	Total number of HQ reads	124953
	Percentage of HQ reads	99.27%
	Total number of bases	11957840
	Total number of bases in HQ reads	11870535
	Total number of HQ bases in HQ reads	11797960
	Percentage of HQ bases in HQ reads	99.39%
	Number of Primer/Adaptor contaminated HQ reads	NA
	Total number of HQ filtered reads	124953
	Percentage of HQ filtered reads	99.27%


Detailed QC statistics
	File name	ELR_1008_Gekko_mindorensis_Mindoro_R1.fq
	Minimum read length	95
	Maximum read length	95
	Average read length	95.00
	Total number of reads	125872
	Total number of reads with non-ATGC bases	67
	Percentage of reads with non-ATGC bases	0.05%
	Total number of bases	11957840
	Total number of HQ bases	11843121
	Percentage of HQ bases	99.04%
	Total number of non-ATGC bases	452
	Percentage of non-ATGC bases	0.00%


Average quality score at each base position of input reads

ELR_1008_Gekko_mindorensis_Mindoro_R1.fq
36.82	35.95	36.88	36.64	36.89	36.91	36.91	39.53	39.51	39.41	39.35	39.25	39.32	39.33	39.33	39.09	39.17	39.05	39.21	39.04	39.12	38.91	38.88	38.89	38.99	38.83	38.87	39.03	38.72	38.56	38.81	38.96	38.81	38.84	38.90	38.62	38.83	38.92	38.90	38.48	38.55	38.54	38.57	38.40	38.33	37.81	37.08	36.93	36.48	36.16	36.15	36.51	37.00	37.28	37.56	37.69	37.80	38.01	38.10	38.16	38.07	38.00	37.92	37.77	37.62	37.49	37.34	37.22	37.00	35.36	36.05	36.45	36.50	36.40	36.28	36.15	36.02	35.95	35.87	35.81	35.70	35.63	35.59	35.56	35.53	35.45	35.36	35.29	35.23	35.14	35.11	35.06	35.06	34.92	33.51	




Read count (%) per base for different quality score ranges

	ELR_1008_Gekko_mindorensis_Mindoro_R1.fq
Ranges	0-10	11-20	21-30	31-40
Base
1	0.00	0.29	0.41	99.30
2	0.00	0.03	0.25	99.72
3	0.00	0.06	0.21	99.73
4	0.00	0.26	0.57	99.17
5	0.00	0.10	0.31	99.59
6	0.00	0.09	0.24	99.67
7	0.00	0.08	0.26	99.66
8	0.00	0.10	0.28	99.62
9	0.00	0.11	0.28	99.61
10	0.00	0.13	0.36	99.50
11	0.01	0.14	0.34	99.52
12	0.01	0.18	0.43	99.39
13	0.01	0.17	0.48	99.34
14	0.01	0.21	0.46	99.32
15	0.01	0.21	0.41	99.37
16	0.00	0.19	0.53	99.28
17	0.00	0.15	0.42	99.42
18	0.02	0.18	0.56	99.24
19	0.04	0.20	0.48	99.28
20	0.08	0.28	0.60	99.05
21	0.13	0.27	0.55	99.05
22	0.15	0.31	0.58	98.96
23	0.15	0.34	0.65	98.86
24	0.14	0.30	0.60	98.96
25	0.19	0.28	0.56	98.98
26	0.20	0.32	0.74	98.73
27	0.21	0.30	0.66	98.83
28	0.20	0.25	0.62	98.93
29	0.25	0.27	0.69	98.80
30	0.29	0.33	0.83	98.55
31	0.27	0.29	0.71	98.73
32	0.25	0.31	0.70	98.74
33	0.28	0.32	0.72	98.68
34	0.28	0.30	0.73	98.69
35	0.31	0.32	0.74	98.63
36	0.31	0.36	0.99	98.34
37	0.30	0.31	0.78	98.61
38	0.31	0.27	0.73	98.69
39	0.38	0.31	0.81	98.49
40	0.33	0.35	1.20	98.13
41	0.40	0.32	0.98	98.30
42	0.32	0.36	1.04	98.29
43	0.34	0.33	0.97	98.37
44	0.33	0.34	1.11	98.21
45	0.37	0.38	1.24	98.01
46	0.41	0.44	1.65	97.49
47	0.50	0.62	3.02	95.86
48	0.43	0.72	3.31	95.53
49	0.50	1.04	4.81	93.65
50	0.56	1.67	6.42	91.35
51	0.46	2.72	6.11	90.71
52	0.49	2.71	5.05	91.75
53	0.38	2.27	4.08	93.27
54	0.41	1.90	3.50	94.19
55	0.43	1.55	2.95	95.07
56	0.45	1.29	2.77	95.49
57	0.46	1.09	2.53	95.93
58	0.36	0.76	2.23	96.66
59	0.39	0.60	1.92	97.10
60	0.36	0.47	1.72	97.45
61	0.46	0.47	1.64	97.44
62	0.42	0.43	1.76	97.39
63	0.39	0.45	1.68	97.48
64	0.47	0.48	1.81	97.24
65	0.47	0.46	2.04	97.03
66	0.53	0.42	1.99	97.05
67	0.49	0.50	2.01	97.00
68	0.61	0.49	1.82	97.08
69	0.50	0.55	2.13	96.82
70	0.58	0.65	4.24	94.54
71	0.57	0.56	2.49	96.38
72	0.53	0.55	2.21	96.71
73	0.60	0.54	2.07	96.80
74	0.49	0.56	2.31	96.63
75	0.58	0.55	2.05	96.81
76	0.53	0.60	2.36	96.51
77	0.61	0.64	2.41	96.34
78	0.53	0.65	2.63	96.19
79	0.63	0.64	2.64	96.09
80	0.60	0.61	2.66	96.12
81	0.61	0.69	2.94	95.76
82	0.64	0.73	3.04	95.58
83	0.65	0.70	3.19	95.47
84	0.65	0.73	3.10	95.52
85	0.64	0.72	3.30	95.34
86	0.72	0.78	3.29	95.20
87	0.65	0.78	3.61	94.97
88	0.70	0.80	3.66	94.84
89	0.71	0.86	3.89	94.55
90	0.83	0.89	3.97	94.30
91	0.85	0.98	4.06	94.10
92	0.90	0.94	3.95	94.21
93	0.81	0.99	4.13	94.07
94	0.94	1.02	4.35	93.69
95	1.57	1.89	8.67	87.86




