Parameters
	Library type	Single-end
	Input file	/Volumes/wdhd/users/joaks1/projects/gekgo/data/genomes/msg/plate3/demultiplexed-raw/fastq/ELR_1009_Gekko_mindorensis_Mindoro_R1.fq
	Primer/Adaptor library	NA
	Cut-off read length for HQ	70%
	Cut-off quality score	20
	Only statistics	On
	Number of processes	2


QC statistics
	File name	ELR_1009_Gekko_mindorensis_Mindoro_R1.fq
	Total number of reads	17072
	Total number of HQ reads	16931
	Percentage of HQ reads	99.17%
	Total number of bases	1621840
	Total number of bases in HQ reads	1608445
	Total number of HQ bases in HQ reads	1597701
	Percentage of HQ bases in HQ reads	99.33%
	Number of Primer/Adaptor contaminated HQ reads	NA
	Total number of HQ filtered reads	16931
	Percentage of HQ filtered reads	99.17%


Detailed QC statistics
	File name	ELR_1009_Gekko_mindorensis_Mindoro_R1.fq
	Minimum read length	95
	Maximum read length	95
	Average read length	95.00
	Total number of reads	17072
	Total number of reads with non-ATGC bases	9
	Percentage of reads with non-ATGC bases	0.05%
	Total number of bases	1621840
	Total number of HQ bases	1604602
	Percentage of HQ bases	98.94%
	Total number of non-ATGC bases	59
	Percentage of non-ATGC bases	0.00%


Average quality score at each base position of input reads

ELR_1009_Gekko_mindorensis_Mindoro_R1.fq
36.79	36.57	36.89	36.61	36.87	36.90	36.89	39.47	39.44	39.34	39.27	39.20	39.11	39.14	39.16	38.94	39.05	38.95	39.10	38.91	38.99	38.78	38.80	38.81	38.88	38.70	38.73	38.91	38.59	38.48	38.69	38.87	38.70	38.73	38.80	38.51	38.74	38.79	38.76	38.27	38.36	38.37	38.38	38.19	38.06	37.55	36.78	36.62	36.21	35.88	35.89	36.30	36.70	37.02	37.28	37.36	37.50	37.66	37.71	37.72	37.59	37.48	37.35	37.15	36.96	36.80	36.68	36.56	36.40	34.83	35.49	35.88	35.94	35.90	35.84	35.74	35.67	35.65	35.59	35.57	35.46	35.40	35.40	35.32	35.29	35.29	35.17	35.09	34.98	34.88	34.88	34.86	34.86	34.72	33.38	




Read count (%) per base for different quality score ranges

	ELR_1009_Gekko_mindorensis_Mindoro_R1.fq
Ranges	0-10	11-20	21-30	31-40
Base
1	0.03	0.18	0.42	99.37
2	0.00	0.04	0.17	99.79
3	0.00	0.06	0.21	99.73
4	0.00	0.30	0.70	99.00
5	0.01	0.09	0.34	99.56
6	0.00	0.11	0.25	99.64
7	0.01	0.13	0.29	99.57
8	0.01	0.13	0.30	99.55
9	0.01	0.15	0.39	99.46
10	0.01	0.17	0.50	99.33
11	0.01	0.18	0.42	99.40
12	0.01	0.22	0.55	99.22
13	0.00	0.25	0.58	99.17
14	0.02	0.16	0.64	99.18
15	0.01	0.20	0.47	99.32
16	0.00	0.25	0.54	99.22
17	0.01	0.22	0.56	99.20
18	0.04	0.28	0.63	99.06
19	0.06	0.29	0.62	99.04
20	0.15	0.37	0.69	98.79
21	0.17	0.37	0.62	98.84
22	0.21	0.35	0.67	98.76
23	0.20	0.35	0.90	98.56
24	0.25	0.29	0.74	98.71
25	0.24	0.38	0.72	98.66
26	0.31	0.43	1.04	98.21
27	0.32	0.42	0.93	98.34
28	0.30	0.31	0.77	98.61
29	0.37	0.35	0.83	98.45
30	0.35	0.36	0.92	98.38
31	0.30	0.36	0.73	98.61
32	0.33	0.29	0.76	98.61
33	0.33	0.33	1.03	98.31
34	0.35	0.35	0.78	98.52
35	0.34	0.35	0.91	98.41
36	0.31	0.51	1.11	98.07
37	0.38	0.28	0.98	98.36
38	0.36	0.40	0.82	98.41
39	0.47	0.38	0.95	98.20
40	0.43	0.51	1.62	97.44
41	0.41	0.42	1.45	97.73
42	0.31	0.48	1.39	97.82
43	0.36	0.48	1.24	97.92
44	0.35	0.40	1.65	97.60
45	0.36	0.49	1.80	97.35
46	0.51	0.50	2.17	96.81
47	0.40	0.73	4.29	94.58
48	0.46	0.87	4.61	94.05
49	0.43	1.05	6.55	91.96
50	0.54	1.66	8.51	89.29
51	0.51	2.64	7.77	89.08
52	0.50	2.50	5.96	91.04
53	0.44	2.04	5.15	92.37
54	0.49	1.79	3.90	93.83
55	0.53	1.38	3.49	94.60
56	0.43	1.31	3.33	94.93
57	0.45	0.97	2.86	95.72
58	0.44	0.71	2.39	96.46
59	0.39	0.60	2.30	96.70
60	0.41	0.52	1.95	97.12
61	0.43	0.50	1.91	97.15
62	0.49	0.53	1.80	97.19
63	0.49	0.49	2.01	97.01
64	0.54	0.62	2.07	96.77
65	0.59	0.50	2.64	96.27
66	0.49	0.57	2.79	96.16
67	0.55	0.57	2.38	96.49
68	0.61	0.59	2.28	96.53
69	0.48	0.62	2.61	96.29
70	0.59	0.69	4.89	93.84
71	0.63	0.69	2.88	95.81
72	0.60	0.55	2.74	96.12
73	0.66	0.59	2.53	96.23
74	0.64	0.59	2.68	96.09
75	0.66	0.63	2.64	96.06
76	0.67	0.67	2.81	95.85
77	0.70	0.73	2.96	95.61
78	0.56	0.69	3.08	95.67
79	0.73	0.79	2.94	95.54
80	0.62	0.66	3.20	95.51
81	0.65	0.71	3.72	94.92
82	0.73	0.70	3.56	95.01
83	0.67	0.76	3.62	94.94
84	0.87	0.73	3.56	94.85
85	0.80	0.89	3.61	94.69
86	0.76	0.88	3.57	94.79
87	0.80	0.85	3.92	94.43
88	0.84	0.94	4.19	94.03
89	0.86	0.94	4.54	93.66
90	0.97	1.13	4.70	93.19
91	0.97	1.11	4.75	93.17
92	1.05	1.09	4.37	93.49
93	0.96	1.19	4.43	93.42
94	1.01	1.29	5.02	92.68
95	1.55	2.14	9.48	86.83




