Parameters
	Library type	Single-end
	Input file	/Volumes/wdhd/users/joaks1/projects/gekgo/data/genomes/msg/plate3/demultiplexed-raw/fastq/ELR_1007_Gekko_mindorensis_Mindoro_R1.fq
	Primer/Adaptor library	NA
	Cut-off read length for HQ	70%
	Cut-off quality score	20
	Only statistics	On
	Number of processes	2


QC statistics
	File name	ELR_1007_Gekko_mindorensis_Mindoro_R1.fq
	Total number of reads	71349
	Total number of HQ reads	70891
	Percentage of HQ reads	99.36%
	Total number of bases	6778155
	Total number of bases in HQ reads	6734645
	Total number of HQ bases in HQ reads	6694107
	Percentage of HQ bases in HQ reads	99.40%
	Number of Primer/Adaptor contaminated HQ reads	NA
	Total number of HQ filtered reads	70891
	Percentage of HQ filtered reads	99.36%


Detailed QC statistics
	File name	ELR_1007_Gekko_mindorensis_Mindoro_R1.fq
	Minimum read length	95
	Maximum read length	95
	Average read length	95.00
	Total number of reads	71349
	Total number of reads with non-ATGC bases	29
	Percentage of reads with non-ATGC bases	0.04%
	Total number of bases	6778155
	Total number of HQ bases	6716872
	Percentage of HQ bases	99.10%
	Total number of non-ATGC bases	195
	Percentage of non-ATGC bases	0.00%


Average quality score at each base position of input reads

ELR_1007_Gekko_mindorensis_Mindoro_R1.fq
36.10	36.03	36.87	36.58	36.89	36.91	36.91	39.51	39.51	39.41	39.35	39.25	39.34	39.35	39.35	39.11	39.19	39.07	39.25	39.07	39.14	38.97	38.93	38.96	39.03	38.87	38.93	39.07	38.77	38.63	38.86	39.01	38.86	38.91	38.97	38.67	38.90	38.97	38.97	38.55	38.62	38.62	38.66	38.49	38.40	37.90	37.15	37.02	36.59	36.33	36.23	36.55	37.08	37.36	37.66	37.80	37.93	38.12	38.23	38.29	38.25	38.16	38.07	37.91	37.82	37.67	37.58	37.43	37.21	35.60	36.25	36.67	36.72	36.62	36.51	36.31	36.17	36.12	36.03	35.98	35.87	35.77	35.73	35.71	35.65	35.61	35.49	35.41	35.35	35.29	35.25	35.21	35.19	35.09	33.70	




Read count (%) per base for different quality score ranges

	ELR_1007_Gekko_mindorensis_Mindoro_R1.fq
Ranges	0-10	11-20	21-30	31-40
Base
1	0.00	0.42	0.72	98.85
2	0.00	0.04	0.20	99.76
3	0.00	0.06	0.19	99.75
4	0.00	0.25	0.62	99.13
5	0.00	0.07	0.35	99.58
6	0.00	0.07	0.30	99.62
7	0.00	0.09	0.27	99.64
8	0.00	0.10	0.29	99.60
9	0.00	0.13	0.30	99.57
10	0.00	0.17	0.42	99.40
11	0.01	0.17	0.34	99.47
12	0.01	0.23	0.45	99.31
13	0.01	0.16	0.52	99.30
14	0.01	0.24	0.49	99.27
15	0.01	0.23	0.44	99.31
16	0.00	0.22	0.54	99.24
17	0.01	0.19	0.42	99.38
18	0.02	0.23	0.58	99.18
19	0.02	0.23	0.43	99.31
20	0.07	0.29	0.60	99.03
21	0.09	0.30	0.52	99.08
22	0.12	0.31	0.54	99.03
23	0.12	0.37	0.63	98.88
24	0.11	0.31	0.60	98.99
25	0.13	0.31	0.54	99.02
26	0.18	0.35	0.71	98.76
27	0.15	0.33	0.63	98.89
28	0.16	0.28	0.61	98.95
29	0.22	0.29	0.68	98.80
30	0.25	0.29	0.79	98.67
31	0.23	0.28	0.64	98.85
32	0.24	0.32	0.63	98.81
33	0.25	0.32	0.76	98.67
34	0.24	0.34	0.68	98.74
35	0.29	0.30	0.71	98.69
36	0.33	0.35	0.96	98.36
37	0.26	0.31	0.71	98.72
38	0.26	0.30	0.70	98.74
39	0.34	0.27	0.73	98.66
40	0.34	0.35	1.08	98.23
41	0.32	0.34	0.95	98.40
42	0.29	0.38	0.97	98.36
43	0.31	0.33	0.88	98.48
44	0.30	0.35	0.98	98.37
45	0.32	0.41	1.13	98.14
46	0.36	0.45	1.56	97.63
47	0.48	0.60	2.76	96.16
48	0.41	0.66	3.07	95.86
49	0.47	1.02	4.43	94.07
50	0.47	1.69	5.85	92.00
51	0.48	2.71	5.73	91.08
52	0.44	2.84	4.82	91.90
53	0.41	2.21	3.86	93.53
54	0.41	1.90	3.35	94.34
55	0.36	1.62	2.83	95.19
56	0.37	1.41	2.53	95.69
57	0.41	1.18	2.27	96.14
58	0.36	0.78	2.04	96.81
59	0.38	0.64	1.88	97.11
60	0.34	0.49	1.68	97.49
61	0.36	0.47	1.50	97.67
62	0.39	0.45	1.60	97.56
63	0.37	0.45	1.57	97.61
64	0.43	0.50	1.78	97.29
65	0.39	0.47	1.77	97.37
66	0.45	0.44	1.85	97.26
67	0.44	0.42	1.75	97.38
68	0.47	0.48	1.79	97.26
69	0.47	0.50	1.95	97.09
70	0.49	0.58	3.87	95.07
71	0.53	0.48	2.45	96.55
72	0.44	0.49	2.06	97.01
73	0.45	0.50	2.01	97.05
74	0.46	0.45	2.02	97.06
75	0.48	0.51	1.96	97.05
76	0.49	0.50	2.18	96.83
77	0.52	0.58	2.35	96.55
78	0.50	0.54	2.35	96.61
79	0.53	0.55	2.46	96.46
80	0.51	0.52	2.38	96.60
81	0.59	0.58	2.58	96.25
82	0.61	0.64	2.91	95.84
83	0.54	0.65	3.02	95.79
84	0.57	0.61	2.93	95.89
85	0.59	0.68	2.93	95.81
86	0.64	0.65	2.99	95.72
87	0.61	0.68	3.24	95.47
88	0.68	0.70	3.39	95.23
89	0.66	0.75	3.54	95.05
90	0.73	0.82	3.61	94.84
91	0.77	0.84	3.80	94.60
92	0.78	0.85	3.66	94.70
93	0.77	0.90	3.82	94.52
94	0.75	1.03	3.89	94.34
95	1.42	1.71	8.18	88.70




