Parameters
	Library type	Single-end
	Input file	/Volumes/wdhd/users/joaks1/projects/gekgo/data/genomes/msg/plate3/demultiplexed-raw/fastq/ELR_1010_Gekko_mindorensis_Mindoro_R1.fq
	Primer/Adaptor library	NA
	Cut-off read length for HQ	70%
	Cut-off quality score	20
	Only statistics	On
	Number of processes	2


QC statistics
	File name	ELR_1010_Gekko_mindorensis_Mindoro_R1.fq
	Total number of reads	183363
	Total number of HQ reads	182163
	Percentage of HQ reads	99.35%
	Total number of bases	17419485
	Total number of bases in HQ reads	17305485
	Total number of HQ bases in HQ reads	17198604
	Percentage of HQ bases in HQ reads	99.38%
	Number of Primer/Adaptor contaminated HQ reads	NA
	Total number of HQ filtered reads	182163
	Percentage of HQ filtered reads	99.35%


Detailed QC statistics
	File name	ELR_1010_Gekko_mindorensis_Mindoro_R1.fq
	Minimum read length	95
	Maximum read length	95
	Average read length	95.00
	Total number of reads	183363
	Total number of reads with non-ATGC bases	76
	Percentage of reads with non-ATGC bases	0.04%
	Total number of bases	17419485
	Total number of HQ bases	17259742
	Percentage of HQ bases	99.08%
	Total number of non-ATGC bases	478
	Percentage of non-ATGC bases	0.00%


Average quality score at each base position of input reads

ELR_1010_Gekko_mindorensis_Mindoro_R1.fq
36.81	36.44	36.91	36.64	36.89	36.91	36.91	39.49	39.48	39.39	39.34	39.22	39.32	39.32	39.33	39.11	39.19	39.07	39.23	39.04	39.15	38.93	38.91	38.92	39.00	38.85	38.88	39.04	38.74	38.58	38.82	38.98	38.82	38.86	38.95	38.65	38.87	38.94	38.94	38.50	38.56	38.57	38.60	38.44	38.36	37.84	37.11	36.98	36.53	36.25	36.18	36.51	37.03	37.30	37.61	37.78	37.90	38.09	38.19	38.23	38.19	38.10	38.02	37.88	37.76	37.63	37.51	37.38	37.15	35.51	36.18	36.59	36.65	36.55	36.44	36.24	36.13	36.06	35.96	35.89	35.79	35.71	35.65	35.60	35.57	35.52	35.40	35.32	35.25	35.20	35.17	35.11	35.09	34.98	33.54	




Read count (%) per base for different quality score ranges

	ELR_1010_Gekko_mindorensis_Mindoro_R1.fq
Ranges	0-10	11-20	21-30	31-40
Base
1	0.00	0.17	0.30	99.53
2	0.00	0.02	0.11	99.87
3	0.00	0.03	0.14	99.83
4	0.00	0.20	0.51	99.30
5	0.00	0.09	0.28	99.63
6	0.00	0.08	0.26	99.66
7	0.00	0.09	0.27	99.64
8	0.00	0.12	0.30	99.58
9	0.00	0.13	0.35	99.53
10	0.01	0.16	0.44	99.40
11	0.01	0.14	0.38	99.48
12	0.01	0.20	0.52	99.28
13	0.01	0.18	0.52	99.30
14	0.01	0.21	0.47	99.31
15	0.01	0.20	0.47	99.32
16	0.01	0.21	0.51	99.28
17	0.01	0.16	0.43	99.41
18	0.01	0.20	0.61	99.18
19	0.03	0.22	0.47	99.28
20	0.08	0.29	0.61	99.03
21	0.09	0.26	0.52	99.13
22	0.10	0.34	0.60	98.96
23	0.13	0.34	0.62	98.91
24	0.11	0.31	0.62	98.97
25	0.12	0.30	0.57	99.00
26	0.17	0.33	0.77	98.73
27	0.18	0.31	0.69	98.81
28	0.17	0.25	0.66	98.92
29	0.21	0.29	0.70	98.80
30	0.25	0.35	0.78	98.62
31	0.23	0.30	0.67	98.80
32	0.24	0.30	0.70	98.77
33	0.25	0.31	0.77	98.67
34	0.24	0.32	0.76	98.67
35	0.25	0.29	0.71	98.75
36	0.31	0.32	0.96	98.40
37	0.27	0.31	0.77	98.66
38	0.27	0.29	0.78	98.67
39	0.33	0.29	0.82	98.56
40	0.33	0.35	1.21	98.11
41	0.33	0.34	0.99	98.34
42	0.30	0.35	1.04	98.31
43	0.30	0.34	0.97	98.39
44	0.31	0.32	1.07	98.30
45	0.33	0.36	1.17	98.15
46	0.38	0.44	1.54	97.65
47	0.45	0.61	2.79	96.14
48	0.41	0.70	3.12	95.77
49	0.47	1.08	4.56	93.89
50	0.51	1.65	6.11	91.73
51	0.45	2.72	5.90	90.92
52	0.43	2.78	5.04	91.75
53	0.38	2.21	4.13	93.28
54	0.41	1.95	3.49	94.15
55	0.37	1.58	2.97	95.07
56	0.38	1.29	2.63	95.70
57	0.39	1.08	2.44	96.09
58	0.34	0.78	2.08	96.81
59	0.34	0.60	1.91	97.15
60	0.36	0.51	1.70	97.43
61	0.36	0.45	1.63	97.56
62	0.37	0.43	1.71	97.49
63	0.39	0.43	1.62	97.56
64	0.44	0.47	1.82	97.28
65	0.40	0.46	1.90	97.23
66	0.43	0.45	1.93	97.19
67	0.46	0.45	1.98	97.11
68	0.49	0.50	1.85	97.15
69	0.46	0.48	2.10	96.97
70	0.50	0.61	4.09	94.80
71	0.50	0.56	2.50	96.45
72	0.48	0.55	2.24	96.73
73	0.47	0.55	2.17	96.81
74	0.46	0.51	2.31	96.72
75	0.53	0.51	2.17	96.78
76	0.51	0.58	2.39	96.52
77	0.52	0.64	2.41	96.43
78	0.47	0.58	2.54	96.41
79	0.56	0.62	2.58	96.25
80	0.55	0.62	2.65	96.18
81	0.57	0.62	2.95	95.85
82	0.59	0.74	3.04	95.63
83	0.60	0.67	3.21	95.52
84	0.66	0.69	3.13	95.51
85	0.65	0.69	3.20	95.46
86	0.68	0.68	3.34	95.31
87	0.66	0.77	3.51	95.07
88	0.70	0.81	3.74	94.74
89	0.69	0.81	3.90	94.60
90	0.75	0.86	3.90	94.49
91	0.78	0.93	3.95	94.34
92	0.83	0.91	3.99	94.27
93	0.81	0.96	4.12	94.11
94	0.84	0.99	4.34	93.84
95	1.53	1.82	8.77	87.88




