Parameters
	Library type	Single-end
	Input file	/Volumes/wdhd/users/joaks1/projects/gekgo/data/genomes/msg/plate3/demultiplexed-raw/fastq/ELR_911_Gekko_mindorensis_Mindoro_R1.fq
	Primer/Adaptor library	NA
	Cut-off read length for HQ	70%
	Cut-off quality score	20
	Only statistics	On
	Number of processes	2


QC statistics
	File name	ELR_911_Gekko_mindorensis_Mindoro_R1.fq
	Total number of reads	18650
	Total number of HQ reads	18528
	Percentage of HQ reads	99.35%
	Total number of bases	1771750
	Total number of bases in HQ reads	1760160
	Total number of HQ bases in HQ reads	1749627
	Percentage of HQ bases in HQ reads	99.40%
	Number of Primer/Adaptor contaminated HQ reads	NA
	Total number of HQ filtered reads	18528
	Percentage of HQ filtered reads	99.35%


Detailed QC statistics
	File name	ELR_911_Gekko_mindorensis_Mindoro_R1.fq
	Minimum read length	95
	Maximum read length	95
	Average read length	95.00
	Total number of reads	18650
	Total number of reads with non-ATGC bases	11
	Percentage of reads with non-ATGC bases	0.06%
	Total number of bases	1771750
	Total number of HQ bases	1755832
	Percentage of HQ bases	99.10%
	Total number of non-ATGC bases	63
	Percentage of non-ATGC bases	0.00%


Average quality score at each base position of input reads

ELR_911_Gekko_mindorensis_Mindoro_R1.fq
36.68	36.54	36.87	36.62	36.88	36.89	36.90	39.47	39.48	39.40	39.32	39.23	39.31	39.33	39.32	39.02	39.12	39.06	39.23	39.07	39.16	38.94	38.91	38.93	39.03	38.90	38.92	39.08	38.78	38.63	38.87	39.05	38.87	38.93	38.98	38.71	38.89	38.95	38.96	38.55	38.61	38.60	38.62	38.45	38.32	37.80	37.09	36.97	36.50	36.29	36.20	36.55	37.08	37.31	37.62	37.72	37.88	38.07	38.18	38.21	38.09	38.04	37.98	37.80	37.66	37.50	37.38	37.27	37.06	35.46	36.13	36.51	36.55	36.44	36.30	36.19	36.06	36.01	35.95	35.88	35.80	35.75	35.70	35.69	35.61	35.57	35.43	35.38	35.34	35.24	35.22	35.20	35.17	35.07	33.65	




Read count (%) per base for different quality score ranges

	ELR_911_Gekko_mindorensis_Mindoro_R1.fq
Ranges	0-10	11-20	21-30	31-40
Base
1	0.00	0.39	0.49	99.12
2	0.00	0.02	0.17	99.81
3	0.00	0.08	0.26	99.66
4	0.00	0.26	0.65	99.08
5	0.00	0.09	0.42	99.50
6	0.00	0.11	0.27	99.61
7	0.00	0.09	0.25	99.66
8	0.01	0.12	0.31	99.57
9	0.01	0.12	0.35	99.53
10	0.01	0.18	0.41	99.40
11	0.02	0.18	0.39	99.42
12	0.01	0.21	0.47	99.32
13	0.01	0.20	0.60	99.20
14	0.01	0.26	0.46	99.27
15	0.01	0.25	0.46	99.28
16	0.01	0.24	0.56	99.19
17	0.03	0.19	0.44	99.35
18	0.00	0.16	0.58	99.26
19	0.04	0.18	0.57	99.21
20	0.14	0.21	0.56	99.09
21	0.16	0.21	0.52	99.12
22	0.11	0.28	0.69	98.92
23	0.16	0.30	0.68	98.86
24	0.18	0.26	0.63	98.93
25	0.10	0.33	0.59	98.98
26	0.14	0.35	0.80	98.71
27	0.17	0.26	0.80	98.77
28	0.15	0.25	0.61	98.99
29	0.28	0.20	0.69	98.83
30	0.21	0.35	0.79	98.64
31	0.24	0.29	0.62	98.85
32	0.23	0.23	0.70	98.85
33	0.21	0.34	0.78	98.66
34	0.20	0.27	0.64	98.88
35	0.29	0.23	0.62	98.86
36	0.26	0.28	0.99	98.47
37	0.29	0.27	0.78	98.66
38	0.32	0.28	0.77	98.62
39	0.35	0.23	0.84	98.58
40	0.33	0.25	1.15	98.28
41	0.31	0.28	1.07	98.34
42	0.27	0.24	1.07	98.42
43	0.32	0.29	0.84	98.55
44	0.29	0.47	1.11	98.12
45	0.42	0.40	1.27	97.91
46	0.38	0.49	1.84	97.29
47	0.46	0.54	3.08	95.92
48	0.41	0.63	3.09	95.88
49	0.46	1.10	4.65	93.79
50	0.45	1.58	6.22	91.75
51	0.44	2.62	6.08	90.86
52	0.49	2.53	5.34	91.65
53	0.43	2.10	4.03	93.44
54	0.38	2.09	3.52	94.01
55	0.44	1.57	3.01	94.99
56	0.43	1.30	2.83	95.43
57	0.41	1.05	2.37	96.17
58	0.35	0.78	2.02	96.85
59	0.34	0.51	2.03	97.11
60	0.32	0.56	1.57	97.55
61	0.41	0.48	1.67	97.44
62	0.34	0.52	1.60	97.54
63	0.34	0.50	1.58	97.58
64	0.42	0.49	1.76	97.32
65	0.43	0.40	2.15	97.01
66	0.42	0.47	2.04	97.07
67	0.39	0.51	1.99	97.10
68	0.50	0.46	1.82	97.23
69	0.40	0.45	2.13	97.02
70	0.57	0.62	3.69	95.11
71	0.48	0.54	2.23	96.76
72	0.46	0.48	2.26	96.80
73	0.50	0.48	2.02	97.00
74	0.43	0.47	2.18	96.93
75	0.59	0.47	2.00	96.94
76	0.45	0.61	2.18	96.76
77	0.56	0.72	2.43	96.29
78	0.50	0.62	2.51	96.37
79	0.51	0.70	2.43	96.36
80	0.54	0.51	2.75	96.20
81	0.47	0.72	2.78	96.03
82	0.57	0.57	2.90	95.96
83	0.59	0.69	2.80	95.91
84	0.54	0.65	2.97	95.84
85	0.51	0.58	3.39	95.52
86	0.66	0.65	3.01	95.68
87	0.63	0.75	3.40	95.22
88	0.61	0.78	3.58	95.03
89	0.67	0.67	3.65	95.01
90	0.73	0.88	3.73	94.66
91	0.82	0.88	3.71	94.60
92	0.77	0.93	3.64	94.66
93	0.75	0.93	3.78	94.54
94	0.82	0.91	4.05	94.23
95	1.57	1.70	8.11	88.62




