Parameters
	Library type	Single-end
	Input file	/Volumes/wdhd/users/joaks1/projects/gekgo/data/genomes/msg/plate3/demultiplexed-raw/fastq/LSUHC_5042_Ptychozoon_kuhli_PulauTioman_R1.fq
	Primer/Adaptor library	NA
	Cut-off read length for HQ	70%
	Cut-off quality score	20
	Only statistics	On
	Number of processes	2


QC statistics
	File name	LSUHC_5042_Ptychozoon_kuhli_PulauTioman_R1.fq
	Total number of reads	508930
	Total number of HQ reads	504132
	Percentage of HQ reads	99.06%
	Total number of bases	48348350
	Total number of bases in HQ reads	47892540
	Total number of HQ bases in HQ reads	47580183
	Percentage of HQ bases in HQ reads	99.35%
	Number of Primer/Adaptor contaminated HQ reads	NA
	Total number of HQ filtered reads	504132
	Percentage of HQ filtered reads	99.06%


Detailed QC statistics
	File name	LSUHC_5042_Ptychozoon_kuhli_PulauTioman_R1.fq
	Minimum read length	95
	Maximum read length	95
	Average read length	95.00
	Total number of reads	508930
	Total number of reads with non-ATGC bases	177
	Percentage of reads with non-ATGC bases	0.03%
	Total number of bases	48348350
	Total number of HQ bases	47821985
	Percentage of HQ bases	98.91%
	Total number of non-ATGC bases	1129
	Percentage of non-ATGC bases	0.00%


Average quality score at each base position of input reads

LSUHC_5042_Ptychozoon_kuhli_PulauTioman_R1.fq
36.90	36.57	36.91	36.60	36.90	36.92	36.92	39.56	39.51	39.36	39.26	39.29	39.26	39.22	39.20	38.98	39.06	38.94	39.13	38.92	39.02	38.81	38.80	38.87	38.96	38.77	38.79	38.95	38.62	38.43	38.66	38.84	38.69	38.76	38.80	38.49	38.70	38.79	38.81	38.33	38.40	38.37	38.43	38.30	38.15	37.68	36.87	36.73	36.26	35.92	35.85	36.10	36.60	36.91	37.20	37.36	37.56	37.68	37.77	37.78	37.70	37.62	37.49	37.37	37.21	37.04	36.86	36.74	36.57	35.05	35.63	35.95	36.01	35.95	35.87	35.76	35.65	35.62	35.52	35.45	35.38	35.29	35.23	35.17	35.11	35.09	34.98	34.92	34.84	34.78	34.70	34.67	34.61	34.53	33.17	




Read count (%) per base for different quality score ranges

	LSUHC_5042_Ptychozoon_kuhli_PulauTioman_R1.fq
Ranges	0-10	11-20	21-30	31-40
Base
1	0.00	0.14	0.21	99.65
2	0.00	0.02	0.10	99.88
3	0.00	0.04	0.15	99.81
4	0.00	0.23	0.60	99.17
5	0.00	0.08	0.27	99.65
6	0.00	0.06	0.24	99.69
7	0.00	0.07	0.22	99.71
8	0.00	0.08	0.22	99.69
9	0.00	0.11	0.28	99.60
10	0.00	0.14	0.40	99.45
11	0.01	0.15	0.39	99.45
12	0.01	0.15	0.39	99.46
13	0.01	0.17	0.48	99.35
14	0.01	0.20	0.44	99.35
15	0.01	0.18	0.45	99.36
16	0.01	0.21	0.53	99.26
17	0.01	0.18	0.46	99.35
18	0.02	0.20	0.63	99.15
19	0.02	0.17	0.42	99.39
20	0.05	0.25	0.57	99.14
21	0.06	0.21	0.47	99.25
22	0.09	0.26	0.52	99.14
23	0.10	0.26	0.57	99.07
24	0.11	0.23	0.51	99.14
25	0.13	0.24	0.53	99.10
26	0.16	0.27	0.71	98.86
27	0.18	0.26	0.66	98.89
28	0.18	0.24	0.58	99.00
29	0.23	0.24	0.66	98.88
30	0.26	0.29	0.79	98.66
31	0.22	0.26	0.67	98.84
32	0.23	0.26	0.65	98.86
33	0.28	0.32	0.77	98.63
34	0.26	0.31	0.68	98.74
35	0.26	0.31	0.73	98.70
36	0.30	0.35	0.99	98.36
37	0.28	0.30	0.78	98.64
38	0.29	0.28	0.76	98.67
39	0.30	0.30	0.82	98.57
40	0.38	0.40	1.38	97.84
41	0.36	0.39	1.17	98.08
42	0.37	0.40	1.26	97.97
43	0.35	0.37	1.05	98.23
44	0.35	0.40	1.24	98.01
45	0.37	0.39	1.44	97.80
46	0.45	0.47	1.99	97.09
47	0.50	0.70	3.65	95.15
48	0.46	0.85	4.08	94.60
49	0.53	1.18	5.57	92.71
50	0.57	1.78	7.63	90.01
51	0.59	2.95	7.03	89.44
52	0.60	2.90	5.96	90.53
53	0.58	2.31	4.78	92.32
54	0.62	1.89	4.11	93.37
55	0.59	1.54	3.45	94.42
56	0.62	1.33	3.07	94.99
57	0.58	1.09	2.59	95.75
58	0.57	0.91	2.37	96.15
59	0.57	0.71	2.04	96.68
60	0.57	0.62	1.92	96.90
61	0.58	0.55	2.03	96.84
62	0.59	0.52	1.87	97.02
63	0.58	0.56	1.96	96.91
64	0.60	0.53	1.94	96.93
65	0.63	0.54	2.03	96.80
66	0.67	0.58	2.14	96.61
67	0.69	0.57	2.26	96.48
68	0.69	0.57	2.12	96.62
69	0.68	0.59	2.42	96.31
70	0.67	0.71	4.64	93.99
71	0.69	0.66	2.87	95.78
72	0.67	0.63	2.58	96.12
73	0.67	0.60	2.51	96.22
74	0.72	0.62	2.54	96.13
75	0.71	0.62	2.68	95.99
76	0.75	0.65	2.88	95.72
77	0.74	0.70	3.04	95.53
78	0.75	0.66	2.95	95.64
79	0.77	0.74	3.16	95.33
80	0.78	0.74	3.33	95.15
81	0.81	0.77	3.38	95.04
82	0.85	0.82	3.67	94.66
83	0.83	0.85	3.81	94.51
84	0.87	0.86	3.82	94.44
85	0.90	0.93	3.87	94.30
86	0.89	0.92	3.91	94.28
87	0.90	0.98	4.26	93.86
88	0.91	1.00	4.39	93.70
89	0.92	1.07	4.62	93.39
90	0.97	1.07	4.82	93.13
91	1.03	1.18	5.05	92.75
92	1.05	1.19	4.87	92.89
93	1.10	1.19	5.13	92.58
94	1.09	1.27	5.33	92.30
95	1.77	2.25	10.19	85.79




