Parameters
	Library type	Single-end
	Input file	/Volumes/wdhd/users/joaks1/projects/gekgo/data/genomes/msg/plate3/demultiplexed-raw/fastq/LSUHC_7289_Gekko_monarchus_PulauAur_R1.fq
	Primer/Adaptor library	NA
	Cut-off read length for HQ	70%
	Cut-off quality score	20
	Only statistics	On
	Number of processes	2


QC statistics
	File name	LSUHC_7289_Gekko_monarchus_PulauAur_R1.fq
	Total number of reads	137381
	Total number of HQ reads	136069
	Percentage of HQ reads	99.04%
	Total number of bases	13051195
	Total number of bases in HQ reads	12926555
	Total number of HQ bases in HQ reads	12801809
	Percentage of HQ bases in HQ reads	99.03%
	Number of Primer/Adaptor contaminated HQ reads	NA
	Total number of HQ filtered reads	136069
	Percentage of HQ filtered reads	99.04%


Detailed QC statistics
	File name	LSUHC_7289_Gekko_monarchus_PulauAur_R1.fq
	Minimum read length	95
	Maximum read length	95
	Average read length	95.00
	Total number of reads	137381
	Total number of reads with non-ATGC bases	65
	Percentage of reads with non-ATGC bases	0.05%
	Total number of bases	13051195
	Total number of HQ bases	12867671
	Percentage of HQ bases	98.59%
	Total number of non-ATGC bases	431
	Percentage of non-ATGC bases	0.00%


Average quality score at each base position of input reads

LSUHC_7289_Gekko_monarchus_PulauAur_R1.fq
35.94	35.11	36.57	36.15	36.62	36.73	36.76	39.25	39.23	39.13	39.03	38.94	38.98	38.98	38.93	38.64	38.79	38.72	38.88	38.66	38.76	38.54	38.55	38.59	38.65	38.43	38.44	38.64	38.43	38.22	38.45	38.64	38.45	38.49	38.55	38.25	38.47	38.56	38.54	38.16	38.23	38.20	38.18	38.06	37.97	37.27	36.66	36.48	36.13	35.75	35.79	36.04	36.68	36.99	37.23	37.37	37.54	37.72	37.75	37.76	37.65	37.57	37.46	37.30	37.13	36.94	36.76	36.63	36.40	34.90	35.56	35.90	35.96	35.91	35.83	35.72	35.62	35.59	35.48	35.41	35.29	35.29	35.22	35.24	35.19	35.13	34.95	34.95	34.89	34.80	34.76	34.73	34.66	34.57	33.21	




Read count (%) per base for different quality score ranges

	LSUHC_7289_Gekko_monarchus_PulauAur_R1.fq
Ranges	0-10	11-20	21-30	31-40
Base
1	0.00	0.82	1.46	97.73
2	0.00	0.17	1.03	98.80
3	0.00	0.57	1.10	98.33
4	0.00	1.61	1.62	96.78
5	0.00	0.63	1.13	98.23
6	0.00	0.39	0.80	98.81
7	0.01	0.30	0.73	98.96
8	0.01	0.32	0.67	99.00
9	0.01	0.31	0.78	98.91
10	0.01	0.40	0.91	98.68
11	0.02	0.48	1.01	98.50
12	0.02	0.56	1.09	98.33
13	0.01	0.50	1.11	98.39
14	0.02	0.56	1.07	98.35
15	0.03	0.51	1.09	98.37
16	0.02	0.57	1.13	98.28
17	0.03	0.53	1.07	98.38
18	0.03	0.61	1.16	98.19
19	0.05	0.51	1.07	98.37
20	0.11	0.88	1.20	97.82
21	0.16	0.80	1.22	97.82
22	0.19	0.71	1.11	97.99
23	0.23	0.71	1.15	97.91
24	0.24	0.66	1.14	97.96
25	0.28	0.71	1.12	97.89
26	0.39	0.79	1.40	97.42
27	0.44	0.80	1.34	97.41
28	0.43	0.72	1.24	97.61
29	0.41	0.55	1.29	97.75
30	0.58	0.72	1.43	97.27
31	0.50	0.60	1.32	97.58
32	0.48	0.54	1.26	97.71
33	0.63	0.62	1.35	97.39
34	0.49	0.64	1.39	97.48
35	0.51	0.62	1.41	97.46
36	0.70	0.67	1.62	97.01
37	0.56	0.61	1.40	97.42
38	0.52	0.55	1.37	97.55
39	0.62	0.62	1.47	97.29
40	0.62	0.68	1.89	96.80
41	0.60	0.61	1.70	97.08
42	0.58	0.70	1.71	97.00
43	0.63	0.63	1.64	97.09
44	0.61	0.72	1.81	96.86
45	0.61	0.74	2.00	96.65
46	0.66	0.86	2.58	95.90
47	0.71	0.96	4.25	94.08
48	0.59	1.13	4.38	93.91
49	0.67	1.47	5.96	91.89
50	0.67	2.09	8.07	89.17
51	0.63	2.84	7.27	89.25
52	0.60	2.96	6.72	89.72
53	0.56	2.28	5.02	92.14
54	0.59	1.92	4.22	93.26
55	0.53	1.63	3.69	94.14
56	0.60	1.43	3.40	94.57
57	0.57	1.19	3.05	95.19
58	0.55	0.94	2.68	95.83
59	0.52	0.78	2.65	96.05
60	0.55	0.63	2.47	96.35
61	0.57	0.65	2.39	96.39
62	0.55	0.62	2.37	96.46
63	0.52	0.59	2.38	96.51
64	0.59	0.63	2.45	96.33
65	0.60	0.59	2.72	96.09
66	0.56	0.61	2.74	96.09
67	0.66	0.62	2.68	96.04
68	0.67	0.67	2.65	96.01
69	0.72	0.69	2.88	95.71
70	0.74	0.79	5.51	92.95
71	0.76	0.73	3.62	94.89
72	0.71	0.71	3.06	95.52
73	0.71	0.72	3.05	95.52
74	0.67	0.72	3.10	95.51
75	0.79	0.73	2.96	95.52
76	0.74	0.80	3.26	95.20
77	0.76	0.82	3.45	94.96
78	0.71	0.81	3.54	94.94
79	0.84	0.80	3.76	94.60
80	0.83	0.83	3.80	94.54
81	0.79	0.93	4.12	94.16
82	0.87	0.90	4.01	94.22
83	0.86	0.95	4.27	93.92
84	0.86	0.93	4.09	94.11
85	0.88	1.00	4.32	93.80
86	0.91	1.01	4.44	93.64
87	0.92	1.01	4.78	93.29
88	0.97	1.05	4.77	93.21
89	0.96	1.15	4.91	92.98
90	1.07	1.22	5.08	92.62
91	1.12	1.30	5.12	92.46
92	1.09	1.28	5.14	92.49
93	1.09	1.36	5.35	92.21
94	1.16	1.41	5.63	91.81
95	1.91	2.32	9.80	85.98




