Parameters
	Library type	Single-end
	Input file	/Volumes/wdhd/users/joaks1/projects/gekgo/data/genomes/msg/plate3/demultiplexed-raw/fastq/NOSERIES_3835_Ptychozoon_kuhli_PulauTioman_R1.fq
	Primer/Adaptor library	NA
	Cut-off read length for HQ	70%
	Cut-off quality score	20
	Only statistics	On
	Number of processes	2


QC statistics
	File name	NOSERIES_3835_Ptychozoon_kuhli_PulauTioman_R1.fq
	Total number of reads	156084
	Total number of HQ reads	154686
	Percentage of HQ reads	99.10%
	Total number of bases	14827980
	Total number of bases in HQ reads	14695170
	Total number of HQ bases in HQ reads	14598958
	Percentage of HQ bases in HQ reads	99.35%
	Number of Primer/Adaptor contaminated HQ reads	NA
	Total number of HQ filtered reads	154686
	Percentage of HQ filtered reads	99.10%


Detailed QC statistics
	File name	NOSERIES_3835_Ptychozoon_kuhli_PulauTioman_R1.fq
	Minimum read length	95
	Maximum read length	95
	Average read length	95.00
	Total number of reads	156084
	Total number of reads with non-ATGC bases	48
	Percentage of reads with non-ATGC bases	0.03%
	Total number of bases	14827980
	Total number of HQ bases	14671167
	Percentage of HQ bases	98.94%
	Total number of non-ATGC bases	343
	Percentage of non-ATGC bases	0.00%


Average quality score at each base position of input reads

NOSERIES_3835_Ptychozoon_kuhli_PulauTioman_R1.fq
35.20	34.62	36.81	36.52	36.86	36.89	36.91	39.58	39.53	39.38	39.31	39.30	39.30	39.30	39.30	39.16	39.17	39.05	39.20	39.02	39.09	38.91	38.86	38.94	39.03	38.84	38.86	39.03	38.75	38.55	38.78	38.97	38.82	38.88	38.94	38.64	38.84	38.92	38.95	38.53	38.59	38.56	38.60	38.49	38.35	37.91	37.14	37.00	36.58	36.28	36.21	36.41	36.90	37.21	37.46	37.65	37.87	37.98	38.09	38.10	38.02	37.96	37.86	37.76	37.63	37.49	37.34	37.20	37.04	35.56	36.13	36.43	36.43	36.34	36.25	36.09	35.98	35.92	35.83	35.77	35.68	35.58	35.53	35.47	35.41	35.38	35.31	35.26	35.17	35.11	35.02	35.00	34.95	34.87	33.60	




Read count (%) per base for different quality score ranges

	NOSERIES_3835_Ptychozoon_kuhli_PulauTioman_R1.fq
Ranges	0-10	11-20	21-30	31-40
Base
1	0.00	0.68	1.38	97.93
2	0.00	0.08	0.52	99.41
3	0.00	0.09	0.30	99.61
4	0.00	0.35	0.75	98.90
5	0.00	0.14	0.39	99.46
6	0.00	0.11	0.30	99.59
7	0.00	0.09	0.29	99.62
8	0.00	0.11	0.29	99.60
9	0.00	0.14	0.33	99.53
10	0.00	0.16	0.46	99.38
11	0.01	0.17	0.46	99.36
12	0.01	0.20	0.46	99.34
13	0.01	0.22	0.54	99.23
14	0.01	0.23	0.52	99.24
15	0.00	0.24	0.49	99.27
16	0.01	0.25	0.55	99.19
17	0.01	0.24	0.51	99.24
18	0.02	0.25	0.64	99.09
19	0.01	0.20	0.53	99.25
20	0.03	0.29	0.61	99.06
21	0.06	0.30	0.55	99.09
22	0.08	0.33	0.58	99.00
23	0.10	0.35	0.63	98.93
24	0.10	0.32	0.59	99.00
25	0.11	0.33	0.59	98.97
26	0.13	0.37	0.76	98.74
27	0.18	0.33	0.72	98.77
28	0.17	0.28	0.62	98.93
29	0.22	0.27	0.69	98.82
30	0.28	0.33	0.77	98.63
31	0.21	0.30	0.70	98.79
32	0.24	0.27	0.67	98.82
33	0.29	0.32	0.80	98.60
34	0.27	0.30	0.74	98.69
35	0.23	0.34	0.74	98.68
36	0.30	0.36	0.95	98.39
37	0.28	0.30	0.82	98.60
38	0.29	0.28	0.76	98.66
39	0.29	0.35	0.79	98.57
40	0.38	0.40	1.26	97.97
41	0.36	0.40	1.07	98.17
42	0.37	0.41	1.16	98.07
43	0.34	0.37	1.03	98.26
44	0.33	0.39	1.13	98.15
45	0.35	0.40	1.25	98.00
46	0.44	0.47	1.62	97.48
47	0.50	0.62	2.91	95.96
48	0.46	0.74	3.26	95.54
49	0.52	1.07	4.37	94.04
50	0.55	1.63	6.25	91.58
51	0.55	2.78	5.88	90.79
52	0.55	2.83	4.96	91.66
53	0.51	2.31	4.13	93.06
54	0.54	1.92	3.60	93.94
55	0.58	1.54	3.07	94.80
56	0.55	1.37	2.69	95.38
57	0.53	1.14	2.32	96.01
58	0.57	0.90	2.15	96.39
59	0.56	0.71	1.88	96.85
60	0.53	0.62	1.88	96.98
61	0.56	0.55	1.83	97.07
62	0.58	0.52	1.74	97.16
63	0.59	0.54	1.71	97.15
64	0.59	0.54	1.74	97.12
65	0.60	0.56	1.83	97.02
66	0.62	0.55	1.88	96.95
67	0.63	0.55	1.89	96.93
68	0.63	0.55	1.91	96.91
69	0.64	0.58	2.07	96.71
70	0.64	0.67	3.89	94.80
71	0.65	0.61	2.46	96.28
72	0.61	0.61	2.20	96.58
73	0.66	0.58	2.17	96.58
74	0.67	0.57	2.24	96.52
75	0.68	0.56	2.22	96.54
76	0.73	0.64	2.48	96.15
77	0.71	0.67	2.66	95.96
78	0.73	0.64	2.50	96.14
79	0.75	0.70	2.66	95.89
80	0.69	0.68	2.82	95.81
81	0.76	0.70	2.91	95.63
82	0.78	0.74	3.22	95.26
83	0.79	0.77	3.22	95.22
84	0.80	0.80	3.34	95.06
85	0.85	0.80	3.41	94.94
86	0.87	0.84	3.43	94.85
87	0.85	0.86	3.62	94.67
88	0.81	0.94	3.68	94.56
89	0.86	0.95	3.90	94.29
90	0.91	0.92	4.15	94.02
91	0.93	1.06	4.42	93.58
92	0.98	1.04	4.17	93.81
93	1.01	1.03	4.45	93.51
94	1.03	1.12	4.43	93.42
95	1.68	1.84	8.58	87.90




