Parameters
	Library type	Single-end
	Input file	/Volumes/wdhd/users/joaks1/projects/gekgo/data/genomes/msg/plate3/demultiplexed-raw/fastq/NOSERIES_6433_Ptychozoon_kuhli_PulauTioman_R1.fq
	Primer/Adaptor library	NA
	Cut-off read length for HQ	70%
	Cut-off quality score	20
	Only statistics	On
	Number of processes	2


QC statistics
	File name	NOSERIES_6433_Ptychozoon_kuhli_PulauTioman_R1.fq
	Total number of reads	55261
	Total number of HQ reads	54737
	Percentage of HQ reads	99.05%
	Total number of bases	5249795
	Total number of bases in HQ reads	5200015
	Total number of HQ bases in HQ reads	5166591
	Percentage of HQ bases in HQ reads	99.36%
	Number of Primer/Adaptor contaminated HQ reads	NA
	Total number of HQ filtered reads	54737
	Percentage of HQ filtered reads	99.05%


Detailed QC statistics
	File name	NOSERIES_6433_Ptychozoon_kuhli_PulauTioman_R1.fq
	Minimum read length	95
	Maximum read length	95
	Average read length	95.00
	Total number of reads	55261
	Total number of reads with non-ATGC bases	18
	Percentage of reads with non-ATGC bases	0.03%
	Total number of bases	5249795
	Total number of HQ bases	5193218
	Percentage of HQ bases	98.92%
	Total number of non-ATGC bases	47
	Percentage of non-ATGC bases	0.00%


Average quality score at each base position of input reads

NOSERIES_6433_Ptychozoon_kuhli_PulauTioman_R1.fq
36.79	36.47	36.89	36.59	36.88	36.91	36.91	39.57	39.52	39.38	39.30	39.32	39.27	39.20	39.19	39.00	39.08	38.96	39.15	38.96	39.05	38.83	38.84	38.93	39.00	38.82	38.84	39.00	38.68	38.49	38.72	38.91	38.75	38.82	38.85	38.54	38.74	38.81	38.82	38.39	38.46	38.45	38.47	38.34	38.23	37.74	36.97	36.79	36.31	35.99	35.94	36.17	36.67	36.95	37.25	37.43	37.63	37.73	37.79	37.79	37.69	37.62	37.48	37.36	37.20	37.02	36.84	36.70	36.54	35.09	35.67	35.96	36.01	35.97	35.90	35.78	35.69	35.66	35.60	35.54	35.46	35.40	35.34	35.24	35.21	35.20	35.11	35.05	34.97	34.90	34.86	34.80	34.77	34.67	33.39	




Read count (%) per base for different quality score ranges

	NOSERIES_6433_Ptychozoon_kuhli_PulauTioman_R1.fq
Ranges	0-10	11-20	21-30	31-40
Base
1	0.00	0.28	0.41	99.31
2	0.00	0.03	0.16	99.81
3	0.00	0.03	0.19	99.78
4	0.00	0.20	0.65	99.15
5	0.00	0.10	0.30	99.60
6	0.00	0.06	0.24	99.69
7	0.00	0.08	0.29	99.63
8	0.00	0.09	0.21	99.70
9	0.01	0.10	0.31	99.58
10	0.00	0.15	0.38	99.46
11	0.00	0.13	0.37	99.50
12	0.00	0.10	0.39	99.51
13	0.01	0.15	0.44	99.41
14	0.00	0.21	0.51	99.28
15	0.01	0.21	0.43	99.35
16	0.01	0.19	0.49	99.31
17	0.01	0.15	0.44	99.40
18	0.02	0.19	0.62	99.18
19	0.03	0.16	0.47	99.34
20	0.03	0.27	0.57	99.13
21	0.05	0.25	0.47	99.23
22	0.10	0.27	0.54	99.09
23	0.11	0.23	0.58	99.08
24	0.09	0.21	0.53	99.17
25	0.13	0.22	0.52	99.13
26	0.15	0.25	0.66	98.94
27	0.16	0.25	0.64	98.95
28	0.17	0.21	0.57	99.05
29	0.22	0.21	0.57	99.00
30	0.25	0.22	0.78	98.75
31	0.19	0.26	0.65	98.90
32	0.19	0.23	0.60	98.98
33	0.26	0.28	0.76	98.70
34	0.22	0.29	0.66	98.83
35	0.26	0.31	0.70	98.73
36	0.28	0.35	0.99	98.37
37	0.26	0.26	0.82	98.66
38	0.30	0.28	0.77	98.66
39	0.33	0.34	0.78	98.55
40	0.35	0.41	1.30	97.93
41	0.36	0.34	1.12	98.18
42	0.34	0.39	1.12	98.15
43	0.34	0.39	1.06	98.20
44	0.35	0.41	1.26	97.98
45	0.34	0.38	1.41	97.86
46	0.40	0.44	1.96	97.19
47	0.46	0.66	3.45	95.43
48	0.45	0.82	4.06	94.67
49	0.53	1.17	5.65	92.66
50	0.57	1.75	7.42	90.26
51	0.57	2.86	6.91	89.66
52	0.58	2.83	5.94	90.65
53	0.57	2.33	4.61	92.48
54	0.63	2.00	4.04	93.34
55	0.60	1.53	3.48	94.39
56	0.63	1.32	2.86	95.19
57	0.56	1.08	2.52	95.84
58	0.61	0.84	2.26	96.30
59	0.57	0.71	2.10	96.62
60	0.58	0.58	1.87	96.97
61	0.59	0.53	2.09	96.79
62	0.62	0.51	1.75	97.12
63	0.60	0.50	1.83	97.07
64	0.60	0.50	1.81	97.10
65	0.62	0.56	1.89	96.92
66	0.66	0.59	2.11	96.65
67	0.69	0.54	2.18	96.59
68	0.71	0.56	2.20	96.53
69	0.75	0.54	2.41	96.30
70	0.69	0.72	4.45	94.14
71	0.69	0.69	2.77	95.84
72	0.73	0.60	2.52	96.15
73	0.72	0.58	2.44	96.26
74	0.73	0.61	2.39	96.27
75	0.68	0.63	2.60	96.08
76	0.76	0.71	2.78	95.75
77	0.78	0.71	2.92	95.59
78	0.75	0.68	2.94	95.62
79	0.81	0.70	2.96	95.53
80	0.75	0.76	3.03	95.46
81	0.82	0.80	3.27	95.11
82	0.80	0.82	3.42	94.95
83	0.85	0.81	3.42	94.93
84	0.96	0.88	3.52	94.63
85	0.97	0.91	3.59	94.53
86	0.91	0.93	3.54	94.62
87	0.88	0.93	4.04	94.15
88	0.94	0.97	4.07	94.02
89	0.94	1.06	4.27	93.72
90	0.94	1.05	4.67	93.33
91	1.02	1.04	4.66	93.27
92	1.09	1.12	4.48	93.31
93	1.10	1.17	4.69	93.05
94	1.13	1.23	4.89	92.75
95	1.73	2.08	9.10	87.09




