Parameters
	Library type	Single-end
	Input file	/Volumes/wdhd/users/joaks1/projects/gekgo/data/genomes/msg/plate3/demultiplexed-raw/fastq/NOSERIES_4679_Ptychozoon_kuhli_PulauTioman_R1.fq
	Primer/Adaptor library	NA
	Cut-off read length for HQ	70%
	Cut-off quality score	20
	Only statistics	On
	Number of processes	2


QC statistics
	File name	NOSERIES_4679_Ptychozoon_kuhli_PulauTioman_R1.fq
	Total number of reads	125987
	Total number of HQ reads	124979
	Percentage of HQ reads	99.20%
	Total number of bases	11968765
	Total number of bases in HQ reads	11873005
	Total number of HQ bases in HQ reads	11800286
	Percentage of HQ bases in HQ reads	99.39%
	Number of Primer/Adaptor contaminated HQ reads	NA
	Total number of HQ filtered reads	124979
	Percentage of HQ filtered reads	99.20%


Detailed QC statistics
	File name	NOSERIES_4679_Ptychozoon_kuhli_PulauTioman_R1.fq
	Minimum read length	95
	Maximum read length	95
	Average read length	95.00
	Total number of reads	125987
	Total number of reads with non-ATGC bases	57
	Percentage of reads with non-ATGC bases	0.05%
	Total number of bases	11968765
	Total number of HQ bases	11852523
	Percentage of HQ bases	99.03%
	Total number of non-ATGC bases	359
	Percentage of non-ATGC bases	0.00%


Average quality score at each base position of input reads

NOSERIES_4679_Ptychozoon_kuhli_PulauTioman_R1.fq
36.80	36.40	36.91	36.60	36.90	36.92	36.93	39.60	39.55	39.41	39.34	39.33	39.34	39.33	39.33	39.20	39.22	39.07	39.23	39.02	39.11	38.93	38.88	38.96	39.05	38.86	38.89	39.06	38.74	38.56	38.79	38.97	38.84	38.88	38.93	38.63	38.82	38.91	38.96	38.52	38.60	38.58	38.62	38.50	38.36	37.92	37.15	37.02	36.59	36.28	36.23	36.41	36.92	37.24	37.48	37.67	37.89	38.03	38.12	38.15	38.08	38.04	37.93	37.83	37.69	37.56	37.38	37.26	37.09	35.57	36.13	36.45	36.48	36.37	36.27	36.11	35.98	35.93	35.81	35.74	35.63	35.54	35.50	35.42	35.34	35.32	35.24	35.17	35.09	35.03	34.96	34.93	34.86	34.76	33.49	




Read count (%) per base for different quality score ranges

	NOSERIES_4679_Ptychozoon_kuhli_PulauTioman_R1.fq
Ranges	0-10	11-20	21-30	31-40
Base
1	0.00	0.18	0.32	99.50
2	0.00	0.02	0.11	99.87
3	0.00	0.04	0.12	99.84
4	0.00	0.21	0.60	99.19
5	0.00	0.09	0.25	99.66
6	0.00	0.07	0.22	99.71
7	0.00	0.06	0.21	99.73
8	0.00	0.07	0.21	99.72
9	0.00	0.10	0.24	99.65
10	0.00	0.13	0.35	99.52
11	0.00	0.14	0.33	99.53
12	0.01	0.15	0.35	99.50
13	0.00	0.16	0.42	99.42
14	0.01	0.19	0.42	99.38
15	0.01	0.19	0.40	99.41
16	0.01	0.19	0.46	99.35
17	0.01	0.16	0.41	99.42
18	0.01	0.18	0.60	99.21
19	0.02	0.18	0.39	99.42
20	0.03	0.24	0.51	99.22
21	0.05	0.21	0.42	99.32
22	0.07	0.26	0.46	99.22
23	0.06	0.24	0.49	99.20
24	0.07	0.21	0.46	99.26
25	0.08	0.24	0.44	99.24
26	0.11	0.29	0.63	98.97
27	0.12	0.27	0.56	99.05
28	0.12	0.21	0.52	99.15
29	0.19	0.20	0.57	99.04
30	0.19	0.26	0.66	98.89
31	0.18	0.23	0.57	99.02
32	0.18	0.21	0.56	99.06
33	0.19	0.27	0.62	98.91
34	0.20	0.29	0.63	98.89
35	0.21	0.29	0.61	98.89
36	0.23	0.34	0.91	98.52
37	0.24	0.26	0.68	98.82
38	0.24	0.23	0.68	98.85
39	0.26	0.25	0.70	98.79
40	0.33	0.30	1.17	98.20
41	0.29	0.31	0.93	98.47
42	0.28	0.38	0.97	98.37
43	0.26	0.33	0.89	98.52
44	0.28	0.38	1.00	98.34
45	0.33	0.35	1.15	98.17
46	0.37	0.40	1.58	97.64
47	0.43	0.63	2.88	96.06
48	0.43	0.73	3.16	95.69
49	0.47	1.04	4.39	94.10
50	0.51	1.62	6.17	91.70
51	0.52	2.70	5.66	91.12
52	0.52	2.77	4.77	91.94
53	0.51	2.18	3.97	93.34
54	0.48	1.86	3.39	94.27
55	0.49	1.53	2.91	95.06
56	0.54	1.34	2.62	95.50
57	0.50	1.08	2.20	96.23
58	0.51	0.86	2.03	96.60
59	0.51	0.66	1.85	96.98
60	0.48	0.56	1.76	97.19
61	0.50	0.51	1.81	97.18
62	0.50	0.48	1.67	97.35
63	0.51	0.48	1.65	97.35
64	0.56	0.47	1.66	97.31
65	0.59	0.48	1.75	97.18
66	0.57	0.47	1.88	97.08
67	0.58	0.52	1.91	96.99
68	0.60	0.50	1.90	97.00
69	0.61	0.51	2.16	96.72
70	0.57	0.66	3.90	94.87
71	0.59	0.61	2.51	96.29
72	0.59	0.56	2.25	96.60
73	0.59	0.55	2.16	96.70
74	0.63	0.56	2.23	96.58
75	0.65	0.55	2.25	96.56
76	0.67	0.60	2.52	96.21
77	0.70	0.60	2.64	96.06
78	0.69	0.60	2.59	96.12
79	0.71	0.70	2.75	95.84
80	0.68	0.66	2.87	95.79
81	0.76	0.73	3.00	95.51
82	0.73	0.75	3.25	95.27
83	0.69	0.76	3.33	95.22
84	0.77	0.75	3.42	95.05
85	0.81	0.80	3.49	94.89
86	0.79	0.82	3.56	94.83
87	0.84	0.79	3.82	94.55
88	0.86	0.79	3.88	94.47
89	0.85	0.92	4.08	94.15
90	0.88	0.95	4.28	93.89
91	0.92	1.01	4.56	93.52
92	0.89	1.02	4.45	93.64
93	0.94	1.07	4.67	93.33
94	1.00	1.09	4.84	93.07
95	1.62	1.86	9.05	87.47




