Parameters
	Library type	Single-end
	Input file	/Volumes/wdhd/users/joaks1/projects/gekgo/data/genomes/msg/plate3/demultiplexed-raw/fastq/RMB_13579_Hemidactylus_frenatus_Luzon_R1.fq
	Primer/Adaptor library	NA
	Cut-off read length for HQ	70%
	Cut-off quality score	20
	Only statistics	On
	Number of processes	2


QC statistics
	File name	RMB_13579_Hemidactylus_frenatus_Luzon_R1.fq
	Total number of reads	1890
	Total number of HQ reads	1880
	Percentage of HQ reads	99.47%
	Total number of bases	179550
	Total number of bases in HQ reads	178600
	Total number of HQ bases in HQ reads	177519
	Percentage of HQ bases in HQ reads	99.39%
	Number of Primer/Adaptor contaminated HQ reads	NA
	Total number of HQ filtered reads	1880
	Percentage of HQ filtered reads	99.47%


Detailed QC statistics
	File name	RMB_13579_Hemidactylus_frenatus_Luzon_R1.fq
	Minimum read length	95
	Maximum read length	95
	Average read length	95.00
	Total number of reads	1890
	Total number of reads with non-ATGC bases	0
	Percentage of reads with non-ATGC bases	0.00%
	Total number of bases	179550
	Total number of HQ bases	178052
	Percentage of HQ bases	99.17%
	Total number of non-ATGC bases	0
	Percentage of non-ATGC bases	0.00%


Average quality score at each base position of input reads

RMB_13579_Hemidactylus_frenatus_Luzon_R1.fq
36.71	35.02	36.82	36.61	36.91	36.94	36.93	39.61	39.63	39.38	39.32	39.38	39.44	39.38	39.36	39.19	39.21	39.13	39.24	39.05	39.09	38.89	38.98	39.06	39.06	38.91	38.91	39.10	38.81	38.63	38.88	39.07	38.90	39.00	38.99	38.79	39.02	39.10	39.00	38.63	38.62	38.75	38.65	38.61	38.53	38.08	37.42	37.27	36.66	36.03	36.07	36.55	36.93	37.45	37.66	37.92	38.12	38.23	38.37	38.38	38.40	38.47	38.26	38.23	38.12	37.97	37.87	37.72	37.52	36.11	36.58	36.81	36.78	36.66	36.60	36.35	36.25	36.07	35.98	35.96	35.84	35.74	35.71	35.65	35.44	35.54	35.42	35.35	35.40	35.32	35.13	35.11	35.04	35.04	33.81	




Read count (%) per base for different quality score ranges

	RMB_13579_Hemidactylus_frenatus_Luzon_R1.fq
Ranges	0-10	11-20	21-30	31-40
Base
1	0.00	0.48	0.69	98.84
2	0.00	0.05	0.53	99.42
3	0.00	0.05	0.32	99.63
4	0.00	0.21	0.48	99.31
5	0.00	0.11	0.21	99.68
6	0.00	0.00	0.26	99.74
7	0.00	0.11	0.21	99.68
8	0.00	0.16	0.26	99.58
9	0.00	0.00	0.16	99.84
10	0.00	0.26	0.32	99.42
11	0.00	0.11	0.37	99.52
12	0.00	0.05	0.21	99.74
13	0.00	0.05	0.37	99.58
14	0.00	0.16	0.26	99.58
15	0.00	0.26	0.32	99.42
16	0.00	0.21	0.42	99.37
17	0.05	0.05	0.48	99.42
18	0.00	0.11	0.53	99.37
19	0.05	0.26	0.16	99.52
20	0.00	0.37	0.37	99.26
21	0.05	0.21	0.53	99.21
22	0.00	0.26	0.48	99.26
23	0.00	0.26	0.21	99.52
24	0.11	0.32	0.21	99.37
25	0.00	0.48	0.37	99.15
26	0.05	0.37	0.26	99.31
27	0.05	0.53	0.58	98.84
28	0.05	0.11	0.48	99.37
29	0.16	0.16	0.74	98.94
30	0.21	0.21	0.74	98.84
31	0.11	0.32	0.63	98.94
32	0.05	0.11	0.85	98.99
33	0.16	0.37	0.58	98.89
34	0.05	0.26	0.69	98.99
35	0.26	0.21	0.48	99.05
36	0.16	0.21	0.58	99.05
37	0.21	0.05	0.53	99.21
38	0.05	0.16	0.63	99.15
39	0.16	0.32	0.79	98.73
40	0.32	0.37	0.85	98.47
41	0.32	0.26	0.95	98.47
42	0.21	0.21	0.58	98.99
43	0.42	0.26	0.79	98.52
44	0.42	0.16	0.74	98.68
45	0.32	0.32	0.58	98.78
46	0.42	0.53	0.63	98.41
47	0.16	0.58	2.33	96.93
48	0.16	0.58	2.28	96.98
49	0.63	0.58	4.29	94.50
50	0.58	1.96	6.72	90.74
51	0.26	3.60	5.34	90.79
52	0.58	2.96	3.70	92.75
53	0.37	3.02	3.07	93.54
54	0.32	1.64	3.49	94.55
55	0.37	1.59	3.28	94.76
56	0.11	1.22	2.59	96.08
57	0.26	1.06	2.06	96.61
58	0.42	0.85	1.59	97.14
59	0.26	0.74	1.27	97.72
60	0.53	0.21	1.64	97.62
61	0.32	0.42	1.64	97.62
62	0.16	0.48	1.01	98.36
63	0.42	0.53	1.43	97.62
64	0.37	0.37	1.59	97.67
65	0.26	0.26	1.75	97.72
66	0.42	0.32	1.16	98.10
67	0.32	0.53	1.53	97.62
68	0.48	0.26	1.69	97.57
69	0.32	0.48	1.80	97.41
70	0.26	0.42	3.12	96.19
71	0.48	0.32	1.80	97.41
72	0.74	0.48	1.96	96.83
73	0.58	0.48	1.96	96.98
74	0.53	0.58	1.90	96.98
75	0.85	0.11	1.38	97.67
76	0.69	0.58	2.43	96.30
77	0.32	0.95	2.86	95.87
78	0.69	0.53	2.75	96.03
79	0.63	0.74	2.80	95.82
80	0.32	0.53	3.12	96.03
81	0.53	0.69	2.96	95.82
82	0.58	0.63	3.02	95.77
83	0.58	0.21	3.44	95.77
84	0.79	0.42	2.96	95.82
85	0.63	0.79	4.02	94.55
86	0.53	0.53	3.33	95.61
87	0.69	0.58	3.60	95.13
88	0.42	0.69	3.86	95.03
89	0.48	0.63	4.07	94.81
90	0.74	0.37	4.07	94.81
91	0.63	0.90	4.39	94.07
92	0.69	0.69	4.60	94.02
93	0.95	0.63	4.07	94.34
94	0.63	1.38	3.49	94.50
95	1.27	1.27	8.99	88.47




