Parameters
	Library type	Single-end
	Input file	/Volumes/wdhd/users/joaks1/projects/gekgo/data/genomes/msg/plate3/demultiplexed-raw/fastq/RMB_7922_Gekko_monarchus_Palawan_R1.fq
	Primer/Adaptor library	NA
	Cut-off read length for HQ	70%
	Cut-off quality score	20
	Only statistics	On
	Number of processes	2


QC statistics
	File name	RMB_7922_Gekko_monarchus_Palawan_R1.fq
	Total number of reads	235102
	Total number of HQ reads	233412
	Percentage of HQ reads	99.28%
	Total number of bases	22334690
	Total number of bases in HQ reads	22174140
	Total number of HQ bases in HQ reads	22038857
	Percentage of HQ bases in HQ reads	99.39%
	Number of Primer/Adaptor contaminated HQ reads	NA
	Total number of HQ filtered reads	233412
	Percentage of HQ filtered reads	99.28%


Detailed QC statistics
	File name	RMB_7922_Gekko_monarchus_Palawan_R1.fq
	Minimum read length	95
	Maximum read length	95
	Average read length	95.00
	Total number of reads	235102
	Total number of reads with non-ATGC bases	107
	Percentage of reads with non-ATGC bases	0.05%
	Total number of bases	22334690
	Total number of HQ bases	22122306
	Percentage of HQ bases	99.05%
	Total number of non-ATGC bases	721
	Percentage of non-ATGC bases	0.00%


Average quality score at each base position of input reads

RMB_7922_Gekko_monarchus_Palawan_R1.fq
36.55	36.25	36.89	36.61	36.88	36.91	36.90	39.49	39.47	39.42	39.36	39.25	39.34	39.37	39.34	39.10	39.19	39.09	39.22	39.07	39.16	38.93	38.93	38.97	39.02	38.85	38.89	39.08	38.81	38.66	38.87	39.04	38.89	38.90	38.98	38.71	38.91	38.97	38.98	38.62	38.68	38.66	38.66	38.55	38.47	37.81	37.20	37.00	36.62	36.26	36.25	36.46	37.06	37.38	37.64	37.81	37.98	38.17	38.27	38.31	38.28	38.20	38.10	37.93	37.78	37.65	37.53	37.35	37.07	35.55	36.19	36.57	36.61	36.51	36.40	36.26	36.15	36.07	35.97	35.90	35.77	35.73	35.68	35.70	35.63	35.60	35.43	35.41	35.36	35.29	35.25	35.20	35.14	35.08	33.68	




Read count (%) per base for different quality score ranges

	RMB_7922_Gekko_monarchus_Palawan_R1.fq
Ranges	0-10	11-20	21-30	31-40
Base
1	0.00	0.30	0.50	99.19
2	0.00	0.03	0.17	99.79
3	0.00	0.06	0.19	99.75
4	0.00	0.26	0.54	99.19
5	0.00	0.11	0.33	99.55
6	0.00	0.09	0.25	99.66
7	0.00	0.10	0.31	99.59
8	0.01	0.13	0.30	99.57
9	0.00	0.13	0.33	99.54
10	0.01	0.17	0.39	99.43
11	0.01	0.15	0.39	99.45
12	0.01	0.20	0.47	99.31
13	0.01	0.18	0.52	99.29
14	0.01	0.21	0.47	99.32
15	0.01	0.20	0.45	99.35
16	0.01	0.22	0.51	99.26
17	0.01	0.18	0.44	99.37
18	0.02	0.21	0.59	99.18
19	0.03	0.22	0.51	99.24
20	0.08	0.28	0.56	99.08
21	0.11	0.29	0.50	99.10
22	0.12	0.33	0.57	98.98
23	0.13	0.34	0.57	98.96
24	0.13	0.30	0.59	98.98
25	0.15	0.32	0.54	98.99
26	0.18	0.34	0.70	98.77
27	0.20	0.32	0.67	98.81
28	0.19	0.29	0.59	98.93
29	0.24	0.30	0.61	98.85
30	0.27	0.34	0.76	98.64
31	0.24	0.30	0.63	98.82
32	0.26	0.28	0.67	98.80
33	0.30	0.30	0.72	98.69
34	0.26	0.33	0.72	98.68
35	0.30	0.30	0.69	98.71
36	0.32	0.36	0.91	98.41
37	0.31	0.30	0.74	98.65
38	0.32	0.32	0.70	98.66
39	0.34	0.33	0.74	98.60
40	0.35	0.34	1.05	98.25
41	0.38	0.32	0.89	98.41
42	0.34	0.38	0.93	98.36
43	0.34	0.35	0.90	98.40
44	0.35	0.37	0.98	98.30
45	0.38	0.38	1.05	98.19
46	0.41	0.49	1.48	97.61
47	0.47	0.61	2.67	96.25
48	0.42	0.68	2.90	96.00
49	0.50	1.06	4.44	94.00
50	0.51	1.69	6.09	91.72
51	0.52	2.63	5.68	91.17
52	0.47	2.93	5.04	91.56
53	0.44	2.30	3.83	93.43
54	0.44	1.92	3.36	94.28
55	0.38	1.65	2.83	95.14
56	0.41	1.42	2.59	95.58
57	0.43	1.14	2.32	96.11
58	0.38	0.86	2.04	96.73
59	0.40	0.65	1.87	97.07
60	0.39	0.52	1.68	97.41
61	0.42	0.47	1.56	97.56
62	0.41	0.45	1.59	97.54
63	0.40	0.44	1.53	97.63
64	0.44	0.46	1.64	97.46
65	0.45	0.46	1.86	97.23
66	0.47	0.46	1.78	97.29
67	0.48	0.46	1.82	97.24
68	0.53	0.48	1.76	97.23
69	0.53	0.50	2.00	96.97
70	0.54	0.60	3.89	94.97
71	0.54	0.57	2.40	96.49
72	0.50	0.51	2.05	96.94
73	0.57	0.48	1.98	96.96
74	0.55	0.51	2.07	96.88
75	0.61	0.54	2.03	96.82
76	0.54	0.55	2.25	96.65
77	0.60	0.55	2.35	96.50
78	0.60	0.55	2.33	96.53
79	0.62	0.59	2.60	96.18
80	0.58	0.63	2.61	96.18
81	0.62	0.64	2.82	95.92
82	0.64	0.67	2.88	95.81
83	0.65	0.67	2.96	95.72
84	0.63	0.67	2.85	95.85
85	0.69	0.68	2.97	95.66
86	0.67	0.70	3.08	95.56
87	0.70	0.72	3.31	95.27
88	0.72	0.75	3.44	95.09
89	0.73	0.80	3.49	94.99
90	0.77	0.81	3.65	94.77
91	0.84	0.86	3.70	94.60
92	0.84	0.91	3.68	94.56
93	0.83	0.95	3.92	94.30
94	0.88	0.95	3.98	94.19
95	1.54	1.73	8.21	88.52




