Parameters
	Library type	Single-end
	Input file	/Volumes/wdhd/users/joaks1/projects/gekgo/data/genomes/msg/plate3/demultiplexed-raw/fastq/RMB_5729_Gekko_sp.b_CamiguinNorte_R1.fq
	Primer/Adaptor library	NA
	Cut-off read length for HQ	70%
	Cut-off quality score	20
	Only statistics	On
	Number of processes	2


QC statistics
	File name	RMB_5729_Gekko_sp.b_CamiguinNorte_R1.fq
	Total number of reads	25579
	Total number of HQ reads	25305
	Percentage of HQ reads	98.93%
	Total number of bases	2430005
	Total number of bases in HQ reads	2403975
	Total number of HQ bases in HQ reads	2386862
	Percentage of HQ bases in HQ reads	99.29%
	Number of Primer/Adaptor contaminated HQ reads	NA
	Total number of HQ filtered reads	25305
	Percentage of HQ filtered reads	98.93%


Detailed QC statistics
	File name	RMB_5729_Gekko_sp.b_CamiguinNorte_R1.fq
	Minimum read length	95
	Maximum read length	95
	Average read length	95.00
	Total number of reads	25579
	Total number of reads with non-ATGC bases	8
	Percentage of reads with non-ATGC bases	0.03%
	Total number of bases	2430005
	Total number of HQ bases	2400111
	Percentage of HQ bases	98.77%
	Total number of non-ATGC bases	44
	Percentage of non-ATGC bases	0.00%


Average quality score at each base position of input reads

RMB_5729_Gekko_sp.b_CamiguinNorte_R1.fq
36.75	36.52	36.86	36.62	36.84	36.87	36.88	39.53	39.48	39.32	39.25	39.20	39.22	39.19	39.19	38.94	39.11	39.00	39.12	38.96	39.02	38.78	38.79	38.84	38.96	38.75	38.78	38.92	38.59	38.42	38.68	38.87	38.68	38.77	38.78	38.41	38.67	38.79	38.77	38.36	38.43	38.43	38.49	38.30	38.21	37.74	36.93	36.79	36.38	36.05	36.02	36.39	36.73	37.13	37.39	37.47	37.60	37.74	37.83	37.83	37.75	37.65	37.56	37.38	37.21	37.11	36.95	36.79	36.65	35.21	35.76	36.10	36.12	36.05	35.98	35.84	35.78	35.70	35.62	35.56	35.48	35.43	35.38	35.35	35.28	35.27	35.17	35.12	35.07	35.03	34.98	34.92	34.86	34.73	33.48	




Read count (%) per base for different quality score ranges

	RMB_5729_Gekko_sp.b_CamiguinNorte_R1.fq
Ranges	0-10	11-20	21-30	31-40
Base
1	0.00	0.41	0.59	99.00
2	0.00	0.06	0.25	99.70
3	0.00	0.14	0.29	99.57
4	0.00	0.30	0.75	98.95
5	0.00	0.18	0.49	99.33
6	0.00	0.12	0.41	99.47
7	0.00	0.13	0.34	99.53
8	0.00	0.17	0.38	99.45
9	0.01	0.20	0.36	99.43
10	0.00	0.22	0.55	99.23
11	0.01	0.25	0.47	99.27
12	0.00	0.31	0.53	99.16
13	0.00	0.27	0.68	99.06
14	0.01	0.29	0.47	99.23
15	0.01	0.24	0.52	99.24
16	0.00	0.34	0.67	98.99
17	0.02	0.23	0.53	99.22
18	0.03	0.33	0.57	99.07
19	0.04	0.30	0.63	99.03
20	0.09	0.45	0.61	98.86
21	0.15	0.46	0.66	98.73
22	0.19	0.49	0.66	98.66
23	0.20	0.51	0.72	98.57
24	0.22	0.34	0.74	98.70
25	0.24	0.39	0.64	98.73
26	0.38	0.35	0.87	98.40
27	0.34	0.40	0.79	98.48
28	0.29	0.36	0.78	98.58
29	0.39	0.41	0.86	98.34
30	0.36	0.50	0.97	98.17
31	0.41	0.39	0.82	98.37
32	0.41	0.37	0.81	98.42
33	0.45	0.43	0.93	98.18
34	0.38	0.47	0.71	98.43
35	0.42	0.47	0.83	98.28
36	0.45	0.51	1.26	97.79
37	0.45	0.40	1.00	98.15
38	0.44	0.43	0.89	98.25
39	0.50	0.42	0.99	98.09
40	0.53	0.48	1.42	97.58
41	0.52	0.46	1.27	97.75
42	0.44	0.39	1.30	97.87
43	0.48	0.43	1.18	97.91
44	0.43	0.57	1.41	97.59
45	0.42	0.54	1.45	97.59
46	0.55	0.57	1.93	96.95
47	0.63	0.79	3.32	95.26
48	0.60	0.92	3.99	94.49
49	0.60	1.23	5.38	92.79
50	0.65	1.77	7.46	90.12
51	0.57	2.72	6.85	89.86
52	0.66	2.58	5.47	91.28
53	0.61	2.43	4.48	92.49
54	0.56	1.88	3.76	93.81
55	0.59	1.72	3.25	94.44
56	0.62	1.33	3.26	94.78
57	0.65	1.21	2.58	95.57
58	0.63	0.95	2.35	96.07
59	0.59	0.77	2.08	96.56
60	0.50	0.72	1.98	96.79
61	0.65	0.55	1.99	96.82
62	0.62	0.64	1.94	96.80
63	0.63	0.60	1.90	96.86
64	0.73	0.56	1.96	96.75
65	0.67	0.59	2.31	96.42
66	0.59	0.64	2.17	96.60
67	0.66	0.67	2.19	96.49
68	0.78	0.66	2.13	96.43
69	0.66	0.68	2.26	96.39
70	0.74	0.85	4.25	94.16
71	0.73	0.80	2.82	95.65
72	0.71	0.62	2.60	96.06
73	0.69	0.70	2.38	96.23
74	0.78	0.64	2.55	96.03
75	0.84	0.61	2.42	96.13
76	0.81	0.75	2.67	95.76
77	0.84	0.77	2.73	95.66
78	0.86	0.71	2.97	95.47
79	0.80	0.88	3.08	95.24
80	0.82	0.80	3.15	95.23
81	0.93	0.84	3.29	94.95
82	0.94	0.84	3.32	94.90
83	0.92	0.93	3.48	94.67
84	0.97	0.84	3.58	94.62
85	0.93	0.87	3.82	94.37
86	0.95	0.91	3.69	94.45
87	1.07	0.91	3.73	94.29
88	0.94	1.08	3.91	94.07
89	1.02	1.11	4.07	93.80
90	1.12	0.99	4.23	93.65
91	1.02	1.25	4.22	93.51
92	1.13	1.16	4.00	93.70
93	1.18	1.17	4.33	93.33
94	1.14	1.32	4.63	92.92
95	1.80	2.04	8.25	87.90




