Parameters
	Library type	Single-end
	Input file	/Volumes/wdhd/users/joaks1/projects/gekgo/data/genomes/msg/plate3/demultiplexed-raw/fastq/RMB_5005_Gekko_mindorensis_Mindoro_R1.fq
	Primer/Adaptor library	NA
	Cut-off read length for HQ	70%
	Cut-off quality score	20
	Only statistics	On
	Number of processes	2


QC statistics
	File name	RMB_5005_Gekko_mindorensis_Mindoro_R1.fq
	Total number of reads	316762
	Total number of HQ reads	313778
	Percentage of HQ reads	99.06%
	Total number of bases	30092390
	Total number of bases in HQ reads	29808910
	Total number of HQ bases in HQ reads	29613128
	Percentage of HQ bases in HQ reads	99.34%
	Number of Primer/Adaptor contaminated HQ reads	NA
	Total number of HQ filtered reads	313778
	Percentage of HQ filtered reads	99.06%


Detailed QC statistics
	File name	RMB_5005_Gekko_mindorensis_Mindoro_R1.fq
	Minimum read length	95
	Maximum read length	95
	Average read length	95.00
	Total number of reads	316762
	Total number of reads with non-ATGC bases	138
	Percentage of reads with non-ATGC bases	0.04%
	Total number of bases	30092390
	Total number of HQ bases	29753502
	Percentage of HQ bases	98.87%
	Total number of non-ATGC bases	1040
	Percentage of non-ATGC bases	0.00%


Average quality score at each base position of input reads

RMB_5005_Gekko_mindorensis_Mindoro_R1.fq
36.77	36.49	36.90	36.63	36.88	36.90	36.90	39.51	39.48	39.37	39.30	39.22	39.27	39.24	39.24	38.97	39.09	39.00	39.16	38.97	39.08	38.85	38.83	38.85	38.93	38.75	38.77	38.93	38.64	38.48	38.73	38.88	38.71	38.75	38.82	38.51	38.73	38.81	38.81	38.35	38.43	38.40	38.44	38.28	38.20	37.68	36.92	36.81	36.34	36.04	36.00	36.36	36.84	37.12	37.41	37.49	37.66	37.84	37.92	37.95	37.87	37.78	37.68	37.51	37.32	37.19	37.05	36.93	36.70	35.12	35.79	36.17	36.20	36.13	36.06	35.92	35.83	35.77	35.70	35.63	35.55	35.49	35.46	35.42	35.38	35.35	35.23	35.17	35.12	35.02	35.02	34.96	34.94	34.80	33.45	




Read count (%) per base for different quality score ranges

	RMB_5005_Gekko_mindorensis_Mindoro_R1.fq
Ranges	0-10	11-20	21-30	31-40
Base
1	0.00	0.24	0.42	99.34
2	0.00	0.02	0.16	99.82
3	0.00	0.05	0.18	99.78
4	0.00	0.24	0.59	99.17
5	0.00	0.10	0.35	99.55
6	0.00	0.08	0.30	99.61
7	0.00	0.10	0.31	99.59
8	0.00	0.10	0.29	99.60
9	0.00	0.13	0.36	99.51
10	0.00	0.17	0.45	99.37
11	0.01	0.16	0.43	99.40
12	0.01	0.20	0.51	99.28
13	0.01	0.20	0.58	99.21
14	0.01	0.25	0.52	99.22
15	0.02	0.22	0.46	99.30
16	0.01	0.23	0.56	99.21
17	0.01	0.19	0.46	99.34
18	0.02	0.24	0.64	99.09
19	0.04	0.24	0.57	99.16
20	0.10	0.33	0.66	98.92
21	0.11	0.31	0.60	98.98
22	0.15	0.37	0.65	98.83
23	0.19	0.37	0.74	98.70
24	0.19	0.34	0.68	98.79
25	0.22	0.34	0.68	98.76
26	0.27	0.38	0.88	98.46
27	0.29	0.36	0.83	98.52
28	0.28	0.33	0.75	98.64
29	0.34	0.34	0.80	98.52
30	0.35	0.39	0.91	98.35
31	0.34	0.36	0.75	98.55
32	0.37	0.38	0.77	98.48
33	0.37	0.41	0.90	98.32
34	0.38	0.40	0.80	98.42
35	0.39	0.39	0.81	98.41
36	0.44	0.46	1.12	97.98
37	0.44	0.38	0.89	98.29
38	0.43	0.39	0.84	98.33
39	0.48	0.41	0.90	98.21
40	0.47	0.45	1.40	97.68
41	0.47	0.43	1.14	97.97
42	0.47	0.44	1.19	97.90
43	0.44	0.42	1.11	98.02
44	0.45	0.46	1.24	97.85
45	0.47	0.47	1.35	97.70
46	0.54	0.54	1.83	97.09
47	0.60	0.75	3.34	95.31
48	0.56	0.82	3.61	95.01
49	0.63	1.18	5.29	92.90
50	0.65	1.76	6.99	90.60
51	0.59	2.84	6.59	89.97
52	0.61	2.76	5.50	91.13
53	0.56	2.28	4.43	92.73
54	0.57	1.91	3.83	93.69
55	0.56	1.60	3.15	94.69
56	0.56	1.37	3.14	94.93
57	0.57	1.18	2.62	95.64
58	0.54	0.88	2.25	96.34
59	0.52	0.73	2.12	96.64
60	0.51	0.60	1.83	97.05
61	0.55	0.57	1.76	97.12
62	0.54	0.56	1.87	97.03
63	0.54	0.52	1.87	97.06
64	0.61	0.56	1.92	96.91
65	0.62	0.56	2.17	96.65
66	0.64	0.56	2.12	96.68
67	0.64	0.56	2.15	96.65
68	0.67	0.56	2.05	96.73
69	0.65	0.61	2.23	96.52
70	0.68	0.77	4.46	94.08
71	0.70	0.66	2.72	95.92
72	0.66	0.65	2.38	96.30
73	0.66	0.64	2.32	96.37
74	0.67	0.58	2.41	96.34
75	0.71	0.65	2.26	96.39
76	0.70	0.67	2.62	96.02
77	0.76	0.73	2.62	95.89
78	0.71	0.74	2.68	95.87
79	0.76	0.73	2.92	95.59
80	0.74	0.75	3.01	95.51
81	0.75	0.76	3.18	95.32
82	0.78	0.80	3.32	95.10
83	0.80	0.77	3.38	95.05
84	0.84	0.79	3.36	95.02
85	0.79	0.82	3.45	94.93
86	0.78	0.87	3.53	94.82
87	0.84	0.82	3.79	94.55
88	0.87	0.89	3.79	94.45
89	0.90	0.95	3.99	94.17
90	1.01	1.02	4.13	93.85
91	0.96	1.04	4.19	93.80
92	1.07	1.07	4.05	93.81
93	1.00	1.12	4.27	93.60
94	1.05	1.21	4.56	93.18
95	1.72	1.98	8.69	87.62




