Parameters
	Library type	Single-end
	Input file	/Volumes/wdhd/users/joaks1/projects/gekgo/data/genomes/msg/plate3/demultiplexed-raw/fastq/RMB_7923_Gekko_monarchus_Palawan_R1.fq
	Primer/Adaptor library	NA
	Cut-off read length for HQ	70%
	Cut-off quality score	20
	Only statistics	On
	Number of processes	2


QC statistics
	File name	RMB_7923_Gekko_monarchus_Palawan_R1.fq
	Total number of reads	53099
	Total number of HQ reads	52649
	Percentage of HQ reads	99.15%
	Total number of bases	5044405
	Total number of bases in HQ reads	5001655
	Total number of HQ bases in HQ reads	4972951
	Percentage of HQ bases in HQ reads	99.43%
	Number of Primer/Adaptor contaminated HQ reads	NA
	Total number of HQ filtered reads	52649
	Percentage of HQ filtered reads	99.15%


Detailed QC statistics
	File name	RMB_7923_Gekko_monarchus_Palawan_R1.fq
	Minimum read length	95
	Maximum read length	95
	Average read length	95.00
	Total number of reads	53099
	Total number of reads with non-ATGC bases	18
	Percentage of reads with non-ATGC bases	0.03%
	Total number of bases	5044405
	Total number of HQ bases	4993940
	Percentage of HQ bases	99.00%
	Total number of non-ATGC bases	69
	Percentage of non-ATGC bases	0.00%


Average quality score at each base position of input reads

RMB_7923_Gekko_monarchus_Palawan_R1.fq
36.86	36.60	36.92	36.65	36.89	36.92	36.91	39.52	39.49	39.43	39.36	39.29	39.33	39.32	39.29	39.02	39.14	39.05	39.20	39.04	39.13	38.87	38.90	38.93	38.97	38.82	38.82	39.03	38.73	38.60	38.80	38.97	38.83	38.85	38.93	38.65	38.85	38.93	38.91	38.52	38.56	38.55	38.58	38.45	38.36	37.71	37.06	36.86	36.45	36.12	36.11	36.36	36.97	37.29	37.54	37.65	37.82	37.99	38.06	38.10	38.01	37.86	37.78	37.63	37.45	37.28	37.09	36.96	36.72	35.24	35.88	36.21	36.28	36.19	36.12	36.01	35.92	35.87	35.79	35.73	35.62	35.60	35.53	35.54	35.50	35.44	35.29	35.26	35.19	35.12	35.10	35.08	34.98	34.90	33.53	




Read count (%) per base for different quality score ranges

	RMB_7923_Gekko_monarchus_Palawan_R1.fq
Ranges	0-10	11-20	21-30	31-40
Base
1	0.00	0.19	0.31	99.50
2	0.00	0.02	0.11	99.87
3	0.00	0.04	0.17	99.80
4	0.00	0.23	0.57	99.19
5	0.00	0.09	0.30	99.61
6	0.00	0.06	0.22	99.72
7	0.00	0.10	0.25	99.65
8	0.01	0.09	0.26	99.65
9	0.00	0.11	0.28	99.61
10	0.00	0.12	0.33	99.54
11	0.00	0.14	0.36	99.50
12	0.00	0.18	0.38	99.44
13	0.00	0.15	0.42	99.43
14	0.01	0.22	0.41	99.36
15	0.00	0.17	0.38	99.46
16	0.00	0.19	0.45	99.37
17	0.01	0.15	0.38	99.46
18	0.02	0.21	0.50	99.27
19	0.04	0.18	0.50	99.29
20	0.06	0.26	0.54	99.14
21	0.11	0.27	0.48	99.13
22	0.17	0.34	0.54	98.95
23	0.19	0.28	0.49	99.04
24	0.18	0.26	0.55	99.01
25	0.22	0.26	0.57	98.94
26	0.25	0.31	0.64	98.81
27	0.28	0.31	0.65	98.76
28	0.26	0.27	0.50	98.97
29	0.31	0.28	0.62	98.79
30	0.32	0.35	0.75	98.58
31	0.31	0.29	0.58	98.82
32	0.31	0.33	0.66	98.70
33	0.32	0.31	0.73	98.64
34	0.32	0.33	0.61	98.74
35	0.32	0.33	0.66	98.69
36	0.36	0.43	0.84	98.37
37	0.41	0.25	0.72	98.62
38	0.36	0.32	0.67	98.66
39	0.40	0.36	0.75	98.49
40	0.37	0.40	1.16	98.06
41	0.50	0.31	1.01	98.19
42	0.40	0.39	1.09	98.12
43	0.40	0.35	0.86	98.40
44	0.37	0.45	0.92	98.26
45	0.38	0.41	1.21	98.01
46	0.43	0.48	1.71	97.38
47	0.51	0.66	3.07	95.76
48	0.48	0.73	3.39	95.40
49	0.53	1.14	5.01	93.33
50	0.57	1.63	6.83	90.96
51	0.53	2.52	6.51	90.43
52	0.52	2.72	5.81	90.95
53	0.49	2.12	4.14	93.25
54	0.55	1.67	3.59	94.19
55	0.49	1.46	2.91	95.14
56	0.47	1.29	2.90	95.35
57	0.50	1.06	2.34	96.10
58	0.49	0.76	2.06	96.69
59	0.49	0.64	1.85	97.02
60	0.45	0.53	1.61	97.42
61	0.47	0.48	1.61	97.43
62	0.48	0.52	1.73	97.27
63	0.45	0.45	1.65	97.44
64	0.55	0.45	1.67	97.33
65	0.54	0.40	2.05	97.00
66	0.57	0.46	1.83	97.15
67	0.57	0.53	1.79	97.11
68	0.61	0.44	1.87	97.08
69	0.61	0.50	2.05	96.84
70	0.64	0.60	4.23	94.53
71	0.67	0.55	2.44	96.34
72	0.70	0.50	2.08	96.72
73	0.64	0.52	2.04	96.80
74	0.61	0.51	2.21	96.67
75	0.67	0.56	2.11	96.66
76	0.66	0.53	2.28	96.53
77	0.64	0.66	2.41	96.29
78	0.62	0.63	2.47	96.28
79	0.65	0.63	2.84	95.89
80	0.68	0.60	2.64	96.09
81	0.67	0.67	2.93	95.72
82	0.68	0.70	2.95	95.67
83	0.76	0.67	3.10	95.47
84	0.70	0.75	2.92	95.63
85	0.75	0.71	3.00	95.54
86	0.80	0.73	3.11	95.36
87	0.77	0.79	3.36	95.08
88	0.80	0.79	3.58	94.83
89	0.85	0.81	3.67	94.66
90	0.93	0.83	3.80	94.43
91	0.96	0.94	3.81	94.28
92	0.98	0.88	3.81	94.32
93	0.97	1.09	3.92	94.03
94	0.96	1.11	4.42	93.50
95	1.60	1.85	8.73	87.83




