Parameters
	Library type	Single-end
	Input file	/Volumes/wdhd/users/joaks1/projects/gekgo/data/genomes/msg/plate3/demultiplexed-raw/fastq/RMB_9552_Gekko_porosus_Sabtang_R1.fq
	Primer/Adaptor library	NA
	Cut-off read length for HQ	70%
	Cut-off quality score	20
	Only statistics	On
	Number of processes	2


QC statistics
	File name	RMB_9552_Gekko_porosus_Sabtang_R1.fq
	Total number of reads	1630144
	Total number of HQ reads	1618299
	Percentage of HQ reads	99.27%
	Total number of bases	154863680
	Total number of bases in HQ reads	153738405
	Total number of HQ bases in HQ reads	152794605
	Percentage of HQ bases in HQ reads	99.39%
	Number of Primer/Adaptor contaminated HQ reads	NA
	Total number of HQ filtered reads	1618299
	Percentage of HQ filtered reads	99.27%


Detailed QC statistics
	File name	RMB_9552_Gekko_porosus_Sabtang_R1.fq
	Minimum read length	95
	Maximum read length	95
	Average read length	95.00
	Total number of reads	1630144
	Total number of reads with non-ATGC bases	740
	Percentage of reads with non-ATGC bases	0.05%
	Total number of bases	154863680
	Total number of HQ bases	153377753
	Percentage of HQ bases	99.04%
	Total number of non-ATGC bases	4778
	Percentage of non-ATGC bases	0.00%


Average quality score at each base position of input reads

RMB_9552_Gekko_porosus_Sabtang_R1.fq
36.65	36.32	36.90	36.62	36.89	36.91	36.91	39.61	39.56	39.39	39.35	39.29	39.37	39.33	39.33	39.19	39.27	39.13	39.25	39.09	39.16	38.97	38.96	38.99	39.09	38.90	38.92	39.07	38.77	38.59	38.84	39.01	38.85	38.92	38.95	38.60	38.86	38.97	38.97	38.56	38.66	38.59	38.67	38.51	38.43	37.95	37.20	37.07	36.69	36.38	36.25	36.64	37.04	37.43	37.74	37.86	38.05	38.19	38.28	38.28	38.21	38.14	38.08	37.93	37.81	37.71	37.58	37.43	37.26	35.78	36.31	36.64	36.68	36.58	36.49	36.30	36.16	36.10	36.00	35.91	35.81	35.71	35.67	35.64	35.59	35.54	35.42	35.32	35.31	35.23	35.16	35.10	35.03	34.91	33.65	




Read count (%) per base for different quality score ranges

	RMB_9552_Gekko_porosus_Sabtang_R1.fq
Ranges	0-10	11-20	21-30	31-40
Base
1	0.00	0.22	0.37	99.41
2	0.00	0.02	0.13	99.85
3	0.00	0.04	0.15	99.81
4	0.00	0.21	0.56	99.22
5	0.00	0.08	0.31	99.60
6	0.00	0.07	0.26	99.67
7	0.00	0.09	0.27	99.64
8	0.00	0.08	0.26	99.66
9	0.00	0.11	0.30	99.59
10	0.00	0.15	0.38	99.46
11	0.01	0.14	0.36	99.50
12	0.01	0.17	0.42	99.41
13	0.01	0.18	0.47	99.35
14	0.01	0.23	0.45	99.31
15	0.01	0.21	0.43	99.36
16	0.01	0.21	0.49	99.29
17	0.01	0.17	0.42	99.40
18	0.02	0.21	0.57	99.20
19	0.03	0.21	0.47	99.30
20	0.07	0.28	0.55	99.10
21	0.08	0.27	0.51	99.14
22	0.11	0.32	0.54	99.03
23	0.12	0.31	0.57	98.99
24	0.13	0.29	0.56	99.02
25	0.15	0.30	0.53	99.02
26	0.16	0.34	0.72	98.78
27	0.18	0.31	0.67	98.84
28	0.18	0.27	0.57	98.99
29	0.21	0.29	0.64	98.85
30	0.24	0.33	0.76	98.66
31	0.23	0.29	0.66	98.82
32	0.24	0.30	0.66	98.80
33	0.28	0.31	0.74	98.68
34	0.28	0.33	0.68	98.71
35	0.28	0.30	0.68	98.73
36	0.30	0.35	0.96	98.38
37	0.30	0.31	0.69	98.70
38	0.32	0.29	0.70	98.69
39	0.34	0.30	0.74	98.63
40	0.37	0.37	1.06	98.21
41	0.35	0.33	0.91	98.41
42	0.35	0.37	0.96	98.33
43	0.33	0.36	0.89	98.42
44	0.33	0.37	0.96	98.34
45	0.36	0.38	1.04	98.22
46	0.41	0.46	1.44	97.69
47	0.45	0.60	2.56	96.39
48	0.44	0.74	2.95	95.86
49	0.50	1.01	4.15	94.35
50	0.52	1.57	5.80	92.11
51	0.47	2.79	5.63	91.11
52	0.46	2.72	4.53	92.29
53	0.45	2.24	3.84	93.47
54	0.42	1.79	3.11	94.67
55	0.42	1.49	2.64	95.46
56	0.45	1.24	2.53	95.78
57	0.44	1.00	2.15	96.41
58	0.43	0.78	1.91	96.87
59	0.40	0.61	1.80	97.19
60	0.41	0.53	1.65	97.42
61	0.43	0.48	1.60	97.49
62	0.45	0.47	1.67	97.41
63	0.47	0.44	1.57	97.52
64	0.48	0.47	1.66	97.38
65	0.47	0.47	1.81	97.24
66	0.49	0.46	1.79	97.26
67	0.51	0.47	1.78	97.24
68	0.53	0.50	1.82	97.15
69	0.53	0.51	1.93	97.04
70	0.54	0.61	3.56	95.29
71	0.57	0.55	2.36	96.52
72	0.58	0.53	2.08	96.82
73	0.61	0.53	2.01	96.85
74	0.57	0.53	2.12	96.78
75	0.59	0.54	2.09	96.78
76	0.60	0.57	2.32	96.51
77	0.62	0.65	2.47	96.25
78	0.59	0.61	2.44	96.36
79	0.63	0.61	2.51	96.24
80	0.63	0.66	2.59	96.13
81	0.64	0.66	2.96	95.74
82	0.69	0.72	2.97	95.62
83	0.69	0.69	3.00	95.61
84	0.70	0.69	2.99	95.62
85	0.73	0.69	3.10	95.48
86	0.73	0.73	3.07	95.47
87	0.77	0.76	3.44	95.03
88	0.79	0.79	3.60	94.81
89	0.80	0.83	3.53	94.84
90	0.85	0.89	3.80	94.45
91	0.87	0.96	4.02	94.15
92	0.89	0.97	3.88	94.26
93	0.90	1.01	4.11	93.98
94	0.96	1.04	4.39	93.61
95	1.59	1.82	8.03	88.55




