Parameters
	Library type	Single-end
	Input file	/Volumes/wdhd/users/joaks1/projects/gekgo/data/genomes/msg/plate3/demultiplexed-raw/fastq/RMB_9560_Gekko_porosus_Sabtang_R1.fq
	Primer/Adaptor library	NA
	Cut-off read length for HQ	70%
	Cut-off quality score	20
	Only statistics	On
	Number of processes	2


QC statistics
	File name	RMB_9560_Gekko_porosus_Sabtang_R1.fq
	Total number of reads	700297
	Total number of HQ reads	695573
	Percentage of HQ reads	99.33%
	Total number of bases	66528215
	Total number of bases in HQ reads	66079435
	Total number of HQ bases in HQ reads	65687582
	Percentage of HQ bases in HQ reads	99.41%
	Number of Primer/Adaptor contaminated HQ reads	NA
	Total number of HQ filtered reads	695573
	Percentage of HQ filtered reads	99.33%


Detailed QC statistics
	File name	RMB_9560_Gekko_porosus_Sabtang_R1.fq
	Minimum read length	95
	Maximum read length	95
	Average read length	95.00
	Total number of reads	700297
	Total number of reads with non-ATGC bases	262
	Percentage of reads with non-ATGC bases	0.04%
	Total number of bases	66528215
	Total number of HQ bases	65916259
	Percentage of HQ bases	99.08%
	Total number of non-ATGC bases	1729
	Percentage of non-ATGC bases	0.00%


Average quality score at each base position of input reads

RMB_9560_Gekko_porosus_Sabtang_R1.fq
36.36	34.35	36.83	36.56	36.92	36.93	36.94	39.63	39.57	39.40	39.36	39.29	39.36	39.32	39.32	39.16	39.25	39.11	39.23	39.06	39.13	38.91	38.91	38.93	39.05	38.86	38.90	39.05	38.71	38.55	38.79	38.95	38.79	38.86	38.87	38.53	38.79	38.91	38.90	38.47	38.57	38.49	38.58	38.41	38.33	37.85	37.04	36.94	36.55	36.24	36.11	36.49	36.88	37.28	37.60	37.72	37.92	38.06	38.15	38.18	38.10	38.02	37.97	37.81	37.69	37.60	37.47	37.30	37.15	35.58	36.11	36.47	36.54	36.44	36.35	36.17	36.02	35.97	35.84	35.73	35.61	35.52	35.47	35.45	35.39	35.33	35.19	35.06	35.04	34.96	34.90	34.82	34.75	34.59	33.34	




Read count (%) per base for different quality score ranges

	RMB_9560_Gekko_porosus_Sabtang_R1.fq
Ranges	0-10	11-20	21-30	31-40
Base
1	0.00	0.28	0.61	99.12
2	0.00	0.03	0.40	99.57
3	0.00	0.05	0.17	99.78
4	0.00	0.20	0.56	99.24
5	0.00	0.06	0.19	99.74
6	0.00	0.05	0.17	99.78
7	0.00	0.06	0.16	99.77
8	0.00	0.06	0.16	99.78
9	0.00	0.08	0.20	99.71
10	0.00	0.11	0.28	99.62
11	0.01	0.10	0.25	99.64
12	0.00	0.13	0.35	99.52
13	0.01	0.12	0.37	99.50
14	0.01	0.17	0.35	99.47
15	0.01	0.16	0.33	99.50
16	0.01	0.16	0.41	99.43
17	0.01	0.12	0.31	99.56
18	0.02	0.16	0.47	99.35
19	0.03	0.17	0.37	99.44
20	0.06	0.22	0.45	99.27
21	0.09	0.21	0.42	99.28
22	0.11	0.24	0.43	99.22
23	0.12	0.25	0.47	99.15
24	0.12	0.23	0.45	99.20
25	0.14	0.24	0.45	99.17
26	0.15	0.27	0.64	98.94
27	0.15	0.25	0.57	99.03
28	0.16	0.20	0.47	99.17
29	0.18	0.23	0.54	99.05
30	0.20	0.27	0.68	98.85
31	0.20	0.24	0.55	99.01
32	0.23	0.25	0.55	98.97
33	0.25	0.28	0.66	98.81
34	0.26	0.28	0.59	98.88
35	0.27	0.27	0.60	98.87
36	0.27	0.32	0.92	98.49
37	0.26	0.26	0.60	98.88
38	0.27	0.26	0.59	98.88
39	0.32	0.25	0.67	98.76
40	0.33	0.32	1.03	98.32
41	0.32	0.29	0.81	98.58
42	0.30	0.33	0.92	98.44
43	0.30	0.31	0.82	98.57
44	0.30	0.35	0.92	98.43
45	0.32	0.33	1.05	98.30
46	0.35	0.41	1.52	97.73
47	0.41	0.60	2.84	96.15
48	0.39	0.76	3.22	95.63
49	0.44	1.08	4.42	94.06
50	0.46	1.66	6.07	91.81
51	0.45	2.79	5.96	90.79
52	0.43	2.80	4.70	92.07
53	0.41	2.29	4.03	93.26
54	0.41	1.78	3.25	94.56
55	0.40	1.48	2.72	95.40
56	0.42	1.24	2.63	95.71
57	0.42	1.00	2.22	96.37
58	0.40	0.78	1.92	96.90
59	0.38	0.60	1.79	97.22
60	0.37	0.50	1.67	97.46
61	0.40	0.46	1.60	97.54
62	0.43	0.46	1.68	97.42
63	0.45	0.42	1.61	97.52
64	0.47	0.47	1.67	97.39
65	0.44	0.45	1.92	97.19
66	0.46	0.41	1.82	97.30
67	0.48	0.43	1.82	97.26
68	0.52	0.47	1.88	97.14
69	0.50	0.47	1.92	97.11
70	0.54	0.56	3.79	95.11
71	0.56	0.53	2.48	96.44
72	0.54	0.50	2.18	96.78
73	0.59	0.51	2.05	96.86
74	0.53	0.51	2.27	96.68
75	0.57	0.52	2.19	96.72
76	0.57	0.56	2.45	96.41
77	0.60	0.64	2.63	96.13
78	0.54	0.59	2.63	96.24
79	0.61	0.59	2.78	96.02
80	0.62	0.61	2.88	95.88
81	0.62	0.67	3.28	95.42
82	0.66	0.71	3.34	95.28
83	0.67	0.66	3.43	95.24
84	0.68	0.69	3.35	95.27
85	0.69	0.68	3.50	95.14
86	0.71	0.72	3.50	95.08
87	0.74	0.76	3.91	94.59
88	0.78	0.83	4.15	94.24
89	0.79	0.84	4.13	94.24
90	0.85	0.91	4.41	93.83
91	0.87	0.98	4.64	93.50
92	0.88	1.02	4.56	93.54
93	0.87	1.02	4.87	93.24
94	0.95	1.07	5.30	92.68
95	1.63	1.89	9.63	86.86




