Parameters
	Library type	Single-end
	Input file	/Volumes/wdhd/users/joaks1/projects/gekgo/data/genomes/msg/plate3/demultiplexed-raw/fastq/RMB_9528_Lepidodactylus_balioburius_Batan_R1.fq
	Primer/Adaptor library	NA
	Cut-off read length for HQ	70%
	Cut-off quality score	20
	Only statistics	On
	Number of processes	2


QC statistics
	File name	RMB_9528_Lepidodactylus_balioburius_Batan_R1.fq
	Total number of reads	752523
	Total number of HQ reads	747198
	Percentage of HQ reads	99.29%
	Total number of bases	71489685
	Total number of bases in HQ reads	70983810
	Total number of HQ bases in HQ reads	70527687
	Percentage of HQ bases in HQ reads	99.36%
	Number of Primer/Adaptor contaminated HQ reads	NA
	Total number of HQ filtered reads	747198
	Percentage of HQ filtered reads	99.29%


Detailed QC statistics
	File name	RMB_9528_Lepidodactylus_balioburius_Batan_R1.fq
	Minimum read length	95
	Maximum read length	95
	Average read length	95.00
	Total number of reads	752523
	Total number of reads with non-ATGC bases	362
	Percentage of reads with non-ATGC bases	0.05%
	Total number of bases	71489685
	Total number of HQ bases	70801072
	Percentage of HQ bases	99.04%
	Total number of non-ATGC bases	2313
	Percentage of non-ATGC bases	0.00%


Average quality score at each base position of input reads

RMB_9528_Lepidodactylus_balioburius_Batan_R1.fq
36.07	35.68	36.85	36.56	36.87	36.90	36.91	39.60	39.54	39.37	39.33	39.30	39.25	39.17	39.22	39.02	39.11	39.05	39.19	39.02	39.12	38.91	38.85	38.90	39.02	38.80	38.80	39.00	38.64	38.51	38.85	38.91	38.81	38.83	38.95	38.65	38.85	38.92	38.91	38.47	38.57	38.58	38.57	38.46	38.30	37.82	37.02	36.71	36.30	36.11	36.06	36.39	36.92	37.20	37.46	37.64	37.77	37.89	37.95	37.90	37.81	37.73	37.55	37.36	37.24	37.04	36.84	36.70	36.53	35.14	35.66	35.99	35.94	35.91	35.91	35.88	35.72	35.68	35.64	35.52	35.46	35.48	35.38	35.31	35.35	35.29	35.27	35.19	35.09	35.09	34.92	34.92	34.96	34.84	33.46	




Read count (%) per base for different quality score ranges

	RMB_9528_Lepidodactylus_balioburius_Batan_R1.fq
Ranges	0-10	11-20	21-30	31-40
Base
1	0.00	0.56	0.94	98.50
2	0.00	0.05	0.37	99.58
3	0.00	0.06	0.25	99.69
4	0.00	0.30	0.71	98.98
5	0.00	0.11	0.38	99.51
6	0.00	0.09	0.29	99.62
7	0.00	0.08	0.26	99.66
8	0.00	0.08	0.26	99.65
9	0.00	0.12	0.34	99.54
10	0.00	0.17	0.44	99.38
11	0.01	0.15	0.42	99.42
12	0.01	0.18	0.46	99.35
13	0.00	0.19	0.55	99.26
14	0.01	0.24	0.49	99.27
15	0.01	0.20	0.48	99.31
16	0.01	0.24	0.56	99.19
17	0.02	0.19	0.53	99.27
18	0.02	0.21	0.55	99.22
19	0.03	0.19	0.46	99.32
20	0.06	0.26	0.58	99.10
21	0.06	0.23	0.49	99.23
22	0.09	0.27	0.54	99.11
23	0.10	0.27	0.59	99.04
24	0.12	0.26	0.57	99.05
25	0.14	0.26	0.59	99.01
26	0.17	0.31	0.78	98.74
27	0.18	0.28	0.68	98.86
28	0.17	0.23	0.58	99.02
29	0.23	0.24	0.68	98.84
30	0.24	0.28	0.74	98.74
31	0.22	0.26	0.63	98.89
32	0.25	0.26	0.67	98.82
33	0.30	0.31	0.74	98.66
34	0.26	0.32	0.74	98.68
35	0.25	0.30	0.73	98.72
36	0.29	0.35	1.04	98.32
37	0.29	0.30	0.76	98.66
38	0.27	0.29	0.74	98.71
39	0.27	0.30	0.82	98.61
40	0.31	0.37	1.21	98.11
41	0.32	0.32	1.07	98.29
42	0.32	0.36	1.06	98.27
43	0.31	0.35	1.03	98.30
44	0.34	0.35	1.17	98.14
45	0.32	0.36	1.26	98.05
46	0.42	0.43	1.72	97.43
47	0.49	0.61	3.29	95.61
48	0.46	0.78	4.79	93.97
49	0.50	1.10	5.83	92.56
50	0.52	1.60	7.44	90.45
51	0.50	2.69	6.95	89.85
52	0.48	2.70	5.72	91.11
53	0.45	2.07	4.58	92.89
54	0.45	1.72	3.77	94.06
55	0.42	1.39	3.17	95.03
56	0.44	1.16	2.71	95.68
57	0.41	0.97	2.41	96.21
58	0.41	0.76	2.19	96.63
59	0.43	0.59	1.91	97.08
60	0.44	0.53	1.89	97.14
61	0.44	0.46	1.80	97.30
62	0.46	0.43	1.74	97.37
63	0.46	0.43	1.81	97.30
64	0.47	0.44	1.98	97.12
65	0.48	0.45	1.79	97.29
66	0.49	0.47	2.00	97.05
67	0.52	0.49	2.09	96.90
68	0.52	0.49	2.12	96.87
69	0.52	0.53	2.31	96.64
70	0.54	0.62	4.23	94.61
71	0.58	0.57	2.91	95.95
72	0.56	0.54	2.41	96.48
73	0.63	0.57	2.80	96.00
74	0.59	0.58	2.73	96.09
75	0.59	0.57	2.56	96.28
76	0.61	0.56	2.54	96.28
77	0.61	0.62	3.00	95.78
78	0.63	0.64	2.88	95.84
79	0.64	0.62	3.12	95.62
80	0.65	0.68	3.26	95.41
81	0.71	0.71	3.31	95.27
82	0.69	0.71	3.41	95.19
83	0.71	0.74	3.51	95.03
84	0.75	0.79	3.63	94.83
85	0.75	0.77	3.47	95.01
86	0.76	0.81	3.59	94.84
87	0.76	0.85	3.61	94.78
88	0.76	0.84	3.89	94.50
89	0.81	0.90	4.00	94.29
90	0.83	0.95	4.09	94.12
91	0.85	1.02	4.41	93.71
92	0.85	1.01	4.39	93.75
93	0.87	1.04	4.25	93.84
94	0.91	1.07	4.47	93.55
95	1.55	2.01	9.00	87.45




