Parameters
	Library type	Single-end
	Input file	/Volumes/wdhd/users/joaks1/projects/gekgo/data/genomes/msg/plate3/demultiplexed-raw/fastq/RMB_9575_Gekko_porosus_Batan_R1.fq
	Primer/Adaptor library	NA
	Cut-off read length for HQ	70%
	Cut-off quality score	20
	Only statistics	On
	Number of processes	2


QC statistics
	File name	RMB_9575_Gekko_porosus_Batan_R1.fq
	Total number of reads	1790697
	Total number of HQ reads	1778431
	Percentage of HQ reads	99.32%
	Total number of bases	170116215
	Total number of bases in HQ reads	168950945
	Total number of HQ bases in HQ reads	167936220
	Percentage of HQ bases in HQ reads	99.40%
	Number of Primer/Adaptor contaminated HQ reads	NA
	Total number of HQ filtered reads	1778431
	Percentage of HQ filtered reads	99.32%


Detailed QC statistics
	File name	RMB_9575_Gekko_porosus_Batan_R1.fq
	Minimum read length	95
	Maximum read length	95
	Average read length	95.00
	Total number of reads	1790697
	Total number of reads with non-ATGC bases	773
	Percentage of reads with non-ATGC bases	0.04%
	Total number of bases	170116215
	Total number of HQ bases	168536209
	Percentage of HQ bases	99.07%
	Total number of non-ATGC bases	5145
	Percentage of non-ATGC bases	0.00%


Average quality score at each base position of input reads

RMB_9575_Gekko_porosus_Batan_R1.fq
36.63	35.48	36.88	36.62	36.91	36.92	36.92	39.62	39.57	39.41	39.38	39.30	39.38	39.35	39.35	39.19	39.27	39.14	39.26	39.10	39.18	38.96	38.96	38.99	39.09	38.90	38.94	39.09	38.77	38.60	38.85	39.01	38.86	38.92	38.95	38.61	38.86	38.98	38.97	38.56	38.64	38.57	38.66	38.49	38.41	37.94	37.16	37.04	36.66	36.34	36.20	36.59	36.98	37.36	37.68	37.80	38.01	38.15	38.24	38.26	38.19	38.11	38.06	37.89	37.77	37.68	37.55	37.39	37.22	35.71	36.24	36.58	36.63	36.55	36.45	36.27	36.11	36.07	35.96	35.87	35.74	35.66	35.63	35.60	35.54	35.49	35.38	35.28	35.25	35.16	35.10	35.04	34.95	34.82	33.56	




Read count (%) per base for different quality score ranges

	RMB_9575_Gekko_porosus_Batan_R1.fq
Ranges	0-10	11-20	21-30	31-40
Base
1	0.00	0.32	0.52	99.17
2	0.00	0.03	0.24	99.72
3	0.00	0.04	0.15	99.80
4	0.00	0.19	0.50	99.31
5	0.00	0.07	0.26	99.67
6	0.00	0.06	0.22	99.72
7	0.00	0.07	0.23	99.69
8	0.00	0.08	0.21	99.72
9	0.00	0.10	0.26	99.64
10	0.00	0.13	0.32	99.55
11	0.01	0.11	0.29	99.59
12	0.01	0.15	0.37	99.48
13	0.00	0.15	0.41	99.43
14	0.01	0.19	0.38	99.41
15	0.01	0.18	0.37	99.45
16	0.01	0.18	0.43	99.39
17	0.01	0.14	0.35	99.50
18	0.02	0.19	0.51	99.28
19	0.03	0.19	0.41	99.36
20	0.07	0.25	0.49	99.19
21	0.09	0.24	0.45	99.22
22	0.11	0.29	0.49	99.11
23	0.13	0.28	0.52	99.07
24	0.13	0.26	0.50	99.11
25	0.15	0.27	0.49	99.09
26	0.15	0.30	0.68	98.86
27	0.17	0.28	0.61	98.94
28	0.17	0.24	0.53	99.06
29	0.21	0.26	0.59	98.93
30	0.23	0.30	0.72	98.75
31	0.22	0.26	0.60	98.92
32	0.24	0.28	0.61	98.88
33	0.26	0.29	0.69	98.76
34	0.26	0.30	0.64	98.80
35	0.26	0.29	0.64	98.81
36	0.28	0.34	0.93	98.45
37	0.27	0.28	0.65	98.81
38	0.27	0.27	0.64	98.82
39	0.32	0.28	0.70	98.71
40	0.34	0.33	1.04	98.29
41	0.33	0.32	0.87	98.48
42	0.32	0.34	0.93	98.41
43	0.30	0.34	0.85	98.51
44	0.32	0.34	0.94	98.40
45	0.34	0.35	1.03	98.28
46	0.37	0.42	1.40	97.81
47	0.43	0.57	2.63	96.37
48	0.39	0.73	3.06	95.82
49	0.45	1.01	4.22	94.33
50	0.48	1.58	5.95	91.99
51	0.46	2.80	5.79	90.95
52	0.45	2.77	4.62	92.16
53	0.42	2.29	3.96	93.33
54	0.41	1.83	3.21	94.55
55	0.40	1.50	2.71	95.39
56	0.44	1.28	2.58	95.71
57	0.41	1.03	2.18	96.39
58	0.41	0.79	1.94	96.86
59	0.37	0.62	1.78	97.23
60	0.37	0.52	1.64	97.48
61	0.41	0.47	1.59	97.53
62	0.43	0.46	1.66	97.45
63	0.43	0.44	1.59	97.54
64	0.48	0.47	1.70	97.36
65	0.44	0.47	1.83	97.26
66	0.45	0.42	1.80	97.33
67	0.48	0.45	1.76	97.31
68	0.52	0.46	1.80	97.22
69	0.51	0.48	1.88	97.12
70	0.54	0.58	3.59	95.28
71	0.54	0.53	2.35	96.58
72	0.52	0.52	2.08	96.88
73	0.56	0.49	2.01	96.94
74	0.54	0.48	2.10	96.87
75	0.58	0.53	2.03	96.86
76	0.56	0.56	2.29	96.58
77	0.60	0.65	2.47	96.28
78	0.57	0.60	2.43	96.40
79	0.60	0.59	2.52	96.29
80	0.59	0.63	2.59	96.18
81	0.62	0.65	3.00	95.72
82	0.67	0.71	2.99	95.63
83	0.66	0.67	3.08	95.59
84	0.68	0.69	3.05	95.58
85	0.69	0.68	3.18	95.46
86	0.71	0.69	3.16	95.44
87	0.73	0.74	3.46	95.07
88	0.75	0.78	3.67	94.80
89	0.76	0.83	3.65	94.76
90	0.83	0.87	3.93	94.38
91	0.85	0.96	4.04	94.15
92	0.86	0.97	3.99	94.17
93	0.86	1.03	4.24	93.87
94	0.93	1.08	4.59	93.39
95	1.59	1.83	8.42	88.16




