Parameters
	Library type	Single-end
	Input file	/Volumes/wdhd/users/joaks1/projects/gekgo/data/genomes/msg/plate3/demultiplexed-raw/fastq/RMB_9555_Gekko_porosus_Sabtang_R1.fq
	Primer/Adaptor library	NA
	Cut-off read length for HQ	70%
	Cut-off quality score	20
	Only statistics	On
	Number of processes	2


QC statistics
	File name	RMB_9555_Gekko_porosus_Sabtang_R1.fq
	Total number of reads	523556
	Total number of HQ reads	519845
	Percentage of HQ reads	99.29%
	Total number of bases	49737820
	Total number of bases in HQ reads	49385275
	Total number of HQ bases in HQ reads	49125580
	Percentage of HQ bases in HQ reads	99.47%
	Number of Primer/Adaptor contaminated HQ reads	NA
	Total number of HQ filtered reads	519845
	Percentage of HQ filtered reads	99.29%


Detailed QC statistics
	File name	RMB_9555_Gekko_porosus_Sabtang_R1.fq
	Minimum read length	95
	Maximum read length	95
	Average read length	95.00
	Total number of reads	523556
	Total number of reads with non-ATGC bases	207
	Percentage of reads with non-ATGC bases	0.04%
	Total number of bases	49737820
	Total number of HQ bases	49304375
	Percentage of HQ bases	99.13%
	Total number of non-ATGC bases	1406
	Percentage of non-ATGC bases	0.00%


Average quality score at each base position of input reads

RMB_9555_Gekko_porosus_Sabtang_R1.fq
36.87	36.45	36.92	36.72	36.94	36.95	36.95	39.67	39.62	39.47	39.41	39.35	39.23	39.24	39.29	39.10	39.25	39.13	39.27	39.12	39.20	38.97	38.98	39.03	39.12	38.93	38.97	39.12	38.80	38.63	38.88	39.04	38.87	38.94	38.94	38.58	38.84	38.96	38.91	38.46	38.54	38.47	38.54	38.35	38.24	37.69	36.81	36.65	36.18	35.88	35.82	36.21	36.57	36.90	37.12	37.15	37.26	37.30	37.26	37.20	37.05	36.92	36.80	36.62	36.48	36.38	36.26	36.17	36.11	34.61	35.30	35.74	35.88	35.89	35.89	35.82	35.74	35.74	35.68	35.63	35.56	35.51	35.50	35.47	35.46	35.42	35.33	35.23	35.22	35.13	35.08	35.03	34.96	34.84	33.58	




Read count (%) per base for different quality score ranges

	RMB_9555_Gekko_porosus_Sabtang_R1.fq
Ranges	0-10	11-20	21-30	31-40
Base
1	0.03	0.15	0.28	99.55
2	0.00	0.02	0.11	99.87
3	0.00	0.03	0.11	99.86
4	0.00	0.14	0.40	99.46
5	0.00	0.04	0.14	99.82
6	0.00	0.05	0.13	99.82
7	0.00	0.05	0.12	99.83
8	0.00	0.05	0.11	99.84
9	0.00	0.06	0.14	99.80
10	0.00	0.08	0.19	99.73
11	0.01	0.07	0.17	99.75
12	0.00	0.10	0.29	99.61
13	0.01	0.09	0.29	99.62
14	0.01	0.13	0.26	99.59
15	0.01	0.12	0.24	99.62
16	0.02	0.12	0.32	99.54
17	0.02	0.10	0.23	99.65
18	0.04	0.12	0.37	99.47
19	0.05	0.13	0.33	99.50
20	0.10	0.15	0.37	99.38
21	0.12	0.17	0.34	99.38
22	0.15	0.18	0.37	99.29
23	0.18	0.18	0.42	99.22
24	0.17	0.16	0.39	99.28
25	0.19	0.18	0.38	99.24
26	0.19	0.21	0.58	99.02
27	0.17	0.19	0.51	99.13
28	0.18	0.18	0.43	99.21
29	0.20	0.21	0.48	99.12
30	0.21	0.23	0.61	98.95
31	0.20	0.21	0.49	99.10
32	0.23	0.22	0.52	99.04
33	0.23	0.25	0.59	98.93
34	0.24	0.25	0.55	98.96
35	0.27	0.23	0.61	98.89
36	0.25	0.30	1.00	98.45
37	0.27	0.24	0.60	98.88
38	0.27	0.25	0.59	98.89
39	0.32	0.25	0.72	98.71
40	0.31	0.30	1.37	98.01
41	0.32	0.28	0.99	98.41
42	0.28	0.32	1.08	98.32
43	0.27	0.31	0.99	98.43
44	0.26	0.31	1.17	98.26
45	0.31	0.31	1.32	98.06
46	0.32	0.37	2.19	97.12
47	0.37	0.52	4.36	94.76
48	0.36	0.66	5.01	93.98
49	0.37	0.96	7.06	91.61
50	0.43	1.47	8.81	89.30
51	0.41	2.48	7.95	89.16
52	0.40	2.40	6.10	91.11
53	0.37	1.94	4.92	92.77
54	0.38	1.53	3.74	94.35
55	0.39	1.26	2.99	95.36
56	0.41	1.05	2.87	95.67
57	0.40	0.84	2.22	96.53
58	0.38	0.68	1.89	97.05
59	0.36	0.53	1.82	97.29
60	0.36	0.44	1.59	97.61
61	0.39	0.42	1.57	97.62
62	0.42	0.42	1.63	97.52
63	0.42	0.40	1.61	97.58
64	0.48	0.45	1.68	97.39
65	0.42	0.44	2.12	97.01
66	0.46	0.42	1.87	97.25
67	0.48	0.44	1.90	97.19
68	0.52	0.48	1.89	97.10
69	0.50	0.46	1.99	97.05
70	0.53	0.56	4.45	94.46
71	0.54	0.52	2.50	96.45
72	0.55	0.51	2.10	96.84
73	0.56	0.52	2.01	96.91
74	0.52	0.48	2.16	96.83
75	0.56	0.52	2.02	96.91
76	0.55	0.57	2.29	96.59
77	0.58	0.64	2.45	96.33
78	0.56	0.59	2.39	96.45
79	0.58	0.61	2.50	96.32
80	0.58	0.63	2.59	96.20
81	0.59	0.65	2.94	95.82
82	0.65	0.69	2.83	95.83
83	0.65	0.69	2.90	95.76
84	0.67	0.72	2.93	95.68
85	0.67	0.70	2.94	95.69
86	0.71	0.72	2.92	95.65
87	0.71	0.76	3.24	95.29
88	0.73	0.84	3.47	94.97
89	0.76	0.87	3.41	94.96
90	0.82	0.95	3.66	94.57
91	0.85	1.03	3.80	94.32
92	0.88	1.05	3.64	94.43
93	0.85	1.09	3.94	94.12
94	0.94	1.13	4.23	93.71
95	1.52	1.97	8.11	88.39




