Parameters
	Library type	Single-end
	Input file	/Volumes/wdhd/users/joaks1/projects/gekgo/data/genomes/msg/plate3/demultiplexed-raw/fastq/RMB_13552_Hemidactylus_frenatus_Luzon_R1.fq
	Primer/Adaptor library	NA
	Cut-off read length for HQ	70%
	Cut-off quality score	20
	Only statistics	On
	Number of processes	2


QC statistics
	File name	RMB_13552_Hemidactylus_frenatus_Luzon_R1.fq
	Total number of reads	519946
	Total number of HQ reads	517318
	Percentage of HQ reads	99.49%
	Total number of bases	49394870
	Total number of bases in HQ reads	49145210
	Total number of HQ bases in HQ reads	48857787
	Percentage of HQ bases in HQ reads	99.42%
	Number of Primer/Adaptor contaminated HQ reads	NA
	Total number of HQ filtered reads	517318
	Percentage of HQ filtered reads	99.49%


Detailed QC statistics
	File name	RMB_13552_Hemidactylus_frenatus_Luzon_R1.fq
	Minimum read length	95
	Maximum read length	95
	Average read length	95.00
	Total number of reads	519946
	Total number of reads with non-ATGC bases	219
	Percentage of reads with non-ATGC bases	0.04%
	Total number of bases	49394870
	Total number of HQ bases	48998528
	Percentage of HQ bases	99.20%
	Total number of non-ATGC bases	1310
	Percentage of non-ATGC bases	0.00%


Average quality score at each base position of input reads

RMB_13552_Hemidactylus_frenatus_Luzon_R1.fq
36.91	36.65	36.92	36.64	36.90	36.92	36.93	39.60	39.55	39.38	39.34	39.34	39.36	39.34	39.33	39.14	39.16	39.02	39.19	39.02	39.09	38.90	38.96	39.02	39.06	38.87	38.90	39.05	38.73	38.59	38.83	38.97	38.82	38.88	38.93	38.63	38.86	38.97	38.94	38.61	38.64	38.64	38.64	38.49	38.37	37.95	37.21	37.08	36.64	36.21	36.10	36.54	36.99	37.37	37.65	37.81	37.96	38.16	38.23	38.23	38.26	38.22	38.12	38.02	37.93	37.79	37.65	37.52	37.34	35.81	36.35	36.66	36.69	36.57	36.48	36.33	36.20	36.08	35.98	35.87	35.77	35.69	35.63	35.58	35.49	35.44	35.35	35.30	35.26	35.20	35.11	35.07	35.00	34.96	33.65	




Read count (%) per base for different quality score ranges

	RMB_13552_Hemidactylus_frenatus_Luzon_R1.fq
Ranges	0-10	11-20	21-30	31-40
Base
1	0.00	0.13	0.22	99.65
2	0.00	0.01	0.09	99.90
3	0.00	0.03	0.13	99.84
4	0.00	0.20	0.53	99.27
5	0.00	0.08	0.27	99.65
6	0.00	0.06	0.21	99.73
7	0.00	0.06	0.19	99.74
8	0.00	0.08	0.22	99.70
9	0.00	0.10	0.27	99.63
10	0.00	0.14	0.36	99.49
11	0.00	0.13	0.33	99.54
12	0.01	0.15	0.35	99.49
13	0.00	0.15	0.47	99.37
14	0.01	0.18	0.39	99.43
15	0.01	0.17	0.40	99.42
16	0.01	0.19	0.52	99.28
17	0.01	0.15	0.38	99.45
18	0.01	0.20	0.59	99.20
19	0.01	0.19	0.39	99.42
20	0.03	0.24	0.53	99.20
21	0.02	0.21	0.46	99.30
22	0.04	0.24	0.48	99.23
23	0.04	0.22	0.47	99.26
24	0.05	0.20	0.43	99.31
25	0.06	0.24	0.51	99.19
26	0.07	0.27	0.67	98.98
27	0.09	0.25	0.56	99.11
28	0.09	0.19	0.48	99.23
29	0.12	0.21	0.56	99.12
30	0.16	0.23	0.68	98.93
31	0.12	0.20	0.53	99.15
32	0.15	0.19	0.54	99.11
33	0.19	0.25	0.66	98.91
34	0.19	0.23	0.61	98.97
35	0.18	0.25	0.62	98.96
36	0.20	0.28	0.85	98.67
37	0.16	0.22	0.63	98.99
38	0.17	0.21	0.63	98.99
39	0.19	0.22	0.72	98.87
40	0.22	0.26	0.97	98.55
41	0.23	0.25	0.90	98.62
42	0.23	0.28	0.91	98.58
43	0.23	0.27	0.83	98.67
44	0.25	0.28	0.94	98.53
45	0.26	0.31	1.04	98.39
46	0.32	0.35	1.45	97.88
47	0.37	0.52	2.67	96.45
48	0.34	0.65	2.90	96.10
49	0.40	1.00	4.14	94.45
50	0.43	1.64	6.18	91.75
51	0.41	2.89	5.88	90.81
52	0.38	2.74	4.64	92.24
53	0.36	2.28	3.85	93.52
54	0.36	1.82	3.19	94.63
55	0.35	1.44	2.75	95.46
56	0.34	1.25	2.45	95.96
57	0.33	1.00	2.25	96.43
58	0.30	0.78	1.96	96.96
59	0.33	0.58	1.83	97.26
60	0.32	0.50	1.89	97.29
61	0.33	0.41	1.52	97.74
62	0.35	0.37	1.47	97.81
63	0.36	0.37	1.59	97.68
64	0.36	0.36	1.59	97.69
65	0.37	0.38	1.51	97.74
66	0.38	0.37	1.71	97.54
67	0.38	0.39	1.72	97.51
68	0.39	0.37	1.70	97.54
69	0.39	0.40	1.86	97.35
70	0.44	0.48	3.44	95.65
71	0.44	0.46	2.33	96.77
72	0.46	0.43	2.12	96.99
73	0.44	0.47	2.04	97.06
74	0.47	0.46	2.16	96.91
75	0.44	0.47	2.09	97.00
76	0.48	0.47	2.36	96.70
77	0.50	0.49	2.40	96.61
78	0.50	0.49	2.53	96.48
79	0.50	0.53	2.62	96.36
80	0.51	0.53	2.72	96.24
81	0.55	0.55	2.98	95.92
82	0.57	0.62	3.06	95.75
83	0.59	0.60	3.16	95.64
84	0.55	0.68	3.16	95.60
85	0.59	0.66	3.47	95.28
86	0.60	0.64	3.45	95.32
87	0.63	0.76	3.65	94.96
88	0.59	0.72	3.89	94.80
89	0.63	0.69	3.85	94.83
90	0.69	0.77	3.93	94.62
91	0.71	0.81	4.18	94.29
92	0.70	0.85	4.19	94.25
93	0.72	0.87	4.37	94.04
94	0.70	0.87	4.43	94.00
95	1.31	1.64	9.10	87.96




