Parameters
	Library type	Single-end
	Input file	/Volumes/wdhd/users/joaks1/projects/gekgo/data/genomes/msg/plate3/demultiplexed-raw/fastq/RMB_6319_Pseudogekko_smaragdinus_Polillo_R1.fq
	Primer/Adaptor library	NA
	Cut-off read length for HQ	70%
	Cut-off quality score	20
	Only statistics	On
	Number of processes	2


QC statistics
	File name	RMB_6319_Pseudogekko_smaragdinus_Polillo_R1.fq
	Total number of reads	8415
	Total number of HQ reads	8343
	Percentage of HQ reads	99.14%
	Total number of bases	799425
	Total number of bases in HQ reads	792585
	Total number of HQ bases in HQ reads	786981
	Percentage of HQ bases in HQ reads	99.29%
	Number of Primer/Adaptor contaminated HQ reads	NA
	Total number of HQ filtered reads	8343
	Percentage of HQ filtered reads	99.14%


Detailed QC statistics
	File name	RMB_6319_Pseudogekko_smaragdinus_Polillo_R1.fq
	Minimum read length	95
	Maximum read length	95
	Average read length	95.00
	Total number of reads	8415
	Total number of reads with non-ATGC bases	3
	Percentage of reads with non-ATGC bases	0.04%
	Total number of bases	799425
	Total number of HQ bases	790712
	Percentage of HQ bases	98.91%
	Total number of non-ATGC bases	20
	Percentage of non-ATGC bases	0.00%


Average quality score at each base position of input reads

RMB_6319_Pseudogekko_smaragdinus_Polillo_R1.fq
35.43	35.29	36.77	36.52	36.82	36.87	36.89	39.52	39.50	39.30	39.27	39.27	39.03	39.05	39.10	38.89	39.00	38.90	39.08	38.88	38.99	38.79	38.83	38.88	38.97	38.68	38.76	38.91	38.65	38.42	38.71	38.92	38.70	38.75	38.78	38.50	38.70	38.83	38.78	38.37	38.39	38.42	38.43	38.27	38.12	37.66	36.75	36.51	36.05	35.75	35.58	36.05	36.51	36.90	37.13	37.22	37.33	37.48	37.48	37.45	37.41	37.31	37.17	37.03	36.83	36.70	36.51	36.30	36.14	34.68	35.33	35.67	35.74	35.75	35.69	35.62	35.62	35.56	35.53	35.43	35.35	35.22	35.21	35.17	35.22	35.13	35.08	34.96	35.03	34.97	34.83	34.79	34.79	34.75	33.37	




Read count (%) per base for different quality score ranges

	RMB_6319_Pseudogekko_smaragdinus_Polillo_R1.fq
Ranges	0-10	11-20	21-30	31-40
Base
1	0.20	0.95	1.83	97.02
2	0.00	0.14	0.64	99.22
3	0.00	0.15	0.36	99.49
4	0.00	0.48	0.75	98.78
5	0.01	0.18	0.46	99.35
6	0.01	0.10	0.40	99.49
7	0.01	0.11	0.30	99.58
8	0.00	0.12	0.34	99.54
9	0.00	0.08	0.36	99.56
10	0.00	0.14	0.51	99.35
11	0.00	0.11	0.33	99.56
12	0.00	0.26	0.50	99.24
13	0.01	0.30	0.59	99.10
14	0.00	0.32	0.63	99.05
15	0.02	0.29	0.50	99.19
16	0.02	0.26	0.81	98.91
17	0.02	0.23	0.57	99.18
18	0.05	0.21	0.63	99.11
19	0.02	0.19	0.72	99.06
20	0.07	0.36	0.74	98.84
21	0.02	0.26	0.67	99.05
22	0.17	0.21	0.67	98.95
23	0.11	0.21	0.63	99.05
24	0.13	0.20	0.65	99.01
25	0.17	0.21	0.61	99.01
26	0.18	0.32	1.06	98.44
27	0.14	0.18	0.92	98.76
28	0.18	0.17	0.70	98.95
29	0.10	0.27	0.92	98.72
30	0.27	0.38	0.78	98.56
31	0.17	0.25	0.92	98.67
32	0.19	0.21	0.77	98.82
33	0.25	0.31	0.95	98.49
34	0.31	0.32	0.78	98.59
35	0.19	0.44	0.88	98.49
36	0.23	0.43	1.37	97.98
37	0.25	0.31	1.05	98.40
38	0.26	0.29	0.84	98.61
39	0.31	0.26	0.90	98.53
40	0.34	0.36	1.27	98.03
41	0.31	0.46	1.44	97.79
42	0.30	0.39	1.33	97.98
43	0.26	0.32	1.47	97.94
44	0.34	0.37	1.34	97.94
45	0.36	0.39	1.46	97.79
46	0.37	0.43	2.08	97.12
47	0.59	0.72	4.30	94.38
48	0.57	1.00	4.88	93.55
49	0.58	1.24	6.87	91.31
50	0.59	1.84	8.69	88.88
51	0.58	2.94	8.34	88.14
52	0.43	2.85	6.89	89.83
53	0.49	2.53	5.28	91.71
54	0.44	1.87	4.28	93.42
55	0.57	1.45	3.62	94.36
56	0.51	1.37	3.57	94.56
57	0.46	1.22	2.99	95.32
58	0.44	0.95	2.64	95.97
59	0.49	0.76	2.35	96.40
60	0.55	0.62	2.33	96.51
61	0.59	0.51	1.95	96.95
62	0.53	0.49	1.87	97.11
63	0.49	0.55	1.88	97.09
64	0.49	0.62	1.90	96.99
65	0.57	0.55	2.10	96.78
66	0.53	0.57	2.09	96.80
67	0.56	0.58	2.28	96.58
68	0.68	0.55	2.48	96.29
69	0.67	0.62	2.63	96.09
70	0.70	0.93	5.05	93.32
71	0.67	0.70	3.29	95.34
72	0.76	0.59	3.18	95.46
73	0.58	0.77	3.14	95.51
74	0.70	0.65	2.69	95.96
75	0.64	0.72	2.99	95.64
76	0.76	0.78	3.03	95.42
77	0.57	0.72	3.05	95.65
78	0.77	0.70	2.95	95.58
79	0.69	0.74	3.16	95.41
80	0.72	0.82	3.49	94.96
81	0.80	0.63	3.92	94.65
82	0.90	0.83	4.10	94.17
83	0.90	0.90	3.99	94.20
84	0.76	1.01	3.87	94.36
85	0.74	0.78	3.61	94.87
86	0.86	0.95	4.15	94.05
87	0.82	0.83	4.16	94.19
88	0.86	1.07	4.69	93.38
89	0.88	0.88	4.66	93.58
90	0.78	1.09	4.54	93.58
91	0.88	1.28	4.85	92.99
92	0.95	1.18	4.96	92.92
93	0.97	1.08	4.82	93.12
94	0.97	1.31	4.58	93.14
95	1.73	2.12	9.23	86.92




