Parameters
	Library type	Single-end
	Input file	/Volumes/wdhd/users/joaks1/projects/gekgo/data/genomes/msg/plate3/demultiplexed-raw/fastq/RMB_9585_Gekko_porosus_Batan_R1.fq
	Primer/Adaptor library	NA
	Cut-off read length for HQ	70%
	Cut-off quality score	20
	Only statistics	On
	Number of processes	2


QC statistics
	File name	RMB_9585_Gekko_porosus_Batan_R1.fq
	Total number of reads	224646
	Total number of HQ reads	222762
	Percentage of HQ reads	99.16%
	Total number of bases	21341370
	Total number of bases in HQ reads	21162390
	Total number of HQ bases in HQ reads	21026876
	Percentage of HQ bases in HQ reads	99.36%
	Number of Primer/Adaptor contaminated HQ reads	NA
	Total number of HQ filtered reads	222762
	Percentage of HQ filtered reads	99.16%


Detailed QC statistics
	File name	RMB_9585_Gekko_porosus_Batan_R1.fq
	Minimum read length	95
	Maximum read length	95
	Average read length	95.00
	Total number of reads	224646
	Total number of reads with non-ATGC bases	88
	Percentage of reads with non-ATGC bases	0.04%
	Total number of bases	21341370
	Total number of HQ bases	21118705
	Percentage of HQ bases	98.96%
	Total number of non-ATGC bases	544
	Percentage of non-ATGC bases	0.00%


Average quality score at each base position of input reads

RMB_9585_Gekko_porosus_Batan_R1.fq
36.86	36.50	36.91	36.66	36.89	36.90	36.90	39.57	39.53	39.37	39.32	39.24	39.33	39.32	39.31	39.13	39.23	39.11	39.21	39.04	39.12	38.92	38.91	38.95	39.04	38.85	38.87	39.03	38.71	38.52	38.78	38.95	38.78	38.84	38.86	38.50	38.77	38.90	38.90	38.49	38.58	38.51	38.59	38.41	38.35	37.86	37.09	37.02	36.61	36.34	36.22	36.62	36.96	37.36	37.66	37.76	37.96	38.09	38.17	38.18	38.10	38.04	37.97	37.82	37.69	37.61	37.47	37.33	37.13	35.63	36.18	36.52	36.57	36.48	36.38	36.21	36.07	36.01	35.89	35.80	35.69	35.62	35.57	35.53	35.49	35.44	35.35	35.25	35.21	35.12	35.08	35.00	34.93	34.82	33.51	




Read count (%) per base for different quality score ranges

	RMB_9585_Gekko_porosus_Batan_R1.fq
Ranges	0-10	11-20	21-30	31-40
Base
1	0.00	0.21	0.31	99.48
2	0.00	0.03	0.14	99.83
3	0.00	0.05	0.16	99.79
4	0.00	0.21	0.54	99.25
5	0.00	0.08	0.31	99.61
6	0.00	0.08	0.28	99.63
7	0.00	0.10	0.30	99.59
8	0.00	0.10	0.28	99.61
9	0.00	0.12	0.33	99.55
10	0.01	0.17	0.38	99.44
11	0.01	0.13	0.39	99.47
12	0.01	0.16	0.49	99.34
13	0.01	0.18	0.52	99.30
14	0.01	0.22	0.44	99.33
15	0.01	0.19	0.46	99.34
16	0.01	0.22	0.52	99.26
17	0.01	0.17	0.42	99.39
18	0.02	0.21	0.57	99.20
19	0.04	0.21	0.51	99.24
20	0.10	0.30	0.58	99.03
21	0.11	0.30	0.53	99.06
22	0.13	0.37	0.55	98.94
23	0.17	0.32	0.60	98.91
24	0.15	0.31	0.60	98.94
25	0.17	0.33	0.57	98.93
26	0.18	0.34	0.77	98.71
27	0.23	0.32	0.68	98.77
28	0.21	0.29	0.63	98.88
29	0.25	0.33	0.72	98.71
30	0.28	0.35	0.84	98.53
31	0.28	0.31	0.71	98.70
32	0.29	0.32	0.72	98.67
33	0.30	0.35	0.85	98.50
34	0.34	0.36	0.75	98.55
35	0.35	0.33	0.77	98.55
36	0.36	0.41	1.08	98.14
37	0.35	0.36	0.77	98.53
38	0.32	0.34	0.78	98.56
39	0.37	0.32	0.81	98.50
40	0.42	0.40	1.13	98.05
41	0.41	0.38	0.96	98.26
42	0.38	0.41	1.05	98.16
43	0.38	0.40	0.96	98.27
44	0.39	0.42	1.07	98.12
45	0.42	0.38	1.16	98.03
46	0.46	0.50	1.58	97.46
47	0.54	0.64	2.79	96.04
48	0.47	0.79	3.15	95.59
49	0.54	1.10	4.33	94.03
50	0.58	1.62	5.81	91.99
51	0.54	2.78	5.67	91.01
52	0.50	2.67	4.57	92.25
53	0.52	2.23	4.00	93.24
54	0.47	1.79	3.28	94.45
55	0.48	1.46	2.79	95.26
56	0.52	1.27	2.65	95.57
57	0.50	1.01	2.25	96.24
58	0.48	0.83	1.99	96.71
59	0.45	0.67	1.95	96.93
60	0.47	0.55	1.81	97.16
61	0.49	0.52	1.73	97.25
62	0.51	0.50	1.75	97.23
63	0.52	0.50	1.74	97.25
64	0.58	0.51	1.78	97.14
65	0.54	0.55	1.95	96.96
66	0.53	0.52	1.91	97.04
67	0.58	0.50	1.90	97.02
68	0.58	0.55	1.96	96.90
69	0.62	0.56	2.08	96.74
70	0.66	0.68	3.80	94.85
71	0.63	0.64	2.58	96.15
72	0.64	0.61	2.22	96.53
73	0.68	0.57	2.21	96.54
74	0.64	0.59	2.25	96.52
75	0.68	0.60	2.20	96.52
76	0.68	0.66	2.36	96.29
77	0.71	0.70	2.62	95.98
78	0.67	0.66	2.63	96.04
79	0.71	0.67	2.66	95.96
80	0.70	0.70	2.77	95.83
81	0.73	0.74	3.15	95.39
82	0.78	0.78	3.03	95.41
83	0.80	0.77	3.21	95.23
84	0.79	0.78	3.26	95.17
85	0.78	0.79	3.32	95.12
86	0.83	0.77	3.35	95.06
87	0.83	0.80	3.55	94.81
88	0.85	0.85	3.78	94.52
89	0.86	0.93	3.77	94.44
90	0.92	0.98	4.10	94.00
91	0.94	1.01	4.20	93.85
92	0.95	1.08	4.13	93.84
93	0.98	1.09	4.37	93.56
94	1.00	1.17	4.65	93.18
95	1.74	1.88	8.41	87.97




