Parameters
	Library type	Single-end
	Input file	/Volumes/wdhd/users/joaks1/projects/gekgo/data/genomes/msg/plate3/demultiplexed-raw/fastq/RMB_5967_Luperosaurus_macgregori_BabuyanClaro_R1.fq
	Primer/Adaptor library	NA
	Cut-off read length for HQ	70%
	Cut-off quality score	20
	Only statistics	On
	Number of processes	2


QC statistics
	File name	RMB_5967_Luperosaurus_macgregori_BabuyanClaro_R1.fq
	Total number of reads	95124
	Total number of HQ reads	94514
	Percentage of HQ reads	99.36%
	Total number of bases	9036780
	Total number of bases in HQ reads	8978830
	Total number of HQ bases in HQ reads	8922938
	Percentage of HQ bases in HQ reads	99.38%
	Number of Primer/Adaptor contaminated HQ reads	NA
	Total number of HQ filtered reads	94514
	Percentage of HQ filtered reads	99.36%


Detailed QC statistics
	File name	RMB_5967_Luperosaurus_macgregori_BabuyanClaro_R1.fq
	Minimum read length	95
	Maximum read length	95
	Average read length	95.00
	Total number of reads	95124
	Total number of reads with non-ATGC bases	42
	Percentage of reads with non-ATGC bases	0.04%
	Total number of bases	9036780
	Total number of HQ bases	8954421
	Percentage of HQ bases	99.09%
	Total number of non-ATGC bases	243
	Percentage of non-ATGC bases	0.00%


Average quality score at each base position of input reads

RMB_5967_Luperosaurus_macgregori_BabuyanClaro_R1.fq
36.81	36.61	36.91	36.60	36.90	36.91	36.92	39.57	39.53	39.38	39.30	39.33	39.30	39.23	39.26	39.03	39.07	38.99	39.18	39.01	39.12	38.90	38.86	38.91	39.03	38.80	38.82	39.01	38.71	38.53	38.76	38.94	38.79	38.85	38.90	38.60	38.79	38.88	38.91	38.48	38.53	38.55	38.58	38.43	38.32	37.85	37.07	36.91	36.42	36.11	35.93	36.22	36.77	37.12	37.43	37.60	37.74	37.85	37.89	37.91	37.88	37.77	37.66	37.54	37.41	37.27	37.07	36.93	36.76	35.28	35.80	36.14	36.18	35.98	35.98	35.91	35.84	35.76	35.69	35.53	35.49	35.38	35.37	35.33	35.27	35.20	35.10	35.05	35.01	35.00	34.86	34.82	34.79	34.65	33.36	




Read count (%) per base for different quality score ranges

	RMB_5967_Luperosaurus_macgregori_BabuyanClaro_R1.fq
Ranges	0-10	11-20	21-30	31-40
Base
1	0.00	0.21	0.35	99.44
2	0.00	0.01	0.10	99.89
3	0.00	0.03	0.13	99.84
4	0.00	0.23	0.59	99.19
5	0.00	0.07	0.27	99.66
6	0.00	0.08	0.21	99.71
7	0.00	0.06	0.22	99.72
8	0.00	0.07	0.25	99.68
9	0.00	0.09	0.25	99.66
10	0.01	0.11	0.35	99.54
11	0.00	0.13	0.35	99.51
12	0.01	0.16	0.36	99.48
13	0.01	0.16	0.48	99.35
14	0.01	0.19	0.38	99.42
15	0.01	0.18	0.34	99.47
16	0.01	0.20	0.46	99.33
17	0.01	0.16	0.36	99.47
18	0.01	0.17	0.55	99.26
19	0.02	0.16	0.38	99.44
20	0.07	0.21	0.46	99.25
21	0.04	0.20	0.41	99.34
22	0.05	0.25	0.53	99.16
23	0.07	0.26	0.51	99.17
24	0.07	0.20	0.51	99.22
25	0.10	0.22	0.51	99.17
26	0.10	0.28	0.74	98.88
27	0.14	0.22	0.62	99.01
28	0.13	0.22	0.48	99.17
29	0.18	0.24	0.63	98.95
30	0.18	0.26	0.72	98.84
31	0.18	0.24	0.62	98.96
32	0.16	0.21	0.63	99.00
33	0.22	0.24	0.67	98.87
34	0.21	0.25	0.63	98.92
35	0.22	0.24	0.64	98.90
36	0.25	0.31	0.91	98.52
37	0.23	0.26	0.73	98.77
38	0.22	0.22	0.65	98.90
39	0.24	0.20	0.75	98.80
40	0.28	0.28	1.15	98.29
41	0.28	0.25	1.01	98.46
42	0.29	0.31	1.01	98.39
43	0.22	0.30	1.00	98.49
44	0.28	0.32	1.09	98.30
45	0.28	0.35	1.15	98.21
46	0.35	0.38	1.65	97.62
47	0.46	0.60	3.06	95.88
48	0.38	0.73	3.70	95.19
49	0.46	1.08	5.18	93.28
50	0.50	1.69	6.93	90.88
51	0.48	2.88	6.71	89.92
52	0.49	2.84	5.77	90.90
53	0.42	2.28	4.54	92.77
54	0.44	1.82	3.69	94.05
55	0.41	1.38	3.13	95.08
56	0.42	1.19	2.68	95.70
57	0.39	0.93	2.43	96.24
58	0.41	0.76	2.11	96.72
59	0.40	0.58	2.00	97.01
60	0.43	0.48	1.81	97.28
61	0.42	0.41	1.76	97.41
62	0.43	0.40	1.82	97.36
63	0.44	0.45	1.82	97.29
64	0.43	0.46	1.86	97.25
65	0.41	0.44	1.82	97.34
66	0.42	0.44	1.97	97.17
67	0.48	0.42	2.11	96.99
68	0.51	0.46	2.21	96.83
69	0.51	0.50	2.22	96.76
70	0.46	0.61	4.19	94.75
71	0.54	0.54	2.76	96.17
72	0.52	0.49	2.48	96.51
73	0.54	0.45	2.38	96.62
74	0.64	0.64	2.88	95.84
75	0.56	0.57	2.61	96.25
76	0.58	0.54	2.65	96.22
77	0.57	0.56	2.75	96.13
78	0.58	0.58	2.86	95.99
79	0.58	0.57	3.05	95.80
80	0.64	0.69	3.30	95.37
81	0.68	0.65	3.56	95.11
82	0.70	0.74	3.81	94.75
83	0.65	0.72	3.72	94.90
84	0.67	0.79	3.65	94.88
85	0.71	0.78	3.84	94.66
86	0.80	0.82	3.99	94.39
87	0.74	0.89	4.28	94.09
88	0.76	0.78	4.39	94.07
89	0.79	0.82	4.40	94.00
90	0.73	0.89	4.42	93.96
91	0.78	1.02	4.92	93.28
92	0.81	1.05	4.76	93.38
93	0.84	1.08	4.83	93.25
94	0.83	1.19	5.32	92.66
95	1.51	1.99	9.74	86.76




