Parameters
	Library type	Single-end
	Input file	/Volumes/wdhd/users/joaks1/projects/gekgo/data/genomes/msg/plate3/demultiplexed-raw/fastq/RMB_6370_Gekko_sp.a_Dalupiri_R1.fq
	Primer/Adaptor library	NA
	Cut-off read length for HQ	70%
	Cut-off quality score	20
	Only statistics	On
	Number of processes	2


QC statistics
	File name	RMB_6370_Gekko_sp.a_Dalupiri_R1.fq
	Total number of reads	375511
	Total number of HQ reads	372412
	Percentage of HQ reads	99.17%
	Total number of bases	35673545
	Total number of bases in HQ reads	35379140
	Total number of HQ bases in HQ reads	35147411
	Percentage of HQ bases in HQ reads	99.35%
	Number of Primer/Adaptor contaminated HQ reads	NA
	Total number of HQ filtered reads	372412
	Percentage of HQ filtered reads	99.17%


Detailed QC statistics
	File name	RMB_6370_Gekko_sp.a_Dalupiri_R1.fq
	Minimum read length	95
	Maximum read length	95
	Average read length	95.00
	Total number of reads	375511
	Total number of reads with non-ATGC bases	160
	Percentage of reads with non-ATGC bases	0.04%
	Total number of bases	35673545
	Total number of HQ bases	35296381
	Percentage of HQ bases	98.94%
	Total number of non-ATGC bases	1179
	Percentage of non-ATGC bases	0.00%


Average quality score at each base position of input reads

RMB_6370_Gekko_sp.a_Dalupiri_R1.fq
36.83	36.53	36.91	36.63	36.88	36.90	36.90	39.56	39.52	39.36	39.29	39.23	39.28	39.25	39.24	39.01	39.14	39.04	39.17	39.02	39.08	38.86	38.86	38.89	39.01	38.79	38.82	38.97	38.67	38.49	38.76	38.92	38.74	38.80	38.83	38.47	38.73	38.84	38.85	38.40	38.51	38.43	38.51	38.35	38.27	37.78	36.98	36.87	36.46	36.16	36.08	36.49	36.83	37.22	37.53	37.63	37.81	37.92	37.98	38.00	37.91	37.81	37.73	37.57	37.41	37.28	37.13	36.97	36.81	35.35	35.89	36.21	36.25	36.16	36.09	35.97	35.87	35.81	35.72	35.64	35.54	35.46	35.43	35.39	35.37	35.31	35.20	35.13	35.09	35.03	34.98	34.90	34.85	34.73	33.47	




Read count (%) per base for different quality score ranges

	RMB_6370_Gekko_sp.a_Dalupiri_R1.fq
Ranges	0-10	11-20	21-30	31-40
Base
1	0.00	0.20	0.33	99.47
2	0.00	0.02	0.13	99.85
3	0.00	0.04	0.16	99.80
4	0.00	0.22	0.55	99.23
5	0.00	0.10	0.36	99.54
6	0.00	0.08	0.31	99.61
7	0.00	0.10	0.31	99.59
8	0.00	0.10	0.31	99.58
9	0.01	0.13	0.34	99.53
10	0.00	0.16	0.43	99.41
11	0.01	0.13	0.41	99.45
12	0.01	0.19	0.49	99.32
13	0.01	0.19	0.55	99.25
14	0.01	0.23	0.47	99.29
15	0.01	0.21	0.44	99.34
16	0.01	0.22	0.54	99.23
17	0.01	0.17	0.44	99.38
18	0.02	0.21	0.61	99.15
19	0.04	0.23	0.49	99.25
20	0.08	0.29	0.60	99.03
21	0.11	0.30	0.55	99.04
22	0.16	0.34	0.60	98.91
23	0.19	0.32	0.62	98.87
24	0.18	0.31	0.62	98.90
25	0.21	0.29	0.58	98.91
26	0.24	0.36	0.78	98.63
27	0.24	0.32	0.75	98.69
28	0.24	0.28	0.63	98.85
29	0.31	0.29	0.67	98.73
30	0.30	0.34	0.82	98.55
31	0.27	0.29	0.73	98.71
32	0.29	0.31	0.70	98.69
33	0.30	0.35	0.81	98.54
34	0.34	0.34	0.75	98.57
35	0.35	0.33	0.74	98.58
36	0.37	0.41	1.07	98.14
37	0.35	0.34	0.79	98.51
38	0.34	0.34	0.79	98.52
39	0.38	0.32	0.86	98.44
40	0.43	0.41	1.28	97.88
41	0.40	0.37	1.04	98.18
42	0.42	0.41	1.09	98.08
43	0.39	0.40	1.04	98.18
44	0.39	0.42	1.17	98.02
45	0.40	0.41	1.32	97.87
46	0.47	0.49	1.79	97.25
47	0.52	0.70	3.21	95.57
48	0.51	0.82	3.69	94.97
49	0.56	1.10	5.09	93.26
50	0.57	1.69	6.77	90.97
51	0.57	2.73	6.43	90.27
52	0.49	2.65	5.09	91.77
53	0.49	2.25	4.39	92.87
54	0.48	1.71	3.63	94.18
55	0.48	1.42	2.96	95.14
56	0.52	1.21	2.85	95.42
57	0.47	0.98	2.44	96.11
58	0.48	0.78	2.18	96.56
59	0.44	0.64	2.02	96.89
60	0.44	0.54	1.80	97.21
61	0.46	0.50	1.79	97.25
62	0.50	0.50	1.81	97.19
63	0.50	0.49	1.78	97.22
64	0.54	0.49	1.82	97.15
65	0.54	0.54	2.00	96.91
66	0.55	0.51	2.01	96.93
67	0.61	0.54	2.01	96.84
68	0.60	0.55	2.11	96.73
69	0.61	0.57	2.15	96.67
70	0.63	0.69	4.10	94.57
71	0.65	0.62	2.68	96.05
72	0.62	0.62	2.42	96.34
73	0.62	0.59	2.35	96.43
74	0.67	0.57	2.45	96.32
75	0.69	0.60	2.31	96.39
76	0.68	0.66	2.53	96.14
77	0.69	0.72	2.72	95.87
78	0.69	0.67	2.72	95.91
79	0.71	0.68	2.88	95.73
80	0.71	0.72	3.00	95.57
81	0.75	0.76	3.38	95.11
82	0.83	0.77	3.36	95.04
83	0.83	0.79	3.39	94.99
84	0.81	0.81	3.47	94.92
85	0.83	0.81	3.53	94.83
86	0.86	0.85	3.53	94.76
87	0.92	0.88	3.84	94.36
88	0.89	0.95	3.99	94.17
89	0.92	0.97	3.99	94.12
90	0.95	1.03	4.21	93.81
91	0.99	1.08	4.33	93.61
92	1.00	1.14	4.34	93.52
93	1.01	1.13	4.53	93.32
94	1.04	1.25	4.87	92.84
95	1.66	1.93	8.79	87.63




