Parameters
	Library type	Single-end
	Input file	/Volumes/wdhd/users/joaks1/projects/gekgo/data/genomes/msg/plate3/demultiplexed-raw/fastq/RMB_7938_Gekko_monarchus_Palawan_R1.fq
	Primer/Adaptor library	NA
	Cut-off read length for HQ	70%
	Cut-off quality score	20
	Only statistics	On
	Number of processes	2


QC statistics
	File name	RMB_7938_Gekko_monarchus_Palawan_R1.fq
	Total number of reads	400489
	Total number of HQ reads	397606
	Percentage of HQ reads	99.28%
	Total number of bases	38046455
	Total number of bases in HQ reads	37772570
	Total number of HQ bases in HQ reads	37580120
	Percentage of HQ bases in HQ reads	99.49%
	Number of Primer/Adaptor contaminated HQ reads	NA
	Total number of HQ filtered reads	397606
	Percentage of HQ filtered reads	99.28%


Detailed QC statistics
	File name	RMB_7938_Gekko_monarchus_Palawan_R1.fq
	Minimum read length	95
	Maximum read length	95
	Average read length	95.00
	Total number of reads	400489
	Total number of reads with non-ATGC bases	146
	Percentage of reads with non-ATGC bases	0.04%
	Total number of bases	38046455
	Total number of HQ bases	37720502
	Percentage of HQ bases	99.14%
	Total number of non-ATGC bases	968
	Percentage of non-ATGC bases	0.00%


Average quality score at each base position of input reads

RMB_7938_Gekko_monarchus_Palawan_R1.fq
36.80	34.96	36.87	36.69	36.93	36.94	36.92	39.58	39.56	39.49	39.43	39.36	39.41	39.43	39.43	39.18	39.26	39.15	39.29	39.15	39.23	38.99	38.99	39.05	39.10	38.93	38.97	39.15	38.87	38.72	38.94	39.10	38.96	38.98	39.04	38.78	38.98	39.05	39.03	38.67	38.73	38.73	38.74	38.63	38.54	37.91	37.29	37.07	36.71	36.37	36.39	36.61	37.18	37.51	37.75	37.91	38.04	38.23	38.31	38.33	38.28	38.20	38.09	37.91	37.77	37.66	37.49	37.35	37.08	35.58	36.19	36.55	36.59	36.50	36.38	36.26	36.13	36.07	35.97	35.89	35.81	35.76	35.71	35.70	35.64	35.61	35.47	35.45	35.40	35.31	35.26	35.23	35.16	35.07	33.75	




Read count (%) per base for different quality score ranges

	RMB_7938_Gekko_monarchus_Palawan_R1.fq
Ranges	0-10	11-20	21-30	31-40
Base
1	0.00	0.23	0.36	99.41
2	0.00	0.03	0.32	99.64
3	0.00	0.03	0.14	99.83
4	0.00	0.14	0.40	99.46
5	0.00	0.04	0.18	99.78
6	0.00	0.04	0.15	99.81
7	0.00	0.08	0.24	99.68
8	0.00	0.07	0.18	99.75
9	0.00	0.08	0.18	99.74
10	0.00	0.09	0.24	99.67
11	0.00	0.10	0.24	99.66
12	0.01	0.12	0.30	99.58
13	0.01	0.11	0.35	99.54
14	0.01	0.14	0.31	99.54
15	0.01	0.12	0.26	99.61
16	0.00	0.12	0.34	99.53
17	0.01	0.10	0.26	99.62
18	0.02	0.13	0.41	99.45
19	0.03	0.14	0.34	99.49
20	0.06	0.19	0.39	99.36
21	0.09	0.19	0.35	99.37
22	0.12	0.25	0.42	99.21
23	0.14	0.24	0.44	99.18
24	0.14	0.21	0.43	99.23
25	0.16	0.24	0.42	99.19
26	0.17	0.25	0.56	99.02
27	0.17	0.22	0.48	99.13
28	0.18	0.20	0.45	99.17
29	0.21	0.21	0.51	99.07
30	0.24	0.26	0.59	98.91
31	0.22	0.22	0.47	99.09
32	0.25	0.23	0.50	99.02
33	0.24	0.25	0.56	98.95
34	0.24	0.25	0.53	98.98
35	0.25	0.25	0.54	98.96
36	0.27	0.30	0.74	98.70
37	0.28	0.25	0.57	98.90
38	0.27	0.26	0.55	98.92
39	0.36	0.26	0.64	98.74
40	0.31	0.30	0.89	98.50
41	0.35	0.29	0.75	98.62
42	0.32	0.28	0.81	98.59
43	0.31	0.29	0.70	98.70
44	0.29	0.29	0.79	98.63
45	0.32	0.32	0.89	98.47
46	0.35	0.39	1.27	97.99
47	0.40	0.52	2.45	96.63
48	0.36	0.61	2.77	96.26
49	0.43	0.97	4.13	94.47
50	0.45	1.49	5.83	92.23
51	0.42	2.37	5.40	91.81
52	0.43	2.52	4.93	92.11
53	0.41	1.97	3.63	94.00
54	0.41	1.63	3.01	94.95
55	0.38	1.37	2.53	95.72
56	0.41	1.17	2.33	96.09
57	0.44	0.97	2.00	96.59
58	0.39	0.70	1.75	97.16
59	0.40	0.53	1.58	97.49
60	0.38	0.43	1.40	97.78
61	0.43	0.42	1.31	97.84
62	0.39	0.41	1.41	97.79
63	0.37	0.39	1.36	97.88
64	0.47	0.39	1.44	97.69
65	0.45	0.41	1.63	97.50
66	0.45	0.41	1.56	97.58
67	0.48	0.40	1.63	97.49
68	0.53	0.44	1.52	97.51
69	0.51	0.47	1.74	97.28
70	0.58	0.55	3.43	95.43
71	0.55	0.51	2.16	96.78
72	0.53	0.49	1.81	97.16
73	0.57	0.46	1.72	97.24
74	0.51	0.48	1.92	97.09
75	0.61	0.48	1.81	97.10
76	0.52	0.51	2.04	96.93
77	0.58	0.58	2.14	96.70
78	0.59	0.52	2.11	96.78
79	0.64	0.57	2.38	96.42
80	0.60	0.60	2.36	96.44
81	0.58	0.60	2.58	96.24
82	0.62	0.64	2.61	96.13
83	0.64	0.61	2.75	95.99
84	0.65	0.64	2.59	96.12
85	0.67	0.65	2.82	95.87
86	0.71	0.63	2.78	95.87
87	0.69	0.66	3.09	95.55
88	0.70	0.70	3.12	95.48
89	0.69	0.71	3.24	95.35
90	0.80	0.75	3.35	95.10
91	0.82	0.85	3.56	94.77
92	0.87	0.83	3.40	94.90
93	0.83	0.92	3.61	94.64
94	0.88	0.93	4.01	94.18
95	1.47	1.63	7.97	88.92




