Parameters
	Library type	Single-end
	Input file	/Volumes/wdhd/users/joaks1/projects/gekgo/data/genomes/msg/plate3/demultiplexed-raw/fastq/RMB_6060_Gekko_rossi_Calayan_R1.fq
	Primer/Adaptor library	NA
	Cut-off read length for HQ	70%
	Cut-off quality score	20
	Only statistics	On
	Number of processes	2


QC statistics
	File name	RMB_6060_Gekko_rossi_Calayan_R1.fq
	Total number of reads	118452
	Total number of HQ reads	117313
	Percentage of HQ reads	99.04%
	Total number of bases	11252940
	Total number of bases in HQ reads	11144735
	Total number of HQ bases in HQ reads	11066921
	Percentage of HQ bases in HQ reads	99.30%
	Number of Primer/Adaptor contaminated HQ reads	NA
	Total number of HQ filtered reads	117313
	Percentage of HQ filtered reads	99.04%


Detailed QC statistics
	File name	RMB_6060_Gekko_rossi_Calayan_R1.fq
	Minimum read length	95
	Maximum read length	95
	Average read length	95.00
	Total number of reads	118452
	Total number of reads with non-ATGC bases	44
	Percentage of reads with non-ATGC bases	0.04%
	Total number of bases	11252940
	Total number of HQ bases	11121319
	Percentage of HQ bases	98.83%
	Total number of non-ATGC bases	281
	Percentage of non-ATGC bases	0.00%


Average quality score at each base position of input reads

RMB_6060_Gekko_rossi_Calayan_R1.fq
36.82	36.61	36.90	36.61	36.87	36.90	36.89	39.54	39.48	39.32	39.27	39.21	39.24	39.18	39.16	38.95	39.09	38.97	39.11	38.94	39.02	38.79	38.77	38.83	38.94	38.73	38.75	38.92	38.58	38.39	38.66	38.84	38.66	38.72	38.74	38.37	38.64	38.76	38.76	38.30	38.40	38.34	38.41	38.25	38.17	37.66	36.83	36.73	36.28	35.98	35.91	36.34	36.68	37.09	37.38	37.46	37.67	37.77	37.83	37.84	37.74	37.62	37.54	37.35	37.20	37.08	36.91	36.74	36.59	35.13	35.69	36.01	36.07	36.01	35.92	35.82	35.69	35.67	35.58	35.49	35.41	35.32	35.30	35.27	35.24	35.18	35.08	34.97	34.98	34.87	34.85	34.75	34.70	34.58	33.31	




Read count (%) per base for different quality score ranges

	RMB_6060_Gekko_rossi_Calayan_R1.fq
Ranges	0-10	11-20	21-30	31-40
Base
1	0.00	0.25	0.38	99.38
2	0.00	0.03	0.14	99.83
3	0.00	0.05	0.16	99.79
4	0.00	0.23	0.63	99.14
5	0.00	0.10	0.37	99.53
6	0.00	0.07	0.34	99.59
7	0.00	0.10	0.33	99.56
8	0.00	0.09	0.32	99.59
9	0.01	0.13	0.39	99.47
10	0.01	0.16	0.47	99.36
11	0.01	0.16	0.42	99.41
12	0.01	0.18	0.54	99.27
13	0.01	0.19	0.55	99.25
14	0.02	0.22	0.52	99.23
15	0.01	0.23	0.56	99.20
16	0.02	0.22	0.60	99.16
17	0.02	0.20	0.51	99.27
18	0.04	0.25	0.64	99.07
19	0.05	0.24	0.59	99.13
20	0.12	0.31	0.67	98.90
21	0.15	0.31	0.59	98.95
22	0.19	0.36	0.69	98.76
23	0.20	0.41	0.76	98.63
24	0.20	0.30	0.74	98.76
25	0.26	0.31	0.65	98.78
26	0.30	0.36	0.86	98.48
27	0.26	0.34	0.82	98.57
28	0.26	0.30	0.72	98.72
29	0.35	0.33	0.79	98.54
30	0.35	0.41	0.94	98.30
31	0.31	0.35	0.82	98.52
32	0.32	0.38	0.79	98.51
33	0.37	0.41	0.90	98.32
34	0.39	0.44	0.85	98.33
35	0.40	0.40	0.83	98.36
36	0.43	0.43	1.24	97.90
37	0.42	0.38	0.90	98.30
38	0.43	0.38	0.85	98.34
39	0.49	0.35	0.90	98.26
40	0.50	0.44	1.48	97.59
41	0.47	0.45	1.19	97.89
42	0.44	0.47	1.29	97.80
43	0.45	0.43	1.17	97.95
44	0.43	0.45	1.33	97.79
45	0.44	0.46	1.46	97.63
46	0.53	0.57	2.04	96.86
47	0.61	0.75	3.67	94.97
48	0.56	0.92	4.06	94.46
49	0.61	1.21	5.77	92.41
50	0.69	1.83	7.26	90.22
51	0.64	2.85	6.98	89.53
52	0.60	2.71	5.45	91.24
53	0.56	2.33	4.70	92.41
54	0.56	1.76	3.85	93.83
55	0.55	1.49	3.24	94.72
56	0.57	1.27	3.21	94.94
57	0.55	1.00	2.57	95.88
58	0.53	0.84	2.32	96.31
59	0.51	0.70	2.24	96.55
60	0.50	0.60	1.99	96.91
61	0.53	0.56	1.95	96.96
62	0.57	0.63	2.00	96.81
63	0.57	0.57	2.01	96.85
64	0.63	0.60	2.17	96.59
65	0.60	0.64	2.31	96.45
66	0.66	0.55	2.26	96.53
67	0.70	0.60	2.26	96.45
68	0.70	0.63	2.30	96.37
69	0.75	0.61	2.35	96.29
70	0.73	0.76	4.40	94.11
71	0.70	0.72	3.00	95.59
72	0.72	0.66	2.61	96.01
73	0.72	0.67	2.50	96.11
74	0.71	0.62	2.66	96.01
75	0.79	0.66	2.51	96.04
76	0.73	0.72	2.80	95.76
77	0.79	0.79	3.05	95.37
78	0.75	0.72	3.03	95.51
79	0.78	0.75	3.16	95.31
80	0.77	0.84	3.28	95.11
81	0.84	0.79	3.53	94.84
82	0.91	0.89	3.54	94.66
83	0.87	0.88	3.73	94.52
84	0.94	0.85	3.65	94.57
85	0.90	0.91	3.71	94.48
86	0.94	0.95	3.87	94.24
87	0.96	0.95	4.10	93.99
88	1.02	1.03	4.27	93.68
89	0.97	1.10	4.15	93.78
90	1.06	1.15	4.44	93.36
91	1.07	1.13	4.60	93.20
92	1.13	1.26	4.53	93.08
93	1.11	1.28	4.74	92.87
94	1.18	1.32	5.08	92.41
95	1.82	2.09	9.26	86.83




