Parameters
	Library type	Single-end
	Input file	/Volumes/wdhd/users/joaks1/projects/gekgo/data/genomes/msg/plate3/demultiplexed-raw/fastq/RMB_6056_Gekko_rossi_Calayan_R1.fq
	Primer/Adaptor library	NA
	Cut-off read length for HQ	70%
	Cut-off quality score	20
	Only statistics	On
	Number of processes	2


QC statistics
	File name	RMB_6056_Gekko_rossi_Calayan_R1.fq
	Total number of reads	1252386
	Total number of HQ reads	1242649
	Percentage of HQ reads	99.22%
	Total number of bases	118976670
	Total number of bases in HQ reads	118051655
	Total number of HQ bases in HQ reads	117306547
	Percentage of HQ bases in HQ reads	99.37%
	Number of Primer/Adaptor contaminated HQ reads	NA
	Total number of HQ filtered reads	1242649
	Percentage of HQ filtered reads	99.22%


Detailed QC statistics
	File name	RMB_6056_Gekko_rossi_Calayan_R1.fq
	Minimum read length	95
	Maximum read length	95
	Average read length	95.00
	Total number of reads	1252386
	Total number of reads with non-ATGC bases	544
	Percentage of reads with non-ATGC bases	0.04%
	Total number of bases	118976670
	Total number of HQ bases	117782031
	Percentage of HQ bases	99.00%
	Total number of non-ATGC bases	3759
	Percentage of non-ATGC bases	0.00%


Average quality score at each base position of input reads

RMB_6056_Gekko_rossi_Calayan_R1.fq
36.48	34.99	36.85	36.60	36.90	36.91	36.92	39.59	39.53	39.38	39.33	39.25	39.33	39.29	39.29	39.10	39.20	39.07	39.20	39.05	39.12	38.90	38.88	38.90	39.03	38.83	38.86	39.03	38.69	38.51	38.78	38.94	38.76	38.83	38.86	38.50	38.77	38.89	38.88	38.45	38.54	38.47	38.56	38.40	38.34	37.84	37.04	36.95	36.55	36.23	36.14	36.53	36.90	37.29	37.60	37.71	37.92	38.05	38.11	38.12	38.04	37.96	37.89	37.72	37.58	37.48	37.34	37.17	37.01	35.49	36.02	36.38	36.43	36.35	36.26	36.10	35.95	35.91	35.80	35.71	35.59	35.52	35.48	35.44	35.40	35.35	35.24	35.14	35.12	35.02	34.98	34.89	34.83	34.69	33.42	




Read count (%) per base for different quality score ranges

	RMB_6056_Gekko_rossi_Calayan_R1.fq
Ranges	0-10	11-20	21-30	31-40
Base
1	0.00	0.37	0.66	98.96
2	0.00	0.04	0.38	99.58
3	0.00	0.06	0.19	99.75
4	0.00	0.21	0.57	99.21
5	0.00	0.08	0.29	99.63
6	0.00	0.07	0.25	99.68
7	0.00	0.08	0.24	99.68
8	0.00	0.08	0.23	99.68
9	0.00	0.11	0.29	99.61
10	0.00	0.14	0.37	99.49
11	0.01	0.12	0.32	99.54
12	0.01	0.16	0.42	99.41
13	0.01	0.16	0.45	99.38
14	0.01	0.21	0.44	99.34
15	0.01	0.20	0.41	99.38
16	0.01	0.20	0.49	99.31
17	0.01	0.16	0.40	99.43
18	0.02	0.20	0.55	99.23
19	0.03	0.19	0.46	99.31
20	0.07	0.27	0.55	99.11
21	0.11	0.27	0.49	99.13
22	0.13	0.31	0.55	99.01
23	0.14	0.31	0.59	98.96
24	0.14	0.29	0.58	98.99
25	0.16	0.29	0.56	98.99
26	0.19	0.32	0.73	98.76
27	0.20	0.30	0.70	98.81
28	0.19	0.25	0.58	98.97
29	0.26	0.27	0.66	98.81
30	0.26	0.33	0.81	98.60
31	0.24	0.27	0.69	98.80
32	0.27	0.29	0.68	98.77
33	0.29	0.32	0.78	98.60
34	0.30	0.32	0.73	98.65
35	0.30	0.30	0.70	98.69
36	0.33	0.37	1.03	98.27
37	0.31	0.31	0.72	98.65
38	0.31	0.31	0.71	98.66
39	0.37	0.30	0.77	98.56
40	0.38	0.38	1.16	98.07
41	0.37	0.34	0.97	98.32
42	0.36	0.37	1.00	98.26
43	0.34	0.37	0.94	98.35
44	0.36	0.39	1.05	98.20
45	0.38	0.39	1.14	98.09
46	0.42	0.47	1.64	97.47
47	0.49	0.65	2.96	95.90
48	0.45	0.78	3.33	95.44
49	0.49	1.08	4.61	93.82
50	0.53	1.66	6.35	91.46
51	0.52	2.76	6.04	90.68
52	0.48	2.66	4.90	91.96
53	0.46	2.22	4.15	93.17
54	0.46	1.77	3.40	94.37
55	0.44	1.46	2.87	95.24
56	0.47	1.22	2.78	95.54
57	0.45	0.98	2.28	96.29
58	0.43	0.76	2.06	96.75
59	0.43	0.61	1.91	97.05
60	0.42	0.54	1.77	97.27
61	0.44	0.50	1.76	97.30
62	0.47	0.50	1.80	97.23
63	0.48	0.48	1.75	97.30
64	0.52	0.49	1.85	97.14
65	0.51	0.51	2.00	96.99
66	0.51	0.48	2.00	97.02
67	0.53	0.50	1.96	97.01
68	0.58	0.54	1.99	96.89
69	0.57	0.53	2.04	96.85
70	0.60	0.65	3.97	94.78
71	0.64	0.61	2.61	96.14
72	0.59	0.58	2.32	96.51
73	0.60	0.56	2.23	96.61
74	0.59	0.56	2.31	96.55
75	0.63	0.58	2.25	96.54
76	0.59	0.62	2.44	96.34
77	0.65	0.69	2.75	95.91
78	0.62	0.66	2.67	96.05
79	0.66	0.67	2.81	95.86
80	0.69	0.69	2.94	95.67
81	0.68	0.74	3.27	95.31
82	0.75	0.79	3.29	95.18
83	0.77	0.74	3.33	95.16
84	0.77	0.77	3.33	95.13
85	0.78	0.77	3.45	95.00
86	0.78	0.80	3.48	94.94
87	0.80	0.85	3.82	94.53
88	0.83	0.89	3.99	94.29
89	0.85	0.91	3.93	94.30
90	0.91	0.99	4.26	93.85
91	0.93	1.03	4.40	93.64
92	0.96	1.07	4.37	93.59
93	0.95	1.11	4.58	93.37
94	1.02	1.18	4.89	92.91
95	1.66	1.95	9.05	87.34




