Parameters
	Library type	Single-end
	Input file	/Volumes/wdhd/users/joaks1/projects/gekgo/data/genomes/msg/plate3/demultiplexed-raw/fastq/RMB_6059_Gekko_rossi_Calayan_R1.fq
	Primer/Adaptor library	NA
	Cut-off read length for HQ	70%
	Cut-off quality score	20
	Only statistics	On
	Number of processes	2


QC statistics
	File name	RMB_6059_Gekko_rossi_Calayan_R1.fq
	Total number of reads	429937
	Total number of HQ reads	426579
	Percentage of HQ reads	99.22%
	Total number of bases	40844015
	Total number of bases in HQ reads	40525005
	Total number of HQ bases in HQ reads	40280782
	Percentage of HQ bases in HQ reads	99.40%
	Number of Primer/Adaptor contaminated HQ reads	NA
	Total number of HQ filtered reads	426579
	Percentage of HQ filtered reads	99.22%


Detailed QC statistics
	File name	RMB_6059_Gekko_rossi_Calayan_R1.fq
	Minimum read length	95
	Maximum read length	95
	Average read length	95.00
	Total number of reads	429937
	Total number of reads with non-ATGC bases	219
	Percentage of reads with non-ATGC bases	0.05%
	Total number of bases	40844015
	Total number of HQ bases	40443487
	Percentage of HQ bases	99.02%
	Total number of non-ATGC bases	1396
	Percentage of non-ATGC bases	0.00%


Average quality score at each base position of input reads

RMB_6059_Gekko_rossi_Calayan_R1.fq
36.88	36.68	36.92	36.65	36.90	36.91	36.91	39.59	39.54	39.39	39.35	39.28	39.35	39.33	39.34	39.18	39.26	39.13	39.24	39.06	39.13	38.94	38.91	38.95	39.07	38.87	38.90	39.05	38.74	38.56	38.81	38.98	38.81	38.88	38.91	38.57	38.82	38.94	38.94	38.52	38.60	38.55	38.63	38.47	38.40	37.92	37.16	37.05	36.65	36.34	36.25	36.64	37.02	37.39	37.70	37.82	38.03	38.16	38.23	38.25	38.18	38.10	38.04	37.89	37.76	37.66	37.52	37.38	37.21	35.70	36.24	36.58	36.62	36.54	36.44	36.27	36.11	36.05	35.94	35.85	35.75	35.64	35.61	35.57	35.52	35.47	35.36	35.27	35.25	35.16	35.11	35.03	34.97	34.84	33.57	




Read count (%) per base for different quality score ranges

	RMB_6059_Gekko_rossi_Calayan_R1.fq
Ranges	0-10	11-20	21-30	31-40
Base
1	0.00	0.18	0.27	99.55
2	0.00	0.02	0.11	99.87
3	0.00	0.04	0.15	99.81
4	0.00	0.23	0.56	99.21
5	0.00	0.07	0.28	99.64
6	0.00	0.07	0.24	99.69
7	0.00	0.08	0.26	99.66
8	0.00	0.08	0.24	99.68
9	0.00	0.11	0.28	99.61
10	0.00	0.14	0.36	99.49
11	0.01	0.12	0.31	99.56
12	0.00	0.16	0.40	99.43
13	0.01	0.15	0.44	99.40
14	0.01	0.20	0.41	99.37
15	0.01	0.18	0.41	99.40
16	0.01	0.19	0.45	99.35
17	0.01	0.14	0.38	99.47
18	0.02	0.18	0.53	99.28
19	0.03	0.18	0.44	99.34
20	0.08	0.26	0.54	99.12
21	0.11	0.26	0.49	99.14
22	0.12	0.30	0.52	99.06
23	0.14	0.30	0.60	98.96
24	0.15	0.29	0.54	99.03
25	0.15	0.30	0.52	99.02
26	0.18	0.31	0.72	98.78
27	0.18	0.30	0.67	98.86
28	0.19	0.26	0.55	99.00
29	0.25	0.27	0.62	98.86
30	0.25	0.33	0.76	98.66
31	0.23	0.29	0.66	98.83
32	0.28	0.28	0.65	98.79
33	0.28	0.32	0.73	98.67
34	0.30	0.31	0.68	98.71
35	0.31	0.30	0.66	98.72
36	0.31	0.37	0.94	98.37
37	0.32	0.30	0.68	98.70
38	0.32	0.28	0.66	98.74
39	0.36	0.28	0.71	98.65
40	0.39	0.36	1.08	98.18
41	0.36	0.33	0.93	98.39
42	0.37	0.36	0.94	98.33
43	0.35	0.36	0.89	98.40
44	0.36	0.36	0.98	98.30
45	0.38	0.38	1.06	98.17
46	0.42	0.48	1.52	97.58
47	0.48	0.63	2.65	96.23
48	0.47	0.74	3.05	95.74
49	0.50	1.04	4.21	94.25
50	0.55	1.60	5.83	92.02
51	0.50	2.75	5.65	91.11
52	0.48	2.67	4.51	92.34
53	0.47	2.24	3.79	93.50
54	0.44	1.79	3.14	94.64
55	0.43	1.46	2.67	95.44
56	0.46	1.21	2.56	95.76
57	0.45	0.98	2.09	96.48
58	0.44	0.76	1.94	96.86
59	0.43	0.62	1.79	97.16
60	0.43	0.52	1.66	97.39
61	0.44	0.50	1.62	97.44
62	0.48	0.49	1.66	97.36
63	0.47	0.48	1.64	97.42
64	0.50	0.49	1.71	97.31
65	0.48	0.49	1.84	97.18
66	0.53	0.45	1.87	97.15
67	0.56	0.50	1.82	97.12
68	0.57	0.52	1.84	97.07
69	0.57	0.52	1.92	96.99
70	0.59	0.65	3.64	95.12
71	0.60	0.59	2.41	96.40
72	0.57	0.58	2.17	96.68
73	0.60	0.55	2.06	96.79
74	0.58	0.55	2.12	96.75
75	0.61	0.57	2.05	96.76
76	0.59	0.62	2.25	96.54
77	0.65	0.68	2.50	96.17
78	0.61	0.62	2.50	96.27
79	0.64	0.65	2.56	96.14
80	0.67	0.66	2.68	95.99
81	0.68	0.67	2.97	95.68
82	0.74	0.75	3.08	95.43
83	0.74	0.70	3.09	95.47
84	0.76	0.72	3.07	95.45
85	0.76	0.75	3.16	95.33
86	0.76	0.78	3.22	95.24
87	0.78	0.77	3.54	94.90
88	0.82	0.82	3.68	94.68
89	0.84	0.84	3.64	94.68
90	0.88	0.89	3.92	94.31
91	0.90	0.98	4.06	94.06
92	0.94	1.02	3.98	94.06
93	0.91	1.05	4.25	93.79
94	0.98	1.11	4.54	93.37
95	1.60	1.85	8.40	88.15




