Parameters
	Library type	Single-end
	Input file	/Volumes/wdhd/users/joaks1/projects/gekgo/data/genomes/msg/plate3/demultiplexed-raw/fastq/RMB_6449_Gekko_mindorensis_Panay_R1.fq
	Primer/Adaptor library	NA
	Cut-off read length for HQ	70%
	Cut-off quality score	20
	Only statistics	On
	Number of processes	2


QC statistics
	File name	RMB_6449_Gekko_mindorensis_Panay_R1.fq
	Total number of reads	1441204
	Total number of HQ reads	1430544
	Percentage of HQ reads	99.26%
	Total number of bases	136914380
	Total number of bases in HQ reads	135901680
	Total number of HQ bases in HQ reads	135046346
	Percentage of HQ bases in HQ reads	99.37%
	Number of Primer/Adaptor contaminated HQ reads	NA
	Total number of HQ filtered reads	1430544
	Percentage of HQ filtered reads	99.26%


Detailed QC statistics
	File name	RMB_6449_Gekko_mindorensis_Panay_R1.fq
	Minimum read length	95
	Maximum read length	95
	Average read length	95.00
	Total number of reads	1441204
	Total number of reads with non-ATGC bases	601
	Percentage of reads with non-ATGC bases	0.04%
	Total number of bases	136914380
	Total number of HQ bases	135573438
	Percentage of HQ bases	99.02%
	Total number of non-ATGC bases	3640
	Percentage of non-ATGC bases	0.00%


Average quality score at each base position of input reads

RMB_6449_Gekko_mindorensis_Panay_R1.fq
36.76	36.57	36.89	36.59	36.87	36.90	36.90	39.48	39.46	39.36	39.30	39.22	39.27	39.23	39.23	38.96	39.08	38.98	39.16	38.97	39.08	38.87	38.85	38.86	38.95	38.79	38.81	38.98	38.70	38.53	38.77	38.94	38.76	38.81	38.88	38.57	38.78	38.87	38.88	38.41	38.47	38.46	38.50	38.33	38.25	37.71	36.99	36.85	36.38	36.10	36.07	36.45	36.92	37.23	37.48	37.60	37.75	37.92	37.98	37.99	37.93	37.85	37.74	37.57	37.41	37.25	37.12	36.98	36.73	35.19	35.85	36.21	36.24	36.16	36.10	35.96	35.87	35.84	35.79	35.72	35.64	35.58	35.52	35.50	35.45	35.40	35.28	35.23	35.18	35.11	35.07	35.04	35.00	34.88	33.46	




Read count (%) per base for different quality score ranges

	RMB_6449_Gekko_mindorensis_Panay_R1.fq
Ranges	0-10	11-20	21-30	31-40
Base
1	0.00	0.23	0.40	99.37
2	0.00	0.02	0.13	99.85
3	0.00	0.06	0.19	99.75
4	0.00	0.27	0.65	99.08
5	0.00	0.11	0.36	99.53
6	0.00	0.10	0.29	99.61
7	0.00	0.10	0.30	99.60
8	0.00	0.11	0.32	99.56
9	0.00	0.12	0.34	99.53
10	0.00	0.17	0.43	99.40
11	0.01	0.15	0.42	99.43
12	0.01	0.19	0.51	99.29
13	0.01	0.20	0.55	99.24
14	0.01	0.24	0.52	99.23
15	0.01	0.21	0.48	99.29
16	0.01	0.23	0.56	99.20
17	0.01	0.19	0.46	99.34
18	0.02	0.23	0.64	99.11
19	0.04	0.22	0.55	99.20
20	0.08	0.33	0.62	98.96
21	0.12	0.30	0.54	99.03
22	0.14	0.34	0.59	98.92
23	0.14	0.34	0.66	98.86
24	0.15	0.30	0.62	98.93
25	0.18	0.30	0.62	98.90
26	0.22	0.34	0.83	98.60
27	0.24	0.31	0.76	98.69
28	0.21	0.28	0.66	98.85
29	0.27	0.28	0.72	98.73
30	0.29	0.33	0.86	98.53
31	0.26	0.29	0.72	98.73
32	0.27	0.30	0.72	98.72
33	0.31	0.33	0.81	98.56
34	0.28	0.33	0.77	98.62
35	0.28	0.33	0.78	98.61
36	0.35	0.39	1.06	98.20
37	0.33	0.34	0.83	98.50
38	0.32	0.32	0.83	98.53
39	0.34	0.34	0.89	98.44
40	0.37	0.40	1.35	97.88
41	0.37	0.37	1.09	98.17
42	0.37	0.37	1.18	98.08
43	0.35	0.37	1.04	98.24
44	0.35	0.39	1.16	98.10
45	0.38	0.41	1.32	97.89
46	0.45	0.50	1.83	97.22
47	0.50	0.65	3.31	95.54
48	0.46	0.75	3.62	95.17
49	0.53	1.11	5.30	93.05
50	0.55	1.68	6.94	90.84
51	0.49	2.63	6.54	90.34
52	0.46	2.59	5.41	91.54
53	0.44	2.10	4.36	93.10
54	0.44	1.76	3.67	94.12
55	0.44	1.45	3.12	94.99
56	0.45	1.23	2.90	95.41
57	0.45	1.02	2.50	96.03
58	0.42	0.76	2.17	96.64
59	0.40	0.61	2.05	96.94
60	0.40	0.51	1.84	97.25
61	0.40	0.47	1.77	97.36
62	0.44	0.46	1.77	97.34
63	0.43	0.45	1.73	97.39
64	0.47	0.49	1.88	97.17
65	0.48	0.48	2.04	97.00
66	0.48	0.50	2.05	96.97
67	0.49	0.49	2.05	96.97
68	0.52	0.51	1.96	97.02
69	0.53	0.54	2.20	96.74
70	0.56	0.65	4.44	94.35
71	0.56	0.59	2.64	96.22
72	0.54	0.56	2.32	96.58
73	0.56	0.55	2.28	96.62
74	0.54	0.54	2.41	96.51
75	0.59	0.56	2.28	96.57
76	0.59	0.61	2.58	96.22
77	0.61	0.67	2.68	96.04
78	0.58	0.62	2.72	96.08
79	0.60	0.63	2.81	95.96
80	0.59	0.63	2.88	95.90
81	0.61	0.66	3.06	95.67
82	0.67	0.73	3.13	95.48
83	0.66	0.75	3.32	95.27
84	0.66	0.73	3.27	95.34
85	0.72	0.75	3.33	95.20
86	0.70	0.78	3.49	95.03
87	0.72	0.81	3.75	94.73
88	0.75	0.85	3.80	94.59
89	0.76	0.89	3.94	94.41
90	0.84	0.94	4.01	94.21
91	0.85	1.00	4.19	93.96
92	0.87	1.00	4.03	94.10
93	0.88	1.05	4.23	93.83
94	0.94	1.11	4.47	93.49
95	1.60	1.98	8.98	87.44




