Parameters
	Library type	Single-end
	Input file	/Volumes/wdhd/users/joaks1/projects/gekgo/data/genomes/msg/plate3/demultiplexed-raw/fastq/RMB_9574_Lepidodactylus_balioburius_Sabtang_R1.fq
	Primer/Adaptor library	NA
	Cut-off read length for HQ	70%
	Cut-off quality score	20
	Only statistics	On
	Number of processes	2


QC statistics
	File name	RMB_9574_Lepidodactylus_balioburius_Sabtang_R1.fq
	Total number of reads	563508
	Total number of HQ reads	560253
	Percentage of HQ reads	99.42%
	Total number of bases	53533260
	Total number of bases in HQ reads	53224035
	Total number of HQ bases in HQ reads	52926007
	Percentage of HQ bases in HQ reads	99.44%
	Number of Primer/Adaptor contaminated HQ reads	NA
	Total number of HQ filtered reads	560253
	Percentage of HQ filtered reads	99.42%


Detailed QC statistics
	File name	RMB_9574_Lepidodactylus_balioburius_Sabtang_R1.fq
	Minimum read length	95
	Maximum read length	95
	Average read length	95.00
	Total number of reads	563508
	Total number of reads with non-ATGC bases	259
	Percentage of reads with non-ATGC bases	0.05%
	Total number of bases	53533260
	Total number of HQ bases	53091261
	Percentage of HQ bases	99.17%
	Total number of non-ATGC bases	1527
	Percentage of non-ATGC bases	0.00%


Average quality score at each base position of input reads

RMB_9574_Lepidodactylus_balioburius_Sabtang_R1.fq
36.34	35.09	36.86	36.56	36.91	36.93	36.94	39.64	39.59	39.42	39.38	39.36	39.36	39.34	39.37	39.22	39.24	39.14	39.26	39.10	39.19	39.00	38.92	38.97	39.09	38.87	38.91	39.09	38.71	38.58	38.90	38.97	38.89	38.92	39.04	38.73	38.92	39.00	39.01	38.57	38.68	38.69	38.68	38.57	38.43	37.97	37.20	36.96	36.55	36.35	36.26	36.57	37.12	37.40	37.66	37.88	38.03	38.18	38.25	38.25	38.18	38.16	38.04	37.89	37.81	37.66	37.44	37.31	37.11	35.60	36.13	36.47	36.41	36.34	36.28	36.21	36.02	35.94	35.87	35.70	35.62	35.61	35.51	35.42	35.46	35.37	35.34	35.25	35.14	35.14	34.97	34.96	35.00	34.87	33.54	




Read count (%) per base for different quality score ranges

	RMB_9574_Lepidodactylus_balioburius_Sabtang_R1.fq
Ranges	0-10	11-20	21-30	31-40
Base
1	0.00	0.33	0.65	99.03
2	0.00	0.02	0.28	99.70
3	0.00	0.05	0.16	99.79
4	0.00	0.21	0.57	99.22
5	0.00	0.06	0.22	99.71
6	0.00	0.06	0.20	99.74
7	0.00	0.05	0.17	99.78
8	0.00	0.07	0.17	99.76
9	0.00	0.09	0.21	99.70
10	0.00	0.13	0.29	99.58
11	0.00	0.12	0.28	99.60
12	0.00	0.15	0.34	99.50
13	0.00	0.13	0.42	99.44
14	0.01	0.18	0.37	99.44
15	0.00	0.16	0.34	99.49
16	0.01	0.17	0.42	99.41
17	0.01	0.14	0.38	99.47
18	0.01	0.14	0.42	99.43
19	0.01	0.14	0.33	99.51
20	0.03	0.20	0.42	99.34
21	0.04	0.18	0.35	99.44
22	0.05	0.22	0.39	99.35
23	0.06	0.21	0.44	99.29
24	0.07	0.20	0.42	99.31
25	0.08	0.24	0.44	99.24
26	0.09	0.28	0.63	99.00
27	0.10	0.22	0.52	99.16
28	0.12	0.18	0.41	99.29
29	0.16	0.19	0.54	99.12
30	0.17	0.23	0.57	99.03
31	0.16	0.20	0.50	99.14
32	0.19	0.20	0.54	99.07
33	0.22	0.23	0.59	98.95
34	0.21	0.24	0.54	99.01
35	0.20	0.24	0.54	99.01
36	0.26	0.29	0.83	98.62
37	0.23	0.26	0.58	98.93
38	0.21	0.23	0.60	98.96
39	0.22	0.24	0.61	98.94
40	0.26	0.31	0.94	98.49
41	0.24	0.26	0.84	98.65
42	0.27	0.29	0.85	98.60
43	0.26	0.29	0.79	98.66
44	0.28	0.29	0.93	98.49
45	0.26	0.29	0.98	98.47
46	0.34	0.35	1.32	98.00
47	0.38	0.53	2.57	96.52
48	0.38	0.69	3.27	95.66
49	0.44	1.02	4.38	94.16
50	0.42	1.55	5.92	92.11
51	0.41	2.68	5.73	91.18
52	0.40	2.68	4.70	92.22
53	0.37	2.03	3.77	93.83
54	0.38	1.68	3.17	94.77
55	0.35	1.35	2.67	95.63
56	0.36	1.11	2.34	96.19
57	0.35	0.90	2.06	96.69
58	0.35	0.70	1.85	97.10
59	0.35	0.53	1.67	97.44
60	0.35	0.45	1.56	97.65
61	0.37	0.41	1.53	97.70
62	0.36	0.36	1.45	97.82
63	0.37	0.35	1.54	97.74
64	0.40	0.36	1.67	97.57
65	0.40	0.37	1.50	97.74
66	0.40	0.40	1.68	97.52
67	0.44	0.40	1.79	97.37
68	0.45	0.40	1.82	97.33
69	0.43	0.45	1.94	97.18
70	0.45	0.51	3.60	95.43
71	0.47	0.49	2.45	96.60
72	0.44	0.45	2.04	97.06
73	0.52	0.49	2.38	96.62
74	0.53	0.46	2.25	96.76
75	0.51	0.48	2.21	96.80
76	0.52	0.48	2.12	96.89
77	0.53	0.53	2.55	96.38
78	0.54	0.53	2.57	96.36
79	0.52	0.53	2.76	96.18
80	0.55	0.55	2.97	95.93
81	0.61	0.63	2.95	95.81
82	0.61	0.64	3.13	95.61
83	0.61	0.63	3.30	95.46
84	0.64	0.68	3.43	95.25
85	0.65	0.67	3.22	95.46
86	0.63	0.70	3.43	95.24
87	0.65	0.69	3.47	95.19
88	0.68	0.72	3.69	94.91
89	0.72	0.78	3.90	94.60
90	0.73	0.80	3.95	94.52
91	0.76	0.87	4.35	94.02
92	0.75	0.87	4.29	94.09
93	0.76	0.88	4.12	94.24
94	0.80	0.90	4.54	93.75
95	1.39	1.76	9.11	87.74




