Parameters
	Library type	Single-end
	Input file	/Volumes/wdhd/users/joaks1/projects/gekgo/data/genomes/msg/plate3/demultiplexed-raw/fastq/RMB_13551_Hemidactylus_frenatus_Luzon_R1.fq
	Primer/Adaptor library	NA
	Cut-off read length for HQ	70%
	Cut-off quality score	20
	Only statistics	On
	Number of processes	2


QC statistics
	File name	RMB_13551_Hemidactylus_frenatus_Luzon_R1.fq
	Total number of reads	17134
	Total number of HQ reads	16939
	Percentage of HQ reads	98.86%
	Total number of bases	1627730
	Total number of bases in HQ reads	1609205
	Total number of HQ bases in HQ reads	1575774
	Percentage of HQ bases in HQ reads	97.92%
	Number of Primer/Adaptor contaminated HQ reads	NA
	Total number of HQ filtered reads	16939
	Percentage of HQ filtered reads	98.86%


Detailed QC statistics
	File name	RMB_13551_Hemidactylus_frenatus_Luzon_R1.fq
	Minimum read length	95
	Maximum read length	95
	Average read length	95.00
	Total number of reads	17134
	Total number of reads with non-ATGC bases	11
	Percentage of reads with non-ATGC bases	0.06%
	Total number of bases	1627730
	Total number of HQ bases	1586280
	Percentage of HQ bases	97.45%
	Total number of non-ATGC bases	60
	Percentage of non-ATGC bases	0.00%


Average quality score at each base position of input reads

RMB_13551_Hemidactylus_frenatus_Luzon_R1.fq
35.50	35.52	35.75	34.48	35.72	36.12	36.36	38.60	38.46	38.23	37.99	37.98	38.15	38.08	38.01	37.88	37.88	37.78	37.96	37.51	37.54	37.64	37.57	37.71	37.61	37.32	37.22	37.39	37.42	36.90	37.34	37.55	37.20	37.40	37.40	37.04	37.34	37.50	37.48	37.15	37.22	37.16	37.11	37.00	36.87	36.54	35.84	35.87	35.42	35.15	35.19	35.63	36.08	36.45	36.76	36.89	37.05	37.18	37.31	37.30	37.33	37.29	37.15	37.03	36.95	36.84	36.67	36.57	36.39	34.92	35.47	35.72	35.75	35.64	35.53	35.38	35.16	35.06	34.98	34.81	34.72	34.67	34.62	34.53	34.39	34.34	34.25	34.23	34.15	34.08	33.98	33.91	33.87	33.80	32.45	




Read count (%) per base for different quality score ranges

	RMB_13551_Hemidactylus_frenatus_Luzon_R1.fq
Ranges	0-10	11-20	21-30	31-40
Base
1	0.00	1.76	2.75	95.49
2	0.00	0.34	2.03	97.63
3	0.00	2.10	3.77	94.13
4	0.00	6.54	5.53	87.93
5	0.00	2.44	3.86	93.70
6	0.02	1.26	2.77	95.94
7	0.01	0.81	1.96	97.23
8	0.01	0.85	1.72	97.42
9	0.01	0.97	2.19	96.83
10	0.01	1.32	2.67	96.01
11	0.04	1.76	3.19	95.02
12	0.08	1.60	3.16	95.16
13	0.04	1.46	2.93	95.57
14	0.02	1.60	3.12	95.26
15	0.05	1.68	3.25	95.03
16	0.04	1.83	3.16	94.97
17	0.06	1.83	3.03	95.08
18	0.10	1.82	3.18	94.90
19	0.13	1.69	2.75	95.43
20	0.21	2.97	3.23	93.59
21	0.24	2.74	3.37	93.66
22	0.19	2.03	2.75	95.04
23	0.22	2.36	2.95	94.47
24	0.32	1.77	3.12	94.79
25	0.41	2.10	3.19	94.29
26	0.67	2.50	3.37	93.45
27	0.87	2.53	3.43	93.18
28	0.84	2.26	3.54	93.36
29	0.62	1.46	3.17	94.74
30	1.52	2.17	3.50	92.82
31	1.16	1.45	3.46	93.94
32	1.07	1.25	3.01	94.66
33	1.75	1.46	3.14	93.64
34	1.25	1.51	3.33	93.92
35	1.23	1.57	3.37	93.83
36	1.49	1.77	3.81	92.93
37	1.23	1.66	3.49	93.62
38	1.24	1.33	3.22	94.20
39	1.22	1.30	3.23	94.26
40	1.25	1.47	3.76	93.51
41	1.08	1.52	3.60	93.80
42	1.27	1.52	3.62	93.59
43	1.23	1.45	3.86	93.46
44	1.19	1.70	3.73	93.38
45	1.11	1.89	4.10	92.90
46	1.19	1.83	4.35	92.63
47	1.35	2.08	5.78	90.80
48	1.01	2.06	5.89	91.04
49	1.14	2.43	7.18	89.25
50	1.02	3.03	8.80	87.15
51	0.96	4.01	8.24	86.79
52	0.78	3.74	6.76	88.72
53	0.74	3.26	6.07	89.93
54	0.72	2.61	5.49	91.18
55	0.58	2.31	4.83	92.28
56	0.74	1.93	4.66	92.68
57	0.74	1.68	4.32	93.26
58	0.82	1.35	4.27	93.56
59	0.70	1.22	3.94	94.14
60	0.68	1.01	4.23	94.08
61	0.69	0.90	3.83	94.57
62	0.74	0.89	3.71	94.67
63	0.67	0.96	4.17	94.20
64	0.79	0.86	4.24	94.10
65	0.76	1.01	4.27	93.96
66	0.81	1.00	4.17	94.02
67	0.84	0.88	4.45	93.83
68	0.83	1.02	4.27	93.88
69	0.89	1.03	4.65	93.43
70	0.78	1.13	7.90	90.19
71	0.99	1.01	5.47	92.54
72	0.94	1.13	5.21	92.72
73	0.98	1.09	4.91	93.02
74	1.07	1.02	4.94	92.98
75	1.01	1.12	5.22	92.65
76	0.94	1.22	5.47	92.37
77	1.13	1.26	6.04	91.57
78	1.19	1.26	5.78	91.77
79	1.06	1.27	6.26	91.41
80	1.27	1.32	6.12	91.29
81	1.29	1.24	6.51	90.95
82	1.17	1.31	6.87	90.64
83	1.26	1.44	6.74	90.56
84	1.22	1.49	7.07	90.22
85	1.36	1.39	7.79	89.47
86	1.39	1.45	7.61	89.55
87	1.39	1.66	7.80	89.14
88	1.30	1.64	7.88	89.18
89	1.38	1.61	8.24	88.78
90	1.46	1.61	8.18	88.75
91	1.41	1.77	9.01	87.81
92	1.60	1.80	8.50	88.09
93	1.47	2.03	8.47	88.03
94	1.69	2.02	8.52	87.77
95	2.49	3.20	12.98	81.33




