Parameters
	Library type	Single-end
	Input file	/Volumes/wdhd/users/joaks1/projects/gekgo/data/genomes/msg/plate3/demultiplexed-raw/fastq/RMB_5945_Luperosaurus_macgregori_BabuyanClaro_R1.fq
	Primer/Adaptor library	NA
	Cut-off read length for HQ	70%
	Cut-off quality score	20
	Only statistics	On
	Number of processes	2


QC statistics
	File name	RMB_5945_Luperosaurus_macgregori_BabuyanClaro_R1.fq
	Total number of reads	591146
	Total number of HQ reads	587041
	Percentage of HQ reads	99.31%
	Total number of bases	56158870
	Total number of bases in HQ reads	55768895
	Total number of HQ bases in HQ reads	55419940
	Percentage of HQ bases in HQ reads	99.37%
	Number of Primer/Adaptor contaminated HQ reads	NA
	Total number of HQ filtered reads	587041
	Percentage of HQ filtered reads	99.31%


Detailed QC statistics
	File name	RMB_5945_Luperosaurus_macgregori_BabuyanClaro_R1.fq
	Minimum read length	95
	Maximum read length	95
	Average read length	95.00
	Total number of reads	591146
	Total number of reads with non-ATGC bases	240
	Percentage of reads with non-ATGC bases	0.04%
	Total number of bases	56158870
	Total number of HQ bases	55631633
	Percentage of HQ bases	99.06%
	Total number of non-ATGC bases	1514
	Percentage of non-ATGC bases	0.00%


Average quality score at each base position of input reads

RMB_5945_Luperosaurus_macgregori_BabuyanClaro_R1.fq
36.87	36.65	36.91	36.64	36.89	36.91	36.91	39.58	39.55	39.39	39.33	39.34	39.32	39.27	39.30	39.11	39.14	39.03	39.22	39.05	39.14	38.95	38.91	38.96	39.07	38.83	38.84	39.03	38.76	38.55	38.79	38.99	38.83	38.89	38.94	38.63	38.84	38.94	38.96	38.53	38.58	38.60	38.63	38.48	38.37	37.91	37.19	37.03	36.56	36.24	36.08	36.42	36.95	37.30	37.59	37.77	37.88	37.99	38.03	38.05	38.04	37.94	37.82	37.71	37.58	37.44	37.27	37.13	36.96	35.46	36.02	36.35	36.37	36.20	36.17	36.08	35.98	35.89	35.84	35.68	35.62	35.51	35.52	35.50	35.43	35.37	35.28	35.22	35.19	35.15	35.01	34.98	34.96	34.82	33.58	




Read count (%) per base for different quality score ranges

	RMB_5945_Luperosaurus_macgregori_BabuyanClaro_R1.fq
Ranges	0-10	11-20	21-30	31-40
Base
1	0.00	0.19	0.30	99.51
2	0.00	0.02	0.13	99.85
3	0.00	0.04	0.15	99.81
4	0.00	0.21	0.54	99.25
5	0.00	0.08	0.32	99.60
6	0.00	0.07	0.26	99.66
7	0.00	0.08	0.28	99.64
8	0.00	0.09	0.27	99.64
9	0.01	0.12	0.32	99.56
10	0.00	0.15	0.40	99.45
11	0.01	0.14	0.39	99.46
12	0.01	0.16	0.42	99.42
13	0.00	0.18	0.49	99.33
14	0.01	0.22	0.47	99.30
15	0.01	0.20	0.44	99.35
16	0.01	0.21	0.53	99.24
17	0.01	0.18	0.44	99.37
18	0.01	0.21	0.58	99.20
19	0.02	0.18	0.43	99.37
20	0.04	0.26	0.53	99.18
21	0.04	0.22	0.46	99.28
22	0.05	0.28	0.52	99.14
23	0.06	0.27	0.56	99.12
24	0.08	0.27	0.53	99.12
25	0.10	0.28	0.52	99.11
26	0.12	0.32	0.76	98.80
27	0.14	0.28	0.68	98.91
28	0.15	0.24	0.56	99.05
29	0.19	0.26	0.63	98.91
30	0.23	0.30	0.75	98.73
31	0.22	0.25	0.64	98.89
32	0.21	0.24	0.63	98.92
33	0.26	0.29	0.71	98.74
34	0.25	0.29	0.68	98.78
35	0.25	0.30	0.68	98.77
36	0.28	0.33	0.93	98.46
37	0.27	0.29	0.72	98.72
38	0.25	0.27	0.72	98.76
39	0.26	0.27	0.75	98.71
40	0.34	0.31	1.16	98.19
41	0.32	0.32	0.98	98.38
42	0.35	0.35	1.01	98.30
43	0.30	0.34	0.99	98.37
44	0.31	0.36	1.06	98.26
45	0.33	0.36	1.12	98.19
46	0.39	0.42	1.54	97.65
47	0.46	0.60	2.85	96.09
48	0.42	0.70	3.29	95.59
49	0.50	1.05	4.63	93.82
50	0.51	1.61	6.43	91.45
51	0.48	2.82	6.29	90.41
52	0.48	2.80	5.09	91.64
53	0.45	2.12	4.08	93.35
54	0.42	1.73	3.48	94.37
55	0.42	1.35	2.84	95.39
56	0.43	1.14	2.47	95.95
57	0.40	0.98	2.23	96.39
58	0.42	0.78	2.06	96.74
59	0.42	0.61	1.94	97.03
60	0.43	0.51	1.81	97.25
61	0.41	0.46	1.73	97.40
62	0.40	0.47	1.77	97.37
63	0.44	0.46	1.78	97.32
64	0.44	0.46	1.88	97.23
65	0.46	0.42	1.81	97.31
66	0.47	0.47	1.93	97.12
67	0.50	0.46	2.06	96.99
68	0.52	0.49	2.11	96.87
69	0.53	0.51	2.17	96.79
70	0.51	0.63	4.07	94.79
71	0.54	0.56	2.69	96.21
72	0.53	0.54	2.35	96.58
73	0.57	0.53	2.28	96.62
74	0.61	0.68	2.68	96.03
75	0.57	0.54	2.50	96.38
76	0.57	0.59	2.54	96.30
77	0.61	0.60	2.55	96.25
78	0.63	0.62	2.67	96.08
79	0.59	0.63	2.77	96.01
80	0.65	0.67	3.17	95.51
81	0.68	0.69	3.29	95.35
82	0.71	0.76	3.61	94.91
83	0.68	0.72	3.38	95.22
84	0.68	0.74	3.34	95.25
85	0.72	0.77	3.49	95.02
86	0.76	0.83	3.63	94.78
87	0.75	0.87	3.86	94.52
88	0.76	0.82	3.93	94.49
89	0.77	0.84	4.01	94.37
90	0.80	0.89	4.06	94.25
91	0.84	0.98	4.43	93.75
92	0.86	1.02	4.25	93.87
93	0.84	1.05	4.44	93.66
94	0.87	1.10	4.93	93.10
95	1.51	1.88	8.60	88.00




