Parameters
	Library type	Single-end
	Input file	/Volumes/wdhd/users/joaks1/projects/gekgo/data/genomes/msg/plate3/demultiplexed-raw/fastq/RMB_6318_Pseudogekko_smaragdinus_Polillo_R1.fq
	Primer/Adaptor library	NA
	Cut-off read length for HQ	70%
	Cut-off quality score	20
	Only statistics	On
	Number of processes	2


QC statistics
	File name	RMB_6318_Pseudogekko_smaragdinus_Polillo_R1.fq
	Total number of reads	39158
	Total number of HQ reads	38930
	Percentage of HQ reads	99.42%
	Total number of bases	3720010
	Total number of bases in HQ reads	3698350
	Total number of HQ bases in HQ reads	3675265
	Percentage of HQ bases in HQ reads	99.38%
	Number of Primer/Adaptor contaminated HQ reads	NA
	Total number of HQ filtered reads	38930
	Percentage of HQ filtered reads	99.42%


Detailed QC statistics
	File name	RMB_6318_Pseudogekko_smaragdinus_Polillo_R1.fq
	Minimum read length	95
	Maximum read length	95
	Average read length	95.00
	Total number of reads	39158
	Total number of reads with non-ATGC bases	14
	Percentage of reads with non-ATGC bases	0.04%
	Total number of bases	3720010
	Total number of HQ bases	3686837
	Percentage of HQ bases	99.11%
	Total number of non-ATGC bases	71
	Percentage of non-ATGC bases	0.00%


Average quality score at each base position of input reads

RMB_6318_Pseudogekko_smaragdinus_Polillo_R1.fq
36.75	35.67	36.86	36.56	36.87	36.90	36.90	39.58	39.53	39.38	39.32	39.34	39.35	39.31	39.32	39.20	39.22	39.06	39.23	39.04	39.14	38.93	38.94	38.98	39.06	38.82	38.85	39.01	38.74	38.52	38.80	38.99	38.84	38.91	38.97	38.67	38.86	38.97	38.94	38.56	38.65	38.65	38.68	38.49	38.41	37.95	37.20	37.06	36.63	36.31	36.13	36.57	37.02	37.40	37.66	37.80	37.97	38.10	38.18	38.23	38.21	38.12	38.01	37.92	37.80	37.69	37.54	37.40	37.24	35.66	36.26	36.56	36.58	36.48	36.37	36.24	36.12	36.03	35.94	35.84	35.75	35.66	35.61	35.57	35.52	35.45	35.38	35.30	35.26	35.15	35.10	35.08	35.01	34.93	33.65	




Read count (%) per base for different quality score ranges

	RMB_6318_Pseudogekko_smaragdinus_Polillo_R1.fq
Ranges	0-10	11-20	21-30	31-40
Base
1	0.00	0.41	0.54	99.05
2	0.00	0.07	0.33	99.59
3	0.00	0.08	0.28	99.65
4	0.00	0.36	0.77	98.87
5	0.00	0.12	0.37	99.51
6	0.00	0.10	0.25	99.65
7	0.00	0.09	0.29	99.62
8	0.00	0.08	0.26	99.67
9	0.01	0.11	0.33	99.55
10	0.01	0.16	0.45	99.39
11	0.01	0.14	0.39	99.45
12	0.01	0.16	0.46	99.37
13	0.00	0.17	0.58	99.25
14	0.01	0.22	0.55	99.22
15	0.01	0.21	0.51	99.27
16	0.00	0.14	0.55	99.30
17	0.01	0.20	0.43	99.36
18	0.01	0.24	0.64	99.11
19	0.03	0.21	0.39	99.37
20	0.05	0.32	0.53	99.11
21	0.04	0.19	0.57	99.20
22	0.03	0.32	0.54	99.11
23	0.05	0.31	0.51	99.13
24	0.08	0.28	0.46	99.18
25	0.09	0.25	0.60	99.05
26	0.11	0.32	0.77	98.79
27	0.16	0.31	0.72	98.82
28	0.13	0.33	0.72	98.83
29	0.16	0.30	0.62	98.92
30	0.26	0.29	0.83	98.62
31	0.17	0.33	0.72	98.78
32	0.19	0.27	0.64	98.90
33	0.25	0.31	0.75	98.70
34	0.21	0.32	0.69	98.77
35	0.21	0.31	0.69	98.78
36	0.27	0.29	1.00	98.44
37	0.26	0.27	0.74	98.74
38	0.25	0.28	0.70	98.77
39	0.28	0.28	0.77	98.66
40	0.26	0.31	1.14	98.29
41	0.31	0.31	0.85	98.53
42	0.34	0.31	0.83	98.52
43	0.26	0.31	0.93	98.50
44	0.32	0.41	0.95	98.32
45	0.26	0.39	1.13	98.23
46	0.37	0.38	1.55	97.70
47	0.37	0.65	2.70	96.28
48	0.37	0.70	3.17	95.76
49	0.53	0.95	4.39	94.13
50	0.47	1.65	6.03	91.85
51	0.45	3.10	5.99	90.47
52	0.33	2.89	4.82	91.95
53	0.38	2.29	3.95	93.39
54	0.41	1.76	3.26	94.57
55	0.40	1.42	2.83	95.35
56	0.40	1.18	2.51	95.91
57	0.36	1.05	2.15	96.44
58	0.38	0.80	2.00	96.82
59	0.41	0.53	1.85	97.21
60	0.38	0.51	1.68	97.44
61	0.37	0.47	1.58	97.58
62	0.40	0.36	1.60	97.63
63	0.40	0.41	1.68	97.52
64	0.40	0.37	1.70	97.53
65	0.37	0.43	1.69	97.51
66	0.38	0.41	1.80	97.40
67	0.44	0.40	1.84	97.32
68	0.44	0.43	1.81	97.32
69	0.45	0.45	1.94	97.15
70	0.46	0.54	3.59	95.42
71	0.51	0.45	2.44	96.60
72	0.49	0.51	2.24	96.76
73	0.51	0.40	2.34	96.74
74	0.51	0.44	2.34	96.71
75	0.56	0.43	2.26	96.75
76	0.55	0.48	2.39	96.58
77	0.54	0.51	2.59	96.37
78	0.58	0.57	2.41	96.43
79	0.54	0.52	2.60	96.34
80	0.52	0.57	2.89	96.02
81	0.62	0.65	2.83	95.90
82	0.64	0.59	3.25	95.52
83	0.66	0.63	3.22	95.49
84	0.59	0.72	3.22	95.48
85	0.66	0.64	3.34	95.37
86	0.60	0.70	3.54	95.16
87	0.71	0.70	3.59	95.00
88	0.74	0.73	3.83	94.70
89	0.78	0.75	3.71	94.76
90	0.74	0.95	4.27	94.04
91	0.82	0.79	4.24	94.15
92	0.78	0.90	4.06	94.26
93	0.85	0.99	4.35	93.81
94	0.87	1.04	4.41	93.67
95	1.36	1.80	8.73	88.11




