Parameters
	Library type	Single-end
	Input file	/Volumes/wdhd/users/joaks1/projects/gekgo/data/genomes/msg/plate3/demultiplexed-raw/fastq/RMB_6058_Gekko_rossi_Calayan_R1.fq
	Primer/Adaptor library	NA
	Cut-off read length for HQ	70%
	Cut-off quality score	20
	Only statistics	On
	Number of processes	2


QC statistics
	File name	RMB_6058_Gekko_rossi_Calayan_R1.fq
	Total number of reads	166271
	Total number of HQ reads	164904
	Percentage of HQ reads	99.18%
	Total number of bases	15795745
	Total number of bases in HQ reads	15665880
	Total number of HQ bases in HQ reads	15556508
	Percentage of HQ bases in HQ reads	99.30%
	Number of Primer/Adaptor contaminated HQ reads	NA
	Total number of HQ filtered reads	164904
	Percentage of HQ filtered reads	99.18%


Detailed QC statistics
	File name	RMB_6058_Gekko_rossi_Calayan_R1.fq
	Minimum read length	95
	Maximum read length	95
	Average read length	95.00
	Total number of reads	166271
	Total number of reads with non-ATGC bases	90
	Percentage of reads with non-ATGC bases	0.05%
	Total number of bases	15795745
	Total number of HQ bases	15623698
	Percentage of HQ bases	98.91%
	Total number of non-ATGC bases	754
	Percentage of non-ATGC bases	0.00%


Average quality score at each base position of input reads

RMB_6058_Gekko_rossi_Calayan_R1.fq
35.68	35.28	36.81	36.56	36.85	36.88	36.88	39.53	39.47	39.32	39.25	39.14	39.21	39.15	39.15	38.93	39.09	39.00	39.13	38.97	39.04	38.83	38.81	38.83	38.98	38.75	38.78	38.95	38.64	38.44	38.72	38.89	38.69	38.78	38.79	38.42	38.69	38.82	38.82	38.36	38.46	38.36	38.46	38.28	38.22	37.72	36.88	36.79	36.38	36.03	35.97	36.42	36.71	37.16	37.47	37.57	37.76	37.85	37.92	37.93	37.80	37.69	37.62	37.44	37.29	37.18	37.02	36.85	36.71	35.27	35.80	36.12	36.18	36.12	36.03	35.94	35.82	35.78	35.69	35.62	35.50	35.45	35.41	35.39	35.36	35.31	35.19	35.09	35.10	35.01	34.98	34.90	34.83	34.69	33.44	




Read count (%) per base for different quality score ranges

	RMB_6058_Gekko_rossi_Calayan_R1.fq
Ranges	0-10	11-20	21-30	31-40
Base
1	0.00	0.67	1.23	98.10
2	0.00	0.09	0.46	99.45
3	0.00	0.12	0.28	99.60
4	0.00	0.34	0.68	98.97
5	0.00	0.16	0.43	99.41
6	0.00	0.11	0.34	99.54
7	0.00	0.13	0.40	99.47
8	0.00	0.12	0.35	99.53
9	0.00	0.15	0.42	99.43
10	0.01	0.19	0.49	99.32
11	0.01	0.19	0.46	99.34
12	0.01	0.26	0.60	99.13
13	0.01	0.24	0.61	99.14
14	0.02	0.29	0.59	99.10
15	0.01	0.28	0.58	99.13
16	0.01	0.30	0.64	99.05
17	0.02	0.22	0.53	99.23
18	0.03	0.27	0.70	99.00
19	0.04	0.27	0.59	99.11
20	0.11	0.37	0.66	98.85
21	0.14	0.34	0.66	98.85
22	0.15	0.38	0.68	98.79
23	0.19	0.38	0.69	98.74
24	0.18	0.37	0.70	98.76
25	0.19	0.33	0.70	98.78
26	0.27	0.39	0.89	98.44
27	0.28	0.36	0.84	98.53
28	0.24	0.31	0.72	98.72
29	0.31	0.32	0.79	98.58
30	0.33	0.41	0.95	98.31
31	0.31	0.34	0.84	98.51
32	0.32	0.34	0.81	98.52
33	0.37	0.39	0.92	98.32
34	0.34	0.40	0.85	98.41
35	0.36	0.37	0.81	98.47
36	0.39	0.45	1.12	98.04
37	0.38	0.37	0.88	98.38
38	0.35	0.37	0.84	98.44
39	0.39	0.35	0.90	98.35
40	0.44	0.46	1.37	97.73
41	0.44	0.41	1.19	97.97
42	0.41	0.48	1.24	97.87
43	0.40	0.44	1.13	98.03
44	0.43	0.45	1.23	97.89
45	0.48	0.46	1.34	97.72
46	0.49	0.52	1.97	97.02
47	0.55	0.73	3.51	95.21
48	0.51	0.87	3.91	94.70
49	0.54	1.15	5.57	92.74
50	0.60	1.77	7.39	90.24
51	0.57	2.86	6.91	89.67
52	0.48	2.67	5.58	91.26
53	0.52	2.32	4.84	92.32
54	0.44	1.82	3.88	93.86
55	0.45	1.49	3.16	94.90
56	0.49	1.25	3.03	95.22
57	0.45	1.04	2.55	95.96
58	0.47	0.82	2.34	96.37
59	0.46	0.65	2.15	96.73
60	0.44	0.57	1.93	97.06
61	0.45	0.52	1.99	97.04
62	0.51	0.54	1.87	97.07
63	0.48	0.53	1.92	97.07
64	0.54	0.52	2.03	96.92
65	0.52	0.51	2.20	96.77
66	0.54	0.50	2.12	96.84
67	0.56	0.55	2.19	96.70
68	0.57	0.57	2.19	96.67
69	0.59	0.52	2.25	96.64
70	0.60	0.67	4.33	94.40
71	0.65	0.61	2.94	95.81
72	0.62	0.59	2.55	96.24
73	0.62	0.60	2.35	96.42
74	0.61	0.56	2.55	96.28
75	0.66	0.62	2.46	96.26
76	0.61	0.65	2.67	96.07
77	0.65	0.70	2.86	95.78
78	0.64	0.66	2.86	95.84
79	0.69	0.66	2.98	95.68
80	0.68	0.71	3.08	95.52
81	0.68	0.79	3.56	94.97
82	0.77	0.79	3.42	95.02
83	0.77	0.80	3.48	94.94
84	0.78	0.82	3.45	94.95
85	0.82	0.83	3.52	94.82
86	0.81	0.87	3.56	94.75
87	0.82	0.94	4.00	94.25
88	0.87	0.98	4.11	94.04
89	0.86	0.99	4.01	94.14
90	0.95	1.00	4.31	93.75
91	0.97	1.05	4.32	93.66
92	0.94	1.11	4.37	93.57
93	0.97	1.14	4.55	93.34
94	1.04	1.26	4.86	92.85
95	1.64	2.02	8.92	87.42




