Parameters
	Library type	Single-end
	Input file	/Volumes/wdhd/users/joaks1/projects/gekgo/data/genomes/msg/plate3/demultiplexed-raw/fastq/RMB_6425_Gekko_mindorensis_Panay_R1.fq
	Primer/Adaptor library	NA
	Cut-off read length for HQ	70%
	Cut-off quality score	20
	Only statistics	On
	Number of processes	2


QC statistics
	File name	RMB_6425_Gekko_mindorensis_Panay_R1.fq
	Total number of reads	672417
	Total number of HQ reads	668370
	Percentage of HQ reads	99.40%
	Total number of bases	63879615
	Total number of bases in HQ reads	63495150
	Total number of HQ bases in HQ reads	63121160
	Percentage of HQ bases in HQ reads	99.41%
	Number of Primer/Adaptor contaminated HQ reads	NA
	Total number of HQ filtered reads	668370
	Percentage of HQ filtered reads	99.40%


Detailed QC statistics
	File name	RMB_6425_Gekko_mindorensis_Panay_R1.fq
	Minimum read length	95
	Maximum read length	95
	Average read length	95.00
	Total number of reads	672417
	Total number of reads with non-ATGC bases	273
	Percentage of reads with non-ATGC bases	0.04%
	Total number of bases	63879615
	Total number of HQ bases	63323650
	Percentage of HQ bases	99.13%
	Total number of non-ATGC bases	1853
	Percentage of non-ATGC bases	0.00%


Average quality score at each base position of input reads

RMB_6425_Gekko_mindorensis_Panay_R1.fq
36.36	35.59	36.88	36.64	36.89	36.91	36.92	39.50	39.48	39.40	39.35	39.24	39.32	39.33	39.33	39.08	39.17	39.05	39.22	39.06	39.16	38.96	38.94	38.93	39.01	38.87	38.90	39.07	38.77	38.63	38.86	39.01	38.85	38.88	38.96	38.68	38.88	38.95	38.97	38.53	38.62	38.61	38.65	38.48	38.41	37.89	37.17	37.01	36.56	36.29	36.22	36.59	37.09	37.40	37.66	37.82	37.94	38.12	38.22	38.26	38.21	38.14	38.04	37.90	37.76	37.62	37.51	37.37	37.12	35.52	36.17	36.57	36.63	36.52	36.39	36.22	36.11	36.06	35.99	35.92	35.82	35.75	35.70	35.67	35.64	35.57	35.45	35.39	35.33	35.28	35.25	35.19	35.16	35.04	33.61	




Read count (%) per base for different quality score ranges

	RMB_6425_Gekko_mindorensis_Panay_R1.fq
Ranges	0-10	11-20	21-30	31-40
Base
1	0.00	0.29	0.55	99.16
2	0.00	0.03	0.25	99.72
3	0.00	0.04	0.17	99.79
4	0.00	0.22	0.56	99.22
5	0.00	0.09	0.29	99.62
6	0.00	0.07	0.24	99.69
7	0.00	0.08	0.25	99.66
8	0.00	0.11	0.28	99.62
9	0.00	0.11	0.30	99.58
10	0.00	0.15	0.41	99.44
11	0.01	0.14	0.34	99.51
12	0.01	0.18	0.46	99.36
13	0.01	0.17	0.50	99.32
14	0.01	0.21	0.45	99.33
15	0.01	0.18	0.42	99.39
16	0.01	0.20	0.52	99.28
17	0.01	0.16	0.41	99.42
18	0.01	0.20	0.59	99.19
19	0.02	0.19	0.46	99.32
20	0.05	0.27	0.55	99.12
21	0.08	0.24	0.48	99.20
22	0.10	0.30	0.53	99.07
23	0.09	0.30	0.59	99.02
24	0.10	0.28	0.57	99.05
25	0.12	0.27	0.57	99.04
26	0.15	0.32	0.75	98.78
27	0.17	0.29	0.69	98.84
28	0.16	0.26	0.58	99.00
29	0.21	0.25	0.63	98.91
30	0.21	0.29	0.78	98.72
31	0.19	0.25	0.64	98.91
32	0.22	0.26	0.63	98.88
33	0.25	0.29	0.70	98.75
34	0.23	0.30	0.69	98.78
35	0.23	0.28	0.70	98.78
36	0.29	0.32	0.92	98.48
37	0.27	0.30	0.72	98.71
38	0.26	0.28	0.74	98.72
39	0.29	0.28	0.76	98.67
40	0.33	0.34	1.12	98.21
41	0.31	0.31	0.91	98.47
42	0.29	0.32	0.97	98.43
43	0.28	0.32	0.86	98.54
44	0.29	0.34	0.99	98.38
45	0.31	0.34	1.11	98.24
46	0.36	0.42	1.51	97.71
47	0.42	0.56	2.76	96.27
48	0.38	0.67	3.04	95.91
49	0.46	1.01	4.57	93.96
50	0.49	1.59	6.10	91.82
51	0.44	2.65	5.86	91.05
52	0.41	2.65	4.90	92.04
53	0.38	2.09	4.00	93.53
54	0.36	1.80	3.33	94.50
55	0.36	1.48	2.84	95.31
56	0.38	1.25	2.56	95.81
57	0.39	1.02	2.34	96.25
58	0.36	0.73	2.01	96.90
59	0.35	0.56	1.78	97.31
60	0.33	0.46	1.62	97.59
61	0.34	0.43	1.54	97.69
62	0.36	0.40	1.60	97.64
63	0.36	0.39	1.52	97.72
64	0.41	0.42	1.70	97.47
65	0.41	0.42	1.77	97.39
66	0.42	0.44	1.82	97.32
67	0.43	0.44	1.74	97.39
68	0.46	0.46	1.76	97.32
69	0.46	0.47	1.95	97.12
70	0.48	0.57	3.99	94.96
71	0.50	0.51	2.38	96.61
72	0.48	0.49	2.07	96.96
73	0.48	0.48	2.02	97.03
74	0.48	0.48	2.12	96.93
75	0.52	0.48	2.02	96.98
76	0.50	0.54	2.28	96.69
77	0.53	0.57	2.42	96.48
78	0.49	0.56	2.44	96.51
79	0.55	0.54	2.49	96.42
80	0.53	0.58	2.48	96.41
81	0.55	0.60	2.78	96.07
82	0.58	0.67	2.85	95.89
83	0.57	0.63	3.05	95.75
84	0.58	0.66	2.97	95.79
85	0.60	0.65	3.08	95.68
86	0.60	0.67	3.13	95.60
87	0.64	0.71	3.43	95.22
88	0.66	0.75	3.42	95.17
89	0.66	0.73	3.56	95.04
90	0.71	0.82	3.66	94.81
91	0.72	0.85	3.75	94.68
92	0.78	0.88	3.69	94.65
93	0.80	0.90	3.86	94.44
94	0.81	0.97	4.11	94.11
95	1.46	1.77	8.50	88.27




