Parameters
	Library type	Single-end
	Input file	/Volumes/wdhd/users/joaks1/projects/gekgo/data/genomes/msg/plate3/demultiplexed-raw/fastq/RMB_5728_Gekko_sp.b_CamiguinNorte_R1.fq
	Primer/Adaptor library	NA
	Cut-off read length for HQ	70%
	Cut-off quality score	20
	Only statistics	On
	Number of processes	2


QC statistics
	File name	RMB_5728_Gekko_sp.b_CamiguinNorte_R1.fq
	Total number of reads	611864
	Total number of HQ reads	607470
	Percentage of HQ reads	99.28%
	Total number of bases	58127080
	Total number of bases in HQ reads	57709650
	Total number of HQ bases in HQ reads	57359709
	Percentage of HQ bases in HQ reads	99.39%
	Number of Primer/Adaptor contaminated HQ reads	NA
	Total number of HQ filtered reads	607470
	Percentage of HQ filtered reads	99.28%


Detailed QC statistics
	File name	RMB_5728_Gekko_sp.b_CamiguinNorte_R1.fq
	Minimum read length	95
	Maximum read length	95
	Average read length	95.00
	Total number of reads	611864
	Total number of reads with non-ATGC bases	262
	Percentage of reads with non-ATGC bases	0.04%
	Total number of bases	58127080
	Total number of HQ bases	57575323
	Percentage of HQ bases	99.05%
	Total number of non-ATGC bases	1943
	Percentage of non-ATGC bases	0.00%


Average quality score at each base position of input reads

RMB_5728_Gekko_sp.b_CamiguinNorte_R1.fq
34.98	33.68	36.78	36.57	36.90	36.91	36.92	39.61	39.57	39.40	39.36	39.28	39.36	39.35	39.34	39.18	39.26	39.13	39.25	39.11	39.18	38.98	38.96	38.99	39.10	38.91	38.93	39.08	38.78	38.60	38.87	39.04	38.87	38.94	38.95	38.60	38.86	38.98	38.98	38.56	38.66	38.57	38.67	38.50	38.43	37.95	37.16	37.06	36.68	36.33	36.23	36.62	37.01	37.39	37.72	37.84	38.03	38.15	38.24	38.25	38.17	38.11	38.05	37.88	37.75	37.64	37.52	37.37	37.21	35.70	36.24	36.56	36.61	36.52	36.42	36.25	36.11	36.05	35.94	35.86	35.73	35.65	35.60	35.58	35.53	35.49	35.37	35.28	35.26	35.20	35.14	35.05	34.99	34.87	33.63	




Read count (%) per base for different quality score ranges

	RMB_5728_Gekko_sp.b_CamiguinNorte_R1.fq
Ranges	0-10	11-20	21-30	31-40
Base
1	0.00	0.51	1.60	97.89
2	0.00	0.05	0.76	99.20
3	0.00	0.05	0.20	99.75
4	0.00	0.20	0.54	99.26
5	0.00	0.08	0.28	99.63
6	0.00	0.07	0.25	99.68
7	0.00	0.08	0.25	99.66
8	0.00	0.08	0.23	99.69
9	0.00	0.10	0.28	99.61
10	0.01	0.15	0.37	99.47
11	0.00	0.12	0.32	99.55
12	0.01	0.17	0.42	99.40
13	0.01	0.17	0.46	99.37
14	0.01	0.20	0.41	99.38
15	0.01	0.20	0.39	99.40
16	0.01	0.18	0.46	99.35
17	0.01	0.15	0.38	99.46
18	0.02	0.19	0.51	99.27
19	0.02	0.20	0.41	99.37
20	0.06	0.25	0.50	99.19
21	0.08	0.25	0.46	99.21
22	0.11	0.29	0.49	99.11
23	0.12	0.28	0.52	99.08
24	0.12	0.27	0.51	99.09
25	0.14	0.29	0.50	99.08
26	0.16	0.32	0.66	98.86
27	0.18	0.30	0.63	98.89
28	0.17	0.24	0.56	99.03
29	0.20	0.28	0.60	98.92
30	0.23	0.29	0.72	98.76
31	0.21	0.25	0.60	98.94
32	0.23	0.27	0.60	98.90
33	0.25	0.31	0.70	98.74
34	0.26	0.30	0.65	98.80
35	0.28	0.29	0.66	98.77
36	0.31	0.35	0.90	98.44
37	0.28	0.31	0.68	98.73
38	0.30	0.28	0.67	98.75
39	0.33	0.28	0.75	98.65
40	0.36	0.35	1.06	98.23
41	0.37	0.31	0.86	98.46
42	0.35	0.34	0.97	98.34
43	0.33	0.35	0.83	98.49
44	0.33	0.37	0.95	98.36
45	0.34	0.37	1.06	98.24
46	0.40	0.44	1.45	97.72
47	0.47	0.60	2.62	96.31
48	0.45	0.72	3.05	95.78
49	0.47	0.99	4.21	94.33
50	0.52	1.56	6.03	91.88
51	0.48	2.72	5.82	90.97
52	0.47	2.67	4.63	92.23
53	0.43	2.22	3.88	93.48
54	0.42	1.75	3.18	94.65
55	0.40	1.46	2.64	95.50
56	0.43	1.22	2.58	95.78
57	0.39	0.99	2.19	96.44
58	0.41	0.77	1.95	96.87
59	0.41	0.60	1.77	97.23
60	0.39	0.51	1.65	97.45
61	0.43	0.46	1.60	97.51
62	0.42	0.46	1.67	97.44
63	0.46	0.42	1.57	97.55
64	0.48	0.47	1.67	97.38
65	0.49	0.49	1.84	97.18
66	0.50	0.47	1.79	97.24
67	0.52	0.47	1.81	97.19
68	0.52	0.50	1.81	97.17
69	0.54	0.48	1.94	97.04
70	0.55	0.62	3.62	95.21
71	0.57	0.56	2.36	96.52
72	0.56	0.53	2.16	96.75
73	0.55	0.52	2.09	96.85
74	0.56	0.50	2.14	96.80
75	0.59	0.53	2.07	96.81
76	0.60	0.56	2.28	96.56
77	0.59	0.65	2.48	96.27
78	0.61	0.57	2.47	96.34
79	0.61	0.61	2.57	96.21
80	0.63	0.64	2.66	96.07
81	0.66	0.68	3.06	95.60
82	0.71	0.75	3.04	95.50
83	0.73	0.70	3.09	95.48
84	0.71	0.72	3.04	95.53
85	0.72	0.73	3.22	95.33
86	0.73	0.72	3.19	95.36
87	0.77	0.79	3.50	94.94
88	0.80	0.80	3.66	94.74
89	0.81	0.86	3.64	94.70
90	0.83	0.90	3.80	94.46
91	0.88	0.95	4.00	94.17
92	0.90	0.99	3.97	94.14
93	0.92	0.99	4.23	93.85
94	0.97	1.09	4.43	93.51
95	1.58	1.78	8.16	88.48




