Parameters
	Library type	Single-end
	Input file	/Volumes/wdhd/users/joaks1/projects/gekgo/data/genomes/msg/plate3/demultiplexed-raw/fastq/RMB_8754_Gekko_romblon_Tablas_R1.fq
	Primer/Adaptor library	NA
	Cut-off read length for HQ	70%
	Cut-off quality score	20
	Only statistics	On
	Number of processes	2


QC statistics
	File name	RMB_8754_Gekko_romblon_Tablas_R1.fq
	Total number of reads	59218
	Total number of HQ reads	58768
	Percentage of HQ reads	99.24%
	Total number of bases	5625710
	Total number of bases in HQ reads	5582960
	Total number of HQ bases in HQ reads	5547364
	Percentage of HQ bases in HQ reads	99.36%
	Number of Primer/Adaptor contaminated HQ reads	NA
	Total number of HQ filtered reads	58768
	Percentage of HQ filtered reads	99.24%


Detailed QC statistics
	File name	RMB_8754_Gekko_romblon_Tablas_R1.fq
	Minimum read length	95
	Maximum read length	95
	Average read length	95.00
	Total number of reads	59218
	Total number of reads with non-ATGC bases	15
	Percentage of reads with non-ATGC bases	0.03%
	Total number of bases	5625710
	Total number of HQ bases	5569113
	Percentage of HQ bases	98.99%
	Total number of non-ATGC bases	58
	Percentage of non-ATGC bases	0.00%


Average quality score at each base position of input reads

RMB_8754_Gekko_romblon_Tablas_R1.fq
33.60	33.52	36.71	36.48	36.87	36.90	36.91	39.55	39.51	39.39	39.33	39.24	39.33	39.30	39.32	39.10	39.17	39.02	39.19	39.03	39.13	38.93	38.93	38.94	39.03	38.85	38.86	39.06	38.75	38.58	38.84	39.01	38.82	38.88	38.92	38.61	38.84	38.91	38.91	38.52	38.62	38.54	38.61	38.45	38.37	37.89	37.11	36.97	36.53	36.22	36.16	36.56	36.94	37.29	37.56	37.65	37.89	38.04	38.12	38.13	38.08	37.96	37.85	37.73	37.57	37.47	37.32	37.18	37.00	35.44	36.04	36.38	36.37	36.26	36.20	36.09	35.95	35.91	35.84	35.75	35.64	35.55	35.52	35.49	35.43	35.41	35.30	35.26	35.21	35.05	35.02	35.02	34.97	34.85	33.55	




Read count (%) per base for different quality score ranges

	RMB_8754_Gekko_romblon_Tablas_R1.fq
Ranges	0-10	11-20	21-30	31-40
Base
1	0.00	1.22	4.59	94.19
2	0.00	0.14	1.19	98.67
3	0.00	0.10	0.34	99.56
4	0.00	0.35	0.71	98.94
5	0.00	0.13	0.35	99.51
6	0.00	0.10	0.30	99.60
7	0.00	0.10	0.28	99.62
8	0.01	0.11	0.26	99.62
9	0.01	0.14	0.31	99.54
10	0.00	0.15	0.44	99.41
11	0.01	0.16	0.33	99.51
12	0.01	0.15	0.46	99.38
13	0.01	0.17	0.42	99.40
14	0.01	0.20	0.47	99.32
15	0.01	0.19	0.43	99.36
16	0.01	0.19	0.55	99.25
17	0.01	0.17	0.48	99.34
18	0.02	0.23	0.60	99.16
19	0.03	0.24	0.43	99.29
20	0.06	0.33	0.55	99.06
21	0.08	0.30	0.50	99.12
22	0.13	0.29	0.57	99.01
23	0.11	0.30	0.62	98.97
24	0.14	0.28	0.57	99.01
25	0.15	0.32	0.57	98.96
26	0.19	0.34	0.70	98.78
27	0.20	0.35	0.65	98.79
28	0.18	0.25	0.61	98.96
29	0.23	0.29	0.69	98.79
30	0.26	0.30	0.79	98.65
31	0.20	0.28	0.62	98.89
32	0.23	0.28	0.66	98.83
33	0.28	0.35	0.68	98.68
34	0.27	0.34	0.67	98.72
35	0.32	0.29	0.70	98.69
36	0.30	0.37	0.95	98.38
37	0.30	0.33	0.72	98.65
38	0.34	0.31	0.70	98.66
39	0.33	0.29	0.77	98.61
40	0.35	0.43	1.16	98.06
41	0.33	0.32	1.00	98.34
42	0.36	0.35	1.08	98.20
43	0.36	0.34	0.94	98.36
44	0.37	0.40	1.02	98.20
45	0.34	0.40	1.14	98.12
46	0.40	0.45	1.57	97.58
47	0.43	0.63	2.89	96.05
48	0.44	0.79	3.25	95.52
49	0.48	1.04	4.81	93.67
50	0.51	1.52	6.52	91.45
51	0.44	2.64	6.26	90.65
52	0.45	2.69	4.70	92.15
53	0.41	2.35	4.04	93.19
54	0.48	1.87	3.43	94.22
55	0.46	1.49	2.84	95.21
56	0.47	1.32	2.83	95.38
57	0.46	1.05	2.35	96.14
58	0.44	0.82	2.05	96.68
59	0.45	0.59	1.95	97.01
60	0.42	0.54	1.70	97.35
61	0.45	0.50	1.68	97.38
62	0.48	0.46	1.83	97.24
63	0.49	0.47	1.77	97.27
64	0.52	0.47	1.78	97.23
65	0.54	0.50	2.01	96.96
66	0.51	0.50	1.89	97.10
67	0.54	0.50	1.86	97.10
68	0.58	0.53	1.89	97.00
69	0.52	0.53	2.02	96.93
70	0.60	0.65	3.99	94.76
71	0.57	0.63	2.45	96.35
72	0.66	0.56	2.15	96.63
73	0.59	0.56	2.24	96.61
74	0.61	0.54	2.33	96.51
75	0.64	0.56	2.23	96.57
76	0.64	0.59	2.35	96.42
77	0.67	0.69	2.58	96.07
78	0.70	0.58	2.58	96.14
79	0.68	0.64	2.51	96.17
80	0.64	0.62	2.73	96.00
81	0.70	0.71	3.03	95.57
82	0.72	0.80	3.24	95.24
83	0.73	0.77	3.25	95.25
84	0.72	0.76	3.30	95.22
85	0.73	0.78	3.47	95.03
86	0.78	0.74	3.48	95.01
87	0.80	0.82	3.60	94.78
88	0.79	0.85	3.75	94.61
89	0.86	0.90	3.57	94.67
90	0.93	0.97	4.25	93.85
91	0.93	1.00	4.34	93.73
92	0.88	0.96	4.25	93.91
93	0.95	0.96	4.45	93.63
94	0.96	1.13	4.57	93.33
95	1.58	1.87	8.57	87.99




