Parameters
	Library type	Single-end
	Input file	/Volumes/wdhd/users/joaks1/projects/gekgo/data/genomes/msg/plate3/demultiplexed-raw/fastq/RMB_6373_Gekko_sp.a_Dalupiri_R1.fq
	Primer/Adaptor library	NA
	Cut-off read length for HQ	70%
	Cut-off quality score	20
	Only statistics	On
	Number of processes	2


QC statistics
	File name	RMB_6373_Gekko_sp.a_Dalupiri_R1.fq
	Total number of reads	151761
	Total number of HQ reads	150682
	Percentage of HQ reads	99.29%
	Total number of bases	14417295
	Total number of bases in HQ reads	14314790
	Total number of HQ bases in HQ reads	14222735
	Percentage of HQ bases in HQ reads	99.36%
	Number of Primer/Adaptor contaminated HQ reads	NA
	Total number of HQ filtered reads	150682
	Percentage of HQ filtered reads	99.29%


Detailed QC statistics
	File name	RMB_6373_Gekko_sp.a_Dalupiri_R1.fq
	Minimum read length	95
	Maximum read length	95
	Average read length	95.00
	Total number of reads	151761
	Total number of reads with non-ATGC bases	58
	Percentage of reads with non-ATGC bases	0.04%
	Total number of bases	14417295
	Total number of HQ bases	14276036
	Percentage of HQ bases	99.02%
	Total number of non-ATGC bases	297
	Percentage of non-ATGC bases	0.00%


Average quality score at each base position of input reads

RMB_6373_Gekko_sp.a_Dalupiri_R1.fq
36.53	36.18	36.87	36.56	36.86	36.90	36.90	39.57	39.52	39.36	39.30	39.23	39.30	39.29	39.30	39.14	39.22	39.07	39.19	39.03	39.10	38.90	38.90	38.93	39.04	38.82	38.85	39.01	38.72	38.53	38.80	38.95	38.77	38.84	38.87	38.53	38.79	38.90	38.89	38.46	38.57	38.50	38.59	38.40	38.33	37.85	37.06	36.95	36.59	36.30	36.13	36.55	36.92	37.31	37.62	37.78	37.96	38.11	38.20	38.20	38.13	38.06	38.02	37.87	37.73	37.62	37.50	37.37	37.21	35.69	36.24	36.56	36.59	36.52	36.42	36.24	36.08	36.03	35.92	35.85	35.73	35.62	35.58	35.54	35.47	35.43	35.32	35.21	35.19	35.13	35.03	34.98	34.92	34.79	33.55	




Read count (%) per base for different quality score ranges

	RMB_6373_Gekko_sp.a_Dalupiri_R1.fq
Ranges	0-10	11-20	21-30	31-40
Base
1	0.00	0.34	0.56	99.10
2	0.00	0.03	0.24	99.72
3	0.00	0.07	0.24	99.70
4	0.00	0.32	0.65	99.03
5	0.00	0.13	0.39	99.48
6	0.00	0.08	0.33	99.59
7	0.00	0.10	0.29	99.61
8	0.00	0.09	0.30	99.61
9	0.01	0.10	0.35	99.54
10	0.01	0.17	0.45	99.38
11	0.01	0.17	0.41	99.41
12	0.01	0.19	0.50	99.30
13	0.01	0.20	0.56	99.24
14	0.02	0.22	0.51	99.25
15	0.01	0.22	0.47	99.30
16	0.01	0.23	0.54	99.22
17	0.01	0.17	0.49	99.34
18	0.02	0.23	0.66	99.10
19	0.03	0.21	0.52	99.24
20	0.05	0.32	0.58	99.05
21	0.07	0.30	0.57	99.06
22	0.09	0.34	0.60	98.97
23	0.10	0.30	0.64	98.96
24	0.10	0.31	0.59	98.99
25	0.11	0.29	0.60	99.00
26	0.17	0.37	0.77	98.69
27	0.17	0.35	0.73	98.74
28	0.18	0.28	0.67	98.87
29	0.22	0.30	0.67	98.82
30	0.24	0.33	0.82	98.60
31	0.23	0.29	0.67	98.81
32	0.27	0.29	0.67	98.77
33	0.28	0.37	0.83	98.53
34	0.27	0.36	0.76	98.62
35	0.29	0.33	0.76	98.61
36	0.34	0.37	1.05	98.25
37	0.31	0.33	0.77	98.60
38	0.31	0.33	0.73	98.64
39	0.34	0.32	0.85	98.48
40	0.39	0.38	1.18	98.04
41	0.38	0.35	0.98	98.28
42	0.39	0.40	1.07	98.13
43	0.33	0.37	0.95	98.34
44	0.38	0.41	1.14	98.07
45	0.35	0.43	1.18	98.04
46	0.42	0.49	1.64	97.45
47	0.51	0.64	2.86	95.99
48	0.47	0.82	3.23	95.49
49	0.50	1.05	4.35	94.09
50	0.53	1.62	5.99	91.87
51	0.51	2.82	6.03	90.64
52	0.45	2.80	4.71	92.04
53	0.48	2.27	4.05	93.20
54	0.46	1.81	3.37	94.36
55	0.46	1.50	2.85	95.20
56	0.43	1.28	2.66	95.63
57	0.44	1.02	2.35	96.19
58	0.40	0.78	2.08	96.74
59	0.37	0.63	1.83	97.16
60	0.40	0.53	1.81	97.26
61	0.45	0.47	1.70	97.38
62	0.42	0.50	1.81	97.27
63	0.41	0.46	1.71	97.42
64	0.47	0.48	1.77	97.28
65	0.50	0.50	1.87	97.13
66	0.48	0.49	2.00	97.03
67	0.50	0.48	2.01	97.01
68	0.51	0.48	1.97	97.03
69	0.52	0.49	2.07	96.92
70	0.54	0.61	3.85	95.00
71	0.56	0.55	2.49	96.40
72	0.58	0.58	2.26	96.58
73	0.52	0.55	2.35	96.57
74	0.54	0.51	2.34	96.60
75	0.57	0.55	2.28	96.60
76	0.59	0.57	2.49	96.35
77	0.59	0.64	2.79	95.98
78	0.58	0.59	2.67	96.16
79	0.56	0.66	2.78	95.99
80	0.61	0.63	2.83	95.93
81	0.65	0.66	3.15	95.54
82	0.67	0.75	3.31	95.27
83	0.65	0.70	3.36	95.29
84	0.69	0.76	3.30	95.25
85	0.72	0.75	3.51	95.02
86	0.71	0.75	3.47	95.07
87	0.75	0.82	3.76	94.67
88	0.81	0.82	4.04	94.33
89	0.80	0.88	3.98	94.35
90	0.87	0.90	4.05	94.18
91	0.94	0.99	4.39	93.68
92	0.84	1.04	4.36	93.76
93	0.87	1.05	4.45	93.63
94	0.94	1.08	4.88	93.09
95	1.57	1.85	8.66	87.93




