Parameters
	Library type	Single-end
	Input file	/Volumes/wdhd/users/joaks1/projects/gekgo/data/genomes/msg/plate3/demultiplexed-raw/fastq/RMB_7924_Gekko_monarchus_Palawan_R1.fq
	Primer/Adaptor library	NA
	Cut-off read length for HQ	70%
	Cut-off quality score	20
	Only statistics	On
	Number of processes	2


QC statistics
	File name	RMB_7924_Gekko_monarchus_Palawan_R1.fq
	Total number of reads	36556
	Total number of HQ reads	36268
	Percentage of HQ reads	99.21%
	Total number of bases	3472820
	Total number of bases in HQ reads	3445460
	Total number of HQ bases in HQ reads	3422718
	Percentage of HQ bases in HQ reads	99.34%
	Number of Primer/Adaptor contaminated HQ reads	NA
	Total number of HQ filtered reads	36268
	Percentage of HQ filtered reads	99.21%


Detailed QC statistics
	File name	RMB_7924_Gekko_monarchus_Palawan_R1.fq
	Minimum read length	95
	Maximum read length	95
	Average read length	95.00
	Total number of reads	36556
	Total number of reads with non-ATGC bases	14
	Percentage of reads with non-ATGC bases	0.04%
	Total number of bases	3472820
	Total number of HQ bases	3437035
	Percentage of HQ bases	98.97%
	Total number of non-ATGC bases	76
	Percentage of non-ATGC bases	0.00%


Average quality score at each base position of input reads

RMB_7924_Gekko_monarchus_Palawan_R1.fq
34.32	34.42	36.76	36.50	36.83	36.87	36.86	39.45	39.43	39.35	39.28	39.21	39.29	39.30	39.29	39.01	39.10	39.00	39.17	39.02	39.07	38.86	38.85	38.90	38.96	38.77	38.79	38.98	38.72	38.59	38.81	38.99	38.83	38.83	38.91	38.64	38.84	38.90	38.90	38.54	38.60	38.59	38.57	38.47	38.36	37.71	37.14	36.91	36.55	36.22	36.23	36.42	37.03	37.34	37.58	37.73	37.89	38.09	38.15	38.20	38.15	38.09	37.95	37.81	37.68	37.51	37.34	37.20	36.95	35.43	36.05	36.42	36.45	36.36	36.26	36.14	36.03	35.95	35.88	35.82	35.74	35.65	35.61	35.64	35.58	35.55	35.37	35.36	35.31	35.23	35.22	35.18	35.12	35.03	33.65	




Read count (%) per base for different quality score ranges

	RMB_7924_Gekko_monarchus_Palawan_R1.fq
Ranges	0-10	11-20	21-30	31-40
Base
1	0.00	0.71	2.73	96.56
2	0.00	0.07	0.61	99.32
3	0.00	0.19	0.37	99.43
4	0.00	0.49	0.66	98.85
5	0.00	0.24	0.51	99.25
6	0.00	0.16	0.39	99.46
7	0.00	0.17	0.42	99.41
8	0.00	0.16	0.42	99.42
9	0.01	0.17	0.38	99.44
10	0.01	0.25	0.53	99.22
11	0.01	0.23	0.52	99.24
12	0.02	0.25	0.59	99.15
13	0.00	0.25	0.64	99.11
14	0.01	0.26	0.65	99.07
15	0.01	0.26	0.54	99.20
16	0.01	0.28	0.70	99.01
17	0.01	0.30	0.57	99.12
18	0.01	0.31	0.70	98.97
19	0.02	0.28	0.58	99.11
20	0.09	0.40	0.61	98.90
21	0.11	0.44	0.65	98.80
22	0.11	0.43	0.66	98.80
23	0.18	0.43	0.72	98.67
24	0.17	0.38	0.60	98.85
25	0.17	0.39	0.71	98.73
26	0.22	0.43	0.89	98.45
27	0.23	0.44	0.74	98.59
28	0.23	0.40	0.73	98.65
29	0.33	0.38	0.80	98.49
30	0.33	0.45	0.83	98.38
31	0.31	0.34	0.74	98.62
32	0.29	0.34	0.71	98.65
33	0.34	0.39	0.77	98.50
34	0.31	0.44	0.76	98.48
35	0.33	0.38	0.81	98.48
36	0.39	0.39	1.03	98.19
37	0.32	0.42	0.83	98.42
38	0.41	0.34	0.83	98.42
39	0.43	0.39	0.91	98.27
40	0.40	0.47	1.21	97.91
41	0.46	0.37	1.01	98.16
42	0.38	0.46	1.11	98.05
43	0.42	0.42	1.06	98.10
44	0.44	0.45	1.04	98.07
45	0.42	0.52	1.28	97.78
46	0.51	0.52	1.65	97.33
47	0.45	0.69	2.75	96.11
48	0.49	0.74	3.11	95.66
49	0.57	1.12	4.42	93.89
50	0.54	1.69	6.34	91.43
51	0.49	2.53	5.95	91.02
52	0.53	2.78	5.45	91.24
53	0.43	2.11	4.35	93.11
54	0.49	1.79	3.56	94.16
55	0.42	1.63	2.98	94.97
56	0.46	1.41	2.75	95.38
57	0.43	1.17	2.50	95.90
58	0.39	0.91	2.12	96.58
59	0.44	0.72	1.86	96.98
60	0.44	0.59	1.75	97.23
61	0.48	0.51	1.62	97.38
62	0.43	0.51	1.68	97.37
63	0.43	0.47	1.61	97.49
64	0.50	0.51	1.70	97.29
65	0.48	0.45	1.91	97.16
66	0.51	0.48	1.83	97.18
67	0.50	0.50	1.96	97.05
68	0.53	0.47	1.84	97.17
69	0.54	0.49	2.09	96.88
70	0.59	0.65	4.04	94.72
71	0.59	0.62	2.51	96.27
72	0.59	0.51	2.20	96.70
73	0.59	0.51	2.24	96.66
74	0.54	0.56	2.19	96.71
75	0.66	0.53	1.98	96.83
76	0.58	0.57	2.34	96.51
77	0.63	0.64	2.38	96.35
78	0.59	0.61	2.66	96.15
79	0.65	0.61	2.63	96.10
80	0.63	0.61	2.72	96.04
81	0.64	0.59	2.95	95.82
82	0.65	0.74	3.13	95.48
83	0.71	0.66	3.17	95.47
84	0.62	0.71	3.00	95.67
85	0.69	0.67	3.23	95.42
86	0.66	0.71	3.24	95.39
87	0.67	0.82	3.47	95.04
88	0.72	0.86	3.47	94.95
89	0.72	0.79	3.71	94.79
90	0.82	0.87	3.64	94.67
91	0.81	0.92	3.98	94.29
92	0.83	0.88	3.96	94.33
93	0.83	0.98	3.79	94.39
94	0.83	1.08	4.29	93.81
95	1.56	1.83	8.26	88.35




