Parameters
	Library type	Single-end
	Input file	/Volumes/wdhd/users/joaks1/projects/gekgo/data/genomes/msg/plate3/demultiplexed-raw/fastq/RMB_9529_Lepidodactylus_balioburius_Batan_R1.fq
	Primer/Adaptor library	NA
	Cut-off read length for HQ	70%
	Cut-off quality score	20
	Only statistics	On
	Number of processes	2


QC statistics
	File name	RMB_9529_Lepidodactylus_balioburius_Batan_R1.fq
	Total number of reads	1877611
	Total number of HQ reads	1865112
	Percentage of HQ reads	99.33%
	Total number of bases	178373045
	Total number of bases in HQ reads	177185640
	Total number of HQ bases in HQ reads	176082062
	Percentage of HQ bases in HQ reads	99.38%
	Number of Primer/Adaptor contaminated HQ reads	NA
	Total number of HQ filtered reads	1865112
	Percentage of HQ filtered reads	99.33%


Detailed QC statistics
	File name	RMB_9529_Lepidodactylus_balioburius_Batan_R1.fq
	Minimum read length	95
	Maximum read length	95
	Average read length	95.00
	Total number of reads	1877611
	Total number of reads with non-ATGC bases	821
	Percentage of reads with non-ATGC bases	0.04%
	Total number of bases	178373045
	Total number of HQ bases	176724317
	Percentage of HQ bases	99.08%
	Total number of non-ATGC bases	5242
	Percentage of non-ATGC bases	0.00%


Average quality score at each base position of input reads

RMB_9529_Lepidodactylus_balioburius_Batan_R1.fq
36.71	36.49	36.89	36.57	36.88	36.90	36.91	39.59	39.54	39.36	39.31	39.29	39.29	39.26	39.30	39.14	39.16	39.04	39.18	39.01	39.11	38.93	38.84	38.89	39.01	38.78	38.79	38.98	38.61	38.48	38.83	38.89	38.80	38.83	38.95	38.65	38.85	38.92	38.92	38.48	38.59	38.59	38.58	38.48	38.33	37.87	37.10	36.84	36.45	36.28	36.24	36.55	37.10	37.36	37.62	37.83	37.97	38.11	38.18	38.16	38.10	38.08	37.91	37.78	37.70	37.55	37.33	37.19	36.98	35.49	36.02	36.34	36.27	36.23	36.18	36.11	35.92	35.84	35.75	35.61	35.55	35.54	35.43	35.35	35.38	35.30	35.27	35.20	35.08	35.08	34.89	34.89	34.93	34.81	33.45	




Read count (%) per base for different quality score ranges

	RMB_9529_Lepidodactylus_balioburius_Batan_R1.fq
Ranges	0-10	11-20	21-30	31-40
Base
1	0.00	0.23	0.41	99.35
2	0.00	0.02	0.14	99.84
3	0.00	0.05	0.19	99.76
4	0.00	0.27	0.67	99.06
5	0.00	0.10	0.35	99.54
6	0.00	0.08	0.29	99.62
7	0.00	0.08	0.25	99.68
8	0.00	0.09	0.26	99.65
9	0.00	0.11	0.32	99.57
10	0.00	0.16	0.44	99.39
11	0.01	0.15	0.42	99.42
12	0.01	0.17	0.47	99.35
13	0.00	0.19	0.54	99.27
14	0.01	0.23	0.49	99.27
15	0.01	0.20	0.45	99.34
16	0.01	0.23	0.56	99.20
17	0.01	0.20	0.52	99.27
18	0.01	0.21	0.57	99.21
19	0.02	0.19	0.44	99.35
20	0.04	0.28	0.58	99.10
21	0.04	0.23	0.49	99.24
22	0.05	0.29	0.52	99.13
23	0.07	0.30	0.58	99.05
24	0.08	0.29	0.55	99.08
25	0.10	0.28	0.57	99.05
26	0.13	0.35	0.77	98.75
27	0.14	0.31	0.66	98.89
28	0.14	0.25	0.58	99.04
29	0.21	0.26	0.67	98.86
30	0.22	0.28	0.74	98.75
31	0.20	0.25	0.64	98.92
32	0.24	0.24	0.66	98.86
33	0.28	0.29	0.75	98.69
34	0.24	0.30	0.71	98.75
35	0.23	0.29	0.70	98.78
36	0.29	0.33	0.99	98.40
37	0.27	0.28	0.73	98.73
38	0.26	0.26	0.70	98.78
39	0.26	0.29	0.76	98.70
40	0.31	0.37	1.11	98.22
41	0.32	0.32	1.00	98.36
42	0.31	0.34	1.02	98.33
43	0.30	0.35	0.97	98.38
44	0.32	0.36	1.08	98.24
45	0.33	0.35	1.15	98.16
46	0.41	0.41	1.49	97.68
47	0.47	0.61	2.74	96.18
48	0.44	0.78	3.59	95.19
49	0.51	1.10	4.60	93.79
50	0.49	1.61	6.07	91.83
51	0.48	2.64	5.81	91.07
52	0.45	2.64	4.86	92.05
53	0.44	1.96	3.87	93.73
54	0.44	1.62	3.30	94.64
55	0.42	1.34	2.78	95.46
56	0.43	1.10	2.42	96.06
57	0.39	0.92	2.23	96.46
58	0.40	0.73	2.03	96.84
59	0.40	0.57	1.80	97.22
60	0.42	0.50	1.78	97.29
61	0.43	0.44	1.70	97.43
62	0.42	0.41	1.62	97.55
63	0.44	0.42	1.73	97.41
64	0.44	0.43	1.90	97.23
65	0.44	0.42	1.72	97.42
66	0.46	0.45	1.87	97.23
67	0.51	0.44	2.00	97.06
68	0.47	0.47	2.03	97.03
69	0.50	0.48	2.17	96.85
70	0.50	0.60	3.97	94.92
71	0.55	0.56	2.70	96.20
72	0.54	0.52	2.29	96.64
73	0.61	0.57	2.68	96.14
74	0.59	0.56	2.49	96.36
75	0.57	0.54	2.42	96.47
76	0.59	0.53	2.36	96.52
77	0.60	0.59	2.81	96.00
78	0.62	0.59	2.83	95.95
79	0.62	0.59	3.07	95.71
80	0.64	0.64	3.19	95.53
81	0.67	0.68	3.23	95.42
82	0.66	0.71	3.33	95.30
83	0.69	0.70	3.51	95.10
84	0.72	0.75	3.63	94.90
85	0.73	0.74	3.48	95.06
86	0.73	0.77	3.65	94.84
87	0.74	0.79	3.70	94.78
88	0.75	0.79	3.92	94.55
89	0.80	0.83	4.08	94.29
90	0.83	0.88	4.08	94.21
91	0.85	0.97	4.54	93.64
92	0.84	0.99	4.52	93.65
93	0.85	0.98	4.34	93.84
94	0.88	1.01	4.66	93.45
95	1.50	1.88	9.37	87.24




