Parameters
	Library type	Single-end
	Input file	/Volumes/wdhd/users/joaks1/projects/gekgo/data/genomes/msg/plate3/demultiplexed-raw/fastq/RMB_5006_Gekko_mindorensis_Mindoro_R1.fq
	Primer/Adaptor library	NA
	Cut-off read length for HQ	70%
	Cut-off quality score	20
	Only statistics	On
	Number of processes	2


QC statistics
	File name	RMB_5006_Gekko_mindorensis_Mindoro_R1.fq
	Total number of reads	225493
	Total number of HQ reads	224048
	Percentage of HQ reads	99.36%
	Total number of bases	21421835
	Total number of bases in HQ reads	21284560
	Total number of HQ bases in HQ reads	21153840
	Percentage of HQ bases in HQ reads	99.39%
	Number of Primer/Adaptor contaminated HQ reads	NA
	Total number of HQ filtered reads	224048
	Percentage of HQ filtered reads	99.36%


Detailed QC statistics
	File name	RMB_5006_Gekko_mindorensis_Mindoro_R1.fq
	Minimum read length	95
	Maximum read length	95
	Average read length	95.00
	Total number of reads	225493
	Total number of reads with non-ATGC bases	101
	Percentage of reads with non-ATGC bases	0.04%
	Total number of bases	21421835
	Total number of HQ bases	21226252
	Percentage of HQ bases	99.09%
	Total number of non-ATGC bases	690
	Percentage of non-ATGC bases	0.00%


Average quality score at each base position of input reads

RMB_5006_Gekko_mindorensis_Mindoro_R1.fq
34.56	34.38	36.81	36.53	36.89	36.91	36.91	39.49	39.48	39.39	39.35	39.23	39.31	39.32	39.34	39.07	39.17	39.06	39.23	39.05	39.16	38.94	38.93	38.93	39.00	38.85	38.90	39.05	38.77	38.62	38.84	39.00	38.84	38.87	38.94	38.65	38.87	38.93	38.95	38.53	38.59	38.58	38.60	38.43	38.35	37.80	37.07	36.96	36.48	36.20	36.12	36.48	36.99	37.28	37.57	37.72	37.86	38.05	38.16	38.21	38.16	38.08	37.99	37.86	37.74	37.59	37.46	37.34	37.09	35.46	36.11	36.54	36.60	36.48	36.37	36.21	36.07	36.02	35.94	35.86	35.76	35.68	35.64	35.60	35.56	35.50	35.37	35.32	35.24	35.19	35.18	35.11	35.08	34.93	33.57	




Read count (%) per base for different quality score ranges

	RMB_5006_Gekko_mindorensis_Mindoro_R1.fq
Ranges	0-10	11-20	21-30	31-40
Base
1	0.00	0.66	2.05	97.30
2	0.00	0.04	0.50	99.46
3	0.00	0.06	0.22	99.73
4	0.00	0.23	0.68	99.09
5	0.00	0.09	0.30	99.61
6	0.00	0.06	0.23	99.70
7	0.00	0.09	0.25	99.66
8	0.00	0.10	0.27	99.63
9	0.00	0.12	0.28	99.60
10	0.01	0.16	0.39	99.45
11	0.01	0.14	0.33	99.53
12	0.01	0.19	0.45	99.35
13	0.01	0.17	0.51	99.31
14	0.01	0.21	0.46	99.32
15	0.01	0.18	0.41	99.41
16	0.01	0.20	0.49	99.30
17	0.01	0.17	0.38	99.44
18	0.01	0.20	0.56	99.23
19	0.03	0.18	0.45	99.34
20	0.07	0.27	0.55	99.11
21	0.07	0.27	0.47	99.19
22	0.09	0.32	0.56	99.03
23	0.11	0.28	0.59	99.02
24	0.09	0.29	0.57	99.05
25	0.13	0.29	0.52	99.05
26	0.15	0.33	0.75	98.77
27	0.17	0.28	0.65	98.90
28	0.17	0.24	0.58	99.00
29	0.20	0.26	0.63	98.90
30	0.22	0.32	0.75	98.72
31	0.21	0.26	0.64	98.90
32	0.21	0.26	0.67	98.86
33	0.25	0.29	0.72	98.74
34	0.24	0.30	0.71	98.74
35	0.24	0.29	0.69	98.78
36	0.30	0.34	0.93	98.43
37	0.27	0.30	0.73	98.70
38	0.26	0.28	0.73	98.73
39	0.30	0.29	0.76	98.65
40	0.31	0.35	1.14	98.20
41	0.32	0.30	0.92	98.45
42	0.28	0.34	0.97	98.41
43	0.30	0.33	0.89	98.48
44	0.33	0.34	0.94	98.39
45	0.32	0.37	1.12	98.19
46	0.40	0.47	1.55	97.58
47	0.46	0.61	2.92	96.02
48	0.39	0.69	3.05	95.86
49	0.49	1.03	4.66	93.82
50	0.48	1.63	6.36	91.54
51	0.47	2.76	6.10	90.67
52	0.44	2.84	4.99	91.73
53	0.41	2.26	4.09	93.23
54	0.40	1.97	3.48	94.15
55	0.39	1.63	2.96	95.03
56	0.41	1.37	2.70	95.52
57	0.41	1.13	2.41	96.05
58	0.39	0.81	2.13	96.68
59	0.37	0.62	1.97	97.04
60	0.37	0.51	1.75	97.38
61	0.37	0.46	1.66	97.51
62	0.38	0.44	1.68	97.49
63	0.39	0.41	1.71	97.49
64	0.44	0.45	1.75	97.36
65	0.44	0.43	1.85	97.28
66	0.44	0.44	1.96	97.17
67	0.45	0.45	1.89	97.22
68	0.46	0.46	1.84	97.23
69	0.49	0.49	1.98	97.04
70	0.53	0.61	4.07	94.79
71	0.54	0.55	2.42	96.49
72	0.49	0.51	2.18	96.82
73	0.49	0.50	2.20	96.81
74	0.51	0.50	2.24	96.76
75	0.55	0.52	2.07	96.87
76	0.51	0.57	2.33	96.59
77	0.58	0.63	2.41	96.37
78	0.51	0.57	2.51	96.42
79	0.58	0.62	2.52	96.28
80	0.56	0.59	2.68	96.16
81	0.57	0.63	2.95	95.86
82	0.61	0.69	2.99	95.70
83	0.58	0.63	3.20	95.59
84	0.61	0.66	3.13	95.60
85	0.60	0.69	3.22	95.49
86	0.61	0.70	3.38	95.31
87	0.66	0.71	3.58	95.05
88	0.67	0.73	3.61	94.98
89	0.68	0.79	3.76	94.77
90	0.75	0.81	3.91	94.52
91	0.74	0.86	3.95	94.45
92	0.80	0.90	3.86	94.44
93	0.82	0.93	4.08	94.17
94	0.82	1.02	4.39	93.76
95	1.45	1.73	8.71	88.10




