Parameters
	Library type	Single-end
	Input file	/Volumes/wdhd/users/joaks1/projects/gekgo/data/genomes/msg/plate3/demultiplexed-raw/fastq/RMB_7937_Gekko_monarchus_Palawan_R1.fq
	Primer/Adaptor library	NA
	Cut-off read length for HQ	70%
	Cut-off quality score	20
	Only statistics	On
	Number of processes	2


QC statistics
	File name	RMB_7937_Gekko_monarchus_Palawan_R1.fq
	Total number of reads	87393
	Total number of HQ reads	86802
	Percentage of HQ reads	99.32%
	Total number of bases	8302335
	Total number of bases in HQ reads	8246190
	Total number of HQ bases in HQ reads	8202855
	Percentage of HQ bases in HQ reads	99.47%
	Number of Primer/Adaptor contaminated HQ reads	NA
	Total number of HQ filtered reads	86802
	Percentage of HQ filtered reads	99.32%


Detailed QC statistics
	File name	RMB_7937_Gekko_monarchus_Palawan_R1.fq
	Minimum read length	95
	Maximum read length	95
	Average read length	95.00
	Total number of reads	87393
	Total number of reads with non-ATGC bases	40
	Percentage of reads with non-ATGC bases	0.05%
	Total number of bases	8302335
	Total number of HQ bases	8231171
	Percentage of HQ bases	99.14%
	Total number of non-ATGC bases	243
	Percentage of non-ATGC bases	0.00%


Average quality score at each base position of input reads

RMB_7937_Gekko_monarchus_Palawan_R1.fq
36.88	36.25	36.91	36.67	36.92	36.93	36.92	39.54	39.52	39.47	39.42	39.33	39.41	39.43	39.42	39.18	39.27	39.15	39.27	39.13	39.22	38.98	39.01	39.04	39.09	38.92	38.96	39.15	38.88	38.74	38.95	39.11	38.97	38.98	39.05	38.81	38.99	39.04	39.05	38.68	38.73	38.73	38.74	38.63	38.53	37.89	37.30	37.07	36.72	36.36	36.38	36.59	37.19	37.50	37.74	37.90	38.08	38.26	38.34	38.39	38.33	38.25	38.16	37.99	37.85	37.73	37.60	37.42	37.13	35.61	36.24	36.61	36.66	36.58	36.47	36.33	36.20	36.10	36.02	35.95	35.84	35.79	35.75	35.75	35.68	35.65	35.50	35.48	35.41	35.32	35.31	35.27	35.20	35.10	33.77	




Read count (%) per base for different quality score ranges

	RMB_7937_Gekko_monarchus_Palawan_R1.fq
Ranges	0-10	11-20	21-30	31-40
Base
1	0.00	0.18	0.29	99.53
2	0.00	0.03	0.14	99.83
3	0.00	0.04	0.13	99.83
4	0.00	0.19	0.46	99.35
5	0.00	0.07	0.22	99.70
6	0.00	0.06	0.20	99.74
7	0.01	0.08	0.21	99.70
8	0.00	0.09	0.20	99.71
9	0.00	0.09	0.20	99.71
10	0.00	0.11	0.28	99.61
11	0.00	0.11	0.24	99.65
12	0.00	0.12	0.34	99.54
13	0.00	0.11	0.34	99.55
14	0.00	0.15	0.30	99.55
15	0.00	0.12	0.27	99.60
16	0.01	0.16	0.37	99.47
17	0.00	0.13	0.27	99.59
18	0.02	0.15	0.44	99.40
19	0.03	0.16	0.42	99.40
20	0.06	0.21	0.44	99.29
21	0.10	0.20	0.38	99.32
22	0.13	0.28	0.41	99.18
23	0.13	0.26	0.42	99.19
24	0.13	0.22	0.41	99.23
25	0.15	0.24	0.43	99.17
26	0.17	0.27	0.58	98.97
27	0.19	0.24	0.49	99.07
28	0.18	0.21	0.44	99.16
29	0.21	0.22	0.50	99.07
30	0.23	0.25	0.55	98.96
31	0.21	0.21	0.50	99.07
32	0.27	0.22	0.46	99.05
33	0.25	0.26	0.56	98.93
34	0.24	0.26	0.53	98.97
35	0.26	0.25	0.56	98.92
36	0.25	0.31	0.72	98.71
37	0.26	0.26	0.58	98.90
38	0.27	0.27	0.58	98.88
39	0.33	0.27	0.63	98.77
40	0.32	0.32	0.89	98.47
41	0.33	0.33	0.76	98.57
42	0.30	0.28	0.84	98.58
43	0.31	0.31	0.67	98.71
44	0.30	0.30	0.80	98.59
45	0.33	0.31	0.92	98.44
46	0.34	0.40	1.28	97.98
47	0.41	0.53	2.34	96.72
48	0.37	0.62	2.69	96.33
49	0.41	0.96	4.05	94.58
50	0.42	1.57	5.77	92.24
51	0.41	2.43	5.44	91.72
52	0.45	2.66	4.70	92.19
53	0.39	2.05	3.58	93.98
54	0.38	1.73	3.12	94.77
55	0.37	1.48	2.53	95.62
56	0.42	1.29	2.30	96.00
57	0.38	1.05	2.02	96.54
58	0.37	0.75	1.71	97.17
59	0.39	0.60	1.54	97.47
60	0.35	0.51	1.39	97.75
61	0.37	0.45	1.36	97.82
62	0.38	0.40	1.39	97.84
63	0.36	0.42	1.36	97.86
64	0.44	0.41	1.43	97.72
65	0.42	0.39	1.68	97.51
66	0.46	0.35	1.53	97.66
67	0.46	0.39	1.58	97.57
68	0.50	0.42	1.52	97.55
69	0.52	0.46	1.79	97.24
70	0.57	0.52	3.52	95.39
71	0.59	0.50	2.10	96.82
72	0.55	0.46	1.80	97.19
73	0.57	0.42	1.77	97.23
74	0.47	0.50	1.85	97.18
75	0.56	0.50	1.71	97.23
76	0.53	0.48	1.93	97.06
77	0.58	0.54	2.09	96.79
78	0.55	0.57	2.12	96.75
79	0.58	0.53	2.42	96.47
80	0.56	0.56	2.33	96.55
81	0.55	0.60	2.50	96.34
82	0.63	0.61	2.62	96.13
83	0.61	0.63	2.62	96.15
84	0.62	0.62	2.49	96.27
85	0.66	0.63	2.64	96.06
86	0.66	0.65	2.67	96.02
87	0.63	0.66	3.08	95.63
88	0.71	0.64	3.11	95.54
89	0.67	0.76	3.21	95.36
90	0.77	0.78	3.34	95.12
91	0.75	0.80	3.54	94.91
92	0.76	0.85	3.36	95.03
93	0.80	0.89	3.50	94.81
94	0.85	0.91	3.88	94.37
95	1.42	1.53	8.09	88.96




