Parameters
	Library type	Single-end
	Input file	/Volumes/wdhd/users/joaks1/projects/gekgo/data/genomes/msg/plate3/demultiplexed-raw/fastq/RMB_9530_Lepidodactylus_balioburius_Batan_R1.fq
	Primer/Adaptor library	NA
	Cut-off read length for HQ	70%
	Cut-off quality score	20
	Only statistics	On
	Number of processes	2


QC statistics
	File name	RMB_9530_Lepidodactylus_balioburius_Batan_R1.fq
	Total number of reads	332276
	Total number of HQ reads	330058
	Percentage of HQ reads	99.33%
	Total number of bases	31566220
	Total number of bases in HQ reads	31355510
	Total number of HQ bases in HQ reads	31182369
	Percentage of HQ bases in HQ reads	99.45%
	Number of Primer/Adaptor contaminated HQ reads	NA
	Total number of HQ filtered reads	330058
	Percentage of HQ filtered reads	99.33%


Detailed QC statistics
	File name	RMB_9530_Lepidodactylus_balioburius_Batan_R1.fq
	Minimum read length	95
	Maximum read length	95
	Average read length	95.00
	Total number of reads	332276
	Total number of reads with non-ATGC bases	134
	Percentage of reads with non-ATGC bases	0.04%
	Total number of bases	31566220
	Total number of HQ bases	31292694
	Percentage of HQ bases	99.13%
	Total number of non-ATGC bases	984
	Percentage of non-ATGC bases	0.00%


Average quality score at each base position of input reads

RMB_9530_Lepidodactylus_balioburius_Batan_R1.fq
36.86	36.43	36.91	36.63	36.91	36.93	36.94	39.64	39.59	39.43	39.37	39.36	39.33	39.25	39.28	39.05	39.14	39.08	39.23	39.08	39.18	38.97	38.93	38.99	39.08	38.88	38.88	39.05	38.66	38.56	38.90	38.95	38.87	38.89	39.01	38.66	38.88	38.97	38.96	38.51	38.61	38.62	38.63	38.54	38.36	37.93	37.10	36.75	36.35	36.14	36.13	36.44	37.00	37.27	37.52	37.72	37.82	37.98	38.00	37.98	37.91	37.82	37.64	37.45	37.34	37.15	36.94	36.78	36.62	35.23	35.75	36.10	36.05	36.03	35.99	35.96	35.81	35.74	35.70	35.59	35.55	35.56	35.46	35.39	35.43	35.35	35.33	35.26	35.17	35.16	34.98	34.96	35.00	34.91	33.46	




Read count (%) per base for different quality score ranges

	RMB_9530_Lepidodactylus_balioburius_Batan_R1.fq
Ranges	0-10	11-20	21-30	31-40
Base
1	0.00	0.21	0.30	99.49
2	0.00	0.03	0.14	99.83
3	0.00	0.03	0.12	99.85
4	0.00	0.18	0.51	99.30
5	0.00	0.06	0.23	99.71
6	0.00	0.05	0.19	99.76
7	0.00	0.05	0.17	99.78
8	0.00	0.06	0.16	99.77
9	0.00	0.08	0.21	99.71
10	0.01	0.13	0.32	99.55
11	0.01	0.12	0.33	99.55
12	0.01	0.13	0.36	99.50
13	0.00	0.13	0.41	99.45
14	0.01	0.19	0.38	99.42
15	0.01	0.16	0.33	99.50
16	0.01	0.18	0.46	99.34
17	0.01	0.15	0.42	99.42
18	0.01	0.14	0.46	99.39
19	0.02	0.14	0.33	99.51
20	0.04	0.19	0.45	99.32
21	0.04	0.17	0.36	99.43
22	0.07	0.22	0.41	99.31
23	0.08	0.22	0.46	99.25
24	0.09	0.18	0.43	99.31
25	0.12	0.21	0.44	99.23
26	0.15	0.24	0.61	99.00
27	0.14	0.22	0.51	99.13
28	0.14	0.18	0.45	99.23
29	0.20	0.19	0.55	99.06
30	0.21	0.22	0.58	98.99
31	0.19	0.22	0.49	99.11
32	0.20	0.24	0.51	99.05
33	0.24	0.27	0.58	98.91
34	0.23	0.27	0.56	98.94
35	0.24	0.25	0.55	98.96
36	0.29	0.29	0.96	98.46
37	0.27	0.27	0.62	98.85
38	0.25	0.25	0.56	98.94
39	0.26	0.26	0.62	98.86
40	0.28	0.32	1.03	98.36
41	0.30	0.26	0.92	98.51
42	0.29	0.27	0.91	98.53
43	0.27	0.29	0.83	98.61
44	0.28	0.31	0.97	98.44
45	0.28	0.31	1.10	98.32
46	0.35	0.37	1.46	97.82
47	0.41	0.53	3.08	95.99
48	0.40	0.72	4.77	94.12
49	0.46	1.02	5.53	92.99
50	0.45	1.58	7.15	90.82
51	0.46	2.59	6.64	90.31
52	0.43	2.60	5.45	91.52
53	0.42	1.98	4.22	93.38
54	0.41	1.62	3.46	94.51
55	0.42	1.29	2.88	95.41
56	0.41	1.08	2.41	96.09
57	0.41	0.90	2.18	96.51
58	0.40	0.70	1.91	96.99
59	0.41	0.54	1.73	97.31
60	0.41	0.48	1.62	97.49
61	0.44	0.41	1.57	97.58
62	0.44	0.41	1.49	97.67
63	0.41	0.41	1.57	97.61
64	0.46	0.40	1.80	97.34
65	0.45	0.39	1.52	97.64
66	0.46	0.42	1.69	97.43
67	0.49	0.41	1.77	97.33
68	0.49	0.43	1.93	97.15
69	0.50	0.46	1.92	97.12
70	0.52	0.52	3.84	95.12
71	0.53	0.51	2.50	96.47
72	0.53	0.46	2.02	96.99
73	0.56	0.52	2.55	96.37
74	0.57	0.50	2.29	96.65
75	0.55	0.48	2.28	96.68
76	0.59	0.50	2.15	96.77
77	0.55	0.57	2.63	96.25
78	0.61	0.56	2.64	96.18
79	0.60	0.55	2.90	95.95
80	0.59	0.61	2.90	95.90
81	0.63	0.64	2.89	95.84
82	0.63	0.66	3.06	95.65
83	0.67	0.63	3.18	95.52
84	0.70	0.69	3.23	95.39
85	0.69	0.69	3.05	95.57
86	0.71	0.69	3.28	95.31
87	0.70	0.73	3.33	95.24
88	0.70	0.78	3.51	95.01
89	0.76	0.76	3.56	94.91
90	0.77	0.84	3.73	94.67
91	0.82	0.90	4.13	94.16
92	0.78	0.93	4.10	94.18
93	0.82	0.92	4.01	94.25
94	0.83	0.99	4.11	94.08
95	1.45	1.92	9.09	87.53




