Parameters
	Library type	Single-end
	Input file	/Volumes/wdhd/users/joaks1/projects/gekgo/data/genomes/msg/plate3/demultiplexed-raw/fastq/RMB_5971_Luperosaurus_macgregori_BabuyanClaro_R1.fq
	Primer/Adaptor library	NA
	Cut-off read length for HQ	70%
	Cut-off quality score	20
	Only statistics	On
	Number of processes	2


QC statistics
	File name	RMB_5971_Luperosaurus_macgregori_BabuyanClaro_R1.fq
	Total number of reads	406513
	Total number of HQ reads	403740
	Percentage of HQ reads	99.32%
	Total number of bases	38618735
	Total number of bases in HQ reads	38355300
	Total number of HQ bases in HQ reads	38118461
	Percentage of HQ bases in HQ reads	99.38%
	Number of Primer/Adaptor contaminated HQ reads	NA
	Total number of HQ filtered reads	403740
	Percentage of HQ filtered reads	99.32%


Detailed QC statistics
	File name	RMB_5971_Luperosaurus_macgregori_BabuyanClaro_R1.fq
	Minimum read length	95
	Maximum read length	95
	Average read length	95.00
	Total number of reads	406513
	Total number of reads with non-ATGC bases	190
	Percentage of reads with non-ATGC bases	0.05%
	Total number of bases	38618735
	Total number of HQ bases	38262071
	Percentage of HQ bases	99.08%
	Total number of non-ATGC bases	1189
	Percentage of non-ATGC bases	0.00%


Average quality score at each base position of input reads

RMB_5971_Luperosaurus_macgregori_BabuyanClaro_R1.fq
35.30	34.83	36.83	36.57	36.88	36.90	36.91	39.57	39.53	39.37	39.32	39.33	39.31	39.25	39.29	39.12	39.15	39.04	39.21	39.04	39.13	38.94	38.88	38.94	39.06	38.80	38.83	39.03	38.77	38.57	38.80	38.98	38.83	38.88	38.94	38.64	38.84	38.93	38.97	38.56	38.60	38.60	38.64	38.49	38.39	37.91	37.18	37.03	36.59	36.28	36.08	36.42	36.95	37.30	37.60	37.76	37.92	38.03	38.07	38.09	38.08	37.99	37.86	37.75	37.62	37.50	37.33	37.18	37.00	35.52	36.07	36.39	36.41	36.22	36.19	36.10	36.01	35.91	35.86	35.70	35.63	35.54	35.54	35.51	35.44	35.37	35.29	35.23	35.20	35.15	35.02	34.98	34.96	34.83	33.61	




Read count (%) per base for different quality score ranges

	RMB_5971_Luperosaurus_macgregori_BabuyanClaro_R1.fq
Ranges	0-10	11-20	21-30	31-40
Base
1	0.00	0.58	1.32	98.10
2	0.00	0.05	0.44	99.51
3	0.00	0.06	0.22	99.72
4	0.00	0.23	0.65	99.12
5	0.00	0.10	0.33	99.57
6	0.00	0.07	0.27	99.65
7	0.00	0.09	0.25	99.66
8	0.00	0.09	0.27	99.64
9	0.00	0.11	0.32	99.57
10	0.00	0.15	0.41	99.43
11	0.01	0.14	0.38	99.47
12	0.00	0.16	0.41	99.43
13	0.00	0.19	0.50	99.30
14	0.01	0.23	0.49	99.27
15	0.01	0.20	0.45	99.35
16	0.01	0.21	0.54	99.24
17	0.01	0.17	0.42	99.40
18	0.02	0.22	0.58	99.18
19	0.02	0.19	0.44	99.35
20	0.05	0.26	0.55	99.14
21	0.04	0.23	0.48	99.25
22	0.05	0.30	0.52	99.13
23	0.06	0.28	0.58	99.09
24	0.07	0.27	0.55	99.10
25	0.10	0.26	0.52	99.12
26	0.12	0.33	0.80	98.75
27	0.14	0.29	0.69	98.89
28	0.14	0.24	0.58	99.04
29	0.17	0.25	0.68	98.90
30	0.22	0.28	0.75	98.75
31	0.21	0.26	0.66	98.87
32	0.21	0.24	0.64	98.91
33	0.25	0.28	0.73	98.73
34	0.25	0.28	0.70	98.78
35	0.24	0.29	0.69	98.79
36	0.28	0.33	0.92	98.48
37	0.26	0.28	0.76	98.69
38	0.25	0.26	0.72	98.77
39	0.26	0.27	0.75	98.72
40	0.30	0.31	1.13	98.26
41	0.31	0.30	0.96	98.43
42	0.32	0.34	1.03	98.31
43	0.29	0.34	0.95	98.42
44	0.32	0.36	1.06	98.26
45	0.31	0.35	1.11	98.22
46	0.37	0.42	1.58	97.63
47	0.46	0.61	2.81	96.13
48	0.41	0.71	3.25	95.63
49	0.48	1.05	4.48	93.99
50	0.50	1.58	6.32	91.60
51	0.49	2.85	6.22	90.44
52	0.46	2.82	5.09	91.63
53	0.45	2.14	4.11	93.30
54	0.42	1.76	3.46	94.36
55	0.39	1.38	2.90	95.33
56	0.42	1.16	2.48	95.94
57	0.39	0.94	2.17	96.50
58	0.41	0.78	2.00	96.81
59	0.39	0.62	1.91	97.08
60	0.41	0.51	1.76	97.32
61	0.38	0.45	1.63	97.54
62	0.39	0.42	1.70	97.49
63	0.42	0.44	1.79	97.36
64	0.44	0.43	1.81	97.31
65	0.43	0.44	1.80	97.33
66	0.45	0.45	1.88	97.22
67	0.47	0.45	2.02	97.07
68	0.49	0.47	2.10	96.93
69	0.51	0.51	2.15	96.83
70	0.48	0.58	3.94	95.00
71	0.50	0.56	2.63	96.31
72	0.50	0.54	2.28	96.68
73	0.51	0.52	2.25	96.73
74	0.58	0.64	2.68	96.10
75	0.53	0.54	2.51	96.41
76	0.55	0.55	2.48	96.42
77	0.56	0.59	2.53	96.32
78	0.59	0.60	2.70	96.12
79	0.57	0.58	2.79	96.05
80	0.60	0.66	3.12	95.62
81	0.66	0.66	3.28	95.40
82	0.68	0.73	3.52	95.08
83	0.66	0.67	3.37	95.30
84	0.67	0.72	3.29	95.33
85	0.71	0.72	3.45	95.12
86	0.72	0.83	3.68	94.78
87	0.74	0.83	3.86	94.57
88	0.71	0.82	3.93	94.53
89	0.71	0.84	3.99	94.46
90	0.77	0.86	4.12	94.25
91	0.82	0.95	4.47	93.75
92	0.86	0.99	4.29	93.86
93	0.85	1.03	4.44	93.68
94	0.85	1.10	4.88	93.17
95	1.48	1.90	8.51	88.12




