Parameters
	Library type	Single-end
	Input file	/Volumes/wdhd/users/joaks1/projects/gekgo/data/genomes/msg/plate3/demultiplexed-raw/fastq/RMB_6372_Gekko_sp.a_Dalupiri_R1.fq
	Primer/Adaptor library	NA
	Cut-off read length for HQ	70%
	Cut-off quality score	20
	Only statistics	On
	Number of processes	2


QC statistics
	File name	RMB_6372_Gekko_sp.a_Dalupiri_R1.fq
	Total number of reads	27943
	Total number of HQ reads	27691
	Percentage of HQ reads	99.10%
	Total number of bases	2654585
	Total number of bases in HQ reads	2630645
	Total number of HQ bases in HQ reads	2613861
	Percentage of HQ bases in HQ reads	99.36%
	Number of Primer/Adaptor contaminated HQ reads	NA
	Total number of HQ filtered reads	27691
	Percentage of HQ filtered reads	99.10%


Detailed QC statistics
	File name	RMB_6372_Gekko_sp.a_Dalupiri_R1.fq
	Minimum read length	95
	Maximum read length	95
	Average read length	95.00
	Total number of reads	27943
	Total number of reads with non-ATGC bases	15
	Percentage of reads with non-ATGC bases	0.05%
	Total number of bases	2654585
	Total number of HQ bases	2625818
	Percentage of HQ bases	98.92%
	Total number of non-ATGC bases	100
	Percentage of non-ATGC bases	0.00%


Average quality score at each base position of input reads

RMB_6372_Gekko_sp.a_Dalupiri_R1.fq
36.79	36.41	36.89	36.66	36.89	36.91	36.92	39.58	39.52	39.36	39.30	39.25	39.14	39.15	39.20	39.01	39.15	39.04	39.16	39.05	39.11	38.87	38.87	38.93	39.02	38.82	38.83	39.03	38.70	38.54	38.78	38.95	38.79	38.83	38.87	38.50	38.75	38.86	38.84	38.42	38.51	38.42	38.51	38.31	38.24	37.72	36.89	36.83	36.36	36.09	35.98	36.38	36.72	37.11	37.38	37.49	37.62	37.71	37.77	37.75	37.64	37.52	37.42	37.22	37.06	36.92	36.78	36.63	36.48	35.07	35.64	35.93	35.97	35.96	35.94	35.85	35.74	35.72	35.67	35.54	35.47	35.39	35.33	35.30	35.28	35.25	35.13	35.06	35.04	35.02	34.96	34.90	34.86	34.74	33.54	




Read count (%) per base for different quality score ranges

	RMB_6372_Gekko_sp.a_Dalupiri_R1.fq
Ranges	0-10	11-20	21-30	31-40
Base
1	0.04	0.33	0.48	99.14
2	0.00	0.03	0.23	99.75
3	0.00	0.07	0.18	99.75
4	0.00	0.22	0.50	99.28
5	0.00	0.07	0.31	99.62
6	0.00	0.07	0.29	99.64
7	0.00	0.06	0.24	99.70
8	0.00	0.09	0.24	99.66
9	0.01	0.10	0.31	99.58
10	0.00	0.21	0.39	99.39
11	0.03	0.14	0.39	99.44
12	0.00	0.19	0.47	99.34
13	0.00	0.20	0.48	99.31
14	0.00	0.21	0.43	99.36
15	0.02	0.21	0.37	99.39
16	0.02	0.17	0.48	99.33
17	0.03	0.15	0.36	99.47
18	0.02	0.23	0.58	99.18
19	0.06	0.18	0.51	99.26
20	0.06	0.24	0.51	99.19
21	0.10	0.27	0.58	99.05
22	0.15	0.23	0.59	99.04
23	0.20	0.31	0.64	98.85
24	0.21	0.26	0.60	98.92
25	0.23	0.26	0.55	98.95
26	0.24	0.29	0.70	98.77
27	0.27	0.29	0.67	98.77
28	0.27	0.21	0.54	98.98
29	0.31	0.30	0.59	98.80
30	0.26	0.33	0.77	98.63
31	0.23	0.30	0.63	98.84
32	0.29	0.25	0.62	98.83
33	0.28	0.28	0.81	98.64
34	0.38	0.31	0.65	98.66
35	0.32	0.35	0.75	98.58
36	0.43	0.31	0.99	98.27
37	0.35	0.29	0.74	98.62
38	0.41	0.29	0.69	98.62
39	0.41	0.29	0.88	98.43
40	0.38	0.43	1.20	98.00
41	0.38	0.39	0.97	98.26
42	0.43	0.38	1.16	98.03
43	0.37	0.36	1.08	98.20
44	0.41	0.41	1.20	97.98
45	0.43	0.41	1.33	97.83
46	0.44	0.47	2.04	97.05
47	0.49	0.65	3.63	95.23
48	0.45	0.79	3.93	94.82
49	0.48	1.20	5.83	92.50
50	0.58	1.63	7.46	90.33
51	0.60	2.64	7.25	89.50
52	0.52	2.58	5.72	91.18
53	0.49	2.26	4.84	92.41
54	0.49	1.66	3.92	93.93
55	0.53	1.40	3.15	94.93
56	0.54	1.13	3.06	95.26
57	0.50	0.99	2.45	96.06
58	0.57	0.78	2.14	96.52
59	0.48	0.67	2.02	96.83
60	0.50	0.50	1.77	97.22
61	0.56	0.50	1.72	97.22
62	0.58	0.56	1.82	97.05
63	0.58	0.46	1.73	97.24
64	0.64	0.44	1.83	97.08
65	0.59	0.60	2.01	96.80
66	0.63	0.53	2.04	96.79
67	0.63	0.55	1.94	96.89
68	0.64	0.57	1.93	96.85
69	0.67	0.60	2.12	96.61
70	0.66	0.69	4.24	94.42
71	0.72	0.68	2.61	96.00
72	0.71	0.65	2.44	96.21
73	0.69	0.61	2.53	96.17
74	0.74	0.53	2.36	96.37
75	0.76	0.59	2.34	96.32
76	0.73	0.63	2.53	96.11
77	0.79	0.66	2.62	95.93
78	0.68	0.72	2.71	95.89
79	0.72	0.69	2.71	95.88
80	0.80	0.77	2.94	95.49
81	0.78	0.83	3.32	95.07
82	0.93	0.89	3.24	94.94
83	0.98	0.94	3.24	94.84
84	1.03	0.96	3.23	94.78
85	0.94	0.84	3.50	94.72
86	1.00	0.89	3.52	94.59
87	1.07	0.96	3.71	94.25
88	0.94	1.08	4.02	93.96
89	0.95	0.99	4.18	93.87
90	0.98	0.98	4.13	93.91
91	1.02	1.09	4.23	93.66
92	1.10	1.18	4.07	93.65
93	1.09	1.11	4.29	93.51
94	1.10	1.25	4.67	92.98
95	1.60	1.89	8.28	88.23




