Parameters
	Library type	Single-end
	Input file	/Volumes/wdhd/users/joaks1/projects/gekgo/data/genomes/msg/plate3/demultiplexed-raw/fastq/RMB_9531_Lepidodactylus_balioburius_Batan_R1.fq
	Primer/Adaptor library	NA
	Cut-off read length for HQ	70%
	Cut-off quality score	20
	Only statistics	On
	Number of processes	2


QC statistics
	File name	RMB_9531_Lepidodactylus_balioburius_Batan_R1.fq
	Total number of reads	190881
	Total number of HQ reads	189628
	Percentage of HQ reads	99.34%
	Total number of bases	18133695
	Total number of bases in HQ reads	18014660
	Total number of HQ bases in HQ reads	17909286
	Percentage of HQ bases in HQ reads	99.42%
	Number of Primer/Adaptor contaminated HQ reads	NA
	Total number of HQ filtered reads	189628
	Percentage of HQ filtered reads	99.34%


Detailed QC statistics
	File name	RMB_9531_Lepidodactylus_balioburius_Batan_R1.fq
	Minimum read length	95
	Maximum read length	95
	Average read length	95.00
	Total number of reads	190881
	Total number of reads with non-ATGC bases	84
	Percentage of reads with non-ATGC bases	0.04%
	Total number of bases	18133695
	Total number of HQ bases	17972559
	Percentage of HQ bases	99.11%
	Total number of non-ATGC bases	580
	Percentage of non-ATGC bases	0.00%


Average quality score at each base position of input reads

RMB_9531_Lepidodactylus_balioburius_Batan_R1.fq
36.62	36.08	36.89	36.55	36.89	36.91	36.93	39.64	39.59	39.43	39.39	39.35	39.37	39.33	39.38	39.24	39.27	39.17	39.30	39.13	39.21	39.02	38.94	38.99	39.11	38.89	38.90	39.10	38.72	38.60	38.93	38.99	38.91	38.93	39.06	38.78	38.96	39.03	39.02	38.60	38.71	38.70	38.71	38.63	38.48	38.01	37.28	37.04	36.62	36.39	36.29	36.61	37.18	37.44	37.70	37.92	38.07	38.21	38.29	38.29	38.21	38.20	38.10	37.98	37.91	37.76	37.57	37.42	37.25	35.75	36.27	36.60	36.49	36.45	36.38	36.32	36.13	36.05	35.95	35.80	35.70	35.71	35.60	35.55	35.59	35.50	35.46	35.39	35.28	35.28	35.09	35.11	35.15	35.03	33.64	




Read count (%) per base for different quality score ranges

	RMB_9531_Lepidodactylus_balioburius_Batan_R1.fq
Ranges	0-10	11-20	21-30	31-40
Base
1	0.00	0.26	0.42	99.32
2	0.00	0.04	0.16	99.80
3	0.00	0.05	0.17	99.78
4	0.00	0.25	0.60	99.15
5	0.00	0.11	0.33	99.56
6	0.00	0.08	0.24	99.68
7	0.00	0.07	0.20	99.73
8	0.00	0.07	0.19	99.74
9	0.01	0.10	0.27	99.62
10	0.00	0.16	0.37	99.47
11	0.00	0.14	0.36	99.50
12	0.00	0.16	0.38	99.46
13	0.00	0.17	0.45	99.38
14	0.01	0.21	0.43	99.35
15	0.01	0.18	0.37	99.44
16	0.01	0.19	0.49	99.30
17	0.01	0.16	0.45	99.37
18	0.01	0.18	0.49	99.32
19	0.02	0.17	0.40	99.41
20	0.04	0.23	0.49	99.23
21	0.04	0.20	0.41	99.35
22	0.06	0.26	0.46	99.22
23	0.06	0.27	0.51	99.16
24	0.07	0.26	0.50	99.18
25	0.08	0.27	0.49	99.15
26	0.10	0.33	0.68	98.88
27	0.13	0.31	0.58	98.98
28	0.11	0.24	0.50	99.15
29	0.18	0.26	0.59	98.98
30	0.20	0.28	0.62	98.91
31	0.19	0.25	0.52	99.04
32	0.24	0.25	0.57	98.94
33	0.27	0.29	0.63	98.82
34	0.24	0.30	0.63	98.83
35	0.23	0.28	0.63	98.87
36	0.28	0.31	0.84	98.58
37	0.26	0.29	0.65	98.80
38	0.24	0.28	0.65	98.83
39	0.26	0.27	0.68	98.79
40	0.29	0.33	0.99	98.40
41	0.30	0.30	0.89	98.50
42	0.32	0.33	0.90	98.45
43	0.30	0.33	0.85	98.53
44	0.29	0.33	0.88	98.50
45	0.27	0.31	0.98	98.44
46	0.36	0.37	1.29	97.98
47	0.45	0.52	2.36	96.67
48	0.41	0.69	3.02	95.88
49	0.49	1.00	4.18	94.32
50	0.45	1.57	5.87	92.11
51	0.46	2.78	5.70	91.06
52	0.44	2.85	4.59	92.11
53	0.42	2.19	3.59	93.80
54	0.44	1.82	3.09	94.66
55	0.42	1.51	2.57	95.50
56	0.42	1.25	2.27	96.06
57	0.37	1.06	2.02	96.55
58	0.39	0.80	1.87	96.94
59	0.39	0.59	1.73	97.29
60	0.42	0.49	1.62	97.47
61	0.42	0.45	1.57	97.56
62	0.41	0.43	1.49	97.68
63	0.42	0.42	1.49	97.67
64	0.41	0.41	1.68	97.50
65	0.44	0.37	1.53	97.65
66	0.45	0.43	1.62	97.50
67	0.49	0.43	1.72	97.36
68	0.47	0.44	1.77	97.31
69	0.49	0.47	1.85	97.19
70	0.51	0.51	3.44	95.54
71	0.53	0.50	2.33	96.63
72	0.48	0.51	1.94	97.07
73	0.60	0.52	2.44	96.44
74	0.55	0.50	2.14	96.81
75	0.57	0.49	2.06	96.88
76	0.55	0.48	2.07	96.90
77	0.55	0.53	2.48	96.43
78	0.57	0.53	2.38	96.52
79	0.60	0.55	2.63	96.22
80	0.60	0.60	2.79	96.01
81	0.66	0.63	2.87	95.84
82	0.62	0.66	2.95	95.76
83	0.66	0.63	3.10	95.61
84	0.67	0.68	3.15	95.50
85	0.65	0.68	3.01	95.67
86	0.65	0.70	3.16	95.49
87	0.71	0.70	3.23	95.36
88	0.72	0.71	3.36	95.21
89	0.71	0.78	3.58	94.92
90	0.78	0.81	3.54	94.88
91	0.81	0.87	4.03	94.29
92	0.77	0.86	3.90	94.47
93	0.77	0.90	3.68	94.64
94	0.83	0.88	4.00	94.29
95	1.45	1.69	8.57	88.28




