Parameters
	Library type	Single-end
	Input file	/Volumes/wdhd/users/joaks1/projects/gekgo/data/genomes/msg/plate3/demultiplexed-raw/fastq/RMB_6320_Pseudogekko_smaragdinus_Polillo_R1.fq
	Primer/Adaptor library	NA
	Cut-off read length for HQ	70%
	Cut-off quality score	20
	Only statistics	On
	Number of processes	2


QC statistics
	File name	RMB_6320_Pseudogekko_smaragdinus_Polillo_R1.fq
	Total number of reads	270677
	Total number of HQ reads	268828
	Percentage of HQ reads	99.32%
	Total number of bases	25714315
	Total number of bases in HQ reads	25538660
	Total number of HQ bases in HQ reads	25383538
	Percentage of HQ bases in HQ reads	99.39%
	Number of Primer/Adaptor contaminated HQ reads	NA
	Total number of HQ filtered reads	268828
	Percentage of HQ filtered reads	99.32%


Detailed QC statistics
	File name	RMB_6320_Pseudogekko_smaragdinus_Polillo_R1.fq
	Minimum read length	95
	Maximum read length	95
	Average read length	95.00
	Total number of reads	270677
	Total number of reads with non-ATGC bases	99
	Percentage of reads with non-ATGC bases	0.04%
	Total number of bases	25714315
	Total number of HQ bases	25479551
	Percentage of HQ bases	99.09%
	Total number of non-ATGC bases	621
	Percentage of non-ATGC bases	0.00%


Average quality score at each base position of input reads

RMB_6320_Pseudogekko_smaragdinus_Polillo_R1.fq
36.71	36.46	36.91	36.63	36.90	36.91	36.92	39.63	39.57	39.42	39.36	39.37	39.37	39.33	39.34	39.18	39.21	39.07	39.23	39.06	39.15	38.96	38.96	39.01	39.10	38.85	38.90	39.07	38.77	38.57	38.85	39.04	38.86	38.95	38.99	38.70	38.90	39.02	39.00	38.59	38.67	38.66	38.68	38.52	38.41	37.91	37.15	37.01	36.59	36.25	36.13	36.57	37.03	37.41	37.67	37.80	37.99	38.10	38.13	38.17	38.15	38.05	37.93	37.82	37.70	37.60	37.44	37.31	37.11	35.57	36.13	36.45	36.47	36.36	36.27	36.15	36.05	35.96	35.87	35.76	35.67	35.58	35.54	35.49	35.44	35.39	35.32	35.25	35.20	35.12	35.05	35.06	34.98	34.92	33.66	




Read count (%) per base for different quality score ranges

	RMB_6320_Pseudogekko_smaragdinus_Polillo_R1.fq
Ranges	0-10	11-20	21-30	31-40
Base
1	0.00	0.28	0.43	99.29
2	0.00	0.03	0.15	99.82
3	0.00	0.03	0.13	99.84
4	0.00	0.18	0.51	99.31
5	0.00	0.08	0.28	99.64
6	0.00	0.08	0.24	99.68
7	0.00	0.07	0.21	99.72
8	0.00	0.08	0.23	99.69
9	0.00	0.10	0.28	99.62
10	0.00	0.13	0.36	99.51
11	0.01	0.12	0.31	99.56
12	0.00	0.14	0.34	99.52
13	0.00	0.16	0.46	99.38
14	0.01	0.19	0.43	99.37
15	0.01	0.19	0.42	99.38
16	0.01	0.19	0.50	99.30
17	0.02	0.16	0.41	99.41
18	0.01	0.20	0.55	99.24
19	0.02	0.19	0.40	99.39
20	0.04	0.26	0.50	99.21
21	0.05	0.23	0.44	99.28
22	0.06	0.26	0.49	99.19
23	0.05	0.24	0.47	99.24
24	0.06	0.23	0.45	99.26
25	0.08	0.24	0.45	99.23
26	0.09	0.29	0.69	98.93
27	0.11	0.25	0.62	99.03
28	0.12	0.23	0.50	99.15
29	0.16	0.23	0.58	99.03
30	0.20	0.26	0.70	98.84
31	0.17	0.23	0.54	99.06
32	0.19	0.22	0.55	99.05
33	0.22	0.25	0.67	98.86
34	0.20	0.26	0.58	98.95
35	0.21	0.27	0.66	98.86
36	0.24	0.30	0.88	98.57
37	0.26	0.26	0.66	98.82
38	0.24	0.23	0.64	98.89
39	0.25	0.26	0.70	98.79
40	0.30	0.30	1.03	98.36
41	0.28	0.28	0.88	98.55
42	0.29	0.31	0.92	98.48
43	0.27	0.30	0.90	98.54
44	0.30	0.32	1.03	98.35
45	0.29	0.35	1.05	98.30
46	0.37	0.41	1.53	97.69
47	0.47	0.58	2.80	96.15
48	0.42	0.71	3.20	95.67
49	0.48	1.01	4.55	93.96
50	0.49	1.62	6.32	91.57
51	0.47	2.86	6.06	90.61
52	0.44	2.57	4.83	92.16
53	0.40	2.13	4.00	93.46
54	0.42	1.70	3.20	94.69
55	0.42	1.33	2.81	95.44
56	0.45	1.16	2.42	95.97
57	0.37	0.92	2.13	96.58
58	0.41	0.74	1.91	96.95
59	0.43	0.59	1.86	97.11
60	0.41	0.54	1.63	97.42
61	0.42	0.43	1.59	97.56
62	0.43	0.43	1.58	97.56
63	0.46	0.43	1.67	97.44
64	0.44	0.46	1.62	97.48
65	0.44	0.47	1.74	97.35
66	0.46	0.45	1.72	97.38
67	0.48	0.48	1.78	97.26
68	0.49	0.48	1.80	97.23
69	0.54	0.49	1.92	97.05
70	0.53	0.60	3.62	95.26
71	0.55	0.57	2.47	96.41
72	0.56	0.55	2.16	96.73
73	0.54	0.53	2.16	96.77
74	0.55	0.55	2.21	96.70
75	0.58	0.59	2.13	96.70
76	0.57	0.60	2.41	96.42
77	0.58	0.60	2.52	96.30
78	0.61	0.62	2.55	96.22
79	0.60	0.64	2.60	96.16
80	0.64	0.66	2.84	95.86
81	0.68	0.73	2.92	95.67
82	0.71	0.74	3.25	95.30
83	0.69	0.77	3.25	95.29
84	0.71	0.75	3.26	95.28
85	0.70	0.79	3.45	95.07
86	0.73	0.79	3.48	95.01
87	0.78	0.82	3.56	94.85
88	0.79	0.86	3.82	94.53
89	0.83	0.85	3.91	94.41
90	0.82	0.96	4.04	94.19
91	0.82	0.95	4.29	93.94
92	0.85	0.92	4.01	94.22
93	0.86	1.00	4.35	93.79
94	0.90	1.06	4.33	93.72
95	1.46	1.77	8.42	88.34




