Parameters
	Library type	Single-end
	Input file	/Volumes/wdhd/users/joaks1/projects/gekgo/data/genomes/msg/plate3/demultiplexed-raw/fastq/RMB_6369_Gekko_sp.a_Dalupiri_R1.fq
	Primer/Adaptor library	NA
	Cut-off read length for HQ	70%
	Cut-off quality score	20
	Only statistics	On
	Number of processes	2


QC statistics
	File name	RMB_6369_Gekko_sp.a_Dalupiri_R1.fq
	Total number of reads	74461
	Total number of HQ reads	73994
	Percentage of HQ reads	99.37%
	Total number of bases	7073795
	Total number of bases in HQ reads	7029430
	Total number of HQ bases in HQ reads	6991748
	Percentage of HQ bases in HQ reads	99.46%
	Number of Primer/Adaptor contaminated HQ reads	NA
	Total number of HQ filtered reads	73994
	Percentage of HQ filtered reads	99.37%


Detailed QC statistics
	File name	RMB_6369_Gekko_sp.a_Dalupiri_R1.fq
	Minimum read length	95
	Maximum read length	95
	Average read length	95.00
	Total number of reads	74461
	Total number of reads with non-ATGC bases	24
	Percentage of reads with non-ATGC bases	0.03%
	Total number of bases	7073795
	Total number of HQ bases	7014033
	Percentage of HQ bases	99.16%
	Total number of non-ATGC bases	182
	Percentage of non-ATGC bases	0.00%


Average quality score at each base position of input reads

RMB_6369_Gekko_sp.a_Dalupiri_R1.fq
36.62	35.80	36.89	36.62	36.93	36.94	36.94	39.65	39.61	39.46	39.42	39.32	39.43	39.42	39.42	39.27	39.36	39.24	39.33	39.18	39.24	39.03	39.03	39.04	39.16	38.97	39.01	39.16	38.83	38.67	38.92	39.08	38.92	39.00	39.01	38.67	38.92	39.02	39.04	38.62	38.72	38.63	38.74	38.57	38.52	38.02	37.20	37.11	36.75	36.38	36.29	36.67	37.03	37.43	37.77	37.89	38.10	38.24	38.34	38.36	38.29	38.24	38.19	38.03	37.92	37.81	37.67	37.54	37.38	35.85	36.37	36.71	36.78	36.70	36.60	36.41	36.26	36.19	36.04	35.97	35.83	35.74	35.67	35.66	35.59	35.55	35.43	35.32	35.30	35.21	35.16	35.08	35.01	34.88	33.65	




Read count (%) per base for different quality score ranges

	RMB_6369_Gekko_sp.a_Dalupiri_R1.fq
Ranges	0-10	11-20	21-30	31-40
Base
1	0.00	0.28	0.42	99.30
2	0.00	0.03	0.19	99.78
3	0.00	0.02	0.12	99.86
4	0.00	0.15	0.49	99.36
5	0.00	0.06	0.16	99.78
6	0.00	0.05	0.15	99.80
7	0.00	0.05	0.15	99.80
8	0.00	0.05	0.16	99.79
9	0.00	0.07	0.18	99.74
10	0.00	0.10	0.24	99.66
11	0.01	0.09	0.20	99.70
12	0.00	0.12	0.27	99.61
13	0.01	0.11	0.31	99.57
14	0.00	0.14	0.25	99.60
15	0.00	0.13	0.26	99.61
16	0.00	0.13	0.31	99.55
17	0.01	0.09	0.22	99.68
18	0.01	0.12	0.36	99.51
19	0.02	0.14	0.27	99.57
20	0.05	0.19	0.34	99.41
21	0.08	0.19	0.34	99.39
22	0.08	0.21	0.35	99.36
23	0.09	0.21	0.39	99.31
24	0.10	0.22	0.38	99.30
25	0.10	0.24	0.40	99.26
26	0.14	0.26	0.47	99.13
27	0.15	0.23	0.47	99.15
28	0.14	0.19	0.40	99.28
29	0.18	0.21	0.45	99.16
30	0.18	0.24	0.53	99.05
31	0.16	0.19	0.48	99.17
32	0.18	0.26	0.41	99.15
33	0.21	0.26	0.50	99.03
34	0.22	0.22	0.45	99.10
35	0.23	0.25	0.50	99.02
36	0.23	0.29	0.75	98.73
37	0.24	0.21	0.52	99.02
38	0.26	0.23	0.49	99.01
39	0.28	0.19	0.54	98.99
40	0.30	0.28	0.92	98.51
41	0.29	0.23	0.72	98.77
42	0.30	0.28	0.76	98.67
43	0.28	0.28	0.68	98.77
44	0.28	0.28	0.75	98.69
45	0.28	0.28	0.86	98.58
46	0.35	0.33	1.29	98.03
47	0.38	0.56	2.50	96.56
48	0.36	0.69	2.86	96.09
49	0.39	0.97	3.83	94.81
50	0.44	1.57	5.71	92.28
51	0.35	2.75	5.55	91.35
52	0.41	2.69	4.31	92.59
53	0.39	2.20	3.72	93.68
54	0.38	1.71	3.03	94.89
55	0.33	1.43	2.60	95.63
56	0.43	1.15	2.38	96.03
57	0.36	0.95	1.99	96.69
58	0.39	0.73	1.69	97.19
59	0.33	0.59	1.48	97.61
60	0.34	0.45	1.42	97.79
61	0.38	0.39	1.38	97.85
62	0.39	0.39	1.37	97.85
63	0.40	0.41	1.33	97.86
64	0.43	0.39	1.42	97.76
65	0.44	0.38	1.61	97.58
66	0.45	0.39	1.60	97.56
67	0.44	0.48	1.61	97.47
68	0.45	0.44	1.62	97.50
69	0.49	0.43	1.73	97.35
70	0.48	0.51	3.34	95.67
71	0.52	0.44	2.18	96.85
72	0.53	0.49	1.81	97.17
73	0.48	0.46	1.82	97.24
74	0.51	0.42	1.84	97.23
75	0.52	0.45	1.84	97.19
76	0.57	0.49	1.88	97.06
77	0.55	0.60	2.14	96.71
78	0.50	0.57	2.19	96.74
79	0.60	0.53	2.35	96.51
80	0.57	0.59	2.35	96.49
81	0.67	0.56	2.76	96.01
82	0.66	0.66	2.70	95.97
83	0.67	0.61	2.89	95.83
84	0.63	0.69	2.76	95.92
85	0.66	0.67	2.95	95.73
86	0.66	0.66	2.95	95.73
87	0.70	0.68	3.32	95.30
88	0.75	0.67	3.45	95.13
89	0.77	0.76	3.38	95.09
90	0.76	0.83	3.70	94.70
91	0.84	0.82	3.92	94.42
92	0.80	0.87	3.89	94.44
93	0.86	0.86	4.05	94.23
94	0.90	0.94	4.37	93.79
95	1.46	1.71	8.27	88.56




