Parameters
	Library type	Single-end
	Input file	/Volumes/wdhd/users/joaks1/projects/gekgo/data/genomes/msg/plate3/demultiplexed-raw/fastq/RMB_5730_Gekko_sp.b_CamiguinNorte_R1.fq
	Primer/Adaptor library	NA
	Cut-off read length for HQ	70%
	Cut-off quality score	20
	Only statistics	On
	Number of processes	2


QC statistics
	File name	RMB_5730_Gekko_sp.b_CamiguinNorte_R1.fq
	Total number of reads	385413
	Total number of HQ reads	382627
	Percentage of HQ reads	99.28%
	Total number of bases	36614235
	Total number of bases in HQ reads	36349565
	Total number of HQ bases in HQ reads	36123123
	Percentage of HQ bases in HQ reads	99.38%
	Number of Primer/Adaptor contaminated HQ reads	NA
	Total number of HQ filtered reads	382627
	Percentage of HQ filtered reads	99.28%


Detailed QC statistics
	File name	RMB_5730_Gekko_sp.b_CamiguinNorte_R1.fq
	Minimum read length	95
	Maximum read length	95
	Average read length	95.00
	Total number of reads	385413
	Total number of reads with non-ATGC bases	181
	Percentage of reads with non-ATGC bases	0.05%
	Total number of bases	36614235
	Total number of HQ bases	36260419
	Percentage of HQ bases	99.03%
	Total number of non-ATGC bases	1098
	Percentage of non-ATGC bases	0.00%


Average quality score at each base position of input reads

RMB_5730_Gekko_sp.b_CamiguinNorte_R1.fq
35.96	35.42	36.86	36.61	36.89	36.91	36.91	39.60	39.54	39.38	39.33	39.26	39.34	39.31	39.30	39.14	39.23	39.09	39.22	39.07	39.13	38.92	38.92	38.95	39.07	38.87	38.89	39.05	38.73	38.57	38.83	38.99	38.82	38.89	38.91	38.57	38.83	38.94	38.94	38.51	38.61	38.54	38.63	38.46	38.41	37.91	37.13	37.03	36.63	36.30	36.20	36.59	36.98	37.36	37.67	37.80	38.00	38.12	38.20	38.21	38.14	38.07	38.01	37.85	37.72	37.61	37.49	37.32	37.16	35.67	36.20	36.53	36.58	36.48	36.39	36.22	36.08	36.04	35.92	35.84	35.72	35.64	35.60	35.58	35.51	35.47	35.35	35.27	35.25	35.19	35.12	35.04	34.97	34.85	33.59	




Read count (%) per base for different quality score ranges

	RMB_5730_Gekko_sp.b_CamiguinNorte_R1.fq
Ranges	0-10	11-20	21-30	31-40
Base
1	0.00	0.43	0.83	98.74
2	0.00	0.05	0.31	99.64
3	0.00	0.06	0.20	99.74
4	0.00	0.24	0.59	99.17
5	0.00	0.09	0.30	99.60
6	0.00	0.08	0.26	99.66
7	0.00	0.09	0.26	99.65
8	0.00	0.09	0.25	99.66
9	0.00	0.11	0.32	99.56
10	0.00	0.17	0.41	99.42
11	0.01	0.15	0.36	99.48
12	0.01	0.19	0.44	99.37
13	0.01	0.18	0.47	99.34
14	0.01	0.23	0.46	99.30
15	0.01	0.23	0.44	99.32
16	0.01	0.20	0.51	99.28
17	0.01	0.16	0.42	99.41
18	0.01	0.21	0.60	99.17
19	0.02	0.20	0.47	99.30
20	0.06	0.28	0.57	99.10
21	0.09	0.28	0.52	99.11
22	0.11	0.32	0.54	99.02
23	0.12	0.31	0.57	99.00
24	0.12	0.28	0.57	99.02
25	0.14	0.30	0.56	99.00
26	0.16	0.34	0.73	98.77
27	0.19	0.33	0.70	98.78
28	0.18	0.26	0.59	98.97
29	0.24	0.27	0.67	98.82
30	0.24	0.31	0.78	98.67
31	0.23	0.27	0.63	98.87
32	0.25	0.29	0.66	98.79
33	0.28	0.33	0.75	98.65
34	0.29	0.32	0.69	98.70
35	0.29	0.32	0.72	98.67
36	0.31	0.37	0.96	98.36
37	0.28	0.31	0.73	98.68
38	0.31	0.28	0.71	98.70
39	0.33	0.30	0.76	98.60
40	0.38	0.37	1.13	98.12
41	0.35	0.33	0.95	98.37
42	0.34	0.36	1.00	98.30
43	0.34	0.36	0.89	98.42
44	0.35	0.38	1.00	98.27
45	0.34	0.36	1.09	98.21
46	0.42	0.45	1.53	97.60
47	0.46	0.62	2.73	96.19
48	0.45	0.72	3.17	95.66
49	0.50	1.02	4.30	94.19
50	0.52	1.61	6.12	91.76
51	0.48	2.75	5.87	90.89
52	0.46	2.70	4.71	92.13
53	0.43	2.23	4.02	93.32
54	0.43	1.79	3.27	94.51
55	0.42	1.50	2.75	95.32
56	0.44	1.24	2.68	95.65
57	0.41	1.00	2.27	96.33
58	0.40	0.82	2.04	96.73
59	0.41	0.60	1.86	97.13
60	0.40	0.53	1.74	97.32
61	0.43	0.49	1.66	97.43
62	0.45	0.48	1.70	97.38
63	0.44	0.45	1.62	97.49
64	0.50	0.45	1.71	97.34
65	0.48	0.49	1.92	97.12
66	0.47	0.49	1.85	97.19
67	0.52	0.47	1.83	97.17
68	0.54	0.49	1.94	97.04
69	0.56	0.50	1.95	96.99
70	0.57	0.60	3.77	95.05
71	0.56	0.57	2.47	96.40
72	0.55	0.56	2.25	96.65
73	0.56	0.52	2.14	96.78
74	0.58	0.53	2.22	96.66
75	0.60	0.56	2.11	96.73
76	0.58	0.59	2.35	96.48
77	0.62	0.64	2.57	96.16
78	0.58	0.60	2.47	96.35
79	0.61	0.60	2.66	96.12
80	0.63	0.64	2.73	96.00
81	0.69	0.68	3.06	95.57
82	0.71	0.75	3.03	95.51
83	0.72	0.67	3.12	95.49
84	0.70	0.71	3.03	95.56
85	0.73	0.72	3.30	95.24
86	0.73	0.74	3.27	95.26
87	0.82	0.78	3.54	94.86
88	0.76	0.84	3.74	94.66
89	0.79	0.87	3.72	94.63
90	0.82	0.92	3.90	94.36
91	0.88	0.96	4.12	94.05
92	0.90	1.00	4.02	94.08
93	0.89	1.01	4.32	93.78
94	0.97	1.07	4.51	93.44
95	1.57	1.82	8.31	88.31




