Parameters
	Library type	Single-end
	Input file	/Volumes/wdhd/users/joaks1/projects/gekgo/data/genomes/msg/plate3/demultiplexed-raw/fastq/RMB_13553_Hemidactylus_frenatus_Luzon_R1.fq
	Primer/Adaptor library	NA
	Cut-off read length for HQ	70%
	Cut-off quality score	20
	Only statistics	On
	Number of processes	2


QC statistics
	File name	RMB_13553_Hemidactylus_frenatus_Luzon_R1.fq
	Total number of reads	21454
	Total number of HQ reads	21334
	Percentage of HQ reads	99.44%
	Total number of bases	2038130
	Total number of bases in HQ reads	2026730
	Total number of HQ bases in HQ reads	2011479
	Percentage of HQ bases in HQ reads	99.25%
	Number of Primer/Adaptor contaminated HQ reads	NA
	Total number of HQ filtered reads	21334
	Percentage of HQ filtered reads	99.44%


Detailed QC statistics
	File name	RMB_13553_Hemidactylus_frenatus_Luzon_R1.fq
	Minimum read length	95
	Maximum read length	95
	Average read length	95.00
	Total number of reads	21454
	Total number of reads with non-ATGC bases	12
	Percentage of reads with non-ATGC bases	0.06%
	Total number of bases	2038130
	Total number of HQ bases	2017918
	Percentage of HQ bases	99.01%
	Total number of non-ATGC bases	66
	Percentage of non-ATGC bases	0.00%


Average quality score at each base position of input reads

RMB_13553_Hemidactylus_frenatus_Luzon_R1.fq
36.78	36.57	36.83	36.49	36.85	36.90	36.91	39.45	39.39	39.23	39.14	39.18	39.05	39.04	39.05	38.79	38.85	38.77	38.95	38.79	38.84	38.62	38.73	38.79	38.86	38.63	38.65	38.79	38.48	38.37	38.59	38.71	38.55	38.57	38.61	38.25	38.50	38.61	38.52	38.12	38.19	38.17	38.14	37.99	37.79	37.27	36.42	36.20	35.67	35.20	35.13	35.65	36.07	36.47	36.72	36.75	36.80	36.93	36.90	36.79	36.74	36.56	36.40	36.26	36.16	36.05	35.93	35.84	35.74	34.15	34.85	35.27	35.40	35.41	35.41	35.34	35.28	35.20	35.12	35.07	35.01	34.98	34.92	34.89	34.83	34.80	34.77	34.64	34.63	34.59	34.51	34.44	34.37	34.34	32.97	




Read count (%) per base for different quality score ranges

	RMB_13553_Hemidactylus_frenatus_Luzon_R1.fq
Ranges	0-10	11-20	21-30	31-40
Base
1	0.05	0.15	0.49	99.31
2	0.01	0.02	0.14	99.83
3	0.00	0.09	0.37	99.54
4	0.00	0.41	0.94	98.64
5	0.00	0.12	0.39	99.50
6	0.00	0.05	0.26	99.69
7	0.00	0.06	0.23	99.71
8	0.00	0.08	0.34	99.58
9	0.00	0.09	0.33	99.58
10	0.00	0.14	0.41	99.44
11	0.01	0.15	0.41	99.42
12	0.01	0.16	0.47	99.35
13	0.01	0.16	0.55	99.28
14	0.00	0.19	0.38	99.43
15	0.01	0.16	0.52	99.31
16	0.02	0.18	0.72	99.08
17	0.03	0.16	0.59	99.22
18	0.04	0.15	0.73	99.08
19	0.06	0.16	0.53	99.25
20	0.10	0.16	0.62	99.11
21	0.07	0.22	0.58	99.14
22	0.15	0.16	0.60	99.09
23	0.11	0.14	0.67	99.08
24	0.11	0.14	0.58	99.17
25	0.13	0.18	0.58	99.11
26	0.15	0.27	0.92	98.65
27	0.15	0.21	0.75	98.89
28	0.14	0.18	0.68	99.00
29	0.15	0.15	0.84	98.85
30	0.14	0.21	0.95	98.70
31	0.15	0.19	0.78	98.88
32	0.14	0.20	0.79	98.87
33	0.20	0.26	1.01	98.54
34	0.21	0.28	0.85	98.66
35	0.16	0.33	0.98	98.53
36	0.21	0.34	1.46	97.99
37	0.26	0.28	0.96	98.51
38	0.20	0.24	1.19	98.36
39	0.26	0.31	1.38	98.06
40	0.30	0.41	1.76	97.53
41	0.30	0.32	1.77	97.61
42	0.26	0.37	1.66	97.71
43	0.29	0.27	1.66	97.78
44	0.28	0.34	1.76	97.61
45	0.32	0.41	2.31	96.96
46	0.40	0.45	3.51	95.64
47	0.52	0.68	5.68	93.12
48	0.44	0.89	6.54	92.12
49	0.55	1.35	8.34	89.75
50	0.59	1.91	10.91	86.59
51	0.52	3.14	9.76	86.58
52	0.43	2.80	7.50	89.27
53	0.54	2.19	6.19	91.08
54	0.39	1.79	5.15	92.68
55	0.41	1.37	3.99	94.24
56	0.39	1.21	3.86	94.54
57	0.39	1.05	3.35	95.22
58	0.29	0.67	3.17	95.87
59	0.30	0.57	2.80	96.33
60	0.41	0.41	2.93	96.26
61	0.36	0.48	2.34	96.82
62	0.41	0.43	2.53	96.63
63	0.39	0.48	2.84	96.29
64	0.47	0.41	2.80	96.32
65	0.41	0.48	2.82	96.29
66	0.40	0.54	2.85	96.21
67	0.46	0.52	3.11	95.90
68	0.52	0.49	3.11	95.88
69	0.46	0.53	3.53	95.48
70	0.41	0.69	6.95	91.95
71	0.55	0.60	4.34	94.51
72	0.58	0.59	3.89	94.94
73	0.55	0.63	3.82	95.00
74	0.53	0.63	3.85	94.98
75	0.55	0.65	3.68	95.11
76	0.62	0.62	4.03	94.73
77	0.63	0.66	4.01	94.70
78	0.64	0.65	4.43	94.27
79	0.61	0.84	4.52	94.04
80	0.58	0.81	4.76	93.84
81	0.60	0.87	4.91	93.63
82	0.60	0.94	4.97	93.49
83	0.73	0.94	5.03	93.30
84	0.67	0.94	5.19	93.20
85	0.73	1.04	5.35	92.88
86	0.67	0.89	5.54	92.90
87	0.74	1.10	5.25	92.91
88	0.76	1.13	5.85	92.26
89	0.78	1.10	5.51	92.61
90	0.84	1.23	5.78	92.16
91	0.91	1.31	6.10	91.68
92	0.95	1.27	6.46	91.32
93	0.95	1.52	6.18	91.35
94	0.92	1.46	6.51	91.11
95	1.56	2.69	11.36	84.38




