Parameters
	Library type	Single-end
	Input file	/Volumes/wdhd/users/joaks1/projects/gekgo/data/genomes/msg/plate3/demultiplexed-raw/fastq/RMB_8789_Gekko_romblon_Tablas_R1.fq
	Primer/Adaptor library	NA
	Cut-off read length for HQ	70%
	Cut-off quality score	20
	Only statistics	On
	Number of processes	2


QC statistics
	File name	RMB_8789_Gekko_romblon_Tablas_R1.fq
	Total number of reads	161177
	Total number of HQ reads	159871
	Percentage of HQ reads	99.19%
	Total number of bases	15311815
	Total number of bases in HQ reads	15187745
	Total number of HQ bases in HQ reads	15096224
	Percentage of HQ bases in HQ reads	99.40%
	Number of Primer/Adaptor contaminated HQ reads	NA
	Total number of HQ filtered reads	159871
	Percentage of HQ filtered reads	99.19%


Detailed QC statistics
	File name	RMB_8789_Gekko_romblon_Tablas_R1.fq
	Minimum read length	95
	Maximum read length	95
	Average read length	95.00
	Total number of reads	161177
	Total number of reads with non-ATGC bases	89
	Percentage of reads with non-ATGC bases	0.06%
	Total number of bases	15311815
	Total number of HQ bases	15158479
	Percentage of HQ bases	99.00%
	Total number of non-ATGC bases	602
	Percentage of non-ATGC bases	0.00%


Average quality score at each base position of input reads

RMB_8789_Gekko_romblon_Tablas_R1.fq
36.88	35.37	36.88	36.67	36.91	36.92	36.92	39.58	39.55	39.42	39.35	39.27	39.36	39.34	39.35	39.17	39.25	39.10	39.22	39.06	39.14	38.93	38.93	38.93	39.03	38.86	38.88	39.06	38.72	38.56	38.81	38.99	38.80	38.86	38.91	38.60	38.82	38.93	38.91	38.52	38.61	38.52	38.61	38.46	38.37	37.88	37.14	37.01	36.59	36.31	36.19	36.59	36.99	37.35	37.62	37.70	37.94	38.09	38.19	38.20	38.17	38.10	38.02	37.88	37.71	37.63	37.48	37.37	37.16	35.56	36.16	36.53	36.55	36.44	36.33	36.18	36.04	36.01	35.88	35.78	35.66	35.59	35.55	35.52	35.43	35.41	35.30	35.23	35.18	35.04	34.99	34.93	34.92	34.79	33.49	




Read count (%) per base for different quality score ranges

	RMB_8789_Gekko_romblon_Tablas_R1.fq
Ranges	0-10	11-20	21-30	31-40
Base
1	0.00	0.23	0.28	99.49
2	0.00	0.05	0.29	99.66
3	0.00	0.05	0.14	99.81
4	0.00	0.16	0.43	99.41
5	0.00	0.06	0.22	99.72
6	0.00	0.06	0.20	99.74
7	0.00	0.08	0.21	99.71
8	0.00	0.08	0.22	99.70
9	0.00	0.10	0.23	99.67
10	0.00	0.14	0.34	99.52
11	0.01	0.12	0.29	99.58
12	0.01	0.15	0.37	99.48
13	0.01	0.14	0.42	99.44
14	0.01	0.19	0.35	99.45
15	0.01	0.17	0.37	99.45
16	0.01	0.17	0.43	99.38
17	0.02	0.13	0.35	99.51
18	0.03	0.17	0.51	99.29
19	0.04	0.20	0.43	99.33
20	0.09	0.26	0.48	99.17
21	0.09	0.25	0.47	99.19
22	0.14	0.31	0.50	99.04
23	0.15	0.31	0.54	99.00
24	0.17	0.30	0.50	99.03
25	0.18	0.31	0.49	99.03
26	0.19	0.30	0.70	98.81
27	0.21	0.31	0.62	98.87
28	0.20	0.25	0.52	99.02
29	0.24	0.30	0.60	98.85
30	0.26	0.30	0.71	98.73
31	0.25	0.28	0.56	98.90
32	0.25	0.29	0.60	98.87
33	0.29	0.31	0.74	98.66
34	0.27	0.33	0.65	98.75
35	0.33	0.29	0.68	98.70
36	0.35	0.32	0.87	98.46
37	0.35	0.31	0.65	98.69
38	0.32	0.29	0.64	98.74
39	0.35	0.31	0.69	98.66
40	0.41	0.35	1.04	98.20
41	0.35	0.33	0.91	98.40
42	0.38	0.36	0.97	98.29
43	0.35	0.36	0.86	98.43
44	0.36	0.34	0.97	98.33
45	0.36	0.37	1.06	98.21
46	0.44	0.48	1.47	97.62
47	0.47	0.60	2.74	96.19
48	0.42	0.76	3.07	95.76
49	0.47	1.05	4.32	94.15
50	0.52	1.59	5.82	92.07
51	0.49	2.74	5.76	91.01
52	0.50	2.63	4.47	92.40
53	0.46	2.29	3.83	93.41
54	0.49	1.83	3.18	94.50
55	0.43	1.51	2.80	95.25
56	0.53	1.29	2.71	95.47
57	0.46	1.07	2.23	96.24
58	0.46	0.80	2.01	96.73
59	0.43	0.64	1.89	97.04
60	0.47	0.54	1.64	97.34
61	0.47	0.51	1.62	97.40
62	0.50	0.47	1.68	97.35
63	0.48	0.46	1.55	97.51
64	0.53	0.48	1.63	97.35
65	0.53	0.48	1.90	97.09
66	0.53	0.48	1.79	97.20
67	0.58	0.47	1.85	97.09
68	0.60	0.48	1.82	97.11
69	0.60	0.54	1.91	96.94
70	0.62	0.67	3.80	94.91
71	0.63	0.59	2.44	96.33
72	0.59	0.55	2.20	96.66
73	0.63	0.54	2.12	96.71
74	0.63	0.55	2.27	96.55
75	0.65	0.58	2.24	96.53
76	0.67	0.60	2.38	96.35
77	0.71	0.68	2.50	96.10
78	0.67	0.60	2.42	96.31
79	0.71	0.66	2.56	96.07
80	0.70	0.66	2.76	95.88
81	0.74	0.71	2.98	95.56
82	0.73	0.79	3.11	95.37
83	0.79	0.72	3.06	95.43
84	0.78	0.76	3.09	95.37
85	0.78	0.77	3.36	95.09
86	0.80	0.76	3.26	95.18
87	0.80	0.83	3.54	94.82
88	0.85	0.84	3.70	94.60
89	0.83	0.91	3.75	94.52
90	0.94	0.93	4.18	93.94
91	0.96	0.99	4.28	93.76
92	0.97	1.01	4.25	93.76
93	0.98	1.04	4.32	93.66
94	1.05	1.08	4.64	93.23
95	1.63	1.86	8.84	87.67




