Parameters
	Library type	Single-end
	Input file	/Volumes/wdhd/users/joaks1/projects/gekgo/data/genomes/msg/plate3/demultiplexed-raw/fastq/RMB_5949_Luperosaurus_macgregori_BabuyanClaro_R1.fq
	Primer/Adaptor library	NA
	Cut-off read length for HQ	70%
	Cut-off quality score	20
	Only statistics	On
	Number of processes	2


QC statistics
	File name	RMB_5949_Luperosaurus_macgregori_BabuyanClaro_R1.fq
	Total number of reads	584763
	Total number of HQ reads	581230
	Percentage of HQ reads	99.40%
	Total number of bases	55552485
	Total number of bases in HQ reads	55216850
	Total number of HQ bases in HQ reads	54916462
	Percentage of HQ bases in HQ reads	99.46%
	Number of Primer/Adaptor contaminated HQ reads	NA
	Total number of HQ filtered reads	581230
	Percentage of HQ filtered reads	99.40%


Detailed QC statistics
	File name	RMB_5949_Luperosaurus_macgregori_BabuyanClaro_R1.fq
	Minimum read length	95
	Maximum read length	95
	Average read length	95.00
	Total number of reads	584763
	Total number of reads with non-ATGC bases	276
	Percentage of reads with non-ATGC bases	0.05%
	Total number of bases	55552485
	Total number of HQ bases	55100184
	Percentage of HQ bases	99.19%
	Total number of non-ATGC bases	1795
	Percentage of non-ATGC bases	0.00%


Average quality score at each base position of input reads

RMB_5949_Luperosaurus_macgregori_BabuyanClaro_R1.fq
36.25	34.97	36.87	36.62	36.91	36.93	36.94	39.64	39.60	39.45	39.38	39.39	39.38	39.32	39.36	39.19	39.20	39.09	39.27	39.12	39.20	39.01	38.96	39.01	39.13	38.89	38.91	39.12	38.85	38.63	38.89	39.07	38.92	38.99	39.03	38.74	38.94	39.02	39.06	38.64	38.69	38.70	38.73	38.60	38.47	38.01	37.28	37.13	36.70	36.37	36.20	36.54	37.09	37.42	37.72	37.89	38.01	38.11	38.14	38.15	38.13	38.04	37.91	37.80	37.67	37.54	37.37	37.21	37.05	35.56	36.10	36.42	36.44	36.26	36.23	36.15	36.06	35.97	35.91	35.75	35.69	35.59	35.59	35.58	35.51	35.46	35.36	35.32	35.29	35.24	35.09	35.08	35.06	34.91	33.70	




Read count (%) per base for different quality score ranges

	RMB_5949_Luperosaurus_macgregori_BabuyanClaro_R1.fq
Ranges	0-10	11-20	21-30	31-40
Base
1	0.00	0.32	0.62	99.06
2	0.00	0.04	0.34	99.62
3	0.00	0.04	0.14	99.82
4	0.00	0.18	0.51	99.32
5	0.00	0.05	0.23	99.71
6	0.00	0.06	0.18	99.76
7	0.00	0.05	0.17	99.78
8	0.00	0.06	0.18	99.76
9	0.00	0.08	0.23	99.69
10	0.00	0.11	0.29	99.60
11	0.00	0.10	0.28	99.61
12	0.01	0.13	0.32	99.54
13	0.00	0.13	0.38	99.49
14	0.01	0.17	0.37	99.45
15	0.01	0.15	0.35	99.50
16	0.01	0.16	0.40	99.43
17	0.01	0.13	0.34	99.52
18	0.01	0.15	0.48	99.36
19	0.01	0.13	0.33	99.52
20	0.04	0.18	0.41	99.37
21	0.03	0.17	0.35	99.45
22	0.04	0.21	0.43	99.32
23	0.04	0.19	0.45	99.32
24	0.05	0.18	0.45	99.32
25	0.07	0.19	0.39	99.34
26	0.09	0.24	0.62	99.04
27	0.11	0.21	0.54	99.14
28	0.10	0.19	0.45	99.26
29	0.14	0.20	0.51	99.15
30	0.15	0.22	0.63	98.99
31	0.14	0.20	0.54	99.12
32	0.15	0.19	0.53	99.13
33	0.21	0.22	0.60	98.97
34	0.17	0.23	0.55	99.05
35	0.18	0.22	0.58	99.02
36	0.22	0.25	0.76	98.77
37	0.22	0.23	0.59	98.96
38	0.20	0.21	0.57	99.02
39	0.21	0.20	0.60	98.99
40	0.25	0.25	0.97	98.53
41	0.24	0.25	0.82	98.69
42	0.26	0.28	0.86	98.61
43	0.25	0.27	0.75	98.73
44	0.27	0.29	0.88	98.56
45	0.26	0.29	0.94	98.51
46	0.32	0.34	1.39	97.94
47	0.38	0.50	2.62	96.50
48	0.35	0.61	3.03	96.02
49	0.40	0.93	4.29	94.38
50	0.43	1.47	6.12	91.97
51	0.43	2.63	6.01	90.93
52	0.41	2.60	4.86	92.13
53	0.37	1.96	3.81	93.86
54	0.38	1.57	3.16	94.88
55	0.36	1.23	2.58	95.83
56	0.39	1.02	2.18	96.41
57	0.36	0.84	1.96	96.85
58	0.38	0.69	1.78	97.15
59	0.36	0.54	1.69	97.40
60	0.34	0.47	1.59	97.60
61	0.35	0.39	1.49	97.77
62	0.36	0.37	1.53	97.74
63	0.38	0.40	1.57	97.65
64	0.40	0.38	1.62	97.60
65	0.40	0.37	1.55	97.68
66	0.40	0.41	1.69	97.50
67	0.42	0.39	1.77	97.42
68	0.45	0.41	1.89	97.25
69	0.46	0.44	1.86	97.24
70	0.45	0.53	3.68	95.33
71	0.48	0.49	2.40	96.63
72	0.46	0.47	2.10	96.97
73	0.50	0.46	2.00	97.04
74	0.54	0.63	2.46	96.37
75	0.51	0.50	2.26	96.73
76	0.49	0.52	2.28	96.70
77	0.52	0.53	2.29	96.66
78	0.55	0.55	2.47	96.43
79	0.53	0.54	2.57	96.37
80	0.58	0.60	2.96	95.86
81	0.60	0.61	3.10	95.68
82	0.65	0.67	3.35	95.33
83	0.61	0.64	3.10	95.64
84	0.61	0.66	3.01	95.72
85	0.66	0.69	3.19	95.46
86	0.66	0.75	3.37	95.22
87	0.66	0.75	3.62	94.97
88	0.68	0.70	3.53	95.09
89	0.69	0.75	3.64	94.92
90	0.69	0.82	3.75	94.73
91	0.76	0.90	4.19	94.15
92	0.78	0.90	3.97	94.36
93	0.76	0.94	4.10	94.19
94	0.79	1.02	4.61	93.58
95	1.36	1.75	8.29	88.60




