Parameters
	Library type	Single-end
	Input file	/Volumes/wdhd/users/joaks1/projects/gekgo/data/genomes/msg/plate3/demultiplexed-raw/fastq/RMB_5955_Luperosaurus_macgregori_BabuyanClaro_R1.fq
	Primer/Adaptor library	NA
	Cut-off read length for HQ	70%
	Cut-off quality score	20
	Only statistics	On
	Number of processes	2


QC statistics
	File name	RMB_5955_Luperosaurus_macgregori_BabuyanClaro_R1.fq
	Total number of reads	1103511
	Total number of HQ reads	1096208
	Percentage of HQ reads	99.34%
	Total number of bases	104833545
	Total number of bases in HQ reads	104139760
	Total number of HQ bases in HQ reads	103516775
	Percentage of HQ bases in HQ reads	99.40%
	Number of Primer/Adaptor contaminated HQ reads	NA
	Total number of HQ filtered reads	1096208
	Percentage of HQ filtered reads	99.34%


Detailed QC statistics
	File name	RMB_5955_Luperosaurus_macgregori_BabuyanClaro_R1.fq
	Minimum read length	95
	Maximum read length	95
	Average read length	95.00
	Total number of reads	1103511
	Total number of reads with non-ATGC bases	469
	Percentage of reads with non-ATGC bases	0.04%
	Total number of bases	104833545
	Total number of HQ bases	103894821
	Percentage of HQ bases	99.10%
	Total number of non-ATGC bases	3101
	Percentage of non-ATGC bases	0.00%


Average quality score at each base position of input reads

RMB_5955_Luperosaurus_macgregori_BabuyanClaro_R1.fq
36.90	36.52	36.92	36.62	36.89	36.91	36.92	39.60	39.57	39.42	39.36	39.36	39.36	39.30	39.34	39.16	39.19	39.08	39.25	39.08	39.17	38.97	38.93	38.98	39.10	38.86	38.88	39.08	38.80	38.59	38.82	39.01	38.86	38.91	38.98	38.67	38.88	38.97	39.00	38.59	38.63	38.64	38.67	38.54	38.42	37.96	37.27	37.11	36.66	36.31	36.13	36.46	37.00	37.34	37.63	37.83	37.97	38.07	38.12	38.15	38.14	38.04	37.93	37.82	37.71	37.58	37.41	37.26	37.11	35.60	36.15	36.47	36.49	36.30	36.27	36.18	36.09	35.99	35.92	35.75	35.68	35.58	35.60	35.58	35.50	35.43	35.33	35.29	35.27	35.22	35.09	35.07	35.03	34.89	33.64	




Read count (%) per base for different quality score ranges

	RMB_5955_Luperosaurus_macgregori_BabuyanClaro_R1.fq
Ranges	0-10	11-20	21-30	31-40
Base
1	0.00	0.15	0.23	99.62
2	0.00	0.02	0.12	99.87
3	0.00	0.04	0.14	99.83
4	0.00	0.21	0.55	99.24
5	0.00	0.08	0.30	99.62
6	0.00	0.07	0.25	99.68
7	0.00	0.08	0.23	99.69
8	0.00	0.08	0.23	99.68
9	0.00	0.11	0.27	99.62
10	0.01	0.14	0.37	99.48
11	0.01	0.13	0.35	99.51
12	0.01	0.15	0.39	99.46
13	0.01	0.15	0.43	99.41
14	0.01	0.20	0.43	99.35
15	0.01	0.18	0.40	99.41
16	0.01	0.19	0.48	99.33
17	0.01	0.17	0.39	99.43
18	0.01	0.19	0.53	99.27
19	0.02	0.18	0.40	99.41
20	0.04	0.24	0.49	99.22
21	0.03	0.22	0.44	99.31
22	0.05	0.26	0.51	99.18
23	0.06	0.26	0.54	99.15
24	0.07	0.26	0.51	99.16
25	0.09	0.25	0.47	99.20
26	0.11	0.31	0.71	98.87
27	0.12	0.27	0.62	98.99
28	0.12	0.22	0.51	99.14
29	0.16	0.25	0.60	99.00
30	0.20	0.27	0.69	98.84
31	0.19	0.27	0.62	98.92
32	0.19	0.25	0.60	98.96
33	0.24	0.28	0.67	98.81
34	0.22	0.28	0.64	98.86
35	0.22	0.28	0.63	98.87
36	0.26	0.31	0.89	98.54
37	0.25	0.27	0.69	98.79
38	0.23	0.25	0.67	98.84
39	0.24	0.26	0.66	98.84
40	0.29	0.30	1.07	98.34
41	0.29	0.31	0.92	98.48
42	0.31	0.31	0.96	98.42
43	0.28	0.32	0.88	98.53
44	0.31	0.34	0.99	98.37
45	0.30	0.34	1.06	98.29
46	0.38	0.38	1.47	97.77
47	0.42	0.54	2.66	96.37
48	0.38	0.65	3.07	95.90
49	0.44	0.97	4.30	94.29
50	0.48	1.55	6.26	91.71
51	0.47	2.87	6.05	90.61
52	0.45	2.86	4.92	91.76
53	0.42	2.21	3.93	93.44
54	0.41	1.79	3.35	94.46
55	0.40	1.42	2.75	95.43
56	0.41	1.21	2.35	96.03
57	0.38	1.00	2.09	96.53
58	0.40	0.79	1.96	96.86
59	0.38	0.61	1.82	97.19
60	0.38	0.50	1.67	97.45
61	0.38	0.44	1.54	97.64
62	0.41	0.42	1.59	97.58
63	0.42	0.44	1.63	97.51
64	0.43	0.43	1.66	97.48
65	0.41	0.42	1.64	97.53
66	0.44	0.44	1.75	97.37
67	0.46	0.42	1.84	97.27
68	0.48	0.45	2.00	97.07
69	0.50	0.47	1.95	97.08
70	0.49	0.55	3.75	95.21
71	0.52	0.52	2.43	96.53
72	0.50	0.51	2.13	96.86
73	0.53	0.47	2.12	96.88
74	0.58	0.68	2.53	96.21
75	0.55	0.54	2.37	96.54
76	0.54	0.53	2.39	96.54
77	0.57	0.55	2.35	96.53
78	0.58	0.59	2.50	96.33
79	0.56	0.57	2.64	96.23
80	0.61	0.64	3.02	95.73
81	0.67	0.64	3.13	95.56
82	0.67	0.74	3.42	95.17
83	0.64	0.66	3.15	95.55
84	0.64	0.69	3.08	95.59
85	0.69	0.73	3.29	95.29
86	0.70	0.83	3.50	94.97
87	0.74	0.80	3.73	94.72
88	0.68	0.79	3.72	94.81
89	0.70	0.78	3.80	94.72
90	0.73	0.84	3.89	94.53
91	0.79	0.93	4.22	94.06
92	0.79	0.95	4.07	94.19
93	0.82	0.98	4.20	94.00
94	0.83	1.04	4.69	93.44
95	1.47	1.81	8.40	88.32




