Parameters
	Library type	Single-end
	Input file	/Volumes/wdhd/users/joaks1/projects/gekgo/data/genomes/msg/plate3/demultiplexed-raw/fastq/RMB_6317_Pseudogekko_smaragdinus_Polillo_R1.fq
	Primer/Adaptor library	NA
	Cut-off read length for HQ	70%
	Cut-off quality score	20
	Only statistics	On
	Number of processes	2


QC statistics
	File name	RMB_6317_Pseudogekko_smaragdinus_Polillo_R1.fq
	Total number of reads	118381
	Total number of HQ reads	117664
	Percentage of HQ reads	99.39%
	Total number of bases	11246195
	Total number of bases in HQ reads	11178080
	Total number of HQ bases in HQ reads	11104513
	Percentage of HQ bases in HQ reads	99.34%
	Number of Primer/Adaptor contaminated HQ reads	NA
	Total number of HQ filtered reads	117664
	Percentage of HQ filtered reads	99.39%


Detailed QC statistics
	File name	RMB_6317_Pseudogekko_smaragdinus_Polillo_R1.fq
	Minimum read length	95
	Maximum read length	95
	Average read length	95.00
	Total number of reads	118381
	Total number of reads with non-ATGC bases	57
	Percentage of reads with non-ATGC bases	0.05%
	Total number of bases	11246195
	Total number of HQ bases	11141546
	Percentage of HQ bases	99.07%
	Total number of non-ATGC bases	400
	Percentage of non-ATGC bases	0.00%


Average quality score at each base position of input reads

RMB_6317_Pseudogekko_smaragdinus_Polillo_R1.fq
35.25	35.27	36.82	36.39	36.86	36.90	36.91	39.60	39.55	39.39	39.34	39.33	39.36	39.33	39.33	39.19	39.23	39.10	39.24	39.05	39.15	38.94	38.94	39.00	39.08	38.83	38.88	39.05	38.78	38.57	38.84	39.02	38.86	38.94	38.99	38.71	38.91	39.02	38.99	38.58	38.67	38.67	38.69	38.54	38.43	37.97	37.24	37.08	36.66	36.30	36.15	36.56	37.03	37.39	37.68	37.82	38.01	38.14	38.20	38.26	38.24	38.16	38.06	37.97	37.85	37.75	37.59	37.46	37.27	35.73	36.29	36.62	36.63	36.51	36.42	36.28	36.15	36.07	35.98	35.86	35.76	35.68	35.63	35.59	35.53	35.48	35.40	35.35	35.28	35.23	35.14	35.13	35.08	35.03	33.78	




Read count (%) per base for different quality score ranges

	RMB_6317_Pseudogekko_smaragdinus_Polillo_R1.fq
Ranges	0-10	11-20	21-30	31-40
Base
1	0.00	0.60	1.29	98.10
2	0.00	0.07	0.34	99.59
3	0.00	0.10	0.28	99.63
4	0.00	0.37	0.82	98.81
5	0.00	0.14	0.38	99.47
6	0.00	0.10	0.28	99.62
7	0.00	0.09	0.27	99.63
8	0.00	0.10	0.27	99.63
9	0.00	0.13	0.31	99.56
10	0.01	0.20	0.40	99.39
11	0.01	0.17	0.41	99.40
12	0.00	0.21	0.43	99.36
13	0.00	0.22	0.50	99.28
14	0.01	0.24	0.50	99.25
15	0.02	0.25	0.48	99.26
16	0.01	0.26	0.59	99.14
17	0.01	0.21	0.45	99.33
18	0.02	0.23	0.57	99.18
19	0.02	0.22	0.47	99.29
20	0.05	0.30	0.58	99.06
21	0.03	0.31	0.50	99.16
22	0.05	0.32	0.59	99.04
23	0.06	0.32	0.54	99.08
24	0.06	0.30	0.52	99.12
25	0.09	0.31	0.52	99.08
26	0.11	0.38	0.75	98.77
27	0.11	0.34	0.70	98.86
28	0.13	0.29	0.61	98.97
29	0.16	0.24	0.65	98.94
30	0.21	0.30	0.78	98.71
31	0.18	0.27	0.67	98.87
32	0.21	0.23	0.63	98.93
33	0.28	0.29	0.71	98.72
34	0.24	0.32	0.58	98.86
35	0.23	0.31	0.69	98.77
36	0.26	0.31	0.93	98.50
37	0.26	0.28	0.73	98.73
38	0.27	0.29	0.67	98.76
39	0.26	0.28	0.78	98.68
40	0.35	0.35	1.01	98.30
41	0.30	0.32	0.91	98.47
42	0.31	0.34	0.94	98.40
43	0.27	0.33	0.96	98.43
44	0.27	0.36	1.03	98.34
45	0.30	0.36	1.11	98.23
46	0.32	0.41	1.50	97.77
47	0.43	0.54	2.56	96.48
48	0.38	0.70	2.98	95.94
49	0.50	0.97	4.27	94.26
50	0.49	1.66	6.19	91.66
51	0.47	2.93	5.96	90.64
52	0.43	2.86	4.67	92.04
53	0.43	2.36	3.94	93.27
54	0.42	1.97	3.15	94.46
55	0.39	1.57	2.76	95.28
56	0.43	1.34	2.41	95.82
57	0.38	1.10	2.10	96.43
58	0.38	0.87	1.91	96.84
59	0.40	0.68	1.86	97.06
60	0.35	0.56	1.66	97.42
61	0.40	0.42	1.63	97.54
62	0.39	0.40	1.65	97.55
63	0.42	0.45	1.61	97.52
64	0.40	0.42	1.57	97.60
65	0.43	0.43	1.67	97.47
66	0.44	0.41	1.64	97.50
67	0.46	0.44	1.69	97.42
68	0.46	0.41	1.79	97.34
69	0.48	0.46	1.92	97.14
70	0.49	0.61	3.51	95.39
71	0.52	0.54	2.44	96.50
72	0.50	0.49	2.16	96.85
73	0.50	0.49	2.12	96.89
74	0.53	0.49	2.16	96.82
75	0.51	0.55	2.09	96.85
76	0.56	0.56	2.32	96.56
77	0.55	0.59	2.43	96.43
78	0.58	0.57	2.46	96.39
79	0.58	0.59	2.49	96.35
80	0.61	0.66	2.67	96.07
81	0.64	0.69	2.87	95.80
82	0.66	0.70	3.14	95.50
83	0.68	0.72	3.15	95.44
84	0.64	0.74	3.12	95.50
85	0.69	0.72	3.30	95.30
86	0.66	0.78	3.35	95.22
87	0.74	0.76	3.53	94.97
88	0.71	0.82	3.67	94.81
89	0.78	0.85	3.80	94.58
90	0.78	0.89	3.94	94.39
91	0.82	0.88	4.18	94.11
92	0.79	0.91	4.01	94.29
93	0.83	0.96	4.10	94.11
94	0.83	1.01	4.17	93.99
95	1.41	1.67	8.02	88.90




