Parameters
	Library type	Single-end
	Input file	/Volumes/wdhd/users/joaks1/projects/gekgo/data/genomes/msg/plate3/demultiplexed-raw/fastq/RMB_9584_Gekko_porosus_Batan_R1.fq
	Primer/Adaptor library	NA
	Cut-off read length for HQ	70%
	Cut-off quality score	20
	Only statistics	On
	Number of processes	2


QC statistics
	File name	RMB_9584_Gekko_porosus_Batan_R1.fq
	Total number of reads	393664
	Total number of HQ reads	390899
	Percentage of HQ reads	99.30%
	Total number of bases	37398080
	Total number of bases in HQ reads	37135405
	Total number of HQ bases in HQ reads	36899676
	Percentage of HQ bases in HQ reads	99.37%
	Number of Primer/Adaptor contaminated HQ reads	NA
	Total number of HQ filtered reads	390899
	Percentage of HQ filtered reads	99.30%


Detailed QC statistics
	File name	RMB_9584_Gekko_porosus_Batan_R1.fq
	Minimum read length	95
	Maximum read length	95
	Average read length	95.00
	Total number of reads	393664
	Total number of reads with non-ATGC bases	183
	Percentage of reads with non-ATGC bases	0.05%
	Total number of bases	37398080
	Total number of HQ bases	37035949
	Percentage of HQ bases	99.03%
	Total number of non-ATGC bases	1016
	Percentage of non-ATGC bases	0.00%


Average quality score at each base position of input reads

RMB_9584_Gekko_porosus_Batan_R1.fq
36.90	36.71	36.92	36.68	36.89	36.91	36.91	39.59	39.53	39.38	39.34	39.27	39.34	39.31	39.31	39.15	39.23	39.10	39.21	39.04	39.13	38.92	38.92	38.94	39.05	38.86	38.89	39.04	38.72	38.55	38.80	38.96	38.80	38.87	38.89	38.53	38.80	38.92	38.92	38.49	38.60	38.53	38.62	38.45	38.39	37.91	37.13	37.02	36.60	36.30	36.20	36.58	36.97	37.37	37.68	37.77	37.99	38.13	38.22	38.24	38.16	38.10	38.03	37.89	37.76	37.66	37.52	37.37	37.19	35.68	36.23	36.58	36.63	36.53	36.43	36.26	36.12	36.05	35.94	35.85	35.74	35.64	35.61	35.56	35.51	35.46	35.37	35.27	35.23	35.13	35.08	35.02	34.93	34.81	33.50	




Read count (%) per base for different quality score ranges

	RMB_9584_Gekko_porosus_Batan_R1.fq
Ranges	0-10	11-20	21-30	31-40
Base
1	0.00	0.16	0.26	99.58
2	0.00	0.02	0.13	99.85
3	0.00	0.04	0.15	99.81
4	0.00	0.22	0.51	99.27
5	0.00	0.09	0.31	99.60
6	0.00	0.08	0.25	99.67
7	0.00	0.08	0.26	99.66
8	0.00	0.09	0.26	99.65
9	0.00	0.11	0.30	99.59
10	0.00	0.14	0.39	99.46
11	0.00	0.13	0.35	99.52
12	0.01	0.16	0.43	99.40
13	0.01	0.18	0.45	99.36
14	0.01	0.22	0.42	99.35
15	0.01	0.19	0.44	99.37
16	0.01	0.19	0.50	99.30
17	0.01	0.16	0.40	99.43
18	0.02	0.21	0.56	99.21
19	0.03	0.21	0.48	99.28
20	0.08	0.29	0.55	99.08
21	0.09	0.28	0.52	99.12
22	0.12	0.31	0.55	99.02
23	0.12	0.30	0.55	99.03
24	0.14	0.29	0.55	99.02
25	0.15	0.31	0.54	99.00
26	0.15	0.34	0.75	98.75
27	0.17	0.31	0.68	98.84
28	0.18	0.26	0.57	99.00
29	0.22	0.29	0.67	98.81
30	0.25	0.33	0.77	98.65
31	0.22	0.29	0.68	98.81
32	0.25	0.28	0.67	98.81
33	0.28	0.30	0.75	98.67
34	0.27	0.31	0.70	98.72
35	0.29	0.30	0.72	98.69
36	0.31	0.36	1.02	98.31
37	0.28	0.31	0.74	98.67
38	0.29	0.29	0.71	98.71
39	0.33	0.28	0.77	98.63
40	0.36	0.36	1.14	98.14
41	0.34	0.31	0.95	98.40
42	0.32	0.38	0.97	98.33
43	0.33	0.35	0.91	98.41
44	0.33	0.37	1.01	98.29
45	0.36	0.36	1.07	98.21
46	0.39	0.46	1.49	97.66
47	0.47	0.60	2.66	96.27
48	0.45	0.76	3.09	95.71
49	0.50	1.07	4.36	94.07
50	0.53	1.60	6.02	91.85
51	0.50	2.78	5.73	91.00
52	0.47	2.79	4.56	92.17
53	0.46	2.29	3.91	93.35
54	0.42	1.83	3.18	94.57
55	0.43	1.51	2.70	95.37
56	0.47	1.27	2.70	95.57
57	0.43	1.01	2.21	96.35
58	0.44	0.78	2.03	96.76
59	0.42	0.63	1.81	97.14
60	0.41	0.53	1.73	97.33
61	0.41	0.49	1.69	97.41
62	0.44	0.47	1.70	97.39
63	0.47	0.46	1.64	97.44
64	0.50	0.48	1.71	97.31
65	0.46	0.50	1.94	97.11
66	0.48	0.46	1.91	97.15
67	0.54	0.47	1.87	97.12
68	0.55	0.51	1.91	97.03
69	0.56	0.50	2.02	96.92
70	0.59	0.62	3.77	95.03
71	0.56	0.56	2.46	96.41
72	0.55	0.55	2.15	96.74
73	0.59	0.54	2.09	96.78
74	0.59	0.52	2.26	96.64
75	0.64	0.55	2.15	96.66
76	0.59	0.60	2.41	96.40
77	0.62	0.63	2.57	96.18
78	0.61	0.61	2.52	96.26
79	0.63	0.63	2.64	96.10
80	0.64	0.65	2.75	95.97
81	0.66	0.68	3.09	95.57
82	0.71	0.72	3.09	95.47
83	0.70	0.71	3.09	95.49
84	0.73	0.75	3.15	95.37
85	0.74	0.73	3.24	95.29
86	0.74	0.72	3.30	95.24
87	0.74	0.77	3.54	94.95
88	0.78	0.80	3.76	94.66
89	0.82	0.84	3.76	94.58
90	0.87	0.92	4.09	94.12
91	0.85	0.98	4.23	93.94
92	0.88	0.98	4.10	94.05
93	0.91	1.06	4.34	93.69
94	0.95	1.08	4.74	93.22
95	1.63	1.90	8.73	87.74




