Parameters
	Library type	Single-end
	Input file	/Volumes/wdhd/users/joaks1/projects/gekgo/data/genomes/msg/plate3/demultiplexed-raw/fastq/RMB_13662_Gekko_mindorensis_Luzon_R1.fq
	Primer/Adaptor library	NA
	Cut-off read length for HQ	70%
	Cut-off quality score	20
	Only statistics	On
	Number of processes	2


QC statistics
	File name	RMB_13662_Gekko_mindorensis_Luzon_R1.fq
	Total number of reads	41087
	Total number of HQ reads	40733
	Percentage of HQ reads	99.14%
	Total number of bases	3903265
	Total number of bases in HQ reads	3869635
	Total number of HQ bases in HQ reads	3839442
	Percentage of HQ bases in HQ reads	99.22%
	Number of Primer/Adaptor contaminated HQ reads	NA
	Total number of HQ filtered reads	40733
	Percentage of HQ filtered reads	99.14%


Detailed QC statistics
	File name	RMB_13662_Gekko_mindorensis_Luzon_R1.fq
	Minimum read length	95
	Maximum read length	95
	Average read length	95.00
	Total number of reads	41087
	Total number of reads with non-ATGC bases	16
	Percentage of reads with non-ATGC bases	0.04%
	Total number of bases	3903265
	Total number of HQ bases	3857506
	Percentage of HQ bases	98.83%
	Total number of non-ATGC bases	73
	Percentage of non-ATGC bases	0.00%


Average quality score at each base position of input reads

RMB_13662_Gekko_mindorensis_Luzon_R1.fq
35.50	35.16	36.73	36.37	36.76	36.83	36.84	39.42	39.40	39.31	39.25	39.15	39.22	39.20	39.22	39.02	39.09	38.99	39.13	38.92	39.01	38.85	38.81	38.81	38.89	38.70	38.73	38.88	38.61	38.44	38.68	38.84	38.69	38.75	38.81	38.50	38.72	38.81	38.81	38.36	38.44	38.42	38.45	38.31	38.21	37.75	37.03	36.90	36.46	36.18	36.06	36.40	36.91	37.17	37.50	37.65	37.81	37.99	38.08	38.14	38.09	38.04	37.96	37.82	37.67	37.59	37.45	37.33	37.06	35.46	36.15	36.56	36.62	36.51	36.40	36.17	36.04	35.95	35.86	35.80	35.69	35.62	35.55	35.51	35.46	35.40	35.31	35.28	35.16	35.09	35.06	35.00	34.98	34.87	33.51	




Read count (%) per base for different quality score ranges

	RMB_13662_Gekko_mindorensis_Luzon_R1.fq
Ranges	0-10	11-20	21-30	31-40
Base
1	0.00	0.78	1.36	97.86
2	0.00	0.13	0.49	99.38
3	0.00	0.34	0.58	99.08
4	0.00	0.74	0.99	98.27
5	0.00	0.40	0.64	98.96
6	0.00	0.23	0.48	99.28
7	0.00	0.25	0.46	99.28
8	0.01	0.23	0.46	99.30
9	0.02	0.25	0.53	99.20
10	0.00	0.33	0.58	99.08
11	0.01	0.32	0.66	99.01
12	0.01	0.38	0.74	98.88
13	0.01	0.36	0.68	98.94
14	0.02	0.45	0.74	98.79
15	0.01	0.44	0.70	98.84
16	0.00	0.43	0.71	98.87
17	0.01	0.36	0.73	98.90
18	0.04	0.38	0.76	98.82
19	0.05	0.38	0.72	98.86
20	0.11	0.57	0.83	98.48
21	0.12	0.63	0.71	98.54
22	0.12	0.55	0.79	98.54
23	0.15	0.54	0.82	98.49
24	0.15	0.57	0.79	98.49
25	0.18	0.63	0.77	98.43
26	0.24	0.68	0.98	98.10
27	0.32	0.55	0.89	98.24
28	0.31	0.55	0.89	98.25
29	0.33	0.46	0.96	98.25
30	0.41	0.51	1.05	98.02
31	0.32	0.52	0.99	98.17
32	0.39	0.41	0.95	98.25
33	0.46	0.44	0.97	98.13
34	0.41	0.48	0.91	98.20
35	0.37	0.49	1.03	98.10
36	0.51	0.57	1.22	97.70
37	0.48	0.49	0.99	98.05
38	0.42	0.48	0.98	98.12
39	0.47	0.48	1.04	98.01
40	0.45	0.51	1.49	97.56
41	0.42	0.49	1.24	97.85
42	0.50	0.48	1.24	97.78
43	0.42	0.49	1.24	97.84
44	0.42	0.50	1.27	97.81
45	0.45	0.54	1.52	97.49
46	0.49	0.56	1.77	97.18
47	0.51	0.78	3.07	95.64
48	0.46	0.83	3.47	95.24
49	0.51	1.24	4.70	93.55
50	0.61	1.63	6.43	91.34
51	0.53	2.95	6.30	90.22
52	0.54	3.02	5.10	91.34
53	0.46	2.30	4.39	92.85
54	0.54	2.11	3.51	93.84
55	0.47	1.70	3.06	94.77
56	0.48	1.46	2.76	95.31
57	0.48	1.17	2.53	95.82
58	0.47	0.91	2.14	96.48
59	0.45	0.77	2.11	96.66
60	0.42	0.63	1.91	97.04
61	0.46	0.58	1.89	97.08
62	0.44	0.56	1.93	97.07
63	0.48	0.54	1.81	97.17
64	0.51	0.54	2.03	96.93
65	0.50	0.54	2.25	96.71
66	0.55	0.49	2.05	96.91
67	0.56	0.49	2.11	96.84
68	0.64	0.49	2.06	96.81
69	0.64	0.58	2.33	96.45
70	0.58	0.77	4.50	94.15
71	0.57	0.66	2.73	96.04
72	0.55	0.61	2.38	96.46
73	0.61	0.55	2.26	96.58
74	0.58	0.59	2.39	96.44
75	0.69	0.55	2.26	96.50
76	0.68	0.67	2.54	96.11
77	0.63	0.75	2.75	95.87
78	0.69	0.66	2.76	95.88
79	0.71	0.72	2.90	95.67
80	0.69	0.69	3.01	95.60
81	0.74	0.73	3.09	95.44
82	0.72	0.86	3.27	95.15
83	0.75	0.76	3.52	94.97
84	0.78	0.74	3.50	94.99
85	0.82	0.82	3.48	94.89
86	0.81	0.85	3.64	94.70
87	0.85	0.85	3.77	94.53
88	0.72	0.93	3.85	94.49
89	0.89	0.93	3.98	94.20
90	0.89	1.02	4.21	93.88
91	0.90	1.08	4.25	93.78
92	0.98	1.09	4.08	93.86
93	1.03	1.03	4.33	93.61
94	0.99	1.16	4.53	93.32
95	1.63	1.85	8.81	87.70




