Parameters
	Library type	Single-end
	Input file	/Volumes/wdhd/users/joaks1/projects/gekgo/data/genomes/msg/plate3/demultiplexed-raw/fastq/RMB_5793_Gekko_sp.b_CamiguinNorte_R1.fq
	Primer/Adaptor library	NA
	Cut-off read length for HQ	70%
	Cut-off quality score	20
	Only statistics	On
	Number of processes	2


QC statistics
	File name	RMB_5793_Gekko_sp.b_CamiguinNorte_R1.fq
	Total number of reads	1872076
	Total number of HQ reads	1857855
	Percentage of HQ reads	99.24%
	Total number of bases	177847220
	Total number of bases in HQ reads	176496225
	Total number of HQ bases in HQ reads	175351353
	Percentage of HQ bases in HQ reads	99.35%
	Number of Primer/Adaptor contaminated HQ reads	NA
	Total number of HQ filtered reads	1857855
	Percentage of HQ filtered reads	99.24%


Detailed QC statistics
	File name	RMB_5793_Gekko_sp.b_CamiguinNorte_R1.fq
	Minimum read length	95
	Maximum read length	95
	Average read length	95.00
	Total number of reads	1872076
	Total number of reads with non-ATGC bases	797
	Percentage of reads with non-ATGC bases	0.04%
	Total number of bases	177847220
	Total number of HQ bases	176050945
	Percentage of HQ bases	98.99%
	Total number of non-ATGC bases	5128
	Percentage of non-ATGC bases	0.00%


Average quality score at each base position of input reads

RMB_5793_Gekko_sp.b_CamiguinNorte_R1.fq
35.22	34.28	36.80	36.54	36.89	36.91	36.91	39.58	39.53	39.35	39.31	39.22	39.30	39.28	39.28	39.10	39.19	39.06	39.19	39.03	39.10	38.89	38.87	38.90	39.02	38.81	38.84	39.01	38.68	38.51	38.77	38.93	38.76	38.83	38.85	38.50	38.75	38.87	38.88	38.44	38.54	38.46	38.54	38.37	38.31	37.81	37.00	36.92	36.53	36.19	36.08	36.49	36.86	37.25	37.57	37.70	37.90	38.02	38.11	38.11	38.04	37.98	37.92	37.75	37.62	37.52	37.38	37.22	37.07	35.55	36.07	36.40	36.46	36.38	36.28	36.10	35.96	35.92	35.79	35.72	35.57	35.49	35.45	35.41	35.36	35.32	35.19	35.10	35.08	35.02	34.95	34.85	34.79	34.64	33.41	




Read count (%) per base for different quality score ranges

	RMB_5793_Gekko_sp.b_CamiguinNorte_R1.fq
Ranges	0-10	11-20	21-30	31-40
Base
1	0.00	0.42	1.30	98.28
2	0.00	0.03	0.46	99.50
3	0.00	0.05	0.21	99.74
4	0.00	0.23	0.64	99.13
5	0.00	0.08	0.31	99.61
6	0.00	0.07	0.26	99.67
7	0.00	0.09	0.26	99.65
8	0.00	0.09	0.25	99.66
9	0.00	0.12	0.31	99.57
10	0.00	0.16	0.40	99.43
11	0.01	0.13	0.35	99.51
12	0.01	0.18	0.46	99.36
13	0.01	0.18	0.50	99.32
14	0.01	0.22	0.46	99.31
15	0.01	0.21	0.45	99.33
16	0.01	0.21	0.52	99.26
17	0.01	0.17	0.43	99.39
18	0.02	0.21	0.58	99.20
19	0.03	0.21	0.47	99.30
20	0.06	0.28	0.54	99.12
21	0.09	0.27	0.51	99.12
22	0.11	0.32	0.56	99.01
23	0.12	0.32	0.59	98.97
24	0.13	0.29	0.59	98.99
25	0.14	0.31	0.56	98.99
26	0.18	0.33	0.74	98.75
27	0.20	0.32	0.71	98.78
28	0.17	0.26	0.60	98.97
29	0.24	0.28	0.67	98.81
30	0.25	0.31	0.81	98.63
31	0.23	0.29	0.67	98.82
32	0.27	0.29	0.67	98.77
33	0.27	0.32	0.78	98.63
34	0.28	0.32	0.71	98.69
35	0.30	0.33	0.72	98.66
36	0.34	0.37	1.02	98.28
37	0.31	0.31	0.74	98.64
38	0.31	0.31	0.72	98.66
39	0.33	0.31	0.81	98.55
40	0.39	0.38	1.20	98.04
41	0.35	0.34	0.99	98.32
42	0.36	0.37	1.07	98.20
43	0.35	0.36	0.95	98.34
44	0.36	0.40	1.09	98.14
45	0.36	0.38	1.19	98.07
46	0.43	0.47	1.66	97.44
47	0.48	0.68	3.03	95.81
48	0.47	0.80	3.35	95.38
49	0.52	1.10	4.52	93.86
50	0.54	1.70	6.35	91.41
51	0.50	2.84	6.13	90.53
52	0.47	2.77	4.86	91.89
53	0.45	2.30	4.13	93.11
54	0.46	1.81	3.44	94.29
55	0.44	1.50	2.91	95.15
56	0.48	1.26	2.80	95.46
57	0.42	1.02	2.40	96.16
58	0.42	0.81	2.17	96.60
59	0.41	0.65	1.92	97.02
60	0.42	0.55	1.84	97.19
61	0.45	0.51	1.79	97.25
62	0.46	0.49	1.82	97.22
63	0.48	0.45	1.75	97.32
64	0.51	0.49	1.85	97.16
65	0.50	0.50	2.03	96.97
66	0.51	0.49	1.98	97.02
67	0.55	0.51	1.98	96.96
68	0.57	0.52	2.03	96.89
69	0.58	0.53	2.11	96.78
70	0.58	0.65	3.96	94.81
71	0.61	0.60	2.64	96.15
72	0.60	0.59	2.42	96.39
73	0.59	0.57	2.35	96.50
74	0.60	0.54	2.40	96.46
75	0.64	0.58	2.30	96.48
76	0.64	0.62	2.59	96.15
77	0.66	0.70	2.79	95.85
78	0.62	0.63	2.75	95.99
79	0.66	0.66	2.95	95.73
80	0.66	0.68	3.02	95.65
81	0.71	0.73	3.42	95.14
82	0.77	0.80	3.39	95.04
83	0.75	0.74	3.53	94.98
84	0.76	0.78	3.49	94.98
85	0.77	0.79	3.65	94.80
86	0.76	0.81	3.63	94.80
87	0.85	0.84	3.95	94.36
88	0.83	0.88	4.11	94.18
89	0.87	0.90	4.08	94.15
90	0.89	0.98	4.27	93.87
91	0.89	1.04	4.59	93.48
92	0.96	1.07	4.53	93.45
93	0.94	1.09	4.80	93.17
94	1.03	1.18	5.13	92.66
95	1.65	1.91	9.16	87.28




