Parameters
	Library type	Single-end
	Input file	/Volumes/wdhd/users/joaks1/projects/gekgo/data/genomes/msg/plate3/demultiplexed-raw/fastq/RMB_9586_Gekko_porosus_Batan_R1.fq
	Primer/Adaptor library	NA
	Cut-off read length for HQ	70%
	Cut-off quality score	20
	Only statistics	On
	Number of processes	2


QC statistics
	File name	RMB_9586_Gekko_porosus_Batan_R1.fq
	Total number of reads	64902
	Total number of HQ reads	64409
	Percentage of HQ reads	99.24%
	Total number of bases	6165690
	Total number of bases in HQ reads	6118855
	Total number of HQ bases in HQ reads	6077321
	Percentage of HQ bases in HQ reads	99.32%
	Number of Primer/Adaptor contaminated HQ reads	NA
	Total number of HQ filtered reads	64409
	Percentage of HQ filtered reads	99.24%


Detailed QC statistics
	File name	RMB_9586_Gekko_porosus_Batan_R1.fq
	Minimum read length	95
	Maximum read length	95
	Average read length	95.00
	Total number of reads	64902
	Total number of reads with non-ATGC bases	35
	Percentage of reads with non-ATGC bases	0.05%
	Total number of bases	6165690
	Total number of HQ bases	6101731
	Percentage of HQ bases	98.96%
	Total number of non-ATGC bases	324
	Percentage of non-ATGC bases	0.01%


Average quality score at each base position of input reads

RMB_9586_Gekko_porosus_Batan_R1.fq
35.47	35.07	36.78	36.55	36.87	36.89	36.90	39.56	39.52	39.37	39.32	39.26	39.34	39.30	39.28	39.11	39.20	39.07	39.20	39.04	39.13	38.92	38.92	38.95	39.04	38.85	38.90	39.04	38.75	38.56	38.80	38.98	38.80	38.87	38.89	38.55	38.80	38.92	38.93	38.51	38.59	38.55	38.61	38.44	38.39	37.88	37.11	36.98	36.55	36.26	36.16	36.56	36.92	37.27	37.60	37.74	37.93	38.09	38.19	38.20	38.11	38.03	38.01	37.80	37.70	37.60	37.49	37.31	37.14	35.69	36.21	36.53	36.57	36.49	36.42	36.22	36.08	36.02	35.90	35.83	35.70	35.63	35.60	35.59	35.51	35.47	35.37	35.26	35.23	35.12	35.09	35.04	34.96	34.84	33.57	




Read count (%) per base for different quality score ranges

	RMB_9586_Gekko_porosus_Batan_R1.fq
Ranges	0-10	11-20	21-30	31-40
Base
1	0.00	1.53	1.47	97.00
2	0.00	0.29	0.81	98.90
3	0.00	0.20	0.36	99.43
4	0.00	0.32	0.74	98.94
5	0.00	0.12	0.37	99.50
6	0.00	0.12	0.32	99.56
7	0.00	0.10	0.29	99.61
8	0.00	0.11	0.30	99.58
9	0.00	0.13	0.36	99.51
10	0.01	0.17	0.44	99.38
11	0.00	0.15	0.40	99.45
12	0.01	0.17	0.49	99.33
13	0.00	0.21	0.48	99.31
14	0.01	0.24	0.44	99.31
15	0.02	0.23	0.49	99.27
16	0.01	0.25	0.53	99.21
17	0.01	0.22	0.48	99.29
18	0.02	0.24	0.63	99.10
19	0.04	0.25	0.47	99.24
20	0.08	0.34	0.58	99.00
21	0.10	0.28	0.55	99.08
22	0.11	0.36	0.51	99.02
23	0.13	0.34	0.61	98.91
24	0.13	0.29	0.60	98.97
25	0.18	0.32	0.56	98.93
26	0.17	0.33	0.83	98.67
27	0.16	0.31	0.74	98.79
28	0.21	0.29	0.60	98.90
29	0.25	0.29	0.67	98.79
30	0.26	0.33	0.85	98.56
31	0.29	0.27	0.69	98.75
32	0.26	0.33	0.72	98.69
33	0.32	0.33	0.81	98.54
34	0.31	0.33	0.74	98.62
35	0.31	0.36	0.77	98.56
36	0.36	0.38	1.07	98.19
37	0.33	0.35	0.78	98.55
38	0.32	0.33	0.71	98.64
39	0.34	0.30	0.85	98.51
40	0.40	0.37	1.17	98.06
41	0.38	0.36	1.15	98.12
42	0.34	0.41	1.03	98.22
43	0.38	0.35	0.96	98.31
44	0.34	0.41	1.13	98.13
45	0.36	0.36	1.23	98.05
46	0.43	0.46	1.64	97.47
47	0.52	0.63	2.64	96.21
48	0.44	0.75	3.23	95.58
49	0.56	1.09	4.54	93.80
50	0.56	1.62	6.14	91.68
51	0.54	2.81	5.93	90.72
52	0.47	2.79	4.81	91.94
53	0.49	2.29	4.19	93.03
54	0.49	1.90	3.47	94.14
55	0.46	1.59	2.83	95.12
56	0.51	1.32	2.70	95.47
57	0.47	1.12	2.38	96.04
58	0.45	0.82	2.06	96.67
59	0.36	0.71	1.90	97.03
60	0.43	0.51	1.82	97.23
61	0.42	0.53	1.77	97.28
62	0.47	0.52	1.89	97.12
63	0.42	0.50	1.75	97.33
64	0.56	0.47	1.94	97.03
65	0.47	0.53	2.00	97.01
66	0.49	0.50	1.98	97.03
67	0.54	0.48	1.89	97.09
68	0.61	0.55	1.94	96.90
69	0.55	0.55	2.16	96.74
70	0.58	0.65	3.90	94.87
71	0.57	0.61	2.59	96.23
72	0.62	0.59	2.24	96.55
73	0.62	0.61	2.22	96.56
74	0.59	0.56	2.40	96.46
75	0.62	0.56	2.20	96.63
76	0.62	0.64	2.48	96.26
77	0.62	0.71	2.59	96.08
78	0.60	0.66	2.53	96.21
79	0.61	0.66	2.79	95.94
80	0.64	0.67	2.87	95.82
81	0.72	0.75	3.06	95.47
82	0.70	0.80	3.09	95.41
83	0.75	0.72	3.16	95.36
84	0.73	0.74	3.09	95.43
85	0.78	0.80	3.22	95.20
86	0.79	0.77	3.37	95.07
87	0.78	0.83	3.55	94.84
88	0.81	0.82	3.89	94.48
89	0.82	0.90	3.83	94.45
90	0.99	0.90	3.99	94.12
91	0.91	1.00	4.21	93.88
92	0.90	1.06	4.13	93.91
93	0.90	1.11	4.30	93.70
94	1.00	1.12	4.62	93.26
95	1.65	1.90	8.11	88.33




