Parameters
	Library type	Single-end
	Input file	/Volumes/wdhd/users/joaks1/projects/gekgo/data/genomes/msg/plate3/demultiplexed-raw/fastq/RMB_6052_Gekko_rossi_Calayan_R1.fq
	Primer/Adaptor library	NA
	Cut-off read length for HQ	70%
	Cut-off quality score	20
	Only statistics	On
	Number of processes	2


QC statistics
	File name	RMB_6052_Gekko_rossi_Calayan_R1.fq
	Total number of reads	198609
	Total number of HQ reads	197030
	Percentage of HQ reads	99.20%
	Total number of bases	18867855
	Total number of bases in HQ reads	18717850
	Total number of HQ bases in HQ reads	18606480
	Percentage of HQ bases in HQ reads	99.41%
	Number of Primer/Adaptor contaminated HQ reads	NA
	Total number of HQ filtered reads	197030
	Percentage of HQ filtered reads	99.20%


Detailed QC statistics
	File name	RMB_6052_Gekko_rossi_Calayan_R1.fq
	Minimum read length	95
	Maximum read length	95
	Average read length	95.00
	Total number of reads	198609
	Total number of reads with non-ATGC bases	94
	Percentage of reads with non-ATGC bases	0.05%
	Total number of bases	18867855
	Total number of HQ bases	18683045
	Percentage of HQ bases	99.02%
	Total number of non-ATGC bases	552
	Percentage of non-ATGC bases	0.00%


Average quality score at each base position of input reads

RMB_6052_Gekko_rossi_Calayan_R1.fq
36.87	36.63	36.92	36.69	36.91	36.92	36.92	39.61	39.56	39.40	39.35	39.29	39.18	39.15	39.21	39.02	39.17	39.07	39.22	39.06	39.14	38.89	38.90	38.95	39.06	38.87	38.89	39.05	38.73	38.54	38.80	38.96	38.80	38.85	38.88	38.54	38.79	38.91	38.89	38.44	38.52	38.47	38.55	38.37	38.29	37.76	36.93	36.79	36.37	36.07	35.99	36.42	36.78	37.14	37.44	37.54	37.69	37.77	37.80	37.76	37.64	37.54	37.43	37.23	37.07	36.94	36.79	36.64	36.53	35.08	35.64	35.97	36.04	36.01	35.97	35.88	35.77	35.76	35.68	35.61	35.53	35.46	35.45	35.40	35.39	35.34	35.25	35.16	35.16	35.07	35.01	34.94	34.87	34.76	33.53	




Read count (%) per base for different quality score ranges

	RMB_6052_Gekko_rossi_Calayan_R1.fq
Ranges	0-10	11-20	21-30	31-40
Base
1	0.04	0.14	0.30	99.51
2	0.00	0.02	0.12	99.86
3	0.00	0.03	0.15	99.82
4	0.00	0.19	0.49	99.32
5	0.00	0.07	0.26	99.67
6	0.00	0.06	0.23	99.71
7	0.00	0.07	0.22	99.70
8	0.00	0.06	0.21	99.72
9	0.00	0.10	0.25	99.65
10	0.01	0.13	0.32	99.54
11	0.01	0.12	0.28	99.60
12	0.01	0.14	0.39	99.47
13	0.00	0.14	0.40	99.46
14	0.01	0.21	0.39	99.38
15	0.01	0.18	0.38	99.44
16	0.01	0.16	0.45	99.38
17	0.02	0.13	0.34	99.51
18	0.02	0.18	0.50	99.30
19	0.03	0.15	0.42	99.41
20	0.10	0.22	0.50	99.18
21	0.11	0.23	0.45	99.21
22	0.16	0.27	0.49	99.09
23	0.15	0.27	0.57	99.01
24	0.16	0.23	0.52	99.09
25	0.19	0.22	0.52	99.06
26	0.22	0.27	0.68	98.82
27	0.21	0.24	0.64	98.91
28	0.21	0.19	0.55	99.05
29	0.25	0.20	0.58	98.96
30	0.27	0.29	0.77	98.67
31	0.25	0.25	0.59	98.91
32	0.26	0.27	0.63	98.84
33	0.27	0.30	0.72	98.71
34	0.30	0.29	0.71	98.69
35	0.31	0.29	0.64	98.76
36	0.30	0.34	0.97	98.38
37	0.30	0.31	0.68	98.71
38	0.30	0.29	0.70	98.71
39	0.37	0.27	0.76	98.60
40	0.37	0.38	1.24	98.01
41	0.36	0.33	1.02	98.29
42	0.36	0.37	1.04	98.23
43	0.35	0.33	0.95	98.36
44	0.33	0.36	1.09	98.22
45	0.37	0.36	1.25	98.02
46	0.40	0.45	1.93	97.22
47	0.47	0.59	3.60	95.34
48	0.46	0.76	4.17	94.62
49	0.47	1.04	5.81	92.68
50	0.49	1.64	7.61	90.26
51	0.49	2.65	7.23	89.63
52	0.43	2.50	5.70	91.38
53	0.45	2.03	4.74	92.78
54	0.44	1.65	3.69	94.22
55	0.43	1.37	3.02	95.18
56	0.45	1.18	2.78	95.60
57	0.43	0.94	2.38	96.25
58	0.44	0.74	2.14	96.69
59	0.43	0.60	1.93	97.03
60	0.42	0.53	1.76	97.29
61	0.43	0.50	1.75	97.32
62	0.49	0.48	1.76	97.27
63	0.48	0.47	1.71	97.34
64	0.50	0.50	1.85	97.15
65	0.52	0.47	2.03	96.98
66	0.53	0.49	1.96	97.02
67	0.53	0.53	1.93	97.01
68	0.58	0.52	2.00	96.89
69	0.55	0.50	2.06	96.89
70	0.66	0.62	4.17	94.56
71	0.64	0.59	2.68	96.09
72	0.61	0.59	2.30	96.50
73	0.61	0.57	2.18	96.63
74	0.61	0.52	2.28	96.59
75	0.65	0.56	2.15	96.63
76	0.65	0.60	2.42	96.33
77	0.66	0.70	2.67	95.98
78	0.64	0.64	2.60	96.11
79	0.66	0.66	2.72	95.96
80	0.65	0.68	2.91	95.76
81	0.68	0.73	3.17	95.42
82	0.76	0.79	3.13	95.31
83	0.78	0.72	3.13	95.38
84	0.79	0.79	3.20	95.21
85	0.78	0.79	3.30	95.12
86	0.80	0.81	3.32	95.07
87	0.82	0.84	3.58	94.76
88	0.87	0.87	3.76	94.50
89	0.83	0.93	3.70	94.53
90	0.90	0.98	3.99	94.12
91	0.92	1.06	4.19	93.83
92	0.97	1.07	4.13	93.82
93	0.97	1.11	4.31	93.60
94	0.99	1.25	4.48	93.28
95	1.65	1.90	8.40	88.05




