Parameters
	Library type	Single-end
	Input file	/Volumes/wdhd/users/joaks1/projects/gekgo/data/genomes/msg/plate3/demultiplexed-raw/fastq/RMB_9570_Lepidodactylus_balioburius_Sabtang_R1.fq
	Primer/Adaptor library	NA
	Cut-off read length for HQ	70%
	Cut-off quality score	20
	Only statistics	On
	Number of processes	2


QC statistics
	File name	RMB_9570_Lepidodactylus_balioburius_Sabtang_R1.fq
	Total number of reads	4242902
	Total number of HQ reads	4213829
	Percentage of HQ reads	99.31%
	Total number of bases	403075690
	Total number of bases in HQ reads	400313755
	Total number of HQ bases in HQ reads	397893545
	Percentage of HQ bases in HQ reads	99.40%
	Number of Primer/Adaptor contaminated HQ reads	NA
	Total number of HQ filtered reads	4213829
	Percentage of HQ filtered reads	99.31%


Detailed QC statistics
	File name	RMB_9570_Lepidodactylus_balioburius_Sabtang_R1.fq
	Minimum read length	95
	Maximum read length	95
	Average read length	95.00
	Total number of reads	4242902
	Total number of reads with non-ATGC bases	1870
	Percentage of reads with non-ATGC bases	0.04%
	Total number of bases	403075690
	Total number of HQ bases	399383374
	Percentage of HQ bases	99.08%
	Total number of non-ATGC bases	11626
	Percentage of non-ATGC bases	0.00%


Average quality score at each base position of input reads

RMB_9570_Lepidodactylus_balioburius_Sabtang_R1.fq
36.78	36.21	36.89	36.64	36.89	36.91	36.92	39.62	39.57	39.40	39.36	39.32	39.22	39.17	39.26	39.05	39.14	39.07	39.22	39.07	39.16	38.97	38.89	38.96	39.08	38.87	38.87	39.06	38.68	38.56	38.91	38.95	38.88	38.89	39.02	38.72	38.92	38.99	38.97	38.52	38.62	38.62	38.61	38.51	38.34	37.86	37.06	36.72	36.30	36.13	36.11	36.43	36.99	37.24	37.49	37.69	37.81	37.91	37.96	37.88	37.81	37.68	37.51	37.32	37.19	36.96	36.78	36.65	36.49	35.13	35.65	35.99	35.92	35.91	35.92	35.92	35.74	35.71	35.68	35.54	35.49	35.52	35.42	35.36	35.43	35.35	35.33	35.26	35.14	35.17	34.97	34.98	35.05	34.92	33.52	




Read count (%) per base for different quality score ranges

	RMB_9570_Lepidodactylus_balioburius_Sabtang_R1.fq
Ranges	0-10	11-20	21-30	31-40
Base
1	0.00	0.37	0.43	99.20
2	0.00	0.06	0.23	99.71
3	0.00	0.07	0.18	99.75
4	0.00	0.21	0.52	99.28
5	0.00	0.09	0.32	99.59
6	0.00	0.08	0.27	99.65
7	0.00	0.08	0.24	99.68
8	0.00	0.09	0.25	99.66
9	0.00	0.11	0.31	99.58
10	0.01	0.16	0.41	99.43
11	0.01	0.14	0.38	99.47
12	0.01	0.16	0.42	99.41
13	0.00	0.18	0.50	99.32
14	0.01	0.22	0.46	99.31
15	0.01	0.19	0.43	99.37
16	0.01	0.22	0.52	99.25
17	0.01	0.18	0.48	99.32
18	0.02	0.19	0.53	99.27
19	0.02	0.17	0.42	99.38
20	0.06	0.24	0.53	99.18
21	0.06	0.20	0.44	99.30
22	0.10	0.25	0.50	99.15
23	0.11	0.25	0.55	99.09
24	0.12	0.22	0.50	99.16
25	0.13	0.23	0.52	99.11
26	0.16	0.26	0.73	98.85
27	0.17	0.24	0.60	98.99
28	0.15	0.21	0.53	99.11
29	0.21	0.23	0.63	98.93
30	0.22	0.26	0.67	98.84
31	0.20	0.24	0.59	98.97
32	0.22	0.25	0.62	98.91
33	0.25	0.28	0.71	98.76
34	0.24	0.30	0.68	98.78
35	0.24	0.27	0.67	98.82
36	0.29	0.32	0.94	98.45
37	0.28	0.28	0.70	98.74
38	0.26	0.26	0.68	98.79
39	0.27	0.27	0.75	98.71
40	0.30	0.33	1.14	98.22
41	0.31	0.32	1.01	98.36
42	0.30	0.34	1.04	98.32
43	0.29	0.34	0.98	98.39
44	0.32	0.34	1.10	98.23
45	0.32	0.34	1.19	98.14
46	0.40	0.40	1.66	97.55
47	0.46	0.58	3.36	95.60
48	0.43	0.75	5.03	93.79
49	0.48	1.07	6.04	92.41
50	0.48	1.55	7.49	90.49
51	0.46	2.58	6.95	90.01
52	0.44	2.59	5.73	91.24
53	0.42	1.95	4.45	93.18
54	0.42	1.62	3.67	94.29
55	0.40	1.31	3.02	95.26
56	0.41	1.09	2.60	95.90
57	0.39	0.90	2.28	96.43
58	0.41	0.72	2.06	96.81
59	0.40	0.58	1.85	97.17
60	0.43	0.51	1.81	97.25
61	0.43	0.43	1.71	97.43
62	0.41	0.43	1.67	97.49
63	0.43	0.42	1.73	97.43
64	0.44	0.42	1.85	97.29
65	0.44	0.42	1.73	97.41
66	0.46	0.45	1.92	97.17
67	0.50	0.45	2.00	97.05
68	0.50	0.47	2.01	97.02
69	0.53	0.49	2.14	96.83
70	0.52	0.60	4.05	94.83
71	0.56	0.56	2.77	96.11
72	0.53	0.53	2.31	96.63
73	0.58	0.58	2.82	96.03
74	0.56	0.55	2.60	96.29
75	0.57	0.54	2.48	96.42
76	0.57	0.55	2.39	96.50
77	0.60	0.60	2.86	95.94
78	0.61	0.60	2.79	95.99
79	0.61	0.60	3.00	95.79
80	0.64	0.65	3.15	95.56
81	0.66	0.69	3.15	95.50
82	0.66	0.70	3.26	95.38
83	0.70	0.70	3.38	95.22
84	0.72	0.76	3.46	95.07
85	0.69	0.76	3.27	95.28
86	0.70	0.77	3.46	95.06
87	0.73	0.79	3.46	95.02
88	0.74	0.81	3.64	94.81
89	0.79	0.89	3.84	94.49
90	0.79	0.91	3.84	94.46
91	0.85	0.99	4.24	93.93
92	0.81	1.02	4.17	94.00
93	0.83	1.00	3.97	94.20
94	0.85	1.03	4.21	93.90
95	1.50	1.97	8.70	87.83




