Parameters
	Library type	Single-end
	Input file	/Volumes/wdhd/users/joaks1/projects/gekgo/data/genomes/msg/plate3/demultiplexed-raw/fastq/RMB_6448_Gekko_mindorensis_Panay_R1.fq
	Primer/Adaptor library	NA
	Cut-off read length for HQ	70%
	Cut-off quality score	20
	Only statistics	On
	Number of processes	2


QC statistics
	File name	RMB_6448_Gekko_mindorensis_Panay_R1.fq
	Total number of reads	1174446
	Total number of HQ reads	1166750
	Percentage of HQ reads	99.34%
	Total number of bases	111572370
	Total number of bases in HQ reads	110841250
	Total number of HQ bases in HQ reads	110188932
	Percentage of HQ bases in HQ reads	99.41%
	Number of Primer/Adaptor contaminated HQ reads	NA
	Total number of HQ filtered reads	1166750
	Percentage of HQ filtered reads	99.34%


Detailed QC statistics
	File name	RMB_6448_Gekko_mindorensis_Panay_R1.fq
	Minimum read length	95
	Maximum read length	95
	Average read length	95.00
	Total number of reads	1174446
	Total number of reads with non-ATGC bases	487
	Percentage of reads with non-ATGC bases	0.04%
	Total number of bases	111572370
	Total number of HQ bases	110568977
	Percentage of HQ bases	99.10%
	Total number of non-ATGC bases	3107
	Percentage of non-ATGC bases	0.00%


Average quality score at each base position of input reads

RMB_6448_Gekko_mindorensis_Panay_R1.fq
36.24	36.08	36.89	36.57	36.89	36.92	36.92	39.53	39.52	39.45	39.40	39.31	39.38	39.39	39.40	39.17	39.24	39.13	39.28	39.11	39.20	39.01	38.98	38.99	39.07	38.93	38.97	39.12	38.83	38.68	38.90	39.06	38.92	38.95	39.03	38.75	38.94	39.01	39.03	38.61	38.67	38.66	38.69	38.54	38.47	37.94	37.26	37.09	36.65	36.34	36.25	36.60	37.10	37.40	37.68	37.81	37.98	38.16	38.27	38.31	38.28	38.22	38.13	37.99	37.86	37.74	37.62	37.49	37.23	35.65	36.31	36.70	36.75	36.65	36.55	36.36	36.20	36.14	36.07	36.00	35.90	35.82	35.76	35.74	35.69	35.64	35.54	35.48	35.40	35.34	35.31	35.27	35.23	35.11	33.70	




Read count (%) per base for different quality score ranges

	RMB_6448_Gekko_mindorensis_Panay_R1.fq
Ranges	0-10	11-20	21-30	31-40
Base
1	0.00	0.40	0.66	98.94
2	0.00	0.03	0.20	99.77
3	0.00	0.05	0.18	99.78
4	0.00	0.24	0.61	99.14
5	0.00	0.10	0.31	99.59
6	0.00	0.07	0.23	99.70
7	0.00	0.08	0.25	99.67
8	0.00	0.11	0.26	99.63
9	0.00	0.12	0.28	99.60
10	0.00	0.15	0.35	99.49
11	0.01	0.13	0.32	99.54
12	0.01	0.17	0.40	99.42
13	0.01	0.16	0.44	99.39
14	0.01	0.20	0.41	99.38
15	0.01	0.18	0.40	99.41
16	0.01	0.20	0.46	99.34
17	0.01	0.16	0.37	99.46
18	0.01	0.19	0.53	99.27
19	0.03	0.21	0.44	99.32
20	0.07	0.28	0.52	99.12
21	0.11	0.26	0.45	99.18
22	0.11	0.31	0.52	99.07
23	0.11	0.31	0.55	99.03
24	0.12	0.28	0.54	99.07
25	0.13	0.29	0.51	99.07
26	0.16	0.33	0.70	98.81
27	0.17	0.30	0.62	98.91
28	0.17	0.26	0.56	99.01
29	0.21	0.28	0.61	98.90
30	0.22	0.31	0.72	98.76
31	0.20	0.27	0.61	98.91
32	0.22	0.28	0.62	98.88
33	0.25	0.29	0.68	98.78
34	0.25	0.30	0.66	98.80
35	0.26	0.29	0.63	98.82
36	0.29	0.33	0.87	98.52
37	0.29	0.28	0.70	98.73
38	0.27	0.29	0.69	98.74
39	0.29	0.29	0.73	98.68
40	0.31	0.33	1.08	98.28
41	0.34	0.30	0.89	98.47
42	0.31	0.33	0.93	98.43
43	0.30	0.33	0.84	98.53
44	0.29	0.34	0.93	98.44
45	0.33	0.36	1.00	98.31
46	0.39	0.43	1.35	97.82
47	0.43	0.57	2.50	96.49
48	0.39	0.65	2.78	96.17
49	0.44	0.98	4.26	94.32
50	0.48	1.59	5.88	92.05
51	0.43	2.74	5.70	91.12
52	0.44	2.84	4.68	92.04
53	0.41	2.35	3.78	93.47
54	0.40	2.03	3.24	94.33
55	0.39	1.67	2.78	95.16
56	0.41	1.42	2.58	95.59
57	0.41	1.15	2.23	96.21
58	0.37	0.84	1.98	96.81
59	0.36	0.63	1.79	97.21
60	0.34	0.51	1.63	97.52
61	0.37	0.45	1.52	97.66
62	0.38	0.43	1.55	97.64
63	0.38	0.41	1.48	97.73
64	0.42	0.45	1.61	97.52
65	0.41	0.45	1.72	97.42
66	0.42	0.44	1.77	97.38
67	0.44	0.44	1.74	97.38
68	0.47	0.45	1.67	97.41
69	0.48	0.48	1.84	97.21
70	0.50	0.58	3.73	95.19
71	0.51	0.52	2.22	96.75
72	0.48	0.50	1.96	97.06
73	0.50	0.49	1.90	97.11
74	0.50	0.46	1.97	97.07
75	0.53	0.50	1.86	97.12
76	0.52	0.53	2.15	96.80
77	0.55	0.59	2.29	96.57
78	0.52	0.56	2.27	96.65
79	0.55	0.56	2.32	96.58
80	0.54	0.56	2.37	96.53
81	0.56	0.59	2.62	96.23
82	0.61	0.65	2.69	96.05
83	0.58	0.64	2.88	95.90
84	0.59	0.64	2.78	95.99
85	0.64	0.64	2.89	95.83
86	0.61	0.67	2.96	95.76
87	0.62	0.68	3.17	95.52
88	0.67	0.72	3.23	95.39
89	0.69	0.75	3.39	95.17
90	0.71	0.80	3.49	95.00
91	0.73	0.84	3.61	94.82
92	0.77	0.84	3.53	94.86
93	0.79	0.89	3.70	94.62
94	0.82	0.95	3.94	94.29
95	1.49	1.72	8.12	88.68




