Parameters
	Library type	Single-end
	Input file	/Volumes/wdhd/users/joaks1/projects/gekgo/data/genomes/msg/plate3/demultiplexed-raw/fastq/RMB_5737_Gekko_sp.b_CamiguinNorte_R1.fq
	Primer/Adaptor library	NA
	Cut-off read length for HQ	70%
	Cut-off quality score	20
	Only statistics	On
	Number of processes	2


QC statistics
	File name	RMB_5737_Gekko_sp.b_CamiguinNorte_R1.fq
	Total number of reads	349718
	Total number of HQ reads	346946
	Percentage of HQ reads	99.21%
	Total number of bases	33223210
	Total number of bases in HQ reads	32959870
	Total number of HQ bases in HQ reads	32771518
	Percentage of HQ bases in HQ reads	99.43%
	Number of Primer/Adaptor contaminated HQ reads	NA
	Total number of HQ filtered reads	346946
	Percentage of HQ filtered reads	99.21%


Detailed QC statistics
	File name	RMB_5737_Gekko_sp.b_CamiguinNorte_R1.fq
	Minimum read length	95
	Maximum read length	95
	Average read length	95.00
	Total number of reads	349718
	Total number of reads with non-ATGC bases	132
	Percentage of reads with non-ATGC bases	0.04%
	Total number of bases	33223210
	Total number of HQ bases	32902602
	Percentage of HQ bases	99.03%
	Total number of non-ATGC bases	930
	Percentage of non-ATGC bases	0.00%


Average quality score at each base position of input reads

RMB_5737_Gekko_sp.b_CamiguinNorte_R1.fq
36.87	36.30	36.91	36.66	36.91	36.93	36.93	39.65	39.60	39.45	39.40	39.33	39.39	39.38	39.39	39.22	39.30	39.16	39.28	39.13	39.19	38.98	38.96	39.00	39.11	38.91	38.94	39.09	38.77	38.60	38.86	39.03	38.86	38.93	38.95	38.61	38.86	38.98	38.98	38.56	38.65	38.58	38.67	38.50	38.43	37.96	37.19	37.07	36.67	36.34	36.27	36.65	37.02	37.40	37.70	37.80	38.02	38.15	38.23	38.25	38.19	38.12	38.05	37.89	37.75	37.67	37.52	37.37	37.22	35.71	36.25	36.56	36.61	36.51	36.41	36.25	36.11	36.06	35.94	35.85	35.73	35.64	35.62	35.58	35.52	35.48	35.37	35.30	35.28	35.21	35.15	35.06	35.00	34.88	33.64	




Read count (%) per base for different quality score ranges

	RMB_5737_Gekko_sp.b_CamiguinNorte_R1.fq
Ranges	0-10	11-20	21-30	31-40
Base
1	0.00	0.20	0.28	99.52
2	0.00	0.03	0.16	99.81
3	0.00	0.03	0.12	99.85
4	0.00	0.16	0.48	99.36
5	0.00	0.06	0.24	99.70
6	0.00	0.06	0.20	99.73
7	0.00	0.07	0.22	99.71
8	0.00	0.07	0.18	99.75
9	0.00	0.09	0.23	99.68
10	0.00	0.12	0.29	99.58
11	0.00	0.10	0.25	99.64
12	0.01	0.13	0.32	99.54
13	0.01	0.15	0.39	99.46
14	0.01	0.17	0.36	99.46
15	0.01	0.16	0.33	99.50
16	0.01	0.16	0.39	99.45
17	0.01	0.12	0.32	99.55
18	0.01	0.16	0.46	99.37
19	0.03	0.17	0.37	99.43
20	0.07	0.23	0.45	99.25
21	0.12	0.23	0.42	99.23
22	0.12	0.29	0.47	99.12
23	0.15	0.28	0.51	99.05
24	0.17	0.26	0.49	99.08
25	0.17	0.28	0.48	99.07
26	0.20	0.30	0.62	98.88
27	0.19	0.30	0.58	98.94
28	0.20	0.24	0.50	99.05
29	0.25	0.26	0.56	98.93
30	0.25	0.27	0.69	98.79
31	0.24	0.26	0.57	98.93
32	0.27	0.29	0.57	98.88
33	0.28	0.31	0.65	98.77
34	0.30	0.32	0.60	98.79
35	0.31	0.31	0.61	98.76
36	0.34	0.35	0.89	98.42
37	0.32	0.32	0.62	98.74
38	0.33	0.30	0.60	98.77
39	0.34	0.30	0.68	98.67
40	0.36	0.36	1.02	98.25
41	0.37	0.32	0.84	98.48
42	0.37	0.35	0.89	98.40
43	0.35	0.36	0.78	98.52
44	0.36	0.38	0.91	98.35
45	0.35	0.38	1.00	98.27
46	0.38	0.43	1.39	97.80
47	0.45	0.57	2.63	96.35
48	0.46	0.71	3.01	95.83
49	0.48	1.04	4.20	94.29
50	0.52	1.60	5.92	91.97
51	0.47	2.72	5.68	91.12
52	0.46	2.71	4.52	92.31
53	0.45	2.23	3.81	93.51
54	0.45	1.75	3.10	94.70
55	0.42	1.45	2.65	95.48
56	0.45	1.24	2.60	95.71
57	0.44	0.97	2.08	96.51
58	0.45	0.79	1.86	96.90
59	0.43	0.64	1.71	97.22
60	0.41	0.53	1.60	97.46
61	0.44	0.47	1.49	97.60
62	0.46	0.45	1.58	97.50
63	0.50	0.44	1.45	97.61
64	0.52	0.49	1.54	97.45
65	0.51	0.49	1.77	97.22
66	0.52	0.46	1.65	97.37
67	0.55	0.49	1.71	97.24
68	0.58	0.50	1.75	97.17
69	0.58	0.49	1.76	97.17
70	0.60	0.60	3.44	95.36
71	0.61	0.56	2.19	96.64
72	0.61	0.55	2.02	96.82
73	0.58	0.54	1.94	96.94
74	0.61	0.53	2.02	96.84
75	0.63	0.55	1.98	96.84
76	0.63	0.58	2.16	96.63
77	0.65	0.65	2.41	96.29
78	0.61	0.61	2.31	96.47
79	0.66	0.63	2.43	96.28
80	0.66	0.65	2.61	96.08
81	0.72	0.65	2.93	95.70
82	0.77	0.72	2.89	95.62
83	0.75	0.68	2.91	95.65
84	0.77	0.69	2.95	95.59
85	0.79	0.73	3.12	95.37
86	0.79	0.75	3.11	95.35
87	0.82	0.78	3.40	95.01
88	0.80	0.80	3.51	94.89
89	0.83	0.84	3.50	94.83
90	0.84	0.88	3.72	94.55
91	0.87	0.93	3.92	94.27
92	0.93	0.99	3.87	94.21
93	0.94	0.99	4.08	93.99
94	1.00	1.08	4.38	93.55
95	1.55	1.74	8.13	88.58




