Parameters
	Library type	Single-end
	Input file	/Volumes/wdhd/users/joaks1/projects/gekgo/data/genomes/msg/plate3/demultiplexed-raw/fastq/RMB_6374_Gekko_sp.a_Dalupiri_R1.fq
	Primer/Adaptor library	NA
	Cut-off read length for HQ	70%
	Cut-off quality score	20
	Only statistics	On
	Number of processes	2


QC statistics
	File name	RMB_6374_Gekko_sp.a_Dalupiri_R1.fq
	Total number of reads	595412
	Total number of HQ reads	591067
	Percentage of HQ reads	99.27%
	Total number of bases	56564140
	Total number of bases in HQ reads	56151365
	Total number of HQ bases in HQ reads	55790776
	Percentage of HQ bases in HQ reads	99.36%
	Number of Primer/Adaptor contaminated HQ reads	NA
	Total number of HQ filtered reads	591067
	Percentage of HQ filtered reads	99.27%


Detailed QC statistics
	File name	RMB_6374_Gekko_sp.a_Dalupiri_R1.fq
	Minimum read length	95
	Maximum read length	95
	Average read length	95.00
	Total number of reads	595412
	Total number of reads with non-ATGC bases	236
	Percentage of reads with non-ATGC bases	0.04%
	Total number of bases	56564140
	Total number of HQ bases	55999997
	Percentage of HQ bases	99.00%
	Total number of non-ATGC bases	1476
	Percentage of non-ATGC bases	0.00%


Average quality score at each base position of input reads

RMB_6374_Gekko_sp.a_Dalupiri_R1.fq
36.90	36.25	36.90	36.64	36.90	36.91	36.92	39.57	39.52	39.36	39.30	39.22	39.27	39.25	39.25	39.04	39.13	39.01	39.15	38.99	39.07	38.83	38.82	38.83	38.97	38.75	38.78	38.96	38.60	38.42	38.68	38.86	38.67	38.74	38.77	38.42	38.68	38.78	38.80	38.31	38.44	38.35	38.48	38.32	38.24	37.74	36.92	36.83	36.44	36.11	36.05	36.46	36.82	37.21	37.53	37.65	37.84	37.96	38.04	38.05	37.97	37.89	37.81	37.65	37.50	37.38	37.22	37.08	36.92	35.37	35.93	36.28	36.34	36.25	36.17	36.01	35.89	35.82	35.72	35.64	35.51	35.43	35.37	35.34	35.28	35.23	35.11	35.01	34.97	34.91	34.86	34.76	34.70	34.55	33.22	




Read count (%) per base for different quality score ranges

	RMB_6374_Gekko_sp.a_Dalupiri_R1.fq
Ranges	0-10	11-20	21-30	31-40
Base
1	0.00	0.15	0.25	99.60
2	0.00	0.02	0.18	99.79
3	0.00	0.04	0.16	99.80
4	0.00	0.21	0.55	99.24
5	0.00	0.08	0.28	99.64
6	0.00	0.07	0.26	99.67
7	0.00	0.07	0.25	99.68
8	0.00	0.08	0.25	99.68
9	0.00	0.10	0.28	99.62
10	0.00	0.13	0.36	99.51
11	0.01	0.11	0.33	99.55
12	0.01	0.15	0.46	99.38
13	0.01	0.16	0.48	99.35
14	0.01	0.20	0.43	99.36
15	0.01	0.17	0.40	99.43
16	0.01	0.18	0.50	99.31
17	0.01	0.15	0.40	99.44
18	0.02	0.19	0.57	99.22
19	0.03	0.19	0.44	99.34
20	0.06	0.24	0.54	99.15
21	0.09	0.24	0.49	99.18
22	0.12	0.29	0.55	99.04
23	0.13	0.29	0.60	98.97
24	0.15	0.26	0.59	99.00
25	0.17	0.27	0.54	99.02
26	0.19	0.33	0.76	98.72
27	0.21	0.29	0.73	98.77
28	0.19	0.25	0.58	98.98
29	0.24	0.27	0.69	98.80
30	0.26	0.29	0.83	98.61
31	0.24	0.27	0.68	98.81
32	0.26	0.27	0.67	98.80
33	0.28	0.32	0.76	98.64
34	0.30	0.31	0.70	98.69
35	0.30	0.31	0.72	98.68
36	0.34	0.35	1.05	98.25
37	0.31	0.31	0.73	98.65
38	0.33	0.30	0.72	98.64
39	0.33	0.30	0.84	98.53
40	0.40	0.37	1.28	97.95
41	0.36	0.34	1.03	98.27
42	0.38	0.37	1.12	98.13
43	0.34	0.36	0.96	98.33
44	0.35	0.38	1.12	98.15
45	0.36	0.37	1.26	98.00
46	0.42	0.47	1.78	97.34
47	0.48	0.65	3.23	95.63
48	0.46	0.80	3.61	95.13
49	0.51	1.11	4.92	93.46
50	0.54	1.73	6.64	91.09
51	0.50	2.79	6.27	90.44
52	0.46	2.62	5.08	91.85
53	0.45	2.17	4.32	93.06
54	0.44	1.72	3.48	94.36
55	0.44	1.41	2.90	95.25
56	0.46	1.18	2.88	95.48
57	0.43	0.93	2.43	96.22
58	0.44	0.75	2.13	96.68
59	0.41	0.61	1.96	97.02
60	0.41	0.52	1.84	97.23
61	0.44	0.47	1.79	97.30
62	0.46	0.49	1.85	97.20
63	0.47	0.46	1.76	97.30
64	0.51	0.49	1.88	97.13
65	0.50	0.51	2.10	96.89
66	0.52	0.48	2.11	96.89
67	0.55	0.50	2.16	96.79
68	0.55	0.51	2.12	96.82
69	0.58	0.54	2.17	96.71
70	0.58	0.63	4.27	94.52
71	0.60	0.57	2.70	96.13
72	0.59	0.57	2.41	96.43
73	0.58	0.55	2.42	96.45
74	0.61	0.54	2.46	96.39
75	0.63	0.57	2.41	96.39
76	0.63	0.62	2.63	96.12
77	0.65	0.69	2.82	95.85
78	0.65	0.65	2.84	95.86
79	0.64	0.66	3.03	95.67
80	0.66	0.67	3.11	95.56
81	0.70	0.71	3.49	95.10
82	0.76	0.78	3.47	94.99
83	0.78	0.77	3.56	94.90
84	0.75	0.79	3.58	94.88
85	0.79	0.81	3.73	94.66
86	0.80	0.84	3.75	94.61
87	0.84	0.85	4.11	94.20
88	0.85	0.91	4.26	93.98
89	0.91	0.95	4.23	93.91
90	0.88	1.03	4.61	93.48
91	0.94	1.05	4.72	93.29
92	0.98	1.11	4.72	93.19
93	0.94	1.12	5.00	92.94
94	1.03	1.24	5.36	92.37
95	1.75	1.99	10.04	86.22




