Parameters
	Library type	Single-end
	Input file	/Volumes/wdhd/users/joaks1/projects/gekgo/data/genomes/msg/plate3/demultiplexed-raw/fastq/RMB_8765_Gekko_romblon_Tablas_R1.fq
	Primer/Adaptor library	NA
	Cut-off read length for HQ	70%
	Cut-off quality score	20
	Only statistics	On
	Number of processes	2


QC statistics
	File name	RMB_8765_Gekko_romblon_Tablas_R1.fq
	Total number of reads	901033
	Total number of HQ reads	897131
	Percentage of HQ reads	99.57%
	Total number of bases	85598135
	Total number of bases in HQ reads	85227445
	Total number of HQ bases in HQ reads	84726167
	Percentage of HQ bases in HQ reads	99.41%
	Number of Primer/Adaptor contaminated HQ reads	NA
	Total number of HQ filtered reads	897131
	Percentage of HQ filtered reads	99.57%


Detailed QC statistics
	File name	RMB_8765_Gekko_romblon_Tablas_R1.fq
	Minimum read length	95
	Maximum read length	95
	Average read length	95.00
	Total number of reads	901033
	Total number of reads with non-ATGC bases	423
	Percentage of reads with non-ATGC bases	0.05%
	Total number of bases	85598135
	Total number of HQ bases	84936575
	Percentage of HQ bases	99.23%
	Total number of non-ATGC bases	2981
	Percentage of non-ATGC bases	0.00%


Average quality score at each base position of input reads

RMB_8765_Gekko_romblon_Tablas_R1.fq
36.85	36.46	36.90	36.62	36.88	36.91	36.91	39.61	39.55	39.39	39.35	39.32	39.35	39.34	39.33	39.17	39.21	39.08	39.23	39.09	39.15	38.95	38.98	39.04	39.10	38.91	38.92	39.06	38.75	38.61	38.87	39.01	38.87	38.92	38.96	38.72	38.90	39.02	39.01	38.63	38.70	38.68	38.68	38.54	38.42	37.98	37.29	37.14	36.66	36.28	36.19	36.55	37.00	37.38	37.68	37.85	38.04	38.15	38.21	38.27	38.27	38.23	38.14	38.00	37.92	37.77	37.67	37.55	37.35	35.84	36.41	36.78	36.82	36.69	36.58	36.44	36.31	36.21	36.14	36.02	35.92	35.83	35.76	35.69	35.61	35.57	35.50	35.46	35.43	35.32	35.23	35.22	35.19	35.17	33.94	




Read count (%) per base for different quality score ranges

	RMB_8765_Gekko_romblon_Tablas_R1.fq
Ranges	0-10	11-20	21-30	31-40
Base
1	0.00	0.22	0.33	99.45
2	0.00	0.03	0.15	99.82
3	0.00	0.06	0.17	99.77
4	0.00	0.26	0.59	99.15
5	0.00	0.12	0.33	99.55
6	0.00	0.09	0.26	99.65
7	0.00	0.09	0.27	99.64
8	0.00	0.10	0.25	99.65
9	0.00	0.14	0.34	99.52
10	0.00	0.17	0.41	99.41
11	0.01	0.16	0.36	99.47
12	0.00	0.18	0.42	99.40
13	0.01	0.17	0.47	99.36
14	0.01	0.21	0.45	99.34
15	0.01	0.22	0.44	99.33
16	0.01	0.20	0.49	99.30
17	0.01	0.17	0.42	99.40
18	0.01	0.20	0.59	99.20
19	0.01	0.19	0.42	99.37
20	0.03	0.27	0.52	99.18
21	0.03	0.25	0.48	99.24
22	0.04	0.28	0.52	99.16
23	0.05	0.26	0.54	99.15
24	0.05	0.25	0.51	99.19
25	0.06	0.28	0.49	99.16
26	0.08	0.32	0.71	98.90
27	0.11	0.30	0.63	98.96
28	0.10	0.23	0.57	99.10
29	0.13	0.25	0.63	98.99
30	0.17	0.28	0.71	98.84
31	0.15	0.24	0.61	99.00
32	0.17	0.24	0.60	98.99
33	0.21	0.29	0.72	98.79
34	0.19	0.28	0.66	98.87
35	0.18	0.29	0.69	98.85
36	0.22	0.29	0.85	98.64
37	0.20	0.24	0.67	98.89
38	0.18	0.23	0.65	98.93
39	0.18	0.23	0.72	98.88
40	0.24	0.27	1.02	98.47
41	0.21	0.27	0.89	98.63
42	0.22	0.30	0.95	98.53
43	0.20	0.28	0.90	98.62
44	0.24	0.31	1.00	98.45
45	0.23	0.29	1.00	98.48
46	0.30	0.36	1.38	97.95
47	0.34	0.50	2.50	96.65
48	0.32	0.67	2.99	96.02
49	0.36	0.95	4.28	94.41
50	0.40	1.64	6.16	91.81
51	0.36	2.88	5.88	90.88
52	0.35	2.84	4.80	92.00
53	0.34	2.40	3.93	93.34
54	0.32	1.91	3.24	94.53
55	0.29	1.52	2.74	95.45
56	0.32	1.31	2.32	96.05
57	0.28	1.02	2.06	96.63
58	0.29	0.81	1.97	96.93
59	0.28	0.62	1.89	97.21
60	0.28	0.50	1.66	97.56
61	0.28	0.39	1.57	97.76
62	0.27	0.38	1.51	97.84
63	0.29	0.36	1.58	97.77
64	0.32	0.36	1.90	97.42
65	0.31	0.36	1.62	97.71
66	0.31	0.37	1.78	97.53
67	0.32	0.37	1.73	97.58
68	0.32	0.39	1.73	97.56
69	0.34	0.41	2.14	97.11
70	0.35	0.47	3.67	95.51
71	0.37	0.43	2.30	96.90
72	0.35	0.40	1.95	97.29
73	0.34	0.39	1.89	97.38
74	0.37	0.39	2.06	97.17
75	0.37	0.42	2.00	97.21
76	0.41	0.44	2.22	96.93
77	0.40	0.49	2.32	96.79
78	0.42	0.50	2.32	96.77
79	0.40	0.48	2.40	96.71
80	0.40	0.52	2.62	96.46
81	0.45	0.52	2.71	96.32
82	0.47	0.55	2.92	96.06
83	0.47	0.57	3.01	95.94
84	0.48	0.62	3.12	95.78
85	0.49	0.64	3.31	95.57
86	0.50	0.63	3.32	95.56
87	0.53	0.65	3.40	95.43
88	0.49	0.66	3.54	95.31
89	0.51	0.69	3.50	95.30
90	0.55	0.72	3.82	94.91
91	0.59	0.79	4.02	94.60
92	0.57	0.81	4.00	94.62
93	0.60	0.85	3.96	94.59
94	0.57	0.84	4.08	94.52
95	1.12	1.53	7.94	89.41




