Parameters
	Library type	Single-end
	Input file	/Volumes/wdhd/users/joaks1/projects/gekgo/data/genomes/msg/plate3/demultiplexed-raw/fastq/RMB_9568_Lepidodactylus_balioburius_Sabtang_R1.fq
	Primer/Adaptor library	NA
	Cut-off read length for HQ	70%
	Cut-off quality score	20
	Only statistics	On
	Number of processes	2


QC statistics
	File name	RMB_9568_Lepidodactylus_balioburius_Sabtang_R1.fq
	Total number of reads	1387721
	Total number of HQ reads	1379712
	Percentage of HQ reads	99.42%
	Total number of bases	131833495
	Total number of bases in HQ reads	131072640
	Total number of HQ bases in HQ reads	130364680
	Percentage of HQ bases in HQ reads	99.46%
	Number of Primer/Adaptor contaminated HQ reads	NA
	Total number of HQ filtered reads	1379712
	Percentage of HQ filtered reads	99.42%


Detailed QC statistics
	File name	RMB_9568_Lepidodactylus_balioburius_Sabtang_R1.fq
	Minimum read length	95
	Maximum read length	95
	Average read length	95.00
	Total number of reads	1387721
	Total number of reads with non-ATGC bases	599
	Percentage of reads with non-ATGC bases	0.04%
	Total number of bases	131833495
	Total number of HQ bases	130771279
	Percentage of HQ bases	99.19%
	Total number of non-ATGC bases	3835
	Percentage of non-ATGC bases	0.00%


Average quality score at each base position of input reads

RMB_9568_Lepidodactylus_balioburius_Sabtang_R1.fq
36.57	35.67	36.89	36.55	36.93	36.94	36.95	39.67	39.63	39.46	39.41	39.38	39.40	39.37	39.41	39.26	39.28	39.17	39.29	39.13	39.22	39.04	38.96	39.01	39.12	38.91	38.93	39.10	38.74	38.61	38.94	38.99	38.92	38.94	39.06	38.78	38.96	39.03	39.03	38.60	38.71	38.71	38.72	38.62	38.45	38.00	37.23	36.99	36.59	36.39	36.32	36.63	37.20	37.45	37.70	37.92	38.06	38.21	38.28	38.27	38.20	38.17	38.05	37.90	37.84	37.68	37.47	37.35	37.16	35.64	36.14	36.49	36.41	36.36	36.30	36.23	36.04	35.97	35.88	35.72	35.64	35.63	35.52	35.45	35.48	35.39	35.36	35.27	35.14	35.15	34.96	34.95	35.01	34.88	33.52	




Read count (%) per base for different quality score ranges

	RMB_9568_Lepidodactylus_balioburius_Sabtang_R1.fq
Ranges	0-10	11-20	21-30	31-40
Base
1	0.00	0.26	0.44	99.30
2	0.00	0.03	0.18	99.80
3	0.00	0.03	0.12	99.86
4	0.00	0.16	0.54	99.31
5	0.00	0.05	0.18	99.76
6	0.00	0.05	0.15	99.80
7	0.00	0.04	0.13	99.83
8	0.00	0.05	0.14	99.81
9	0.00	0.07	0.18	99.76
10	0.00	0.10	0.25	99.64
11	0.01	0.09	0.24	99.65
12	0.00	0.13	0.32	99.54
13	0.00	0.11	0.36	99.52
14	0.01	0.15	0.31	99.53
15	0.01	0.13	0.28	99.58
16	0.01	0.14	0.35	99.50
17	0.01	0.13	0.34	99.52
18	0.01	0.13	0.38	99.48
19	0.01	0.13	0.28	99.57
20	0.03	0.17	0.37	99.43
21	0.03	0.15	0.30	99.52
22	0.04	0.19	0.35	99.42
23	0.05	0.18	0.40	99.37
24	0.06	0.18	0.36	99.39
25	0.08	0.21	0.39	99.32
26	0.09	0.24	0.56	99.11
27	0.10	0.21	0.45	99.23
28	0.11	0.17	0.37	99.35
29	0.13	0.18	0.46	99.23
30	0.16	0.20	0.50	99.14
31	0.15	0.19	0.43	99.23
32	0.18	0.19	0.47	99.16
33	0.21	0.22	0.54	99.04
34	0.20	0.24	0.51	99.05
35	0.19	0.23	0.50	99.08
36	0.22	0.25	0.75	98.79
37	0.22	0.22	0.54	99.02
38	0.22	0.21	0.51	99.07
39	0.22	0.23	0.56	98.99
40	0.24	0.29	0.89	98.58
41	0.24	0.24	0.78	98.74
42	0.24	0.27	0.80	98.69
43	0.22	0.27	0.74	98.76
44	0.24	0.28	0.84	98.65
45	0.26	0.27	0.93	98.54
46	0.30	0.33	1.28	98.09
47	0.36	0.52	2.52	96.60
48	0.35	0.69	3.13	95.82
49	0.40	1.02	4.22	94.37
50	0.40	1.50	5.80	92.30
51	0.40	2.62	5.56	91.43
52	0.37	2.62	4.55	92.46
53	0.35	1.97	3.59	94.09
54	0.36	1.62	3.10	94.93
55	0.36	1.30	2.55	95.79
56	0.36	1.08	2.20	96.36
57	0.35	0.87	1.95	96.83
58	0.36	0.69	1.73	97.23
59	0.35	0.53	1.55	97.57
60	0.36	0.46	1.54	97.63
61	0.35	0.40	1.46	97.79
62	0.37	0.37	1.38	97.88
63	0.37	0.37	1.45	97.81
64	0.39	0.37	1.64	97.60
65	0.39	0.36	1.41	97.85
66	0.43	0.40	1.57	97.59
67	0.44	0.40	1.71	97.45
68	0.43	0.40	1.73	97.44
69	0.46	0.43	1.81	97.30
70	0.45	0.51	3.44	95.60
71	0.50	0.48	2.36	96.65
72	0.49	0.44	1.97	97.10
73	0.55	0.49	2.35	96.61
74	0.51	0.48	2.22	96.79
75	0.53	0.47	2.11	96.89
76	0.53	0.48	2.11	96.89
77	0.53	0.52	2.47	96.48
78	0.54	0.51	2.52	96.44
79	0.54	0.50	2.78	96.17
80	0.56	0.55	2.91	95.98
81	0.62	0.60	2.91	95.86
82	0.61	0.62	3.07	95.70
83	0.63	0.61	3.19	95.57
84	0.65	0.64	3.29	95.41
85	0.64	0.65	3.16	95.56
86	0.65	0.65	3.38	95.32
87	0.67	0.67	3.39	95.27
88	0.68	0.71	3.64	94.98
89	0.74	0.76	3.89	94.62
90	0.75	0.79	3.91	94.56
91	0.76	0.86	4.38	94.00
92	0.77	0.87	4.26	94.10
93	0.77	0.88	4.05	94.31
94	0.79	0.91	4.43	93.87
95	1.43	1.76	9.19	87.62




