Parameters
	Library type	Single-end
	Input file	/Volumes/wdhd/users/joaks1/projects/gekgo/data/genomes/msg/plate3/demultiplexed-raw/fastq/RMB_6431_Gekko_mindorensis_Panay_R1.fq
	Primer/Adaptor library	NA
	Cut-off read length for HQ	70%
	Cut-off quality score	20
	Only statistics	On
	Number of processes	2


QC statistics
	File name	RMB_6431_Gekko_mindorensis_Panay_R1.fq
	Total number of reads	252055
	Total number of HQ reads	250514
	Percentage of HQ reads	99.39%
	Total number of bases	23945225
	Total number of bases in HQ reads	23798830
	Total number of HQ bases in HQ reads	23656572
	Percentage of HQ bases in HQ reads	99.40%
	Number of Primer/Adaptor contaminated HQ reads	NA
	Total number of HQ filtered reads	250514
	Percentage of HQ filtered reads	99.39%


Detailed QC statistics
	File name	RMB_6431_Gekko_mindorensis_Panay_R1.fq
	Minimum read length	95
	Maximum read length	95
	Average read length	95.00
	Total number of reads	252055
	Total number of reads with non-ATGC bases	112
	Percentage of reads with non-ATGC bases	0.04%
	Total number of bases	23945225
	Total number of HQ bases	23733057
	Percentage of HQ bases	99.11%
	Total number of non-ATGC bases	794
	Percentage of non-ATGC bases	0.00%


Average quality score at each base position of input reads

RMB_6431_Gekko_mindorensis_Panay_R1.fq
35.68	34.89	36.84	36.59	36.89	36.91	36.91	39.46	39.47	39.40	39.35	39.24	39.33	39.33	39.34	39.07	39.16	39.04	39.22	39.04	39.16	38.96	38.92	38.93	39.00	38.86	38.91	39.07	38.80	38.64	38.86	39.02	38.86	38.89	38.97	38.69	38.88	38.95	38.97	38.53	38.60	38.59	38.63	38.46	38.38	37.82	37.12	36.97	36.50	36.25	36.18	36.54	37.05	37.35	37.62	37.73	37.90	38.10	38.19	38.24	38.19	38.11	38.00	37.88	37.73	37.59	37.47	37.33	37.06	35.46	36.13	36.53	36.60	36.50	36.38	36.20	36.07	36.03	35.96	35.89	35.78	35.71	35.66	35.65	35.59	35.54	35.41	35.35	35.26	35.21	35.19	35.15	35.12	34.98	33.49	




Read count (%) per base for different quality score ranges

	RMB_6431_Gekko_mindorensis_Panay_R1.fq
Ranges	0-10	11-20	21-30	31-40
Base
1	0.00	0.43	1.13	98.44
2	0.00	0.03	0.33	99.63
3	0.00	0.06	0.19	99.75
4	0.00	0.24	0.55	99.22
5	0.00	0.09	0.29	99.62
6	0.00	0.08	0.24	99.68
7	0.00	0.07	0.27	99.66
8	0.00	0.11	0.30	99.59
9	0.00	0.11	0.29	99.60
10	0.01	0.14	0.37	99.49
11	0.01	0.13	0.31	99.55
12	0.01	0.17	0.44	99.38
13	0.01	0.17	0.45	99.37
14	0.01	0.21	0.44	99.35
15	0.01	0.18	0.41	99.40
16	0.01	0.20	0.51	99.29
17	0.01	0.17	0.36	99.46
18	0.01	0.20	0.53	99.25
19	0.03	0.19	0.47	99.31
20	0.07	0.28	0.53	99.13
21	0.09	0.26	0.47	99.18
22	0.11	0.29	0.51	99.09
23	0.11	0.30	0.58	99.01
24	0.11	0.28	0.54	99.07
25	0.14	0.27	0.54	99.05
26	0.17	0.30	0.73	98.80
27	0.17	0.29	0.62	98.92
28	0.16	0.24	0.56	99.04
29	0.19	0.25	0.61	98.95
30	0.21	0.30	0.72	98.77
31	0.20	0.26	0.62	98.92
32	0.22	0.25	0.63	98.90
33	0.23	0.30	0.68	98.79
34	0.23	0.28	0.67	98.82
35	0.23	0.27	0.69	98.81
36	0.28	0.33	0.90	98.50
37	0.26	0.30	0.72	98.72
38	0.25	0.28	0.73	98.75
39	0.30	0.27	0.76	98.67
40	0.31	0.33	1.13	98.22
41	0.32	0.30	0.92	98.45
42	0.31	0.30	0.97	98.41
43	0.27	0.33	0.84	98.56
44	0.27	0.32	0.93	98.48
45	0.33	0.33	1.10	98.24
46	0.37	0.43	1.55	97.66
47	0.44	0.58	2.82	96.17
48	0.41	0.67	2.97	95.95
49	0.47	1.03	4.60	93.90
50	0.46	1.62	6.13	91.79
51	0.48	2.63	5.89	90.99
52	0.42	2.71	4.94	91.94
53	0.39	2.18	4.00	93.44
54	0.38	1.90	3.34	94.38
55	0.36	1.53	2.85	95.26
56	0.44	1.26	2.72	95.59
57	0.40	1.03	2.28	96.28
58	0.34	0.76	1.97	96.93
59	0.33	0.59	1.81	97.28
60	0.32	0.45	1.62	97.60
61	0.36	0.41	1.54	97.70
62	0.37	0.40	1.56	97.67
63	0.37	0.40	1.54	97.69
64	0.39	0.44	1.65	97.52
65	0.40	0.43	1.83	97.34
66	0.41	0.43	1.88	97.28
67	0.43	0.45	1.89	97.23
68	0.47	0.46	1.81	97.27
69	0.48	0.47	2.02	97.03
70	0.50	0.58	4.09	94.84
71	0.48	0.52	2.37	96.62
72	0.50	0.50	2.06	96.95
73	0.49	0.52	1.97	97.02
74	0.47	0.48	2.11	96.93
75	0.55	0.47	2.05	96.94
76	0.53	0.55	2.27	96.65
77	0.54	0.61	2.40	96.46
78	0.52	0.58	2.48	96.42
79	0.55	0.57	2.51	96.37
80	0.56	0.55	2.58	96.31
81	0.56	0.59	2.87	95.98
82	0.59	0.65	2.96	95.79
83	0.61	0.64	3.04	95.70
84	0.61	0.63	3.00	95.77
85	0.65	0.67	3.16	95.53
86	0.64	0.69	3.20	95.47
87	0.62	0.75	3.47	95.16
88	0.65	0.74	3.55	95.06
89	0.70	0.77	3.74	94.80
90	0.72	0.84	3.77	94.67
91	0.76	0.89	3.89	94.46
92	0.78	0.87	3.85	94.49
93	0.79	0.92	3.96	94.33
94	0.83	0.99	4.24	93.94
95	1.56	1.82	8.97	87.65




