Parameters
	Library type	Single-end
	Input file	/Volumes/wdhd/users/joaks1/projects/gekgo/data/genomes/msg/plate3/demultiplexed-raw/fastq/RMB_6314_Pseudogekko_smaragdinus_Polillo_R1.fq
	Primer/Adaptor library	NA
	Cut-off read length for HQ	70%
	Cut-off quality score	20
	Only statistics	On
	Number of processes	2


QC statistics
	File name	RMB_6314_Pseudogekko_smaragdinus_Polillo_R1.fq
	Total number of reads	553749
	Total number of HQ reads	550509
	Percentage of HQ reads	99.41%
	Total number of bases	52606155
	Total number of bases in HQ reads	52298355
	Total number of HQ bases in HQ reads	51993556
	Percentage of HQ bases in HQ reads	99.42%
	Number of Primer/Adaptor contaminated HQ reads	NA
	Total number of HQ filtered reads	550509
	Percentage of HQ filtered reads	99.41%


Detailed QC statistics
	File name	RMB_6314_Pseudogekko_smaragdinus_Polillo_R1.fq
	Minimum read length	95
	Maximum read length	95
	Average read length	95.00
	Total number of reads	553749
	Total number of reads with non-ATGC bases	241
	Percentage of reads with non-ATGC bases	0.04%
	Total number of bases	52606155
	Total number of HQ bases	52162509
	Percentage of HQ bases	99.16%
	Total number of non-ATGC bases	1607
	Percentage of non-ATGC bases	0.00%


Average quality score at each base position of input reads

RMB_6314_Pseudogekko_smaragdinus_Polillo_R1.fq
36.88	36.44	36.92	36.66	36.91	36.92	36.93	39.65	39.60	39.44	39.39	39.39	39.40	39.37	39.37	39.23	39.26	39.13	39.27	39.10	39.19	38.99	38.99	39.04	39.13	38.89	38.95	39.12	38.81	38.62	38.89	39.07	38.91	38.98	39.03	38.75	38.94	39.05	39.03	38.63	38.71	38.71	38.73	38.58	38.48	38.01	37.26	37.12	36.69	36.36	36.21	36.63	37.08	37.46	37.74	37.88	38.05	38.18	38.24	38.28	38.26	38.16	38.06	37.96	37.84	37.72	37.57	37.44	37.26	35.72	36.29	36.61	36.61	36.51	36.41	36.28	36.17	36.07	35.97	35.85	35.77	35.69	35.65	35.59	35.56	35.50	35.43	35.35	35.29	35.22	35.15	35.14	35.09	35.02	33.75	




Read count (%) per base for different quality score ranges

	RMB_6314_Pseudogekko_smaragdinus_Polillo_R1.fq
Ranges	0-10	11-20	21-30	31-40
Base
1	0.00	0.22	0.30	99.48
2	0.00	0.04	0.17	99.79
3	0.00	0.03	0.14	99.83
4	0.00	0.17	0.46	99.37
5	0.00	0.07	0.25	99.68
6	0.00	0.06	0.21	99.73
7	0.00	0.06	0.20	99.74
8	0.00	0.07	0.19	99.73
9	0.00	0.09	0.23	99.68
10	0.00	0.13	0.34	99.53
11	0.01	0.11	0.30	99.58
12	0.00	0.14	0.32	99.54
13	0.00	0.14	0.40	99.45
14	0.01	0.18	0.39	99.43
15	0.01	0.18	0.39	99.42
16	0.01	0.17	0.44	99.38
17	0.01	0.15	0.35	99.48
18	0.02	0.17	0.47	99.34
19	0.02	0.18	0.35	99.45
20	0.03	0.23	0.48	99.26
21	0.04	0.21	0.40	99.35
22	0.04	0.24	0.44	99.27
23	0.06	0.22	0.44	99.28
24	0.06	0.21	0.42	99.31
25	0.07	0.23	0.42	99.28
26	0.08	0.27	0.65	99.00
27	0.08	0.23	0.59	99.10
28	0.10	0.19	0.47	99.24
29	0.13	0.22	0.53	99.12
30	0.17	0.25	0.62	98.95
31	0.16	0.20	0.51	99.13
32	0.17	0.19	0.53	99.11
33	0.20	0.22	0.60	98.97
34	0.19	0.25	0.54	99.03
35	0.19	0.25	0.61	98.95
36	0.21	0.27	0.81	98.72
37	0.23	0.23	0.63	98.91
38	0.21	0.23	0.61	98.95
39	0.23	0.23	0.65	98.90
40	0.26	0.26	1.01	98.46
41	0.26	0.25	0.81	98.67
42	0.24	0.27	0.89	98.60
43	0.23	0.26	0.81	98.71
44	0.25	0.28	0.90	98.56
45	0.26	0.29	0.97	98.48
46	0.31	0.34	1.39	97.95
47	0.37	0.50	2.53	96.61
48	0.34	0.64	2.94	96.08
49	0.43	0.94	4.19	94.45
50	0.43	1.53	5.93	92.10
51	0.43	2.77	5.88	90.91
52	0.40	2.63	4.60	92.37
53	0.39	2.18	3.82	93.61
54	0.38	1.71	3.09	94.81
55	0.37	1.36	2.62	95.65
56	0.41	1.16	2.30	96.14
57	0.35	0.94	2.03	96.68
58	0.35	0.76	1.83	97.06
59	0.37	0.59	1.72	97.32
60	0.35	0.49	1.57	97.60
61	0.35	0.41	1.50	97.73
62	0.36	0.40	1.52	97.71
63	0.39	0.41	1.57	97.64
64	0.40	0.41	1.48	97.72
65	0.42	0.41	1.59	97.58
66	0.42	0.42	1.62	97.55
67	0.44	0.42	1.68	97.47
68	0.45	0.43	1.66	97.46
69	0.50	0.44	1.80	97.27
70	0.49	0.57	3.34	95.60
71	0.49	0.51	2.31	96.69
72	0.50	0.48	2.03	96.99
73	0.51	0.49	2.05	96.96
74	0.51	0.47	2.06	96.95
75	0.52	0.52	1.98	96.99
76	0.55	0.52	2.21	96.72
77	0.54	0.55	2.39	96.52
78	0.57	0.57	2.38	96.49
79	0.57	0.57	2.47	96.40
80	0.60	0.63	2.66	96.11
81	0.64	0.66	2.79	95.91
82	0.63	0.67	3.06	95.64
83	0.64	0.69	2.96	95.72
84	0.64	0.71	3.01	95.64
85	0.64	0.68	3.16	95.51
86	0.66	0.70	3.20	95.44
87	0.69	0.74	3.32	95.26
88	0.73	0.75	3.58	94.94
89	0.75	0.81	3.62	94.83
90	0.77	0.83	3.89	94.51
91	0.77	0.84	4.12	94.26
92	0.75	0.90	3.90	94.45
93	0.82	0.92	4.03	94.23
94	0.81	0.99	4.16	94.04
95	1.39	1.67	8.13	88.81




