Parameters
	Library type	Single-end
	Input file	/Volumes/wdhd/users/joaks1/projects/gekgo/data/genomes/msg/plate3/demultiplexed-raw/fastq/RMB_6479_Gekko_mindorensis_Panay_R1.fq
	Primer/Adaptor library	NA
	Cut-off read length for HQ	70%
	Cut-off quality score	20
	Only statistics	On
	Number of processes	2


QC statistics
	File name	RMB_6479_Gekko_mindorensis_Panay_R1.fq
	Total number of reads	56692
	Total number of HQ reads	56310
	Percentage of HQ reads	99.33%
	Total number of bases	5385740
	Total number of bases in HQ reads	5349450
	Total number of HQ bases in HQ reads	5317578
	Percentage of HQ bases in HQ reads	99.40%
	Number of Primer/Adaptor contaminated HQ reads	NA
	Total number of HQ filtered reads	56310
	Percentage of HQ filtered reads	99.33%


Detailed QC statistics
	File name	RMB_6479_Gekko_mindorensis_Panay_R1.fq
	Minimum read length	95
	Maximum read length	95
	Average read length	95.00
	Total number of reads	56692
	Total number of reads with non-ATGC bases	25
	Percentage of reads with non-ATGC bases	0.04%
	Total number of bases	5385740
	Total number of HQ bases	5336569
	Percentage of HQ bases	99.09%
	Total number of non-ATGC bases	170
	Percentage of non-ATGC bases	0.00%


Average quality score at each base position of input reads

RMB_6479_Gekko_mindorensis_Panay_R1.fq
35.81	35.24	36.85	36.57	36.89	36.92	36.92	39.51	39.49	39.41	39.37	39.25	39.35	39.35	39.37	39.13	39.20	39.09	39.26	39.08	39.18	38.98	38.95	38.97	39.04	38.90	38.93	39.08	38.79	38.66	38.88	39.04	38.87	38.91	38.99	38.70	38.90	38.98	39.00	38.57	38.63	38.62	38.65	38.49	38.40	37.87	37.19	37.02	36.60	36.33	36.24	36.59	37.08	37.39	37.65	37.79	37.94	38.14	38.22	38.25	38.20	38.16	38.06	37.91	37.78	37.66	37.53	37.40	37.14	35.57	36.20	36.60	36.65	36.57	36.46	36.28	36.11	36.05	36.00	35.93	35.79	35.72	35.68	35.65	35.61	35.55	35.44	35.38	35.30	35.24	35.22	35.16	35.12	35.02	33.54	




Read count (%) per base for different quality score ranges

	RMB_6479_Gekko_mindorensis_Panay_R1.fq
Ranges	0-10	11-20	21-30	31-40
Base
1	0.00	0.47	0.91	98.63
2	0.00	0.04	0.31	99.65
3	0.00	0.06	0.18	99.76
4	0.00	0.24	0.56	99.21
5	0.00	0.10	0.29	99.62
6	0.00	0.07	0.21	99.72
7	0.00	0.05	0.24	99.71
8	0.00	0.10	0.28	99.62
9	0.00	0.13	0.28	99.60
10	0.01	0.15	0.38	99.47
11	0.01	0.13	0.32	99.54
12	0.01	0.18	0.40	99.42
13	0.01	0.19	0.47	99.33
14	0.02	0.23	0.38	99.37
15	0.01	0.20	0.39	99.40
16	0.01	0.19	0.54	99.26
17	0.01	0.18	0.37	99.45
18	0.02	0.19	0.59	99.20
19	0.03	0.20	0.42	99.35
20	0.06	0.28	0.53	99.13
21	0.10	0.23	0.47	99.20
22	0.09	0.28	0.55	99.09
23	0.11	0.29	0.59	99.02
24	0.09	0.29	0.55	99.07
25	0.13	0.30	0.49	99.08
26	0.15	0.33	0.70	98.81
27	0.16	0.30	0.65	98.89
28	0.17	0.26	0.58	98.99
29	0.24	0.28	0.60	98.88
30	0.22	0.28	0.75	98.75
31	0.22	0.26	0.59	98.92
32	0.20	0.26	0.67	98.86
33	0.24	0.30	0.80	98.67
34	0.24	0.31	0.66	98.79
35	0.25	0.30	0.64	98.81
36	0.30	0.32	0.99	98.39
37	0.27	0.27	0.78	98.68
38	0.29	0.26	0.68	98.78
39	0.32	0.28	0.76	98.63
40	0.32	0.35	1.06	98.27
41	0.30	0.33	0.96	98.41
42	0.31	0.32	1.00	98.37
43	0.31	0.31	0.87	98.51
44	0.30	0.32	0.98	98.39
45	0.33	0.33	1.17	98.17
46	0.39	0.46	1.48	97.68
47	0.43	0.60	2.58	96.39
48	0.42	0.64	3.00	95.94
49	0.47	1.03	4.13	94.37
50	0.50	1.59	5.85	92.07
51	0.44	2.66	5.63	91.27
52	0.42	2.71	4.84	92.03
53	0.41	2.15	3.92	93.51
54	0.45	1.81	3.39	94.36
55	0.42	1.55	2.83	95.21
56	0.47	1.33	2.46	95.74
57	0.43	1.01	2.39	96.17
58	0.40	0.72	1.99	96.90
59	0.42	0.56	1.84	97.18
60	0.40	0.49	1.63	97.48
61	0.43	0.48	1.58	97.51
62	0.38	0.46	1.59	97.56
63	0.40	0.43	1.54	97.63
64	0.45	0.49	1.60	97.46
65	0.47	0.40	1.88	97.25
66	0.44	0.45	1.80	97.31
67	0.48	0.49	1.81	97.23
68	0.43	0.53	1.86	97.17
69	0.46	0.54	1.95	97.05
70	0.48	0.60	3.89	95.03
71	0.50	0.54	2.30	96.66
72	0.47	0.55	2.05	96.93
73	0.54	0.47	1.90	97.08
74	0.48	0.50	2.02	97.00
75	0.53	0.50	2.05	96.92
76	0.55	0.50	2.18	96.77
77	0.56	0.62	2.39	96.42
78	0.55	0.57	2.42	96.46
79	0.56	0.61	2.52	96.32
80	0.54	0.59	2.57	96.30
81	0.59	0.61	2.89	95.91
82	0.60	0.69	2.96	95.75
83	0.61	0.67	2.99	95.72
84	0.65	0.67	2.95	95.73
85	0.66	0.73	3.03	95.58
86	0.68	0.68	3.21	95.43
87	0.69	0.70	3.41	95.19
88	0.75	0.71	3.43	95.10
89	0.75	0.81	3.47	94.96
90	0.80	0.84	3.63	94.73
91	0.81	0.90	3.79	94.50
92	0.79	0.91	3.76	94.53
93	0.85	0.95	3.93	94.27
94	0.84	1.02	4.07	94.08
95	1.64	1.78	8.64	87.94




