Parameters
	Library type	Single-end
	Input file	/Volumes/wdhd/users/joaks1/projects/gekgo/data/genomes/msg/plate3/demultiplexed-raw/fastq/RMB_9533_Lepidodactylus_balioburius_Batan_R1.fq
	Primer/Adaptor library	NA
	Cut-off read length for HQ	70%
	Cut-off quality score	20
	Only statistics	On
	Number of processes	2


QC statistics
	File name	RMB_9533_Lepidodactylus_balioburius_Batan_R1.fq
	Total number of reads	1447260
	Total number of HQ reads	1437705
	Percentage of HQ reads	99.34%
	Total number of bases	137489700
	Total number of bases in HQ reads	136581975
	Total number of HQ bases in HQ reads	135787307
	Percentage of HQ bases in HQ reads	99.42%
	Number of Primer/Adaptor contaminated HQ reads	NA
	Total number of HQ filtered reads	1437705
	Percentage of HQ filtered reads	99.34%


Detailed QC statistics
	File name	RMB_9533_Lepidodactylus_balioburius_Batan_R1.fq
	Minimum read length	95
	Maximum read length	95
	Average read length	95.00
	Total number of reads	1447260
	Total number of reads with non-ATGC bases	610
	Percentage of reads with non-ATGC bases	0.04%
	Total number of bases	137489700
	Total number of HQ bases	136273849
	Percentage of HQ bases	99.12%
	Total number of non-ATGC bases	3912
	Percentage of non-ATGC bases	0.00%


Average quality score at each base position of input reads

RMB_9533_Lepidodactylus_balioburius_Batan_R1.fq
36.88	36.63	36.92	36.63	36.89	36.91	36.93	39.64	39.59	39.43	39.38	39.35	39.37	39.34	39.38	39.23	39.26	39.16	39.27	39.12	39.20	39.02	38.94	38.99	39.11	38.90	38.91	39.10	38.74	38.60	38.93	38.99	38.92	38.92	39.06	38.77	38.96	39.02	39.03	38.60	38.70	38.71	38.70	38.61	38.46	38.01	37.27	37.03	36.63	36.42	36.34	36.66	37.21	37.48	37.72	37.93	38.09	38.23	38.29	38.28	38.23	38.20	38.09	37.93	37.87	37.74	37.54	37.38	37.20	35.72	36.23	36.56	36.47	36.41	36.36	36.28	36.09	36.02	35.92	35.78	35.70	35.70	35.60	35.52	35.57	35.49	35.45	35.38	35.27	35.29	35.09	35.11	35.14	35.03	33.63	




Read count (%) per base for different quality score ranges

	RMB_9533_Lepidodactylus_balioburius_Batan_R1.fq
Ranges	0-10	11-20	21-30	31-40
Base
1	0.00	0.17	0.26	99.57
2	0.00	0.02	0.11	99.88
3	0.00	0.03	0.13	99.84
4	0.00	0.20	0.56	99.24
5	0.00	0.09	0.30	99.61
6	0.00	0.07	0.24	99.69
7	0.00	0.07	0.21	99.71
8	0.00	0.08	0.23	99.69
9	0.00	0.10	0.28	99.62
10	0.00	0.15	0.37	99.48
11	0.01	0.13	0.36	99.50
12	0.01	0.16	0.39	99.45
13	0.00	0.16	0.46	99.38
14	0.01	0.21	0.43	99.35
15	0.01	0.17	0.39	99.43
16	0.01	0.21	0.49	99.29
17	0.01	0.17	0.46	99.36
18	0.01	0.18	0.50	99.32
19	0.02	0.18	0.40	99.40
20	0.03	0.24	0.50	99.22
21	0.04	0.21	0.41	99.34
22	0.05	0.27	0.48	99.20
23	0.06	0.27	0.52	99.15
24	0.07	0.27	0.49	99.18
25	0.08	0.27	0.49	99.15
26	0.11	0.31	0.68	98.90
27	0.12	0.28	0.58	99.03
28	0.13	0.22	0.50	99.15
29	0.17	0.25	0.60	98.98
30	0.19	0.27	0.64	98.90
31	0.19	0.24	0.55	99.02
32	0.22	0.25	0.58	98.95
33	0.25	0.27	0.65	98.84
34	0.24	0.29	0.62	98.85
35	0.22	0.27	0.60	98.91
36	0.27	0.31	0.87	98.56
37	0.27	0.27	0.65	98.81
38	0.26	0.25	0.63	98.86
39	0.26	0.26	0.67	98.81
40	0.29	0.33	1.01	98.38
41	0.30	0.29	0.88	98.52
42	0.29	0.32	0.91	98.48
43	0.28	0.33	0.85	98.54
44	0.29	0.33	0.94	98.44
45	0.31	0.33	0.96	98.40
46	0.38	0.37	1.30	97.95
47	0.43	0.54	2.42	96.61
48	0.42	0.70	3.02	95.86
49	0.48	1.02	4.14	94.36
50	0.47	1.54	5.74	92.25
51	0.46	2.68	5.54	91.31
52	0.42	2.73	4.54	92.32
53	0.41	2.08	3.63	93.88
54	0.41	1.73	3.07	94.79
55	0.41	1.41	2.61	95.57
56	0.41	1.18	2.27	96.14
57	0.38	0.96	2.05	96.61
58	0.38	0.75	1.84	97.03
59	0.39	0.60	1.68	97.33
60	0.41	0.50	1.63	97.46
61	0.42	0.44	1.53	97.61
62	0.42	0.41	1.49	97.69
63	0.43	0.41	1.52	97.64
64	0.44	0.41	1.74	97.41
65	0.42	0.41	1.54	97.63
66	0.45	0.42	1.66	97.48
67	0.50	0.43	1.74	97.33
68	0.49	0.44	1.76	97.31
69	0.51	0.48	1.86	97.14
70	0.52	0.59	3.42	95.47
71	0.52	0.55	2.38	96.55
72	0.51	0.50	2.02	96.97
73	0.56	0.52	2.47	96.44
74	0.57	0.51	2.19	96.74
75	0.56	0.50	2.11	96.83
76	0.57	0.51	2.08	96.84
77	0.57	0.55	2.51	96.37
78	0.59	0.55	2.43	96.43
79	0.62	0.54	2.66	96.17
80	0.62	0.59	2.79	95.99
81	0.65	0.65	2.81	95.89
82	0.65	0.65	2.98	95.73
83	0.65	0.64	3.07	95.63
84	0.68	0.70	3.19	95.43
85	0.67	0.69	3.02	95.61
86	0.70	0.71	3.21	95.38
87	0.73	0.72	3.23	95.32
88	0.73	0.72	3.39	95.16
89	0.76	0.78	3.56	94.90
90	0.77	0.79	3.58	94.86
91	0.81	0.88	4.02	94.28
92	0.81	0.87	3.89	94.44
93	0.82	0.89	3.74	94.55
94	0.82	0.93	4.02	94.24
95	1.48	1.76	8.60	88.16




