Parameters
	Library type	Single-end
	Input file	/Volumes/wdhd/users/joaks1/projects/gekgo/data/genomes/msg/plate3/demultiplexed-raw/fastq/RMB_9567_Lepidodactylus_balioburius_Sabtang_R1.fq
	Primer/Adaptor library	NA
	Cut-off read length for HQ	70%
	Cut-off quality score	20
	Only statistics	On
	Number of processes	2


QC statistics
	File name	RMB_9567_Lepidodactylus_balioburius_Sabtang_R1.fq
	Total number of reads	889061
	Total number of HQ reads	882919
	Percentage of HQ reads	99.31%
	Total number of bases	84460795
	Total number of bases in HQ reads	83877305
	Total number of HQ bases in HQ reads	83368799
	Percentage of HQ bases in HQ reads	99.39%
	Number of Primer/Adaptor contaminated HQ reads	NA
	Total number of HQ filtered reads	882919
	Percentage of HQ filtered reads	99.31%


Detailed QC statistics
	File name	RMB_9567_Lepidodactylus_balioburius_Sabtang_R1.fq
	Minimum read length	95
	Maximum read length	95
	Average read length	95.00
	Total number of reads	889061
	Total number of reads with non-ATGC bases	384
	Percentage of reads with non-ATGC bases	0.04%
	Total number of bases	84460795
	Total number of HQ bases	83681539
	Percentage of HQ bases	99.08%
	Total number of non-ATGC bases	2374
	Percentage of non-ATGC bases	0.00%


Average quality score at each base position of input reads

RMB_9567_Lepidodactylus_balioburius_Sabtang_R1.fq
36.81	36.59	36.91	36.63	36.88	36.90	36.91	39.60	39.55	39.38	39.33	39.30	39.30	39.25	39.28	39.06	39.13	39.05	39.20	39.03	39.14	38.93	38.87	38.93	39.04	38.83	38.84	39.02	38.64	38.52	38.86	38.92	38.83	38.84	38.97	38.66	38.87	38.95	38.94	38.49	38.59	38.59	38.60	38.51	38.35	37.89	37.11	36.80	36.38	36.21	36.20	36.50	37.06	37.32	37.56	37.77	37.91	38.03	38.09	38.05	38.01	37.94	37.75	37.59	37.50	37.31	37.07	36.91	36.75	35.36	35.87	36.19	36.10	36.08	36.04	36.00	35.82	35.77	35.71	35.58	35.54	35.55	35.44	35.38	35.43	35.35	35.31	35.23	35.12	35.13	34.95	34.96	35.01	34.90	33.49	




Read count (%) per base for different quality score ranges

	RMB_9567_Lepidodactylus_balioburius_Sabtang_R1.fq
Ranges	0-10	11-20	21-30	31-40
Base
1	0.00	0.25	0.39	99.36
2	0.00	0.04	0.15	99.81
3	0.00	0.04	0.16	99.80
4	0.00	0.22	0.57	99.22
5	0.00	0.09	0.34	99.57
6	0.00	0.08	0.28	99.64
7	0.00	0.08	0.25	99.67
8	0.00	0.09	0.26	99.65
9	0.00	0.11	0.32	99.57
10	0.01	0.17	0.43	99.39
11	0.01	0.15	0.41	99.44
12	0.01	0.17	0.45	99.38
13	0.00	0.19	0.53	99.28
14	0.01	0.21	0.48	99.31
15	0.01	0.19	0.45	99.36
16	0.01	0.22	0.54	99.22
17	0.01	0.18	0.48	99.32
18	0.02	0.19	0.57	99.22
19	0.03	0.18	0.46	99.33
20	0.05	0.26	0.57	99.12
21	0.05	0.21	0.47	99.28
22	0.08	0.27	0.53	99.12
23	0.08	0.28	0.57	99.07
24	0.11	0.25	0.52	99.13
25	0.12	0.27	0.55	99.06
26	0.16	0.31	0.75	98.78
27	0.15	0.26	0.65	98.93
28	0.16	0.22	0.55	99.07
29	0.22	0.24	0.65	98.89
30	0.23	0.26	0.70	98.81
31	0.23	0.25	0.60	98.93
32	0.24	0.25	0.65	98.86
33	0.27	0.28	0.73	98.72
34	0.27	0.30	0.68	98.75
35	0.24	0.30	0.69	98.77
36	0.30	0.33	0.98	98.40
37	0.28	0.29	0.72	98.71
38	0.27	0.27	0.70	98.76
39	0.27	0.29	0.76	98.69
40	0.32	0.34	1.15	98.20
41	0.33	0.33	1.02	98.31
42	0.33	0.33	1.05	98.29
43	0.30	0.34	0.98	98.38
44	0.32	0.35	1.09	98.24
45	0.31	0.36	1.17	98.16
46	0.41	0.39	1.57	97.64
47	0.47	0.58	2.94	96.01
48	0.46	0.73	4.43	94.39
49	0.50	1.09	5.23	93.18
50	0.49	1.60	6.73	91.18
51	0.46	2.59	6.29	90.65
52	0.46	2.60	5.23	91.71
53	0.43	1.94	4.17	93.45
54	0.44	1.61	3.49	94.46
55	0.43	1.31	2.94	95.31
56	0.42	1.07	2.54	95.96
57	0.40	0.88	2.23	96.48
58	0.41	0.71	2.05	96.84
59	0.42	0.57	1.83	97.18
60	0.42	0.53	1.77	97.29
61	0.42	0.43	1.70	97.45
62	0.44	0.42	1.64	97.50
63	0.43	0.44	1.76	97.38
64	0.45	0.43	1.92	97.20
65	0.46	0.43	1.72	97.39
66	0.48	0.45	1.90	97.17
67	0.53	0.45	1.97	97.04
68	0.52	0.47	2.07	96.95
69	0.51	0.49	2.10	96.90
70	0.52	0.61	3.93	94.94
71	0.57	0.54	2.68	96.20
72	0.55	0.51	2.26	96.67
73	0.60	0.59	2.72	96.09
74	0.60	0.54	2.47	96.40
75	0.59	0.54	2.44	96.43
76	0.60	0.53	2.41	96.47
77	0.59	0.60	2.88	95.93
78	0.63	0.58	2.80	95.99
79	0.63	0.61	3.07	95.69
80	0.63	0.65	3.18	95.54
81	0.67	0.68	3.14	95.52
82	0.67	0.71	3.22	95.40
83	0.69	0.70	3.43	95.18
84	0.71	0.72	3.49	95.08
85	0.70	0.74	3.29	95.26
86	0.68	0.76	3.59	94.98
87	0.73	0.79	3.60	94.88
88	0.73	0.81	3.86	94.60
89	0.79	0.87	3.94	94.40
90	0.80	0.89	3.98	94.33
91	0.85	0.98	4.35	93.82
92	0.83	0.99	4.28	93.90
93	0.85	0.98	4.11	94.06
94	0.87	1.01	4.31	93.81
95	1.56	1.93	8.89	87.62




