Parameters
	Library type	Single-end
	Input file	/Volumes/wdhd/users/joaks1/projects/gekgo/data/genomes/msg/plate3/demultiplexed-raw/fastq/RMB_9554_Gekko_porosus_Sabtang_R1.fq
	Primer/Adaptor library	NA
	Cut-off read length for HQ	70%
	Cut-off quality score	20
	Only statistics	On
	Number of processes	2


QC statistics
	File name	RMB_9554_Gekko_porosus_Sabtang_R1.fq
	Total number of reads	149146
	Total number of HQ reads	147933
	Percentage of HQ reads	99.19%
	Total number of bases	14168870
	Total number of bases in HQ reads	14053635
	Total number of HQ bases in HQ reads	13952929
	Percentage of HQ bases in HQ reads	99.28%
	Number of Primer/Adaptor contaminated HQ reads	NA
	Total number of HQ filtered reads	147933
	Percentage of HQ filtered reads	99.19%


Detailed QC statistics
	File name	RMB_9554_Gekko_porosus_Sabtang_R1.fq
	Minimum read length	95
	Maximum read length	95
	Average read length	95.00
	Total number of reads	149146
	Total number of reads with non-ATGC bases	58
	Percentage of reads with non-ATGC bases	0.04%
	Total number of bases	14168870
	Total number of HQ bases	14012225
	Percentage of HQ bases	98.89%
	Total number of non-ATGC bases	306
	Percentage of non-ATGC bases	0.00%


Average quality score at each base position of input reads

RMB_9554_Gekko_porosus_Sabtang_R1.fq
36.72	36.43	36.85	36.53	36.83	36.87	36.88	39.52	39.47	39.31	39.24	39.17	39.23	39.16	39.15	38.93	39.08	38.99	39.11	38.95	39.02	38.80	38.79	38.83	38.94	38.74	38.77	38.93	38.62	38.43	38.68	38.86	38.67	38.75	38.78	38.41	38.67	38.80	38.79	38.34	38.45	38.37	38.44	38.27	38.20	37.70	36.88	36.78	36.37	36.10	35.98	36.39	36.72	37.13	37.44	37.56	37.73	37.84	37.91	37.91	37.81	37.71	37.63	37.44	37.29	37.18	37.01	36.84	36.70	35.24	35.78	36.10	36.16	36.09	36.02	35.90	35.79	35.75	35.67	35.59	35.47	35.40	35.39	35.37	35.31	35.28	35.17	35.05	35.03	34.95	34.92	34.82	34.77	34.63	33.36	




Read count (%) per base for different quality score ranges

	RMB_9554_Gekko_porosus_Sabtang_R1.fq
Ranges	0-10	11-20	21-30	31-40
Base
1	0.00	0.38	0.55	99.07
2	0.00	0.06	0.22	99.72
3	0.00	0.11	0.38	99.52
4	0.00	0.48	0.82	98.69
5	0.00	0.22	0.52	99.26
6	0.00	0.13	0.41	99.47
7	0.00	0.14	0.37	99.49
8	0.00	0.13	0.38	99.49
9	0.01	0.16	0.42	99.41
10	0.00	0.19	0.53	99.28
11	0.01	0.21	0.51	99.27
12	0.01	0.25	0.63	99.10
13	0.01	0.25	0.64	99.10
14	0.02	0.30	0.61	99.08
15	0.01	0.28	0.56	99.15
16	0.01	0.28	0.65	99.05
17	0.02	0.26	0.62	99.11
18	0.02	0.28	0.70	99.00
19	0.05	0.29	0.62	99.04
20	0.07	0.40	0.77	98.76
21	0.13	0.40	0.70	98.78
22	0.17	0.38	0.67	98.78
23	0.18	0.40	0.78	98.65
24	0.19	0.39	0.71	98.72
25	0.23	0.37	0.72	98.69
26	0.26	0.43	0.90	98.42
27	0.27	0.41	0.85	98.46
28	0.26	0.36	0.75	98.64
29	0.29	0.32	0.82	98.57
30	0.37	0.39	0.96	98.27
31	0.32	0.39	0.88	98.42
32	0.33	0.36	0.89	98.43
33	0.40	0.40	0.95	98.25
34	0.35	0.41	0.88	98.36
35	0.35	0.40	0.91	98.34
36	0.43	0.43	1.19	97.95
37	0.37	0.39	0.92	98.32
38	0.36	0.38	0.86	98.40
39	0.41	0.38	0.99	98.22
40	0.46	0.41	1.47	97.66
41	0.45	0.39	1.17	97.99
42	0.42	0.47	1.28	97.83
43	0.42	0.45	1.16	97.97
44	0.41	0.46	1.32	97.81
45	0.42	0.48	1.42	97.68
46	0.46	0.54	1.96	97.04
47	0.55	0.73	3.52	95.20
48	0.51	0.87	3.92	94.70
49	0.58	1.20	5.37	92.85
50	0.56	1.71	7.07	90.66
51	0.54	2.87	6.78	89.81
52	0.51	2.71	5.43	91.34
53	0.51	2.28	4.77	92.44
54	0.46	1.81	3.87	93.86
55	0.49	1.48	3.21	94.82
56	0.48	1.24	2.99	95.29
57	0.48	0.99	2.50	96.03
58	0.48	0.79	2.24	96.49
59	0.44	0.68	2.07	96.81
60	0.44	0.59	1.93	97.04
61	0.47	0.50	1.95	97.08
62	0.52	0.53	1.91	97.03
63	0.51	0.52	1.87	97.10
64	0.53	0.56	1.97	96.94
65	0.51	0.59	2.15	96.75
66	0.54	0.52	2.12	96.82
67	0.61	0.52	2.14	96.73
68	0.60	0.61	2.17	96.62
69	0.59	0.57	2.34	96.50
70	0.59	0.68	4.37	94.36
71	0.66	0.60	2.85	95.89
72	0.64	0.66	2.47	96.23
73	0.65	0.62	2.38	96.36
74	0.63	0.61	2.53	96.24
75	0.67	0.61	2.45	96.26
76	0.66	0.70	2.67	95.97
77	0.70	0.74	2.85	95.71
78	0.67	0.69	2.88	95.76
79	0.65	0.71	2.99	95.65
80	0.68	0.71	3.12	95.49
81	0.66	0.78	3.69	94.88
82	0.75	0.82	3.48	94.94
83	0.78	0.79	3.45	94.99
84	0.75	0.78	3.59	94.88
85	0.79	0.82	3.67	94.72
86	0.83	0.82	3.60	94.75
87	0.81	0.92	3.96	94.32
88	0.90	0.94	4.16	94.00
89	0.91	1.00	4.13	93.97
90	0.99	1.02	4.43	93.56
91	0.95	1.17	4.46	93.43
92	1.03	1.12	4.39	93.46
93	1.00	1.18	4.71	93.11
94	1.10	1.21	5.00	92.68
95	1.75	2.05	9.04	87.17




